PERIODO;MES;PER;DIRECTORIO;SECUENCIA_P;HOGAR;REGIS;AREA;CLASE;FEX_C18;DPTO;P4000;P4010;P4020;P4030S1;P4030S1A1;P4030S2;P4030S3;P4030S4;P4030S4A1;P4030S5;P70;P5000;P5010;P5020;P5030;P5040;P5050;P5070;P5080;P5090;P5090S1;P5100;P5110;P5130;P5140;P5222S1;P5222S2;P5222S3;P5222S4;P5222S5;P5222S6;P5222S7;P5222S8;P5222S9;P5222S10;P5222S8A1;P6008
20230313;03;2023;7367360;1;1;01;;1;1160.7464571;70;1;1;2;1;2;1;1;1;3;1;1;3;3;1;1;1;1;1;3;1;;;50000000;350000;;;;;;;;;;1;;;3
20230313;03;2023;7367361;1;1;01;;1;763.32271375;70;1;1;4;1;2;1;1;1;3;1;1;4;3;1;1;1;1;1;3;4;;;;600000;;;;;;;;;;1;;;5
20230313;03;2023;7367362;1;1;01;;1;1027.3444118;70;2;1;4;1;2;1;1;1;3;1;1;2;1;1;1;1;1;1;3;3;;;;;300000;;;;;;;;;1;;;1
20230313;03;2023;7367363;1;1;01;;1;1225.4686929;70;2;1;4;1;2;1;1;1;3;1;1;3;2;1;1;1;1;1;3;3;;;;;450000;;1;;;;1;;;;;;3
20230313;03;2023;7367364;1;1;01;;1;910.85619151;70;1;1;4;1;2;1;1;1;3;1;1;3;1;1;1;1;1;1;3;2;;410000;150000000;600000;;;1;;;;1;;;;;;1
20230313;03;2023;7367365;1;1;01;;2;234.83145026;18;1;5;3;1;1;2;2;1;2;2;1;3;1;3;1;1;2;3;4;1;;;10000000;80000;;;;;;;;;;1;;;2
20230313;03;2023;7367366;1;1;01;;2;278.60750316;18;1;1;2;1;1;2;2;1;2;2;1;3;2;3;1;1;2;1;4;3;;;;;500000;;;;;;;;;1;;;2
20230313;03;2023;7367367;1;1;01;;2;244.66418307;18;1;5;3;1;1;2;2;1;2;2;1;2;1;3;1;1;2;3;4;4;;;;60000;;;;;;;;;;1;;;1
20230313;03;2023;7367368;1;1;01;;2;344.74159389;18;1;5;3;1;1;2;2;1;2;2;1;4;2;3;1;1;2;1;4;1;;;13000000;300000;;;;;;;;;;1;;;3
20230313;03;2023;7367369;1;1;01;;2;452.14973537;18;1;5;3;1;1;2;2;1;2;2;1;3;2;3;1;1;2;1;4;3;;;;;150000;;;;;;;;;1;;;3
20230313;03;2023;7367370;1;1;01;;2;272.54503042;18;1;5;3;1;1;2;2;1;2;2;1;2;1;3;1;1;2;1;1;1;;;7000000;150000;;;;;;;;;;1;;;2
20230313;03;2023;7367371;1;1;01;;2;435.46099186;18;1;5;3;1;1;2;2;1;2;2;1;4;2;3;1;1;2;1;5;3;;;;;200000;;;;;;;;;1;;;3
20230313;03;2023;7367372;1;1;01;;2;350.80406663;18;1;5;3;1;1;2;2;1;2;2;1;3;2;3;1;1;2;1;5;3;;;;;100000;;;;;;;;;1;;;3
20230313;03;2023;7367373;1;1;01;;2;180.95589946;18;1;5;3;1;1;2;2;1;2;2;1;2;1;3;1;1;2;1;4;5;;;;100000;;;;;;;;;;1;;;2
20230313;03;2023;7367374;1;1;01;;2;244.66418307;18;1;5;3;1;1;2;2;1;2;2;1;3;1;3;1;1;2;1;4;4;;;;80000;;;;;;;;;;1;;;1
20230313;03;2023;7367375;1;1;01;;2;301.04963337;18;1;5;3;1;1;2;2;1;2;2;1;4;2;3;1;1;2;1;4;5;;;;150000;;;;;;;;;;1;;;3
20230313;03;2023;7367376;1;1;01;;2;388.51764679;18;1;5;3;1;1;2;2;1;2;2;1;4;3;3;1;1;2;1;4;5;;;;100000;;;;;;;;;;1;;;3
20230313;03;2023;7367377;1;1;01;;2;320.19953108;18;1;5;2;1;1;2;2;2;;2;1;4;3;2;1;4;2;1;4;3;;;;;120000;;;;;;;;;1;;;4
20230313;03;2023;7367378;1;1;01;;2;275.56714445;18;1;1;2;1;1;2;2;2;;2;1;4;3;2;1;4;2;1;5;1;;;18000000;250000;;;;;;;;;;1;;;4
20230313;03;2023;7367379;1;1;01;;2;218.03602434;18;1;1;2;1;1;2;2;2;;2;1;3;1;2;1;4;2;3;4;4;;;;150000;;;;;;;;;;1;;;2
20230313;03;2023;7367380;1;1;01;;2;459.34785957;18;1;1;2;1;1;2;2;2;;2;1;3;2;2;1;4;2;1;4;3;;;;;200000;;;;;;;;;1;;;4
20230313;03;2023;7367381;1;1;01;;2;288.91813926;18;1;5;2;1;1;2;2;2;;2;1;3;2;2;1;4;2;1;4;2;;5000000;15000000;150000;;;;;;;;;;1;;;4
20230313;03;2023;7367382;1;1;01;;2;308.8125157;18;1;5;2;1;1;2;2;2;;2;1;2;1;2;1;4;2;1;5;4;;;;100000;;;1;;;;;;;;;;2
20230313;03;2023;7367383;1;1;01;;2;273.79167339;18;1;5;2;1;1;2;2;2;;2;1;3;1;2;1;4;2;1;4;4;;;;150000;;;1;;;;;;;;;;2
20230313;03;2023;7367384;1;1;01;;2;231.16088848;18;1;5;2;1;1;2;2;2;;2;1;3;2;2;1;4;2;1;5;1;;;10000000;150000;;;;;;;;;;1;;;3
20230313;03;2023;7367385;1;1;01;;2;183.08245592;18;1;5;2;1;1;2;2;2;;2;1;4;1;2;1;4;2;1;5;1;;;25000000;200000;;;1;;;;;;;;;;2
20230313;03;2023;7367386;1;1;01;;2;187.86516021;18;1;1;2;1;1;2;2;2;;2;1;3;1;2;1;4;2;1;4;3;;;;;150000;;1;;;;;;;;;;2
20230313;03;2023;7367387;1;1;01;;2;271.01057082;18;1;1;2;1;1;2;2;2;;2;1;4;1;2;1;4;2;1;4;4;;;;80000;;;;;;;;;;1;;;3
20230313;03;2023;7367388;1;1;01;;2;174.5141654;18;1;1;2;1;1;2;2;2;;2;1;4;1;2;1;4;2;1;4;4;;;;70000;;;;;;;;;;1;;;2
20230309;03;2023;7367389;1;1;01;05;1;1081.8858271;05;2;1;4;1;2;1;1;1;2;1;1;3;2;1;1;1;1;1;3;3;;;;;350000;;1;;;;;;;;;;4
20230309;03;2023;7367390;1;1;01;05;1;842.05272208;05;2;1;4;1;2;1;1;1;2;1;1;3;2;1;1;1;1;1;3;1;;;80000000;450000;;;1;;;;;;;;;;3
20230309;03;2023;7367391;1;1;01;05;1;1283.0488513;05;2;1;4;1;5;1;1;1;2;1;1;2;1;1;1;1;1;1;1;3;;;;;2000000;;1;;;;;;;;;;1
20230309;03;2023;7367392;1;1;01;05;1;1887.4744279;05;2;1;4;1;2;1;1;1;2;1;1;3;1;1;1;1;1;1;3;3;;;;;550000;;1;;;;;;;;;;2
20230309;03;2023;7367395;1;1;01;05;1;1748.3461528;05;2;1;4;1;2;1;1;1;2;1;1;4;3;1;1;1;1;1;3;3;;;;;650000;;1;;;;;;;;;;4
20230309;03;2023;7367396;1;1;01;05;1;1034.6755317;05;2;1;4;1;2;1;1;1;2;1;1;5;4;1;1;1;1;1;3;3;;;;;750000;;1;;;;;;;;;;5
20230309;03;2023;7367397;1;1;01;05;1;1653.0488705;05;2;1;4;1;2;1;1;1;2;1;1;3;2;1;1;1;1;1;3;1;;;150000000;500000;;;1;;;;;;;;;;2
20230309;03;2023;7367399;1;1;01;05;1;2091.6728832;05;2;1;4;1;2;1;1;1;2;1;1;4;3;1;1;1;1;1;3;3;;;;;700000;;1;;;;;;;;;;3
20230309;03;2023;7367400;1;1;01;05;1;1355.7579818;05;1;2;2;1;1;2;2;1;2;1;1;2;1;3;1;1;1;1;1;1;;;98;200000;;;;;;;;;;1;;;1
20230309;03;2023;7367401;1;1;01;05;1;1353.6739788;05;2;1;4;1;3;1;1;1;7;1;1;5;3;1;1;1;1;1;3;4;;;;900000;;;1;;;;;;;;;;3
20230309;03;2023;7367402;1;1;01;05;1;1236.6978803;05;2;1;2;1;1;1;2;1;2;1;1;2;2;3;1;1;1;1;4;3;;;;;230000;;1;;;;;;;;;;4
20230309;03;2023;7367403;1;1;01;05;1;1241.7790418;05;2;1;4;1;1;2;2;1;2;1;1;3;2;3;1;1;1;1;4;3;;;;;400000;;;;;;;;;1;;;3
20230309;03;2023;7367404;1;1;01;05;1;843.85377805;05;1;3;2;1;1;2;2;1;2;1;1;4;3;3;1;1;1;1;4;3;;;;;280000;;1;;;;;;;;;;6
20230309;03;2023;7367405;1;1;01;05;1;1132.7906383;05;1;3;2;1;1;2;2;1;2;1;1;4;3;3;1;1;1;1;4;3;;;;;300000;;1;;;;;;;;;;4
20230309;03;2023;7367406;1;1;01;05;1;927.72499783;05;2;2;2;1;1;2;2;1;2;1;1;1;1;3;1;1;1;2;4;1;;;98;100000;;;;;;;;;;1;;;2
20230309;03;2023;7367407;1;1;01;05;1;1267.3024946;05;2;1;2;1;3;2;1;1;7;1;1;5;3;1;1;1;1;1;4;4;;;;1300000;;;1;;;;;1;;;;;4
20230309;03;2023;7367408;1;1;01;05;1;1073.7188652;05;2;1;4;1;3;2;1;1;7;1;1;6;5;1;1;1;1;1;4;3;;;;;900000;;1;;;;;1;;;;;5
20230309;03;2023;7367409;1;1;01;05;1;1193.586042;05;2;1;4;1;1;2;1;1;2;1;1;2;2;1;1;1;1;1;4;3;;;;;600000;;;;;;;;;1;;;5
20230309;03;2023;7367410;1;1;01;05;1;929.09133116;05;2;1;4;1;2;2;1;1;2;1;1;3;3;1;1;1;1;2;4;3;;;;;500000;;;;;;;;;1;;;5
20230309;03;2023;7367411;1;1;01;05;1;1066.7176933;05;2;1;4;1;1;2;1;1;2;1;1;3;3;1;1;1;1;1;4;1;;;100000000;500000;;;1;;;;;;;;;;3
20230309;03;2023;7367413;1;1;01;05;1;1116.2631669;05;2;1;2;1;1;2;1;1;2;1;1;1;1;1;1;1;1;2;4;4;;;;400000;;;1;;;;;;;;;;2
20230309;03;2023;7367414;1;1;01;05;1;1049.0076917;05;2;1;2;1;1;2;1;1;2;1;1;4;3;1;1;1;1;1;4;1;;;50000000;600000;;;1;;;;;;;;;;4
20230309;03;2023;7367415;1;1;01;05;1;1073.1222712;05;2;1;2;1;1;2;1;1;2;1;1;3;1;1;1;1;1;1;4;4;;;;500000;;;;;;;;;;1;;;2
20230309;03;2023;7367417;1;1;01;05;1;1326.5625712;05;1;1;4;1;3;1;1;1;7;1;1;4;2;1;1;1;1;1;3;3;;;;;1400000;;1;;;;;;;;;;3
20230309;03;2023;7367421;1;1;01;05;1;1138.8892347;05;2;1;4;1;1;2;1;1;2;1;1;1;1;1;1;1;1;1;4;3;;;;;300000;;1;;;;;;;;;;1
20230309;03;2023;7367424;1;1;01;05;1;1056.7428777;05;2;1;4;1;2;1;1;1;2;1;1;2;2;1;1;1;1;1;3;3;;;;;650000;;;;;;;;;1;;;2
20230309;03;2023;7367425;1;1;01;05;1;1193.586042;05;2;1;4;1;1;2;1;1;2;1;1;2;2;1;1;1;1;1;4;3;;;;;550000;;1;;;;;;;;;;5
20230309;03;2023;7367426;1;1;01;05;1;756.88669792;05;2;1;4;1;2;1;1;1;2;1;1;3;3;1;1;1;1;1;3;3;;;;;550000;;1;;;;;;;;;;4
20230309;03;2023;7367427;1;1;01;05;1;812.61346185;05;2;1;4;1;2;1;1;1;2;1;1;4;3;1;1;1;1;1;3;3;;;;;700000;;1;;;;;;;;;;4
20230309;03;2023;7367429;1;1;01;05;1;1275.7293337;05;2;1;4;1;5;1;1;1;2;1;1;3;2;1;1;1;1;1;3;3;;;;;1850000;;1;;;;;;;;;;2
20230309;03;2023;7367430;1;1;01;05;1;741.00639543;05;2;1;4;1;2;1;1;1;2;1;1;6;3;1;1;1;1;1;3;4;;;;700000;;;1;;;;;;;;;;3
20230309;03;2023;7367432;1;1;01;05;1;1394.4939241;05;2;1;4;1;5;1;1;1;2;1;1;2;1;1;1;1;1;1;3;3;;;;;1700000;;1;;;;;;;;;;1
20230309;03;2023;7367434;1;1;01;05;1;1283.0488513;05;2;1;6;1;5;1;1;1;2;1;1;2;1;1;1;1;1;1;3;3;;;;;2200000;;1;;;;;;;;;;1
20230309;03;2023;7367435;1;1;01;05;1;991.93172771;05;2;1;4;1;2;2;1;1;2;1;1;2;1;1;1;1;1;1;4;1;;;70000000;450000;;;;;;;;;;1;;;1
20230309;03;2023;7367437;1;1;01;05;1;1000.0156133;05;2;1;4;1;2;1;1;1;2;1;1;3;2;1;1;1;1;1;3;3;;;;;450000;;;;;;;;;1;;;4
20230309;03;2023;7367438;1;1;01;05;1;1232.5072561;05;2;1;4;1;2;1;1;1;2;1;1;2;1;1;1;1;1;1;3;1;;;70000000;500000;;;1;;;;;;;;;;1
20230309;03;2023;7367439;1;1;01;05;1;918.64394694;05;2;1;4;1;2;1;1;1;2;1;1;3;2;1;1;1;1;1;3;4;;;;400000;;;1;;;;1;;;;;;3
20230309;03;2023;7367440;1;1;01;05;1;1061.6339519;05;2;1;4;1;2;1;1;1;2;1;1;5;3;1;1;1;1;1;3;4;;;;500000;;;1;;;;;;;;;;5
20230309;03;2023;7367441;1;1;01;05;1;1091.8477398;05;2;1;2;1;2;1;1;1;2;1;1;3;1;1;1;1;1;1;3;3;;;;;400000;;1;;;;;;;;;;2
20230309;03;2023;7367442;1;1;01;05;1;1150.3931663;05;2;1;4;1;2;1;1;1;2;1;1;3;1;1;1;1;1;1;3;4;;;;400000;;;;;;;;;;1;;;1
20230309;03;2023;7367444;1;1;01;05;1;991.93172771;05;2;1;4;1;2;2;1;1;2;1;1;1;1;1;1;1;1;2;4;3;;;;;260000;;1;;;;;;;;;;1
20230309;03;2023;7367445;1;1;01;05;1;1091.0752267;05;2;1;4;1;3;1;1;1;2;1;1;5;3;1;1;1;1;1;3;1;;;98;98;;;1;;;;;;;;;;3
20230309;03;2023;7367446;1;1;01;05;1;1114.3987294;05;2;1;4;1;3;1;1;1;2;1;1;5;2;1;1;1;1;1;3;3;;;;;400000;;1;;;;;;;;;;2
20230309;03;2023;7367447;1;1;01;05;1;1446.1418472;05;2;1;4;1;3;2;1;1;2;1;1;1;1;1;2;1;1;1;1;3;;;;;280000;;1;;;;;;;;;;1
20230309;03;2023;7367448;1;1;01;05;1;1446.1418472;05;3;1;4;1;3;2;1;1;2;1;1;1;1;1;2;1;1;1;1;3;;;;;290000;;;;;;;;;1;;;1
20230309;03;2023;7367449;1;1;01;05;1;1156.2759496;05;2;1;4;1;3;2;1;1;2;1;1;3;2;1;1;1;1;1;1;4;;;;800000;;;1;;;;;;;;;;2
20230309;03;2023;7367450;1;1;01;05;1;1554.1239044;05;2;1;4;1;3;2;1;1;2;1;1;2;2;1;1;1;1;1;1;3;;;;;520000;;1;;;;;;;;;;2
20230309;03;2023;7367451;1;1;01;05;1;1271.8486177;05;1;1;4;1;3;1;1;1;2;1;1;4;1;1;1;1;1;1;3;1;;;98;98;;;;;;;;;;1;;;2
20230309;03;2023;7367452;1;1;01;05;1;793.37214513;05;2;1;4;1;4;1;1;1;2;1;1;6;2;1;1;1;1;1;3;1;;;35000000;2000000;;;1;;;;;1;;;;;3
20230309;03;2023;7367453;1;1;01;05;1;632.83952003;05;2;1;4;1;4;1;1;1;2;1;1;6;5;1;1;1;1;1;3;3;;;;;1800000;;1;;;;;1;;;;;8
20230309;03;2023;7367455;1;1;01;05;1;871.14204364;05;2;1;4;1;4;1;1;1;2;1;1;5;4;1;1;1;1;1;3;2;;2400000;450000000;2200000;;;1;;;;;;;;;;2
20230309;03;2023;7367456;1;1;01;05;1;863.59057299;05;2;1;4;1;4;1;1;1;2;1;1;4;1;1;1;1;1;1;3;1;;;99;1800000;;;1;;;;;1;;;;;1
20230309;03;2023;7367457;1;1;01;05;1;836.41064638;05;3;1;4;1;4;1;1;1;2;1;1;2;1;1;2;1;1;1;3;3;;;;;550000;;1;;;;;;;;;;1
20230309;03;2023;7367458;1;1;01;05;1;873.76691588;05;2;1;4;1;4;1;1;1;2;1;1;6;4;1;1;1;1;1;3;3;;;;;1556100;;1;;;;;1;;;;;4
20230309;03;2023;7367460;1;1;01;05;1;858.66397458;05;2;1;4;1;4;1;1;1;2;1;1;4;1;1;1;1;1;1;3;2;;2000000;300000000;2300000;;;1;;1;;1;1;;;;;2
20230309;03;2023;7367463;1;1;01;05;1;997.92688434;05;2;1;4;1;2;1;1;1;2;1;1;3;1;1;1;1;1;1;3;3;;;;;650000;;1;;1;;;1;;;;;1
20230309;03;2023;7367464;1;1;01;05;1;1062.0536819;05;2;1;4;1;2;1;1;1;2;1;1;2;1;1;1;1;1;1;3;3;;;;;500000;;;;;;;;;1;;;2
20230309;03;2023;7367465;1;1;01;05;1;755.39416187;05;2;1;4;1;4;1;1;1;2;1;1;5;4;1;1;1;1;1;1;1;;;450000000;2500000;;;1;;;;;;;;;;1
20230309;03;2023;7367466;1;1;01;05;1;1395.3289587;05;2;1;4;1;3;1;1;1;7;1;1;1;1;1;1;1;1;2;3;3;;;;;700000;;;;;;;;;1;;;2
20230309;03;2023;7367467;1;1;01;05;1;863.59057299;05;3;1;4;1;4;1;1;1;2;1;1;2;1;1;2;1;1;1;3;3;;;;;280000;;1;;;;;;;;;;1
20230309;03;2023;7367468;1;1;01;05;1;876.06864205;05;3;1;4;1;4;1;1;1;2;1;1;2;1;1;1;1;1;1;3;3;;;;;570000;;1;;;;;;;;;;1
20230309;03;2023;7367469;1;1;01;05;1;876.06864205;05;3;1;4;1;4;1;1;1;2;1;1;2;1;1;2;1;1;1;3;3;;;;;550000;;1;;;;;;;;;;1
20230309;03;2023;7367470;1;1;01;05;1;1212.3610005;05;2;1;4;1;2;1;1;1;2;1;1;2;1;1;1;1;1;1;3;4;;;;500000;;;;;;;;;;1;;;1
20230309;03;2023;7367471;1;1;01;05;1;1202.8241103;05;2;1;4;1;2;1;1;1;2;1;1;3;2;1;1;1;1;1;3;3;;;;;750000;;1;;;;;;;;;;3
20230309;03;2023;7367472;1;1;01;05;1;1506.3977575;05;2;1;4;1;2;2;1;1;2;1;1;1;1;1;1;1;1;1;1;4;;;;120000;;;;;;;;;;1;;;1
20230309;03;2023;7367473;1;1;01;05;1;1224.4806448;05;2;1;4;1;2;2;1;1;2;1;1;1;1;1;1;1;1;2;1;4;;;;300000;;;;;;;;;;1;;;2
20230309;03;2023;7367474;1;1;01;05;1;1316.9354238;05;2;1;4;1;2;1;1;1;2;1;1;3;2;1;1;1;1;1;3;1;;;120000000;500000;;;;;;;;;;1;;;3
20230309;03;2023;7367475;1;1;01;05;1;1029.1755492;05;2;1;4;1;2;1;1;1;2;1;1;4;3;1;1;1;1;1;3;3;;;;;610000;;1;;;;;;;;;;3
20230309;03;2023;7367476;1;1;01;05;1;1009.1490186;05;2;1;4;1;2;1;1;1;2;1;1;4;2;1;1;1;1;1;3;1;;;120000000;850000;;;1;;;;;;;;;;3
20230309;03;2023;7367477;1;1;01;05;1;1212.3610005;05;2;1;4;1;2;1;1;1;2;1;1;2;1;1;1;1;1;1;3;3;;;;;300000;;;;;;;;;1;;;1
20230309;03;2023;7367478;1;1;01;05;1;862.9868911;05;2;1;4;1;3;1;1;1;3;1;1;5;3;1;1;1;1;1;3;1;;;200000000;900000;;;1;;;;;;;;;;3
20230309;03;2023;7367479;1;1;01;05;1;824.33386108;05;2;1;4;1;3;2;1;1;3;1;1;1;1;1;1;1;1;1;4;3;;;;;450000;;1;;;;;;;;;;2
20230309;03;2023;7367480;1;1;01;05;1;917.19852239;05;2;1;4;1;3;1;1;1;3;1;1;4;2;1;1;1;1;1;3;4;;;;800000;;;1;;;;;;;;;;2
20230309;03;2023;7367481;1;1;01;05;1;838.19838226;05;2;1;4;1;3;1;1;1;3;1;1;3;2;1;1;1;1;1;3;3;;;;;440000;;1;;;;;;;;;;2
20230309;03;2023;7367482;1;1;01;05;1;873.96510872;05;2;1;4;1;2;1;1;1;2;1;1;4;4;1;1;1;1;1;3;1;;;150000000;800000;;;1;;;;;;;;;;7
20230309;03;2023;7367483;1;1;01;05;1;897.42677967;05;2;1;4;1;2;1;1;1;2;1;1;4;4;1;1;1;1;1;3;3;;;;;250000;;1;;;;;;;;;;5
20230309;03;2023;7367484;1;1;01;05;1;908.04824744;05;2;1;4;1;2;1;1;1;2;1;1;3;1;1;1;1;1;1;3;3;;;;;700000;;1;;;;;;;;;;2
20230309;03;2023;7367485;1;1;01;05;1;2104.3123081;05;1;1;4;1;5;1;1;1;2;1;1;3;1;1;1;1;1;1;3;3;;;;;98;;1;;;;;;;;;;1
20230309;03;2023;7367486;1;1;01;05;1;2458.0655461;05;2;1;4;1;5;1;1;1;2;1;1;2;1;1;1;1;1;1;3;3;;;;;825000;;1;;;;;;;;;;3
20230309;03;2023;7367487;1;1;01;05;1;2285.8236284;05;2;1;4;1;5;1;1;1;2;1;1;4;3;1;1;1;1;1;3;1;;;300000000;1200000;;;1;;;;;;;;;;3
20230309;03;2023;7367488;1;1;01;05;1;2440.4769314;05;2;1;4;1;5;2;1;1;2;1;1;3;1;1;1;1;1;1;4;3;;;;;1270000;;1;;;;1;1;;;;;1
20230309;03;2023;7367489;1;1;01;05;1;2104.3123081;05;2;1;4;1;5;1;1;1;2;1;1;2;1;1;1;1;1;1;3;3;;;;;920000;;1;;;;;;;;;;1
20230309;03;2023;7367490;1;1;01;05;1;2405.7165962;05;2;1;4;1;5;1;1;1;2;1;1;2;1;1;1;1;1;1;3;3;;;;;750000;;1;;;;;;;;;;1
20230309;03;2023;7367491;1;1;01;05;1;926.78768912;05;2;1;4;1;3;1;1;1;3;1;1;4;3;1;1;1;1;1;3;3;;;;;700000;;1;;;;;;;;;;4
20230309;03;2023;7367492;1;1;01;05;1;846.16705743;05;2;1;4;1;3;1;1;1;2;1;1;3;2;1;1;1;1;1;3;3;;;;;450000;;1;;;;;;;;;;4
20230309;03;2023;7367493;1;1;01;05;1;1020.4481238;05;2;1;4;1;3;1;1;1;3;1;1;4;3;1;1;1;1;1;3;3;;;;;350000;;1;;;;;;;;;;6
20230309;03;2023;7367494;1;1;01;05;1;1518.5174018;05;2;1;4;1;2;1;1;1;2;1;1;4;2;1;1;1;1;1;3;4;;;;650000;;;1;;;;;1;;;;;2
20230309;03;2023;7367495;1;1;01;05;1;1127.0787753;05;1;1;4;1;1;1;1;1;2;1;1;4;2;1;1;1;1;1;3;1;;;98;500000;;;1;;;;;;;;;;2
20230309;03;2023;7367496;1;1;01;05;1;778.72768182;05;2;1;2;1;2;2;1;1;2;1;1;2;1;1;1;1;1;6;;1;;;98;350000;;;;;;;;;;1;;;1
20230309;03;2023;7367497;1;1;01;05;1;671.46147722;05;2;1;2;1;2;2;1;1;2;1;1;2;1;1;1;1;1;1;4;3;;;;;150000;;;;;;;;;1;;;1
20230309;03;2023;7367498;1;1;01;05;1;534.75336785;05;2;1;2;1;2;1;1;1;2;1;1;4;3;1;1;1;1;1;3;4;;;;500000;;;1;;;;;;;;;;3
20230309;03;2023;7367499;1;1;01;05;1;736.09203768;05;2;1;4;1;2;1;1;1;2;1;1;4;3;1;1;1;1;1;3;1;;;150000000;500000;;;1;;;;;;;;;;4
20230309;03;2023;7367500;1;1;01;05;1;1115.9231937;05;2;1;4;1;1;1;1;1;2;1;1;2;1;1;1;1;1;1;3;4;;;;450000;;;;;;;;;;1;;;1
20230309;03;2023;7367501;1;1;01;05;1;671.46147722;05;1;1;4;1;2;2;2;1;2;1;1;5;1;3;1;1;1;1;1;1;;;60000000;300000;;;;;;;;;;1;;;1
20230309;03;2023;7367503;1;1;01;05;1;812.87913667;05;2;1;4;1;2;2;2;1;2;1;1;3;1;3;1;1;1;1;1;3;;;;;380000;;1;;;;;;;;;;2
20230309;03;2023;7367504;1;1;01;05;1;670.5587058;05;2;1;4;1;2;2;1;1;2;1;1;2;1;1;1;1;1;6;;4;;;;400000;;;1;;;;;;;;;;2
20230309;03;2023;7367505;1;1;01;05;1;1322.9910591;05;2;1;4;1;1;1;1;1;2;1;1;2;1;1;1;1;1;1;3;1;;;15000000;800000;;;;;;;;;;1;;;3
20230309;03;2023;7367506;1;1;01;05;1;911.7056251;05;2;1;4;1;1;1;1;1;2;1;1;5;4;1;1;1;1;1;3;1;;;99;580000;;;1;;;;;;;;;;6
20230309;03;2023;7367507;1;1;01;05;1;1006.6530282;05;2;1;2;1;1;1;1;1;2;1;1;2;1;1;1;1;1;1;3;3;;;;;400000;;1;;;;;;;;;;2
20230309;03;2023;7367508;1;1;01;05;1;892.60128908;05;1;1;4;1;1;1;1;1;2;1;1;4;3;1;1;1;1;1;3;1;;;98;98;;;1;;;;;;;;;;5
20230309;03;2023;7367509;1;1;01;05;1;778.72768182;05;2;1;4;1;2;1;1;1;2;1;1;2;1;1;1;1;1;1;3;3;;;;;350000;;1;;;;;;;;;;1
20230309;03;2023;7367510;1;1;01;05;1;977.94763861;05;2;1;4;1;2;1;1;1;2;1;1;2;2;1;1;1;1;1;3;1;;;90000000;500000;;;1;;;;;;;;;;5
20230309;03;2023;7367511;1;1;01;05;1;733.75881791;05;2;1;4;1;2;1;1;1;2;1;1;4;2;1;1;1;1;1;3;1;;;100000000;600000;;;;;;;;;;1;;;2
20230309;03;2023;7367512;1;1;01;05;1;1837.4674764;05;1;1;4;1;3;1;1;1;3;1;1;4;3;1;1;1;1;1;3;1;;;300000000;1500000;;;1;;;;;;;;;;4
20230309;03;2023;7367513;1;1;01;05;1;1829.1478041;05;1;1;4;1;3;1;1;1;3;1;1;4;2;1;1;1;1;1;3;3;;;;;1200000;;1;;;;;;;;;;3
20230309;03;2023;7367514;1;1;01;05;1;929.41809579;05;2;1;4;1;1;2;1;1;2;1;1;2;1;1;1;1;1;1;4;3;;;;;420000;;;;;;;;;1;;;2
20230309;03;2023;7367515;1;1;01;05;1;929.41809579;05;2;1;4;1;1;1;1;1;2;1;1;2;1;1;1;1;1;1;3;3;;;;;350000;;;;;;;;;1;;;2
20230309;03;2023;7367516;1;1;01;05;1;565.62572097;05;2;1;4;1;2;1;1;1;2;1;1;4;3;1;1;1;1;1;3;1;;;120000000;700000;;;1;;;;;1;;;;;4
20230309;03;2023;7367517;1;1;01;05;1;830.10608886;05;2;1;2;1;1;1;1;1;2;1;1;4;3;1;1;1;1;1;3;1;;;30000000;600000;;;1;;;;;;;;;;3
20230309;03;2023;7367518;1;1;01;05;1;1303.5196078;05;2;1;4;1;1;1;1;1;2;1;1;2;2;1;1;1;1;1;3;2;;580000;98;600000;;;1;;;;;;;;;;3
20230309;03;2023;7367519;1;1;01;05;1;829.93340557;05;2;1;4;1;2;1;1;1;2;1;1;3;1;1;1;1;1;1;3;1;;;70000000;400000;;;;;;;;;;1;;;2
20230309;03;2023;7367520;1;1;01;05;1;872.89992039;05;2;1;2;1;1;1;1;1;2;1;1;3;2;1;1;1;1;1;3;1;;;50000000;500000;;;1;;;;;;;;;;1
20230309;03;2023;7367521;1;1;01;05;1;880.01373973;05;2;1;4;1;1;1;1;1;2;1;1;3;2;1;1;1;1;1;3;3;;;;;530000;;1;;;;;;;;;;4
20230309;03;2023;7367522;1;1;01;05;1;774.34848323;05;2;1;4;1;2;1;1;1;2;1;1;3;1;1;1;1;1;1;3;3;;;;;500000;;1;;;;;;;;;;2
20230309;03;2023;7367524;1;1;01;05;1;1115.9231937;05;1;1;2;1;1;1;1;1;2;1;1;2;1;1;1;1;1;1;3;1;;;98;400000;;;1;;;;;;;;;;1
20230309;03;2023;7367525;1;1;01;05;1;1054.5270691;05;2;1;3;1;2;1;1;1;2;1;1;1;1;1;1;1;1;2;3;3;;;;;600000;;1;;;;;;;;;;1
20230309;03;2023;7367527;1;1;01;05;1;1264.2850548;05;2;1;4;1;3;1;1;1;3;1;1;3;2;1;1;1;1;1;3;3;;;;;600000;;1;;;;;;;;;;4
20230309;03;2023;7367528;1;1;01;05;1;876.06864205;05;3;1;4;1;4;1;1;1;2;1;1;2;1;1;2;1;1;1;3;3;;;;;570000;;1;;;;;;;;;;1
20230309;03;2023;7367529;1;1;01;05;1;1115.9231937;05;1;1;2;1;1;1;1;1;2;1;1;1;1;1;1;1;1;1;3;1;;;98;400000;;;;;;;;;;1;;;1
20230309;03;2023;7367530;1;1;01;05;1;1115.9231937;05;1;1;4;1;1;1;1;1;2;1;1;1;1;1;1;1;1;1;3;1;;;98;400000;;;1;;;;;;;;;;1
20230309;03;2023;7367531;1;1;01;05;1;1227.515513;05;2;1;4;1;3;2;1;1;7;1;1;4;1;1;1;1;1;1;1;1;;;100000000;600000;;;1;;;;;;;;;;1
20230309;03;2023;7367532;1;1;01;05;1;777.5135705;05;2;1;4;1;4;1;1;1;2;1;1;6;3;1;1;1;1;1;3;1;;;450000000;1500000;;1;1;;;;;1;;;;;5
20230309;03;2023;7367534;1;1;01;08;1;1093.7523514;08;2;1;4;1;3;1;1;1;3;1;1;4;3;1;1;1;1;1;3;3;;;;;750000;;1;;;;;;;;;;4
20230309;03;2023;7367535;1;1;01;08;1;1114.9692809;08;2;1;4;1;4;1;1;1;3;1;1;3;2;1;1;1;1;1;3;3;;;;;1300000;;1;;;;;;;;;;3
20230309;03;2023;7367536;1;1;01;08;1;782.87330636;08;2;1;4;1;5;1;1;1;3;1;1;4;2;1;1;1;1;3;3;3;;;;;3000000;;1;;;;;1;;;;;2
20230309;03;2023;7367537;1;1;01;08;1;941.13646733;08;2;1;4;1;4;1;1;1;3;1;1;3;2;1;1;1;1;1;3;3;;;;;700000;;;;;;;;;1;;;4
20230309;03;2023;7367538;1;1;01;08;1;729.49449676;08;2;1;4;1;4;1;1;1;3;1;1;4;2;1;1;1;1;1;3;4;;;;1000000;;;1;;;;;;;;;;3
20230309;03;2023;7367539;1;1;01;08;1;1178.2632888;08;2;1;4;1;4;1;1;1;3;1;1;4;1;1;1;1;1;1;3;4;;;;1500000;;;1;;;;;1;;;;;2
20230309;03;2023;7367540;1;1;01;08;1;953.68156313;08;2;1;4;1;4;1;1;1;3;1;1;3;1;1;1;1;1;1;3;2;;770000;120000000;1000000;;;1;;;;;1;;;;;1
20230309;03;2023;7367541;1;1;01;08;1;673.20824274;08;2;1;4;1;5;1;1;1;3;1;1;4;3;1;1;1;1;1;3;1;;;550000000;2000000;;;1;;;;;1;;;;;3
20230309;03;2023;7367542;1;1;01;08;1;714.17167679;08;2;1;4;1;5;1;1;1;5;1;1;4;3;1;1;1;1;1;3;1;;;500000000;3000000;;;1;;;;;1;;;;;4
20230309;03;2023;7367543;1;1;01;08;1;1139.9963439;08;2;1;4;1;4;1;1;1;3;1;1;3;1;1;1;1;1;1;3;3;;;;;900000;;1;;;;;;;;;;1
20230309;03;2023;7367544;1;1;01;08;1;878.43894436;08;2;1;4;1;5;1;1;1;3;1;1;4;3;1;1;1;1;3;3;2;;3000000;450000000;3000000;;;1;;;;;;;;;;4
20230309;03;2023;7367545;1;1;01;08;1;953.68156313;08;2;1;4;1;4;1;1;1;3;1;1;3;1;1;1;1;1;1;3;1;;;90000000;900000;;;1;;;;;;;;;;1
20230309;03;2023;7367546;1;1;01;08;1;1105.1827931;08;1;1;4;1;2;1;1;1;3;1;1;3;1;1;1;1;1;3;3;1;;;80000000;550000;;;;;;;;;;1;;;2
20230309;03;2023;7367547;1;1;01;08;1;584.63394383;08;1;1;4;1;1;2;1;1;3;1;1;3;2;1;1;1;1;1;1;4;;;;300000;;;;;;;;;;1;;;5
20230309;03;2023;7367548;1;1;01;08;1;616.82315177;08;1;1;4;1;1;1;1;1;3;1;1;3;2;1;1;1;1;1;3;1;;;70000000;500000;;;1;;;;;;;;;;5
20230309;03;2023;7367549;1;1;01;08;1;553.92125022;08;2;1;2;1;1;1;1;1;3;1;1;3;2;1;1;1;1;1;3;3;;;;;350000;;1;;;;;;;;;;5
20230309;03;2023;7367550;1;1;01;08;1;3351.53803;08;1;1;4;1;1;1;1;1;3;1;1;3;3;1;1;1;1;3;3;3;;;;;400000;;1;;;;;;;;;;6
20230309;03;2023;7367551;1;1;01;08;1;767.67430567;08;2;2;1;1;1;1;1;1;3;1;1;1;1;1;1;1;1;6;;5;;;;100000;;;;;;;;;;1;;;1
20230309;03;2023;7367552;1;1;01;08;1;586.23850693;08;2;1;4;1;1;1;1;1;3;1;1;3;2;1;1;1;1;3;3;1;;;50000000;500000;;;;;;;;;;1;;;2
20230309;03;2023;7367553;1;1;01;08;1;591.13970327;08;2;1;2;1;1;1;1;1;3;1;1;3;2;1;1;1;1;3;3;4;;;;400000;;;;;;;;;;1;;;5
20230309;03;2023;7367554;1;1;01;08;1;1817.1946351;08;1;1;2;1;1;1;1;1;3;1;1;2;1;1;1;1;1;1;3;1;;;50000000;400000;;;;;;;;;;1;;;1
20230309;03;2023;7367555;1;1;01;08;1;962.56919921;08;1;1;2;1;1;1;1;1;3;1;1;3;3;1;1;1;1;1;3;3;;;;;450000;;;;;;;;;1;;;4
20230309;03;2023;7367556;1;1;01;08;1;1730.6615572;08;2;1;4;1;1;1;1;1;3;1;1;2;1;1;1;1;1;1;3;1;;;40000000;400000;;;;;;;;;;1;;;1
20230309;03;2023;7367557;1;1;01;08;1;459.00173834;08;2;1;4;1;1;1;1;1;3;1;1;5;3;1;1;1;1;1;3;1;;;60000000;500000;;;1;;;;;;;;;;7
20230309;03;2023;7367558;1;1;01;08;1;1842.3964855;08;1;1;4;1;1;1;1;1;3;1;1;3;2;1;1;1;1;1;3;3;;;;;400000;;1;;;;;;;;;;3
20230309;03;2023;7367559;1;1;01;08;1;592.26482574;08;1;1;4;1;1;1;1;1;3;1;1;4;3;1;1;1;1;1;3;3;;;;;550000;;1;;;;;;;;;;4
20230309;03;2023;7367560;1;1;01;08;1;1549.4406613;08;2;1;4;1;1;1;1;1;3;1;1;3;2;1;1;1;1;1;3;3;;;;;450000;;1;;;;;;;;;;5
20230309;03;2023;7367561;1;1;01;11;1;4329.5688424;11;2;1;4;1;3;1;1;1;3;1;1;4;1;1;1;1;1;1;3;1;;;280000000;1200000;;;1;;;;;;;;;;1
20230309;03;2023;7367562;1;1;01;11;1;2834.3396086;11;2;1;4;1;2;1;1;1;3;1;1;3;2;1;1;1;1;1;3;3;;;;;500000;;1;;;;;;;;;;2
20230309;03;2023;7367563;1;1;01;11;1;3068.2212839;11;2;1;4;1;2;1;1;1;3;1;1;3;2;1;1;1;1;1;3;3;;;;;600000;;;;;;;;;1;;;3
20230309;03;2023;7367564;1;1;01;11;1;2062.4200783;11;1;1;4;1;2;1;1;1;3;1;1;4;3;1;1;1;1;1;3;3;;;;;1000000;;1;;;;;;;;;;6
20230309;03;2023;7367565;1;1;01;11;1;3534.4682288;11;2;1;2;1;2;1;1;1;3;1;1;2;2;1;1;1;1;1;3;7;FAMILIAR;;;300000;;;;;;;;;;1;;;4
20230309;03;2023;7367566;1;1;01;11;1;3749.6367448;11;2;1;4;1;2;1;1;1;3;1;1;1;1;1;1;1;1;1;3;3;;;;;600000;;;;;;;;;1;;;1
20230309;03;2023;7367567;1;1;01;11;1;4138.5923803;11;2;1;4;1;2;1;1;1;3;1;1;3;2;1;1;1;1;1;3;1;;;98;600000;;;1;;;;;;;;;;2
20230309;03;2023;7367568;1;1;01;11;1;3781.8230841;11;2;1;4;1;2;1;1;1;3;1;1;3;2;1;1;1;1;1;3;3;;;;;550000;;1;;;;;1;;;;;4
20230309;03;2023;7367569;1;1;01;11;1;2914.1328747;11;1;1;4;1;1;1;1;1;3;1;1;2;1;1;1;1;1;1;3;1;;;100000000;350000;;;1;;;;;;;;;;1
20230309;03;2023;7367570;1;1;01;11;1;2961.0328819;11;2;1;2;1;2;1;1;1;3;1;1;3;2;1;1;1;1;1;4;1;;;500000000;600000;;;1;;;;;;;;;;3
20230309;03;2023;7367571;1;1;01;11;1;5324.2678374;11;1;1;2;1;2;1;1;1;3;1;1;3;2;1;1;1;1;1;3;1;;;98;98;;;;;;;;;;1;;;2
20230309;03;2023;7367572;1;1;01;11;1;4747.4404471;11;2;1;4;1;2;1;1;1;3;1;1;3;2;1;1;1;1;1;3;3;;;;;550000;;1;;;;;;;;;;4
20230309;03;2023;7367574;1;1;01;11;1;3774.973256;11;4;1;4;1;1;1;1;1;3;1;1;1;1;1;1;1;1;1;3;3;;;;;200000;;;;;;;;;1;;;1
20230309;03;2023;7367575;1;1;01;11;1;2524.820474;11;1;1;2;1;1;1;1;1;3;1;1;2;2;1;1;1;1;1;3;3;;;;;200000;;1;;;;;;;;;;3
20230309;03;2023;7367576;1;1;01;11;1;3271.9440423;11;2;1;4;1;2;1;1;1;3;1;1;3;1;1;1;1;1;1;3;3;;;;;550000;;1;;1;;;;;;;;2
20230309;03;2023;7367579;1;1;01;11;1;3453.9889409;11;2;1;4;1;2;1;1;1;3;1;1;3;2;1;1;1;1;1;3;1;;;250000000;700000;;;1;;;;;;;;;;3
20230309;03;2023;7367580;1;1;01;11;1;4407.0167421;11;1;1;3;1;2;1;1;1;3;1;1;3;2;1;1;1;1;1;3;5;;;;600000;;;;;;;;;;1;;;4
20230309;03;2023;7367581;1;1;01;11;1;5324.2678374;11;1;1;2;1;2;1;1;1;3;1;1;3;1;1;1;1;1;1;3;5;;;;300000;;;;;;;;;;1;;;2
20230309;03;2023;7367582;1;1;01;11;1;3930.7495869;11;2;1;4;1;2;1;1;1;3;1;1;3;2;1;1;1;1;1;3;3;;;;;550000;;1;;;;1;;;;;;4
20230309;03;2023;7367583;1;1;01;11;1;2678.1980269;11;1;1;4;1;1;1;1;1;3;1;1;4;3;1;1;1;1;1;3;3;;;;;250000;;;;;;;;;1;;;5
20230309;03;2023;7367584;1;1;01;11;1;3453.7871108;11;1;1;4;1;3;1;1;1;3;1;1;3;1;1;1;1;1;1;3;4;;;;500000;;;1;;;;;;;;;;1
20230309;03;2023;7367587;1;1;01;11;1;4261.5971401;11;2;1;4;1;2;1;1;1;3;1;1;3;2;1;1;1;1;1;3;3;;;;;750000;;1;;;;;;;;;;2
20230309;03;2023;7367588;1;1;01;11;1;3994.0371505;11;2;1;4;1;2;1;1;1;3;1;1;2;1;1;1;1;1;1;3;2;;470000;98;750000;;;1;;;;;;;;;;2
20230309;03;2023;7367589;1;1;01;11;1;4016.7087595;11;1;1;4;1;2;1;1;1;3;1;1;3;2;1;1;1;1;1;3;5;;;;350000;;;1;;;;;;;;;;5
20230309;03;2023;7367590;1;1;01;11;1;3700.8483852;11;2;1;4;1;2;1;1;1;3;1;1;3;2;1;1;1;1;1;3;3;;;;;550000;;;;;;;;;1;;;4
20230309;03;2023;7367592;1;1;01;11;1;3327.3340591;11;2;1;4;1;3;1;1;1;9;1;1;4;3;1;1;1;1;1;3;2;;350000;180000000;1100000;;;1;;1;;;1;;;;;4
20230309;03;2023;7367593;1;1;01;11;1;4477.8886614;11;2;1;4;1;3;1;1;1;3;1;1;3;2;1;1;1;1;1;3;1;;;170000000;1000000;;;1;;;;;1;;;;;3
20230309;03;2023;7367595;1;1;01;11;1;5170.147128;11;2;1;4;1;2;1;1;1;3;1;1;3;3;1;1;1;1;1;3;3;;;;;700000;;1;;;;;;;;;;6
20230309;03;2023;7367596;1;1;01;11;1;2938.8857635;11;1;1;4;1;3;1;1;1;3;1;1;4;2;1;1;1;1;1;3;1;;;400000000;500000;;;1;;;;;1;;;;;2
20230309;03;2023;7367597;1;1;01;11;1;3260.3944732;11;2;1;4;1;3;1;1;1;3;1;1;5;4;1;1;1;1;1;3;1;;;450000000;900000;;;1;;;;;;;;;;6
20230309;03;2023;7367599;1;1;01;11;1;3314.3896419;11;2;1;4;1;2;1;1;1;3;1;1;3;2;1;1;1;1;1;3;3;;;;;550000;;1;;;;;;;;;;4
20230309;03;2023;7367600;1;1;01;11;1;4540.6163595;11;2;1;4;1;5;1;1;1;3;1;1;5;2;1;1;1;1;1;3;4;;;;4000000;;;1;;;1;;1;;;;;3
20230309;03;2023;7367602;1;1;01;11;1;4317.2083301;11;2;1;4;1;3;1;1;1;3;1;1;3;2;1;1;1;1;1;3;1;;;190000000;850000;;;1;;;;;;;;;;4
20230309;03;2023;7367603;1;1;01;11;1;3986.5091721;11;2;1;4;1;2;1;1;1;3;1;1;3;1;1;1;1;1;1;3;3;;;;;500000;;1;;;;;;;;;;2
20230309;03;2023;7367604;1;1;01;11;1;3592.6488064;11;2;1;3;1;4;1;1;1;3;1;1;5;2;1;1;1;1;1;3;2;;1815000;460000000;1900000;;;1;;;;;1;;;;;3
20230309;03;2023;7367605;1;1;01;11;1;4790.6181643;11;2;1;6;1;3;1;1;1;3;1;1;3;1;1;1;1;1;1;3;3;;;;;550000;;;;;;;;;1;;;1
20230309;03;2023;7367606;1;1;01;11;1;4329.5688424;11;2;1;4;1;3;2;1;1;3;1;1;3;1;1;1;1;1;1;1;1;;;98;98;;;1;;;;;;;;;;1
20230309;03;2023;7367607;1;1;01;11;1;4286.4519866;11;2;1;4;1;5;1;1;1;3;1;1;6;3;1;1;1;1;1;3;3;;;;;4054000;;1;1;1;;;1;;;;;4
20230309;03;2023;7367608;1;1;01;11;1;4398.5491819;11;2;1;4;1;3;1;1;1;3;1;1;4;2;1;1;1;1;1;3;2;;1600000;260000000;1300000;;;1;;;;;;;;;;3
20230309;03;2023;7367609;1;1;01;11;1;4138.5923803;11;2;1;4;1;2;1;1;1;3;1;1;3;2;1;1;1;1;1;3;3;;;;;580000;;1;;;;;;;;;;2
20230309;03;2023;7367610;1;1;01;11;1;3522.2324353;11;2;1;4;1;2;1;1;1;3;1;1;3;2;1;1;1;1;1;3;3;;;;;500000;;1;;;;;1;;;;;2
20230309;03;2023;7367611;1;1;01;11;1;4090.2766521;11;2;1;4;1;2;1;1;1;3;1;1;3;2;1;1;1;1;1;3;3;;;;;550000;;;;;;;;;1;;;2
20230309;03;2023;7367612;1;1;01;11;1;3365.2740325;11;2;1;4;1;2;1;1;1;3;1;1;3;2;1;1;1;1;1;3;3;;;;;600000;;1;;;;;;;;;;2
20230309;03;2023;7367613;1;1;01;11;1;3635.8668993;11;1;1;2;1;1;1;1;1;3;1;1;2;2;1;1;1;1;1;3;1;;;80000000;400000;;;;;;;;;;1;;;2
20230309;03;2023;7367614;1;1;01;11;1;3715.0497487;11;1;1;4;1;1;1;1;1;3;1;1;3;2;1;1;1;1;1;3;3;;;;;400000;;1;;;;;;;;;;3
20230309;03;2023;7367615;1;1;01;11;1;3861.1227772;11;1;1;2;1;1;1;1;1;3;1;1;2;2;1;1;1;1;1;3;2;;600000;99;600000;;;1;;1;;;;;;;;2
20230309;03;2023;7367616;1;1;01;11;1;4957.452427;11;2;1;4;1;3;1;1;1;3;1;1;3;1;1;1;1;1;1;3;3;;;;;300000;;1;;;;;;;;;;1
20230309;03;2023;7367617;1;1;01;11;1;3508.7008721;11;2;1;4;1;3;1;1;1;3;1;1;4;3;1;1;1;1;1;3;4;;;;1200000;;;1;;;;;;;;;;5
20230309;03;2023;7367618;1;1;01;11;1;4613.8138425;11;2;1;4;1;3;1;1;1;3;1;1;3;1;1;1;1;1;1;3;3;;;;;1000000;;1;;;;1;1;;;;;2
20230309;03;2023;7367619;1;1;01;11;1;3489.6661265;11;3;1;4;1;3;1;1;1;3;1;1;1;1;1;2;1;1;1;3;3;;;;;450000;;1;;;;;1;;;;;4
20230309;03;2023;7367620;1;1;01;11;1;4474.0423775;11;3;1;4;1;3;1;1;1;3;1;1;1;1;1;2;1;1;1;3;3;;;;;300000;;1;;;;;;;;;;1
20230309;03;2023;7367621;1;1;01;11;1;3493.9996328;11;2;1;4;1;3;1;1;1;3;1;1;3;2;1;1;1;1;1;3;3;;;;;800000;;1;;;;;;;;;;4
20230309;03;2023;7367622;1;1;01;11;1;3589.5457737;11;2;1;4;1;3;1;1;1;3;1;1;5;4;1;1;1;1;1;3;3;;;;;1200000;;;;;;;;;1;;;3
20230309;03;2023;7367623;1;1;01;11;1;4280.2482414;11;2;1;4;1;3;1;1;1;3;1;1;3;2;1;1;1;1;1;3;3;;;;;900000;;;;;;;;1;;;MONEDEROS VIRTUALES;2
20230309;03;2023;7367624;1;1;01;13;1;573.89169269;13;2;1;4;1;2;1;1;1;3;1;1;3;2;1;1;1;1;1;3;3;;;;;650000;;1;;;;;;;;;;4
20230309;03;2023;7367625;1;1;01;13;1;584.64198111;13;2;1;4;1;2;1;1;1;3;1;1;3;2;1;1;1;1;1;3;3;;;;;600000;;1;;;;;;;;;;3
20230309;03;2023;7367627;1;1;01;13;1;626.5143752;13;4;1;4;1;2;2;1;1;3;1;1;1;1;1;1;1;1;6;;5;;;;700000;;;1;;;;;;;;;;1
20230309;03;2023;7367628;1;1;01;13;1;274.36877896;13;2;1;4;1;2;1;1;1;3;1;1;4;3;1;1;1;1;1;3;3;;;;;800000;;;;;;;;;1;;;5
20230309;03;2023;7367629;1;1;01;13;1;651.90800361;13;2;1;4;1;2;1;1;1;3;1;1;4;1;1;1;1;1;1;3;3;;;;;800000;;1;;;;;;;;;;2
20230309;03;2023;7367631;1;1;01;13;1;119.85352383;13;1;1;4;1;1;1;1;1;3;1;1;4;3;1;1;1;1;1;3;6;;;;700000;;;1;;;;;;;;;;7
20230309;03;2023;7367632;1;1;01;13;1;181.04511054;13;1;1;4;1;1;1;1;1;3;1;1;4;3;1;1;1;1;3;3;6;;;;550000;;;1;;;;;1;;;;;5
20230309;03;2023;7367633;1;1;01;13;1;291.50054232;13;2;1;4;1;1;1;1;1;3;1;1;3;2;1;1;1;1;1;3;3;;;;;400000;;1;;;;;;;;;;4
20230309;03;2023;7367634;1;1;01;13;1;225.48052414;13;2;1;4;1;1;1;1;1;3;1;1;4;2;1;1;1;1;1;3;1;;;98;500000;;;1;;;;;;;;;;3
20230309;03;2023;7367635;1;1;01;13;1;245.36694484;13;2;1;4;1;1;1;1;1;3;1;1;3;2;1;1;1;1;1;3;6;;;;350000;;;1;;;;;;;;;;3
20230309;03;2023;7367636;1;1;01;13;1;179.04653551;13;1;1;4;1;1;1;1;1;3;1;1;3;2;1;1;1;1;1;3;4;;;;500000;;;;;;;;;;1;;;6
20230309;03;2023;7367637;1;1;01;13;1;280.40738141;13;2;1;4;1;1;1;1;1;3;1;1;3;2;1;1;1;1;3;3;3;;;;;600000;;1;;;;;;;;;;4
20230309;03;2023;7367638;1;1;01;13;1;293.34163714;13;1;1;4;1;1;1;1;1;3;1;1;4;2;1;1;1;1;1;3;3;;;;;600000;;1;;;;;;;;;;3
20230309;03;2023;7367639;1;1;01;13;1;398.30495546;13;2;1;4;1;2;1;1;1;3;1;1;4;3;1;1;1;1;1;3;6;;;;700000;;;1;;;;;;;;;;3
20230309;03;2023;7367640;1;1;01;13;1;148.52079725;13;1;1;4;1;1;1;1;1;3;1;1;4;3;1;1;1;1;1;3;1;;;98;650000;;;1;;;;;;;;;;5
20230309;03;2023;7367641;1;1;01;13;1;598.55536268;13;2;1;4;1;2;1;1;1;3;1;1;3;2;1;1;1;1;1;3;3;;;;;1400000;;;;;;;;;1;;;3
20230309;03;2023;7367643;1;1;01;13;1;257.32530466;13;2;1;2;1;2;1;1;1;3;1;1;5;3;1;1;1;1;1;3;1;;;99;700000;;;1;;;;;;;;;;4
20230309;03;2023;7367644;1;1;01;13;1;349.5384657;13;2;1;4;1;2;1;1;1;3;1;2;2;1;1;2;1;1;3;3;6;;;;650000;;;1;;;;;;;;;;4
20230309;03;2023;7367644;2;2;01;13;1;349.5384657;13;2;1;4;1;2;1;1;1;3;1;2;2;1;1;2;1;1;3;3;6;;;;700000;;;1;;;;;;;;;;2
20230309;03;2023;7367646;1;1;01;13;1;386.18276517;13;2;1;4;1;2;1;1;1;3;1;1;3;2;1;1;1;1;3;3;3;;;;;500000;;1;;;;;;;;;;4
20230309;03;2023;7367647;1;1;01;13;1;344.80768876;13;2;1;4;1;2;1;1;1;3;1;1;3;2;1;1;1;1;1;3;3;;;;;250000;;1;;;;;;;;;;4
20230309;03;2023;7367648;1;1;01;13;1;348.48202299;13;2;1;4;1;2;1;1;1;3;1;1;3;2;1;1;1;1;1;3;6;;;;600000;;;;;;;;;;1;;;5
20230309;03;2023;7367649;1;1;01;13;1;390.55441571;13;3;1;2;1;2;1;1;1;3;1;1;1;1;1;1;1;1;2;3;3;;;;;350000;;;;;;;;;1;;;1
20230309;03;2023;7367650;1;1;01;13;1;297.93456576;13;2;1;2;1;2;1;1;1;3;1;1;5;3;1;1;1;1;1;3;3;;;;;600000;;1;;;;;;;;;;5
20230309;03;2023;7367651;1;1;01;13;1;288.01692972;13;2;1;4;1;2;1;1;1;3;1;1;3;2;1;1;1;1;1;3;3;;;;;1500000;;1;;;;;;;;;;3
20230309;03;2023;7367652;1;1;01;13;1;364.45214407;13;2;1;2;1;2;1;1;1;3;1;1;1;1;1;1;1;1;2;3;3;;;;;350000;;;;;;;;;1;;;3
20230309;03;2023;7367653;1;1;01;13;1;185.33204334;13;2;1;4;1;2;1;1;1;3;1;1;4;3;1;1;1;1;1;3;3;;;;;650000;;;;;;;;;1;;;4
20230309;03;2023;7367654;1;1;01;13;1;385.97138831;13;2;1;4;1;2;1;1;1;3;1;1;2;1;1;1;1;1;3;3;3;;;;;500000;;;;;;;;;1;;;2
20230309;03;2023;7367655;1;1;01;13;1;291.50054232;13;1;1;4;1;1;1;1;1;3;1;1;4;3;1;1;1;1;1;3;6;;;;600000;;;1;;;;;;;;;;4
20230309;03;2023;7367656;1;1;01;13;1;314.49520529;13;2;1;4;1;1;1;1;1;3;1;1;3;2;1;1;1;1;1;3;3;;;;;350000;;1;;;;;;;;;;2
20230309;03;2023;7367657;1;1;01;13;1;346.41148214;13;2;1;4;1;1;1;1;1;3;1;1;3;2;1;1;1;1;1;3;7;VIVIENDA FAMILIAR;;;600000;;;;;;;;;;1;;;2
20230309;03;2023;7367658;1;1;01;13;1;346.41148214;13;2;1;4;1;1;1;1;1;3;1;1;4;1;1;1;1;1;1;3;6;;;;450000;;;;;;;1;;;;;;2
20230309;03;2023;7367659;1;1;01;13;1;299.32605175;13;2;1;4;1;1;1;1;1;3;1;1;4;3;1;1;1;1;1;3;3;;;;;700000;;1;;;;;;;;;;5
20230309;03;2023;7367660;1;1;01;13;1;434.93371596;13;2;1;4;1;1;1;1;1;3;1;1;3;2;1;1;1;1;1;3;3;;;;;500000;;;;;;;;;1;;;4
20230309;03;2023;7367661;1;1;01;13;1;437.25081348;13;2;1;4;1;1;1;1;1;3;1;1;3;2;1;1;1;1;1;3;6;;;;400000;;;1;;;;;;;;;;4
20230309;03;2023;7367662;1;1;01;13;1;286.04007836;13;2;1;4;1;1;1;1;1;3;1;1;3;2;1;1;1;1;1;3;3;;;;;360000;;1;;;;;;;;;;5
20230309;03;2023;7367663;1;1;01;13;1;179.78028575;13;2;1;4;1;1;1;1;1;3;1;1;4;3;1;1;1;1;1;3;3;;;;;700000;;1;;;;;;;;;;6
20230309;03;2023;7367664;1;1;01;13;1;222.78119588;13;2;1;4;1;1;1;1;1;3;1;1;3;2;1;1;1;1;1;3;3;;;;;480000;;;;;;;;;1;;;5
20230309;03;2023;7367665;1;1;01;13;1;428.80176805;13;2;1;4;1;1;1;1;1;3;1;1;3;2;1;1;1;1;1;3;3;;;;;550000;;1;;;;;;;;;;3
20230309;03;2023;7367666;1;1;01;13;1;352.25691218;13;2;1;4;1;1;1;1;1;3;1;1;3;2;1;1;1;1;1;3;3;;;;;550000;;;;;;;;;1;;;3
20230309;03;2023;7367667;1;1;01;13;1;355.99936911;13;2;1;4;1;1;1;1;1;3;1;1;4;3;1;1;1;1;1;3;3;;;;;450000;;1;;;;;;;;;;8
20230309;03;2023;7367668;1;1;01;13;1;433.01435268;13;2;1;4;1;3;1;1;1;3;1;1;4;1;1;1;1;1;1;3;1;;;300000000;98;;;1;;;;;1;;;;;2
20230309;03;2023;7367669;1;1;01;13;1;576.57587912;13;2;1;4;1;3;1;1;1;3;1;1;3;2;1;1;1;1;1;3;3;;;;;800000;;1;;;;;1;;;;;3
20230309;03;2023;7367671;1;1;01;13;1;640.4905489;13;2;1;4;1;3;1;1;1;3;1;1;2;1;1;1;1;1;1;3;3;;;;;650000;;1;;;;;;;;;;1
20230309;03;2023;7367672;1;1;01;13;1;472.15486178;13;2;1;4;1;3;1;1;1;3;1;1;3;2;1;1;1;1;3;3;3;;;;;800000;;1;;;;;1;;;;;3
20230309;03;2023;7367673;1;1;01;13;1;657.66344474;13;2;1;4;1;3;1;1;1;3;1;1;3;1;1;1;1;1;3;3;3;;;;;500000;;1;;;;;1;;;;;1
20230309;03;2023;7367675;1;1;01;13;1;186.74923877;13;1;1;4;1;3;1;1;1;3;1;1;5;4;1;1;1;1;1;3;1;;;220000000;1500000;;;1;;1;;;;;;;;5
20230309;03;2023;7367676;1;1;01;13;1;355.79487681;13;2;1;2;1;2;1;1;1;3;1;1;5;3;1;1;1;1;1;3;3;;;;;800000;;1;;;;;1;;;;;4
20230309;03;2023;7367677;1;1;01;13;1;455.71308257;13;1;1;4;1;2;1;1;1;3;1;1;2;1;1;1;1;1;1;3;6;;;;600000;;;;;;;;;;1;;;2
20230309;03;2023;7367678;1;1;01;13;1;420.66492931;13;1;1;2;1;2;1;1;1;3;1;1;2;1;1;1;1;1;1;3;1;;;98;98;;;;;;;;;;1;;;2
20230309;03;2023;7367679;1;1;01;13;1;471.74280794;13;1;1;2;1;2;1;1;1;3;1;1;1;1;1;1;1;1;2;3;6;;;;650000;;;1;;;;;;;;;;2
20230309;03;2023;7367680;1;1;01;13;1;469.45139924;13;2;1;4;1;2;1;1;1;3;1;1;2;1;1;1;1;1;3;3;3;;;;;700000;;1;;;;;;;;;;2
20230309;03;2023;7367681;1;1;01;13;1;282.8651501;13;2;1;4;1;3;1;1;1;3;1;1;4;2;1;1;1;1;1;3;3;;;;;1200000;;1;;;;;1;;;;;3
20230309;03;2023;7367682;1;1;01;13;1;248.79037894;13;2;1;4;1;3;1;1;1;3;1;1;4;2;1;1;1;1;1;3;1;;;98;1200000;;;1;;;;;;;;;;3
20230309;03;2023;7367684;1;1;01;13;1;281.66078054;13;1;1;4;1;3;1;1;1;3;1;1;4;1;1;1;1;1;1;3;1;;;300000000;1250000;;;1;;;;;;;;;;1
20230309;03;2023;7367685;1;1;01;13;1;115.57304084;13;1;1;4;1;3;1;1;1;3;1;1;5;4;1;1;1;1;1;3;1;;;98;1200000;;;1;;;;;;;;;;5
20230309;03;2023;7367687;1;1;01;13;1;115.57304084;13;1;1;4;1;3;1;1;1;3;1;1;4;3;1;1;1;1;1;3;1;;;98;1200000;;;1;;;;;1;;;;;4
20230309;03;2023;7367688;1;1;01;13;1;256.73324434;13;1;1;4;1;3;1;1;1;3;1;1;4;3;1;1;1;1;1;3;1;;;180000000;800000;;;1;;;;;;;;;;4
20230309;03;2023;7367689;1;1;01;13;1;222.69309566;13;2;1;4;1;3;1;1;1;3;1;1;4;3;1;1;1;1;1;3;1;;;98;1000000;;;1;;;;;;;;;;2
20230309;03;2023;7367690;1;1;01;13;1;270.92032688;13;1;1;4;1;3;1;1;1;3;1;1;4;3;1;1;1;1;1;3;1;;;190000000;850000;;;1;;;;;;;;;;4
20230309;03;2023;7367691;1;1;01;13;1;281.66078054;13;2;1;4;1;3;1;1;1;3;1;1;2;1;1;1;1;1;1;3;1;;;250000000;850000;;;1;;;;;;;;;;1
20230309;03;2023;7367692;1;1;01;13;1;281.66078054;13;2;1;4;1;3;1;1;1;3;1;1;3;2;1;1;1;1;1;3;1;;;200000000;700000;;;1;;;;;;;;;;1
20230309;03;2023;7367693;1;1;01;13;1;226.45087212;13;1;1;4;1;3;1;1;1;3;1;1;4;3;1;1;1;1;1;3;6;;;;700000;;;1;;;;;;;;;;3
20230309;03;2023;7367694;1;1;01;13;1;281.66078054;13;2;1;4;1;3;1;1;1;3;1;1;3;1;1;1;1;1;1;3;6;;;;700000;;;1;;;;;;;;;;1
20230309;03;2023;7367695;1;1;01;13;1;226.29901621;13;2;1;4;1;3;1;1;1;3;1;1;4;3;1;1;1;1;1;3;6;;;;700000;;;1;;;;;;;;;;3
20230309;03;2023;7367697;1;1;01;13;1;391.22598579;13;1;2;2;1;2;1;1;1;3;1;1;5;3;1;1;1;1;1;3;5;;;;700000;;;1;;;;;;;;;;3
20230309;03;2023;7367698;1;1;01;13;1;391.90288796;13;1;1;4;1;1;1;1;1;3;1;1;4;3;1;1;1;1;3;3;1;;;50000000;400000;;;;;;;;;;1;;;3
20230309;03;2023;7367699;1;1;01;13;1;179.78028575;13;2;1;4;1;2;1;1;1;3;1;1;10;7;1;1;1;1;1;3;1;;;400000000;1700000;;;1;;;;1;;;;;;8
20230309;03;2023;7367701;1;1;01;13;1;341.07791036;13;1;1;2;1;1;1;1;1;3;1;1;1;1;1;2;1;1;4;3;1;;;99;250000;;;;;;;;;;1;;;5
20230309;03;2023;7367702;1;1;01;13;1;509.04062635;13;1;1;4;1;2;1;1;1;3;1;3;3;2;1;1;1;1;3;3;3;;;;;450000;;1;;;;;;;;;;6
20230309;03;2023;7367702;2;2;01;13;1;509.04062635;13;1;1;4;1;2;1;1;1;3;1;3;3;2;1;2;1;1;3;3;3;;;;;450000;;1;;;;;;;;;;4
20230309;03;2023;7367702;3;3;01;13;1;509.04062635;13;1;1;4;1;2;1;1;1;3;1;3;2;2;1;2;1;1;4;3;3;;;;;450000;;1;;;;;;;;;;4
20230309;03;2023;7367703;1;1;01;13;1;429.0919613;13;1;1;2;1;1;1;1;1;3;1;1;3;2;1;1;1;1;3;3;4;;;;300000;;;;;;;;;;1;;;4
20230309;03;2023;7367704;1;1;01;13;1;359.27086552;13;1;1;2;1;1;1;1;1;3;1;1;3;2;1;1;1;1;3;3;3;;;;;200000;;;;;;;;;1;;;2
20230309;03;2023;7367705;1;1;01;13;1;255.92197476;13;1;1;2;1;1;1;1;1;3;1;1;4;3;1;1;1;1;3;3;4;;;;300000;;;;;;;;;;1;;;7
20230309;03;2023;7367706;1;1;01;13;1;417.2214598;13;1;1;4;1;1;1;1;1;3;1;1;3;2;1;1;1;1;3;3;3;;;;;200000;;;;;;;;;1;;;3
20230309;03;2023;7367707;1;1;01;13;1;439.04863237;13;1;1;2;1;1;1;1;1;3;1;1;3;2;1;1;1;1;3;3;4;;;;300000;;;;;;;;;;1;;;2
20230309;03;2023;7367708;1;1;01;13;1;338.02236562;13;1;1;2;1;1;1;1;1;3;1;1;3;2;1;1;1;1;1;3;1;;;90000000;400000;;;1;;;;;;;;;;4
20230309;03;2023;7367709;1;1;01;13;1;336.87519613;13;2;1;4;1;1;1;1;1;3;1;1;1;1;1;1;1;1;1;3;4;;;;400000;;;;;;;;;;1;;;6
20230309;03;2023;7367710;1;1;01;13;1;254.05504767;13;1;1;2;1;1;1;1;1;3;1;1;3;1;2;1;1;1;1;3;1;;;90000000;400000;;;;;;;;;;1;;;4
20230309;03;2023;7367711;1;1;01;13;1;528.13282414;13;1;1;4;1;1;2;1;1;3;1;1;2;1;1;1;1;1;3;1;3;;;;;250000;;;;;;;;;1;;;2
20230309;03;2023;7367712;1;1;01;13;1;202.25282147;13;2;1;2;1;1;1;1;1;3;1;1;4;3;1;1;1;1;1;3;1;;;50000000;350000;;;;;;;;;;1;;;7
20230309;03;2023;7367713;1;1;01;13;1;298.93751524;13;2;1;4;1;1;1;1;1;3;1;1;3;2;1;1;1;1;1;3;1;;;98;350000;;;;;;;;;;1;;;4
20230309;03;2023;7367714;1;1;01;13;1;528.13282414;13;2;1;4;1;1;1;1;1;3;1;1;2;1;1;1;1;1;4;3;4;;;;300000;;;;;;;;;;1;;;2
20230309;03;2023;7367715;1;1;01;13;1;485.79947975;13;1;1;4;1;1;1;1;1;3;1;1;3;2;1;1;1;1;1;3;3;;;;;350000;;;;;;;;;1;;;4
20230309;03;2023;7367717;1;1;01;13;1;560.87962152;13;1;1;1;1;1;1;1;1;3;1;2;2;1;1;2;1;1;1;3;3;;;;;200000;;;;;;;;;1;;;5
20230309;03;2023;7367717;2;2;01;13;1;560.87962152;13;1;1;1;1;1;1;1;1;3;1;2;2;1;1;2;1;1;1;3;3;;;;;200000;;;;;;;;;1;;;5
20230309;03;2023;7367718;1;1;01;13;1;220.88708519;13;1;1;4;1;1;1;1;1;3;1;1;3;2;1;1;1;1;1;1;1;;;70000000;400000;;;;;;;;;;1;;;7
20230309;03;2023;7367719;1;1;01;13;1;426.7739993;13;1;1;4;1;1;1;1;1;3;1;1;3;1;1;1;1;1;1;3;3;;;;;450000;;;;;;;;;1;;;2
20230309;03;2023;7367720;1;1;01;13;1;398.30817451;13;1;1;4;1;1;1;1;1;3;1;1;3;1;1;1;1;1;1;3;3;;;;;300000;;;;;;;;;1;;;1
20230309;03;2023;7367721;1;1;01;15;1;81.32445985;15;2;1;4;1;5;1;1;1;3;1;1;3;1;1;1;1;1;1;3;1;;;250000000;1000000;;;;;;;;;;1;;;1
20230309;03;2023;7367722;1;1;01;15;1;107.16012489;15;1;1;4;1;3;1;1;1;3;1;1;3;1;1;1;1;1;1;3;1;;;160000000;800000;;;1;;;;;;;;;;2
20230309;03;2023;7367723;1;1;01;15;1;120.23839344;15;1;1;4;1;3;1;1;1;3;1;1;5;3;1;1;1;1;1;3;1;;;50000000;1200000;;;1;;;;;;;;;;4
20230309;03;2023;7367724;1;1;01;15;1;120.8730571;15;3;1;4;1;2;1;1;1;3;1;1;1;1;1;2;1;1;1;3;3;;;;;190000;;;;;;;;;1;;;1
20230309;03;2023;7367725;1;1;01;15;1;114.81441952;15;2;1;4;1;3;1;1;1;3;1;1;3;1;1;1;1;1;1;3;1;;;150000000;500000;;;1;;;;1;;;;;;2
20230309;03;2023;7367726;1;1;01;15;1;89.207117478;15;1;1;4;1;3;1;1;1;7;1;1;6;2;1;1;1;1;1;3;4;;;;1500000;;;1;;;;;;;;;;2
20230309;03;2023;7367727;1;1;01;15;1;76.904454292;15;1;1;4;1;3;1;1;1;3;1;1;4;3;1;1;1;1;1;3;1;;;150000000;800000;;;1;;;;;;;;;;3
20230309;03;2023;7367728;1;1;01;15;1;151.09717588;15;1;1;4;1;2;1;1;1;3;1;1;3;2;1;1;1;1;3;3;4;;;;500000;;;;;;;;;;1;;;3
20230309;03;2023;7367729;1;1;01;15;1;120.8730571;15;2;1;4;1;2;1;1;1;3;1;1;2;1;1;1;1;1;1;3;3;;;;;220000;;1;;;;;;;;;;1
20230309;03;2023;7367730;1;1;01;15;1;110.1545035;15;2;1;4;1;2;1;1;1;3;1;1;3;2;1;1;1;1;1;3;2;;210000;140000000;300000;;;1;;;;;;;;;;3
20230309;03;2023;7367731;1;1;01;15;1;129.89302534;15;1;1;4;1;3;1;1;1;3;1;1;3;2;1;1;1;1;1;3;4;;;;1000000;;;1;;;;;;;;;;2
20230309;03;2023;7367732;1;1;01;15;1;108.63928468;15;1;1;4;1;3;1;1;1;3;1;1;3;2;1;1;1;1;1;3;3;;;;;660000;;1;;;;;;;;;;2
20230309;03;2023;7367733;1;1;01;15;1;113.60427789;15;3;1;4;1;2;1;1;1;3;1;1;1;1;1;2;1;1;1;3;3;;;;;250000;;;;;;;;;1;;;3
20230309;03;2023;7367734;1;1;01;15;1;129.89302534;15;2;1;4;1;3;1;1;1;3;1;1;5;2;1;1;1;1;1;3;3;;;;;1250000;;1;;;;;;;;;;2
20230309;03;2023;7367735;1;1;01;15;1;112.81485329;15;1;1;4;1;3;1;1;1;7;1;1;3;1;1;1;1;1;1;3;3;;;;;800000;;;;;;;;;1;;;1
20230309;03;2023;7367736;1;1;01;15;1;163.17862708;15;2;1;4;1;5;1;1;1;3;1;1;2;1;1;1;1;1;3;3;3;;;;;850000;;1;;;;;;;;;;1
20230309;03;2023;7367737;1;1;01;15;1;146.89885358;15;2;1;4;1;2;1;1;1;3;1;1;2;2;1;1;1;1;1;3;4;;;;600000;;;;;;;;;;1;;;5
20230309;03;2023;7367738;1;1;01;15;1;107.57277769;15;1;1;4;1;2;1;1;1;3;1;1;4;1;1;1;1;1;1;3;1;;;140000000;600000;;;1;;;;;1;;;;;2
20230309;03;2023;7367739;1;1;01;15;1;120.8730571;15;1;1;4;1;3;1;1;1;3;1;1;3;1;1;1;1;1;1;3;4;;;;600000;;;1;;;;;;;;;;1
20230309;03;2023;7367740;1;1;01;15;1;101.31655977;15;2;1;4;1;3;1;1;1;3;1;1;3;2;1;1;1;1;1;3;3;;;;;600000;;1;;;;;;;;;;2
20230309;03;2023;7367741;1;1;01;15;1;103.28960907;15;2;1;4;1;3;1;1;1;3;1;1;4;3;1;1;1;1;1;3;1;;;200000000;1000000;;;1;;;;;;;;;;4
20230309;03;2023;7367742;1;1;01;15;1;56.113786947;15;1;1;4;1;4;1;1;1;3;1;1;3;2;1;1;1;1;1;3;2;;400000;98;700000;;;1;;1;;;;;;;;2
20230309;03;2023;7367743;1;1;01;15;1;129.22464745;15;2;1;4;1;3;1;1;1;3;1;1;4;3;1;1;1;1;1;3;3;;;;;870000;;1;;;;;;;;;;4
20230309;03;2023;7367744;1;1;01;15;1;52.850312264;15;1;1;4;1;4;1;1;1;3;1;1;5;3;1;1;1;1;1;3;1;;;280000000;1000000;;;1;;;;;;;;;;3
20230309;03;2023;7367745;1;1;01;15;1;82.519671996;15;2;1;4;1;3;1;1;1;3;1;1;3;1;1;1;1;1;1;3;1;;;80000000;500000;;;1;;;;;;;;;;1
20230309;03;2023;7367746;1;1;01;15;1;48.046359683;15;1;1;4;1;4;1;1;1;3;1;1;3;2;1;1;1;1;1;3;4;;;;800000;;;1;;;1;;1;;;;;3
20230309;03;2023;7367747;1;1;01;15;1;62.30993338;15;2;1;4;1;3;1;1;1;3;1;1;3;2;1;1;1;1;1;3;2;;520000;150000000;850000;;;1;;1;;1;;;;;;2
20230309;03;2023;7367748;1;1;01;15;1;102.45975015;15;2;1;4;1;3;1;1;1;3;1;1;4;3;1;1;1;1;1;3;1;;;200000000;1200000;;;1;;;;;1;;;;;4
20230309;03;2023;7367749;1;1;01;15;1;124.99653339;15;1;1;4;1;2;1;1;1;3;1;1;6;4;1;1;1;1;1;3;1;;;80000000;500000;;;1;;;;;;;;;;5
20230309;03;2023;7367750;1;1;01;15;1;37.393525237;15;1;1;4;1;4;1;1;1;3;1;1;3;1;1;1;1;1;1;3;1;;;98;600000;;;1;;;;;;;;;;1
20230309;03;2023;7367751;1;1;01;15;1;116.85476637;15;2;1;4;1;5;1;1;1;3;1;1;3;1;1;1;1;1;3;3;3;;;;;1100000;;1;;;;;;;;;;1
20230309;03;2023;7367752;1;1;01;15;1;171.44811245;15;2;1;4;1;5;1;1;1;3;1;1;3;2;1;1;1;1;1;3;1;;;250000000;1500000;;;1;;;;;1;;;;;2
20230309;03;2023;7367753;1;1;01;15;1;88.196630059;15;2;1;4;1;2;1;1;1;3;1;1;3;2;1;1;1;1;1;3;1;;;98;350000;;;;;;;;;;1;;;4
20230309;03;2023;7367754;1;1;01;15;1;89.245699011;15;2;1;4;1;4;1;1;1;3;1;1;1;1;1;1;1;1;1;3;1;;;99;1000000;;;1;;;;;;;;;;1
20230309;03;2023;7367755;1;1;01;15;1;137.91171792;15;2;1;4;1;4;1;1;1;3;1;1;3;2;1;1;1;1;1;3;1;;;240000000;800000;;;1;;;;;1;;;;;4
20230309;03;2023;7367756;1;1;01;15;1;116.24959977;15;2;1;4;1;4;1;1;1;3;1;1;3;1;1;1;1;1;3;3;1;;;150000000;1200000;;;1;;;;;;;;;;2
20230309;03;2023;7367757;1;1;01;15;1;142.59253159;15;1;1;4;1;3;1;1;1;3;1;1;4;4;1;1;1;1;1;3;3;;;;;400000;;;;;;;;;1;;;5
20230309;03;2023;7367758;1;1;01;15;1;120.28285588;15;2;1;4;1;2;1;1;1;3;1;1;3;2;1;1;1;1;1;3;3;;;;;450000;;1;;;;;;;;;;2
20230309;03;2023;7367759;1;1;01;15;1;124.10005001;15;2;1;4;1;2;2;1;1;3;1;1;4;3;1;1;1;1;1;4;3;;;;;500000;;1;;;;;;;;;;4
20230309;03;2023;7367760;1;1;01;15;1;87.641074774;15;2;1;4;1;4;1;1;1;3;1;1;3;1;1;1;1;1;1;3;2;;480000;98;800000;;;1;;;;;1;;;;;1
20230309;03;2023;7367761;1;1;01;15;1;60.993344887;15;2;1;4;1;4;1;1;1;3;1;1;2;1;1;1;1;1;1;3;3;;;;;520000;;1;;;;;;;;;;2
20230309;03;2023;7367762;1;1;01;15;1;60.993344887;15;2;1;4;1;4;1;1;1;3;1;1;2;1;1;1;1;1;1;3;3;;;;;600000;;;;;;;;;1;;;2
20230309;03;2023;7367763;1;1;01;15;1;110.89662221;15;1;1;4;1;2;1;1;1;3;1;1;3;2;1;1;1;1;1;3;4;;;;500000;;;1;;;;1;1;;;;;3
20230309;03;2023;7367764;1;1;01;15;1;118.99426535;15;2;1;4;1;5;1;1;1;3;1;1;3;1;1;1;1;1;1;3;2;;1000000;350000000;1500000;;;1;;1;;;;;;;;1
20230309;03;2023;7367765;1;1;01;15;1;126.45500872;15;2;1;3;1;2;1;1;1;3;1;1;3;2;1;1;1;1;1;3;3;;;;;400000;;;;;;;1;;;;;4
20230309;03;2023;7367766;1;1;01;15;1;103.46318895;15;1;1;4;1;2;2;1;1;3;1;1;4;2;1;1;1;1;1;4;4;;;;350000;;;1;;;;;;;;;;4
20230309;03;2023;7367767;1;1;01;15;1;85.811735595;15;2;1;4;1;2;1;1;1;3;1;1;3;2;1;1;1;1;1;3;3;;;;;580000;;1;;;;;;;;;;4
20230309;03;2023;7367768;1;1;01;15;1;141.71319846;15;2;1;4;1;2;2;1;1;3;1;1;3;2;1;1;1;1;1;4;3;;;;;500000;;1;;;;1;;;;;;4
20230309;03;2023;7367770;1;1;01;15;1;103.33297757;15;1;1;4;1;5;1;1;1;3;1;1;3;1;1;1;1;1;1;3;1;;;98;500000;;;1;;;;;;;;;;2
20230309;03;2023;7367771;1;1;01;15;1;59.669704788;15;1;1;4;1;4;1;1;1;3;1;1;4;2;1;1;1;1;1;3;1;;;450000000;2000000;;;1;;;;;;;;;;2
20230309;03;2023;7367772;1;1;01;15;1;56.640285596;15;2;1;4;1;3;1;1;1;3;1;1;3;2;1;1;1;1;1;3;3;;;;;500000;;;;;;;;;1;;;4
20230309;03;2023;7367773;1;1;01;15;1;122.41671305;15;1;1;4;1;1;1;2;1;3;1;1;4;2;2;1;1;1;1;3;3;;;;;300000;;;;;;;;;1;;;3
20230309;03;2023;7367774;1;1;01;15;1;63.202035598;15;1;1;4;1;2;1;1;1;3;1;1;1;1;1;1;1;1;1;3;3;;;;;480000;;;;;;;;;1;;;3
20230309;03;2023;7367775;1;1;01;15;1;211.38356758;15;1;1;4;1;2;1;1;1;3;1;1;5;4;1;1;1;1;1;3;3;;;;;200000;;1;;;;;;;;;;5
20230309;03;2023;7367776;1;1;01;15;1;68.889272002;15;2;1;4;1;2;1;1;1;3;1;1;3;2;1;1;1;1;1;3;3;;;;;600000;;1;;;;;;;;;;2
20230309;03;2023;7367777;1;1;01;15;1;64.462643723;15;1;1;4;1;2;2;1;1;3;1;1;3;2;1;1;1;1;1;4;3;;;;;500000;;;;;;;;;1;;;3
20230309;03;2023;7367778;1;1;01;15;1;77.903177577;15;1;8;4;1;0;2;2;2;;1;1;1;1;2;1;4;1;1;5;1;;;98;300000;;;;;;;;;;1;;;1
20230309;03;2023;7367779;1;1;01;15;1;79.329510232;15;1;1;4;1;4;1;1;1;3;1;1;4;1;1;1;1;1;1;3;1;;;300000000;1400000;;;1;;;;;1;;;;;1
20230309;03;2023;7367780;1;1;01;15;1;37.393525237;15;1;1;4;1;4;1;1;1;3;1;1;3;1;1;1;1;1;1;3;1;;;150000000;800000;;;1;;;;;;;;;;1
20230309;03;2023;7367781;1;1;01;15;1;90.979812462;15;2;1;4;1;1;1;1;1;3;1;1;4;3;1;1;1;1;1;3;2;;370000;48000000;370000;;;;;1;;;;;;;;3
20230309;03;2023;7367782;1;1;01;15;1;100.56538581;15;2;1;4;1;1;1;1;1;3;1;1;3;2;1;1;1;1;1;3;2;;300000;140000000;500000;;;1;;;;;;;;;;3
20230309;03;2023;7367783;1;1;01;15;1;88.196630059;15;2;1;4;1;2;1;1;1;3;1;1;3;2;1;1;1;1;1;3;3;;;;;650000;;1;;;;;;;;;;4
20230309;03;2023;7367784;1;1;01;15;1;52.545738985;15;1;1;4;1;4;1;1;1;3;1;1;4;3;1;1;1;1;1;3;4;;;;800000;;;1;;;;;;;;;;3
20230309;03;2023;7367785;1;1;01;15;1;118.33005546;15;2;1;4;1;1;1;1;1;3;1;1;4;1;1;1;1;1;1;3;2;;200000;130000000;500000;;;;;1;;;;;;;;2
20230309;03;2023;7367786;1;1;01;15;1;130.87188966;15;2;1;4;1;1;1;1;1;3;1;1;4;3;1;1;1;1;1;3;2;;270000;180000000;700000;;;1;;;1;;;;;;;5
20230309;03;2023;7367787;1;1;01;15;1;137.41379095;15;2;1;4;1;1;1;1;1;3;1;1;4;2;1;1;1;1;1;3;2;;400000;150000000;500000;;;1;;1;;;;;;;;3
20230309;03;2023;7367788;1;1;01;15;1;135.98745829;15;2;1;4;1;1;1;1;1;3;1;1;4;3;1;1;1;1;1;3;2;;350000;100000000;400000;;;1;;1;;;;;;;;3
20230309;03;2023;7367789;1;1;01;15;1;79.329510232;15;2;1;4;1;1;1;1;1;3;1;1;3;1;1;1;1;1;1;3;1;;;140000000;500000;;;1;;;;;;;;;;1
20230309;03;2023;7367790;1;1;01;15;1;110.89662221;15;2;1;4;1;1;1;1;1;3;1;1;4;2;1;1;1;1;1;3;4;;;;450000;;;1;;;;;;;;;;3
20230309;03;2023;7367791;1;1;01;15;1;79.329510232;15;1;1;4;1;2;1;1;1;3;1;1;3;1;1;1;1;1;1;3;4;;;;250000;;;1;;;;;;;;;;1
20230309;03;2023;7367792;1;1;01;15;1;146.95809502;15;2;1;4;1;1;1;1;1;3;1;1;3;3;1;1;1;1;1;3;3;;;;;450000;;;;;;;;;1;;;4
20230309;03;2023;7367793;1;1;01;15;1;122.58819371;15;2;1;4;1;1;1;1;1;3;1;1;4;3;1;1;1;1;1;3;2;;280000;120000000;400000;;;1;;1;;;;;;;;4
20230309;03;2023;7367794;1;1;01;15;1;81.863109884;15;2;1;4;1;1;1;1;1;3;1;1;4;3;1;1;1;1;1;3;2;;300000;120000000;300000;;;1;;1;;;;;;;;4
20230309;03;2023;7367795;1;1;01;15;1;142.39773663;15;2;1;4;1;1;1;1;1;3;1;1;3;2;1;1;1;1;1;3;3;;;;;300000;;;;;;;;;1;;;6
20230309;03;2023;7367796;1;1;01;15;1;130.02162696;15;2;1;4;1;1;1;1;1;3;1;1;4;2;1;1;1;1;1;3;3;;;;;350000;;1;;;;;;;;;;3
20230309;03;2023;7367797;1;1;01;15;1;42.76722621;15;2;1;4;1;2;1;1;1;3;1;1;4;2;1;1;1;1;1;3;3;;;;;400000;;1;;;;;;;;;;2
20230309;03;2023;7367798;1;1;01;15;1;127.94973384;15;2;1;4;1;2;1;1;1;3;1;1;4;3;1;1;1;1;1;3;3;;;;;450000;;1;;;;;;;;;;5
20230309;03;2023;7367799;1;1;01;15;1;72.117736575;15;2;1;4;1;3;1;1;1;2;1;1;2;1;1;1;1;1;1;3;3;;;;;450000;1;;;;;;;;;;;1
20230309;03;2023;7367800;1;1;01;15;1;135.23768645;15;1;1;4;1;2;1;1;1;3;1;1;3;2;1;1;1;1;1;3;2;;1200000;160000000;500000;;;1;;;;1;;;;;;7
20230309;03;2023;7367801;1;1;01;15;1;111.44381246;15;2;1;4;1;2;1;1;1;3;1;1;3;2;1;1;1;1;1;3;3;;;;;500000;;;;;;;;;1;;;4
20230309;03;2023;7367802;1;1;01;15;1;124.75869998;15;2;1;4;1;4;1;1;1;3;1;1;3;2;1;1;1;1;1;3;4;;;;1200000;;;1;1;;;;1;;;;;3
20230309;03;2023;7367803;1;1;01;15;1;116.39923358;15;1;1;4;1;3;1;1;1;3;1;1;3;2;1;1;1;1;1;3;1;;;120000000;800000;;;1;;;;;;;;;;2
20230309;03;2023;7367804;1;1;01;15;1;82.831038824;15;2;1;4;1;2;1;1;1;3;1;1;3;1;1;1;1;1;1;3;3;;;;;450000;;1;;;;;;;;;;2
20230309;03;2023;7367805;1;1;01;15;1;90.686277269;15;1;1;4;1;3;1;1;1;7;1;1;5;2;1;1;1;1;1;3;1;;;250000000;400000;;;1;;;;;;;;;;2
20230309;03;2023;7367806;1;1;01;15;1;96.986913062;15;2;1;4;1;1;1;1;1;3;1;1;3;2;1;1;1;1;1;3;3;;;;;450000;;;;;;;;;1;;;2
20230309;03;2023;7367807;1;1;01;15;1;79.884529975;15;2;1;4;1;2;1;1;1;3;1;1;2;1;1;1;1;1;3;3;3;;;;;250000;;1;;;;;;;;;;2
20230309;03;2023;7367808;1;1;01;15;1;117.4969812;15;1;1;4;1;5;1;1;1;3;1;1;4;3;1;1;1;1;1;3;3;;;;;1300000;;1;;;;;;;;;;3
20230309;03;2023;7367809;1;1;01;15;1;81.32445985;15;2;1;4;1;5;1;1;1;3;1;1;2;1;1;1;1;1;1;3;3;;;;;675000;;1;;;;;;;;;;1
20230309;03;2023;7367810;1;1;01;15;1;81.32445985;15;2;1;4;1;5;1;1;1;3;1;1;2;1;1;1;1;1;1;3;3;;;;;770000;;1;;;;;;;;;;1
20230309;03;2023;7367811;1;1;01;15;1;81.396366894;15;2;1;4;1;3;1;1;1;3;1;1;3;2;1;1;1;1;1;3;3;;;;;640000;;;;;;;;;1;;;3
20230309;03;2023;7367812;1;1;01;15;1;98.743268491;15;3;1;4;1;3;1;1;1;3;1;1;1;1;1;1;1;1;1;3;3;;;;;250000;;;;;;;;;1;;;1
20230309;03;2023;7367813;1;1;01;17;1;189.15291131;17;2;1;4;1;4;1;1;1;2;1;1;6;2;1;1;1;1;1;3;1;;;160000000;800000;;;1;;1;;;1;;;;;4
20230309;03;2023;7367814;1;1;01;17;1;166.10136481;17;2;1;4;1;4;1;1;1;2;1;1;5;2;1;1;1;1;1;3;1;;;145000000;900000;;;1;;;;;;;;;;3
20230309;03;2023;7367815;1;1;01;17;1;194.18890241;17;2;1;4;1;4;1;1;1;2;1;1;4;2;1;1;1;1;1;3;3;;;;;650000;;1;;;;;;;;;;3
20230309;03;2023;7367816;1;1;01;17;1;198.4576705;17;2;1;4;1;4;1;1;1;2;1;1;3;2;1;1;1;1;1;3;3;;;;;500000;;1;;;;;1;;;;;4
20230309;03;2023;7367817;1;1;01;17;1;158.84208075;17;2;1;4;1;4;1;1;1;2;1;1;3;2;1;1;1;1;1;4;3;;;;;900000;;1;;;;;;;;;;3
20230309;03;2023;7367818;1;1;01;17;1;199.77104127;17;2;1;4;1;4;1;1;1;2;1;1;4;3;1;1;1;1;1;3;2;;1200000;130000000;1000000;;;1;;1;;;1;;;;;4
20230309;03;2023;7367819;1;1;01;17;1;163.95224617;17;2;1;2;1;1;1;1;1;2;1;1;2;1;1;1;1;1;1;3;6;;;;500000;;;1;;;;;;;;;;4
20230309;03;2023;7367820;1;1;01;17;1;97.503360189;17;2;1;2;1;1;2;1;1;2;1;1;1;1;1;1;1;1;1;4;1;;;35000000;600000;;;1;;;;;;;;;;2
20230309;03;2023;7367821;1;1;01;17;1;121.55186283;17;2;1;2;1;1;2;1;1;2;1;1;3;1;1;1;1;1;1;4;1;;;120000000;700000;;;1;;;;1;1;;;;;2
20230309;03;2023;7367822;1;1;01;17;1;77.325312941;17;1;4;2;1;1;1;1;1;2;1;1;2;1;1;1;1;1;1;3;4;;;;80000;;;;;;;;;;1;;;1
20230309;03;2023;7367823;1;1;01;17;1;92.53985233;17;2;1;4;1;1;1;1;1;2;1;1;6;2;1;1;1;1;1;3;4;;;;500000;;;1;;;;;;;;;;4
20230309;03;2023;7367824;1;1;01;17;1;141.23621511;17;1;1;4;1;1;1;1;1;2;1;1;4;3;1;1;1;1;1;3;1;;;100000000;600000;;;;;;;;;;1;;;6
20230309;03;2023;7367825;1;1;01;17;1;109.8509617;17;1;1;4;1;1;1;1;1;2;1;1;3;1;1;1;1;1;1;3;1;;;90000000;500000;;;1;;;;1;1;;;;;2
20230309;03;2023;7367826;1;1;01;17;1;109.8509617;17;2;1;4;1;1;1;1;1;2;1;1;2;1;1;1;1;1;1;3;3;;;;;350000;;;;;;;;;1;;;2
20230309;03;2023;7367828;1;1;01;17;1;152.1116088;17;1;1;4;1;2;1;1;1;2;1;1;6;5;1;1;1;1;1;3;1;;;120000000;600000;;;1;;;;;;;;;;7
20230309;03;2023;7367829;1;1;01;17;1;206.69408946;17;2;1;4;1;1;1;1;1;2;1;1;2;1;1;1;1;1;1;3;4;;;;400000;;;;;;;;;;1;;;1
20230309;03;2023;7367830;1;1;01;17;1;174.82570391;17;1;1;4;1;2;1;1;1;2;1;1;4;3;1;1;1;1;1;3;3;;;;;550000;;;;;;;;;1;;;7
20230309;03;2023;7367831;1;1;01;17;1;209.27776558;17;2;1;4;1;6;1;1;1;2;1;1;3;1;1;1;1;1;1;3;1;;;260000000;2000000;;;1;;;;;;;;;;1
20230309;03;2023;7367832;1;1;01;17;1;180.87534698;17;2;1;4;1;3;1;1;1;2;1;1;3;1;1;1;1;1;1;3;3;;;;;500000;;1;;;;;;;;;;1
20230309;03;2023;7367833;1;1;01;17;1;174.94842922;17;2;1;4;1;2;1;1;1;2;1;1;3;2;1;1;1;1;1;3;3;;;;;450000;;1;;;;;;;;;;5
20230309;03;2023;7367834;1;1;01;17;1;260.44248618;17;2;1;4;1;1;1;1;1;2;1;1;4;3;1;1;1;1;1;3;2;;479000;95000000;600000;;;1;;1;;1;;;;;;4
20230309;03;2023;7367835;1;1;01;17;1;206.68294466;17;2;1;4;1;3;1;1;1;2;1;1;1;1;1;1;1;1;1;3;3;;;;;400000;;1;;;;;;;;;;1
20230309;03;2023;7367836;1;1;01;17;1;284.89203197;17;2;1;4;1;3;1;1;1;2;1;1;4;3;1;1;1;1;1;3;1;;;160000000;600000;;;1;;1;;;1;;;;;5
20230309;03;2023;7367837;1;1;01;17;1;209.27776558;17;2;1;3;1;6;1;1;1;2;1;1;2;1;1;1;1;1;1;3;1;;;200000000;1000000;;;1;;;;;;;;;;1
20230309;03;2023;7367838;1;1;01;17;1;263.28464463;17;2;1;4;1;3;1;1;1;2;1;1;4;1;1;1;1;1;1;3;2;;450000;150000000;800000;;;1;;1;;;1;;;;;1
20230309;03;2023;7367839;1;1;01;17;1;132.15659791;17;2;1;4;1;2;1;1;1;2;1;1;4;3;1;1;1;1;1;3;1;;;180000000;500000;;;;;;;;;;1;;;4
20230309;03;2023;7367840;1;1;01;17;1;190.40865863;17;2;1;4;1;2;1;1;1;2;1;1;4;2;1;1;1;1;1;3;3;;;;;400000;;;;;;;;;1;;;4
20230309;03;2023;7367841;1;1;01;17;1;202.95022915;17;2;1;3;1;3;1;1;1;2;1;1;4;2;1;1;1;1;1;3;2;;99;180000000;650000;;;1;;1;;1;1;;;;;3
20230309;03;2023;7367842;1;1;01;17;1;192.37195538;17;1;1;4;1;3;1;1;1;2;1;1;6;4;1;1;1;1;1;3;4;;;;800000;;;1;;;;;;;;;;4
20230309;03;2023;7367843;1;1;01;17;1;221.36839961;17;1;4;6;1;1;1;1;1;2;1;1;3;1;1;1;1;1;1;3;1;;;40000000;500000;;;1;;;;1;;;;;;2
20230309;03;2023;7367844;1;1;01;17;1;205.14700023;17;2;1;4;1;6;1;1;1;2;1;1;2;1;1;1;1;1;1;3;3;;;;;1050000;;1;;;;;;;;;;1
20230309;03;2023;7367845;1;1;01;17;1;169.84962452;17;2;1;4;1;3;1;1;1;2;1;1;4;3;1;1;1;1;1;3;3;;;;;800000;;1;;;;;;;;;;3
20230309;03;2023;7367846;1;1;01;17;1;122.1241866;17;1;1;4;1;3;1;1;1;2;1;1;3;1;1;1;1;1;1;3;1;;;280000000;800000;;;1;;;;;;;;;;2
20230309;03;2023;7367847;1;1;01;17;1;230.70061842;17;2;1;4;1;1;1;1;1;2;1;1;3;2;1;1;1;1;1;3;4;;;;500000;;;1;;;;;;;;;;3
20230309;03;2023;7367848;1;1;01;17;1;228.12520381;17;2;1;4;1;6;1;1;1;2;1;1;3;1;1;1;1;1;1;3;1;;;99;1800000;;;1;;;;;1;;;;;1
20230309;03;2023;7367849;1;1;01;17;1;166.20262803;17;2;1;4;1;2;1;1;1;2;1;1;3;2;1;1;1;1;1;3;4;;;;500000;;;1;;;;;;;;;;2
20230309;03;2023;7367850;1;1;01;17;1;157.4453931;17;2;1;4;1;2;1;1;1;2;1;1;3;2;1;1;1;1;1;3;4;;;;500000;;;1;;;;;;;;;;3
20230309;03;2023;7367851;1;1;01;17;1;199.46475395;17;2;1;4;1;3;1;1;1;2;1;1;3;1;1;1;1;1;1;3;3;;;;;580000;;1;;;;;;;;;;2
20230309;03;2023;7367853;1;1;01;17;1;247.67430276;17;2;1;4;1;3;1;1;1;2;1;1;3;2;1;1;1;1;1;3;2;;650000;180000000;800000;;;1;;1;;;;;;;;3
20230309;03;2023;7367854;1;1;01;17;1;186.02468051;17;1;1;3;1;3;2;1;1;2;1;1;3;1;1;1;1;1;1;4;5;;;;300000;;;;;;;;;;1;;;1
20230309;03;2023;7367855;1;1;01;17;1;153.70267954;17;2;1;4;1;3;1;1;1;2;1;1;4;2;1;1;1;1;1;3;2;;620000;180000000;700000;;;1;;1;;;;;;;;2
20230309;03;2023;7367856;1;1;01;17;1;199.23155965;17;1;1;4;1;3;1;1;1;2;1;1;3;2;1;1;1;1;1;3;1;;;99;500000;;;1;;;;;;;;;;2
20230309;03;2023;7367857;1;1;01;17;1;201.73358265;17;2;1;4;1;3;1;1;1;2;1;1;3;2;1;1;1;1;1;3;1;;;99;700000;;;1;;1;1;;;;;;;4
20230309;03;2023;7367859;1;1;01;17;1;131.52551024;17;2;1;4;1;6;1;1;1;2;1;1;3;1;1;1;1;1;1;3;3;;;;;1200000;;1;;;;;;;;;;1
20230309;03;2023;7367860;1;1;01;17;1;204.55807516;17;2;1;4;1;2;1;1;1;2;1;1;4;3;1;1;1;1;1;3;3;;;;;570000;;1;;;;;;;;;;4
20230309;03;2023;7367861;1;1;01;17;1;127.65451542;17;2;1;4;1;6;1;1;1;2;1;1;4;2;1;1;1;1;1;3;3;;;;;1500000;;1;;;;;;;;;;3
20230309;03;2023;7367862;1;1;01;17;1;139.09222474;17;2;1;4;1;2;1;1;1;2;1;1;4;3;1;1;1;1;1;3;4;;;;700000;;;1;;;;1;1;;;;;4
20230309;03;2023;7367863;1;1;01;17;1;137.67308832;17;2;1;4;1;6;1;1;1;2;1;1;4;2;1;1;1;1;1;3;1;;;380000000;1300000;;;1;;;;1;;;;;;3
20230309;03;2023;7367864;1;1;01;17;1;126.78371978;17;1;1;4;1;6;1;1;1;2;1;1;3;1;1;1;1;1;1;3;1;;;99;2000000;;;1;;;;;1;;;;;2
20230309;03;2023;7367865;1;1;01;17;1;131.52551024;17;2;1;4;1;6;1;1;1;2;1;1;1;1;1;1;1;1;1;3;3;;;;;600000;;1;;;;1;;;;;;1
20230309;03;2023;7367866;1;1;01;17;1;115.10249353;17;3;1;4;1;6;1;1;1;2;1;1;1;1;1;1;1;1;1;3;4;;;;320000;;;1;;;;;;;;;;1
20230309;03;2023;7367867;1;1;01;17;1;165.90923913;17;1;1;4;1;2;1;1;1;2;1;1;2;1;1;1;1;1;1;3;1;;;80000000;400000;;;1;;;;;;;;;;1
20230309;03;2023;7367868;1;1;01;17;1;192.01336895;17;2;1;4;1;3;1;1;1;2;1;1;4;2;1;1;1;1;1;3;4;;;;700000;;;1;;;;;;;;;;3
20230309;03;2023;7367869;1;1;01;17;1;211.30234799;17;2;1;6;1;3;1;1;1;2;1;1;4;2;1;1;1;1;1;3;3;;;;;700000;;1;;;;;;;;;;3
20230309;03;2023;7367870;1;1;01;17;1;231.14559549;17;2;1;4;1;2;1;1;1;2;1;1;3;2;1;1;1;1;1;3;2;;500000;120000000;700000;;;1;;;;;;;;;;5
20230309;03;2023;7367871;1;1;01;17;1;192.01336895;17;2;1;4;1;3;1;1;1;2;1;1;4;3;1;1;1;1;1;3;3;;;;;600000;;1;;;;;;;;;;3
20230309;03;2023;7367872;1;1;01;17;1;160.00344674;17;1;1;4;1;2;1;1;1;2;1;1;3;1;1;1;1;1;1;4;1;;;98;600000;;;1;;;;;;;;;;2
20230309;03;2023;7367873;1;1;01;17;1;204.84351401;17;2;1;4;1;3;1;1;1;2;1;1;4;3;1;1;1;1;1;3;3;;;;;700000;;1;;;;;;;;;;3
20230309;03;2023;7367874;1;1;01;17;1;186.83688221;17;1;1;4;1;1;1;1;1;2;1;1;3;2;1;1;1;1;1;3;3;;;;;700000;;1;;;;1;1;;;;;5
20230309;03;2023;7367876;1;1;01;17;1;192.30526623;17;2;1;2;1;2;1;1;1;2;1;1;4;2;1;1;1;1;1;3;2;;200000;80000000;500000;;;1;;;;;;;;;;3
20230309;03;2023;7367877;1;1;01;17;1;169.83543563;17;1;1;4;1;2;1;1;1;2;1;1;3;2;1;1;1;1;1;3;1;;;70000000;550000;;;1;;;;;;;;;;2
20230309;03;2023;7367878;1;1;01;17;1;177.09471969;17;1;1;2;1;2;1;1;1;2;1;1;3;2;1;1;1;1;1;3;1;;;50000000;500000;;;;;;;;;;1;;;2
20230309;03;2023;7367879;1;1;01;17;1;158.93910205;17;1;1;4;1;2;1;1;1;2;1;1;4;2;1;1;1;1;1;3;1;;;100000000;600000;;;1;;;;;1;;;;;2
20230309;03;2023;7367880;1;1;01;17;1;122.1241866;17;1;1;4;1;3;1;1;1;2;1;1;3;2;1;1;1;1;1;3;4;;;;600000;;;1;;;;;;;;;;2
20230309;03;2023;7367881;1;1;01;17;1;207.02538697;17;2;1;4;1;2;1;1;1;2;1;1;3;1;1;1;1;1;1;3;3;;;;;450000;;1;;;;;;;;;;3
20230309;03;2023;7367882;1;1;01;17;1;189.68090535;17;2;1;4;1;4;1;1;1;2;1;1;4;2;1;1;1;1;1;3;3;;;;;700000;;1;;;;;;;;;;3
20230309;03;2023;7367883;1;1;01;17;1;199.23155965;17;2;1;4;1;4;1;1;1;2;1;1;4;1;1;1;1;1;1;3;1;;;200000000;1000000;;;1;;;;;;;;;;2
20230309;03;2023;7367884;1;1;01;17;1;80.337987471;17;1;1;4;1;3;1;1;1;2;1;1;5;1;1;1;1;1;1;3;1;;;180000000;700000;;;;;;;;;;1;;;1
20230309;03;2023;7367885;1;1;01;17;1;186.02468051;17;2;1;4;1;4;1;1;1;2;1;1;4;1;1;1;1;1;1;3;3;;;;;98;;;;;;;;;1;;;1
20230309;03;2023;7367886;1;1;01;17;1;170.885834;17;1;1;4;1;2;1;1;1;2;1;1;6;2;1;1;1;1;1;3;2;;587000;100000000;700000;;;1;;1;;;;;;;;3
20230309;03;2023;7367887;1;1;01;17;1;174.05262729;17;1;1;4;1;2;2;1;1;2;1;1;2;2;1;1;1;1;1;4;3;;;;;500000;;1;;;;;;;;;;4
20230309;03;2023;7367888;1;1;01;17;1;217.51956701;17;2;1;4;1;4;1;1;1;2;1;1;5;2;1;1;1;1;1;3;3;;;;;1200000;;1;;;;;1;;;;;3
20230309;03;2023;7367889;1;1;01;17;1;217.51956701;17;2;1;4;1;4;1;1;1;2;1;1;4;2;1;1;1;1;1;3;2;;1500000;250000000;1500000;;;1;;1;;;1;;;;;3
20230309;03;2023;7367890;1;1;01;17;1;153.12357583;17;2;1;4;1;2;1;1;1;2;1;1;4;2;1;1;1;1;1;3;3;;;;;350000;;;;;;;;;1;;;3
20230309;03;2023;7367891;1;1;01;17;1;117.22685728;17;2;1;4;1;3;1;1;1;2;1;1;4;1;1;1;1;1;1;3;3;;;;;700000;;1;;;;;;;;;;1
20230309;03;2023;7367892;1;1;01;17;1;126.2876497;17;2;1;4;1;3;1;1;1;2;1;1;3;1;1;1;1;1;1;3;3;;;;;600000;;1;;;;;;;;;;2
20230309;03;2023;7367893;1;1;01;17;1;186.09286629;17;2;1;4;1;4;1;1;1;2;1;1;4;2;1;1;1;1;1;3;3;;;;;900000;;1;;;;;;;;;;2
20230309;03;2023;7367894;1;1;01;17;1;203.13654537;17;2;1;4;1;4;1;1;1;2;1;1;4;2;1;1;1;1;1;3;2;;600000;250000000;600000;;;1;;1;1;;1;;;;;2
20230309;03;2023;7367896;1;1;01;17;1;199.46475395;17;2;1;4;1;4;1;1;1;2;1;1;4;1;1;1;1;1;1;3;2;;1000000;200000000;800000;;;1;;1;;;1;;;;;2
20230309;03;2023;7367897;1;1;01;17;1;143.90249877;17;2;1;4;1;2;1;1;1;2;1;1;4;3;1;1;1;1;1;3;1;;;200000000;800000;;;1;;;;;;;;;;4
20230309;03;2023;7367898;1;1;01;17;1;178.11471973;17;2;1;4;1;3;1;1;1;2;1;1;4;3;1;1;1;1;1;3;1;;;25000000;800000;;;1;;;;;;;;;;5
20230309;03;2023;7367899;1;1;01;17;1;231.96061214;17;2;1;4;1;4;1;1;1;2;1;1;4;2;1;1;1;1;1;3;2;;1500000;250000000;1500000;;;1;;1;;;;;;;;3
20230309;03;2023;7367900;1;1;01;17;1;209.29375963;17;2;1;4;1;5;1;1;1;2;1;1;4;1;1;1;1;1;1;3;1;;;220000000;1300000;;;1;;;;1;;;;;;2
20230309;03;2023;7367901;1;1;01;17;1;156.61408825;17;1;1;2;1;2;1;1;1;2;1;1;4;2;1;1;1;1;1;3;2;;99;99;500000;;;1;;;;;;;;;;3
20230309;03;2023;7367903;1;1;01;17;1;250.01542519;17;2;1;4;1;4;1;1;1;2;1;1;4;2;1;1;1;1;1;3;2;;1500000;240000000;1500000;;;1;;1;;;1;;;;;4
20230309;03;2023;7367904;1;1;01;17;1;110.70012499;17;2;1;4;1;3;1;1;1;2;1;1;3;2;1;1;1;1;1;3;3;;;;;550000;;1;;;;;;;;;;3
20230309;03;2023;7367905;1;1;01;17;1;217.12147722;17;2;1;4;1;5;1;1;1;2;1;1;2;1;1;1;1;1;1;3;3;;;;;700000;;1;;;;;;;;;;1
20230309;03;2023;7367906;1;1;01;17;1;183.97988518;17;2;1;4;1;5;1;1;1;2;1;1;2;1;1;1;1;1;1;3;2;;760000;110000000;800000;;;1;;1;;1;;;;;;2
20230309;03;2023;7367907;1;1;01;17;1;180.84757658;17;3;4;3;1;3;1;1;1;2;1;1;1;1;1;2;1;1;1;3;3;;;;;210000;;;;;;;;;1;;;1
20230309;03;2023;7367908;1;1;01;17;1;169.30729519;17;2;1;4;1;3;1;1;1;2;1;1;3;2;1;1;1;1;1;3;3;;;;;600000;;1;;;;;;;;;;4
20230309;03;2023;7367909;1;1;01;17;1;100.63856704;17;2;1;4;1;3;1;1;1;2;1;1;3;2;1;1;1;1;1;3;3;;;;;700000;;1;;;;;;;;;;3
20230309;03;2023;7367910;1;1;01;17;1;224.13550461;17;2;1;4;1;4;1;1;1;2;1;1;3;2;1;1;1;1;1;3;1;;;400000000;1500000;;;1;;;;;1;;;;;2
20230309;03;2023;7367911;1;1;01;17;1;228.12520381;17;2;1;4;1;4;1;1;1;2;1;1;3;1;1;1;1;1;1;3;4;;;;900000;;;1;;;;;;;;;;1
20230309;03;2023;7367912;1;1;01;17;1;87.268783161;17;2;1;4;1;3;1;1;1;2;1;1;4;1;1;1;1;1;1;3;3;;;;;700000;;1;;;;;;;;;;1
20230309;03;2023;7367913;1;1;01;17;1;209.27776558;17;2;1;4;1;4;1;1;1;2;1;1;2;1;1;1;1;1;1;3;3;;;;;1050000;;1;;;;;1;;;;;1
20230309;03;2023;7367914;1;1;01;17;1;122.78781197;17;2;1;4;1;3;1;1;1;2;1;1;2;1;1;1;1;1;1;3;3;;;;;580000;;1;;;;;;;;;;1
20230309;03;2023;7367915;1;1;01;17;1;131.5952365;17;2;1;4;1;2;1;1;1;2;1;1;3;1;1;1;1;1;1;3;3;;;;;550000;;1;;;;;;;;;;2
20230309;03;2023;7367916;1;1;01;17;1;231.52735778;17;2;1;4;1;3;1;1;1;2;1;1;4;1;1;1;1;1;1;3;2;;650000;160000000;700000;;;1;;1;;;;;;;;2
20230309;03;2023;7367917;1;1;01;17;1;215.89224748;17;2;1;4;1;4;1;1;1;2;1;1;5;3;1;1;1;1;1;3;3;;;;;1000000;;1;;;;;;;;;;4
20230309;03;2023;7367918;1;1;01;17;1;205.14700023;17;2;1;4;1;4;1;1;1;2;1;1;3;1;1;1;1;1;1;3;1;;;400000000;1400000;;;1;1;;;1;1;;;;;1
20230309;03;2023;7367919;1;1;01;17;1;65.7831636;17;2;1;6;1;3;1;1;1;2;1;1;4;2;1;1;1;1;1;3;3;;;;;540000;;1;;;;;;;;;;2
20230309;03;2023;7367920;1;1;01;17;1;80.337987471;17;1;1;4;1;3;1;1;1;2;1;1;5;1;1;1;1;1;1;3;1;;;99;99;;;1;;;;;;;;;;1
20230309;03;2023;7367921;1;1;01;18;1;179.21710779;18;2;1;4;1;2;2;1;1;2;1;1;4;2;1;1;1;1;1;4;3;;;;;320000;;1;;;;;;;;;;3
20230309;03;2023;7367923;1;1;01;18;1;103.88178333;18;2;1;4;1;2;1;1;1;2;1;1;4;2;1;1;1;1;1;3;3;;;;;410000;;;;;;;;;1;;;2
20230309;03;2023;7367925;1;1;01;18;1;125.88262686;18;1;1;4;1;1;1;1;1;2;1;1;4;1;1;1;1;1;1;3;3;;;;;650000;;1;;;;;;;;;;1
20230309;03;2023;7367927;1;1;01;18;1;82.396185641;18;2;1;4;1;2;1;1;1;2;1;1;4;1;1;1;1;1;1;3;3;;;;;300000;;1;;;;;;;;;;1
20230309;03;2023;7367929;1;1;01;18;1;79.421507852;18;2;1;4;1;2;1;1;1;2;1;1;4;2;1;1;1;1;1;3;3;;;;;250000;;;;;;;;;1;;;2
20230309;03;2023;7367931;1;1;01;18;1;116.83643625;18;1;1;4;1;2;1;1;1;2;1;1;5;3;1;1;1;1;1;3;3;;;;;400000;;1;;;;;;;;;;5
20230309;03;2023;7367933;1;1;01;18;1;83.323654411;18;2;1;4;1;2;2;1;1;2;1;1;4;2;1;1;1;1;1;4;1;;;180000000;500000;;;1;;;;;;;;;;2
20230309;03;2023;7367935;1;1;01;18;1;103.12980783;18;2;1;4;1;1;1;1;1;2;1;1;5;3;1;1;1;1;1;3;3;;;;;400000;;1;;;;;;;;;;5
20230309;03;2023;7367937;1;1;01;18;1;93.776745731;18;1;1;4;1;1;2;2;1;2;1;1;4;1;2;1;1;1;1;4;1;;;100000000;300000;;;;;;;;;;1;;;1
20230309;03;2023;7367939;1;1;01;18;1;57.76109662;18;1;1;4;1;2;1;1;1;2;1;1;4;2;1;1;1;1;1;3;1;;;120000000;400000;;;1;;;;;;;;;;2
20230309;03;2023;7367941;1;1;01;18;1;92.246955754;18;2;1;4;1;1;1;1;1;2;1;1;4;1;1;1;1;1;1;3;3;;;;;350000;;;;;;;;;1;;;2
20230309;03;2023;7367943;1;1;01;18;1;46.797745167;18;1;1;4;1;2;1;1;1;2;1;1;3;2;1;1;1;1;3;3;1;;;99;99;;;;;;;;;;1;;;4
20230309;03;2023;7367944;1;1;01;18;1;68.201269622;18;2;1;4;1;2;2;1;1;2;1;1;2;1;1;1;1;1;3;4;3;;;;;300000;;;;;;;;;1;;;1
20230309;03;2023;7367945;1;1;01;18;1;107.56187137;18;1;1;4;1;2;1;1;1;2;1;1;3;2;1;1;1;1;3;3;3;;;;;300000;;1;;;;1;;;;;;2
20230309;03;2023;7367946;1;1;01;18;1;115.78131549;18;1;1;4;1;2;1;1;1;2;1;1;4;3;1;1;1;1;3;3;1;;;99;99;;;1;;;;1;;;;;;6
20230309;03;2023;7367947;1;1;01;18;1;81.341634365;18;2;1;4;1;2;2;1;1;2;1;1;2;1;1;1;1;1;3;4;3;;;;;350000;;;;;;;;;1;;;3
20230309;03;2023;7367948;1;1;01;18;1;93.776745731;18;1;1;4;1;2;1;1;1;2;1;1;4;1;1;1;1;1;3;3;4;;;;99;;;;;;;;;;1;;;1
20230309;03;2023;7367949;1;1;01;18;1;115.87583188;18;1;1;4;1;1;1;1;1;2;1;1;4;3;1;1;1;1;3;3;4;;;;99;;;1;;;;1;;;;;;6
20230309;03;2023;7367950;1;1;01;18;1;108.67377143;18;2;1;4;1;1;1;1;1;2;1;1;3;2;1;1;1;1;3;3;1;;;50000000;200000;;;1;;;;1;;;;;;3
20230309;03;2023;7367951;1;1;01;18;1;70.714655546;18;1;1;4;1;1;1;2;1;2;1;1;1;1;2;1;1;1;3;3;1;;;99;300000;;;1;;;;;;;;;;2
20230309;03;2023;7367952;1;1;01;18;1;75.178085429;18;1;1;4;1;1;1;2;1;2;1;1;4;3;2;1;1;1;3;3;4;;;;300000;;;1;;;;;;;;;;6
20230309;03;2023;7367953;1;1;01;18;1;99.803339728;18;1;1;4;1;2;1;1;1;2;1;1;4;2;1;1;1;1;3;3;3;;;;;400000;;1;;;;1;;;;;;3
20230309;03;2023;7367954;1;1;01;18;1;129.65431872;18;1;1;4;1;1;1;1;1;2;1;1;3;2;1;1;1;1;3;3;3;;;;;200000;;;;;;;;;1;;;4
20230309;03;2023;7367955;1;1;01;18;1;120.23592546;18;2;1;4;1;2;1;1;1;2;1;1;3;1;1;1;1;1;1;3;3;;;;;270000;;;;;;;;;1;;;1
20230309;03;2023;7367956;1;1;01;18;1;85.882803901;18;2;1;2;1;2;1;1;1;2;1;1;2;1;1;1;1;1;6;;4;;;;300000;;;1;;;;;;;;;;1
20230309;03;2023;7367957;1;1;01;18;1;118.15727616;18;2;1;4;1;2;1;1;1;2;1;1;3;2;1;1;1;1;1;3;4;;;;400000;;;1;;;;;;;;;;4
20230309;03;2023;7367958;1;1;01;18;1;102.04123125;18;1;1;4;1;1;1;1;1;2;1;1;4;2;1;1;1;1;1;3;3;;;;;400000;;1;;;;;;;;;;3
20230309;03;2023;7367959;1;1;01;18;1;63.741762207;18;2;1;4;1;1;1;1;1;2;1;1;3;1;1;1;1;1;1;3;3;;;;;330000;;1;;;;;;;;;;1
20230309;03;2023;7367960;1;1;01;18;1;113.58597404;18;2;1;4;1;1;1;1;1;2;1;1;4;3;1;1;1;1;1;3;4;;;;400000;;;1;;;;;;;;;;4
20230309;03;2023;7367961;1;1;01;18;1;128.01221985;18;2;1;4;1;1;1;2;1;2;1;1;4;1;2;1;1;1;1;3;3;;;;;250000;;1;;;;;;;;;;3
20230309;03;2023;7367962;1;1;01;18;1;66.58808539;18;1;1;4;1;2;1;1;1;2;1;1;4;1;1;1;1;1;1;3;4;;;;500000;;;1;;;;;;;;;;1
20230309;03;2023;7367963;1;1;01;18;1;70.959336197;18;1;1;4;1;2;1;1;1;2;1;1;3;2;1;1;1;1;1;3;3;;;;;320000;;1;;;;;;;;;;2
20230309;03;2023;7367964;1;1;01;18;1;114.73266279;18;1;1;4;1;1;1;1;1;2;1;1;4;2;1;1;1;1;1;3;3;;;;;430000;;1;;;;;;;;;;2
20230309;03;2023;7367966;1;1;01;18;1;69.436378676;18;1;1;4;1;1;1;1;1;2;1;1;3;2;1;1;1;1;1;3;1;;;99;400000;;;1;;;;;;;;;;2
20230309;03;2023;7367967;1;1;01;18;1;96.365835013;18;2;1;2;1;1;1;1;1;2;1;1;3;2;1;1;1;1;1;3;7;VIVIENDA FAMILIAR;;;400000;;;;;;;;;;1;;;3
20230309;03;2023;7367968;1;1;01;18;1;58.42994869;18;1;1;2;1;1;1;1;1;2;1;1;3;1;1;1;1;1;1;3;3;;;;;350000;;;;;;;;;1;;;1
20230309;03;2023;7367969;1;1;01;18;1;122.92785299;18;1;1;2;1;1;1;1;1;2;1;1;2;1;1;1;1;1;1;3;1;;;99;200000;;;;;;;;;;1;;;2
20230309;03;2023;7367970;1;1;01;18;1;122.2081711;18;1;1;2;1;1;2;1;1;2;1;1;4;1;1;1;1;1;1;4;3;;;;;300000;;;;;;;;;1;;;3
20230309;03;2023;7367971;1;1;01;18;1;97.523919583;18;2;1;4;1;1;1;1;1;2;1;1;3;2;1;1;1;1;1;3;1;;;99;250000;;;;;;;;;;1;;;3
20230309;03;2023;7367972;1;1;01;18;1;130.86903452;18;2;1;4;1;1;1;1;1;2;1;1;2;1;1;1;1;1;1;3;3;;;;;260000;;;;;;;;;1;;;1
20230309;03;2023;7367973;1;1;01;18;1;125.55609241;18;1;1;2;1;1;1;1;1;2;1;1;2;1;1;1;1;1;1;3;3;;;;;240000;;1;;;;;;;;;;1
20230309;03;2023;7367974;1;1;01;18;1;76.800086672;18;2;1;2;1;2;1;1;1;2;1;1;3;2;1;1;1;1;1;3;3;;;;;320000;;;;;;;;;1;;;3
20230309;03;2023;7367975;1;1;01;18;1;86.180551014;18;1;1;2;1;1;1;1;1;2;1;1;3;2;1;1;1;1;1;3;3;;;;;120000;;;;;;;;;1;;;3
20230309;03;2023;7367976;1;1;01;18;1;112.24535437;18;2;1;2;1;1;2;1;1;2;1;1;3;2;1;1;1;1;1;4;3;;;;;200000;;1;;;;;;;;;;3
20230309;03;2023;7367977;1;1;01;18;1;106.33343259;18;1;1;2;1;1;1;1;1;2;1;1;3;1;1;1;1;1;1;3;3;;;;;250000;;;;;;;;;1;;;2
20230309;03;2023;7367978;1;1;01;18;1;90.315229245;18;1;1;4;1;1;1;1;1;2;1;1;3;2;1;1;1;1;1;3;1;;;99;300000;;;;;;;;;;1;;;7
20230309;03;2023;7367979;1;1;01;18;1;106.21346642;18;2;1;4;1;1;1;1;1;2;1;1;2;1;1;1;1;1;1;3;3;;;;;500000;;1;;;;;;;;;;1
20230309;03;2023;7367980;1;1;01;18;1;64.758154992;18;1;1;2;1;1;1;1;1;2;1;1;3;2;1;1;1;1;1;3;1;;;99;300000;;;;;;;;;;1;;;4
20230309;03;2023;7367981;1;1;01;18;1;58.033449152;18;1;1;2;1;1;1;1;1;2;1;1;3;2;1;1;1;1;1;3;1;;;99;400000;;;;;;;;;;1;;;3
20230309;03;2023;7367982;1;1;01;18;1;99.915736579;18;2;1;4;1;2;1;1;1;2;1;1;3;2;1;1;1;1;1;3;3;;;;;500000;;1;;;;;;;;;;4
20230309;03;2023;7367983;1;1;01;18;1;104.07510181;18;2;1;2;1;1;1;1;1;2;1;1;3;2;1;1;1;1;3;3;3;;;;;220000;;;;;;;;;1;;;3
20230309;03;2023;7367984;1;1;01;18;1;79.571767032;18;1;5;1;1;1;1;1;1;2;1;1;1;1;1;1;1;1;3;3;5;;;;100000;;;;;;;;;;1;;;4
20230309;03;2023;7367985;1;1;01;18;1;101.2924365;18;1;1;2;1;1;1;1;1;2;1;1;3;2;1;1;1;1;3;3;3;;;;;200000;;;;;;;;;1;;;4
20230309;03;2023;7367987;1;1;01;18;1;63.356550176;18;2;1;2;1;1;2;1;1;2;1;1;2;1;1;1;1;1;3;4;3;;;;;200000;;1;;;;;;;;;;2
20230309;03;2023;7367988;1;1;01;18;1;72.584951965;18;2;1;2;1;1;1;1;1;2;1;1;3;2;1;1;1;1;3;3;3;;;;;450000;;;;;;;;;1;;;2
20230309;03;2023;7367989;1;1;01;18;1;107.58703372;18;1;1;2;1;1;1;1;1;2;1;1;5;2;1;1;1;1;3;3;4;;;;300000;;;1;;;;;;;;;;3
20230309;03;2023;7367990;1;1;01;18;1;76.800086672;18;1;1;4;1;1;1;1;1;2;1;1;4;2;1;1;1;1;3;3;4;;;;300000;;;;;;;;;;1;;;3
20230309;03;2023;7367991;1;1;01;18;1;69.554607251;18;1;1;4;1;1;1;1;1;2;1;1;4;2;1;1;1;1;1;3;4;;;;350000;;;;;;;;;;1;;;4
20230309;03;2023;7367992;1;1;01;18;1;135.89877362;18;1;1;2;1;1;1;1;1;2;1;1;4;3;1;1;1;1;1;3;4;;;;300000;;;;;;;;;;1;;;4
20230309;03;2023;7367993;1;1;01;18;1;179.83232409;18;1;1;4;1;1;1;1;1;2;1;1;4;1;1;1;1;1;1;3;3;;;;;300000;;1;;;;;1;;;;;1
20230309;03;2023;7367994;1;1;01;18;1;163.30308653;18;2;1;2;1;1;1;1;1;2;1;1;3;2;1;1;1;1;3;3;3;;;;;320000;;1;;;;;;;;;;3
20230309;03;2023;7367995;1;1;01;18;1;112.68300031;18;1;1;2;1;1;1;1;1;2;1;1;5;3;1;1;1;1;1;3;1;;;80000000;300000;;;;;;;;;;1;;;7
20230309;03;2023;7367996;1;1;01;18;1;107.1393133;18;1;5;3;1;1;1;1;1;2;1;1;3;2;1;1;1;1;3;3;3;;;;;200000;;;;;;;;;1;;;4
20230309;03;2023;7367997;1;1;01;18;1;87.007444482;18;1;1;4;1;1;1;1;1;2;1;1;3;2;1;1;1;1;3;3;4;;;;200000;;;;;;;;;;1;;;4
20230309;03;2023;7367998;1;1;01;18;1;66.658923529;18;1;1;4;1;1;1;1;1;2;1;1;3;1;1;1;1;1;1;3;4;;;;200000;;;;;;;;;;1;;;2
20230309;03;2023;7367999;1;1;01;19;1;101.95274385;19;1;1;4;1;2;1;1;1;3;1;1;6;2;1;1;1;1;1;3;1;;;99;650000;;;1;;;;;;;;;;2
20230309;03;2023;7368000;1;1;01;19;1;128.7213209;19;1;1;4;1;2;1;1;1;3;1;1;4;3;1;1;1;1;1;3;1;;;800000000;800000;;;1;;;;;;;;;;3
20230309;03;2023;7368001;1;1;01;19;1;80.555064148;19;2;1;4;1;1;1;1;1;3;1;1;3;2;1;1;1;1;1;3;3;;;;;370000;;;;;;;;;1;;;3
20230309;03;2023;7368002;1;1;01;19;1;64.943273859;19;2;1;4;1;1;1;1;1;3;1;1;3;2;1;1;1;1;1;3;1;;;90000000;400000;;;;;;;;;;1;;;2
20230309;03;2023;7368003;1;1;01;19;1;63.315825207;19;1;1;4;1;2;1;1;1;3;1;1;2;2;1;1;1;1;1;3;4;;;;500000;;;;;;;;;;1;;;2
20230309;03;2023;7368004;1;1;01;19;1;67.942391384;19;1;1;4;1;2;1;1;1;3;1;1;5;2;1;1;1;1;1;3;5;;;;400000;;;;;;;;;;1;;;2
20230309;03;2023;7368005;1;1;01;19;1;119.73238643;19;2;1;4;1;2;1;1;1;3;1;1;3;1;1;1;1;1;1;3;1;;;98;400000;;;;;;;;;;1;;;2
20230309;03;2023;7368006;1;1;01;19;1;76.272649363;19;2;1;4;1;1;1;1;1;3;1;1;3;2;1;1;1;1;1;3;1;;;120000000;350000;;;;;;;;;1;;;NEQUI;4
20230309;03;2023;7368007;1;1;01;19;1;171.11817762;19;2;1;2;1;1;1;1;1;3;1;2;2;1;1;2;1;1;1;3;1;;;90000000;600000;;;1;;;;;1;;;;;3
20230309;03;2023;7368007;2;2;01;19;1;171.11817762;19;2;1;2;1;1;1;1;1;3;1;2;2;1;1;2;1;1;1;3;4;;;;99;;;;;;;;;;1;;;3
20230309;03;2023;7368008;1;1;01;19;1;137.92949101;19;2;1;4;1;1;1;1;1;3;1;1;3;2;1;1;1;1;1;3;1;;;90000000;400000;;;;;;;;;;1;;;4
20230309;03;2023;7368009;1;1;01;19;1;111.53362254;19;2;1;4;1;2;1;1;1;3;1;1;3;2;1;1;1;1;1;3;1;;;98;300000;;;;;;;;;;1;;;4
20230309;03;2023;7368010;1;1;01;19;1;128.7213209;19;1;1;4;1;2;1;1;1;3;1;1;6;2;1;1;1;1;1;3;1;;;170000000;500000;;;;;;;;;;1;;;3
20230309;03;2023;7368011;1;1;01;19;1;63.411546497;19;2;1;4;1;1;1;1;1;3;1;1;3;2;1;1;1;1;1;3;1;;;90000000;500000;;;;;;;;;;1;;;4
20230309;03;2023;7368012;1;1;01;19;1;63.315825207;19;2;1;4;1;2;1;1;1;3;1;1;3;2;1;1;1;1;1;3;3;;;;;600000;;1;;;;;;;;;;2
20230309;03;2023;7368013;1;1;01;19;1;92.963809377;19;1;1;4;1;2;1;1;1;3;1;1;7;1;1;1;1;1;1;3;4;;;;600000;;;;;;;;;;1;;;1
20230309;03;2023;7368014;1;1;01;19;1;73.286770321;19;1;1;4;1;2;1;1;1;3;1;1;3;2;1;1;1;1;1;3;5;;;;300000;;;;;;;;;;1;;;3
20230309;03;2023;7368016;1;1;01;19;1;64.443785458;19;1;1;4;1;2;1;1;1;3;1;1;4;3;1;1;1;1;1;3;1;;;98;450000;;;;;;;;;;1;;;4
20230309;03;2023;7368017;1;1;01;19;1;165.27181943;19;2;1;4;1;2;1;1;1;3;1;1;4;2;1;1;1;1;1;3;1;;;98;350000;;;;;;;1;;;;;;3
20230309;03;2023;7368018;1;1;01;19;1;178.51505556;19;1;1;4;1;2;1;1;1;3;1;1;3;1;1;1;1;1;1;3;1;;;60000000;98;;;1;;;;;;;;;;1
20230309;03;2023;7368019;1;1;01;19;1;136.88974004;19;2;1;4;1;1;1;1;1;3;1;1;4;3;1;1;1;1;1;3;1;;;98;450000;;;;;;;;;;1;;;4
20230309;03;2023;7368020;1;1;01;19;1;119.73238643;19;2;1;4;1;2;1;1;1;3;1;1;4;1;1;1;1;1;1;3;1;;;200000000;500000;;;1;;;;;;;;;;2
20230309;03;2023;7368021;1;1;01;19;1;229.20451578;19;1;1;4;1;2;2;1;1;3;1;1;3;1;1;1;1;1;1;1;1;;;98;300000;;;;;;;;;;1;;;1
20230309;03;2023;7368022;1;1;01;19;1;198.91481331;19;1;1;4;1;2;1;1;1;3;1;1;4;3;1;1;1;1;1;3;1;;;99;600000;;;;;;;;;1;;;NEQUI;4
20230309;03;2023;7368023;1;1;01;19;1;203.27929315;19;1;1;4;1;2;2;1;1;3;1;1;6;4;1;1;1;1;1;4;3;;;;;700000;;;;;;;;;1;;;5
20230309;03;2023;7368024;1;1;01;19;1;206.37633271;19;2;1;4;1;3;2;1;1;3;1;1;5;1;1;1;1;1;1;4;4;;;;600000;;;;;;;;;;1;;;1
20230309;03;2023;7368025;1;1;01;19;1;83.548404757;19;1;1;4;1;1;1;1;1;3;1;1;4;3;1;1;1;1;1;3;1;;;98;450000;;;;;;;;;;1;;;6
20230309;03;2023;7368026;1;1;01;19;1;128.45930913;19;2;1;4;1;1;1;1;1;3;1;1;4;3;1;1;1;1;1;3;4;;;;500000;;;;;;;;;;1;;;4
20230309;03;2023;7368027;1;1;01;19;1;217.91768067;19;1;1;4;1;1;2;1;1;3;1;1;4;2;1;1;1;1;1;4;1;;;98;400000;;;1;;;;;;;;;;2
20230309;03;2023;7368028;1;1;01;19;1;115.91843674;19;1;1;4;1;1;1;1;1;3;1;1;4;2;1;1;1;1;1;3;3;;;;;300000;;1;;;;;;;;;;5
20230309;03;2023;7368029;1;1;01;19;1;229.20451578;19;2;1;4;1;2;1;1;1;3;1;1;2;1;1;1;1;1;1;3;1;;;80000000;250000;;;;;;;;;;1;;;1
20230309;03;2023;7368030;1;1;01;19;1;138.74661981;19;1;1;4;1;1;1;1;1;3;1;1;4;3;1;1;1;1;1;3;1;;;90000000;450000;;;;;;;;;;1;;;5
20230309;03;2023;7368031;1;1;01;19;1;87.234675358;19;1;1;2;1;1;1;1;1;3;1;1;3;2;1;1;1;1;3;4;1;;;98;200000;;;;;;;;;;1;;;2
20230309;03;2023;7368033;1;1;01;19;1;168.58048902;19;2;1;4;1;2;1;1;1;3;1;1;2;2;1;1;1;1;1;3;4;;;;350000;;;;;;;;;;1;;;4
20230309;03;2023;7368034;1;1;01;19;1;115.12034265;19;2;1;4;1;2;1;1;1;3;1;1;4;3;1;1;1;1;1;3;1;;;98;400000;;;;;;;;;;1;;;5
20230309;03;2023;7368035;1;1;01;19;1;331.52796032;19;1;1;4;1;2;1;1;1;3;1;1;5;1;1;1;1;1;1;3;4;;;;600000;;;;;;;;;;1;;;1
20230309;03;2023;7368036;1;1;01;19;1;143.11053281;19;1;1;2;1;2;1;1;1;3;1;1;3;2;1;1;1;1;1;3;1;;;130000000;500000;;;1;;;;;;;;;;3
20230309;03;2023;7368037;1;1;01;19;1;138.35742432;19;1;1;4;1;2;1;1;1;3;1;1;5;2;1;1;1;1;1;3;1;;;120000000;300000;;;;;;;;;;1;;;2
20230309;03;2023;7368038;1;1;01;19;1;98.121874398;19;1;1;4;1;2;1;1;1;3;1;1;5;4;1;1;1;1;1;3;1;;;120000000;600000;;;;;;;;;;1;;;5
20230309;03;2023;7368039;1;1;01;19;1;176.51676275;19;1;1;4;1;2;1;1;1;3;1;1;4;1;1;1;1;1;1;3;3;;;;;400000;;;;;;;;;1;;;2
20230309;03;2023;7368040;1;1;01;19;1;257.85508025;19;2;1;2;1;2;1;1;1;3;1;1;3;1;1;1;1;1;1;3;3;;;;;250000;;;;;;;;;1;;;1
20230309;03;2023;7368041;1;1;01;19;1;166.19047652;19;1;1;2;1;2;2;1;1;3;1;1;3;2;1;2;1;1;1;4;4;;;;600000;;;;;;;;;;1;;;4
20230309;03;2023;7368042;1;1;01;19;1;134.28105799;19;2;1;4;1;2;2;1;1;3;1;1;3;1;1;1;1;1;1;4;1;;;98;500000;;;1;;;;;;;;;;1
20230309;03;2023;7368043;1;1;01;19;1;154.00095754;19;2;1;4;1;2;1;1;1;3;1;1;4;3;1;1;1;1;1;3;1;;;150000000;400000;;;1;;;;;;;;;;4
20230309;03;2023;7368044;1;1;01;19;1;99.178755069;19;1;1;4;1;2;1;1;1;3;1;1;5;4;1;1;1;1;1;3;1;;;99;500000;;;1;;1;;;;;;;;5
20230309;03;2023;7368045;1;1;01;19;1;134.28105799;19;1;1;4;1;2;1;1;1;3;1;1;3;1;1;1;1;1;1;3;3;;;;;400000;;;;;;;;;1;;;1
20230309;03;2023;7368046;1;1;01;19;1;131.63746552;19;1;1;2;1;2;2;1;1;3;1;1;3;2;1;1;1;1;1;4;4;;;;600000;;;;;;;1;;;;;;3
20230309;03;2023;7368047;1;1;01;19;1;99.380395406;19;2;1;4;1;2;2;1;1;3;1;1;3;2;1;1;1;1;1;4;4;;;;550000;;;;;;;;;;1;;;4
20230309;03;2023;7368048;1;1;01;19;1;154.00095754;19;2;1;4;1;2;1;1;1;3;1;1;5;3;1;1;1;1;1;3;2;;750000;320000000;650000;;;1;;1;;1;1;;;;;4
20230309;03;2023;7368049;1;1;01;19;1;131.19284714;19;2;1;4;1;2;1;1;1;3;1;1;3;2;1;1;1;1;1;3;3;;;;;550000;;;;;;;1;;;;;3
20230309;03;2023;7368051;1;1;01;19;1;168.44513707;19;2;1;4;1;2;1;1;1;3;1;1;2;1;1;1;1;1;1;3;3;;;;;400000;;;;;;;;;1;;;3
20230309;03;2023;7368052;1;1;01;19;1;151.15214026;19;1;1;2;1;2;2;1;1;3;1;1;4;3;1;1;1;1;1;4;4;;;;500000;;;1;;;;;;;;;;3
20230309;03;2023;7368053;1;1;01;19;1;232.1733743;19;1;1;4;1;2;2;1;1;3;1;1;3;1;1;1;1;1;1;4;4;;;;500000;;;;;;;;;;1;;;1
20230309;03;2023;7368054;1;1;01;19;1;223.97824467;19;2;1;4;1;2;1;1;1;3;1;1;2;1;1;1;1;1;3;3;3;;;;;550000;;1;;;;;;;;;;1
20230309;03;2023;7368055;1;1;01;19;1;105.22616505;19;1;1;4;1;2;1;1;1;3;1;1;2;2;1;1;1;1;1;3;3;;;;;450000;;;;;;;;;1;;;3
20230309;03;2023;7368056;1;1;01;19;1;181.18532996;19;2;1;4;1;3;1;1;1;3;1;1;3;2;1;1;1;1;1;3;3;;;;;600000;;1;;;;;;;;;;2
20230309;03;2023;7368057;1;1;01;19;1;143.56504896;19;2;1;4;1;3;1;1;1;3;1;1;4;3;1;1;1;1;3;3;3;;;;;650000;;;;;;;;;1;;;3
20230309;03;2023;7368058;1;1;01;19;1;122.09849433;19;1;1;4;1;2;1;1;1;3;1;1;5;2;1;1;1;1;3;3;4;;;;600000;;;1;;;;1;;;;;;1
20230309;03;2023;7368060;1;1;01;19;1;105.10307111;19;2;1;4;1;1;1;1;1;3;1;1;3;2;1;1;1;1;1;3;1;;;98;400000;;;;;;;;;;1;;;4
20230309;03;2023;7368061;1;1;01;19;1;132.67561084;19;1;1;4;1;3;1;1;1;3;1;1;4;3;1;1;1;1;1;3;1;;;99;700000;;;1;;;;;;;;;;3
20230309;03;2023;7368062;1;1;01;19;1;96.237966401;19;2;1;4;1;1;1;1;1;3;1;1;3;2;1;1;1;1;1;3;1;;;80000000;250000;;;;;;;;;;1;;;4
20230309;03;2023;7368063;1;1;01;19;1;81.294392858;19;2;1;4;1;4;1;1;1;3;1;1;6;2;1;1;1;1;1;3;1;;;400000000;1000000;;;1;;;;;1;;;;;2
20230309;03;2023;7368064;1;1;01;19;1;69.264281578;19;2;1;2;1;1;1;1;1;3;1;1;3;2;1;1;1;1;1;3;1;;;38000000;400000;;;;;;;;;;1;;;3
20230309;03;2023;7368065;1;1;01;19;1;132.538567;19;2;1;4;1;4;2;1;1;3;1;1;4;2;1;1;1;1;1;4;3;;;;;850000;;;;;;;;1;;;AHORRO A LA MANO;2
20230309;03;2023;7368066;1;1;01;19;1;118.70188959;19;2;1;4;1;4;1;1;1;3;1;1;5;1;1;1;1;1;1;3;3;;;;;1400000;;1;;;;;1;;;;;2
20230309;03;2023;7368067;1;1;01;19;1;257.85508025;19;1;1;2;1;1;2;1;1;3;1;1;3;1;1;1;1;1;1;4;4;;;;300000;;;;;;;;;;1;;;1
20230309;03;2023;7368068;1;1;01;19;1;180.28599892;19;2;1;4;1;2;1;1;1;3;1;1;3;1;1;1;1;1;1;3;3;;;;;550000;;1;;;;;;;;;;2
20230309;03;2023;7368069;1;1;01;;1;1342.6762463;25;1;1;4;1;1;2;1;1;3;1;1;3;2;1;1;1;2;1;1;3;;;;;300000;;;;;;;;;1;;;5
20230309;03;2023;7368070;1;1;01;;1;2534.9107079;25;1;8;1;1;0;2;1;2;;2;1;3;1;1;1;4;8;5;1;1;;;30000000;200000;;;1;;;;1;;;;;;1
20230309;03;2023;7368071;1;1;01;;1;2412.5453452;25;1;1;2;1;1;2;1;1;3;1;1;4;3;1;1;1;2;1;1;3;;;;;400000;;1;;;;;;;;;;6
20230309;03;2023;7368072;1;1;01;;1;2882.861932;25;2;1;3;1;3;1;1;1;3;1;1;4;2;1;1;1;1;3;3;3;;;;;800000;;1;;;;1;1;;;;;3
20230309;03;2023;7368073;1;1;01;;1;2727.4575053;25;2;1;4;1;3;1;1;1;3;1;1;4;2;1;1;1;1;3;3;2;;850000;130000000;700000;;;1;;1;;;;;;;;3
20230309;03;2023;7368074;1;1;01;;1;963.64413623;25;1;5;3;1;1;2;1;1;3;1;1;2;2;1;1;1;2;1;4;2;;150000;30000000;400000;;;1;;;;;;;;;;10
20230309;03;2023;7368075;1;1;01;;1;1501.4848258;25;1;1;1;1;0;2;1;2;;2;1;3;2;1;1;3;8;1;4;1;;;50000000;300000;;;1;;;;;;;;;;3
20230309;03;2023;7368076;1;1;01;;1;2209.2092554;25;1;5;1;1;1;2;1;1;3;1;1;1;1;1;1;1;2;6;;3;;;;;100000;;;;;;;;;1;;;1
20230309;03;2023;7368077;1;1;01;;1;2994.1546355;25;1;1;4;1;1;1;1;1;3;1;1;3;2;1;1;1;2;1;3;3;;;;;300000;;;;;;;;;1;;;3
20230309;03;2023;7368078;1;1;01;;1;3214.9727745;25;2;1;4;1;3;1;1;1;3;1;1;4;1;1;1;1;1;1;3;3;;;;;650000;;1;;;;;;;;;;2
20230309;03;2023;7368079;1;1;01;;1;3275.3988532;25;2;1;4;1;3;1;1;1;3;1;1;4;1;1;1;1;1;1;3;2;;700000;200000000;700000;;;1;;;;;;;;;;1
20230309;03;2023;7368080;1;1;01;;1;1752.8124136;25;2;1;4;1;3;1;1;1;3;1;1;3;1;1;1;1;1;1;3;3;;;;;300000;;;;;;;;;1;;;1
20230309;03;2023;7368081;1;1;01;;1;1436.2051307;25;1;1;4;1;2;1;1;1;3;1;1;4;3;1;1;1;1;1;3;1;;;150000000;400000;;;1;;;;;;;;;;8
20230309;03;2023;7368082;1;1;01;;1;883.98146729;25;1;1;4;1;2;1;1;1;3;1;1;3;1;1;1;1;1;1;3;1;;;80000000;400000;;;;;;;;;;1;;;2
20230309;03;2023;7368083;1;1;01;;1;776.41737451;25;1;1;2;1;2;1;1;1;3;1;1;3;2;1;1;1;1;1;3;3;;;;;350000;;;;;;;;;1;;;6
20230309;03;2023;7368084;1;1;01;;1;657.07274128;25;2;1;4;1;2;1;1;1;3;1;1;1;1;1;1;1;1;1;3;3;;;;;650000;;;;;;;;;1;;;2
20230309;03;2023;7368085;1;1;01;27;1;50.106799355;27;2;1;2;1;1;2;1;1;3;1;1;3;2;1;1;1;1;1;4;3;;;;;300000;;;;;;;;;1;;;3
20230309;03;2023;7368086;1;1;01;27;1;50.106799355;27;1;1;2;1;1;2;1;1;3;1;1;3;2;1;1;1;1;4;4;3;;;;;350000;;;;;;;;;1;;;3
20230309;03;2023;7368087;1;1;01;27;1;45.915275128;27;2;1;4;1;1;2;1;1;3;1;1;4;1;1;1;1;1;3;4;3;;;;;800000;;1;;;;;;;;;;2
20230309;03;2023;7368088;1;1;01;27;1;37.05875031;27;1;1;2;1;1;2;1;1;3;1;1;3;1;1;1;1;1;3;4;3;;;;;350000;;;;;;;;;1;;;2
20230309;03;2023;7368089;1;1;01;27;1;46.981362497;27;1;1;4;1;1;2;1;1;3;1;1;3;2;1;1;1;1;3;4;3;;;;;400000;;1;;;;;;;;;;3
20230309;03;2023;7368090;1;1;01;27;1;42.316361906;27;2;1;4;1;1;2;1;1;3;1;1;4;3;1;1;1;1;3;4;3;;;;;600000;;1;;;;;;;;;;4
20230309;03;2023;7368091;1;1;01;27;1;56.464773005;27;2;1;4;1;1;2;1;1;3;1;1;4;3;1;1;1;1;1;4;4;;;;600000;;;1;;;;;;;;;;3
20230309;03;2023;7368092;1;1;01;27;1;50.106799355;27;1;1;4;1;1;2;1;1;3;1;1;3;2;1;1;1;1;1;4;4;;;;200000;;;;;;;;;;1;;;3
20230309;03;2023;7368094;1;1;01;27;1;96.466809368;27;1;1;4;1;1;2;2;1;3;1;1;7;1;2;1;1;1;1;4;1;;;800000000;800000;;;1;;;;;;;;;;2
20230309;03;2023;7368095;1;1;01;27;1;96.466809368;27;1;1;4;1;1;2;2;1;3;1;1;5;1;2;1;1;1;3;4;1;;;18000000;700000;;;1;;;;;;;;;;2
20230309;03;2023;7368096;1;1;01;27;1;82.537902009;27;2;1;4;1;1;2;2;1;3;1;1;4;3;2;1;1;1;1;4;4;;;;600000;;;;;;;;;;1;;;4
20230309;03;2023;7368097;1;1;01;27;1;115.15110302;27;1;1;2;1;1;2;2;1;3;1;1;4;3;2;1;1;1;1;4;3;;;;;600000;;1;;;;;;;;;;6
20230309;03;2023;7368098;1;1;01;27;1;89.488309518;27;1;1;2;1;1;2;2;1;3;1;1;3;2;2;1;1;1;1;4;4;;;;500000;;;1;;;;;;;;;;3
20230309;03;2023;7368099;1;1;01;27;1;96.675909367;27;2;1;4;1;1;2;2;1;3;1;1;4;2;2;1;1;1;1;4;1;;;120000000;600000;;;1;;;;;;;;;;2
20230309;03;2023;7368100;1;1;01;27;1;33.927661131;27;1;1;2;1;1;2;1;1;3;1;1;4;2;1;1;1;1;1;1;1;;;160000000;300000;;;;;;;;;;1;;;2
20230309;03;2023;7368101;1;1;01;27;1;49.633677614;27;1;1;4;1;2;2;1;1;7;1;1;4;3;1;1;1;1;1;4;4;;;;500000;;;1;;;;;;;;;;3
20230309;03;2023;7368102;1;1;01;27;1;35.640512926;27;1;1;4;1;2;2;1;1;7;1;1;4;1;1;1;1;1;3;1;3;;;;;500000;;1;;;;;;;;;;1
20230309;03;2023;7368104;1;1;01;27;1;52.864504108;27;1;1;4;1;2;2;1;1;7;1;1;4;3;1;1;1;1;1;4;4;;;;25000000;;;1;;;;;;;;;;3
20230309;03;2023;7368105;1;1;01;27;1;24.3025651;27;1;1;4;1;2;2;1;1;3;1;1;3;2;1;1;1;1;1;4;3;;;;;550000;;1;;;;;;;;;;2
20230309;03;2023;7368106;1;1;01;27;1;30.849741707;27;1;1;4;1;2;2;1;1;3;1;1;3;2;1;1;1;1;1;4;3;;;;;450000;;1;;;;;;;;;;5
20230309;03;2023;7368107;1;1;01;27;1;36.014275497;27;1;1;2;1;1;2;1;1;3;1;1;3;2;1;1;1;1;1;4;4;;;;200000;;;;;;;;;;1;;;2
20230309;03;2023;7368108;1;1;01;27;1;25.980603182;27;1;1;4;1;2;2;1;1;3;1;1;4;3;1;1;1;1;3;4;3;;;;;450000;;1;;;;;;;;;;3
20230309;03;2023;7368110;1;1;01;27;1;37.319923778;27;1;1;4;1;2;2;1;1;3;1;1;4;3;1;1;1;1;1;4;3;;;;;550000;;;;;;;;;1;;;5
20230309;03;2023;7368111;1;1;01;27;1;28.575421986;27;1;1;4;1;2;2;1;1;3;1;1;4;3;1;1;1;1;3;4;3;;;;;450000;;1;;;;;;;;;;2
20230309;03;2023;7368112;1;1;01;27;1;28.362953073;27;1;1;4;1;2;2;1;1;3;1;1;4;2;1;1;1;1;1;4;4;;;;700000;;;1;;;;;;;;;;3
20230309;03;2023;7368113;1;1;01;27;1;28.808738452;27;1;1;4;1;2;2;1;1;3;1;1;4;3;1;1;1;1;3;4;1;;;99;500000;;;1;;;;;;;;;;3
20230309;03;2023;7368114;1;1;01;27;1;30.501828889;27;1;1;2;1;2;2;1;1;3;1;1;5;3;1;1;1;1;1;4;4;;;;500000;;;;;;;;;;1;;;3
20230309;03;2023;7368115;1;1;01;27;1;37.384556933;27;1;1;4;1;2;2;1;1;3;1;1;3;1;1;1;1;1;1;4;4;;;;700000;;;1;;;;;;;;;;1
20230309;03;2023;7368117;1;1;01;27;1;76.955774071;27;1;1;2;1;1;2;2;1;3;2;1;4;1;3;1;1;5;1;4;4;;;;600000;;;;;;;;;;1;;;1
20230309;03;2023;7368118;1;1;01;27;1;75.811684036;27;1;1;2;1;1;2;2;1;3;2;1;4;3;3;1;1;5;1;4;4;;;;250000;;;;;;;;;;1;;;4
20230309;03;2023;7368119;1;1;01;27;1;65.330510161;27;2;1;2;1;1;2;2;1;3;2;1;3;2;3;1;1;5;1;4;1;;;70000000;150000;;;;;;;;;;1;;;3
20230309;03;2023;7368120;1;1;01;27;1;79.338955779;27;1;1;2;1;1;2;2;1;3;2;1;5;4;3;1;1;5;1;4;4;;;;350000;;;;;;;;;;1;;;4
20230309;03;2023;7368121;1;1;01;27;1;74.232295341;27;1;1;4;1;1;2;2;1;3;2;1;5;2;2;1;1;5;1;4;1;;;60000000;400000;;;1;;;;;;;;;;3
20230309;03;2023;7368122;1;1;01;27;1;49.517612994;27;1;1;2;1;1;2;2;1;3;2;1;3;2;2;1;1;5;1;4;1;;;10000000;300000;;;;;;;;;;1;;;4
20230309;03;2023;7368123;1;1;01;27;1;65.741794659;27;1;1;4;1;1;2;2;1;3;2;1;4;2;2;1;1;5;1;4;1;;;50000000;400000;;;;;;;;;;1;;;3
20230309;03;2023;7368124;1;1;01;41;1;297.9229834;41;1;1;2;1;1;1;1;1;3;1;1;2;1;1;1;1;5;3;3;1;;;5000000;350000;;;;;;;;;;1;;;4
20230309;03;2023;7368125;1;1;01;41;1;250.54370801;41;1;1;4;1;1;1;1;1;3;1;1;3;1;1;1;1;1;1;3;3;;;;;400000;;;;;;;;;1;;;1
20230309;03;2023;7368126;1;1;01;41;1;182.24301692;41;1;1;4;1;2;1;1;1;3;1;1;5;1;1;1;1;1;1;3;3;;;;;600000;;1;;;;;1;;;;;3
20230309;03;2023;7368127;1;1;01;41;1;251.87249838;41;1;1;2;1;2;2;1;1;3;1;1;6;5;1;1;1;1;5;4;1;;;120000000;400000;;;1;;;;;;;;;;8
20230309;03;2023;7368128;1;1;01;41;1;355.08683796;41;1;1;4;1;1;1;1;1;3;1;1;4;3;1;1;1;1;1;3;1;;;70000000;350000;;;1;;;;;;;;;;3
20230309;03;2023;7368129;1;1;01;41;1;93.634394853;41;1;1;4;1;2;1;1;1;3;1;2;5;2;1;1;1;1;1;3;1;;;140000000;700000;;;1;;;;;;;;;;2
20230309;03;2023;7368129;2;2;01;41;1;93.634394853;41;1;1;4;1;2;1;1;1;3;1;2;1;1;1;1;1;1;6;;3;;;;;120000;;;;;;;;;1;;;1
20230309;03;2023;7368130;1;1;01;41;1;150.50201083;41;1;1;4;1;2;1;1;1;3;1;1;4;2;1;1;1;1;3;3;1;;;99;500000;;;1;;;;;1;;;;;2
20230309;03;2023;7368131;1;1;01;41;1;182.7601864;41;1;1;4;1;2;1;1;1;3;1;1;4;3;1;1;1;1;3;3;3;;;;;500000;;1;;;;;1;;;;;3
20230309;03;2023;7368132;1;1;01;41;1;190.51473757;41;2;1;2;1;2;2;1;1;3;1;1;2;1;1;1;1;1;1;4;3;;;;;350000;;1;;;;;;;;;;3
20230309;03;2023;7368133;1;1;01;41;1;129.9115523;41;2;1;4;1;2;1;1;1;3;1;1;2;1;1;1;1;1;1;3;4;;;;300000;;;;;;;;;;1;;;1
20230309;03;2023;7368134;1;1;01;41;1;210.67245915;41;2;1;4;1;2;1;1;1;3;1;1;3;2;1;1;1;1;3;3;3;;;;;600000;;;;;;;;;1;;;3
20230309;03;2023;7368135;1;1;01;41;1;198.55875692;41;1;1;4;1;2;1;1;1;3;1;1;4;2;1;1;1;1;1;3;3;;;;;500000;;1;;;;1;1;;;;;3
20230309;03;2023;7368136;1;1;01;41;1;154.14144711;41;2;1;4;1;2;1;1;1;3;1;1;2;1;1;1;1;1;1;3;3;;;;;450000;;1;;;;;;;;;;1
20230309;03;2023;7368137;1;1;01;41;1;140.57632113;41;2;1;4;1;2;1;1;1;3;1;1;4;3;1;1;1;1;3;3;1;;;150000000;500000;;;1;;;;;1;;;;;4
20230309;03;2023;7368138;1;1;01;41;1;244.74250987;41;2;1;4;1;2;1;1;1;3;1;1;4;3;1;1;1;1;1;3;3;;;;;500000;;1;;;;;;;;;;5
20230309;03;2023;7368139;1;1;01;41;1;260.30073159;41;2;1;4;1;2;1;1;1;3;1;1;4;3;1;1;1;1;1;3;3;;;;;380000;;1;;;;;1;;;;;7
20230309;03;2023;7368140;1;1;01;41;1;107.47311671;41;2;1;4;1;1;1;1;1;3;1;1;2;1;1;1;1;1;1;3;3;;;;;300000;;1;;;;;;;;;;2
20230309;03;2023;7368141;1;1;01;41;1;141.98388636;41;2;1;4;1;1;1;1;1;3;1;1;3;2;1;1;1;1;1;3;3;;;;;380000;;1;;;;;;;;;;3
20230309;03;2023;7368142;1;1;01;41;1;113.42875558;41;1;1;4;1;1;1;1;1;3;1;1;3;1;1;1;1;1;1;3;3;;;;;370000;;;;;;;;;1;;;2
20230309;03;2023;7368143;1;1;01;41;1;109.92003037;41;1;1;4;1;1;1;1;1;3;1;1;2;1;1;1;1;1;1;3;3;;;;;300000;;;;;;;;;1;;;3
20230309;03;2023;7368144;1;1;01;41;1;116.56511876;41;2;1;4;1;1;1;1;1;3;1;1;2;1;1;1;1;1;1;3;3;;;;;300000;;1;;;;;;;;;;1
20230309;03;2023;7368145;1;1;01;41;1;303.82891929;41;2;1;4;1;3;1;1;1;3;1;1;4;3;1;1;1;1;1;3;3;;;;;600000;;1;;;;;1;;;;;5
20230309;03;2023;7368146;1;1;01;41;1;316.62263717;41;2;1;4;1;3;1;1;1;3;1;1;4;3;1;1;1;1;1;3;2;;600000;140000000;700000;;;1;;;;;;;;;;5
20230309;03;2023;7368147;1;1;01;41;1;155.37524028;41;2;1;4;1;2;1;1;1;3;1;1;3;1;1;1;1;1;3;3;3;;;;;450000;;;;;;;;;1;;;1
20230309;03;2023;7368148;1;1;01;41;1;280.8966122;41;2;1;4;1;1;1;1;1;3;1;1;3;2;1;1;1;1;1;3;3;;;;;500000;;1;;;;;;;;;;3
20230309;03;2023;7368149;1;1;01;41;1;194.88823237;41;2;1;4;1;1;1;1;1;3;1;1;3;2;1;1;1;1;1;3;1;;;45000000;350000;;;1;;;;;;;;;;3
20230309;03;2023;7368150;1;1;01;41;1;148.99044798;41;2;1;4;1;3;1;1;1;3;1;1;4;2;1;1;1;1;3;3;1;;;99;800000;;;1;;;;;1;;;;;3
20230309;03;2023;7368151;1;1;01;41;1;220.6024854;41;2;1;4;1;3;1;1;1;3;1;1;4;2;1;1;1;1;1;3;2;;400000;140000000;700000;;;1;;1;;;;;;;;3
20230309;03;2023;7368152;1;1;01;41;1;195.71640937;41;2;1;4;1;3;1;1;1;3;1;1;4;3;1;1;1;1;1;3;2;;680000;150000000;1000000;;;1;;1;;;1;;;;;3
20230309;03;2023;7368153;1;1;01;41;1;194.49375099;41;2;1;4;1;3;1;1;1;3;1;1;4;1;1;1;1;1;1;3;3;;;;;750000;;1;;;;;1;;;;;2
20230309;03;2023;7368154;1;1;01;41;1;201.069294;41;2;1;4;1;3;1;1;1;3;1;1;4;2;1;1;1;1;1;3;1;;;99;700000;;;1;;;;;1;;;;;2
20230309;03;2023;7368155;1;1;01;41;1;82.866794818;41;2;1;4;1;4;1;1;1;3;1;1;3;1;1;1;1;1;1;3;1;;;98;1000000;;;1;;;;;;;;;;1
20230309;03;2023;7368156;1;1;01;41;1;100.00938259;41;2;1;4;1;4;1;1;1;3;1;1;4;2;1;1;1;1;1;3;4;;;;800000;;;1;1;;;;;;;;;4
20230309;03;2023;7368157;1;1;01;41;1;82.866794818;41;2;1;4;1;4;1;1;1;3;1;1;4;1;1;1;1;1;1;3;1;;;98;98;;;;;;;;;;1;;;1
20230309;03;2023;7368158;1;1;01;41;1;69.275375397;41;2;1;4;1;4;1;1;1;3;1;1;4;1;1;1;1;1;1;3;4;;;;900000;;;1;;;;;;;;;;1
20230309;03;2023;7368159;1;1;01;41;1;80.267739108;41;2;1;4;1;4;1;1;1;3;1;1;4;2;1;1;1;1;1;3;4;;;;900000;;;1;;;;;;;;;;2
20230309;03;2023;7368160;1;1;01;41;1;194.49375099;41;2;1;4;1;3;1;1;1;3;1;1;4;1;1;1;1;1;1;3;3;;;;;600000;;1;;;;;1;;;;;2
20230309;03;2023;7368161;1;1;01;41;1;98.854876978;41;2;1;4;1;4;1;1;1;3;1;1;4;3;1;1;1;1;1;3;3;;;;;1100000;;1;;;;;;;;;;3
20230309;03;2023;7368162;1;1;01;41;1;186.44343248;41;2;1;4;1;3;1;1;1;3;1;1;4;2;1;1;1;1;1;3;2;;1000000;170000000;700000;;;1;;1;;1;1;;;;;2
20230309;03;2023;7368163;1;1;01;41;1;69.275375397;41;2;1;4;1;4;1;1;1;3;1;1;4;2;1;1;1;1;1;3;3;;;;;880000;;1;;;;;;;;;;1
20230309;03;2023;7368164;1;1;01;41;1;152.66670885;41;2;1;4;1;2;1;1;1;3;1;1;4;2;1;1;1;1;1;3;3;;;;;500000;;1;;;;;1;;;;;3
20230309;03;2023;7368165;1;1;01;41;1;342.19413625;41;1;1;4;1;1;1;1;1;3;1;1;3;2;1;1;1;1;3;3;3;;;;;400000;;1;;;;;;;;;;3
20230309;03;2023;7368166;1;1;01;41;1;123.57769397;41;1;1;4;1;2;1;1;1;3;1;1;4;1;1;1;1;1;1;3;4;;;;600000;;;1;;;;;1;;;;;2
20230309;03;2023;7368167;1;1;01;41;1;155.87569438;41;2;1;4;1;2;1;1;1;3;1;1;4;2;1;1;1;1;1;3;3;;;;;475000;;1;;;;;;;;;;3
20230309;03;2023;7368168;1;1;01;41;1;123.56114752;41;2;1;4;1;2;1;1;1;3;1;1;4;2;1;1;1;1;1;3;1;;;99;400000;;;1;;;;;;;;;;2
20230309;03;2023;7368169;1;1;01;41;1;226.90889614;41;1;1;4;1;2;1;1;1;3;1;1;5;4;1;1;1;1;1;3;1;;;200000000;700000;;;1;;;;;1;;;;;7
20230309;03;2023;7368170;1;1;01;41;1;183.96691494;41;1;1;4;1;2;1;1;1;3;1;1;4;2;1;1;1;1;1;3;3;;;;;1100000;;1;;;;1;;;;;;4
20230309;03;2023;7368171;1;1;01;41;1;173.16211828;41;2;1;4;1;2;1;1;1;3;1;1;3;2;1;1;1;1;1;3;3;;;;;430000;;1;;;;;;;;;;4
20230309;03;2023;7368172;1;1;01;41;1;183.96691494;41;2;1;4;1;2;1;1;1;3;1;1;3;2;1;1;1;1;1;3;3;;;;;500000;;1;;;;;1;;;;;4
20230309;03;2023;7368173;1;1;01;41;1;150.11739008;41;1;1;4;1;2;1;1;1;3;1;1;5;2;1;1;1;1;1;3;4;;;;400000;;;;;;;;;;1;;;3
20230309;03;2023;7368174;1;1;01;41;1;147.99206326;41;1;1;4;1;0;2;1;1;3;1;1;2;1;1;1;1;1;1;4;5;;;;250000;;;1;;;;;;;;;;2
20230309;03;2023;7368175;1;1;01;41;1;152.0841196;41;1;8;1;1;0;2;1;1;3;1;1;1;1;1;1;1;1;2;4;4;;;;150000;;;;;;;;;;1;;;1
20230309;03;2023;7368176;1;1;01;41;1;220.26553286;41;1;1;4;1;1;1;1;1;3;1;1;4;3;1;1;1;1;1;3;1;;;98;98;;;1;;;;;;;;;;3
20230309;03;2023;7368177;1;1;01;41;1;239.58906279;41;2;1;4;1;1;1;1;1;3;1;1;4;2;1;1;1;1;1;3;3;;;;;300000;;1;;;;;;;;;;4
20230309;03;2023;7368178;1;1;01;41;1;141.78594447;41;1;1;4;1;1;1;1;1;3;1;1;4;2;1;1;1;1;1;3;1;;;70000000;400000;;;;;;;;;;1;;;2
20230309;03;2023;7368179;1;1;01;41;1;191.71955448;41;1;1;4;1;1;1;1;1;3;1;1;4;3;1;1;1;1;1;3;1;;;80000000;400000;;;1;;;;;1;;;;;4
20230309;03;2023;7368180;1;1;01;41;1;192.68707969;41;2;1;4;1;1;2;1;1;3;1;1;2;1;1;1;1;1;3;4;3;;;;;270000;;;;;;;;;1;;;5
20230309;03;2023;7368181;1;1;01;41;1;135.93546336;41;1;1;2;1;1;1;1;1;3;1;1;2;1;1;1;1;1;3;3;1;;;50000000;200000;;;;;;;;;;1;;;2
20230309;03;2023;7368182;1;1;01;41;1;117.40986831;41;1;1;2;1;1;1;1;1;3;1;2;3;1;1;1;1;1;1;3;1;;;99;250000;;;;;;;;;;1;;;1
20230309;03;2023;7368182;2;2;01;41;1;117.40986831;41;1;1;2;1;1;1;1;1;3;1;2;1;1;1;2;1;1;1;3;3;;;;;50000;;;;;;;;;1;;;2
20230309;03;2023;7368183;1;1;01;41;1;137.40003796;41;2;1;4;1;1;1;1;1;3;1;1;3;2;1;1;1;1;1;3;2;;400000;70000000;320000;;;1;;1;;;1;;;;;3
20230309;03;2023;7368184;1;1;01;41;1;196.60753367;41;1;1;4;1;1;1;1;1;3;1;1;4;3;1;1;1;1;1;3;1;;;90000000;300000;;;1;;;;;1;;;;;4
20230309;03;2023;7368186;1;1;01;41;1;199.76816608;41;1;1;4;1;2;1;1;1;3;1;1;4;1;1;1;1;1;1;3;1;;;98;98;;;;;;;;;;1;;;1
20230309;03;2023;7368187;1;1;01;41;1;145.70639845;41;1;1;4;1;1;1;1;1;3;1;1;3;1;1;1;1;1;1;3;3;;;;;150000;;;;;;;;;1;;;1
20230309;03;2023;7368188;1;1;01;41;1;178.70288123;41;1;1;4;1;1;1;1;1;3;1;1;4;2;1;1;1;1;1;3;3;;;;;400000;;;;;;;;;1;;;3
20230309;03;2023;7368189;1;1;01;41;1;93.225144171;41;1;1;2;1;2;1;1;1;3;1;1;4;1;1;1;1;1;1;3;4;;;;300000;;;;;;;;;;1;;;1
20230309;03;2023;7368190;1;1;01;41;1;91.600025308;41;2;1;4;1;2;1;1;1;3;1;1;3;2;1;1;1;1;3;3;3;;;;;450000;;1;;;;;;;;;;3
20230309;03;2023;7368191;1;1;01;41;1;126.98555341;41;1;1;4;1;2;1;1;1;3;1;1;4;2;1;1;1;1;1;3;1;;;80000000;400000;;;1;;;;;;;;;;4
20230309;03;2023;7368192;1;1;01;41;1;126.2452775;41;2;1;4;1;2;1;1;1;3;1;1;2;1;1;1;1;1;1;3;3;;;;;400000;;1;;;;1;;;;;;4
20230309;03;2023;7368193;1;1;01;41;1;107.20067385;41;1;1;4;1;2;1;1;1;3;1;1;4;3;1;1;1;1;1;3;4;;;;400000;;;1;;;;;1;;;;;3
20230309;03;2023;7368194;1;1;01;41;1;148.40113068;41;1;1;2;1;2;1;1;1;3;1;1;4;3;1;1;1;1;1;3;4;;;;350000;;;1;;;;;1;;;;;5
20230309;03;2023;7368195;1;1;01;41;1;90.611508184;41;1;1;2;1;2;1;1;1;3;1;1;4;2;1;1;1;1;1;3;1;;;80000000;400000;;;1;;;;1;1;;;;;2
20230309;03;2023;7368196;1;1;01;41;1;103.53646027;41;2;1;2;1;2;1;1;1;3;1;1;4;3;1;1;1;1;1;3;3;;;;;400000;;;;;;;;;1;;;4
20230309;03;2023;7368197;1;1;01;41;1;215.62359898;41;3;1;4;1;3;1;1;1;3;1;1;1;1;1;1;1;1;1;3;3;;;;;260000;;;;;;;;;1;;;1
20230309;03;2023;7368198;1;1;01;41;1;269.8266638;41;2;1;4;1;2;1;1;1;1;1;1;2;1;1;1;1;1;1;3;3;;;;;600000;;1;;;;1;1;;;;;1
20230309;03;2023;7368199;1;1;01;41;1;215.62359898;41;3;1;4;1;3;1;1;1;3;1;1;1;1;1;1;1;1;1;3;3;;;;;270000;;1;;;;;1;;;;;1
20230309;03;2023;7368200;1;1;01;41;1;400.46925288;41;1;1;4;1;3;1;1;1;3;1;1;5;4;1;1;1;1;1;3;1;;;230000000;1000000;;;1;;;;1;1;;;;;6
20230309;03;2023;7368201;1;1;01;41;1;269.8266638;41;3;1;4;1;3;1;1;1;3;1;1;1;1;1;1;1;1;1;3;3;;;;;350000;;1;;;;;1;;;;;1
20230309;03;2023;7368202;1;1;01;41;1;256.90241186;41;3;1;4;1;3;1;1;1;3;1;1;1;1;1;2;1;1;1;3;3;;;;;280000;;1;;;;;1;;;;;1
20230309;03;2023;7368203;1;1;01;41;1;164.2250429;41;2;1;2;1;2;1;1;1;3;1;1;2;1;1;1;1;1;1;1;3;;;;;250000;;;;;;;;;1;;;2
20230309;03;2023;7368204;1;1;01;44;1;62.479073351;44;1;1;4;1;3;1;1;1;7;1;1;3;1;1;1;1;1;1;3;3;;;;;950000;;1;;;;;;;;;;1
20230309;03;2023;7368205;1;1;01;44;1;60.030987357;44;4;8;2;1;1;2;2;1;3;2;1;2;1;2;2;1;9;1;4;3;;;;;150000;;;;;;;;;1;;;7
20230309;03;2023;7368208;1;1;01;44;1;50.496069911;44;1;1;4;1;3;1;1;1;7;1;1;3;1;1;1;1;1;1;3;2;;463000;180000000;800000;;;1;;;;;;;;;;1
20230309;03;2023;7368209;1;1;01;44;1;39.691517332;44;1;1;4;1;3;1;1;1;7;1;1;4;1;1;1;1;1;1;3;1;;;200000000;1000000;;;1;;;;;;;;;;2
20230309;03;2023;7368210;1;1;01;44;1;56.211784155;44;1;8;2;1;1;2;2;1;3;1;1;3;2;2;1;1;1;1;4;3;;;;;280000;;;;;;;;;1;;;4
20230309;03;2023;7368211;1;1;01;44;1;59.727951869;44;2;1;4;1;2;1;1;1;3;1;1;5;4;1;1;1;1;1;3;4;;;;700000;;;1;;;;;;;;;;3
20230309;03;2023;7368212;1;1;01;44;1;53.38645882;44;1;1;4;1;3;1;1;1;7;1;1;4;1;1;1;1;1;1;3;4;;;;1000000;;;1;;;;;;;;;;1
20230309;03;2023;7368213;1;1;01;44;1;52.430908483;44;2;1;2;1;3;1;1;1;7;1;1;4;2;1;1;1;1;1;3;3;;;;;300000;;;;;;;;;1;;;3
20230309;03;2023;7368214;1;1;01;44;1;47.84146695;44;1;1;4;1;2;1;1;1;3;1;1;3;1;1;1;1;1;1;3;1;;;98;400000;;;1;;;;;;;;;;2
20230309;03;2023;7368215;1;1;01;44;1;66.718935965;44;1;1;4;1;2;1;1;1;3;1;1;4;3;1;1;1;1;1;3;1;;;80000000;550000;;;1;;;;;1;;;;;6
20230309;03;2023;7368216;1;1;01;44;1;61.263187271;44;3;1;2;1;2;2;1;1;3;1;1;1;1;1;1;1;1;6;;3;;;;;300000;;;;;;;;;1;;;1
20230309;03;2023;7368217;1;1;01;44;1;90.247550396;44;1;1;4;1;2;1;1;1;3;1;1;2;1;1;1;1;10;6;;3;;;;;750000;;1;;;;;1;;;;;1
20230309;03;2023;7368218;1;1;01;44;1;44.442356535;44;1;1;4;1;3;1;1;1;3;1;1;4;2;1;1;1;1;1;3;1;;;99;300000;;;;;;;;;;1;;;3
20230309;03;2023;7368219;1;1;01;44;1;44.602571557;44;2;1;4;1;2;1;1;1;3;1;1;4;3;1;1;1;1;1;3;3;;;;;300000;;;;;;;;;1;;;5
20230309;03;2023;7368220;1;1;01;44;1;69.402396465;44;2;1;2;1;2;2;1;1;3;1;1;1;1;1;1;1;10;6;;4;;;;100000;;;1;;;;;;;;;;1
20230309;03;2023;7368221;1;1;01;44;1;62.246491296;44;2;1;2;1;2;1;1;1;3;1;1;3;2;1;1;1;1;1;3;4;;;;350000;;;;;;;;;;1;;;2
20230309;03;2023;7368223;1;1;01;44;1;89.985810343;44;2;1;1;1;1;1;2;1;2;1;1;4;3;2;1;1;1;1;3;3;;;;;250000;;;;;;;;;1;;;4
20230309;03;2023;7368224;1;1;01;44;1;125.23919524;44;1;1;2;1;1;1;2;1;2;1;1;3;2;2;1;1;1;1;3;1;;;99;350000;;;;;;;;;;1;;;5
20230309;03;2023;7368225;1;1;01;44;1;61.263187271;44;1;1;2;1;2;1;1;1;3;1;1;1;1;1;1;1;1;1;3;4;;;;280000;;;;;;;;;;1;;;1
20230309;03;2023;7368226;1;1;01;44;1;81.222795356;44;1;1;4;1;2;1;1;1;3;1;1;3;1;1;1;1;1;1;3;4;;;;300000;;;1;;;;;;;;;;1
20230309;03;2023;7368227;1;1;01;44;1;64.402675447;44;1;1;2;1;2;1;1;1;3;1;1;3;2;1;1;1;1;1;3;1;;;98;400000;;;;;;;;;;1;;;3
20230309;03;2023;7368228;1;1;01;44;1;83.720922928;44;1;1;4;1;2;1;1;1;3;1;1;3;2;1;1;1;1;1;3;3;;;;;350000;;;;;;;;;1;;;5
20230309;03;2023;7368229;1;1;01;44;1;71.51534751;44;1;1;4;1;2;1;1;1;3;1;1;3;1;1;1;1;1;1;3;4;;;;400000;;;1;;;;;;;;;;1
20230309;03;2023;7368230;1;1;01;44;1;81.222795356;44;2;1;2;1;2;1;1;1;3;1;1;2;1;1;1;1;1;1;3;3;;;;;350000;;;;;;;;;1;;;1
20230309;03;2023;7368232;1;1;01;44;1;81.222795356;44;2;1;4;1;2;1;1;1;3;1;1;3;1;1;1;1;1;1;3;3;;;;;500000;;1;;;;;;;;;;1
20230309;03;2023;7368234;1;1;01;47;1;261.5674;47;1;8;1;1;1;2;2;1;3;2;1;2;1;2;1;1;10;4;4;4;;;;150000;;;;;;;;;;1;;;5
20230309;03;2023;7368235;1;1;01;47;1;203.72350679;47;1;1;2;1;1;2;1;1;3;2;1;3;1;1;1;1;2;1;4;4;;;;200000;;;;;;;;;;1;;;1
20230309;03;2023;7368236;1;1;01;47;1;208.53380213;47;1;1;4;1;1;1;1;1;3;1;1;3;2;1;1;1;1;3;3;1;;;98;400000;;;;;;;;;;1;;;3
20230309;03;2023;7368237;1;1;01;47;1;173.76221626;47;1;1;2;1;1;1;1;1;3;1;1;2;1;1;1;1;1;4;3;1;;;99;250000;;;;;;;;;;1;;;1
20230309;03;2023;7368238;1;1;01;47;1;184.9402452;47;1;1;4;1;1;1;1;1;3;1;1;3;2;1;1;1;1;3;3;3;;;;;400000;;;;;;;;;1;;;4
20230309;03;2023;7368239;1;1;01;47;1;164.51646955;47;1;1;4;1;1;1;1;1;3;1;1;3;2;1;1;1;10;1;3;5;;;;400000;;;;;;;;;;1;;;3
20230309;03;2023;7368240;1;1;01;47;1;209.77350087;47;1;1;2;1;1;1;1;1;3;1;1;3;2;1;1;1;1;1;3;6;;;;400000;;;;;;;;;;1;;;8
20230309;03;2023;7368242;1;1;01;47;1;213.15950654;47;1;1;2;1;1;1;1;1;3;1;1;3;2;1;1;1;1;3;3;3;;;;;450000;;1;;;;;;;;;;8
20230309;03;2023;7368243;1;1;01;47;1;205.12740177;47;1;1;2;1;1;1;1;1;3;1;1;3;2;1;1;1;1;3;3;1;;;70000000;400000;;;;;;;;;;1;;;4
20230309;03;2023;7368244;1;1;01;47;1;348.40926593;47;2;1;4;1;1;1;1;1;3;1;1;3;2;1;1;1;1;1;3;4;;;;600000;;;;;;;;;;1;;;4
20230309;03;2023;7368245;1;1;01;47;1;359.42172288;47;2;1;2;1;1;1;1;1;3;1;1;2;1;1;1;1;1;1;3;3;;;;;450000;;1;;;;;;;;;;3
20230309;03;2023;7368246;1;1;01;47;1;347.16278809;47;2;1;2;1;1;1;1;1;3;1;1;1;1;1;1;1;1;2;3;6;;;;300000;;;1;;;;;;;;;;3
20230309;03;2023;7368247;1;1;01;47;1;237.14539426;47;2;1;4;1;1;1;1;1;3;1;1;2;1;1;1;1;1;1;3;4;;;;450000;;;;;;;;;;1;;;4
20230309;03;2023;7368248;1;1;01;47;1;326.95925;47;2;1;4;1;1;1;1;1;3;1;1;2;1;1;1;1;1;1;3;3;;;;;470000;;;;;;;;;1;;;5
20230309;03;2023;7368249;1;1;01;47;1;205.64558694;47;1;1;4;1;1;1;1;1;3;1;1;3;2;1;1;1;1;1;3;1;;;50000000;400000;;;1;;;;;;;;;;3
20230309;03;2023;7368250;1;1;01;47;1;223.27743733;47;1;1;2;1;1;1;1;1;3;1;1;3;2;1;1;1;1;3;3;6;;;;300000;;;1;;;;;;;;;;4
20230309;03;2023;7368251;1;1;01;47;1;308.80048702;47;2;1;2;1;1;1;1;1;3;1;1;3;2;1;1;1;1;1;3;1;;;98;400000;;;;;;;;;;1;;;3
20230309;03;2023;7368252;1;1;01;47;1;237.71135171;47;2;1;2;1;1;1;1;1;3;1;1;3;2;1;1;1;1;3;3;6;;;;250000;;;1;;;;;;;;;;3
20230309;03;2023;7368253;1;1;01;47;1;160.77872917;47;2;1;4;1;2;1;1;1;3;1;1;3;2;1;1;1;10;3;3;3;;;;;600000;;1;;;;;;;;;;4
20230309;03;2023;7368254;1;1;01;47;1;163.43470562;47;1;1;4;1;2;1;1;1;3;1;1;3;2;1;1;1;1;3;3;4;;;;650000;;;;;;;;;;1;;;4
20230309;03;2023;7368255;1;1;01;47;1;163.89522738;47;2;1;4;1;2;1;1;1;3;1;1;2;1;1;1;1;10;3;3;3;;;;;400000;;;;;;;;;1;;;4
20230309;03;2023;7368256;1;1;01;47;1;310.97928144;47;1;1;4;1;3;1;1;1;3;1;1;4;1;1;1;1;1;3;3;3;;;;;800000;;1;;;;;;;;;;3
20230309;03;2023;7368257;1;1;01;47;1;285.52744317;47;2;1;4;1;4;1;1;1;3;1;1;4;2;1;1;1;10;1;3;4;;;;900000;;;1;;;;;1;;;;;3
20230309;03;2023;7368258;1;1;01;47;1;299.96135755;47;2;1;4;1;4;1;1;1;3;1;1;4;2;1;1;1;10;1;3;1;;;99;99;;;1;;;;;;;;;;2
20230309;03;2023;7368259;1;1;01;47;1;184.54752268;47;2;1;4;1;4;1;1;1;3;1;1;4;1;1;1;1;10;1;3;3;;;;;1100000;;1;;;;;;;;;;2
20230309;03;2023;7368260;1;1;01;47;1;207.10683006;47;1;1;4;1;3;1;1;1;3;1;1;4;1;1;1;1;1;3;3;3;;;;;800000;;1;;;;;;;;;;3
20230309;03;2023;7368261;1;1;01;47;1;357.18600244;47;1;1;4;1;3;1;1;1;3;1;1;4;3;1;1;1;10;1;3;3;;;;;850000;;1;;;;;;;;;;3
20230309;03;2023;7368262;1;1;01;47;1;196.36984311;47;2;1;4;1;3;1;1;1;3;1;1;4;3;1;1;1;10;1;3;4;;;;700000;;;;;;;;;;1;;;4
20230309;03;2023;7368263;1;1;01;47;1;156.00573354;47;1;1;4;1;3;1;1;1;1;1;1;4;3;1;1;1;1;1;3;3;;;;;500000;;;;;;;;;1;;;4
20230309;03;2023;7368264;1;1;01;47;1;143.45832879;47;2;1;2;1;3;1;1;1;3;1;1;3;2;1;1;1;10;1;3;5;;;;600000;;;;;;;;;;1;;;3
20230309;03;2023;7368265;1;1;01;47;1;148.33218201;47;2;1;4;1;3;1;1;1;3;1;1;4;3;1;1;1;1;3;3;1;;;200000000;800000;;;1;;;;;;;;;;4
20230309;03;2023;7368266;1;1;01;47;1;221.14082236;47;1;1;2;1;1;2;1;1;3;2;1;2;1;1;1;1;2;1;1;3;;;;;150000;;;;;;;;;1;;;3
20230309;03;2023;7368267;1;1;01;47;1;201.21297403;47;4;8;2;1;1;2;1;1;3;2;1;1;1;1;1;1;2;2;1;3;;;;;80000;;;;;;;;;1;;;1
20230309;03;2023;7368268;1;1;01;47;1;222.18418438;47;1;1;2;1;1;2;1;1;3;2;1;3;2;1;1;1;2;1;1;4;;;;200000;;;1;;;;;;;;;;3
20230309;03;2023;7368269;1;1;01;47;1;228.23703887;47;2;1;4;1;4;1;1;1;3;1;1;4;3;1;1;1;1;1;3;3;;;;;1200000;;1;;;;;1;;;;;6
20230309;03;2023;7368270;1;1;01;47;1;159.18514964;47;2;1;4;1;6;1;1;1;3;1;1;3;1;1;1;1;1;1;3;1;;;98;3000000;;;1;;;;;1;;;;;1
20230309;03;2023;7368271;1;1;01;47;1;192.17637529;47;2;1;4;1;6;1;1;1;3;1;1;4;2;1;1;1;1;1;3;3;;;;;3200000;;1;;;;;1;;;;;2
20230309;03;2023;7368272;1;1;01;50;1;354.52736653;50;2;1;4;1;3;1;1;1;3;1;1;4;3;1;1;1;1;1;3;3;;;;;1200000;;1;;;;;;;;;;4
20230309;03;2023;7368273;1;1;01;50;1;163.96165496;50;1;1;4;1;3;1;1;1;3;1;1;3;2;1;1;1;1;1;3;1;;;97000000;500000;;;1;;;;;;;;;;4
20230309;03;2023;7368274;1;1;01;50;1;245.95452807;50;1;1;4;1;3;1;1;1;3;1;1;4;3;1;1;1;1;1;3;2;;1700000;265000000;1400000;;;1;;1;;;1;1;;;NEQUI;4
20230309;03;2023;7368275;1;1;01;50;1;137.12132125;50;2;1;4;1;3;1;1;1;3;1;1;3;1;1;1;1;1;1;3;1;;;90000000;400000;;;;;;;;;1;;;NEQUI;1
20230309;03;2023;7368276;1;1;01;50;1;147.0709595;50;2;1;4;1;3;1;1;1;3;1;1;4;3;1;1;1;1;1;3;3;;;;;1000000;;1;;;;;;1;;;DAVIPLATA;3
20230309;03;2023;7368277;1;1;01;50;1;123.64034708;50;1;1;4;1;3;1;1;1;3;1;1;4;3;1;1;1;1;1;3;2;;1600000;190000000;1300000;;;1;;1;;1;1;;;;;5
20230309;03;2023;7368278;1;1;01;50;1;253.06588253;50;2;1;4;1;3;1;1;1;3;1;1;2;1;1;1;1;1;1;3;3;;;;;300000;;1;;;;;;;;;;3
20230309;03;2023;7368279;1;1;01;50;1;137.12132125;50;2;1;4;1;3;1;1;1;3;1;1;3;1;1;1;1;1;1;3;1;;;300000000;2000000;;;1;;;;;;;;;;1
20230309;03;2023;7368280;1;1;01;50;1;253.94674093;50;1;1;4;1;3;1;1;1;3;1;1;4;2;1;1;1;1;1;3;1;;;350000000;1400000;;;1;;;;;;;;;;3
20230309;03;2023;7368281;1;1;01;50;1;311.4144998;50;1;1;4;1;3;1;1;1;3;1;2;4;1;1;1;1;1;1;3;1;;;220000000;950000;;;1;;;;;;;;;;1
20230309;03;2023;7368281;2;2;01;50;1;311.4144998;50;1;1;4;1;3;1;1;1;3;1;2;2;1;1;1;1;1;1;3;3;;;;;400000;;1;;;;;;;;;;1
20230309;03;2023;7368282;1;1;01;50;1;245.71093708;50;1;1;4;1;3;1;1;1;3;1;1;4;1;1;1;1;1;1;3;1;;;200000000;1200000;;;1;;;;;1;;;;;2
20230309;03;2023;7368283;1;1;01;50;1;288.84352392;50;2;1;4;1;3;1;1;1;3;1;1;2;1;1;1;1;1;1;3;3;;;;;330000;;1;;;;;;;;;;1
20230309;03;2023;7368284;1;1;01;50;1;297.86791027;50;1;1;4;1;3;1;1;1;3;1;1;4;3;1;1;1;1;1;3;1;;;200000000;600000;;;1;;;;;;;;;;2
20230309;03;2023;7368285;1;1;01;50;1;230.28509666;50;1;1;4;1;3;1;1;1;3;1;1;4;3;1;1;1;1;1;3;1;;;180000000;600000;;;;;;;;;;1;;;3
20230309;03;2023;7368287;1;1;01;50;1;237.61526401;50;2;1;4;1;2;1;1;1;3;1;1;1;1;1;1;1;1;2;3;3;;;;;400000;;1;;;;;;;;;;1
20230309;03;2023;7368288;1;1;01;50;1;354.83728436;50;1;1;4;1;3;1;1;1;3;1;1;4;2;1;1;1;1;1;3;3;;;;;800000;;1;;;;1;;;;;;4
20230309;03;2023;7368289;1;1;01;50;1;319.65252979;50;1;1;2;1;3;1;1;1;3;1;2;3;2;1;2;1;1;1;3;4;;;;600000;;;;;;;;;;1;;;2
20230309;03;2023;7368289;2;2;01;50;1;319.65252979;50;1;1;2;1;3;1;1;1;3;1;2;2;1;1;2;1;1;1;3;1;;;250000000;600000;;;1;;;;;;;;;;3
20230309;03;2023;7368290;1;1;01;50;1;277.69874428;50;1;1;4;1;3;1;1;1;3;1;1;5;3;1;1;1;1;1;3;3;;;;;1100000;;1;;;;;;;;;;4
20230309;03;2023;7368291;1;1;01;50;1;276.39810803;50;1;1;4;1;3;1;1;1;3;1;1;4;2;1;1;1;1;1;3;1;;;200000000;1000000;;;1;;;;;1;;;;;3
20230309;03;2023;7368292;1;1;01;50;1;189.04394538;50;2;1;4;1;2;1;1;1;3;1;1;4;2;1;1;1;1;1;3;1;;;100000000;500000;;;;;;;;;;1;;;3
20230309;03;2023;7368293;1;1;01;50;1;311.18135606;50;1;1;4;1;3;1;1;1;3;1;1;4;3;1;1;1;1;1;3;1;;;130000000;1200000;;;1;;;;;1;;;;;4
20230309;03;2023;7368294;1;1;01;50;1;235.008671;50;2;1;4;1;2;1;1;1;3;1;1;2;1;1;1;1;1;1;3;3;;;;;350000;;1;;;;;;;;;;4
20230309;03;2023;7368295;1;1;01;50;1;191.98532068;50;1;1;4;1;2;1;1;1;3;1;1;5;2;1;1;1;1;1;3;4;;;;800000;;;1;;;;;;;;;;3
20230309;03;2023;7368296;1;1;01;50;1;197.49571954;50;2;1;4;1;2;1;1;1;3;1;1;3;2;1;1;1;1;1;3;3;;;;;600000;;1;;;;;;;;;;2
20230309;03;2023;7368297;1;1;01;50;1;239.13685451;50;1;1;4;1;2;1;1;1;3;1;1;5;4;1;1;1;1;1;3;1;;;150000000;600000;;;;;;;;;;1;;;3
20230309;03;2023;7368298;1;1;01;50;1;333.62231817;50;4;1;4;1;2;2;1;1;3;1;1;1;1;1;1;1;1;6;;3;;;;;250000;;;;;;;;;1;;;1
20230309;03;2023;7368299;1;1;01;50;1;398.64863257;50;2;1;4;1;3;1;1;1;3;1;1;4;2;1;1;1;1;1;3;1;;;250000000;1200000;;;1;;;;;1;;;;;3
20230309;03;2023;7368300;1;1;01;50;1;235.008671;50;2;1;4;1;2;1;1;1;3;1;1;3;2;1;1;1;1;1;3;3;;;;;300000;;1;;;;;;1;;;NEQUI;4
20230309;03;2023;7368301;1;1;01;50;1;203.25298153;50;2;1;4;1;3;1;1;1;3;1;1;2;1;1;1;1;1;1;3;3;;;;;400000;;1;;;;;;1;;;NEQUI Y DAVIPLATA;1
20230309;03;2023;7368302;1;1;01;50;1;287.99237484;50;1;1;4;1;2;1;1;1;3;1;1;5;3;1;1;1;1;1;3;1;;;320000000;900000;;;1;;;;;;;;;;3
20230309;03;2023;7368303;1;1;01;50;1;232.10486515;50;1;1;4;1;2;1;1;1;3;1;1;5;4;1;1;1;1;1;3;1;;;180000000;600000;;;1;;;;;;;;;;2
20230309;03;2023;7368304;1;1;01;50;1;358.45959827;50;2;1;4;1;3;1;1;1;3;1;1;4;1;1;1;1;1;1;3;3;;;;;1000000;;;;;;;;;1;;;1
20230309;03;2023;7368305;1;1;01;50;1;295.62367041;50;2;1;4;1;2;1;1;1;3;1;1;4;3;1;1;1;1;1;3;3;;;;;600000;;1;;;;;;;;;;6
20230309;03;2023;7368306;1;1;01;50;1;249.85612687;50;2;1;4;1;2;1;1;1;3;1;1;3;2;1;1;1;1;1;3;3;;;;;380000;;;;;;;;1;;;NEQUI;2
20230309;03;2023;7368307;1;1;01;50;1;232.10486515;50;1;1;4;1;2;2;1;1;3;1;1;4;2;1;1;1;1;1;4;1;;;240000000;600000;;;1;;;;;;;;;;2
20230309;03;2023;7368308;1;1;01;50;1;188.76055884;50;1;1;4;1;3;1;1;1;3;1;1;3;2;1;1;1;1;1;3;3;;;;;550000;;1;;;;;;;;;;4
20230309;03;2023;7368309;1;1;01;50;1;481.66722186;50;1;1;7;1;1;2;1;1;3;1;1;3;1;1;1;1;1;1;4;4;;;;350000;;;;;;;;;;1;;;1
20230309;03;2023;7368310;1;1;01;50;1;197.49571954;50;2;1;4;1;2;1;1;1;3;1;1;2;1;1;1;1;1;1;4;3;;;;;400000;;1;;;;;;;;;;2
20230309;03;2023;7368311;1;1;01;50;1;258.38337296;50;1;1;2;1;1;1;1;1;3;1;1;3;2;1;1;1;1;1;3;1;;;120000000;350000;;;1;;;;;;;;;;3
20230309;03;2023;7368312;1;1;01;50;1;203.73780793;50;1;1;4;1;1;1;1;1;3;1;1;4;2;1;1;1;1;1;3;3;;;;;250000;;;;;;;;;1;;;2
20230309;03;2023;7368313;1;1;01;50;1;230.40897895;50;1;1;2;1;1;1;1;1;3;1;1;3;2;1;1;1;1;1;3;5;;;;400000;;;;;;;;;;1;;;4
20230309;03;2023;7368314;1;1;01;50;1;187.29434966;50;1;1;2;1;1;1;1;1;3;1;1;3;3;1;1;1;1;1;3;3;;;;;400000;;1;;;;;;;;;;7
20230309;03;2023;7368315;1;1;01;50;1;226.40926742;50;1;1;2;1;1;1;1;1;3;1;1;3;3;1;1;1;1;1;3;1;;;45000000;350000;;;1;;;;;;;;;;3
20230309;03;2023;7368316;1;1;01;50;1;145.22707379;50;1;1;4;1;1;1;1;1;3;1;1;3;2;1;1;1;1;1;3;5;;;;380000;;;;;;;;;;1;;;6
20230309;03;2023;7368317;1;1;01;50;1;244.3037685;50;1;1;4;1;1;1;1;1;3;1;1;4;2;1;1;1;1;1;3;1;;;80000000;350000;;;1;;;;;;;;;;2
20230309;03;2023;7368318;1;1;01;50;1;185.84330685;50;1;1;2;1;1;1;1;1;3;1;1;3;2;1;1;1;1;1;3;5;;;;500000;;;;;;;;;;1;;;3
20230309;03;2023;7368319;1;1;01;50;1;240.85335808;50;2;1;4;1;2;1;1;1;3;1;1;3;2;1;1;1;1;1;3;3;;;;;300000;;;;;;;;1;;;AHORRO A LA MANO;3
20230309;03;2023;7368320;1;1;01;50;1;374.55728049;50;1;1;4;1;1;2;1;1;3;2;1;3;1;1;1;1;4;1;4;4;;;;350000;;;;;;;;;;1;;;1
20230309;03;2023;7368321;1;1;01;50;1;359.52561231;50;1;1;4;1;1;1;1;1;3;1;1;4;3;1;1;1;1;1;3;1;;;50000000;400000;;;1;;;;;;;;;;5
20230309;03;2023;7368323;1;1;01;50;1;308.67904981;50;1;1;4;1;1;2;1;1;3;1;1;3;2;2;1;1;1;1;4;5;;;;350000;;;;;;;;;;1;;;3
20230309;03;2023;7368324;1;1;01;50;1;405.63655654;50;2;1;4;1;1;1;1;1;3;1;1;3;2;1;1;1;1;1;3;3;;;;;330000;;;;;;;;;1;;;2
20230309;03;2023;7368325;1;1;01;50;1;202.56558821;50;2;1;4;1;2;1;1;1;3;1;1;3;1;1;1;1;1;1;3;4;;;;350000;;;;;;;;;;1;;;1
20230309;03;2023;7368326;1;1;01;50;1;290.21233892;50;2;1;4;1;1;2;1;1;3;1;1;4;3;1;1;1;1;2;4;3;;;;;400000;;1;;;;;;;;;;3
20230309;03;2023;7368327;1;1;01;50;1;353.20947205;50;1;1;4;1;1;2;1;1;3;1;1;3;1;1;1;1;1;1;4;5;;;;400000;;;1;;;;;;;;;;2
20230309;03;2023;7368328;1;1;01;50;1;353.20947205;50;1;1;4;1;1;2;1;1;3;2;1;3;1;1;1;1;3;1;4;3;;;;;350000;;1;;;;;;;;;;2
20230309;03;2023;7368329;1;1;01;50;1;290.10641971;50;2;1;4;1;1;2;1;1;3;1;1;4;3;1;1;1;1;1;4;3;;;;;400000;;;;;;;;;1;;;3
20230309;03;2023;7368330;1;1;01;50;1;353.20947205;50;1;1;2;1;1;1;1;1;3;1;1;3;1;1;1;1;1;1;3;3;;;;;350000;;;;;;;;;1;;;2
20230309;03;2023;7368331;1;1;01;50;1;203.71145318;50;1;8;1;1;2;1;1;1;3;1;1;1;1;1;1;1;1;3;3;1;;;30000000;200000;;;;;;;;;;1;;;3
20230309;03;2023;7368332;1;1;01;50;1;267.83404899;50;1;1;4;1;2;1;1;1;3;1;1;4;3;1;1;1;1;1;3;3;;;;;350000;;1;;;;;;1;;;NEQUI;3
20230309;03;2023;7368333;1;1;01;50;1;177.74614759;50;1;1;2;1;2;1;1;1;3;1;1;2;2;1;1;1;1;1;3;1;;;50000000;350000;;;1;;;;;;1;;;DAVIPLATA;2
20230309;03;2023;7368334;1;1;01;50;1;348.8175535;50;1;1;4;1;3;1;1;1;3;1;1;3;2;1;1;1;1;1;3;3;;;;;750000;;1;;;;;;;;;;3
20230309;03;2023;7368335;1;1;01;50;1;306.378422;50;1;1;4;1;3;1;1;1;3;1;1;5;4;1;1;1;1;1;3;4;;;;500000;;;1;;;;;;;;;;2
20230309;03;2023;7368336;1;1;01;50;1;306.378422;50;1;1;4;1;3;1;1;1;3;1;1;3;2;1;1;1;1;1;3;1;;;250000000;900000;;;;;;;;;;1;;;2
20230309;03;2023;7368337;1;1;01;50;1;187.53139139;50;2;1;4;1;2;1;1;1;3;1;1;2;1;1;1;1;10;1;3;3;;;;;350000;;1;;;;;;;;;;2
20230309;03;2023;7368338;1;1;01;50;1;440.38145998;50;1;1;4;1;3;1;1;1;3;1;1;5;4;1;1;1;1;1;3;1;;;200000000;700000;;;1;;;;;;;;;;1
20230309;03;2023;7368339;1;1;01;50;1;231.55493259;50;1;1;4;1;3;1;1;1;3;1;1;3;2;1;1;1;1;1;3;6;;;;800000;;;1;;;;;;;;;;3
20230309;03;2023;7368340;1;1;01;50;1;338.97553171;50;2;1;4;1;3;1;1;1;3;1;1;4;3;1;1;1;1;1;3;4;;;;1000000;;;1;;;;;;;;;;4
20230309;03;2023;7368341;1;1;01;50;1;280.96038548;50;1;1;4;1;3;1;1;1;3;1;1;3;2;1;1;1;1;1;3;3;;;;;1270000;;1;;;;;;;;;;2
20230309;03;2023;7368342;1;1;01;50;1;425.2976513;50;1;1;4;1;1;1;1;1;3;1;1;3;1;1;1;1;1;1;3;3;;;;;360000;;;;;;;;1;;;NEQUI;1
20230309;03;2023;7368343;1;1;01;50;1;368.63221695;50;1;1;4;1;1;1;1;1;3;1;1;4;3;1;1;1;1;1;3;3;;;;;400000;;1;;;;;;;;;;6
20230309;03;2023;7368344;1;1;01;50;1;436.47030205;50;1;1;2;1;1;1;1;1;3;1;1;4;2;1;1;1;1;1;3;1;;;50000000;400000;;;;;;;;;1;;;DAVIPLATA;3
20230309;03;2023;7368345;1;1;01;50;1;411.13206438;50;1;1;4;1;1;1;1;1;3;1;1;3;1;1;1;1;1;1;3;3;;;;;300000;;;;;;;;;1;;;1
20230309;03;2023;7368346;1;1;01;50;1;481.66722186;50;2;1;4;1;1;1;1;1;3;1;1;4;1;1;1;1;1;1;3;3;;;;;450000;;1;;;;;;;;;;1
20230309;03;2023;7368347;1;1;01;50;1;489.31273332;50;1;1;4;1;1;1;1;1;3;1;1;3;1;1;1;1;1;1;3;3;;;;;400000;;1;;;;;;;;;;1
20230309;03;2023;7368348;1;1;01;50;1;417.52745956;50;1;1;4;1;1;1;1;1;3;1;1;4;3;1;1;1;1;1;3;1;;;80000000;400000;;;1;;;;;;;;;;6
20230309;03;2023;7368349;1;1;01;50;1;330.10688449;50;1;1;4;1;1;1;1;1;3;1;1;3;2;1;1;1;1;1;3;1;;;80000000;400000;;;1;;;;;1;;;;;1
20230309;03;2023;7368350;1;1;01;50;1;245.95452807;50;1;1;4;1;3;1;1;1;3;1;1;4;3;1;1;1;1;1;3;3;;;;;1200000;;1;;;;;1;;;;;4
20230309;03;2023;7368351;1;1;01;50;1;178.81092059;50;2;1;4;1;3;1;1;1;3;1;1;3;1;1;1;1;1;1;3;3;;;;;680000;;1;;;;;;;;;;2
20230309;03;2023;7368352;1;1;01;50;1;304.93958881;50;2;1;4;1;2;1;1;1;3;1;1;3;1;1;1;1;1;1;3;3;;;;;500000;;;;;;;;;1;;;1
20230309;03;2023;7368353;1;1;01;50;1;387.16113567;50;2;1;2;1;2;1;1;1;3;1;1;3;2;1;1;1;1;1;3;3;;;;;420000;;;;;;;;;1;;;4
20230309;03;2023;7368354;1;1;01;50;1;267.40587291;50;4;1;4;1;2;1;1;1;3;1;1;1;1;1;1;1;1;1;3;3;;;;;300000;;;;;;;;;1;;;2
20230309;03;2023;7368355;1;1;01;50;1;194.15763243;50;1;1;2;1;1;1;1;1;3;1;1;1;1;1;1;1;1;1;3;3;;;;;250000;;;;;;;;;1;;;4
20230309;03;2023;7368356;1;1;01;;1;345.45529799;52;2;1;2;1;1;2;2;1;3;1;1;4;3;2;1;1;1;1;4;1;;;40000000;200000;;;;;;;;;;1;;;4
20230309;03;2023;7368357;1;1;01;;1;179.19133314;52;1;5;4;1;1;2;2;1;3;1;1;4;2;2;1;1;1;1;4;1;;;90000000;300000;;;;;;;;;;1;;;4
20230309;03;2023;7368358;1;1;01;;1;197.07332249;52;2;1;2;1;1;2;2;1;3;1;1;3;1;2;1;1;1;6;;3;;;;;350000;;1;;;;;;;;;;2
20230309;03;2023;7368359;1;1;01;;1;184.94408498;52;2;5;3;1;1;2;2;1;3;1;1;2;1;2;1;1;1;1;4;1;;;42000000;400000;;;1;;;;1;;;;;;3
20230309;03;2023;7368360;1;1;01;;1;214.9368298;52;1;5;2;1;1;2;2;1;3;1;1;3;1;2;1;1;1;1;4;6;;;;400000;;;1;;;;;;;;;;1
20230309;03;2023;7368361;1;1;01;;1;213.72723513;52;2;1;4;1;1;2;2;1;3;1;1;3;1;2;1;1;1;1;4;1;;;150000000;1000000;;;1;;;;;;;;;;2
20230309;03;2023;7368362;1;1;01;;1;260.13378305;52;1;1;4;1;1;2;2;1;3;1;1;3;1;2;1;1;1;1;4;4;;;;600000;;;1;;;;;;;;;;2
20230309;03;2023;7368363;1;1;01;;1;125.25993473;52;2;1;4;1;1;2;2;1;3;1;1;4;3;2;1;1;1;1;4;1;;;120000000;400000;;;1;;;;;;;;;;3
20230309;03;2023;7368364;1;1;01;;1;67.736332938;52;1;1;4;1;1;2;2;1;3;1;1;4;3;2;1;1;1;1;4;1;;;100000000;700000;;;1;;;;;;;;;;5
20230309;03;2023;7368365;1;1;01;;1;157.88509867;52;2;1;4;1;1;2;2;1;3;1;1;4;2;2;1;1;1;1;4;6;;;;400000;;;1;;;;;;;;;;2
20230309;03;2023;7368366;1;1;01;;1;343.30245774;52;1;5;3;1;1;2;2;1;2;1;1;3;2;3;1;1;1;1;4;4;;;;200000;;;1;;;;;;;;;;3
20230309;03;2023;7368367;1;1;01;;1;220.9143465;52;1;5;3;1;1;2;2;1;2;1;1;2;1;5;1;1;1;1;1;6;;;;150000;;;;;;;;;;1;;;4
20230309;03;2023;7368368;1;1;01;;1;206.93205983;52;1;5;3;1;1;2;2;1;2;1;1;3;2;4;1;1;1;1;4;4;;;;200000;;;;;;;;;;1;;;2
20230309;03;2023;7368369;1;1;01;;1;203.73158069;52;1;5;3;1;1;2;2;1;2;1;1;3;2;5;1;1;1;1;4;6;;;;250000;;;1;;;;;;;;;;4
20230309;03;2023;7368370;1;1;01;;1;488.20546612;52;1;5;3;1;1;2;2;1;2;1;1;2;1;5;1;1;1;4;1;6;;;;100000;;;;;;;;;;1;;;1
20230309;03;2023;7368371;1;1;01;;1;125.73556802;52;1;5;3;1;1;2;2;1;2;1;1;3;2;3;1;1;1;1;4;1;;;12000000;200000;;;1;;;;;;;;;;4
20230309;03;2023;7368372;1;1;01;;1;125.73556802;52;1;5;3;1;1;2;2;1;2;1;1;2;1;5;1;1;1;4;1;6;;;;100000;;;;;;;;;;1;;;4
20230309;03;2023;7368373;1;1;01;;1;125.73556802;52;1;5;3;1;1;2;2;1;2;1;1;3;2;5;1;1;1;1;4;1;;;15000000;100000;;;;;;;;;;1;;;3
20230309;03;2023;7368374;1;1;01;;1;418.76606671;52;1;5;3;1;1;2;2;1;2;1;1;4;3;4;1;1;1;1;4;4;;;;200000;;;;;;;;;;1;;;4
20230309;03;2023;7368375;1;1;01;;1;415.46232565;52;1;5;3;1;1;2;2;1;2;1;1;3;1;2;1;1;1;1;4;4;;;;350000;;;;;;;;;;1;;;1
20230309;03;2023;7368376;1;1;01;;1;712.5015521;52;1;5;3;1;1;2;2;1;3;2;1;3;2;6;;1;10;5;4;1;;;35000000;150000;;;1;;;;;;;;;;3
20230309;03;2023;7368377;1;1;01;;1;298.90104182;52;1;1;4;1;1;2;2;1;3;2;1;4;3;2;1;1;10;1;4;1;;;90000000;500000;;;1;;;;;;;;;;4
20230309;03;2023;7368378;1;1;01;;1;367.87757272;52;1;1;4;1;1;2;2;1;2;2;1;4;3;2;1;1;8;1;4;1;;;70000000;300000;;;1;;;;;;;;;;6
20230309;03;2023;7368379;1;1;01;;1;139.70618669;52;1;1;2;1;1;2;2;1;2;2;1;3;2;2;1;1;8;1;4;6;;;;300000;;;;;;;;;;1;;;4
20230309;03;2023;7368380;1;1;01;;1;139.70618669;52;2;1;4;1;1;2;2;1;2;2;1;3;2;2;1;1;10;3;4;1;;;90000000;500000;;;1;;;;;;;;;;5
20230309;03;2023;7368381;1;1;01;;1;381.44717526;52;1;1;2;1;1;2;2;1;2;2;1;3;2;2;1;1;10;1;4;6;;;;500000;;;;;;;;;;1;;;3
20230309;03;2023;7368382;1;1;01;;1;712.5015521;52;1;1;4;1;1;2;2;1;3;2;1;5;2;2;1;1;10;1;4;1;;;180000000;600000;;;1;;;;;;;;;;2
20230309;03;2023;7368383;1;1;01;;1;139.70618669;52;2;1;4;1;1;2;2;1;2;2;1;3;2;2;1;1;8;3;4;3;;;;;350000;;1;;;;;;;;;;3
20230309;03;2023;7368384;1;1;01;;1;139.70618669;52;1;1;4;1;1;2;2;1;3;2;1;5;4;2;1;1;10;1;4;1;;;60000000;400000;;;1;;;;;;;;;;7
20230309;03;2023;7368385;1;1;01;;1;381.44717526;52;1;1;4;1;1;2;2;1;3;2;1;4;3;2;1;1;10;1;4;1;;;150000000;500000;;;1;;;;;;;;;;3
20230309;03;2023;7368386;1;1;01;52;1;83.284331005;52;1;1;4;1;2;2;1;1;3;1;1;2;2;1;1;1;1;1;4;4;;;;500000;;;;;;;;;;1;;;4
20230309;03;2023;7368387;1;1;01;52;1;112.64140214;52;2;1;4;1;2;2;1;1;3;1;1;2;2;1;1;1;1;1;4;3;;;;;300000;;;;;;;;;1;;;2
20230309;03;2023;7368388;1;1;01;52;1;129.96228558;52;2;1;4;1;2;2;1;1;3;1;1;3;1;1;1;1;1;1;4;3;;;;;300000;;;;;;;;;1;;;1
20230309;03;2023;7368389;1;1;01;52;1;108.54561283;52;1;1;4;1;3;2;1;1;3;1;1;5;2;1;1;1;1;1;4;1;;;200000000;1200000;;;1;;;;;;;;;;2
20230309;03;2023;7368390;1;1;01;52;1;205.18988051;52;2;1;4;1;1;1;1;1;3;1;1;2;2;1;1;1;1;1;3;1;;;80000000;300000;;;1;;;;;;;;;;4
20230309;03;2023;7368391;1;1;01;52;1;133.54144187;52;2;1;2;1;1;1;1;1;3;1;1;3;2;1;1;1;1;1;4;3;;;;;300000;;;;;;;;;1;;;3
20230309;03;2023;7368392;1;1;01;52;1;84.237276255;52;2;1;4;1;1;1;1;1;3;1;1;3;2;1;1;1;1;1;3;3;;;;;300000;;;;;;;;;1;;;3
20230309;03;2023;7368393;1;1;01;52;1;149.91222824;52;1;1;4;1;2;1;1;1;3;1;1;5;2;1;1;1;1;1;3;1;;;230000000;700000;;;1;;;;1;;;;;;3
20230309;03;2023;7368394;1;1;01;52;1;134.22875764;52;2;1;4;1;2;2;1;1;3;1;1;3;1;1;1;1;1;1;4;1;;;150000000;400000;;;1;;;;;;;;;;1
20230309;03;2023;7368395;1;1;01;52;1;178.54533288;52;2;1;4;1;2;2;1;1;3;1;1;3;1;1;1;1;1;1;4;3;;;;;300000;;1;;;;;;;;;;3
20230309;03;2023;7368396;1;1;01;52;1;134.22875764;52;1;1;3;1;2;2;1;1;3;1;1;6;1;1;1;1;1;1;4;1;;;300000000;500000;;;;;;;;;;1;;;1
20230309;03;2023;7368397;1;1;01;52;1;95.3418589;52;2;1;3;1;2;2;1;1;3;1;1;5;3;1;1;1;1;1;4;1;;;100000000;400000;;;1;;;;;;;;;;5
20230309;03;2023;7368398;1;1;01;52;1;99.425970973;52;1;1;4;1;2;1;1;1;3;1;1;5;3;1;1;1;1;1;3;1;;;200000000;600000;;;1;;;;;;;;;;4
20230309;03;2023;7368399;1;1;01;52;1;117.15567387;52;2;1;4;1;2;2;1;1;3;1;1;3;2;1;1;1;1;1;4;3;;;;;400000;;;;;;;;;1;;;2
20230309;03;2023;7368400;1;1;01;52;1;183.07309208;52;1;1;4;1;2;1;1;1;3;1;2;2;1;1;1;1;1;1;3;2;;750000;100000000;400000;;;1;;1;;;;;;;;2
20230309;03;2023;7368400;2;2;01;52;1;183.07309208;52;1;1;4;1;2;1;1;1;3;1;2;2;2;1;1;1;1;1;3;3;;;;;350000;;;;;;;;;1;;;4
20230309;03;2023;7368401;1;1;01;52;1;117.15567387;52;2;1;4;1;2;1;1;1;3;1;1;1;1;1;1;1;1;1;3;3;;;;;250000;;1;;;;1;;;;;;2
20230309;03;2023;7368402;1;1;01;52;1;117.09076359;52;2;1;4;1;2;2;1;1;3;1;1;2;2;1;1;1;1;1;4;3;;;;;300000;;;;;;;;;1;;;5
20230309;03;2023;7368403;1;1;01;52;1;124.12452944;52;2;1;4;1;2;2;1;1;3;1;1;4;2;1;1;1;1;1;4;3;;;;;1440000;;1;;;;;;;;;;2
20230309;03;2023;7368404;1;1;01;52;1;340.08634835;52;2;1;4;1;3;1;1;1;3;1;1;4;2;1;1;1;1;1;3;2;;800000;98;800000;;;1;;1;;;;;;;;3
20230309;03;2023;7368405;1;1;01;52;1;315.43155983;52;2;1;4;1;3;1;1;1;3;1;1;3;2;1;1;1;1;1;3;2;;860000;130000000;1000000;;;1;;;;;;;;;;2
20230309;03;2023;7368406;1;1;01;52;1;119.4610208;52;2;1;4;1;1;1;1;1;3;1;1;1;1;1;1;1;1;1;3;4;;;;350000;;;1;;;;;;;;;;4
20230309;03;2023;7368407;1;1;01;52;1;121.87391738;52;2;1;4;1;1;1;1;1;3;1;1;4;2;1;1;1;1;1;3;3;;;;;450000;;1;;;;1;;;;;;4
20230309;03;2023;7368408;1;1;01;52;1;116.43170722;52;1;1;4;1;3;1;1;1;3;1;1;4;2;1;1;1;1;1;3;3;;;;;800000;;;;;;;;;1;;;3
20230309;03;2023;7368409;1;1;01;52;1;112.47270642;52;2;1;4;1;3;2;1;1;3;1;1;4;1;1;1;1;1;1;4;3;;;;;550000;;1;;;;;;;;;;2
20230309;03;2023;7368410;1;1;01;52;1;154.94956515;52;1;1;4;1;2;1;1;1;3;1;1;3;2;1;1;1;1;1;3;1;;;150000000;800000;;;1;;;;;;;;;;4
20230309;03;2023;7368411;1;1;01;52;1;93.655900994;52;2;1;4;1;1;2;1;1;3;1;1;2;1;1;1;1;1;1;4;3;;;;;100000;;1;;;;;;;;;;3
20230309;03;2023;7368412;1;1;01;52;1;151.30484236;52;2;1;4;1;1;2;1;1;3;1;1;3;2;1;1;1;1;1;4;1;;;150000000;350000;;;1;;;;1;;;;;;4
20230309;03;2023;7368413;1;1;01;52;1;120.03540134;52;1;1;4;1;1;1;1;1;3;1;1;4;3;1;1;1;1;1;3;1;;;98;200000;;;;;;;;;;1;;;4
20230309;03;2023;7368414;1;1;01;52;1;211.95065378;52;2;1;4;1;3;1;1;1;3;1;1;4;2;1;1;1;1;1;3;2;;1000000;300000000;1000000;;;1;;1;1;1;;;;;;3
20230309;03;2023;7368415;1;1;01;52;1;161.34158508;52;2;1;4;1;1;2;1;1;3;1;1;2;1;1;1;1;1;1;1;1;;;25000000;350000;;;;;;;;;;1;;;1
20230309;03;2023;7368416;1;1;01;52;1;187.45451071;52;2;1;4;1;2;1;1;1;3;1;1;3;1;1;1;1;1;1;3;1;;;90000000;400000;;;;;;;;;;1;;;2
20230309;03;2023;7368417;1;1;01;52;1;194.94342837;52;2;1;4;1;2;2;1;1;3;1;1;3;1;1;1;1;1;1;4;3;;;;;390000;;1;;;;;;;;;;1
20230309;03;2023;7368418;1;1;01;52;1;154.67089661;52;2;1;4;1;2;1;1;1;3;1;1;3;3;1;1;1;1;3;3;3;;;;;400000;;1;;;;1;;;;;;3
20230309;03;2023;7368419;1;1;01;52;1;173.2107808;52;2;1;4;1;2;2;1;1;3;1;1;3;2;1;1;1;1;1;4;3;;;;;500000;;1;;;;;;;;;;2
20230309;03;2023;7368420;1;1;01;52;1;192.5233287;52;2;1;4;1;2;1;1;1;3;1;1;9;7;1;1;1;1;1;3;1;;;400000000;700000;;;1;;;;1;;;;;;8
20230309;03;2023;7368421;1;1;01;52;1;112.3055053;52;2;1;4;1;3;2;1;1;3;1;1;3;1;1;1;1;1;1;4;3;;;;;600000;;1;;;;;;;;;;1
20230309;03;2023;7368422;1;1;01;52;1;163.16081494;52;2;1;4;1;2;2;1;1;3;1;1;4;3;1;1;1;1;1;4;2;;476000;230000000;600000;;;1;;1;;;;;;;;3
20230309;03;2023;7368423;1;1;01;52;1;133.89219871;52;2;1;3;1;1;1;1;1;3;1;1;3;2;1;1;1;1;1;3;4;;;;450000;;;1;;;;;;;;;;2
20230309;03;2023;7368424;1;1;01;52;1;133.89219871;52;2;1;4;1;1;2;1;1;3;1;1;3;2;1;1;1;1;1;4;3;;;;;400000;;;;;;;;;1;;;2
20230309;03;2023;7368425;1;1;01;52;1;176.24737052;52;2;1;4;1;2;1;1;1;3;1;1;2;2;1;1;1;1;1;3;2;;180000;100000000;500000;;;1;;;;;;;;;;2
20230309;03;2023;7368427;1;1;01;52;1;150.07596871;52;2;1;4;1;2;1;1;1;3;1;1;3;2;1;1;1;1;1;3;2;;200000;130000000;600000;;;1;;;;1;;;;;;4
20230309;03;2023;7368428;1;1;01;52;1;145.2678202;52;1;1;4;1;1;1;1;1;3;1;1;4;2;1;1;1;1;1;3;3;;;;;350000;;1;;;;;;;;;;4
20230309;03;2023;7368429;1;1;01;52;1;111.9134063;52;1;1;4;1;1;2;1;1;3;1;1;10;6;1;1;1;1;1;4;1;;;150000000;400000;;;1;;;;;;;;;;8
20230309;03;2023;7368430;1;1;01;52;1;157.29240546;52;2;1;4;1;2;2;1;1;3;1;1;3;1;1;1;1;1;1;4;2;;184000;80000000;500000;;;1;;1;;1;;;;;;1
20230309;03;2023;7368431;1;1;01;52;1;148.44487865;52;2;1;4;1;2;1;1;1;3;1;1;3;2;1;1;1;1;1;3;2;;300000;120000000;600000;;;1;;;;;;;;;;2
20230309;03;2023;7368432;1;1;01;52;1;135.52503041;52;2;1;4;1;2;2;1;1;3;1;1;3;2;1;1;1;1;1;4;3;;;;;450000;;1;;;;;;;;;;2
20230309;03;2023;7368433;1;1;01;52;1;176.24737052;52;2;1;4;1;2;2;1;1;3;1;1;3;2;1;1;1;1;1;4;3;;;;;500000;;;;;;;;;1;;;2
20230309;03;2023;7368434;1;1;01;52;1;134.2030547;52;2;1;4;1;4;2;1;1;3;1;1;3;2;1;1;1;1;1;4;2;;1500000;650000000;1200000;;;1;;1;;;1;;;;;3
20230309;03;2023;7368435;1;1;01;52;1;116.96605702;52;2;1;4;1;4;2;1;1;3;1;1;3;1;1;1;1;1;1;4;1;;;450000000;1000000;;;1;;;;;;;;;;1
20230309;03;2023;7368436;1;1;01;52;1;223.15366452;52;2;1;4;1;3;2;1;1;3;1;1;4;2;1;1;1;1;1;4;3;;;;;700000;;1;;;;;;;;;;2
20230309;03;2023;7368437;1;1;01;52;1;264.01350286;52;2;1;4;1;2;2;1;1;3;1;1;3;1;1;1;1;1;1;4;3;;;;;450000;;1;;;;;;;;;;1
20230309;03;2023;7368438;1;1;01;52;1;92.147999946;52;2;1;4;1;4;2;1;1;3;1;1;4;2;1;1;1;1;1;4;1;;;800000000;2000000;;;1;;;;;;;;;;4
20230309;03;2023;7368439;1;1;01;52;1;187.45451071;52;1;1;4;1;2;1;1;1;3;1;1;3;2;1;1;1;1;1;3;1;;;150000000;400000;;;;;;;;;;1;;;2
20230309;03;2023;7368440;1;1;01;52;1;163.24144721;52;2;1;4;1;4;2;1;1;3;1;1;5;1;1;1;1;1;1;4;1;;;98;1000000;;;1;;;;1;;;;;;3
20230309;03;2023;7368441;1;1;01;52;1;207.80767792;52;2;1;4;1;2;2;1;1;3;1;1;3;2;1;1;1;1;1;4;2;;240000;120000000;500000;;;1;;1;;;;;;;;5
20230309;03;2023;7368442;1;1;01;52;1;78.795722752;52;2;1;4;1;3;2;1;1;3;1;1;4;3;1;1;1;1;1;4;3;;;;;800000;;1;;;;1;;;;;;4
20230309;03;2023;7368443;1;1;01;52;1;65.690258639;52;2;1;4;1;1;2;1;1;3;1;1;2;1;1;1;1;1;1;4;1;;;65000000;350000;;;1;;;;;;;;;;6
20230309;03;2023;7368444;1;1;01;52;1;228.75520688;52;2;1;4;1;2;1;1;1;3;1;1;3;2;1;1;1;1;1;4;3;;;;;550000;;1;;;;;1;;;;;3
20230309;03;2023;7368445;1;1;01;52;1;114.23193128;52;2;1;4;1;2;1;1;1;3;1;1;4;3;1;1;1;1;1;3;1;;;200000000;550000;;;1;;;;;;;;;;4
20230309;03;2023;7368446;1;1;01;52;1;162.10717194;52;2;1;4;1;2;2;1;1;3;1;1;3;2;1;1;1;1;1;4;3;;;;;200000;;;;;;;;;1;;;4
20230309;03;2023;7368447;1;1;01;52;1;245.54889674;52;2;1;4;1;2;1;1;1;3;1;1;3;2;1;1;1;1;1;3;1;;;20000000;500000;;;1;;;;;;;;;;2
20230309;03;2023;7368448;1;1;01;52;1;124.26208769;52;1;1;4;1;1;2;1;1;2;1;1;3;2;1;1;1;1;1;4;3;;;;;700000;;1;;;;;;;;;;3
20230309;03;2023;7368449;1;1;01;52;1;130.16164796;52;2;1;4;1;2;2;1;1;3;1;1;3;2;1;1;1;1;1;1;3;;;;;300000;;;;;;;;;1;;;3
20230309;03;2023;7368450;1;1;01;52;1;170.57549983;52;2;1;4;1;5;2;1;1;3;1;1;4;1;1;1;1;1;1;4;3;;;;;780000;;1;;;;;;;;;;1
20230309;03;2023;7368451;1;1;01;52;1;112.3055053;52;4;1;4;1;3;2;1;1;3;1;1;1;1;1;1;1;1;6;;3;;;;;300000;;1;;;;;;;;;;1
20230309;03;2023;7368452;1;1;01;52;1;176.1752444;52;1;1;4;1;5;2;1;1;3;1;1;5;1;1;1;1;1;1;4;1;;;98;1500000;;;1;1;;;;1;;;;;1
20230309;03;2023;7368453;1;1;01;52;1;152.54160646;52;3;1;4;1;2;2;1;1;3;1;1;1;1;1;2;1;1;1;4;3;;;;;250000;;;;;;;;;1;;;3
20230309;03;2023;7368454;1;1;01;52;1;183.28885491;52;3;1;2;1;2;2;1;1;3;1;1;1;1;1;2;1;1;1;4;3;;;;;200000;;;;;;;;;1;;;2
20230309;03;2023;7368455;1;1;01;52;1;226.92025246;52;1;1;4;1;2;2;1;1;3;1;1;4;2;1;1;1;1;1;4;3;;;;;450000;;;;;;1;;;;;;2
20230309;03;2023;7368456;1;1;01;52;1;186.59218897;52;2;1;4;1;2;2;1;1;3;1;1;2;2;1;1;1;1;1;4;3;;;;;400000;;1;;;;;;;;;;4
20230309;03;2023;7368457;1;1;01;52;1;123.53550942;52;2;1;4;1;2;1;1;1;3;1;1;3;2;1;1;1;1;1;3;4;;;;450000;;;1;;;;;;;;;;3
20230309;03;2023;7368458;1;1;01;52;1;258.99552706;52;2;1;4;1;3;2;1;1;3;1;1;4;1;1;1;1;1;1;4;3;;;;;700000;;1;;;;;;;;;;1
20230309;03;2023;7368459;1;1;01;52;1;135.90661711;52;2;1;4;1;4;2;1;1;3;1;1;5;1;1;1;1;1;1;4;3;;;;;908000;;1;;;;;;;;;;1
20230309;03;2023;7368460;1;1;01;52;1;124.31785299;52;2;1;4;1;3;2;1;1;3;1;1;2;1;1;1;1;1;1;4;3;;;;;300000;;1;;;;;;;;;;1
20230309;03;2023;7368461;1;1;01;52;1;131.58681415;52;2;1;4;1;4;2;1;1;3;1;1;5;1;1;1;1;1;1;4;1;;;370000000;1500000;;;1;;;;;1;;;;;1
20230309;03;2023;7368462;1;1;01;52;1;116.96605702;52;2;1;4;1;4;2;1;1;3;1;1;4;1;1;1;1;1;1;4;1;;;600000000;1500000;;;1;;1;;;1;;;;;1
20230309;03;2023;7368463;1;1;01;52;1;131.58681415;52;2;1;4;1;4;2;1;1;3;1;1;4;1;1;1;1;1;1;4;1;;;400000000;1500000;;;1;;;;;;;;;;1
20230309;03;2023;7368464;1;1;01;52;1;158.75924821;52;2;1;2;1;1;1;1;1;3;1;1;3;2;1;1;1;1;1;4;1;;;100000000;200000;;;;;;;;;;1;;;4
20230309;03;2023;7368465;1;1;01;52;1;258.99552706;52;2;1;4;1;3;1;1;1;3;1;1;4;1;1;1;1;1;1;3;2;;1000000;160000000;800000;;;1;;;;;;;;;;1
20230309;03;2023;7368466;1;1;01;52;1;118.32683847;52;2;1;4;1;3;2;1;1;3;1;1;5;3;1;1;1;1;1;4;1;;;150000000;1000000;;;1;;;;1;;;;;;4
20230309;03;2023;7368467;1;1;01;54;1;498.03235183;54;2;1;4;1;3;1;1;1;3;1;1;4;2;1;1;1;1;1;3;3;;;;;760000;;1;;;;;;;;;;3
20230309;03;2023;7368468;1;1;01;54;1;386.18853238;54;1;1;2;1;1;1;1;1;3;1;1;4;1;1;1;1;1;1;3;1;;;40000000;300000;;;1;;;;1;1;;;;;1
20230309;03;2023;7368469;1;1;01;54;1;273.12221122;54;1;1;2;1;1;1;1;1;3;1;1;3;2;1;1;1;1;3;3;1;;;30000000;200000;;;;;;;;;;1;;;2
20230309;03;2023;7368470;1;1;01;54;1;288.90787299;54;2;1;2;1;1;2;1;1;3;1;1;3;2;1;1;1;1;1;4;3;;;;;350000;;;;;;;;;1;;;6
20230309;03;2023;7368471;1;1;01;54;1;346.53194919;54;2;1;1;1;1;1;1;1;3;1;1;4;1;1;1;1;1;1;3;1;;;98;500000;;;;;;;;;;1;;;1
20230309;03;2023;7368472;1;1;01;54;1;310.27162604;54;1;1;4;1;1;1;1;1;3;1;1;4;3;1;1;1;1;1;3;2;;500000;35000000;400000;;;1;;1;;;;;;;;5
20230309;03;2023;7368473;1;1;01;54;1;492.60683445;54;1;1;4;1;1;1;1;1;3;1;1;3;2;1;1;1;1;3;3;3;;;;;150000;;;;;;;;;1;;;3
20230309;03;2023;7368474;1;1;01;54;1;564.09175687;54;1;1;2;1;1;1;1;1;3;1;1;4;3;1;1;1;1;5;3;3;;;;;400000;;1;;;;;;;;;;6
20230309;03;2023;7368475;1;1;01;54;1;270.62791239;54;2;1;4;1;1;1;1;1;3;1;1;4;3;1;1;1;1;3;3;3;;;;;100000;;;;;;;;;1;;;4
20230309;03;2023;7368476;1;1;01;54;1;489.04201028;54;2;1;4;1;1;1;1;1;3;1;1;3;2;1;1;1;1;3;3;3;;;;;200000;;;;;;;;;1;;;5
20230309;03;2023;7368477;1;1;01;54;1;375.54304043;54;2;1;4;1;1;1;1;1;3;1;1;2;1;1;1;1;1;1;3;3;;;;;150000;;;;;;;;;1;;;2
20230309;03;2023;7368478;1;1;01;54;1;342.03677842;54;2;1;4;1;1;1;1;1;3;1;1;2;1;1;1;1;1;3;3;4;;;;250000;;;1;;;;;;;;;;2
20230309;03;2023;7368479;1;1;01;54;1;447.3918047;54;1;1;4;1;1;1;1;1;3;1;1;4;2;1;1;1;1;1;3;3;;;;;400000;;;;;;;;;1;;;2
20230309;03;2023;7368480;1;1;01;54;1;241.84719263;54;1;1;2;1;1;2;1;1;3;1;1;3;2;1;1;1;1;6;;3;;;;;300000;;;;;;;;;1;;;2
20230309;03;2023;7368481;1;1;01;54;1;317.16658063;54;2;1;2;1;1;2;1;1;3;1;1;2;1;1;1;1;1;3;4;4;;;;300000;;;;;;;;;;1;;;1
20230309;03;2023;7368482;1;1;01;54;1;443.346151;54;1;1;4;1;1;1;1;1;3;1;1;4;1;1;1;1;1;1;3;3;;;;;450000;;;;;;;;;1;;;3
20230309;03;2023;7368483;1;1;01;54;1;371.57417261;54;1;1;4;1;3;2;1;1;3;1;1;4;2;1;1;1;1;1;4;3;;;;;300000;;;;;;;;;1;;;3
20230309;03;2023;7368484;1;1;01;54;1;364.9155353;54;1;1;2;1;1;1;1;1;3;1;1;2;1;1;1;1;1;2;3;3;;;;;250000;;;;;;;;;1;;;8
20230309;03;2023;7368485;1;1;01;54;1;526.08202859;54;1;1;2;1;2;1;1;1;3;1;1;2;2;1;1;1;1;1;3;3;;;;;400000;;;;;;;;;1;;;5
20230309;03;2023;7368486;1;1;01;54;1;409.96297636;54;2;1;4;1;2;1;1;1;3;1;1;3;2;1;1;1;1;1;3;4;;;;400000;;;;;;;;;;1;;;3
20230309;03;2023;7368487;1;1;01;54;1;371.57417261;54;1;1;4;1;3;2;1;1;3;1;1;5;1;1;1;1;1;1;4;1;;;100000000;500000;;;1;;;;;;;;;;1
20230309;03;2023;7368488;1;1;01;54;1;1004.5089701;54;2;1;4;1;3;1;1;1;3;1;1;6;1;1;1;1;1;1;3;1;;;170000000;600000;;;1;;;;1;;;;;;2
20230309;03;2023;7368489;1;1;01;54;1;505.43756211;54;2;1;4;1;2;1;1;1;3;1;1;4;3;1;1;1;1;1;3;3;;;;;350000;;1;;;;;;;;;;5
20230309;03;2023;7368490;1;1;01;54;1;371.57417261;54;1;1;4;1;3;1;1;1;3;1;1;4;2;1;1;1;1;1;3;1;;;120000000;500000;;;1;;;;1;;;;;;2
20230309;03;2023;7368491;1;1;01;54;1;1076.5322728;54;2;1;4;1;3;1;1;1;3;1;1;3;2;1;1;1;1;1;3;3;;;;;400000;;1;;;;1;1;;;;;3
20230309;03;2023;7368492;1;1;01;54;1;345.39796135;54;2;1;4;1;2;1;1;1;3;1;1;4;2;1;1;1;1;1;3;3;;;;;500000;;;;;;;;;1;;;4
20230309;03;2023;7368493;1;1;01;54;1;371.57417261;54;1;1;4;1;3;1;1;1;3;1;1;5;4;1;1;1;1;1;3;1;;;150000000;500000;;;1;;;;;;;;;;5
20230309;03;2023;7368494;1;1;01;54;1;1161.0026508;54;1;1;4;1;3;1;1;1;3;1;1;3;3;1;1;1;1;1;3;1;;;110000000;500000;;;1;;;;;;;;;;3
20230309;03;2023;7368495;1;1;01;54;1;421.79147225;54;2;1;4;1;1;1;1;1;3;1;1;3;2;1;1;1;1;1;3;1;;;150000000;500000;;;1;;;;;;;;;;4
20230309;03;2023;7368496;1;1;01;54;1;410.48731508;54;1;1;2;1;2;1;1;1;3;1;1;3;2;1;1;1;1;3;3;1;;;50000000;200000;;;;;;;;;;1;;;5
20230309;03;2023;7368497;1;1;01;54;1;1223.7957435;54;1;1;4;1;3;1;1;1;3;1;1;4;1;1;1;1;1;1;3;6;;;;450000;;;;;;;;;;1;;;1
20230309;03;2023;7368498;1;1;01;54;1;375.54304043;54;2;1;4;1;3;1;1;1;3;1;1;3;1;1;1;1;1;1;3;1;;;180000000;950000;;;1;;;;;1;;;;;2
20230309;03;2023;7368499;1;1;01;54;1;285.97094126;54;2;1;4;1;3;1;1;1;3;1;1;4;2;1;1;1;1;1;3;4;;;;700000;;;;;;;;;;1;;;2
20230309;03;2023;7368500;1;1;01;54;1;412.40857764;54;2;1;4;1;3;1;1;1;3;1;1;3;2;1;1;1;1;1;3;2;;665000;190000000;700000;;;1;;1;;;;;;;;3
20230309;03;2023;7368501;1;1;01;54;1;689.64956823;54;2;1;4;1;3;1;1;1;3;1;1;3;2;1;1;1;1;1;4;1;;;150000000;500000;;;1;;;;;;;;;;3
20230309;03;2023;7368502;1;1;01;54;1;876.85007718;54;1;1;4;1;2;1;1;1;3;1;1;4;1;1;1;1;1;1;3;4;;;;500000;;;;;;;;;;1;;;1
20230309;03;2023;7368503;1;1;01;54;1;547.77925346;54;1;1;4;1;3;1;1;1;3;1;1;3;2;1;1;1;1;1;3;3;;;;;500000;;1;;;;1;;;;;;4
20230309;03;2023;7368504;1;1;01;54;1;332.63932887;54;1;1;4;1;2;1;1;1;3;1;1;5;3;1;1;1;1;1;3;5;;;;500000;;;1;;;;;;;;;;4
20230309;03;2023;7368505;1;1;01;54;1;277.47646686;54;2;1;2;1;2;1;1;1;3;1;1;3;2;1;1;1;1;1;3;3;;;;;350000;;1;;;;;;;;;;4
20230309;03;2023;7368506;1;1;01;54;1;563.89949046;54;2;1;4;1;2;2;1;1;3;1;1;3;2;1;1;1;1;1;4;3;;;;;320000;;;;;;;;;1;;;3
20230309;03;2023;7368507;1;1;01;54;1;794.04992304;54;1;1;4;1;1;1;1;1;3;1;1;3;2;1;1;1;1;1;3;1;;;300000000;500000;;;1;;;;;;;;;;5
20230309;03;2023;7368508;1;1;01;54;1;277.47646686;54;1;1;4;1;2;2;1;1;3;1;1;3;3;1;1;1;1;1;4;4;;;;450000;;;1;;;;;;;;;;4
20230309;03;2023;7368509;1;1;01;54;1;492.60683445;54;2;1;4;1;2;1;1;1;3;1;1;3;1;1;1;1;1;3;3;4;;;;500000;;;1;;;;1;;;;;;3
20230309;03;2023;7368510;1;1;01;54;1;473.15236216;54;1;1;4;1;2;2;1;1;3;1;1;3;2;1;1;1;1;1;4;4;;;;350000;;;1;;;;;;;;;;3
20230309;03;2023;7368511;1;1;01;54;1;281.47577048;54;1;1;4;1;2;1;1;1;3;1;1;3;2;1;1;1;1;1;3;3;;;;;300000;;1;;;;;;;;;;3
20230309;03;2023;7368512;1;1;01;54;1;358.25951596;54;1;1;4;1;2;1;1;1;3;1;1;1;1;1;1;1;1;1;3;2;;250000;50000000;350000;;;1;;;;1;;;;;;3
20230309;03;2023;7368513;1;1;01;54;1;232.63866767;54;1;1;2;1;2;1;1;1;3;1;1;2;1;1;1;1;1;4;3;1;;;10000000;150000;;;;;;;;;;1;;;1
20230309;03;2023;7368514;1;1;01;54;1;207.97886637;54;2;1;4;1;2;1;1;1;3;1;1;2;1;1;1;1;1;1;3;4;;;;250000;;;;;;;;;;1;;;2
20230309;03;2023;7368515;1;1;01;54;1;397.24832537;54;1;1;4;1;2;1;1;1;3;1;1;4;3;1;1;1;1;3;3;3;;;;;300000;;;;;;;;;1;;;6
20230309;03;2023;7368516;1;1;01;54;1;323.74371745;54;1;1;4;1;2;1;1;1;3;1;1;2;2;1;1;1;1;1;3;3;;;;;400000;;1;;;;;;;;;;4
20230309;03;2023;7368517;1;1;01;54;1;361.52873107;54;1;1;4;1;2;1;1;1;3;1;1;2;1;1;1;1;1;1;3;3;;;;;350000;;1;;;;;;;;;;2
20230309;03;2023;7368518;1;1;01;54;1;203.79208699;54;1;1;4;1;2;1;1;1;3;1;1;3;2;1;1;1;1;1;3;5;;;;350000;;;;;;;;;;1;;;7
20230309;03;2023;7368519;1;1;01;54;1;553.6972242;54;1;1;4;1;2;1;1;1;3;1;1;4;2;1;1;1;1;1;3;3;;;;;450000;;1;;;;;;;;;;4
20230309;03;2023;7368520;1;1;01;54;1;232.63866767;54;1;1;4;1;2;2;1;1;3;1;1;4;1;1;1;1;1;1;4;1;;;20000000;200000;;;;;;;;;;1;;;1
20230309;03;2023;7368521;1;1;01;54;1;361.52873107;54;1;1;2;1;2;1;1;1;3;1;1;2;1;1;1;1;1;1;3;1;;;25000000;400000;;;;;;;;;;1;;;2
20230309;03;2023;7368522;1;1;01;54;1;494.06656287;54;2;1;4;1;2;2;1;1;3;1;1;5;4;1;1;1;1;3;4;1;;;10000000;600000;;;1;;;;;;;;;;6
20230309;03;2023;7368523;1;1;01;54;1;232.63866767;54;1;1;4;1;2;1;1;1;3;1;1;4;1;1;1;1;1;1;3;1;;;70000000;400000;;;;;;;;;;1;;;1
20230309;03;2023;7368524;1;1;01;54;1;471.15208209;54;1;1;2;1;2;2;1;1;3;1;3;2;1;1;2;1;1;3;4;3;;;;;100000;;;;;;;;;1;;;2
20230309;03;2023;7368524;2;2;01;54;1;471.15208209;54;1;1;2;1;2;2;1;1;3;1;3;2;1;1;2;1;1;4;4;3;;;;;100000;;;;;;;;;1;;;2
20230309;03;2023;7368524;3;3;01;54;1;471.15208209;54;1;1;2;1;2;2;1;1;3;1;3;2;1;1;2;1;1;4;4;3;;;;;100000;;1;;;;;;;;;;2
20230309;03;2023;7368525;1;1;01;54;1;342.32367299;54;1;1;4;1;1;1;1;1;3;1;1;3;2;1;1;1;1;1;3;3;;;;;250000;;;;;;;;;1;;;5
20230309;03;2023;7368526;1;1;01;54;1;221.45411634;54;1;1;4;1;1;1;1;1;3;1;1;2;1;1;1;1;1;1;3;5;;;;300000;;;;;;;;;;1;;;1
20230309;03;2023;7368527;1;1;01;54;1;498.03235183;54;1;1;4;1;3;2;1;1;3;1;1;3;2;1;1;1;1;3;4;4;;;;800000;;;1;;;;;;;;;;3
20230309;03;2023;7368528;1;1;01;54;1;497.10200522;54;1;1;4;1;3;1;1;1;3;1;1;4;1;1;1;1;1;1;3;3;;;;;780000;;1;;;;;1;;;;;2
20230309;03;2023;7368529;1;1;01;54;1;322.58230613;54;1;1;4;1;3;1;1;1;3;1;1;3;2;1;1;1;1;1;3;1;;;110000000;600000;;;1;;;;;;;;;;2
20230309;03;2023;7368530;1;1;01;54;1;233.68265144;54;2;1;4;1;1;2;1;1;3;1;1;2;1;1;1;1;1;4;4;3;;;;;200000;;;;;;;;;1;;;3
20230309;03;2023;7368531;1;1;01;54;1;218.06448404;54;2;1;2;1;1;1;1;1;3;1;1;4;2;1;1;1;1;1;3;1;;;50000000;300000;;;;;;;;;;1;;;3
20230309;03;2023;7368532;1;1;01;54;1;327.56701996;54;1;1;4;1;1;1;1;1;3;1;1;4;2;1;1;1;1;1;3;3;;;;;350000;;;;;;;;;1;;;3
20230309;03;2023;7368533;1;1;01;54;1;295.35472094;54;1;1;2;1;1;1;1;1;3;1;1;4;3;1;1;1;1;1;3;3;;;;;300000;;;;;;;;;1;;;5
20230309;03;2023;7368534;1;1;01;54;1;245.58756827;54;1;5;2;1;1;1;1;1;3;1;1;2;2;1;1;1;1;1;3;4;;;;250000;;;;;;;;;;1;;;3
20230309;03;2023;7368535;1;1;01;54;1;338.56754558;54;2;1;2;1;1;2;1;1;3;1;1;2;1;1;1;1;1;4;4;3;;;;;250000;;;;;;;;;1;;;5
20230309;03;2023;7368537;1;1;01;54;1;346.53194919;54;2;1;4;1;3;1;1;1;3;1;1;3;1;1;1;1;1;1;3;3;;;;;700000;;1;;;;;;;;;;1
20230309;03;2023;7368538;1;1;01;54;1;483.55000906;54;2;1;4;1;3;1;1;1;3;1;1;3;1;1;1;1;1;3;3;3;;;;;750000;;1;;;;;;;;;;2
20230309;03;2023;7368539;1;1;01;54;1;367.62177601;54;2;1;2;1;1;2;1;1;3;1;1;1;1;1;1;1;1;6;;3;;;;;200000;;;;;;;;;1;;;1
20230309;03;2023;7368540;1;1;01;54;1;300.43443234;54;1;1;4;1;2;1;1;1;3;1;1;4;1;1;1;1;1;1;3;4;;;;400000;;;1;;;;;;;;;;2
20230309;03;2023;7368541;1;1;01;54;1;281.27471789;54;1;1;4;1;2;1;1;1;3;1;1;3;2;1;1;1;1;4;3;3;;;;;250000;;1;;;;;;;;;;3
20230309;03;2023;7368542;1;1;01;54;1;394.82974484;54;1;1;4;1;2;2;1;1;3;1;1;3;2;1;1;1;1;3;4;3;;;;;280000;;1;;;;;;;;;;4
20230309;03;2023;7368543;1;1;01;54;1;436.10404836;54;1;1;4;1;2;2;1;1;3;1;1;3;1;1;1;1;1;1;4;4;;;;400000;;;;;;;;;;1;;;1
20230309;03;2023;7368544;1;1;01;54;1;255.90253444;54;2;1;4;1;2;1;1;1;3;1;1;2;1;1;1;1;1;4;3;4;;;;250000;;;;;;;;;;1;;;1
20230309;03;2023;7368545;1;1;01;54;1;187.21323802;54;1;1;4;1;2;1;1;1;3;1;1;3;2;1;1;1;1;1;3;3;;;;;350000;;;;;;;;;1;;;4
20230309;03;2023;7368546;1;1;01;54;1;277.96983663;54;1;1;4;1;2;1;1;1;3;1;1;2;1;1;1;1;1;1;3;3;;;;;200000;;;;;;;;;1;;;2
20230309;03;2023;7368547;1;1;01;54;1;416.66590207;54;2;1;4;1;2;1;1;1;3;1;1;4;3;1;1;1;1;1;3;1;;;98;600000;;;1;;;;;;;;;;5
20230309;03;2023;7368548;1;1;01;54;1;274.37370001;54;1;1;4;1;1;1;1;1;3;1;1;3;1;1;1;1;1;1;3;3;;;;;280000;;;;;;;;;1;;;3
20230309;03;2023;7368549;1;1;01;54;1;288.67507933;54;1;1;4;1;4;1;1;1;3;1;1;4;3;1;1;1;1;1;3;4;;;;700000;;;1;;;;;;;;;;3
20230309;03;2023;7368550;1;1;01;54;1;375.54304043;54;2;1;4;1;4;1;1;1;3;1;1;3;2;1;1;1;1;1;3;1;;;300000000;450000;;;1;;;;;;;;;;2
20230309;03;2023;7368551;1;1;01;54;1;436.10404836;54;2;1;4;1;4;2;1;1;3;1;1;2;1;1;1;1;1;1;4;3;;;;;450000;;1;;;;;;;;;;1
20230309;03;2023;7368552;1;1;01;54;1;450.57312886;54;1;1;4;1;4;1;1;1;3;1;1;3;2;1;1;1;1;1;3;3;;;;;700000;;1;;;;;;;;;;4
20230309;03;2023;7368553;1;1;01;54;1;432.97617312;54;2;1;4;1;3;1;1;1;3;1;1;3;3;1;1;1;1;1;3;1;;;130000000;900000;;;1;;;;1;;;;;;5
20230309;03;2023;7368554;1;1;01;54;1;531.00923202;54;2;1;4;1;3;1;1;1;3;1;1;3;1;1;1;1;1;1;3;3;;;;;1000000;;1;;;;1;1;;;;;1
20230309;03;2023;7368555;1;1;01;54;1;493.53718105;54;2;1;4;1;3;1;1;1;3;1;1;4;3;1;1;1;1;1;3;3;;;;;900000;;1;;;1;;1;;;;;4
20230309;03;2023;7368556;1;1;01;63;1;212.33040916;63;1;1;4;1;3;1;1;1;3;1;1;6;3;1;1;1;1;1;3;1;;;98;600000;;;;;;;;;;1;;;3
20230309;03;2023;7368557;1;1;01;63;1;200.60003356;63;1;1;4;1;3;1;1;1;3;1;1;5;4;1;1;1;1;1;3;1;;;98;450000;;;;;;;;;1;;;AHORRO A LA MANO;6
20230309;03;2023;7368558;1;1;01;63;1;99.83998113;63;2;1;4;1;3;1;1;1;3;1;1;4;1;1;1;1;1;1;3;3;;;;;550000;;;;;;;;;1;;;1
20230309;03;2023;7368559;1;1;01;63;1;99.83998113;63;2;1;4;1;3;1;1;1;3;1;1;4;1;1;1;1;1;1;3;3;;;;;300000;;1;;;;;;;;;;1
20230309;03;2023;7368560;1;1;01;63;1;99.83998113;63;1;1;4;1;3;1;1;1;3;1;1;6;1;1;1;1;1;1;3;1;;;98;600000;;;1;;;;;;;;;;1
20230309;03;2023;7368561;1;1;01;63;1;229.73477752;63;2;1;4;1;3;1;1;1;3;1;1;4;3;1;1;1;1;1;3;3;;;;;600000;;;;;;;;;1;;;6
20230309;03;2023;7368562;1;1;01;63;1;218.56309047;63;1;1;4;1;2;1;1;1;3;1;1;5;4;1;1;1;1;1;3;3;;;;;800000;1;1;;;;;;;;;;6
20230309;03;2023;7368563;1;1;01;63;1;99.83998113;63;1;1;4;1;3;1;1;1;3;1;1;5;1;1;1;1;1;1;3;1;;;98;800000;;;1;;;;;;;;;;1
20230309;03;2023;7368564;1;1;01;63;1;95.233943042;63;1;1;4;1;1;1;1;1;3;1;1;3;2;1;1;1;1;1;3;5;;;;300000;;;;;;;;;;1;;;2
20230309;03;2023;7368565;1;1;01;63;1;131.79906808;63;1;1;2;1;1;1;1;1;3;1;1;3;2;1;1;1;1;1;3;1;;;98;400000;;;1;;;;;;;;;;2
20230309;03;2023;7368567;1;1;01;63;1;139.58255188;63;2;1;4;1;4;1;1;1;3;1;1;3;2;1;1;1;1;1;3;3;;;;;600000;;1;;;;;;;;;;2
20230309;03;2023;7368568;1;1;01;63;1;104.1071814;63;1;1;4;1;1;1;1;1;3;1;1;4;2;1;1;1;1;1;3;4;;;;250000;;;;;;;;;;1;;;2
20230309;03;2023;7368569;1;1;01;63;1;185.00946273;63;1;1;4;1;4;1;1;1;3;1;1;5;3;1;1;1;1;1;3;3;;;;;1000000;;1;;;;;;1;;;DAVIPLATA;4
20230309;03;2023;7368570;1;1;01;63;1;77.956563201;63;1;1;4;1;4;1;1;1;3;1;1;5;4;1;1;1;1;1;3;6;;;;1000000;;;1;;;;;;;;;;4
20230309;03;2023;7368571;1;1;01;63;1;129.33004611;63;2;1;4;1;4;1;1;1;3;1;1;4;2;1;1;1;1;1;3;3;;;;;550000;;1;;;;;;;;;;2
20230309;03;2023;7368572;1;1;01;63;1;136.06784061;63;1;1;4;1;4;1;1;1;3;1;1;4;3;1;1;1;1;1;3;3;;;;;850000;;1;;;;;;;;;;4
20230309;03;2023;7368573;1;1;01;63;1;178.40432887;63;1;1;4;1;4;1;1;1;3;1;1;5;3;1;1;1;1;1;3;4;;;;800000;;;1;;;;;;;;;;3
20230309;03;2023;7368574;1;1;01;63;1;98.60738877;63;2;1;4;1;4;1;1;1;3;1;1;4;1;1;1;1;1;1;3;1;;;98;900000;;;1;;;;;;;;;;1
20230309;03;2023;7368575;1;1;01;63;1;166.79669784;63;1;1;4;1;2;1;2;1;3;1;1;4;1;2;1;1;1;6;;4;;;;99;;;1;;;;;;;;;;1
20230309;03;2023;7368576;1;1;01;63;1;167.87040502;63;1;1;4;1;2;1;1;1;3;1;1;4;3;1;1;1;1;1;3;1;;;98;500000;;;;;;;;;;1;;;4
20230309;03;2023;7368577;1;1;01;63;1;145.49630187;63;1;1;4;1;2;1;1;1;3;1;1;3;1;1;1;1;1;1;3;3;;;;;500000;;1;;;;;;;;;;2
20230309;03;2023;7368578;1;1;01;63;1;231.16456608;63;1;1;4;1;2;1;2;1;3;1;1;4;3;2;1;1;1;3;3;1;;;98;1000000;;;1;;;1;1;1;1;;;NEQUI DAVIPLATA;5
20230309;03;2023;7368579;1;1;01;63;1;240.08602873;63;1;1;4;1;2;1;1;1;3;1;1;4;3;1;1;1;1;1;3;3;;;;;500000;;1;;;;;;;;;;6
20230309;03;2023;7368580;1;1;01;63;1;159.05263825;63;1;1;4;1;2;1;2;1;3;1;1;5;2;2;1;1;1;1;3;4;;;;500000;;;1;;;;;;;;;;2
20230309;03;2023;7368581;1;1;01;63;1;145.49630187;63;1;1;4;1;2;1;1;1;3;1;1;4;1;1;1;1;1;1;3;1;;;98;600000;;;1;;;;;;;;;;2
20230309;03;2023;7368582;1;1;01;63;1;144.84148451;63;1;1;4;1;2;1;1;1;3;1;1;4;2;1;1;1;1;1;3;3;;;;;500000;;1;;;;;;;;;;3
20230309;03;2023;7368583;1;1;01;63;1;180.84990839;63;1;1;2;1;2;1;1;1;3;1;1;3;2;1;1;1;1;1;3;3;;;;;400000;;;;;;;;;1;;;4
20230309;03;2023;7368584;1;1;01;63;1;163.50356261;63;1;1;4;1;2;1;1;1;3;1;1;4;2;1;1;1;1;1;3;1;;;180000000;600000;;;1;;;;;;;;;;3
20230309;03;2023;7368585;1;1;01;63;1;248.82419587;63;1;1;4;1;2;1;1;1;3;1;1;3;2;1;1;1;1;1;3;3;;;;;600000;;1;;;;;;;;;;4
20230309;03;2023;7368586;1;1;01;63;1;148.79553469;63;2;1;4;1;2;1;1;1;3;1;1;4;1;1;1;1;1;1;3;3;;;;;500000;;1;;;;;;;;;;1
20230309;03;2023;7368587;1;1;01;63;1;203.28972656;63;2;1;2;1;2;1;1;1;3;1;1;3;2;1;1;1;1;1;3;1;;;98;98;;;;;;;;;;1;;;5
20230309;03;2023;7368588;1;1;01;63;1;193.41085966;63;2;1;4;1;2;1;1;1;3;1;1;3;1;1;1;1;1;1;3;3;;;;;400000;;;;;;;;;1;;;2
20230309;03;2023;7368589;1;1;01;63;1;244.26397148;63;1;7;3;1;2;1;1;1;3;1;1;2;1;1;1;1;1;1;3;6;;;;400000;;;1;;;;;;;;;;3
20230309;03;2023;7368590;1;1;01;63;1;166.39996855;63;2;1;2;1;2;1;1;1;3;1;1;2;1;1;1;1;1;1;3;4;;;;400000;;;;;;;;;;1;;;1
20230309;03;2023;7368591;1;1;01;63;1;221.92600557;63;2;1;4;1;2;1;1;1;3;1;1;3;2;1;1;1;1;1;3;3;;;;;400000;;1;;;;;;;;;;3
20230309;03;2023;7368592;1;1;01;63;1;136.21365463;63;2;1;4;1;3;1;1;1;3;1;1;3;1;1;1;1;1;1;3;3;;;;;400000;;1;;;;;;;;;;1
20230309;03;2023;7368593;1;1;01;63;1;165.06479303;63;2;1;4;1;2;1;1;1;3;1;1;3;1;1;1;1;1;1;3;3;;;;;400000;;;;;;;;;1;;;3
20230309;03;2023;7368594;1;1;01;63;1;123.99627891;63;1;1;4;1;2;1;1;1;3;1;1;3;2;1;1;1;1;1;3;1;;;99;400000;;;;;;;;;;1;;;1
20230309;03;2023;7368595;1;1;01;63;1;81.647955042;63;2;1;4;1;2;1;1;1;3;1;1;3;2;1;1;1;1;3;3;3;;;;;500000;;1;;;;;;1;;;NEQUI;3
20230309;03;2023;7368596;1;1;01;63;1;164.09571715;63;1;1;4;1;2;1;1;1;3;1;1;4;2;1;1;1;1;1;3;1;;;99;500000;;;1;;;;;;;;;;2
20230309;03;2023;7368597;1;1;01;63;1;92.444426972;63;2;1;4;1;2;1;1;1;3;1;1;3;1;1;1;1;1;1;3;1;;;130000000;400000;;;1;;;;;;;;;;1
20230309;03;2023;7368598;1;1;01;63;1;167.04253203;63;1;1;4;1;2;1;1;1;3;1;1;3;2;1;1;1;1;1;3;3;;;;;350000;;;;;;;;1;;;NEQUI;3
20230309;03;2023;7368599;1;1;01;63;1;98.073831334;63;2;1;4;1;4;1;1;1;3;1;1;3;1;1;1;1;1;1;3;3;;;;;750000;;1;;;;;;;;;;1
20230309;03;2023;7368600;1;1;01;63;1;70.997319914;63;2;1;4;1;4;1;1;1;3;1;1;2;1;1;1;1;1;1;3;4;;;;700000;;;;;;;;;;1;;;1
20230309;03;2023;7368601;1;1;01;63;1;98.073831334;63;2;1;4;1;4;1;1;1;3;1;1;4;1;1;1;1;1;1;3;3;;;;;850000;;1;;;;;;;;;;1
20230309;03;2023;7368602;1;1;01;63;1;68.466727798;63;2;1;4;1;4;1;1;1;3;1;1;4;3;1;1;1;1;1;3;3;;;;;1000000;;1;;;;;;;;;;3
20230309;03;2023;7368603;1;1;01;63;1;172.39540664;63;2;1;4;1;2;1;1;1;3;1;1;4;1;1;1;1;1;1;3;1;;;99;99;;;;;;;;;1;;;DAVIPLATA;1
20230309;03;2023;7368604;1;1;01;63;1;115.43897224;63;2;1;4;1;2;1;1;1;3;1;1;2;1;1;1;1;1;1;3;4;;;;550000;;;1;;;;;;1;;;DAVIPLATA;2
20230309;03;2023;7368605;1;1;01;63;1;218.50990245;63;1;1;4;1;2;1;1;1;3;1;1;4;3;1;1;1;1;1;3;4;;;;350000;;;1;;;;;;;;;;7
20230309;03;2023;7368606;1;1;01;63;1;204.32048195;63;1;2;2;1;1;2;1;1;3;1;1;2;1;1;1;1;1;1;1;5;;;;200000;;;;;;;;;;1;;;1
20230309;03;2023;7368607;1;1;01;63;1;147.91108315;63;1;5;2;1;1;2;1;1;3;1;1;2;1;1;1;1;1;1;4;5;;;;100000;;;;;;;;;;1;;;1
20230309;03;2023;7368608;1;1;01;63;1;198.39404626;63;1;7;2;1;1;2;1;1;3;1;1;2;1;1;1;1;1;1;1;5;;;;200000;;;;;;;;;;1;;;1
20230309;03;2023;7368609;1;1;01;63;1;198.39404626;63;1;7;1;1;0;2;1;1;3;1;1;2;1;1;1;1;1;3;4;5;;;;98;;;;;;;;;;1;;;1
20230309;03;2023;7368610;1;1;01;63;1;212.07018433;63;1;7;2;1;0;2;1;1;3;1;1;2;1;1;1;1;1;2;4;5;;;;500000;;;;;;;;;;1;;;2
20230309;03;2023;7368611;1;1;01;63;1;192.21421463;63;1;7;2;1;0;2;1;1;3;1;1;3;2;1;1;1;1;1;4;5;;;;200000;;;;;;;;;;1;;;2
20230309;03;2023;7368612;1;1;01;63;1;210.03593386;63;1;7;1;1;0;2;1;1;3;1;1;2;1;1;1;1;1;1;4;5;;;;200000;;;1;;;;;;;;;;3
20230309;03;2023;7368613;1;1;01;63;1;163.28984182;63;1;7;2;1;0;2;1;1;3;1;1;2;1;1;1;1;1;1;4;3;;;;;250000;;;;;;;;;1;;;1
20230309;03;2023;7368614;1;1;01;63;1;204.32048195;63;1;7;2;1;0;2;1;1;3;1;1;3;1;1;1;1;1;1;4;5;;;;200000;;;1;;;;;;;;;;1
20230309;03;2023;7368615;1;1;01;63;1;166.39996855;63;2;1;4;1;1;1;1;1;2;1;1;3;1;1;1;1;1;1;3;1;;;40000000;400000;;;1;;;;;;;;;;1
20230309;03;2023;7368616;1;1;01;63;1;251.68522731;63;2;1;4;1;1;1;1;1;3;1;1;1;1;1;1;1;1;1;3;3;;;;;420000;;1;;;;;;;;;;5
20230309;03;2023;7368617;1;1;01;63;1;238.58810376;63;2;1;4;1;1;1;1;1;3;1;1;3;2;1;1;1;1;1;3;3;;;;;300000;;1;;;;;;;;;;3
20230309;03;2023;7368618;1;1;01;63;1;183.3585242;63;2;1;4;1;4;1;1;1;3;1;1;4;1;1;1;1;1;1;3;4;;;;700000;;;1;;;;;;;;;;2
20230309;03;2023;7368619;1;1;01;63;1;145.49630187;63;2;1;4;1;4;2;1;1;3;1;1;4;2;1;1;1;1;1;4;1;;;98;550000;;;1;;;;;;;;;;2
20230309;03;2023;7368620;1;1;01;63;1;166.79669784;63;2;1;4;1;4;1;1;1;3;1;1;4;1;1;1;1;1;1;3;3;;;;;680000;;1;;;;;;;;;;1
20230309;03;2023;7368621;1;1;01;63;1;145.49630187;63;2;1;4;1;4;1;1;1;3;1;1;4;3;1;1;1;1;1;3;1;;;130000000;600000;;;1;;;;;;;;;;2
20230309;03;2023;7368622;1;1;01;63;1;161.66255763;63;1;1;4;1;3;1;1;1;3;1;1;3;1;1;1;1;1;1;3;1;;;98;500000;;;1;;;;;;;;;;2
20230309;03;2023;7368623;1;1;01;66;1;160.6020241;66;1;1;4;1;2;1;1;1;3;1;1;5;2;1;1;1;1;1;3;4;;;;700000;;;1;;;;;1;;;;;3
20230309;03;2023;7368624;1;1;01;66;1;451.99841744;66;2;1;4;1;1;1;1;1;2;1;1;3;2;1;1;1;1;1;3;3;;;;;400000;;1;;;;;;;;;;4
20230309;03;2023;7368625;1;1;01;66;1;553.65132451;66;2;1;4;1;1;1;1;1;2;1;1;2;2;1;1;1;1;1;3;3;;;;;300000;;1;;;;;;;;;;3
20230309;03;2023;7368626;1;1;01;66;1;679.49525112;66;1;1;4;1;1;1;1;1;2;1;1;4;3;1;1;1;1;1;3;4;;;;500000;;;;;;;;;;1;;;3
20230309;03;2023;7368627;1;1;01;66;1;251.50107681;66;1;5;2;1;1;2;1;1;3;1;1;3;2;1;1;1;1;1;4;5;;;;200000;;;1;;;;;;;;;;7
20230309;03;2023;7368628;1;1;01;66;1;226.61838977;66;1;7;2;1;1;2;1;1;3;1;1;4;3;1;1;1;1;1;4;5;;;;250000;;;1;;;;;;;;;;7
20230309;03;2023;7368629;1;1;01;66;1;787.0945912;66;2;1;4;1;1;1;1;1;2;1;1;3;2;1;1;1;1;1;3;3;;;;;350000;;1;;;;;;;;;;3
20230309;03;2023;7368630;1;1;01;66;1;786.97653578;66;1;1;4;1;1;1;1;1;2;1;1;4;3;1;1;1;1;1;3;1;;;60000000;450000;;;1;;;;;;;;;;5
20230309;03;2023;7368631;1;1;01;66;1;314.80325538;66;2;1;4;1;1;1;1;1;2;1;1;2;2;1;1;1;1;1;3;3;;;;;380000;;1;;;;;;;;;;3
20230309;03;2023;7368633;1;1;01;66;1;713.26091735;66;2;1;4;1;1;1;1;1;2;1;1;4;2;1;1;1;1;1;3;1;;;100000000;450000;;;1;;;;;;;;;;3
20230309;03;2023;7368634;1;1;01;66;1;226.95653332;66;1;7;2;1;1;2;1;1;3;1;1;3;2;1;1;1;1;1;4;5;;;;200000;;;1;;;;;;;;;;3
20230309;03;2023;7368635;1;1;01;66;1;945.06229737;66;2;1;4;1;1;1;1;1;2;1;1;4;1;1;1;1;1;1;3;1;;;120000000;450000;;;1;;;;1;;;;;;3
20230309;03;2023;7368636;1;1;01;66;1;155.8690594;66;1;5;2;1;1;2;1;1;3;1;1;2;1;1;1;1;1;1;4;4;;;;250000;;;;;;;;;;1;;;1
20230309;03;2023;7368637;1;1;01;66;1;709.4509657;66;2;1;4;1;1;1;1;1;2;1;1;3;1;1;1;1;1;1;3;3;;;;;450000;;1;;;;;;;;;;1
20230309;03;2023;7368638;1;1;01;66;1;191.35458698;66;1;7;2;1;1;2;1;1;3;1;1;3;2;1;1;1;1;1;4;5;;;;150000;;;1;;;;;;;;;;4
20230309;03;2023;7368639;1;1;01;66;1;679.90134291;66;2;1;4;1;1;1;1;1;2;1;1;1;1;1;1;1;1;2;3;3;;;;;180000;;;;;;;;;1;;;1
20230309;03;2023;7368640;1;1;01;66;1;192.06039487;66;1;1;2;1;1;2;1;1;3;1;1;1;1;1;1;1;1;1;4;4;;;;250000;;;1;;;;;;;;;;1
20230309;03;2023;7368641;1;1;01;66;1;206.15482305;66;1;7;3;1;1;2;1;1;3;1;1;3;2;1;1;1;1;1;4;5;;;;250000;;;1;;;;;;;;;;3
20230309;03;2023;7368642;1;1;01;66;1;237.91952851;66;2;1;4;1;2;1;1;1;3;1;1;4;3;1;1;1;1;1;3;3;;;;;520000;;1;;;;;;;;;;3
20230309;03;2023;7368643;1;1;01;66;1;202.48820603;66;2;1;4;1;1;1;1;1;3;1;1;3;1;1;1;1;1;1;3;1;;;65000000;400000;;;1;;;;;;;;;;1
20230309;03;2023;7368644;1;1;01;66;1;229.74335479;66;2;1;4;1;1;1;1;1;3;1;1;4;3;1;1;1;1;1;3;3;;;;;300000;;;;;;;;;1;;;3
20230309;03;2023;7368645;1;1;01;66;1;178.71961486;66;2;1;2;1;1;1;1;1;3;1;1;3;3;1;1;1;1;1;3;1;;;45000000;400000;;;;;;;;;;1;;;3
20230309;03;2023;7368646;1;1;01;66;1;113.47632884;66;2;1;4;1;2;2;1;1;3;1;1;1;1;1;1;1;1;2;4;3;;;;;200000;;1;;;;;;;;;;1
20230309;03;2023;7368647;1;1;01;66;1;176.31585371;66;1;1;4;1;2;1;1;1;3;1;1;5;4;1;1;1;1;1;3;4;;;;900000;;;1;;;;;;;;;;4
20230309;03;2023;7368648;1;1;01;66;1;202.48820603;66;2;1;4;1;1;1;1;1;3;1;1;3;2;1;1;1;1;1;3;4;;;;300000;;;;;;;;;;1;;;1
20230309;03;2023;7368649;1;1;01;66;1;173.35783143;66;1;1;4;1;3;1;1;1;3;1;1;5;3;1;1;1;1;1;3;1;;;99;700000;;;1;;;;1;;;;;;4
20230309;03;2023;7368650;1;1;01;66;1;202.48820603;66;2;1;4;1;1;1;1;1;3;1;1;4;2;1;1;1;1;1;3;4;;;;300000;;;;;;;;;;1;;;1
20230309;03;2023;7368651;1;1;01;66;1;463.89311264;66;1;1;4;1;4;1;1;1;2;1;1;4;3;1;1;1;1;1;3;3;;;;;1100000;;1;;;;;;;;;;4
20230309;03;2023;7368652;1;1;01;66;1;155.62592363;66;2;1;4;1;6;1;1;1;3;1;1;4;1;1;1;1;1;1;3;1;;;350000000;2000000;;;1;;;;;1;;;;;2
20230309;03;2023;7368653;1;1;01;66;1;148.66897232;66;2;1;4;1;3;1;1;1;3;1;1;1;1;1;1;1;1;1;3;3;;;;;480000;;1;;;;;;;;;;1
20230309;03;2023;7368654;1;1;01;66;1;188.2256318;66;2;1;4;1;3;1;1;1;3;1;1;4;2;1;1;1;1;1;3;3;;;;;580000;;1;;;;;;;;;;4
20230309;03;2023;7368655;1;1;01;66;1;807.80760676;66;1;1;4;1;4;1;1;1;2;1;1;4;1;1;1;1;1;1;3;1;;;360000000;1200000;;;1;;;;;;;;;;3
20230309;03;2023;7368656;1;1;01;66;1;776.2022075;66;1;1;4;1;4;1;1;1;2;1;1;5;3;1;1;1;1;1;3;1;;;250000000;1100000;;;1;;;;;1;;;;;4
20230309;03;2023;7368657;1;1;01;66;1;568.22109621;66;1;1;4;1;4;1;1;1;2;1;1;4;2;1;1;1;1;1;3;1;;;250000000;1500000;;;1;;;;;;;;;;3
20230309;03;2023;7368658;1;1;01;66;1;155.62592363;66;2;1;4;1;6;1;1;1;3;1;1;3;1;1;1;1;1;1;3;1;;;300000000;1500000;;;1;;;;;;;;;;2
20230309;03;2023;7368659;1;1;01;66;1;173.36697534;66;1;1;4;1;3;1;1;1;3;1;1;6;3;1;1;1;1;1;3;1;;;85000000;600000;;;1;;;;;;;;;;4
20230309;03;2023;7368660;1;1;01;66;1;783.27559771;66;1;1;4;1;4;1;1;1;2;1;1;4;2;1;1;1;1;1;3;3;;;;;950000;;1;;;;;1;;;;;2
20230309;03;2023;7368661;1;1;01;66;1;192.87972007;66;2;1;4;1;6;1;1;1;3;1;1;4;2;1;1;1;1;1;3;4;;;;13000000;;;1;;;;;;;;;;3
20230309;03;2023;7368662;1;1;01;66;1;153.52858613;66;2;1;4;1;6;1;1;1;3;1;1;3;3;1;1;1;1;1;3;1;;;300000000;1500000;;;1;;;;;;;;;;3
20230309;03;2023;7368663;1;1;01;66;1;87.63989305;66;1;1;4;1;1;1;1;1;3;1;1;4;4;1;1;1;1;1;3;3;;;;;600000;;1;;;;;;;;;;4
20230309;03;2023;7368664;1;1;01;66;1;98.409745518;66;1;1;4;1;3;1;1;1;3;1;1;4;2;1;1;1;1;1;3;3;;;;;500000;;1;;;;;;;;;;2
20230309;03;2023;7368665;1;1;01;66;1;91.749994348;66;1;1;4;1;3;1;1;1;3;1;1;4;1;1;1;1;1;1;3;4;;;;800000;;;1;;;;;1;;;;;1
20230309;03;2023;7368666;1;1;01;66;1;155.62592363;66;2;1;4;1;6;1;1;1;3;1;1;3;1;1;1;1;1;1;3;3;;;;;1000000;;1;;;;;;;;;;2
20230309;03;2023;7368667;1;1;01;66;1;153.19593961;66;2;1;4;1;6;1;1;1;3;1;1;3;2;1;1;1;1;1;3;1;;;300000000;1500000;;;1;;;;;;;;;;3
20230309;03;2023;7368668;1;1;01;66;1;142.70209953;66;1;1;3;1;3;1;1;1;3;1;1;3;2;1;1;1;1;1;3;1;;;99;500000;;;1;;;;;;;;;;4
20230309;03;2023;7368669;1;1;01;66;1;159.57910377;66;1;1;4;1;3;1;1;1;3;1;1;2;2;1;1;1;1;1;3;3;;;;;600000;;1;;;;;;;;;;3
20230309;03;2023;7368670;1;1;01;66;1;93.385485448;66;1;1;4;1;3;1;1;1;3;1;1;3;1;1;1;1;1;2;3;3;;;;;450000;;1;;;;;;;;;;1
20230309;03;2023;7368671;1;1;01;66;1;139.37536117;66;2;1;4;1;2;1;1;1;3;1;1;4;3;1;1;1;1;1;3;1;;;98;600000;;;1;;;;;;;;;;3
20230309;03;2023;7368672;1;1;01;66;1;463.89311264;66;1;1;4;1;4;1;1;1;2;1;1;6;3;1;1;1;1;1;3;1;;;450000000;1500000;;;;1;;;1;1;;;;;4
20230309;03;2023;7368673;1;1;01;66;1;160.6020241;66;2;1;2;1;2;1;1;1;3;1;1;3;2;1;1;1;1;1;3;3;;;;;350000;;1;;;;;;;;;;3
20230309;03;2023;7368674;1;1;01;66;1;89.542280557;66;2;1;4;1;3;1;1;1;3;1;1;4;3;1;1;1;1;1;3;3;;;;;500000;;1;;;;;;;;;;5
20230309;03;2023;7368676;1;1;01;66;1;745.6600767;66;2;1;4;1;4;1;1;1;2;1;1;4;2;1;1;1;1;1;3;3;;;;;700000;;1;;;;;;;;;;2
20230309;03;2023;7368677;1;1;01;66;1;186.87019771;66;2;1;4;1;6;1;1;1;3;1;1;5;2;1;1;1;1;1;3;3;;;;;2800000;;1;;;;;;;;;;2
20230309;03;2023;7368678;1;1;01;66;1;144.7850374;66;2;1;2;1;2;1;1;1;3;1;1;2;1;1;1;1;1;1;3;3;;;;;400000;;1;;;;;;;;;;1
20230309;03;2023;7368679;1;1;01;66;1;752.94835327;66;1;1;4;1;4;1;1;1;2;1;1;4;1;1;1;1;1;1;3;3;;;;;1500000;;1;;;;;1;;;;;2
20230309;03;2023;7368680;1;1;01;66;1;226.94703981;66;1;1;4;1;2;1;1;1;3;1;1;3;2;1;1;1;1;1;3;3;;;;;500000;;1;;;;;;;;;;4
20230309;03;2023;7368681;1;1;01;66;1;341.42613161;66;2;1;4;1;4;1;1;1;2;1;1;4;1;1;1;1;1;2;3;3;;;;;800000;;1;;;;;;;;;;2
20230309;03;2023;7368683;1;1;01;66;1;617.42819679;66;2;1;4;1;4;1;1;1;2;1;1;4;3;1;1;1;1;1;3;3;;;;;750000;;1;;;;;;;;;;4
20230309;03;2023;7368684;1;1;01;66;1;614.8575036;66;2;1;4;1;4;1;1;1;2;1;1;4;1;1;1;1;1;1;3;3;;;;;750000;;1;;;;1;1;;;;;1
20230309;03;2023;7368685;1;1;01;66;1;214.94969535;66;2;1;4;1;3;1;1;1;3;1;1;2;2;1;1;1;1;1;3;3;;;;;400000;;;;;;;;;1;;;4
20230309;03;2023;7368686;1;1;01;66;1;100.04523662;66;1;1;4;1;3;1;1;1;3;1;1;3;2;1;1;1;1;1;3;1;;;140000000;700000;;;1;;;;;;;;;;2
20230309;03;2023;7368687;1;1;01;66;1;498.56576231;66;2;1;4;1;4;1;1;1;2;1;1;4;3;1;1;1;1;1;3;3;;;;;850000;;1;;;;1;1;;;;;4
20230309;03;2023;7368688;1;1;01;66;1;178.40276679;66;1;1;4;1;2;1;1;1;3;1;1;4;1;1;1;1;1;1;3;4;;;;600000;;;1;;;;;;;;;;1
20230309;03;2023;7368689;1;1;01;66;1;118.84079988;66;1;1;4;1;3;1;1;1;3;1;1;5;4;1;1;1;1;1;3;3;;;;;650000;;1;;;;;;;;;;5
20230309;03;2023;7368690;1;1;01;66;1;389.50102592;66;2;1;4;1;4;1;1;1;2;1;1;4;3;1;1;1;1;1;3;3;;;;;750000;;1;;;;;1;;;;;4
20230309;03;2023;7368691;1;1;01;66;1;96.700073317;66;1;1;4;1;2;1;1;1;3;1;1;3;2;1;1;1;1;1;3;4;;;;450000;;;1;;;;;;;;;;2
20230309;03;2023;7368692;1;1;01;66;1;384.34745064;66;2;1;4;1;4;1;1;1;2;1;1;4;3;1;1;1;1;1;3;4;;;;900000;;;1;;;;1;1;;;;;3
20230309;03;2023;7368693;1;1;01;66;1;99.831392432;66;1;1;4;1;3;1;1;1;3;1;1;4;2;1;1;1;1;1;3;1;;;200000;700000;;;1;;;;;;;;;;2
20230309;03;2023;7368694;1;1;01;66;1;170.93882655;66;2;1;4;1;6;1;1;1;3;1;1;6;2;1;1;1;1;1;3;1;;;950000000;5000000;;;1;;;;;1;;;;;2
20230309;03;2023;7368695;1;1;01;66;1;292.63628136;66;2;1;4;1;2;1;1;1;3;1;1;4;2;1;1;1;1;1;3;3;;;;;580000;;1;;;;;;;;;;3
20230309;03;2023;7368696;1;1;01;66;1;262.6701609;66;2;1;4;1;2;1;1;1;3;1;1;3;2;1;1;1;1;1;3;3;;;;;550000;;1;;;;;;;;;;4
20230309;03;2023;7368697;1;1;01;66;1;286.5995938;66;2;1;4;1;3;1;1;1;3;1;1;2;2;1;1;1;1;1;3;3;;;;;500000;;1;;;;;;;;;;4
20230309;03;2023;7368698;1;1;01;66;1;150.96633226;66;2;1;4;1;2;1;1;1;3;1;1;3;2;1;1;1;1;1;3;3;;;;;500000;;1;;;;;;;;;;2
20230309;03;2023;7368699;1;1;01;66;1;259.34388474;66;1;1;4;1;2;1;1;1;3;1;1;4;3;1;1;1;1;1;3;1;;;60000000;500000;;;1;;;;;;;;;;7
20230309;03;2023;7368700;1;1;01;66;1;186.41793385;66;2;1;4;1;2;1;1;1;3;1;1;2;1;1;1;1;1;1;3;3;;;;;450000;;1;;;;;;;;;;2
20230309;03;2023;7368701;1;1;01;66;1;385.84393175;66;2;1;4;1;2;1;1;1;3;1;1;3;3;1;1;1;1;1;3;1;;;100000000;550000;;;1;;;;;;;;;;4
20230309;03;2023;7368702;1;1;01;66;1;259.37653938;66;2;1;4;1;2;1;1;1;3;1;1;3;2;1;1;1;1;1;3;1;;;300000;600000;;;;;;;;;;1;;;2
20230309;03;2023;7368703;1;1;01;66;1;170.60640176;66;2;1;4;1;2;1;1;1;3;1;1;3;2;1;1;1;1;1;3;3;;;;;400000;;1;;;;;;;;;;3
20230309;03;2023;7368704;1;1;01;66;1;128.93343109;66;2;1;4;1;3;1;1;1;3;1;1;2;1;1;1;1;1;1;3;3;;;;;480000;;;;;;;;;1;;;2
20230309;03;2023;7368705;1;1;01;66;1;174.46430242;66;1;1;4;1;5;1;1;1;3;1;1;5;2;1;1;1;1;1;3;3;;;;;1370000;;1;;1;;;1;;;;;3
20230309;03;2023;7368706;1;1;01;66;1;234.34376286;66;2;1;4;1;2;1;1;1;3;1;1;3;2;1;1;1;1;1;3;1;;;85000000;400000;;;1;;;;;;;;;;2
20230309;03;2023;7368707;1;1;01;66;1;240.90303615;66;2;1;4;1;2;1;1;1;3;1;1;3;2;1;1;1;1;1;3;1;;;239000000;470000;;;1;;;;;;;;;;3
20230309;03;2023;7368708;1;1;01;66;1;137.9103864;66;2;1;4;1;2;1;1;1;3;1;1;2;1;1;1;1;1;1;3;3;;;;;450000;;1;;;;1;1;;;;;1
20230309;03;2023;7368709;1;1;01;66;1;202.63792139;66;2;1;3;1;2;1;1;1;3;1;1;3;2;1;1;1;1;1;3;3;;;;;300000;;;;;;;;;1;;;2
20230309;03;2023;7368710;1;1;01;66;1;217.39151845;66;2;1;4;1;2;1;1;1;3;1;1;2;2;1;1;1;1;1;3;1;;;100000000;550000;;;1;;;;;;;;;;2
20230309;03;2023;7368711;1;1;01;66;1;242.11051783;66;2;1;4;1;2;1;1;1;3;1;1;2;1;1;1;1;1;1;3;3;;;;;460000;;;;;;;;;1;;;1
20230309;03;2023;7368712;1;1;01;66;1;198.89216126;66;2;1;4;1;2;1;1;1;3;1;1;3;2;1;1;1;1;1;3;3;;;;;456000;;1;;;;;;;;;;2
20230309;03;2023;7368713;1;1;01;66;1;353.59878227;66;2;1;4;1;3;1;1;1;3;1;1;3;3;1;1;1;1;1;3;3;;;;;500000;;1;;;;;;;;;;6
20230309;03;2023;7368714;1;1;01;66;1;273.21200712;66;2;1;4;1;2;1;1;1;3;1;1;3;2;1;1;1;1;1;3;3;;;;;250000;;1;;;;;;;;;;2
20230309;03;2023;7368715;1;1;01;66;1;344.75928601;66;1;1;4;1;3;1;1;1;3;1;1;4;3;1;1;1;1;1;3;4;;;;500000;;;1;;;;;;;;;;3
20230309;03;2023;7368716;1;1;01;66;1;267.11944302;66;1;1;4;1;2;1;1;1;3;1;1;4;3;1;1;1;1;1;3;3;;;;;600000;;;;;;;;;1;;;3
20230309;03;2023;7368717;1;1;01;66;1;245.26713449;66;1;1;4;1;3;1;1;1;3;1;1;4;2;1;1;1;1;1;3;3;;;;;400000;;1;;;;;;;;;;2
20230309;03;2023;7368718;1;1;01;66;1;177.35947575;66;2;1;4;1;4;1;1;1;3;1;1;2;1;1;1;1;1;1;3;3;;;;;800000;;;;;;;;;1;;;1
20230309;03;2023;7368719;1;1;01;66;1;91.227822839;66;2;1;4;1;6;1;1;1;3;1;1;3;2;1;1;1;1;1;3;1;;;300000000;1500000;;;1;;;;;;;;;;2
20230309;03;2023;7368720;1;1;01;66;1;219.38300526;66;1;1;4;1;4;1;1;1;3;1;1;5;3;1;1;1;1;1;3;1;;;150000000;800000;;;1;;;;;;;;;;5
20230309;03;2023;7368721;1;1;01;66;1;172.91769292;66;1;1;4;1;3;1;1;1;3;1;1;3;3;1;1;1;1;1;3;1;;;280000000;800000;;;1;;;;;;;;;;2
20230309;03;2023;7368722;1;1;01;66;1;145.2663107;66;2;1;4;1;6;1;1;1;3;1;1;3;1;1;1;1;1;1;3;3;;;;;1200000;;1;;;;;;;;;;1
20230309;03;2023;7368723;1;1;01;66;1;279.22828641;66;2;1;4;1;4;1;1;1;3;1;1;4;1;1;1;1;1;1;3;3;;;;;600000;;1;;;;;;;;;;1
20230309;03;2023;7368724;1;1;01;66;1;105.89365066;66;1;1;4;1;4;1;1;1;3;1;1;3;3;1;1;1;1;1;3;3;;;;;896000;;1;;;;;;;;;;4
20230309;03;2023;7368725;1;1;01;66;1;280.30529656;66;2;1;4;1;4;1;1;1;3;1;1;4;2;1;1;1;1;1;3;4;;;;700000;;;1;;;;;;;;;;2
20230309;03;2023;7368726;1;1;01;66;1;208.7383312;66;1;1;4;1;4;1;1;1;3;1;1;5;4;1;1;1;1;1;3;3;;;;;750000;;;;;;;;;1;;;5
20230309;03;2023;7368727;1;1;01;66;1;268.46556639;66;1;1;4;1;2;1;1;1;3;1;1;4;3;1;1;1;1;1;3;1;;;200000000;1300000;;;1;;;;;;;;;;5
20230309;03;2023;7368728;1;1;01;66;1;208.24193146;66;1;1;4;1;4;1;1;1;3;1;1;4;3;1;1;1;1;1;3;1;;;280000000;1100000;;;1;;;;;;;;;;4
20230309;03;2023;7368729;1;1;01;66;1;188.87603465;66;2;1;4;1;2;1;1;1;3;1;1;3;2;1;1;1;1;1;3;3;;;;;500000;;1;;;;;;;;;;4
20230309;03;2023;7368730;1;1;01;66;1;671.87422393;66;1;1;4;1;4;1;1;1;2;1;1;6;4;1;1;1;1;1;3;1;;;480000000;1400000;;;1;;;;;1;;;;;5
20230309;03;2023;7368731;1;1;01;66;1;301.64244072;66;2;1;4;1;4;1;1;1;3;1;1;4;3;1;1;1;1;1;3;3;;;;;620000;;1;;;;1;1;;;;;3
20230309;03;2023;7368732;1;1;01;66;1;261.03737302;66;1;1;4;1;2;1;1;1;3;1;1;5;3;1;1;1;1;1;3;3;;;;;600000;;1;;;;;;;;;;5
20230309;03;2023;7368733;1;1;01;66;1;129.19421076;66;1;1;4;1;4;1;1;1;3;1;1;5;4;1;1;1;1;1;3;1;;;210000000;800000;;;1;;;;;;;;;;2
20230309;03;2023;7368734;1;1;01;66;1;174.08629502;66;1;1;4;1;5;1;1;1;3;1;1;4;2;1;1;1;1;1;3;3;;;;;1900000;;1;;;;;;;;;;3
20230309;03;2023;7368735;1;1;01;66;1;200.23863537;66;2;1;4;1;2;1;1;1;3;1;1;3;2;1;1;1;1;1;3;3;;;;;500000;;;;;;;;;1;;;4
20230309;03;2023;7368736;1;1;01;66;1;95.028982124;66;2;1;4;1;3;1;1;1;3;1;1;3;2;1;1;1;1;3;3;3;;;;;450000;;1;;;;;;;;;;2
20230309;03;2023;7368737;1;1;01;66;1;478.20178977;66;2;1;4;1;4;1;1;1;2;1;1;3;1;1;1;1;1;1;3;2;;760000;190000000;800000;;;1;;1;;;;;;;;1
20230309;03;2023;7368738;1;1;01;66;1;194.7437958;66;2;1;4;1;1;1;1;1;3;1;1;3;3;1;1;1;1;1;3;1;;;42000000;300000;;;1;;;;;;;;;;8
20230309;03;2023;7368739;1;1;01;66;1;230.66768838;66;2;1;4;1;1;1;1;1;3;1;1;3;3;1;1;1;1;1;3;4;;;;500000;;;1;;;;;;;;;;6
20230309;03;2023;7368740;1;1;01;66;1;280.30529656;66;2;1;4;1;4;1;1;1;3;1;1;3;2;1;1;1;1;1;3;4;;;;650000;;;1;;;;;;;;;;2
20230309;03;2023;7368741;1;1;01;66;1;191.35228295;66;2;1;4;1;2;1;1;1;3;1;1;3;2;1;1;1;1;1;3;4;;;;350000;;;1;;;;;;;;;;2
20230309;03;2023;7368742;1;1;01;66;1;179.30351261;66;2;1;4;1;2;1;1;1;3;1;1;4;2;1;1;1;1;1;3;3;;;;;500000;;1;;;;;;;;;;3
20230309;03;2023;7368743;1;1;01;66;1;144.7850374;66;1;1;4;1;2;1;1;1;3;1;1;3;1;1;1;1;1;1;3;1;;;60000000;350000;;;1;;;;;;;;;;1
20230309;03;2023;7368744;1;1;01;66;1;180.52100014;66;2;1;4;1;4;1;1;1;3;1;1;3;1;1;1;1;1;1;3;4;;;;800000;;;;;;;;;;1;;;1
20230309;03;2023;7368745;1;1;01;66;1;176.52529459;66;2;1;4;1;3;1;1;1;3;1;1;3;1;1;1;1;1;1;3;3;;;;;500000;;1;;;;;;;;;;1
20230309;03;2023;7368746;1;1;01;66;1;223.07162526;66;1;7;2;1;1;2;1;1;3;1;1;5;3;1;1;1;1;1;4;5;;;;300000;;;1;;;;;;;;;;4
20230309;03;2023;7368747;1;1;01;66;1;151.31907364;66;2;1;4;1;3;1;1;1;3;1;1;4;1;1;1;1;1;6;;3;;;;;450000;;;;;;;;;1;;;1
20230309;03;2023;7368748;1;1;01;66;1;132.39397094;66;2;1;4;1;2;1;1;1;3;1;1;3;1;1;1;1;1;1;3;3;;;;;450000;;1;;;;;;;;;;1
20230309;03;2023;7368749;1;1;01;66;1;131.61973719;66;2;1;4;1;4;1;1;1;3;1;1;3;1;1;1;1;1;1;3;2;;520000;130000000;800000;;;1;;1;;1;1;;;;;1
20230309;03;2023;7368750;1;1;01;;1;203.03609191;68;1;1;4;1;1;1;1;1;3;1;1;4;2;1;1;1;1;1;3;3;;;;;500000;;;;;;;;;1;;;4
20230309;03;2023;7368751;1;1;01;;1;581.92722661;68;2;1;4;1;1;1;1;1;3;1;1;6;4;1;1;1;1;1;3;1;;;98;500000;;;;;;;;;;1;;;4
20230309;03;2023;7368752;1;1;01;;1;419.48706653;68;1;1;4;1;1;1;1;1;3;1;1;4;2;1;1;1;1;1;3;2;;900000;98;450000;;;;;1;;;;;;;;3
20230309;03;2023;7368753;1;1;01;;1;390.24307856;68;1;1;2;1;1;1;1;1;3;1;1;6;1;1;1;1;1;1;3;4;;;;300000;;;;;;;;;;1;;;1
20230309;03;2023;7368754;1;1;01;;1;161.11076987;68;1;1;2;1;1;1;1;1;3;1;1;4;3;1;1;1;1;1;3;1;;;20000000;300000;;;;;;;;;;1;;;6
20230309;03;2023;7368755;1;1;01;;1;388.48168571;68;2;1;4;1;1;1;1;1;3;1;1;3;2;1;1;1;1;1;3;6;;;;500000;;;1;;;;;;;;;;5
20230309;03;2023;7368756;1;1;01;;1;216.59735755;68;1;1;4;1;1;1;1;1;3;1;1;3;2;1;1;1;1;1;3;1;;;120000000;500000;;;1;;;;;;;;;;3
20230309;03;2023;7368757;1;1;01;;1;290.91689889;68;1;1;4;1;1;1;1;1;3;1;1;3;1;1;1;1;1;1;3;3;;;;;550000;;;;;;;;;1;;;1
20230309;03;2023;7368758;1;1;01;;1;310.81201082;68;1;1;4;1;2;1;1;1;3;1;1;3;2;1;1;1;1;1;3;1;;;98;600000;;;;;;;;;;1;;;3
20230309;03;2023;7368759;1;1;01;;1;240.18258401;68;1;1;4;1;2;1;1;1;3;1;1;2;1;1;1;1;1;1;3;6;;;;400000;;;1;;;;;;;;;;1
20230309;03;2023;7368760;1;1;01;;1;497.97114559;68;1;1;2;1;2;1;1;1;3;1;1;3;2;1;1;1;1;1;3;3;;;;;300000;;;;;;;;;1;;;3
20230309;03;2023;7368761;1;1;01;;1;632.63296689;68;2;1;4;1;2;2;1;1;3;1;1;3;1;1;1;1;1;1;4;6;;;;200000;;;;;;;;;;1;;;3
20230309;03;2023;7368762;1;1;01;;1;217.49953932;68;1;1;2;1;2;1;1;1;3;1;1;3;2;1;1;1;1;1;3;3;;;;;450000;;;;;;;;;1;;;4
20230309;03;2023;7368763;1;1;01;;1;447.20750364;68;2;1;4;1;2;1;1;1;3;1;1;3;1;1;1;1;1;1;3;3;;;;;300000;;;;;;;;;1;;;2
20230309;03;2023;7368764;1;1;01;;1;376.22403119;68;1;1;2;1;2;1;1;1;3;1;1;3;1;1;1;1;1;1;3;1;;;98;400000;;;1;;;;;;;;;;2
20230309;03;2023;7368765;1;1;01;;1;279.68201532;68;1;1;4;1;2;1;1;1;3;1;1;4;3;1;1;1;1;1;3;2;;774000;100000000;600000;;;1;;1;;;;;;;;4
20230309;03;2023;7368766;1;1;01;;1;263.51701777;68;1;1;4;1;2;1;1;1;3;1;1;3;2;1;1;1;1;1;3;5;;;;400000;;;;;;;;;;1;;;2
20230309;03;2023;7368767;1;1;01;;1;320.06456414;68;1;1;4;1;2;1;1;1;3;1;1;2;1;1;1;1;1;1;3;2;;400000;98;500000;;;1;;1;;;;;;;;4
20230309;03;2023;7368768;1;1;01;;1;463.56002541;68;1;1;2;1;2;1;1;1;3;1;1;4;3;1;1;1;1;1;3;1;;;98;500000;;;;;;;;;;1;;;4
20230309;03;2023;7368769;1;1;01;;1;344.00577203;68;1;1;4;1;2;1;1;1;3;1;1;3;2;1;1;1;1;1;3;3;;;;;450000;;;;;;;;;1;;;2
20230309;03;2023;7368770;1;1;01;;1;300.36926957;68;1;1;4;1;2;1;1;1;3;1;1;4;3;1;1;1;1;1;3;1;;;98;300000;;;1;;;;;;;;;;5
20230309;03;2023;7368771;1;1;01;;1;239.08616217;68;1;1;4;1;2;1;1;1;3;1;1;2;1;1;1;1;1;1;3;3;;;;;400000;;;;;;;;;1;;;3
20230309;03;2023;7368772;1;1;01;68;1;231.94614068;68;3;1;4;1;4;1;1;1;3;1;1;1;1;1;1;1;1;6;;3;;;;;380000;;;;;;;;;1;;;1
20230309;03;2023;7368773;1;1;01;68;1;231.94614068;68;3;1;4;1;4;1;1;1;3;1;1;1;1;1;1;1;1;1;3;3;;;;;380000;;1;;;;;;;;;;1
20230309;03;2023;7368774;1;1;01;68;1;321.90868028;68;2;1;4;1;4;1;1;1;3;1;1;4;2;1;1;1;1;1;3;1;;;280000000;1000000;;;1;;;;;1;;;;;2
20230309;03;2023;7368775;1;1;01;68;1;312.19495838;68;2;1;4;1;4;1;1;1;3;1;1;3;2;1;1;1;1;3;3;1;;;310000000;1200000;;;1;;;;;;;;;;3
20230309;03;2023;7368776;1;1;01;68;1;331.78642361;68;3;1;4;1;4;1;1;1;3;1;1;1;1;1;1;1;1;1;3;3;;;;;450000;;1;;;;;;;;;;1
20230309;03;2023;7368777;1;1;01;68;1;331.78642361;68;3;1;4;1;4;1;1;1;3;1;1;1;1;1;1;1;1;1;3;3;;;;;380000;;;;;;;;;1;;;1
20230309;03;2023;7368778;1;1;01;68;1;429.61696257;68;2;1;4;1;4;1;1;1;3;1;1;4;3;1;1;1;1;1;3;3;;;;;2100000;;1;;;;;;;;;;5
20230309;03;2023;7368779;1;1;01;68;1;355.50756593;68;2;1;4;1;4;1;1;1;3;1;1;4;3;1;1;1;1;1;3;3;;;;;1250000;;1;;;;;;;;;;3
20230309;03;2023;7368780;1;1;01;68;1;484.52017445;68;2;1;4;1;3;1;1;1;3;1;1;4;3;1;1;1;1;1;3;3;;;;;1000000;;1;;;;;;;;;;5
20230309;03;2023;7368781;1;1;01;68;1;242.85551848;68;2;1;4;1;4;1;1;1;3;1;1;3;2;1;1;1;1;1;3;3;;;;;850000;;1;;;;;;;;;;2
20230309;03;2023;7368782;1;1;01;68;1;331.78642361;68;3;1;4;1;4;1;1;1;3;1;1;1;1;1;1;1;1;1;3;3;;;;;380000;;;;;;;;;1;;;1
20230309;03;2023;7368783;1;1;01;68;1;438.95774512;68;2;1;4;1;3;1;1;1;3;1;1;4;3;1;1;1;1;1;3;3;;;;;600000;;1;;;;;;;;;;4
20230309;03;2023;7368784;1;1;01;68;1;400.88256089;68;2;1;4;1;4;1;1;1;3;1;1;3;1;1;1;1;1;1;3;3;;;;;1200000;1;;;;;;1;;;;;2
20230309;03;2023;7368785;1;1;01;68;1;510.97077843;68;2;1;4;1;3;1;1;1;3;1;2;3;2;1;2;1;1;1;3;3;;;;;375000;;1;;;;;1;;;;;4
20230309;03;2023;7368785;2;2;01;68;1;510.97077843;68;2;1;4;1;3;1;1;1;3;1;2;3;2;1;2;1;1;1;3;3;;;;;375000;;1;;;;1;1;;;;;3
20230309;03;2023;7368786;1;1;01;68;1;346.87680403;68;2;1;4;1;4;1;1;1;3;1;1;3;2;1;1;1;1;1;3;3;;;;;800000;;1;;;;;;;;;;2
20230309;03;2023;7368787;1;1;01;68;1;441.0977898;68;2;1;4;1;3;1;1;1;3;1;1;4;2;1;1;1;1;1;3;3;;;;;600000;;1;;;;;;;;;;3
20230309;03;2023;7368788;1;1;01;68;1;426.39526647;68;2;1;4;1;3;1;1;1;3;1;1;3;2;1;1;1;1;1;3;1;;;150000000;600000;;;1;;;;;;;;;;2
20230309;03;2023;7368789;1;1;01;68;1;432.48846005;68;2;1;4;1;4;1;1;1;3;1;1;3;2;1;1;1;1;3;3;3;;;;;1000000;;1;;;;;;;;;;3
20230309;03;2023;7368790;1;1;01;68;1;416.44195014;68;2;1;4;1;3;1;1;1;3;1;1;5;2;1;1;1;1;1;3;1;;;170000000;800000;;;;;;;;;;1;;;2
20230309;03;2023;7368791;1;1;01;68;1;451.8052159;68;1;1;4;1;3;1;1;1;3;1;1;4;3;1;1;1;1;1;3;3;;;;;700000;;1;;;;;;;;;;4
20230309;03;2023;7368792;1;1;01;68;1;330.26091895;68;2;1;4;1;4;1;1;1;3;1;1;4;3;1;1;1;1;1;3;1;;;230000000;1200000;;;1;;;;;;;;;;4
20230309;03;2023;7368793;1;1;01;68;1;272.43702593;68;2;1;4;1;4;1;1;1;3;1;1;2;1;1;1;1;1;1;3;3;;;;;850000;;1;;;;;;;;;;1
20230309;03;2023;7368794;1;1;01;68;1;231.94614068;68;3;1;4;1;4;1;1;1;3;1;1;1;1;1;1;1;1;1;3;3;;;;;380000;;1;;;;;;;;;;1
20230309;03;2023;7368795;1;1;01;68;1;411.9003548;68;1;1;4;1;3;1;1;1;3;1;1;4;3;1;1;1;1;1;3;3;;;;;700000;;1;;;;;;;;;;4
20230309;03;2023;7368796;1;1;01;68;1;485.91825562;68;2;1;4;1;3;1;1;1;3;1;1;3;1;1;1;1;1;1;3;3;;;;;600000;;1;;;;;;;;;;2
20230309;03;2023;7368797;1;1;01;68;1;400.88256089;68;2;1;4;1;4;1;1;1;3;1;1;3;1;1;1;1;1;1;3;1;;;280000000;1200000;;;1;;;;;1;;;;;2
20230309;03;2023;7368798;1;1;01;68;1;509.22095099;68;1;1;4;1;3;1;1;1;3;1;1;4;2;1;1;1;1;1;3;3;;;;;650000;;1;;;;;;;;;;3
20230309;03;2023;7368799;1;1;01;68;1;265.7185374;68;2;1;4;1;4;1;1;1;3;1;1;3;1;1;1;1;1;1;3;4;;;;800000;;;;;;;;;;1;;;1
20230309;03;2023;7368800;1;1;01;68;1;393.65709245;68;2;1;4;1;3;1;1;1;3;1;1;4;1;1;1;1;1;1;3;6;;;;900000;;;1;;;;;;;;;;1
20230309;03;2023;7368801;1;1;01;68;1;179.17001917;68;2;1;4;1;4;1;1;1;3;1;1;3;2;1;1;1;1;1;3;3;;;;;1100000;;1;;;;;;;;;;2
20230309;03;2023;7368802;1;1;01;68;1;427.74227077;68;2;1;4;1;3;1;1;1;3;1;2;3;2;1;1;1;1;1;3;3;;;;;700000;;1;;;;;;;;;;3
20230309;03;2023;7368802;2;2;01;68;1;427.74227077;68;2;1;4;1;3;1;1;1;3;1;2;2;1;1;2;1;1;1;3;3;;;;;300000;;;;;;;;;1;;;1
20230309;03;2023;7368803;1;1;01;68;1;272.43702593;68;2;1;4;1;4;1;1;1;3;1;1;3;1;1;1;1;1;1;3;3;;;;;800000;;1;;;;;1;;;;;1
20230309;03;2023;7368804;1;1;01;68;1;376.74880504;68;2;1;4;1;4;1;1;1;3;1;1;4;3;1;1;1;1;1;3;3;;;;;1200000;;1;;;;;;;;;;5
20230309;03;2023;7368805;1;1;01;68;1;372.61749466;68;1;1;4;1;3;1;1;1;3;1;1;4;2;1;1;1;1;1;3;6;;;;900000;;;1;;;;;;;;;;3
20230309;03;2023;7368807;1;1;01;68;1;400.88256089;68;2;1;4;1;4;1;1;1;3;1;1;3;1;1;1;1;1;3;3;1;;;300000000;1200000;;;1;;;;;;;;;;2
20230309;03;2023;7368808;1;1;01;68;1;349.83263697;68;1;1;4;1;3;1;1;1;3;1;1;4;1;1;1;1;1;1;3;1;;;170000000;700000;;;1;;;;;;;;;;2
20230309;03;2023;7368809;1;1;01;68;1;297.72174526;68;2;1;4;1;4;1;1;1;3;1;1;3;2;1;1;1;1;1;3;3;;;;;790000;;1;;;;1;1;;;;;2
20230309;03;2023;7368810;1;1;01;68;1;513.89156153;68;2;1;4;1;3;1;1;1;3;1;1;4;2;1;1;1;1;1;3;6;;;;900000;;;1;;;;;;;;;;2
20230309;03;2023;7368811;1;1;01;68;1;507.87847221;68;2;1;4;1;3;1;1;1;3;1;1;4;3;1;1;1;1;1;3;4;;;;800000;;;1;;;;;;;;;;4
20230309;03;2023;7368812;1;1;01;68;1;368.96410931;68;1;1;4;1;4;1;1;1;3;1;1;4;1;1;1;1;1;1;3;3;;;;;1300000;;1;1;;;1;1;;;;;2
20230309;03;2023;7368813;1;1;01;68;1;368.96410931;68;1;1;5;1;4;1;1;1;3;1;1;4;1;1;1;1;1;1;3;3;;;;;1160000;1;;;;;;;;;;;2
20230309;03;2023;7368814;1;1;01;68;1;429.75107193;68;1;1;5;1;4;1;1;1;3;1;1;5;3;1;1;1;1;1;3;2;;541000;300000000;1200000;;;1;;1;;;;;;;;4
20230309;03;2023;7368815;1;1;01;68;1;985.05805548;68;2;1;2;1;1;1;1;1;3;1;1;3;1;1;1;1;1;1;3;4;;;;300000;;;;;;;;;;1;;;3
20230309;03;2023;7368816;1;1;01;68;1;844.07024119;68;1;1;4;1;1;1;1;1;3;1;1;3;2;1;1;1;1;3;3;1;;;99;300000;;;1;;;;;;;;;;6
20230309;03;2023;7368817;1;1;01;68;1;1578.9486622;68;1;1;2;1;1;1;1;1;3;1;1;3;2;1;1;1;1;1;3;1;;;72000000;350000;;;1;;;;;;;;;;3
20230309;03;2023;7368818;1;1;01;68;1;1207.9081798;68;2;1;2;1;1;1;1;1;3;1;1;2;1;1;1;1;1;1;3;1;;;40000000;200000;;;;;;;;;;1;;;3
20230309;03;2023;7368819;1;1;01;68;1;480.54273339;68;2;1;4;1;6;1;1;1;6;1;1;4;2;1;1;1;1;1;3;3;;;;;1250000;;1;;;;;1;;;;;3
20230309;03;2023;7368820;1;1;01;68;1;1437.6532333;68;2;1;4;1;3;1;1;1;3;1;1;5;4;1;1;1;1;1;3;2;;580000;380000000;800000;;;1;;;;;;;;;;4
20230309;03;2023;7368821;1;1;01;68;1;414.73302951;68;2;1;4;1;6;1;1;1;6;1;1;3;1;1;1;1;1;1;3;3;;;;;1800000;;1;;;;;;;;;;1
20230309;03;2023;7368822;1;1;01;68;1;1364.8213512;68;2;1;4;1;3;1;1;1;3;1;1;4;1;1;1;1;1;1;3;1;;;250000000;800000;;;;;;;;;;1;;;1
20230309;03;2023;7368823;1;1;01;68;1;1443.6785449;68;2;1;4;1;3;1;1;1;3;1;1;4;1;1;1;1;1;3;3;3;;;;;600000;;1;;;;;;;;;;2
20230309;03;2023;7368824;1;1;01;68;1;537.99020296;68;2;1;4;1;4;1;1;1;3;1;1;4;2;1;1;1;1;1;3;4;;;;1000000;;;1;;1;;;;;;;;3
20230309;03;2023;7368825;1;1;01;68;1;451.35013661;68;2;1;4;1;4;1;1;1;3;1;1;4;3;1;1;1;1;1;3;3;;;;;1300000;;1;;;;;1;;;;;4
20230309;03;2023;7368826;1;1;01;68;1;491.95214574;68;2;1;4;1;4;1;1;1;3;1;1;4;1;1;1;1;1;1;3;1;;;300000000;1200000;;;1;;;;;;;;;;2
20230309;03;2023;7368827;1;1;01;68;1;1691.575266;68;1;1;2;1;1;1;1;1;3;1;1;3;2;1;1;1;1;1;3;3;;;;;400000;;;;;;;;;1;;;3
20230309;03;2023;7368828;1;1;01;68;1;2015.2457168;68;1;1;4;1;3;1;1;1;3;1;1;5;4;1;1;1;1;1;3;1;;;280000000;8000000;;;1;;;;;1;;;;;6
20230309;03;2023;7368829;1;1;01;68;1;387.9687141;68;2;1;5;1;6;1;1;1;6;1;1;3;2;1;1;1;1;1;3;3;;;;;1200000;;1;;1;;;1;;;;;2
20230309;03;2023;7368830;1;1;01;68;1;327.96809716;68;2;1;4;1;6;1;1;1;6;1;1;4;1;1;1;1;1;1;3;1;;;99;98;;;1;;;;;;;;;;2
20230309;03;2023;7368831;1;1;01;68;1;505.94899683;68;2;1;4;1;4;1;1;1;3;1;1;4;1;1;1;1;1;1;3;1;;;190000000;1100000;;;1;;;;;;;;;;2
20230309;03;2023;7368832;1;1;01;68;1;1182.6751473;68;1;1;2;1;1;1;1;1;3;1;1;2;1;1;1;1;1;1;3;3;;;;;400000;;1;;;;;;;;;;3
20230309;03;2023;7368833;1;1;01;68;1;378.38475823;68;2;1;4;1;6;1;1;1;6;1;1;2;1;1;1;1;1;1;3;3;;;;;950000;;;;;;;;;1;;;1
20230309;03;2023;7368834;1;1;01;68;1;501.10320111;68;1;1;4;1;4;1;1;1;3;1;1;4;1;1;1;1;1;1;3;4;;;;900000;;;1;;;;;;;;;;2
20230309;03;2023;7368835;1;1;01;68;1;1862.274717;68;1;1;2;1;3;1;1;1;3;1;2;2;1;1;2;1;1;1;3;3;;;;;220000;;1;;;;;;;;;;1
20230309;03;2023;7368835;2;2;01;68;1;1862.274717;68;1;1;2;1;3;1;1;1;3;1;2;3;2;1;2;1;1;1;3;3;;;;;400000;;1;;;;;;;;;;2
20230309;03;2023;7368836;1;1;01;68;1;585.62149238;68;2;1;4;1;4;1;1;1;3;1;1;4;2;1;1;1;1;1;3;3;;;;;850000;;;;;;;;;1;;;2
20230309;03;2023;7368837;1;1;01;68;1;1443.6785449;68;2;1;4;1;3;1;1;1;3;1;1;3;1;1;1;1;1;3;3;1;;;280000000;600000;;;1;;;;;;;;;;2
20230309;03;2023;7368838;1;1;01;68;1;491.95214574;68;2;1;4;1;4;1;1;1;3;1;1;4;1;1;1;1;1;1;3;4;;;;1300000;;;1;;;;;;;;;;2
20230309;03;2023;7368839;1;1;01;68;1;748.18712672;68;2;1;2;1;1;1;1;1;3;1;1;3;2;1;1;1;1;1;3;3;;;;;450000;;1;;;;;;;;;;4
20230309;03;2023;7368840;1;1;01;68;1;912.60088352;68;1;5;1;1;1;2;1;1;3;1;1;2;1;1;1;1;1;5;5;5;;;;50000;;;;;;;;;;1;;;3
20230309;03;2023;7368841;1;1;01;68;1;1540.3509352;68;2;1;4;1;3;1;1;1;3;1;1;3;2;1;1;1;1;3;3;3;;;;;620000;;1;;;;;;;;;;3
20230309;03;2023;7368842;1;1;01;68;1;1208.0856456;68;1;1;2;1;1;1;1;1;3;1;1;3;2;1;1;1;1;1;3;1;;;35000000;350000;;;1;;;;;;;;;;3
20230309;03;2023;7368843;1;1;01;68;1;401.59460844;68;1;1;4;1;4;1;1;1;3;1;1;3;1;1;1;1;1;1;3;2;;1300000;400000000;1100000;;;1;;;;;;;;;;2
20230309;03;2023;7368844;1;1;01;68;1;491.95214574;68;2;1;4;1;4;1;1;1;3;1;1;4;2;1;1;1;1;1;3;3;;;;;1200000;;1;;;;;;;;;;2
20230309;03;2023;7368845;1;1;01;68;1;1271.9809077;68;2;1;4;1;1;1;1;1;3;1;1;3;1;1;1;1;1;1;3;4;;;;200000;;;1;;;;;;;;;;1
20230309;03;2023;7368846;1;1;01;68;1;553.58028626;68;2;1;4;1;4;1;1;1;3;1;1;4;1;1;1;1;1;1;3;1;;;98;1000000;;;;;;;;;;1;;;1
20230309;03;2023;7368847;1;1;01;68;1;445.42506766;68;2;1;4;1;6;1;1;1;6;1;1;4;1;1;1;1;1;1;3;3;;;;;1800000;;1;;;;;;1;;;PRESTAMO PARA ESTUDIO;2
20230309;03;2023;7368849;1;1;01;68;1;1271.9809077;68;2;1;2;1;1;1;1;1;3;1;1;3;1;1;1;1;1;1;3;1;;;99;100000;;;1;;;;;;;;;;1
20230309;03;2023;7368850;1;1;01;68;1;1192.380173;68;2;1;2;1;1;1;1;1;3;1;1;3;1;1;1;1;1;1;3;3;;;;;400000;;1;;;;;;;;;;2
20230309;03;2023;7368851;1;1;01;68;1;1074.703661;68;1;1;4;1;3;1;1;1;3;1;1;5;4;1;1;1;1;1;3;1;;;300000000;1500000;;;1;;;;;;;;;;4
20230309;03;2023;7368852;1;1;01;68;1;445.42506766;68;2;1;4;1;6;1;1;1;6;1;1;3;1;1;1;1;1;1;3;1;;;550000000;1300000;;;1;;;;;1;;;;;2
20230309;03;2023;7368853;1;1;01;68;1;1638.351186;68;2;1;4;1;1;1;1;1;3;1;1;4;1;1;1;1;1;1;3;3;;;;;450000;;1;;;;;;;;;;3
20230309;03;2023;7368854;1;1;01;68;1;262.53608384;68;1;1;4;1;2;1;1;1;3;1;1;4;3;1;1;1;1;1;3;1;;;120000000;550000;;;;;;;;;;1;;;3
20230309;03;2023;7368855;1;1;01;68;1;464.09435922;68;2;1;2;1;1;1;1;1;3;1;1;3;2;1;1;1;1;1;3;3;;;;;350000;;;;;;;;;1;;;4
20230309;03;2023;7368856;1;1;01;68;1;364.43869172;68;1;1;4;1;2;1;1;1;3;1;1;3;1;1;1;1;1;1;3;3;;;;;350000;;1;;;;;;;;;;2
20230309;03;2023;7368857;1;1;01;68;1;254.6946654;68;1;1;4;1;2;1;1;1;3;1;1;3;2;1;1;1;1;1;3;3;;;;;400000;1;;;;;;;;;;;2
20230309;03;2023;7368858;1;1;01;68;1;309.88856578;68;2;1;4;1;1;1;1;1;3;1;2;3;2;1;1;1;1;1;3;4;;;;500000;;;1;;;;;;;;;;3
20230309;03;2023;7368858;2;2;01;68;1;309.88856578;68;2;1;4;1;1;1;1;1;3;1;2;1;1;1;1;1;1;1;3;4;;;;300000;;;1;;;;;;;;;;4
20230309;03;2023;7368859;1;1;01;68;1;386.71525057;68;1;1;4;1;1;1;1;1;3;1;1;4;3;1;1;1;1;1;3;4;;;;600000;;;;;;;;;;1;;;11
20230309;03;2023;7368860;1;1;01;68;1;363.60735663;68;1;1;4;1;1;1;1;1;3;1;1;3;2;1;1;1;1;1;3;3;;;;;600000;;;;;;;;;1;;;4
20230309;03;2023;7368861;1;1;01;68;1;331.78642361;68;1;1;2;1;1;1;1;1;3;1;1;4;1;1;1;1;1;1;3;6;;;;540000;;;1;;;;;;;;;;1
20230309;03;2023;7368862;1;1;01;68;1;364.43869172;68;1;1;4;1;2;1;1;1;3;1;1;3;1;1;1;1;1;1;3;3;;;;;550000;;1;;;;;;;;;;2
20230309;03;2023;7368863;1;1;01;68;1;367.86742927;68;2;1;4;1;1;1;1;1;3;1;1;4;2;1;1;1;1;3;3;3;;;;;550000;;1;;;;;;;;;;4
20230309;03;2023;7368864;1;1;01;68;1;444.40152155;68;1;1;4;1;2;1;1;1;3;1;1;4;3;1;1;1;1;1;3;4;;;;600000;;;1;;;;;;;;;;4
20230309;03;2023;7368865;1;1;01;68;1;333.66038972;68;1;1;2;1;1;1;1;1;3;1;1;4;3;1;1;1;1;1;3;3;;;;;450000;;;;;;;;;1;;;7
20230309;03;2023;7368866;1;1;01;68;1;252.17247984;68;2;1;2;1;1;1;1;1;3;1;1;4;3;1;1;1;1;1;3;1;;;99;500000;;;;;;;;;;1;;;5
20230309;03;2023;7368867;1;1;01;68;1;440.52566686;68;2;1;4;1;2;1;1;1;3;1;1;5;4;1;1;1;1;1;3;1;;;90000000;550000;;;1;;;;1;1;;;;;5
20230309;03;2023;7368868;1;1;01;68;1;203.23748859;68;2;1;4;1;2;1;1;1;3;1;1;4;3;1;1;1;1;1;3;3;;;;;450000;;1;;;;;;;;;;4
20230309;03;2023;7368869;1;1;01;68;1;317.18047371;68;1;1;4;1;2;1;1;1;3;1;1;4;3;1;1;1;1;1;3;3;;;;;800000;;1;;;;;;;;;;3
20230309;03;2023;7368870;1;1;01;68;1;295.17128745;68;1;1;4;1;2;1;1;1;3;1;1;2;1;1;1;1;1;1;3;1;;;50000000;400000;;;;;;;;;;1;;;2
20230309;03;2023;7368871;1;1;01;68;1;278.27687914;68;2;1;2;1;1;1;1;1;3;1;1;2;1;1;1;1;1;2;3;4;;;;500000;;;;;;;;;;1;;;5
20230309;03;2023;7368872;1;1;01;68;1;295.17128745;68;1;1;4;1;2;1;1;1;3;1;1;3;1;1;1;1;1;1;3;6;;;;400000;;;;;;;;;;1;;;2
20230309;03;2023;7368874;1;1;01;68;1;380.12152859;68;2;1;4;1;2;1;1;1;3;1;1;4;3;1;1;1;1;1;3;3;;;;;600000;;1;;;;;;;;;;4
20230309;03;2023;7368875;1;1;01;68;1;246.3886282;68;2;1;4;1;2;1;1;1;3;1;1;3;2;1;1;1;1;1;3;5;;;;400000;;;1;;;;;;;;;;6
20230309;03;2023;7368876;1;1;01;68;1;340.50041043;68;1;1;4;1;2;1;1;1;3;1;1;6;3;1;1;1;1;1;3;1;;;90000000;400000;;;;;;;;;;1;;;3
20230309;03;2023;7368877;1;1;01;68;1;264.05693339;68;2;1;4;1;2;1;1;1;3;1;1;4;3;1;1;1;1;3;3;5;;;;400000;;;1;;;;;;;;;;5
20230309;03;2023;7368878;1;1;01;68;1;262.32931145;68;1;1;4;1;2;1;1;1;3;1;1;3;2;1;1;1;1;1;3;3;;;;;600000;;1;;;;;;;;;;2
20230309;03;2023;7368879;1;1;01;68;1;415.84384441;68;1;1;2;1;2;1;1;1;3;1;1;3;2;1;1;1;1;1;3;1;;;40000000;300000;;;1;;;;;;;;;;4
20230309;03;2023;7368880;1;1;01;68;1;172.40869658;68;2;1;4;1;2;1;1;1;3;1;1;3;2;1;1;1;1;1;3;3;;;;;500000;;1;;;;;;;;;;2
20230309;03;2023;7368881;1;1;01;68;1;409.50812117;68;1;1;4;1;2;1;1;1;3;1;1;3;2;1;1;1;1;1;3;1;;;50000000;350000;;;;;;;;;;1;;;3
20230309;03;2023;7368882;1;1;01;68;1;265.53024538;68;2;1;4;1;2;1;1;1;3;1;1;5;4;1;1;1;1;1;3;3;;;;;500000;;1;;;;;;;;;;7
20230309;03;2023;7368883;1;1;01;68;1;215.29861408;68;2;1;4;1;2;1;1;1;3;1;2;1;1;1;2;1;1;3;3;3;;;;;350000;;1;;;;;;;;;;1
20230309;03;2023;7368883;2;2;01;68;1;215.29861408;68;2;1;4;1;2;1;1;1;3;1;2;1;1;1;2;1;1;3;3;3;;;;;250000;;1;;;;;;;;;;1
20230309;03;2023;7368884;1;1;01;68;1;218.77388673;68;2;1;4;1;2;1;1;1;3;1;1;4;3;6;;1;1;1;3;1;;;50000000;400000;;;;;;;;;;1;;;3
20230309;03;2023;7368885;1;1;01;68;1;312.5546303;68;2;1;2;1;1;1;1;1;3;1;1;4;3;1;1;1;1;1;3;1;;;99;600000;;;1;;;;;;;;;;4
20230309;03;2023;7368886;1;1;01;68;1;368.12324475;68;1;1;4;1;1;1;1;1;3;1;1;5;2;1;1;1;1;1;3;3;;;;;300000;;;;;;;;;1;;;4
20230309;03;2023;7368887;1;1;01;68;1;296.12127893;68;1;1;2;1;1;1;1;1;3;1;1;3;2;1;1;1;1;1;3;3;;;;;400000;;1;;;;;;;;;;5
20230309;03;2023;7368888;1;1;01;68;1;204.39887493;68;2;1;4;1;2;1;1;1;3;1;1;2;1;1;1;1;1;3;3;5;;;;350000;;;1;;;;;;;;;;1
20230309;03;2023;7368889;1;1;01;68;1;439.73315374;68;1;1;4;1;2;1;1;1;3;1;1;3;2;1;1;1;1;1;3;3;;;;;300000;;;;;;;;;1;;;6
20230309;03;2023;7368890;1;1;01;68;1;245.84374112;68;2;1;4;1;2;1;1;1;3;1;1;3;2;1;1;1;1;3;3;3;;;;;350000;;1;;;;;;;;;;5
20230309;03;2023;7368891;1;1;01;68;1;390.87051904;68;2;1;4;1;2;1;1;1;3;1;1;3;2;1;1;1;1;1;3;2;;362000;100000000;600000;;;1;;1;;;;;;;;4
20230309;03;2023;7368892;1;1;01;68;1;298.918082;68;1;1;2;1;1;1;1;1;3;1;1;3;2;1;1;1;1;1;3;6;;;;300000;;;1;;;;;;;;;;2
20230309;03;2023;7368893;1;1;01;68;1;346.6568755;68;1;1;2;1;1;1;1;1;3;1;1;4;3;1;1;1;1;1;3;1;;;30000000;500000;;;;;;;;;;1;;;5
20230309;03;2023;7368894;1;1;01;68;1;315.78892751;68;2;1;4;1;2;1;1;1;3;1;1;3;2;1;1;1;1;1;3;3;;;;;350000;;1;;;;;;;;;;4
20230309;03;2023;7368895;1;1;01;68;1;254.67745103;68;2;1;4;1;2;1;1;1;3;1;1;2;1;1;1;1;1;3;3;3;;;;;400000;;1;;;;;;;;;;4
20230309;03;2023;7368897;1;1;01;68;1;241.52889245;68;2;1;4;1;2;1;1;1;3;1;1;3;2;1;1;1;1;1;3;5;;;;500000;;;1;;;;;;;;;;2
20230309;03;2023;7368898;1;1;01;68;1;198.64253648;68;2;1;4;1;2;1;1;1;3;1;1;4;3;1;1;1;1;1;3;5;;;;500000;;;1;;;;;;;;;;3
20230309;03;2023;7368899;1;1;01;68;1;496.37348021;68;1;1;4;1;3;1;1;1;3;1;1;4;2;1;1;1;1;1;3;1;;;110000000;650000;;;1;;;;;;;;;;3
20230309;03;2023;7368900;1;1;01;68;1;1641.0591764;68;2;1;4;1;3;1;1;1;3;1;1;2;1;1;1;1;1;1;3;3;;;;;300000;;1;;;;;;;;;;1
20230309;03;2023;7368901;1;1;01;68;1;310.13201874;68;2;1;4;1;1;1;1;1;3;1;1;4;2;1;1;1;1;1;3;3;;;;;420000;;;;;;;;;1;;;3
20230309;03;2023;7368902;1;1;01;68;1;447.73011889;68;2;1;4;1;4;1;1;1;3;1;1;4;3;1;1;1;1;1;3;3;;;;;1200000;;1;;;;;1;;;;;4
20230309;03;2023;7368903;1;1;01;68;1;331.78642361;68;3;1;4;1;4;1;1;1;3;1;1;1;1;1;1;1;1;6;;3;;;;;450000;;1;;;;;;;;;;1
20230309;03;2023;7368904;1;1;01;68;1;245.28583446;68;3;1;4;1;4;1;1;1;3;1;1;1;1;1;1;1;1;6;;3;;;;;380000;;1;;;;;;;;;;1
20230309;03;2023;7368905;1;1;01;68;1;1392.8261503;68;2;1;4;1;3;1;1;1;3;1;1;3;2;1;1;1;1;3;3;3;;;;;700000;;1;;;;;;;;;;2
20230309;03;2023;7368906;1;1;01;68;1;1292.1179092;68;1;1;2;1;3;1;1;1;3;1;1;5;3;1;1;1;1;3;3;6;;;;1000000;;;1;;;;;;;;;;4
20230309;03;2023;7368907;1;1;01;68;1;1295.9248006;68;2;1;4;1;3;1;1;1;3;1;1;3;1;1;1;1;1;3;3;3;;;;;600000;;1;;;;;;;;;;1
20230309;03;2023;7368908;1;1;01;68;1;369.05352417;68;2;1;4;1;6;1;1;1;6;1;1;4;1;1;1;1;1;1;3;1;;;420000000;1600000;;;1;;;;;;;;;;1
20230309;03;2023;7368909;1;1;01;68;1;560.47140376;68;2;1;4;1;4;1;1;1;3;1;1;5;2;1;1;1;1;1;3;3;;;;;1264000;;1;;;;;1;;;;;2
20230309;03;2023;7368910;1;1;01;68;1;272.43702593;68;2;1;4;1;4;1;1;1;3;1;1;3;1;1;1;1;1;1;3;3;;;;;600000;;1;;;;;1;;;;;1
20230309;03;2023;7368911;1;1;01;68;1;393.17132732;68;2;1;4;1;2;1;1;1;3;1;1;4;2;1;1;1;1;1;3;3;;;;;650000;;1;;;;;;;;;;3
20230309;03;2023;7368912;1;1;01;68;1;292.6442548;68;1;1;4;1;2;1;1;1;3;1;1;3;2;1;1;1;1;1;3;3;;;;;450000;;1;;;;1;;;;;;2
20230309;03;2023;7368913;1;1;01;68;1;414.73302951;68;2;1;4;1;6;1;1;1;6;1;1;2;1;1;1;1;1;1;3;3;;;;;99;;1;;;;;;;;;;1
20230309;03;2023;7368914;1;1;01;70;1;178.81924777;70;1;1;2;1;1;1;1;1;3;1;1;3;2;1;1;1;1;1;3;3;;;;;350000;;1;;;;;;;;;;6
20230309;03;2023;7368915;1;1;01;70;1;125.13330575;70;1;1;2;1;1;1;1;1;3;1;1;3;2;1;1;1;1;1;3;4;;;;450000;;;1;;;;;;;;;;4
20230309;03;2023;7368916;1;1;01;70;1;154.23664835;70;1;1;2;1;1;1;1;1;3;1;1;2;1;1;1;1;1;1;3;4;;;;250000;;;1;;;;;;;;;;2
20230309;03;2023;7368917;1;1;01;70;1;119.41330238;70;1;1;4;1;1;1;1;1;3;1;1;3;2;1;1;1;1;1;3;3;;;;;550000;;;;;;;;;1;;;4
20230309;03;2023;7368918;1;1;01;70;1;127.40019246;70;1;1;4;1;2;1;1;1;3;1;1;3;2;1;1;1;1;1;3;3;;;;;500000;;1;;;;;;;;;;4
20230309;03;2023;7368919;1;1;01;70;1;99.49717289;70;1;1;4;1;2;1;1;1;3;1;1;4;3;1;1;1;1;1;3;1;;;120000000;600000;;;1;;;;;;;;;;5
20230309;03;2023;7368920;1;1;01;70;1;108.38876397;70;1;1;4;1;2;1;1;1;3;1;1;3;1;1;1;1;1;1;3;2;;320000;190000000;600000;;;1;;1;;;;;;;;1
20230309;03;2023;7368921;1;1;01;70;1;98.614202005;70;1;1;4;1;2;1;1;1;3;1;1;5;1;1;1;1;1;1;3;4;;;;700000;;;1;;;;;;;;;;2
20230309;03;2023;7368922;1;1;01;70;1;164.73788225;70;1;1;4;1;2;1;1;1;3;1;1;3;2;1;1;1;1;1;3;1;;;80000000;400000;;;1;;;;;;;;;;3
20230309;03;2023;7368923;1;1;01;70;1;113.1916466;70;1;1;4;1;2;1;1;1;3;1;1;3;2;1;1;1;1;1;3;1;;;180000000;700000;;;1;;;;;;;;;;4
20230309;03;2023;7368924;1;1;01;70;1;122.29404247;70;1;1;4;1;2;1;1;1;3;1;1;3;2;1;1;1;1;1;3;1;;;80000000;500000;;;1;;;;;;;;;;2
20230309;03;2023;7368925;1;1;01;70;1;154.82476516;70;2;1;4;1;2;1;1;1;3;1;1;3;1;1;1;1;1;1;3;3;;;;;350000;;;;;;;;;1;;;1
20230309;03;2023;7368926;1;1;01;70;1;99.722732712;70;2;1;2;1;2;1;1;1;3;1;1;3;2;1;1;1;1;1;3;4;;;;400000;;;;;;;;;;1;;;3
20230309;03;2023;7368927;1;1;01;70;1;120.5905969;70;1;1;2;1;1;1;1;1;3;1;1;4;3;1;1;1;1;1;3;1;;;100000000;400000;;;;;;;;;;1;;;7
20230309;03;2023;7368928;1;1;01;70;1;189.00317959;70;1;1;4;1;1;1;1;1;3;1;1;4;3;1;1;1;1;3;3;1;;;140000000;450000;;;1;;;;1;1;;;;;5
20230309;03;2023;7368929;1;1;01;70;1;116.89495216;70;1;1;4;1;3;1;1;1;3;1;1;3;2;1;1;1;1;1;3;4;;;;800000;;;1;;;;;;;;;;3
20230309;03;2023;7368930;1;1;01;70;1;62.414684898;70;2;1;4;1;3;1;1;1;3;1;1;5;3;1;1;1;1;1;3;1;;;230000000;900000;;;1;;;;;;;;;;3
20230309;03;2023;7368931;1;1;01;73;1;362.02298364;73;2;1;2;1;2;1;1;1;3;1;1;1;1;1;1;1;1;1;3;4;;;;250000;;;;;;;;;;1;;;1
20230309;03;2023;7368932;1;1;01;73;1;362.02298364;73;2;1;4;1;2;1;1;1;3;1;1;2;1;1;1;1;1;1;3;3;;;;;300000;;1;;;;1;;;;;;1
20230309;03;2023;7368933;1;1;01;73;1;210.12619256;73;1;7;2;1;2;1;1;1;3;1;1;3;1;1;1;1;1;1;3;5;;;;99;;;1;;;;;;;;;;3
20230309;03;2023;7368934;1;1;01;73;1;207.43502436;73;2;1;4;1;2;1;1;1;3;1;1;6;2;1;1;1;1;1;3;1;;;99;300000;;;1;;;;;;;;;;2
20230309;03;2023;7368935;1;1;01;73;1;145.7432274;73;2;1;4;1;2;1;1;1;3;1;1;5;2;1;1;1;1;1;3;3;;;;;99;;1;;;;;;;;;;5
20230309;03;2023;7368936;1;1;01;73;1;403.8794701;73;2;1;4;1;2;1;1;1;3;1;1;3;2;1;1;1;1;1;3;3;;;;;500000;;1;;;;;;;;;;4
20230309;03;2023;7368937;1;1;01;73;1;362.02298364;73;3;1;4;1;2;1;1;1;3;1;1;1;1;1;1;1;1;6;;4;;;;200000;;;;;;;;;;1;;;1
20230309;03;2023;7368939;1;1;01;73;1;248.38690679;73;2;1;4;1;1;2;1;1;3;1;1;6;1;1;1;1;1;1;4;5;;;;99;;;1;;;;;;;;;;4
20230309;03;2023;7368940;1;1;01;73;1;248.38690679;73;2;1;4;1;1;2;1;1;3;1;1;5;2;1;1;1;1;1;4;3;;;;;99;;1;;;;;;;;;;4
20230309;03;2023;7368941;1;1;01;73;1;491.37085693;73;2;1;4;1;3;1;1;1;3;1;1;4;2;1;1;1;1;1;3;3;;;;;650000;;1;;;;;;;;;;2
20230309;03;2023;7368942;1;1;01;73;1;495.08702421;73;2;1;4;1;3;1;1;1;3;1;1;3;1;1;1;1;1;1;3;3;;;;;630000;;1;;;;;;;;;;2
20230309;03;2023;7368943;1;1;01;73;1;454.04763389;73;2;1;4;1;3;1;1;1;3;1;1;7;3;1;1;1;1;1;3;2;;99;99;1000000;;;1;;1;;;;;;;;4
20230309;03;2023;7368944;1;1;01;;1;473.74867363;76;2;1;4;1;1;2;1;1;3;1;1;3;2;1;1;1;1;1;4;3;;;;;400000;;;;;;;;;1;;;2
20230309;03;2023;7368945;1;1;01;;1;275.92155343;76;2;1;2;1;1;1;1;1;3;1;1;3;2;1;1;1;1;1;3;3;;;;;180000;;;;;;;;;1;;;3
20230309;03;2023;7368946;1;1;01;;1;275.92155343;76;2;1;4;1;9;1;1;1;3;1;1;2;1;1;1;1;1;1;3;3;;;;;250000;;;;;;;;;1;;;1
20230309;03;2023;7368948;1;1;01;;1;341.61716138;76;2;1;4;1;2;1;1;1;3;1;1;3;1;1;1;1;1;1;3;3;;;;;550000;;1;;;;;;;;;;1
20230309;03;2023;7368949;1;1;01;;1;1130.1596729;76;1;1;4;1;3;1;1;1;3;1;1;5;3;1;1;1;1;1;3;1;;;150000000;500000;;;1;;;1;;1;;;;;4
20230309;03;2023;7368950;1;1;01;;1;341.61716138;76;2;1;4;1;2;1;1;1;3;1;1;3;1;1;1;1;1;1;3;3;;;;;500000;;1;;;;;;;;;;1
20230309;03;2023;7368951;1;1;01;;1;1119.1549046;76;2;1;4;1;3;2;1;1;3;1;1;5;3;1;1;1;1;1;4;1;;;100000000;500000;;;1;;;;;1;;;;;5
20230309;03;2023;7368952;1;1;01;;1;309.15580216;76;2;1;2;1;9;2;2;1;3;1;1;2;1;3;1;1;1;3;1;3;;;;;200000;;;;;;;;;1;;;1
20230309;03;2023;7368953;1;1;01;;1;309.15580216;76;2;1;4;1;1;1;2;1;3;1;1;2;1;3;1;1;1;1;3;5;;;;200000;;;;;;;;;;1;;;1
20230309;03;2023;7368954;1;1;01;;1;309.15580216;76;1;1;2;1;1;1;2;1;3;1;1;3;1;3;1;1;1;1;3;1;;;98;300000;;;;;;;1;;;;;;2
20230309;03;2023;7368955;1;1;01;;1;309.15580216;76;1;1;4;1;1;2;2;1;3;1;1;3;2;5;1;1;1;3;4;3;;;;;200000;;;;;;;;;1;;;3
20230309;03;2023;7368956;1;1;01;;1;677.35520307;76;1;1;4;1;1;1;2;1;3;1;1;3;2;3;1;1;1;1;3;3;;;;;310000;;1;;;;;;;;;;3
20230309;03;2023;7368957;1;1;01;;1;309.15580216;76;2;1;2;1;0;2;2;1;3;1;1;2;1;3;1;1;1;1;4;4;;;;98;;;;;;;;;;1;;;1
20230309;03;2023;7368958;1;1;01;;1;309.15580216;76;1;1;4;1;1;2;2;1;3;1;1;3;2;3;1;1;1;1;4;4;;;;250000;;;;;;;;;;1;;;1
20230309;03;2023;7368959;1;1;01;;1;420.45189093;76;2;1;4;1;3;1;1;1;7;1;1;2;1;1;1;1;1;1;3;3;;;;;900000;;1;;;;;1;;;;;1
20230309;03;2023;7368960;1;1;01;;1;420.45189093;76;2;1;4;1;3;1;1;1;9;1;1;3;1;1;1;1;1;1;3;3;;;;;900000;1;;;;1;1;1;;;;;1
20230309;03;2023;7368961;1;1;01;;1;420.45189093;76;2;1;4;1;3;2;1;1;7;1;1;3;1;1;1;1;1;6;;3;;;;;730000;;1;;;1;1;;;;;;1
20230309;03;2023;7368962;1;1;01;;1;275.92155343;76;2;1;4;1;1;1;1;1;3;1;1;3;1;1;1;1;1;1;3;4;;;;200000;;;;;;;;;;1;;;1
20230309;03;2023;7368963;1;1;01;76;1;645.84590349;76;2;1;4;1;5;1;1;1;3;1;1;5;3;1;1;1;1;1;3;1;;;600000000;2800000;;1;1;1;;;;1;;;;;3
20230309;03;2023;7368964;1;1;01;76;1;1590.2722581;76;2;1;4;1;1;2;1;1;3;1;1;2;1;1;1;1;1;3;4;3;;;;;390000;;1;;;;;;;;;;3
20230309;03;2023;7368965;1;1;01;76;1;612.18727607;76;2;1;4;1;5;1;1;1;3;1;1;2;1;1;1;1;1;1;3;3;;;;;750000;;1;;;;;;;;;;1
20230309;03;2023;7368966;1;1;01;76;1;785.64033762;76;2;1;4;1;3;1;1;1;3;1;1;2;1;1;1;1;1;1;3;3;;;;;500000;;1;;;;;;;;;;1
20230309;03;2023;7368967;1;1;01;76;1;1135.1559484;76;2;1;4;1;1;1;1;1;3;1;1;2;1;1;1;1;1;1;3;3;;;;;375000;;1;;;;;;;;;;2
20230309;03;2023;7368968;1;1;01;76;1;976.54129903;76;2;1;4;1;3;1;1;1;3;1;1;3;2;1;1;1;1;3;3;3;;;;;800000;;;;;;;1;;;;;3
20230309;03;2023;7368969;1;1;01;76;1;839.47693577;76;2;1;4;1;3;1;1;1;3;1;1;3;1;1;1;1;1;6;;4;;;;700000;;;1;;;;;;;;;;1
20230309;03;2023;7368970;1;1;01;76;1;995.98316211;76;2;1;4;1;5;1;1;1;3;1;1;6;3;1;1;1;1;1;3;3;;;;;2130000;;1;;;;1;1;;;;;5
20230309;03;2023;7368971;1;1;01;76;1;654.13787203;76;2;1;4;1;5;1;1;1;3;1;1;4;1;1;1;1;1;1;3;1;;;98;1300000;;;1;;;;;1;;;;;1
20230309;03;2023;7368972;1;1;01;76;1;970.02275752;76;2;1;4;1;1;2;1;1;3;1;1;2;1;1;1;1;1;3;4;3;;;;;360000;;1;;;1;;;;;;;1
20230309;03;2023;7368973;1;1;01;76;1;1810.4413532;76;1;1;4;1;3;1;1;1;3;1;1;4;3;1;1;1;1;1;3;3;;;;;750000;;1;;;;;;;;;;3
20230309;03;2023;7368974;1;1;01;76;1;1076.1537915;76;2;1;4;1;3;1;1;1;3;1;1;2;1;1;1;1;1;1;3;3;;;;;580000;;1;;;;;;;;;;2
20230309;03;2023;7368975;1;1;01;76;1;935.50265619;76;2;1;4;1;5;2;1;1;3;1;1;3;2;1;1;1;1;1;1;3;;;;;1026000;;1;;;;;;;;;;3
20230309;03;2023;7368976;1;1;01;76;1;1206.9380793;76;1;1;4;1;1;1;1;1;3;1;1;4;1;1;1;1;1;1;3;1;;;99;420000;;;1;;;;;;;;;;2
20230309;03;2023;7368977;1;1;01;76;1;889.39836363;76;2;1;4;1;1;1;1;1;3;1;1;3;2;1;1;1;1;1;3;1;;;50000000;400000;;;1;;;;1;1;;;;;2
20230309;03;2023;7368978;1;1;01;76;1;646.64116174;76;2;1;4;1;5;1;1;1;3;1;1;3;1;1;1;1;1;1;3;4;;;;600000;;;;;;;;1;;;;;2
20230309;03;2023;7368979;1;1;01;76;1;1676.5469811;76;2;1;4;1;1;1;1;1;3;1;1;3;3;1;1;1;1;2;3;3;;;;;600000;;1;;;;;;1;;;NEQUI;5
20230309;03;2023;7368980;1;1;01;76;1;1301.1638219;76;2;1;4;1;3;1;1;1;3;1;1;4;2;1;1;1;1;1;3;3;;;;;680000;;1;;;;;;;;;;2
20230309;03;2023;7368981;1;1;01;76;1;1076.1537915;76;2;1;4;1;3;1;1;1;3;1;1;2;1;1;1;1;1;3;3;3;;;;;600000;;1;;;;;;;;;;2
20230309;03;2023;7368982;1;1;01;76;1;1057.6582558;76;2;1;4;1;1;1;1;1;3;1;1;4;2;1;1;1;1;1;3;4;;;;800000;;;;;;;;;;1;;;2
20230309;03;2023;7368984;1;1;01;76;1;851.36696133;76;2;1;4;1;3;1;1;1;3;1;1;3;2;1;1;1;1;1;3;3;;;;;750000;;;;;;;1;;;;;2
20230309;03;2023;7368985;1;1;01;76;1;1213.4723491;76;2;1;4;1;3;1;1;1;3;1;1;3;2;1;1;1;1;1;3;3;;;;;700000;;1;;;1;;1;;;;;3
20230309;03;2023;7368986;1;1;01;76;1;1350.8716863;76;2;1;4;1;1;1;1;1;3;1;1;5;2;1;1;1;1;1;3;1;;;120000000;400000;;;1;;;;;;;;;;3
20230309;03;2023;7368988;1;1;01;76;1;851.36696133;76;2;1;4;1;2;1;1;1;3;1;1;2;1;1;1;1;1;1;3;3;;;;;602000;;1;;;;;;;;;;2
20230309;03;2023;7368989;1;1;01;76;1;1076.1537915;76;2;1;4;1;3;1;1;1;3;1;1;2;1;1;1;1;1;1;3;3;;;;;450000;;1;;;;;;;;;;2
20230309;03;2023;7368990;1;1;01;76;1;785.64033762;76;2;1;4;1;3;1;1;1;3;1;1;2;1;1;1;1;1;6;;3;;;;;550000;;1;;;;;1;;;;;1
20230309;03;2023;7368991;1;1;01;76;1;785.64033762;76;2;1;4;1;3;1;1;1;3;1;1;2;1;1;1;1;1;1;1;3;;;;;400000;;;;;;;;;1;;;1
20230309;03;2023;7368992;1;1;01;76;1;922.0623973;76;2;1;4;1;2;1;1;1;3;1;1;4;2;1;1;1;1;1;3;3;;;;;700000;;1;;;;;;;;;;2
20230309;03;2023;7368993;1;1;01;76;1;773.3370008;76;1;1;4;1;3;1;1;1;3;1;1;4;2;1;1;1;1;1;3;3;;;;;450000;;1;;;;;;;;;;3
20230309;03;2023;7368994;1;1;01;76;1;223.62684502;76;1;1;4;1;1;1;1;1;3;1;1;5;3;1;1;1;1;1;3;1;;;100000000;500000;;;1;;;;;;;;;;3
20230309;03;2023;7368995;1;1;01;76;1;799.50184359;76;2;1;4;1;2;1;1;1;3;1;1;4;1;1;1;1;1;1;3;1;;;80000000;400000;;;1;;;;;;;;;;1
20230309;03;2023;7368996;1;1;01;76;1;790.33919768;76;1;1;4;1;2;1;1;1;3;1;1;4;2;1;1;1;1;1;3;3;;;;;450000;;1;;;;;;;;;;2
20230309;03;2023;7368997;1;1;01;76;1;1318.6911775;76;1;1;4;1;2;1;1;1;3;1;1;3;2;1;1;1;1;1;3;3;;;;;480000;;1;;;;;;;;;;4
20230309;03;2023;7368998;1;1;01;76;1;1024.9083729;76;2;1;4;1;2;1;1;1;3;1;1;3;2;1;1;1;1;1;3;3;;;;;350000;;1;;;;;;;;;;2
20230309;03;2023;7368999;1;1;01;76;1;869.55814691;76;2;1;4;1;2;1;1;1;3;1;1;4;3;1;1;1;1;1;3;3;;;;;650000;;1;;;;;1;;;;;4
20230309;03;2023;7369000;1;1;01;76;1;922.0623973;76;2;1;4;1;2;1;1;1;3;1;1;3;1;1;1;1;1;1;3;1;;;80000000;450000;;;1;;1;;1;;;;;;2
20230309;03;2023;7369001;1;1;01;76;1;995.82738908;76;2;1;2;1;1;1;1;1;3;1;1;3;2;1;1;1;1;1;3;1;;;40000000;400000;;;;;;;;;;1;;;2
20230309;03;2023;7369002;1;1;01;76;1;1078.8113147;76;2;1;4;1;2;1;1;1;3;1;1;5;3;1;1;1;1;1;3;4;;;;800000;;;1;;;;;;;;;;3
20230309;03;2023;7369003;1;1;01;76;1;279.96375465;76;1;1;2;1;1;1;1;1;3;1;1;3;2;1;1;1;1;1;3;1;;;98;500000;;;1;;;;;;;;;;3
20230309;03;2023;7369004;1;1;01;76;1;800.69104923;76;2;1;4;1;2;1;1;1;3;1;1;4;3;1;1;1;1;1;3;3;;;;;450000;;1;;;;;;;;;;4
20230309;03;2023;7369005;1;1;01;76;1;692.67270634;76;2;1;4;1;3;1;1;1;3;1;1;6;2;1;1;1;1;1;3;1;;;98;800000;;;1;;;;;;;;;;2
20230309;03;2023;7369006;1;1;01;76;1;576.58714841;76;2;1;4;1;3;1;1;1;3;1;1;3;1;1;1;1;1;1;3;1;;;100000000;800000;;;1;;;;1;1;;;;;2
20230309;03;2023;7369007;1;1;01;76;1;852.96179384;76;2;1;4;1;3;1;1;1;3;1;1;3;1;1;1;1;1;1;3;3;;;;;420000;;;;;;;;1;;;BILLETERA VIRTUAL;3
20230309;03;2023;7369008;1;1;01;76;1;821.8225433;76;2;1;4;1;3;1;1;1;3;1;1;3;2;1;1;1;1;1;3;3;;;;;600000;;1;;;;1;1;;;;;3
20230309;03;2023;7369009;1;1;01;76;1;214.69691716;76;1;1;2;1;1;1;1;1;2;1;2;1;1;1;2;1;1;1;3;3;;;;;200000;;;;;;;;;1;;;2
20230309;03;2023;7369009;2;2;01;76;1;214.69691716;76;1;1;2;1;1;1;1;1;2;1;2;1;1;1;2;1;1;1;3;3;;;;;200000;;;;;;;;;1;;;3
20230309;03;2023;7369010;1;1;01;76;1;995.82738908;76;2;1;2;1;1;1;1;1;3;1;1;3;1;1;1;1;1;1;3;1;;;40000000;350000;;;;;;;;;;1;;;2
20230309;03;2023;7369011;1;1;01;76;1;1432.46973;76;2;1;4;1;1;1;1;1;3;1;1;3;1;1;1;1;1;1;3;3;;;;;300000;;;;;;;;;1;;;2
20230309;03;2023;7369012;1;1;01;76;1;1007.3723229;76;2;1;2;1;1;1;1;1;3;1;1;3;1;1;1;1;1;1;3;3;;;;;350000;;;;;;;;;1;;;1
20230309;03;2023;7369013;1;1;01;76;1;172.41412115;76;1;1;2;1;1;1;1;1;3;1;1;3;1;1;1;1;1;1;3;4;;;;350000;;;;;;;;;1;;;NEQUI;2
20230309;03;2023;7369014;1;1;01;76;1;1897.5091913;76;1;1;4;1;2;1;1;1;3;1;1;4;3;1;1;1;1;1;3;1;;;60000000;300000;;;1;;;;;;;;;;5
20230309;03;2023;7369015;1;1;01;76;1;1748.7549789;76;2;1;4;1;2;1;1;1;3;1;1;4;3;1;1;1;1;1;3;4;;;;600000;;;1;;;;;;;;;;4
20230309;03;2023;7369016;1;1;01;76;1;173.56540915;76;2;1;4;1;3;1;1;1;3;1;1;4;1;1;1;1;1;1;3;1;;;200000000;400000;;;1;;;;;;;;;;3
20230309;03;2023;7369017;1;1;01;76;1;577.53140495;76;2;1;4;1;2;1;1;1;3;1;1;3;2;1;1;1;1;1;3;4;;;;600000;;;;;;;;;;1;;;2
20230309;03;2023;7369018;1;1;01;76;1;489.54520047;76;2;1;4;1;2;1;1;1;3;1;2;3;2;1;2;1;1;1;3;3;;;;;250000;;;;;;;;;1;;;3
20230309;03;2023;7369018;2;2;01;76;1;489.54520047;76;2;1;4;1;2;1;1;1;3;1;2;1;1;1;2;1;1;1;3;3;;;;;250000;;;;;;;;;1;;;2
20230309;03;2023;7369019;1;1;01;76;1;149.64272088;76;2;1;4;1;3;1;1;1;3;1;1;4;1;1;1;1;1;1;3;3;;;;;850000;;1;;;;;;;;;;1
20230309;03;2023;7369020;1;1;01;76;1;728.78457413;76;2;1;4;1;2;1;1;1;3;1;1;3;2;1;1;1;1;1;3;4;;;;500000;;;1;;;;;;;;;;3
20230309;03;2023;7369021;1;1;01;76;1;1454.4443387;76;2;1;4;1;2;1;1;1;3;1;1;4;3;1;1;1;1;1;3;4;;;;600000;;;1;;;;;;;;;;5
20230309;03;2023;7369023;1;1;01;76;1;2030.47456;76;2;1;4;1;2;1;1;1;3;1;1;5;4;1;1;1;1;1;3;3;;;;;500000;;1;;;;;;;;;;4
20230309;03;2023;7369024;1;1;01;76;1;726.81985781;76;2;1;4;1;2;1;1;1;3;1;1;3;1;1;1;1;1;6;;4;;;;600000;;;;;;;;;;1;;;1
20230309;03;2023;7369025;1;1;01;76;1;577.53140495;76;2;1;4;1;2;2;1;1;3;1;1;3;2;1;1;1;1;1;4;3;;;;;450000;;;;;;;;;1;;;2
20230309;03;2023;7369026;1;1;01;76;1;1020.3121268;76;2;1;4;1;6;1;1;1;3;1;1;3;1;1;1;1;1;1;3;1;;;250000000;1700000;;1;1;;;1;1;;;;;;1
20230309;03;2023;7369027;1;1;01;76;1;1619.9269265;76;2;1;4;1;2;1;1;1;3;1;1;5;3;1;1;1;1;1;3;3;;;;;550000;;1;;;;;;;;;;3
20230309;03;2023;7369028;1;1;01;76;1;769.76876914;76;2;1;4;1;6;1;1;1;3;1;1;3;1;1;1;1;1;1;3;1;;;300000000;2000000;;1;1;;;;;1;;;;;1
20230309;03;2023;7369029;1;1;01;76;1;867.62253785;76;2;1;4;1;6;1;1;1;3;1;1;3;1;1;1;1;1;1;3;3;;;;;1950000;;1;;;;;1;;;;;1
20230309;03;2023;7369030;1;1;01;76;1;954.38479164;76;1;1;4;1;3;1;1;1;3;1;1;4;1;1;1;1;1;1;3;4;;;;400000;;;;;;;;;;1;;;1
20230309;03;2023;7369031;1;1;01;76;1;1797.7583104;76;2;1;4;1;3;1;1;1;3;1;1;4;3;1;1;1;1;1;3;3;;;;;710000;;1;;;;;;;;;;4
20230309;03;2023;7369032;1;1;01;76;1;951.4688447;76;1;1;4;1;3;1;1;1;3;1;1;4;3;1;1;1;1;1;3;1;;;150000000;800000;;;1;;;;;;;;;;3
20230309;03;2023;7369033;1;1;01;76;1;211.1784237;76;2;1;4;1;1;2;1;1;3;1;1;3;1;1;1;1;1;3;4;3;;;;;470000;;;;;;;;;1;;;2
20230309;03;2023;7369034;1;1;01;76;1;143.77697527;76;2;1;4;1;1;1;1;1;3;1;1;4;2;1;1;1;1;1;3;3;;;;;350000;;1;;;;1;;;;;;2
20230309;03;2023;7369035;1;1;01;76;1;1799.2162839;76;2;1;4;1;3;1;1;1;3;1;1;4;2;1;1;1;1;1;3;3;;;;;680000;;1;;;1;;;;;;;3
20230309;03;2023;7369036;1;1;01;76;1;1027.2781791;76;1;1;2;1;1;1;1;1;3;1;1;2;1;1;1;1;1;3;3;2;;240000;6000000;250000;;;1;;;;;;;;;;3
20230309;03;2023;7369037;1;1;01;76;1;921.48246913;76;1;1;2;1;1;1;1;1;3;1;1;3;2;1;1;1;1;1;3;1;;;30000000;350000;;;1;;;;;;;;;;3
20230309;03;2023;7369038;1;1;01;76;1;1411.6705491;76;2;1;2;1;1;1;1;1;3;1;1;3;2;1;1;1;1;3;3;3;;;;;300000;;1;;;;;;;;;;4
20230309;03;2023;7369039;1;1;01;76;1;969.09314375;76;2;1;4;1;2;1;1;1;3;1;1;3;1;1;1;1;1;1;3;1;;;100000000;450000;;;1;;;;;;;;;;1
20230309;03;2023;7369040;1;1;01;76;1;1545.3352806;76;2;1;4;1;2;1;1;1;3;1;1;4;2;1;1;1;1;1;3;3;;;;;320000;;;;;;;;;1;;;4
20230309;03;2023;7369041;1;1;01;76;1;778.38909291;76;2;1;2;1;1;1;1;1;3;1;1;3;1;1;1;1;1;1;3;3;;;;;500000;;;;;;;;1;;;AHORRO A LA MANO;2
20230309;03;2023;7369042;1;1;01;76;1;1607.249789;76;1;1;2;1;2;1;1;1;3;1;1;3;2;1;1;1;1;1;3;3;;;;;300000;;;;;;;;1;;;NEQUI;3
20230309;03;2023;7369043;1;1;01;76;1;999.83811468;76;1;1;2;1;3;1;1;1;3;1;1;6;4;1;1;1;1;1;3;6;;;;600000;;;1;;;;;;;;;;7
20230309;03;2023;7369044;1;1;01;76;1;922.0623973;76;2;1;4;1;2;1;1;1;3;1;1;3;2;1;1;1;1;1;3;1;;;90000000;650000;;;1;;;;;;;;;;2
20230309;03;2023;7369045;1;1;01;76;1;684.2389059;76;1;1;4;1;2;1;1;1;3;1;1;3;1;1;1;1;1;1;3;1;;;100000000;550000;;;;;;;;;;1;;;1
20230309;03;2023;7369046;1;1;01;76;1;537.22324104;76;2;1;4;1;3;1;1;1;3;1;1;3;2;1;1;1;1;1;3;3;;;;;650000;;1;;;;;;;;;;2
20230309;03;2023;7369048;1;1;01;76;1;722.61781191;76;1;1;4;1;3;1;1;1;3;1;1;5;2;1;1;1;1;1;3;4;;;;600000;;;1;;;;;;;;;;3
20230309;03;2023;7369049;1;1;01;81;1;207.70390103;81;1;8;1;1;1;2;2;1;3;1;1;1;1;2;1;1;1;2;4;5;;;;200000;;;;;;;;;;1;;;2
20230309;03;2023;7369050;1;1;01;81;1;120.60476148;81;1;8;2;1;1;2;2;1;3;1;1;2;1;2;1;1;1;1;4;5;;;;150000;;;;;;;;;;1;;;4
20230309;03;2023;7369051;1;1;01;81;1;287.11031271;81;1;8;1;1;1;2;2;1;3;1;1;3;1;2;1;1;1;5;4;5;;;;200000;;;;;;;;;;1;;;2
20230309;03;2023;7369052;1;1;01;81;1;109.28882315;81;1;8;1;1;1;2;2;1;3;1;1;3;2;2;1;1;1;1;4;5;;;;300000;;;;;;;;;;1;;;7
20230309;03;2023;7369053;1;1;01;81;1;109.28882315;81;1;8;1;1;1;2;2;1;3;1;1;4;3;2;1;1;1;4;4;5;;;;200000;;;;;;;;;;1;;;10
20230309;03;2023;7369054;1;1;01;81;1;261.49216517;81;1;8;1;1;1;2;2;1;3;1;1;3;2;2;1;1;1;1;4;5;;;;200000;;;;;;;;;;1;;;5
20230309;03;2023;7369055;1;1;01;81;1;287.11031271;81;1;8;1;1;1;2;2;1;3;1;1;1;1;2;1;1;1;2;4;5;;;;200000;;;;;;;;;;1;;;2
20230309;03;2023;7369056;1;1;01;81;1;184.43078811;81;1;8;1;1;1;2;2;1;3;1;1;2;1;2;1;1;1;4;4;5;;;;300000;;;;;;;;;;1;;;4
20230309;03;2023;7369057;1;1;01;81;1;269.27635512;81;1;8;1;1;1;2;2;1;3;1;1;1;1;2;1;1;1;2;4;5;;;;100000;;;;;;;;;;1;;;2
20230309;03;2023;7369058;1;1;01;81;1;171.55304046;81;1;1;2;1;1;2;1;1;3;1;1;3;2;1;1;1;1;1;4;1;;;75000000;400000;;;1;;;;;;;;;;4
20230309;03;2023;7369059;1;1;01;81;1;191.72733165;81;1;1;4;1;1;2;1;1;3;1;1;2;1;1;1;1;1;1;4;4;;;;300000;;;;;;;;;;1;;;1
20230309;03;2023;7369060;1;1;01;81;1;226.09937126;81;2;1;4;1;1;2;1;1;3;1;1;2;1;1;1;1;1;1;4;3;;;;;400000;;1;;;;;;;;;;2
20230309;03;2023;7369061;1;1;01;81;1;167.26970564;81;1;1;2;1;1;2;1;1;3;1;1;3;2;1;1;1;1;1;4;4;;;;300000;;;1;;;;;;;;;;6
20230309;03;2023;7369062;1;1;01;81;1;226.09937126;81;2;1;4;1;1;2;1;1;3;1;1;3;1;1;1;1;1;1;4;4;;;;350000;;;;;;;;;;1;;;2
20230309;03;2023;7369063;1;1;01;81;1;252.48519247;81;1;1;4;1;1;2;1;1;3;1;1;3;1;1;1;1;1;3;4;3;;;;;500000;;1;;;;;;;;;;1
20230309;03;2023;7369064;1;1;01;81;1;151.29726884;81;2;1;2;1;1;1;1;1;3;1;1;3;2;1;1;1;1;1;4;4;;;;500000;;;1;;;;;;;;;;2
20230309;03;2023;7369065;1;1;01;81;1;151.29726884;81;2;1;4;1;1;2;1;1;3;1;1;2;1;1;1;1;1;1;4;3;;;;;500000;;1;;;;;1;;;;;2
20230309;03;2023;7369066;1;1;01;81;1;252.48519247;81;2;1;4;1;1;2;1;1;3;1;1;3;1;1;1;1;1;1;4;3;;;;;600000;;1;;;;;;;;;;1
20230309;03;2023;7369067;1;1;01;81;1;294.84345048;81;1;1;4;1;1;2;1;1;3;1;1;4;3;1;1;1;1;3;4;1;;;98;600000;;1;1;;;;1;1;;;;;4
20230309;03;2023;7369068;1;1;01;81;1;328.73949242;81;1;1;2;1;1;2;1;1;3;1;1;4;3;1;1;1;1;1;4;1;;;99;500000;;;1;;;;;;;;;;6
20230309;03;2023;7369069;1;1;01;81;1;136.4187701;81;1;1;2;1;1;2;1;1;3;1;1;4;3;1;1;1;1;3;4;4;;;;350000;;;;;;;;;;1;;;8
20230309;03;2023;7369070;1;1;01;81;1;222.12778305;81;2;1;4;1;1;2;1;1;3;1;1;3;2;1;1;1;1;1;4;3;;;;;400000;;1;;;;;;;;;;2
20230309;03;2023;7369071;1;1;01;81;1;317.89401065;81;1;1;2;1;1;2;1;1;3;1;1;4;3;1;1;1;1;1;4;1;;;98;300000;;;1;;;;;;;;;;4
20230309;03;2023;7369072;1;1;01;85;1;301.52994747;85;2;1;4;1;4;1;1;1;3;1;1;4;3;1;1;1;1;1;3;3;;;;;800000;;1;;;;;1;;;;;4
20230309;03;2023;7369073;1;1;01;85;1;301.8430709;85;1;1;4;1;4;1;1;1;3;1;1;3;2;1;1;1;1;1;3;1;;;150000000;600000;;;1;;;;;1;;;;;3
20230309;03;2023;7369074;1;1;01;85;1;164.45445244;85;2;1;4;1;4;1;1;1;3;1;1;2;1;1;1;1;1;1;3;3;;;;;450000;;1;;;;;;;;;;1
20230309;03;2023;7369075;1;1;01;85;1;244.89699441;85;2;1;4;1;4;1;1;1;3;1;1;3;2;1;1;1;1;1;3;3;;;;;410000;;1;;;;;;;;;;3
20230309;03;2023;7369076;1;1;01;85;1;233.14876167;85;1;1;4;1;4;1;1;1;3;1;1;6;2;1;1;1;1;1;3;1;;;1000000000;5000000;;1;1;;;;1;1;;;;;2
20230309;03;2023;7369077;1;1;01;85;1;164.45445244;85;2;1;4;1;4;1;1;1;3;1;1;2;1;1;1;1;1;1;3;1;;;99;400000;;;1;;;;;;;;;;1
20230309;03;2023;7369078;1;1;01;85;1;325.65265981;85;2;1;4;1;4;1;1;1;3;1;1;3;2;1;1;1;1;1;3;3;;;;;500000;;1;;;;;;;;;;4
20230309;03;2023;7369079;1;1;01;85;1;220.48519963;85;2;1;4;1;4;1;1;1;3;1;1;3;1;1;1;1;1;1;3;3;;;;;550000;;1;;;;;;;;;;1
20230309;03;2023;7369080;1;1;01;85;1;164.45445244;85;2;1;4;1;4;1;1;1;3;1;1;3;1;1;1;1;10;1;3;3;;;;;500000;;1;;;;1;1;;;;;1
20230309;03;2023;7369081;1;1;01;85;1;164.45445244;85;2;1;4;1;4;1;1;1;3;1;1;2;1;1;1;1;1;1;3;3;;;;;400000;;1;;;;;;;;;;1
20230309;03;2023;7369082;1;1;01;85;1;582.87190418;85;2;1;4;1;1;1;1;1;3;1;1;3;2;1;1;1;1;1;3;3;;;;;300000;;1;;;;;;;;;;2
20230309;03;2023;7369084;1;1;01;85;1;411.1361311;85;4;1;4;1;1;1;1;1;3;1;1;1;1;1;1;1;10;6;;3;;;;;270000;;;;;;;;;1;;;1
20230309;03;2023;7369085;1;1;01;85;1;754.60767725;85;2;1;4;1;1;1;1;1;3;1;1;3;2;1;1;1;1;1;3;3;;;;;650000;;1;;;;;;;;;;3
20230309;03;2023;7369086;1;1;01;85;1;411.1361311;85;2;1;4;1;1;1;1;1;3;1;1;2;1;1;1;1;1;1;3;4;;;;500000;;;1;;;;;;;;;;1
20230309;03;2023;7369087;1;1;01;85;1;596.80443776;85;3;1;4;1;2;1;1;1;3;1;1;1;1;1;1;1;1;6;;3;;;;;250000;;1;;;;;;;;;;2
20230309;03;2023;7369088;1;1;01;85;1;164.45445244;85;3;1;4;1;4;1;1;1;3;1;1;1;1;1;1;1;1;6;;3;;;;;340000;;1;;;;;;;;;;1
20230309;03;2023;7369089;1;1;01;86;1;121.47891837;86;2;1;4;1;1;2;1;1;2;1;1;3;2;1;1;1;1;3;4;3;;;;;99;;1;;;;;;;;;;3
20230309;03;2023;7369090;1;1;01;86;1;159.27383421;86;2;1;4;1;1;2;1;1;2;1;1;5;1;1;1;1;1;1;4;3;;;;;200000;;;;;;;;;1;;;3
20230309;03;2023;7369091;1;1;01;86;1;216.43957823;86;1;1;2;1;1;2;1;1;2;1;1;3;2;1;1;1;1;3;4;3;;;;;99;;1;;;;;;;;;;3
20230309;03;2023;7369092;1;1;01;86;1;140.77358833;86;2;1;4;1;1;2;1;1;2;1;1;5;1;1;1;1;1;1;4;3;;;;;98;;;;;;;;;1;;;1
20230309;03;2023;7369093;1;1;01;86;1;106.9754458;86;1;1;2;1;1;2;1;1;2;1;1;6;2;1;1;1;1;1;4;3;;;;;98;;;;;;;;;1;;;2
20230309;03;2023;7369094;1;1;01;86;1;102.10809019;86;2;1;4;1;1;2;1;1;2;1;1;5;2;1;1;1;1;1;4;3;;;;;98;;;;;;;;;1;;;3
20230309;03;2023;7369095;1;1;01;86;1;93.599082673;86;1;1;4;1;1;1;1;1;2;1;1;3;2;1;1;1;1;3;3;1;;;99;99;;;1;;;;;;;;;;3
20230309;03;2023;7369097;1;1;01;86;1;98.06082532;86;2;1;4;1;1;2;1;1;2;1;1;5;1;1;1;1;1;1;4;7;CASA DE UN FAMILIAR NO PAGA ARRIENDO;;;98;;;1;;;;;;;;;;2
20230309;03;2023;7369098;1;1;01;86;1;98.06082532;86;2;1;4;1;1;1;1;1;2;1;1;3;1;1;1;1;1;3;4;3;;;;;99;;1;;;;;;;;;;2
20230309;03;2023;7369099;1;1;01;86;1;129.04245597;86;2;1;4;1;1;2;1;1;2;1;1;3;1;1;1;1;1;3;4;4;;;;99;;;1;;;;;;;;;;1
20230309;03;2023;7369100;1;1;01;86;1;98.06082532;86;1;1;4;1;1;1;1;1;2;1;1;3;2;1;1;1;1;3;3;3;;;;;99;;1;;;;;;;;;;2
20230309;03;2023;7369101;1;1;01;86;1;70.60379423;86;2;1;4;1;1;1;1;1;2;1;1;2;1;1;1;1;1;3;3;3;;;;;99;;1;;;;;;;;;;2
20230309;03;2023;7369102;1;1;01;86;1;108.33318528;86;2;1;4;1;1;2;1;1;2;1;1;3;1;1;1;1;1;3;4;3;;;;;99;;1;;;;;;;;;;2
20230309;03;2023;7369103;1;1;01;86;1;70.60379423;86;1;1;4;1;1;1;1;1;2;1;1;3;1;1;1;1;1;3;4;1;;;99;99;;;1;;;;;;;;;;2
20230309;03;2023;7369104;1;1;01;86;1;48.297020161;86;1;1;4;1;1;1;1;1;2;1;1;3;2;1;1;1;1;3;4;1;;;99;99;;;1;;;;;;;;;;3
20230309;03;2023;7369105;1;1;01;86;1;67.391339525;86;1;1;4;1;1;1;1;1;2;1;1;7;2;1;1;1;1;1;3;3;;;;;700000;1;1;;;;;;;;;;3
20230309;03;2023;7369106;1;1;01;88;1;26.152680595;88;2;1;4;1;4;2;1;1;3;1;1;2;1;1;1;1;6;3;4;1;;;99;1500000;;;1;;;;;;;;;;1
20230309;03;2023;7369107;1;1;01;88;1;37.635689936;88;1;1;2;1;1;2;2;1;3;2;1;3;2;2;1;1;10;3;4;3;;;;;300000;;1;;;;;;;;;;2
20230309;03;2023;7369108;1;1;01;88;1;49.767151674;88;3;1;4;1;3;2;2;1;3;2;1;1;1;2;1;1;10;2;4;4;;;;98;;;1;;;;;;;;;;5
20230309;03;2023;7369109;1;1;01;88;1;39.597151415;88;2;1;4;1;2;2;2;1;3;2;1;3;2;2;1;1;10;3;4;3;;;;;800000;;1;;;;;;;;;;4
20230309;03;2023;7369110;1;1;01;88;1;28.307185593;88;2;1;4;1;2;2;2;1;3;2;1;3;2;2;1;1;10;3;4;1;;;99;800000;;;1;;;;;;;;;;2
20230309;03;2023;7369111;1;1;01;88;1;26.152680595;88;2;1;4;1;4;2;1;1;3;1;1;3;1;1;1;1;10;1;4;1;;;99;1500000;;;1;;;;;;;;;;1
20230309;03;2023;7369112;1;1;01;88;1;30.130428565;88;2;1;4;1;2;2;2;1;3;2;1;3;1;2;1;1;10;3;4;1;;;98;99;;;1;;;;;;;;;;1
20230309;03;2023;7369113;1;1;01;88;1;37.635689936;88;2;1;4;1;2;2;2;1;3;2;1;3;1;2;1;1;10;3;4;1;;;98;500000;;;1;;;;;;;;;;2
20230309;03;2023;7369114;1;1;01;88;1;61.951771961;88;1;5;4;1;1;2;2;1;3;2;1;4;3;2;1;1;10;3;4;1;;;98;500000;;;1;;;;;;;;;;5
20230309;03;2023;7369115;1;1;01;88;1;46.041100263;88;2;1;4;1;1;2;2;1;3;2;1;3;1;2;1;1;10;3;4;3;;;;;500000;;1;;;;;;;;;;3
20230309;03;2023;7369116;1;1;01;88;1;34.93868784;88;2;1;4;1;3;2;2;1;3;2;1;4;2;2;1;1;10;1;4;1;;;98;900000;;;1;;;;;;;;;;3
20230309;03;2023;7369117;1;1;01;88;1;28.307185593;88;2;1;4;1;3;2;2;1;3;2;1;3;1;2;1;1;10;1;4;4;;;;500000;;;1;;;;;;;;;;2
20230309;03;2023;7369118;1;1;01;88;1;38.744711993;88;2;1;4;1;2;2;2;1;3;2;1;2;1;2;1;1;10;1;4;3;;;;;800000;;1;;;;;;;;;;1
20230309;03;2023;7369119;1;1;01;88;1;22.352718457;88;2;1;4;1;3;2;2;1;3;2;1;2;1;2;1;1;10;3;4;1;;;120000000;900000;;;1;;;;;;;;;;1
20230309;03;2023;7369120;1;1;01;88;1;55.063091436;88;1;1;4;1;3;2;2;1;3;2;1;2;1;2;1;1;10;3;4;1;;;98;1200000;;;1;;;;;;;;;;4
20230309;03;2023;7369121;1;1;01;88;1;33.119407143;88;2;1;4;1;6;2;1;1;3;1;1;4;1;1;1;1;10;1;4;1;;;99;2000000;;;1;;;;;;;;;;2
20230309;03;2023;7369122;1;1;01;88;1;47.691308902;88;2;1;4;1;2;2;2;1;3;1;1;3;2;2;1;1;10;3;4;4;;;;900000;;;;;;;;;;1;;;3
20230309;03;2023;7369123;1;1;01;88;1;30.93390666;88;1;2;3;1;2;2;2;1;3;1;1;3;1;2;1;1;10;1;4;1;;;99;1000000;;;;;;;;;;1;;;1
20230309;03;2023;7369124;1;1;01;88;1;30.511460694;88;2;1;4;1;2;2;2;1;3;1;1;3;1;2;1;1;10;1;4;4;;;;1000000;;;1;;;;;;;;;;1
20230309;03;2023;7369125;1;1;01;88;1;41.105490531;88;2;1;4;1;3;2;2;1;3;2;1;3;2;2;1;1;10;3;4;4;;;;98;;;1;;;;;;;;;;4
20230309;03;2023;7369126;1;1;01;88;1;57.033147504;88;2;1;2;1;2;2;2;1;3;1;1;3;2;2;1;1;10;3;4;4;;;;700000;;;;;;;;;;1;;;4
20230309;03;2023;7369127;1;1;01;88;1;47.268862936;88;2;1;4;1;2;2;2;1;3;1;1;3;2;2;1;1;10;1;4;3;;;;;400000;;1;;;;;;;;;;3
20230309;03;2023;7369128;1;1;01;88;1;48.403592901;88;2;1;4;1;2;2;2;1;3;1;1;2;1;2;2;1;10;1;4;3;;;;;350000;;;;;;;;;1;;;3
20230309;03;2023;7369129;1;1;01;88;1;22.352718457;88;2;1;2;1;3;2;2;1;3;2;1;1;1;2;1;1;10;6;;1;;;99;99;;;1;;;;;;;;;;1
20230309;03;2023;7369130;1;1;01;88;1;51.680242828;88;2;1;4;1;3;2;2;1;3;2;1;3;1;2;1;1;10;1;4;4;;;;1000000;;;1;;;;;;;;;;2
20230309;03;2023;7369131;1;1;01;88;1;49.06578836;88;2;1;4;1;2;2;2;1;3;2;1;3;2;2;1;1;10;1;4;4;;;;1000000;;;;;;;;;;1;;;2
20230309;03;2023;7369132;1;1;01;88;1;38.744711993;88;3;1;4;1;2;2;2;1;3;2;1;1;1;2;1;1;10;2;4;3;;;;;300000;;1;;;;;;;;;;1
20230309;03;2023;7369133;1;1;01;88;1;38.744711993;88;2;1;4;1;2;2;2;1;3;2;1;2;1;2;1;1;10;1;4;4;;;;300000;;;;;;;;;;1;;;1
20230309;03;2023;7369134;1;1;01;88;1;49.602227682;88;2;1;4;1;2;2;2;1;3;2;1;3;2;2;1;1;10;1;4;3;;;;;450000;;1;;;;;;;;;;2
20230309;03;2023;7369135;1;1;01;88;1;38.744711993;88;1;1;4;1;2;2;2;1;3;2;1;3;1;2;1;1;10;1;4;1;;;99;500000;;;1;;;;;;;;;;1
20230309;03;2023;7369136;1;1;01;88;1;33.952168504;88;2;1;4;1;3;2;2;1;3;2;1;3;2;2;1;1;10;2;4;1;;;99;98;;;1;;;;;;;;;;3
20230309;03;2023;7369137;1;1;01;88;1;34.93868784;88;2;1;4;1;3;2;2;1;3;2;1;3;2;2;1;1;10;3;4;1;;;98;98;;;1;;;;;;;;;;3
20230309;03;2023;7369138;1;1;01;88;1;41.758938269;88;3;5;2;1;1;2;2;1;3;2;1;1;1;2;2;1;10;2;4;3;;;;;250000;;1;;;;;;;;;;3
20230309;03;2023;7369139;1;1;01;88;1;32.690850744;88;2;1;4;1;2;2;2;1;3;1;1;2;1;2;1;1;10;1;4;3;;;;;700000;;1;;;;;1;;;;;1
20230309;03;2023;7369140;1;1;01;88;1;25.829807995;88;3;5;4;1;1;2;2;1;3;2;1;1;1;2;2;1;10;2;4;1;;;99;300000;;;;;;;;;;1;;;1
20230309;03;2023;7369141;1;1;01;88;1;40.015968623;88;3;1;4;1;1;2;2;1;3;2;1;2;1;2;2;1;10;4;4;3;;;;;300000;;1;;;;;;;;;;3
20230309;03;2023;7369142;1;1;01;88;1;40.946638252;88;2;1;4;1;2;2;2;1;3;1;1;3;2;2;1;1;10;1;4;1;;;99;900000;;;1;;;;;;;;;;2
20230309;03;2023;7369143;1;1;01;88;1;48.282029633;88;2;5;4;1;1;2;2;1;3;2;1;4;2;2;1;1;10;4;4;1;;;50000000;500000;;;;;;;;;;1;;;4
20230309;03;2023;7369144;1;1;01;88;1;55.162747211;88;1;1;4;1;2;2;2;1;3;2;1;2;2;2;1;1;10;3;4;1;;;98;900000;;;1;;;;;;;;;;5
20230309;03;2023;7369145;1;1;01;88;1;46.896686202;88;1;5;1;1;1;2;2;1;3;2;1;2;1;2;1;1;10;4;4;2;;500000;98;800000;;;1;;;;;;;;;;4
20230309;03;2023;7369146;1;1;01;88;1;36.781515879;88;2;1;4;1;2;2;2;1;3;2;1;3;2;2;1;1;10;3;4;1;;;22000000;300000;;;1;;;;;;;;;;3
20230309;03;2023;7369147;1;1;01;88;1;29.460863486;88;2;1;4;1;4;2;1;1;7;1;1;4;1;1;1;1;10;1;4;4;;;;2500000;;1;1;;;;;;;;;;1
20230309;03;2023;7369148;1;1;01;88;1;24.215444995;88;2;1;4;1;1;2;2;1;3;2;1;2;1;2;1;1;10;3;1;1;;;99;99;;;;;;;;;;1;;;1
20230309;03;2023;7369149;1;1;01;91;1;61.815949734;91;4;5;3;1;1;2;2;1;3;1;1;2;2;3;1;1;1;5;5;3;;;;;200000;;;;;;;;;1;;;5
20230309;03;2023;7369150;1;1;01;91;1;112.11576041;91;1;5;3;1;1;1;2;1;3;1;1;1;1;3;1;1;1;5;5;4;;;;300000;;;;;;;;;;1;;;1
20230309;03;2023;7369151;1;1;01;91;1;45.18278718;91;2;1;4;1;2;2;2;1;3;2;1;4;3;2;1;1;10;1;4;1;;;90000000;1000000;;;;;;;;;;1;;;5
20230309;03;2023;7369152;1;1;01;91;1;64.677461572;91;4;5;3;1;1;2;2;1;3;1;1;1;1;3;1;1;1;3;4;3;;;;;200000;;1;;;;;;;;;;5
20230309;03;2023;7369153;1;1;01;91;1;121.74985283;91;3;1;2;1;2;2;2;1;3;2;1;1;1;2;1;1;10;2;4;3;;;;;300000;;;;;;;;;1;;;3
20230309;03;2023;7369154;1;1;01;95;1;115.79224176;95;1;5;3;1;1;2;2;1;2;2;1;3;2;3;1;1;3;4;4;5;;;;350000;;;;;;;;;;1;;;3
20230309;03;2023;7369155;1;1;01;95;1;85.299504804;95;2;1;2;1;1;2;2;1;2;1;2;3;2;3;2;1;1;3;4;5;;;;200000;;;;;;;;;;1;;;2
20230309;03;2023;7369155;2;2;01;95;1;85.299504804;95;2;1;2;1;1;2;2;1;2;1;2;2;2;3;2;1;3;3;4;4;;;;200000;;;;;;;;;;1;;;3
20230309;03;2023;7369156;1;1;01;95;1;164.23516455;95;1;1;4;1;2;1;1;1;2;1;1;4;2;1;1;1;1;3;3;1;;;140000000;500000;;;1;;;;;;;;;;3
20230309;03;2023;7369157;1;1;01;95;1;168.67164199;95;1;1;4;1;2;1;1;1;2;1;1;3;2;1;1;1;1;3;3;2;;600000;85000000;500000;;;1;;1;;;;;;;;3
20230309;03;2023;7369158;1;1;01;95;1;136.14839006;95;1;1;4;1;2;1;1;1;2;1;1;4;3;1;1;1;1;3;3;2;;800000;74000000;600000;;;1;;1;;1;;;;;;4
20230309;03;2023;7369159;1;1;01;95;1;89.428527495;95;1;1;4;1;2;1;1;1;2;1;1;4;1;1;1;1;1;3;3;2;;99;90000000;500000;;;1;;;;;;;;;;1
20230309;03;2023;7369160;1;1;01;95;1;120.2328307;95;1;1;4;1;2;1;1;1;2;1;1;4;1;1;1;1;1;3;4;3;;;;;650000;;;;;;;;;1;;;3
20230309;03;2023;7369161;1;1;01;95;1;77.178101455;95;1;5;3;1;1;2;2;1;2;2;1;3;2;3;1;1;3;4;4;3;;;;;300000;;;;;;;;;1;;;3
20230309;03;2023;7369162;1;1;01;95;1;149.8407553;95;1;5;3;1;1;2;2;1;2;1;1;4;3;3;1;1;3;3;4;3;;;;;150000;;;;;;;;;1;;;4
20230309;03;2023;7369163;1;1;01;95;1;47.695214664;95;4;5;3;1;1;2;2;1;2;2;1;2;1;3;1;1;3;4;4;3;;;;;100000;;;;;;;;;1;;;1
20230309;03;2023;7369164;1;1;01;95;1;153.26949039;95;1;1;4;1;2;2;1;1;2;1;1;4;1;1;1;1;1;3;4;2;;840000;120000000;1000000;;;1;;1;;;;;;;;2
20230309;03;2023;7369165;1;1;01;95;1;86.963443258;95;3;1;4;1;2;1;1;1;2;1;1;2;1;1;2;1;1;6;;3;;;;;200000;;1;;;;1;;;;;;1
20230309;03;2023;7369166;1;1;01;95;1;103.07711455;95;2;1;4;1;2;2;1;1;2;1;1;2;1;1;1;1;1;3;4;3;;;;;350000;;;;;;;;;1;;;3
20230309;03;2023;7369167;1;1;01;95;1;153.26949039;95;1;1;4;1;2;1;1;1;2;1;1;3;1;1;1;1;1;3;3;3;;;;;500000;;1;;;;1;1;;;;;2
20230309;03;2023;7369168;1;1;01;95;1;47.695214664;95;4;5;3;1;1;2;2;1;2;2;1;2;1;3;2;1;3;4;4;5;;;;150000;;;;;;;;;;1;;;1
20230309;03;2023;7369169;1;1;01;95;1;75.895368661;95;1;5;3;1;1;2;2;1;2;1;1;3;1;3;1;1;1;6;;4;;;;300000;;;;;;;;;;1;;;1
20230309;03;2023;7369170;1;1;01;97;1;14.737525533;97;1;5;3;1;1;2;1;1;2;1;1;3;2;1;1;1;1;1;1;4;;;;300000;;;1;;;;;;;;;;5
20230309;03;2023;7369171;1;1;01;97;1;13.188370843;97;2;1;2;1;1;2;1;1;2;1;1;2;1;1;1;1;10;2;4;3;;;;;450000;;1;;;;;;;;;;2
20230309;03;2023;7369172;1;1;01;97;1;12.281271277;97;1;1;2;1;1;2;1;1;2;1;1;6;3;1;1;1;5;1;5;1;;;50000000;200000;;;1;;;;;;;;;;4
20230309;03;2023;7369173;1;1;01;97;1;12.281271277;97;2;1;2;1;1;2;1;1;2;1;1;2;1;1;1;1;10;2;1;3;;;;;550000;;1;;;;;;;;;;1
20230309;03;2023;7369174;1;1;01;97;1;13.188370843;97;2;1;4;1;1;2;1;1;2;1;1;2;1;1;1;1;10;1;4;3;;;;;600000;;1;;;;;;;;;;2
20230309;03;2023;7369175;1;1;01;97;1;12.281271277;97;1;1;2;1;1;2;1;1;2;1;1;3;2;1;1;1;10;1;1;5;;;;400000;;;1;;;;;;;;;;5
20230309;03;2023;7369176;1;1;01;97;1;12.281271277;97;2;1;4;1;1;2;1;1;1;1;1;2;1;1;1;1;10;3;1;3;;;;;550000;;1;;;;;;;;;;1
20230309;03;2023;7369177;1;1;01;97;1;12.281271277;97;2;1;2;1;1;2;1;1;2;1;1;3;1;1;1;1;10;3;1;3;;;;;550000;;1;;;;;;;;;;1
20230309;03;2023;7369178;1;1;01;97;1;11.078231508;97;1;1;2;1;1;2;1;1;2;1;1;2;2;1;1;1;5;1;1;1;;;80000000;600000;;;1;;;;;;;;;;2
20230309;03;2023;7369179;1;1;01;97;1;27.587906426;97;1;5;3;1;1;2;1;1;2;1;1;1;1;1;1;1;5;2;1;5;;;;200000;;;;;;;;;;1;;;1
20230309;03;2023;7369180;1;1;01;97;1;14.737525533;97;1;1;2;1;2;2;1;1;2;1;1;3;2;1;1;1;10;3;4;3;;;;;500000;;1;;;;;;;;;;3
20230309;03;2023;7369181;1;1;01;97;1;10.316267873;97;1;5;2;1;1;2;1;1;2;1;1;2;1;1;1;1;5;1;1;1;;;15000000;300000;;;1;;;;;;;;;;5
20230309;03;2023;7369182;1;1;01;97;1;27.587906426;97;1;5;3;1;1;2;2;1;2;2;1;2;1;6;;1;5;1;1;1;;;98;98;;;;;;;;;;1;;;1
20230309;03;2023;7369183;1;1;01;97;1;84.003895538;97;1;5;2;1;2;2;1;1;2;1;1;6;5;1;1;1;10;1;4;1;;;150000000;500000;;;1;;;;;;;;;;9
20230309;03;2023;7369184;1;1;01;97;1;14.737525533;97;1;2;6;1;2;2;1;1;2;1;1;4;2;1;1;1;10;1;1;3;;;;;500000;;;;;;1;;;;;;3
20230309;03;2023;7369185;1;1;01;97;1;14.737525533;97;1;1;4;1;2;2;1;1;2;1;1;3;2;1;1;1;10;1;4;1;;;200000000;1500000;;;1;;;;;1;;;;;3
20230309;03;2023;7369186;1;1;01;97;1;15.826045012;97;1;1;4;1;2;2;1;1;2;1;1;7;1;1;1;1;10;1;4;1;;;250000000;2000000;;;1;;;1;;1;;;;;2
20230309;03;2023;7369188;1;1;01;97;1;32.842745746;97;2;1;2;1;1;2;1;1;2;1;1;4;1;1;1;1;10;1;4;3;;;;;650000;;1;;;;;1;;;;;1
20230309;03;2023;7369189;1;1;01;97;1;15.826045012;97;1;1;2;1;2;2;1;1;2;1;1;4;3;1;1;1;10;1;4;1;;;80000000;500000;;;1;;;;;;;;;;2
20230309;03;2023;7369190;1;1;01;97;1;126.00584331;97;1;1;2;1;1;2;1;1;2;1;1;5;3;1;1;1;5;1;1;1;;;110000000;1000000;;;1;;;;;;;;;;5
20230309;03;2023;7369191;1;1;01;97;1;22.106288299;97;1;1;4;1;1;2;1;1;2;1;1;3;2;1;1;1;10;1;1;3;;;;;1100000;;1;;;;;;;;;;4
20230309;03;2023;7369192;1;1;01;97;1;23.739067517;97;1;5;2;1;1;2;1;1;2;1;1;4;2;1;1;1;5;1;1;6;;;;200000;;;;;;;;;;1;;;2
20230309;03;2023;7369193;1;1;01;97;1;22.106288299;97;1;5;2;1;1;2;1;1;2;1;1;5;4;1;1;1;5;1;1;1;;;20000000;100000;;;;;;;;;;1;;;5
20230309;03;2023;7369194;1;1;01;97;1;10.316267873;97;1;2;3;1;1;2;1;1;2;1;1;3;2;1;1;1;5;1;4;1;;;80000000;800000;;;1;;;;;;;;;;4
20230309;03;2023;7369195;1;1;01;99;1;70.631030528;99;1;1;2;1;1;2;2;1;2;1;1;2;1;2;1;1;1;1;4;1;;;98;300000;;;;;;;;;;1;;;2
20230309;03;2023;7369196;1;1;01;99;1;24.894253598;99;2;1;4;1;1;2;1;1;2;1;1;2;1;2;1;1;1;1;4;3;;;;;400000;;1;;;;;;;;;;3
20230309;03;2023;7369197;1;1;01;99;1;52.730128268;99;1;1;2;1;1;2;1;1;2;1;1;2;1;2;1;1;1;1;4;3;;;;;250000;;;;;;;;;1;;;3
20230309;03;2023;7369198;1;1;01;99;1;59.890463435;99;1;1;2;1;1;2;1;1;2;1;1;2;1;2;1;1;1;1;4;3;;;;;300000;;1;;;;;;;;;;1
20230309;03;2023;7369200;1;1;01;99;1;27.934821435;99;1;1;2;1;0;2;2;1;2;2;1;2;2;2;1;1;3;1;4;5;;;;250000;;;1;;;;;;;;;;6
20230309;03;2023;7369201;1;1;01;99;1;62.367601593;99;1;1;2;1;0;2;2;1;2;2;1;3;2;2;1;1;3;1;4;5;;;;600000;;;1;;;;;;;;;;3
20230309;03;2023;7369202;1;1;01;99;1;96.31504163;99;1;1;2;1;1;2;2;1;2;2;1;2;1;2;1;1;3;1;4;5;;;;300000;;;1;;;;;;;;;;2
20230309;03;2023;7369203;1;1;01;99;1;81.668813775;99;4;1;4;1;1;2;2;1;2;2;1;1;1;2;1;1;3;6;;3;;;;;350000;;1;;;;1;;;;;;1
20230309;03;2023;7369204;1;1;01;99;1;92.304470753;99;2;1;2;1;0;2;2;1;2;2;1;2;1;2;1;1;3;1;4;3;;;;;400000;;1;;;;;;;;;;1
20230309;03;2023;7369205;1;1;01;99;1;53.702046388;99;1;1;4;1;0;2;2;1;2;2;1;4;3;2;1;1;3;1;4;5;;;;800000;;;1;;;;;;;;;;5
20230313;03;2023;7369206;1;1;01;;1;300.83663223;18;1;1;2;1;1;1;1;1;3;1;1;1;1;1;1;1;1;1;3;3;;;;;100000;;;;;;;;;1;;;4
20230313;03;2023;7369207;1;1;01;;1;199.84765385;18;1;5;1;1;1;1;1;1;3;1;1;3;2;1;1;1;1;1;3;4;;;;100000;;;;;;;;;;1;;;4
20230313;03;2023;7369208;1;1;01;;1;223.69562929;18;1;1;2;1;1;1;1;1;3;1;1;3;1;1;1;1;1;1;3;3;;;;;150000;;1;;;;;;;;;;1
20230313;03;2023;7369209;1;1;01;;1;404.31800063;18;1;5;2;1;1;1;1;1;3;1;1;3;2;1;1;1;1;4;3;5;;;;100000;;;1;;;;;;;;;;4
20230313;03;2023;7369210;1;1;01;;1;192.17462657;18;1;5;2;1;1;1;1;1;3;1;1;3;1;1;1;1;1;1;3;4;;;;140000;;;;;;;;;;1;;;1
20230313;03;2023;7369211;1;1;01;;1;548.20889236;18;1;5;2;1;1;1;1;1;3;1;1;4;3;1;1;1;1;1;3;4;;;;200000;;;;;;;;;;1;;;6
20230313;03;2023;7369212;1;1;01;;1;300.17343988;18;1;1;2;1;1;2;1;1;3;1;1;3;2;1;1;1;1;1;4;3;;;;;250000;;;;;;;;;1;;;3
20230313;03;2023;7369213;1;1;01;;1;588.04654846;18;1;5;2;1;1;1;1;1;3;1;1;3;1;1;1;1;1;1;3;4;;;;150000;;;;;;;;;;1;;;3
20230313;03;2023;7369214;1;1;01;;1;412.29081404;18;1;5;2;1;1;1;1;1;3;1;1;3;2;1;1;1;1;1;3;1;;;25000000;100000;;;1;;;;;;;;;;5
20230313;03;2023;7369215;1;1;01;;1;303.89553745;18;1;5;1;1;1;1;1;1;3;1;1;3;2;1;1;1;1;1;3;5;;;;150000;;;;;;;;;;1;;;2
20230313;03;2023;7369217;1;1;01;;1;329.26701126;18;1;1;4;1;2;1;1;1;3;1;1;3;2;1;1;1;1;1;3;3;;;;;250000;;1;;;;;;;;;;4
20230313;03;2023;7369218;1;1;01;;1;467.84528309;18;1;1;2;1;1;1;1;1;3;1;1;2;1;1;1;1;1;1;3;1;;;30000000;200000;;;1;;;;1;;;;;;4
20230313;03;2023;7369219;1;1;01;;1;185.07406502;18;1;1;2;1;2;1;1;1;3;1;1;3;2;1;1;1;1;4;3;1;;;20000000;200000;;;;;;;;;;1;;;2
20230313;03;2023;7369220;1;1;01;;1;201.32606636;18;1;1;2;1;1;1;1;1;3;1;1;3;1;1;1;1;1;1;4;4;;;;100000;;;;;;;;;;1;;;1
20230313;03;2023;7369221;1;1;01;;1;201.32606636;18;1;5;2;1;1;1;1;1;3;1;1;2;1;1;1;1;1;1;3;3;;;;;120000;;;;;;;;;1;;;1
20230313;03;2023;7369222;1;1;01;;1;353.57021328;18;1;1;2;1;1;1;1;1;3;1;1;3;2;1;1;1;1;1;3;4;;;;200000;;;;;;;;;;1;;;2
20230313;03;2023;7369223;1;1;01;;1;315.60113617;18;1;1;2;1;1;1;1;1;3;1;1;3;2;1;1;1;1;1;3;3;;;;;150000;;;;;;;;;1;;;3
20230313;03;2023;7369224;1;1;01;;1;402.84089782;18;1;1;2;1;1;1;1;1;3;1;1;4;3;1;1;1;1;1;3;3;;;;;200000;;;;;;;;;1;;;4
20230313;03;2023;7369225;1;1;01;;1;467.84528309;18;1;5;2;1;1;1;1;1;3;1;1;3;2;1;1;1;1;1;3;3;;;;;180000;;;;;;;;;1;;;4
20230313;03;2023;7369226;1;1;01;;1;243.94492422;18;1;1;2;1;1;1;1;1;3;1;1;1;1;1;1;1;1;1;3;1;;;16000000;100000;;;;;;;;;;1;;;3
20230313;03;2023;7369227;1;1;01;;2;508.64494648;66;1;1;4;1;1;2;2;2;;1;1;4;3;2;1;4;1;1;4;1;;;80000000;300000;;;1;;;;1;;;;;;3
20230313;03;2023;7369228;1;1;01;;2;320.76088982;66;1;1;4;1;1;2;2;2;;1;1;4;1;2;1;5;1;1;4;1;;;90000000;800000;;;1;;;;;;;;;;2
20230313;03;2023;7369229;1;1;01;;2;306.97931317;66;1;1;4;1;1;2;2;2;;1;1;4;2;2;1;5;1;1;4;1;;;200000000;350000;;;1;;;;;;;;;;3
20230313;03;2023;7369230;1;1;01;;2;342.92177555;66;1;1;2;1;2;2;2;2;;1;1;2;1;2;1;5;1;1;4;1;;;80000000;250000;;;1;;;;;;;;;;1
20230313;03;2023;7369231;1;1;01;;2;320.76088982;66;1;1;2;1;1;2;2;2;;1;1;3;2;2;1;4;1;1;4;4;;;;500000;;;;;;;;;;1;;;2
20230313;03;2023;7369232;1;1;01;;2;320.76088982;66;1;1;4;1;1;2;2;2;;1;1;2;1;2;1;4;1;1;4;4;;;;150000;;;;;;;;;;1;;;2
20230313;03;2023;7369233;1;1;01;;2;253.62812636;66;1;1;4;1;1;2;2;2;;1;1;4;2;2;1;5;1;1;4;1;;;100000000;400000;;;1;;;;;;;;;;2
20230313;03;2023;7369234;1;1;01;;2;342.92177555;66;1;1;4;1;1;2;2;2;;1;1;3;1;2;1;5;1;1;4;1;;;180000000;400000;;;1;;;;;;;;;;1
20230313;03;2023;7369235;1;1;01;;2;374.33635699;66;1;4;2;1;1;2;2;2;;1;1;5;3;2;1;3;1;1;4;1;;;80000000;300000;;;1;;;;1;;;;;;4
20230313;03;2023;7369236;1;1;01;;2;396.49724272;66;1;1;2;1;1;2;2;2;;1;1;3;2;2;1;4;1;1;4;3;;;;;450000;;1;;;;;;;;;;3
20230313;03;2023;7369237;1;1;01;;2;306.26327032;66;1;4;2;1;1;2;2;2;;1;1;3;1;2;1;5;1;1;4;3;;;;;150000;;1;;;;;;;;;;1
20230313;03;2023;7369238;1;1;01;;2;253.62812636;66;1;1;4;1;1;2;2;2;;1;1;3;1;2;1;4;1;1;4;4;;;;400000;;;1;;;;1;1;;;;;1
20230313;03;2023;7369239;1;1;01;;2;248.18341694;66;1;1;2;1;1;2;2;2;;1;1;3;2;2;1;3;1;1;4;4;;;;300000;;;1;;;;;;;;;;5
20230313;03;2023;7369240;1;1;01;;2;98.539858748;66;1;1;2;1;1;2;2;2;;1;1;3;1;2;1;5;1;1;4;4;;;;400000;;;;;;;;;;1;;;2
20230313;03;2023;7369242;1;1;01;;2;258.42417248;66;1;2;1;1;1;2;2;2;;1;1;3;2;2;1;5;1;1;4;3;;;;;150000;;;;;;;;;1;;;6
20230313;03;2023;7369243;1;1;01;;2;157.34884416;66;1;1;4;1;1;2;2;2;;1;1;2;2;2;1;3;1;1;4;1;;;60000000;350000;;;1;;;;;;;;;;3
20230313;03;2023;7369244;1;1;01;;2;138.24272667;66;1;1;2;1;1;2;2;2;;1;1;3;1;2;1;5;1;1;4;4;;;;150000;;;;;;;;;;1;;;3
20230313;03;2023;7369245;1;1;01;;2;143.10624426;66;1;1;2;1;1;2;2;2;;1;1;3;2;2;1;5;1;1;4;4;;;;500000;;;;;;;;;;1;;;3
20230313;03;2023;7369246;1;1;01;;2;166.9144564;66;1;1;2;1;1;2;2;2;;1;1;2;1;2;1;3;1;1;4;1;;;50000000;300000;;;1;;;;;;;;;;1
20230313;03;2023;7369247;1;1;01;;2;250.88274733;66;1;1;2;1;1;2;2;2;;1;1;3;1;2;1;5;1;1;4;3;;;;;380000;;;;;;;;;1;;;4
20230313;03;2023;7369248;1;1;01;;2;236.45610683;66;1;1;4;1;1;2;2;2;;1;1;3;2;2;1;3;1;1;4;3;;;;;550000;;1;;;;;;;;;;3
20230311;03;2023;7369249;1;1;01;;1;298.40287365;05;2;1;4;1;2;2;1;1;3;1;1;4;2;1;1;1;1;1;4;4;;;;700000;;;1;;;;;1;;;;;2
20230311;03;2023;7369250;1;1;01;;1;469.52952291;05;2;1;4;1;2;1;1;1;3;1;2;4;1;1;1;1;1;1;3;1;;;100000000;800000;;;1;;;;;;;;;;1
20230311;03;2023;7369250;2;2;01;;1;469.52952291;05;2;1;4;1;2;1;1;1;3;1;2;1;1;1;1;1;1;6;;3;;;;;300000;;;;;;;;;1;;;1
20230311;03;2023;7369251;1;1;01;;1;338.86578162;05;2;1;4;1;2;1;1;1;3;1;1;4;1;1;1;1;1;1;3;1;;;200000000;900000;;;1;;;;;;;;;;2
20230311;03;2023;7369252;1;1;01;;1;338.86578162;05;2;1;4;1;2;1;1;1;3;1;1;4;1;1;1;1;1;1;3;1;;;60000000;500000;;;;;;;;;;1;;;2
20230311;03;2023;7369253;1;1;01;;1;352.06855584;05;2;1;4;1;2;1;1;1;3;1;1;4;3;1;1;1;1;1;3;4;;;;950000;;;1;;;;;;;;;;3
20230311;03;2023;7369254;1;1;01;;1;137.03681949;05;2;1;4;1;2;1;1;1;3;1;1;4;3;1;1;1;1;1;3;1;;;180000000;900000;;;1;;;;;;;;;;6
20230311;03;2023;7369255;1;1;01;;1;180.66998804;05;2;1;4;1;2;1;1;1;3;1;1;4;3;1;1;1;1;1;3;1;;;80000000;600000;;;;;;;;;;1;;;4
20230310;03;2023;7369256;1;1;01;;1;152.45564327;05;2;1;4;1;3;1;1;1;3;1;1;4;3;1;1;1;1;3;3;3;;;;;1500000;;1;;;;;;;;;;4
20230310;03;2023;7369257;1;1;01;;1;227.83119482;05;2;1;4;1;3;1;1;1;2;1;1;3;1;1;1;1;1;1;3;4;;;;800000;;;;;;;;;;1;;;1
20230310;03;2023;7369258;1;1;01;;1;226.49283508;05;1;1;4;1;3;1;1;1;3;1;1;6;2;1;1;1;1;1;3;1;;;450000000;2000000;;;1;;;;;;;;;;2
20230310;03;2023;7369259;1;1;01;;1;207.94036599;05;2;1;4;1;3;2;1;1;3;1;1;3;1;1;1;1;1;1;4;3;;;;;690000;;1;;;;;;;;;;2
20230310;03;2023;7369260;1;1;01;;1;207.94036599;05;2;1;4;1;3;1;1;1;3;1;1;4;1;1;1;1;1;1;3;4;;;;800000;;;1;;;;;;;;;;2
20230310;03;2023;7369261;1;1;01;;1;126.78621424;05;2;1;4;1;3;1;1;1;2;1;1;3;3;1;1;1;1;1;3;3;;;;;700000;;1;;;;1;1;;;;;8
20230310;03;2023;7369262;1;1;01;;1;142.49917923;05;2;1;4;1;3;1;1;1;3;1;1;3;2;1;1;1;1;1;3;3;;;;;860000;;1;;;;;;;;;;4
20230310;03;2023;7369263;1;1;01;;1;208.26022143;05;1;1;4;1;3;1;1;1;3;1;1;6;2;1;1;1;1;1;3;4;;;;1400000;;;1;;;;;;;;;;3
20230310;03;2023;7369264;1;1;01;;1;208.26022143;05;2;1;4;1;3;1;1;1;3;1;1;4;2;1;1;1;1;1;3;1;;;300000000;1200000;;;1;;;;;1;;;;;3
20230309;03;2023;7369266;1;1;01;05;1;1423.6115433;05;2;1;4;1;3;1;1;1;7;1;1;3;1;1;1;1;1;1;3;3;;;;;900000;;1;;;;;;;;;;1
20230309;03;2023;7369267;1;1;01;05;1;1887.4744279;05;2;1;4;1;2;2;1;1;2;1;1;2;2;1;1;1;1;1;4;3;;;;;550000;;1;;;;;;;;;;2
20230309;03;2023;7369268;1;1;01;05;1;1849.764315;05;2;1;4;1;2;1;1;1;2;1;1;2;2;1;1;1;1;1;3;3;;;;;500000;;1;;;;;;;;;;3
20230309;03;2023;7369269;1;1;01;05;1;984.15995221;05;2;1;4;1;1;2;2;1;2;1;1;4;3;3;1;1;1;1;4;3;;;;;400000;;;;;;;;;1;;;7
20230309;03;2023;7369271;1;1;01;05;1;1042.7334031;05;2;1;2;1;1;2;2;1;2;1;1;2;2;3;1;1;1;1;4;3;;;;;400000;;1;;;;;;;;;;4
20230309;03;2023;7369272;1;1;01;05;1;1879.0300824;05;2;1;4;1;2;1;1;1;2;1;1;3;2;1;1;1;1;1;3;3;;;;;600000;;1;;;;;;;;;;4
20230309;03;2023;7369274;1;1;01;05;1;975.6078325;05;2;1;4;1;1;2;1;1;2;1;1;3;2;1;1;1;1;1;4;1;;;22000000;400000;;;1;;;;;;;;;;2
20230309;03;2023;7369277;1;1;01;05;1;1401.7681257;05;1;1;4;1;3;1;1;1;7;1;1;3;3;1;1;1;1;1;3;3;;;;;1400000;;1;;;;;;;;;;7
20230309;03;2023;7369278;1;1;01;05;1;1835.4619534;05;2;1;4;1;3;1;1;1;3;1;1;3;2;1;1;1;1;4;3;1;;;250000000;1200000;;;1;;;;;;;;;;2
20230309;03;2023;7369279;1;1;01;05;1;1373.2740374;05;2;1;4;1;3;1;1;1;3;1;1;5;1;1;1;1;1;1;3;3;;;;;1000000;;1;;;;;1;;;;;2
20230309;03;2023;7369280;1;1;01;05;1;2803.0664751;05;2;1;4;1;3;1;1;1;3;1;1;3;1;1;1;1;1;3;3;3;;;;;800000;;1;;;;;1;;;;;1
20230309;03;2023;7369281;1;1;01;05;1;985.42474435;05;2;1;4;1;1;2;1;1;2;1;1;3;2;1;1;1;1;3;4;5;;;;800000;;;;;;;;;;1;;;3
20230309;03;2023;7369283;1;1;01;05;1;928.91428194;05;2;1;4;1;2;1;1;1;2;1;1;3;2;1;1;1;1;1;3;3;;;;;700000;;;;;;;;;1;;;3
20230309;03;2023;7369284;1;1;01;05;1;1079.2199313;05;2;1;4;1;2;1;1;1;2;1;2;2;2;1;1;1;1;1;3;1;;;70000000;600000;;;1;;;;;;;;;;2
20230309;03;2023;7369284;2;2;01;05;1;1079.2199313;05;2;1;4;1;2;1;1;1;2;1;2;1;1;1;2;1;1;1;3;3;;;;;300000;;1;;;;;;;;;;1
20230309;03;2023;7369285;1;1;01;05;1;971.33875101;05;2;1;4;1;2;1;1;1;2;1;1;4;3;1;1;1;1;1;3;4;;;;1000000;;;1;;;;;;;;;;4
20230309;03;2023;7369286;1;1;01;05;1;1201.4950649;05;2;1;4;1;3;1;1;1;3;1;1;4;3;1;1;1;1;3;3;4;;;;1200000;;;1;;;;;;;;;;4
20230309;03;2023;7369288;1;1;01;05;1;963.85919668;05;2;1;4;1;2;1;1;1;2;1;1;4;3;1;1;1;1;1;3;1;;;98;98;;;1;;;;;;;;;;4
20230309;03;2023;7369289;1;1;01;05;1;1301.5876968;05;2;1;4;1;5;1;1;1;2;1;1;2;1;1;1;1;1;1;3;4;;;;2000000;;;1;;;;;;;;;;1
20230309;03;2023;7369291;1;1;01;05;1;1739.135938;05;2;1;4;1;3;2;1;1;3;1;1;2;1;1;1;1;1;1;4;3;;;;;850000;;;;;;;;;1;;;2
20230309;03;2023;7369292;1;1;01;05;1;1445.5093048;05;2;1;4;1;5;1;1;1;2;1;1;3;2;1;1;1;1;1;3;3;;;;;1800000;;1;;;;;;;;;;4
20230309;03;2023;7369293;1;1;01;05;1;1362.5692243;05;2;1;4;1;5;1;1;1;2;1;1;4;3;1;1;1;1;1;3;2;;2000000;900000000;6000000;;;1;;1;1;;1;;;;;4
20230309;03;2023;7369295;1;1;01;05;1;2817.378964;05;2;1;4;1;3;2;1;1;3;1;1;2;2;1;1;1;1;1;4;3;;;;;600000;;1;;;;;;;;;;3
20230309;03;2023;7369296;1;1;01;05;1;1420.6253621;05;2;1;4;1;3;1;1;1;2;1;1;4;2;1;1;1;1;1;3;3;;;;;98;;1;;;;;;;;;;3
20230309;03;2023;7369298;1;1;01;05;1;1739.135938;05;2;1;4;1;3;1;1;1;3;1;1;2;1;1;1;1;1;1;3;3;;;;;500000;;1;;;;;;;;;;2
20230309;03;2023;7369299;1;1;01;05;1;2210.903302;05;2;1;4;1;3;1;1;1;3;1;1;5;3;1;1;1;1;1;3;3;;;;;1250000;;1;;;;;;;;;;4
20230309;03;2023;7369300;1;1;01;05;1;1873.921945;05;2;1;4;1;3;1;1;1;3;1;1;2;1;1;1;1;1;3;3;3;;;;;650000;;1;;;;;;;;;;3
20230309;03;2023;7369301;1;1;01;05;1;1777.5959297;05;2;1;4;1;3;1;1;1;3;1;1;4;2;1;1;1;1;1;3;3;;;;;850000;;1;;;;;;;;;;3
20230309;03;2023;7369302;1;1;01;05;1;1777.5959297;05;2;1;4;1;3;1;1;1;3;1;1;3;2;1;1;1;1;1;3;3;;;;;850000;;1;;;;;;;;;;3
20230309;03;2023;7369304;1;1;01;05;1;1422.3684943;05;2;1;4;1;2;1;1;1;2;1;1;3;2;1;1;1;1;1;3;4;;;;400000;;;1;;;;;;;;;;4
20230309;03;2023;7369305;1;1;01;05;1;1212.3610005;05;2;1;4;1;2;1;1;1;2;1;1;4;1;1;1;1;1;1;3;1;;;100000000;500000;;;1;;;;;;;;;;1
20230309;03;2023;7369306;1;1;01;05;1;763.44958777;05;2;1;4;1;3;1;1;1;3;1;1;3;2;1;1;1;1;1;3;1;;;170000000;650000;;;1;;;;;;;;;;3
20230309;03;2023;7369307;1;1;01;05;1;1497.8583301;05;2;1;4;1;2;1;1;1;2;1;1;4;2;1;1;1;1;1;3;3;;;;;750000;;1;;;;;;;;;;4
20230309;03;2023;7369308;1;1;01;05;1;828.37885006;05;1;1;4;1;3;1;1;1;3;1;1;3;2;1;1;1;1;1;3;4;;;;550000;;;1;;;;;;;;;;3
20230309;03;2023;7369309;1;1;01;05;1;893.18680956;05;2;1;4;1;3;2;1;1;3;1;1;3;2;1;1;1;1;1;4;3;;;;;550000;;1;;;;;;;;;;3
20230309;03;2023;7369310;1;1;01;05;1;923.87116441;05;2;1;4;1;3;2;1;1;3;1;1;3;2;1;1;1;1;1;4;3;;;;;650000;;1;;;;;;;;;;2
20230309;03;2023;7369311;1;1;01;05;1;916.68097888;05;2;1;4;1;2;1;1;1;2;1;1;3;3;1;1;1;1;1;3;3;;;;;750000;;1;;;;;;;;;;4
20230309;03;2023;7369312;1;1;01;05;1;1024.4894438;05;2;1;4;1;3;1;1;1;3;1;1;4;2;1;1;1;1;1;3;3;;;;;440000;;1;;;;;;;;;;3
20230309;03;2023;7369313;1;1;01;05;1;707.03215121;05;2;1;4;1;3;1;1;1;3;1;1;4;3;1;1;1;1;1;3;3;;;;;660000;;1;;;;;;;;;;4
20230309;03;2023;7369314;1;1;01;05;1;2635.7123473;05;2;1;4;1;5;1;1;1;2;1;1;4;2;1;1;1;1;1;3;3;;;;;1200000;;1;;;;;1;;;;;2
20230309;03;2023;7369316;1;1;01;05;1;591.77252223;05;2;1;4;1;2;1;1;1;3;1;1;3;2;1;1;1;1;4;3;3;;;;;700000;;1;;;;;;;;;;3
20230309;03;2023;7369318;1;1;01;05;1;566.54057271;05;2;1;2;1;2;1;1;1;2;1;1;3;2;1;1;1;1;1;3;3;;;;;500000;;1;;;;;;;;;;5
20230309;03;2023;7369319;1;1;01;05;1;864.439823;05;2;1;4;1;2;1;1;1;3;1;1;5;3;1;1;1;1;1;3;1;;;150000000;700000;;;1;;;;;;;;;;4
20230309;03;2023;7369321;1;1;01;05;1;791.58321211;05;2;1;4;1;2;1;1;1;2;1;1;4;3;1;1;1;1;1;3;3;;;;;650000;;1;;;;;;;;;;6
20230309;03;2023;7369322;1;1;01;05;1;1044.8470524;05;1;1;4;1;2;1;1;1;2;1;2;5;3;1;2;1;1;1;3;3;;;;;700000;;1;;;;;;;;;;3
20230309;03;2023;7369322;2;2;01;05;1;1044.8470524;05;1;1;4;1;2;1;1;1;2;1;2;5;1;1;2;1;1;1;3;3;;;;;500000;;1;;;;;;;;;;2
20230309;03;2023;7369323;1;1;01;05;1;1013.9087069;05;2;1;4;1;1;1;1;1;2;1;1;5;4;1;1;1;1;1;3;1;;;18000000;400000;;;1;;;;;;;;;;7
20230309;03;2023;7369324;1;1;01;05;1;1061.2151704;05;2;1;4;1;1;1;1;1;2;1;1;4;3;1;1;1;1;1;3;1;;;98;98;;;1;;;;;;;;;;3
20230309;03;2023;7369325;1;1;01;05;1;1239.4842889;05;2;1;4;1;3;1;1;1;2;1;1;3;2;1;1;1;1;1;3;4;;;;98;;;1;;;;;;;;;;3
20230309;03;2023;7369326;1;1;01;05;1;735.46107694;05;2;1;3;1;2;1;1;1;3;1;1;4;3;1;1;1;1;1;3;5;;;;700000;;;1;;;;;;;;;;3
20230309;03;2023;7369327;1;1;01;05;1;1789.5724383;05;2;1;4;1;3;1;1;1;3;1;1;3;2;1;1;1;1;1;3;3;;;;;850000;;1;;;;;;;;;;2
20230309;03;2023;7369328;1;1;01;05;1;499.21664661;05;2;1;4;1;2;1;1;1;3;1;1;6;4;1;1;1;1;1;3;1;;;230000000;800000;;;1;;;;;;;;;;4
20230309;03;2023;7369329;1;1;01;05;1;1048.9682276;05;2;1;4;1;2;1;1;1;2;1;1;3;2;1;1;1;1;1;3;1;;;75000000;700000;;;;;;;;;;1;;;4
20230309;03;2023;7369330;1;1;01;05;1;530.24100168;05;2;1;4;1;2;1;1;1;3;1;1;4;2;1;1;1;1;1;3;3;;;;;450000;;1;;;;;;;;;;2
20230309;03;2023;7369331;1;1;01;05;1;731.72488147;05;2;1;4;1;2;1;1;1;3;1;1;5;1;1;1;1;1;1;3;1;;;200000000;800000;;;1;;;;;;;;;;1
20230309;03;2023;7369332;1;1;01;05;1;2899.085478;05;1;1;4;1;3;1;1;1;3;1;1;5;3;1;1;1;1;1;3;3;;;;;700000;;1;;;;;;;;;;3
20230309;03;2023;7369333;1;1;01;05;1;1849.1166285;05;1;1;4;1;3;1;1;1;3;1;1;4;2;1;1;1;1;1;3;4;;;;1000000;;;1;;;;;;;;;;1
20230309;03;2023;7369334;1;1;01;05;1;897.89320689;05;1;1;4;1;2;1;1;1;2;1;1;4;4;1;1;1;1;1;3;5;;;;600000;;;1;;;;;;;;;;5
20230309;03;2023;7369335;1;1;01;05;1;889.25082469;05;2;1;4;1;2;1;1;1;2;1;1;5;4;1;1;1;1;1;3;3;;;;;700000;;1;;;;;;;;;;8
20230309;03;2023;7369336;1;1;01;05;1;725.42131046;05;2;1;4;1;2;1;1;1;3;1;1;4;2;1;1;1;1;1;3;1;;;98;600000;;;1;;;;;;;;;;2
20230309;03;2023;7369337;1;1;01;05;1;2104.8639913;05;1;1;4;1;3;1;1;1;3;1;1;4;3;1;1;1;1;1;3;1;;;200000000;1000000;;;1;;;;;;;;;;4
20230309;03;2023;7369338;1;1;01;05;1;2421.9561101;05;1;3;4;1;3;1;1;1;3;1;1;3;1;1;1;1;1;1;3;3;;;;;99;;1;;;;;;;;;;2
20230309;03;2023;7369339;1;1;01;05;1;1248.8610104;05;1;1;4;1;2;1;1;1;3;1;1;7;5;1;1;1;1;1;3;1;;;180000000;700000;;;1;;;;;;;;;;9
20230309;03;2023;7369340;1;1;01;05;1;3813.6058011;05;2;1;4;1;3;1;1;1;3;1;1;3;2;1;1;1;1;1;3;3;;;;;684000;;1;;;;;;;;;;4
20230309;03;2023;7369341;1;1;01;05;1;1888.6919944;05;2;1;4;1;3;1;1;1;2;1;1;3;2;1;1;1;1;1;3;4;;;;800000;;;1;;;;;;;;;;2
20230309;03;2023;7369345;1;1;01;05;1;1349.7946485;05;3;1;4;1;3;2;1;1;2;1;1;1;1;1;1;1;1;6;;3;;;;;260000;;;;;;;;;1;;;1
20230309;03;2023;7369346;1;1;01;05;1;1239.4842889;05;2;1;4;1;1;1;1;1;2;1;1;3;2;1;1;1;1;1;3;1;;;70000000;1000000;;;1;;;;;;;;;;3
20230309;03;2023;7369348;1;1;01;08;1;729.617847;08;2;1;4;1;3;1;1;1;3;1;1;4;1;1;1;1;1;1;3;3;;;;;1000000;;1;;;;;;;;;;2
20230309;03;2023;7369349;1;1;01;08;1;894.64051188;08;1;1;4;1;3;1;1;1;3;1;1;4;3;1;1;1;1;1;3;4;;;;750000;;;1;;;;;;;;;;4
20230309;03;2023;7369350;1;1;01;08;1;781.13740759;08;2;1;4;1;3;1;1;1;3;1;1;4;3;1;1;1;1;1;3;3;;;;;1100000;;1;;;;;;;;;;5
20230309;03;2023;7369351;1;1;01;08;1;629.80857654;08;1;1;4;1;3;1;1;1;3;1;1;5;2;1;1;1;1;1;3;1;;;280000000;1100000;;;1;;;;;;;;;;2
20230309;03;2023;7369352;1;1;01;08;1;483.93546271;08;2;1;4;1;3;1;1;1;3;1;1;4;3;1;1;1;1;1;3;1;;;200000000;700000;;;1;;;;;;1;;;NEQUI;7
20230309;03;2023;7369353;1;1;01;08;1;657.76122513;08;2;1;2;1;3;2;1;1;3;1;1;1;1;1;1;1;1;2;1;4;;;;400000;;;;;;;;;1;;;NEQUI;4
20230309;03;2023;7369354;1;1;01;08;1;541.7412514;08;2;1;4;1;4;1;1;1;6;1;1;2;1;1;1;1;10;1;3;1;;;250000000;1400000;;;1;;;;;;;;;;2
20230309;03;2023;7369355;1;1;01;08;1;580.37612186;08;2;1;4;1;4;1;1;1;3;1;1;3;2;1;1;1;1;1;3;1;;;250000000;1500000;;;1;;;;;;;;;;2
20230309;03;2023;7369356;1;1;01;08;1;601.93472378;08;2;1;4;1;5;1;1;1;3;1;1;3;1;1;1;1;1;3;3;1;;;460000000;1800000;;;1;;;;;1;;;;;2
20230309;03;2023;7369357;1;1;01;08;1;856.27974242;08;1;1;2;1;3;1;1;1;3;1;1;4;1;1;1;1;1;1;3;4;;;;800000;;;;;;;;;;1;;;1
20230309;03;2023;7369358;1;1;01;08;1;856.27974242;08;2;1;2;1;3;1;1;1;3;1;1;3;2;1;1;1;1;1;1;1;;;200000000;800000;;;1;;;;;;;;;;1
20230309;03;2023;7369359;1;1;01;08;1;880.38661572;08;2;1;2;1;3;1;1;1;3;1;1;4;3;1;1;1;1;1;3;3;;;;;700000;;;;;;;;;1;;;5
20230309;03;2023;7369360;1;1;01;08;1;1051.6752729;08;2;1;4;1;4;1;1;1;3;1;1;4;3;1;1;1;1;1;3;1;;;140000000;1000000;;;1;;;;;1;;;;;4
20230309;03;2023;7369362;1;1;01;08;1;808.83300175;08;2;1;2;1;3;1;1;1;3;1;1;4;4;1;1;1;1;1;3;3;;;;;800000;;1;;;;;;;;;;5
20230309;03;2023;7369363;1;1;01;08;1;894.64051188;08;2;1;4;1;3;1;1;1;3;1;1;4;3;1;1;1;1;1;3;3;;;;;1100000;;1;;;;;;;;;;4
20230309;03;2023;7369364;1;1;01;08;1;987.12706001;08;2;1;4;1;4;1;1;1;3;1;1;3;2;1;1;1;1;1;3;1;;;110000000;1100000;;;1;;;;;1;;;;;4
20230309;03;2023;7369365;1;1;01;08;1;894.64051188;08;1;1;4;1;3;1;1;1;3;1;1;3;2;1;1;1;1;1;3;3;;;;;700000;;1;;;;;1;;;;;4
20230309;03;2023;7369366;1;1;01;08;1;886.30936926;08;2;1;4;1;3;1;1;1;3;1;1;4;3;1;1;1;1;1;3;3;;;;;700000;;1;;;;;;;;;;4
20230309;03;2023;7369367;1;1;01;08;1;766.42430743;08;2;1;4;1;5;1;1;1;3;1;1;5;4;1;1;1;1;3;3;1;;;600000000;3500000;;;1;;1;1;1;1;;;;;5
20230309;03;2023;7369368;1;1;01;08;1;541.7412514;08;2;1;4;1;4;1;1;1;3;1;1;4;1;1;1;1;1;1;3;1;;;2500000000;1200000;;;1;;;;;;;;;;2
20230309;03;2023;7369369;1;1;01;08;1;678.37724263;08;2;1;4;1;5;1;1;1;3;1;1;4;3;1;1;1;1;3;3;2;;2200000;450000000;2000000;;;1;;1;;;1;;;;;3
20230309;03;2023;7369370;1;1;01;08;1;530.80252293;08;1;5;1;1;1;2;1;1;3;1;1;1;1;1;1;1;1;4;1;1;;;5000000;180000;;;;;;;;;;1;;;1
20230309;03;2023;7369372;1;1;01;08;1;541.7412514;08;2;1;4;1;4;1;1;1;7;1;1;3;1;1;1;1;1;1;3;3;;;;;1400000;;1;;;;;;;;;;2
20230309;03;2023;7369373;1;1;01;08;1;785.77196546;08;2;1;4;1;4;1;1;1;6;1;1;3;3;1;1;1;1;1;3;1;;;2500000;1200000;;;1;;;;;;;;;;5
20230309;03;2023;7369374;1;1;01;08;1;610.53951837;08;2;1;4;1;4;1;1;1;3;1;1;4;3;1;1;1;1;1;3;4;;;;600000;;;1;;;;;;;;;;3
20230309;03;2023;7369375;1;1;01;08;1;610.53951837;08;2;1;4;1;4;1;1;1;6;1;1;4;2;1;1;1;1;1;3;3;;;;;1400000;;1;;;;;;;;;;3
20230309;03;2023;7369376;1;1;01;08;1;1075.0658884;08;2;1;4;1;4;1;1;1;3;1;1;3;1;1;1;1;1;1;3;1;;;180000000;1200000;;;1;;;;;;;;;;1
20230309;03;2023;7369377;1;1;01;08;1;541.7412514;08;2;1;4;1;4;1;1;1;6;1;1;3;1;1;1;1;1;1;3;1;;;25000000;2000000;;;1;;;;;;;;;;2
20230309;03;2023;7369378;1;1;01;08;1;706.4307875;08;2;1;4;1;5;1;1;1;3;1;1;3;1;1;1;1;1;3;3;1;;;500000000;3000000;;;1;;;;;;;;;;1
20230309;03;2023;7369379;1;1;01;08;1;541.7412514;08;2;1;4;1;4;1;1;1;3;1;1;4;1;1;1;1;1;1;3;3;;;;;2000000;;1;;;1;1;1;;;;;2
20230309;03;2023;7369380;1;1;01;08;1;635.78770875;08;2;1;2;1;4;1;1;1;3;1;1;3;1;1;1;1;1;1;3;1;;;300000000;900000;;;1;;;;;1;;;;;1
20230309;03;2023;7369381;1;1;01;08;1;854.24905614;08;2;1;4;1;5;1;1;1;3;1;1;4;3;1;1;1;1;1;3;1;;;500000000;3000000;;;1;;;;;1;;;;;4
20230309;03;2023;7369382;1;1;01;08;1;708.5203538;08;2;1;4;1;5;1;1;1;3;1;1;3;1;1;1;1;1;1;3;2;;2200000;550000000;3000000;;;1;;;;;1;;;;;2
20230309;03;2023;7369383;1;1;01;08;1;446.45136836;08;2;1;4;1;1;1;1;1;3;1;1;4;3;1;1;1;1;3;3;3;;;;;450000;;1;;;;;;;;;;8
20230309;03;2023;7369384;1;1;01;08;1;643.84320436;08;2;1;2;1;1;1;1;1;3;1;1;2;1;1;1;1;1;1;3;3;;;;;450000;;;;;;;;;1;;;5
20230309;03;2023;7369385;1;1;01;08;1;708.19883696;08;2;2;4;1;1;1;1;1;3;1;1;1;1;1;1;1;1;3;3;1;;;5000000;150000;;;;;;;;;;1;;;4
20230309;03;2023;7369386;1;1;01;08;1;362.06422796;08;1;1;4;1;2;1;1;1;3;1;1;5;4;1;1;1;1;1;3;1;;;150000000;800000;;;1;;;;;;;;;;6
20230309;03;2023;7369387;1;1;01;08;1;759.99756262;08;1;1;2;1;2;1;1;1;3;1;1;2;1;1;1;1;1;1;1;1;;;40000000;320000;;;;;;;;;;1;;;1
20230309;03;2023;7369388;1;1;01;08;1;724.21585706;08;2;1;4;1;1;1;1;1;3;1;1;3;2;1;1;1;1;1;3;1;;;65000000;800000;;;1;;;;;;;;;;4
20230309;03;2023;7369389;1;1;01;08;1;1594.6049349;08;1;1;4;1;2;1;1;1;3;1;1;4;3;1;1;1;1;1;3;1;;;50000000;500000;;;;;;;;;;1;;;5
20230309;03;2023;7369390;1;1;01;08;1;644.10941255;08;1;1;4;1;1;2;1;1;3;1;1;2;1;1;1;1;1;3;1;1;;;50000000;400000;;;1;;;;;;;;;;2
20230309;03;2023;7369391;1;1;01;08;1;676.04121802;08;1;1;4;1;1;1;1;1;3;1;1;3;2;1;1;1;1;1;3;4;;;;500000;;;;;;;;;;1;;;2
20230309;03;2023;7369392;1;1;01;08;1;610.53951837;08;1;1;4;1;2;1;1;1;3;1;1;4;2;1;1;1;1;1;3;1;;;150000000;600000;;;1;;;;;;;;;;3
20230309;03;2023;7369393;1;1;01;08;1;2168.0716212;08;1;1;4;1;2;1;1;1;3;1;1;4;3;1;1;1;1;1;3;1;;;80000000;500000;;;;;;;;;;1;;;4
20230309;03;2023;7369394;1;1;01;08;1;674.36699653;08;1;1;2;1;2;1;1;1;3;1;1;3;2;1;1;1;1;1;3;1;;;60000000;550000;;;1;;;;;;;;;;4
20230309;03;2023;7369395;1;1;01;08;1;759.99756262;08;2;1;2;1;2;1;1;1;3;1;1;1;1;1;1;1;1;2;3;3;;;;;300000;;;;;;;;;1;;;1
20230309;03;2023;7369396;1;1;01;08;1;713.60261151;08;2;1;2;1;1;1;1;1;3;1;1;3;1;1;1;1;1;4;3;3;;;;;350000;;;;;;;;;1;;;3
20230309;03;2023;7369397;1;1;01;08;1;579.73097903;08;2;1;4;1;2;1;1;1;3;1;1;3;3;1;1;1;1;3;3;3;;;;;500000;;1;;;;;;;;;;8
20230309;03;2023;7369398;1;1;01;08;1;321.41490361;08;2;1;4;1;1;1;1;1;3;1;1;5;4;1;1;1;1;3;3;1;;;100000000;500000;;;1;;;;;;;;;;16
20230309;03;2023;7369399;1;1;01;08;1;1105.1827931;08;2;1;4;1;2;1;1;1;3;1;1;3;1;1;1;1;1;3;3;3;;;;;450000;;1;;;;;;;;;;2
20230309;03;2023;7369401;1;1;01;08;1;591.13970327;08;1;1;4;1;1;1;1;1;3;1;1;4;3;1;1;1;1;1;3;4;;;;800000;;;;;;;;;;1;;;5
20230309;03;2023;7369402;1;1;01;08;1;1010.6976592;08;1;1;4;1;2;1;1;1;3;1;1;4;3;1;1;1;1;1;3;3;;;;;480000;;1;;;;;;;;;;7
20230309;03;2023;7369403;1;1;01;08;1;563.37272424;08;2;1;4;1;2;1;1;1;3;1;1;3;2;1;1;1;1;3;3;3;;;;;600000;;1;;;;;;;;;;4
20230309;03;2023;7369404;1;1;01;08;1;644.37517642;08;2;1;4;1;1;1;1;1;3;1;1;3;2;1;1;1;1;1;3;1;;;20000000;500000;;;;;;;;;1;;;FIADO EN LA TIENDA;5
20230309;03;2023;7369405;1;1;01;08;1;540.49500135;08;2;1;4;1;1;1;1;1;3;1;1;4;2;1;1;1;1;3;3;4;;;;300000;;;1;;;;;;;;;;7
20230309;03;2023;7369407;1;1;01;08;1;610.53951837;08;1;1;2;1;2;1;1;1;3;1;1;2;1;1;1;1;1;1;3;3;;;;;400000;;1;;;;;;;;;;3
20230309;03;2023;7369408;1;1;01;08;1;759.99756262;08;2;1;2;1;2;1;1;1;3;1;1;2;1;1;1;1;1;1;3;3;;;;;500000;;1;;;;;;;;;;1
20230309;03;2023;7369410;1;1;01;08;1;653.68706217;08;2;1;4;1;2;1;1;1;3;1;1;3;2;1;1;1;1;1;3;3;;;;;500000;;1;;;;;;;;;;5
20230309;03;2023;7369411;1;1;01;08;1;503.28466809;08;2;1;4;1;1;1;1;1;3;1;3;6;2;1;2;1;1;1;3;1;;;60000000;500000;;;;;;;;;;1;;;3
20230309;03;2023;7369411;2;2;01;08;1;503.28466809;08;2;1;4;1;1;1;1;1;3;1;3;6;2;1;2;1;1;1;3;3;;;;;300000;;1;;;;;;;;;;3
20230309;03;2023;7369411;3;3;01;08;1;503.28466809;08;2;1;4;1;1;1;1;1;3;1;3;6;1;1;2;1;1;1;3;3;;;;;300000;;1;;;;;;;;;;2
20230309;03;2023;7369412;1;1;01;08;1;880.42789379;08;1;1;2;1;1;1;1;1;3;1;2;3;2;1;2;1;1;1;3;1;;;98;300000;;;;;;;;;;1;;;4
20230309;03;2023;7369412;2;2;01;08;1;880.42789379;08;1;1;2;1;1;1;1;1;3;1;2;2;1;1;2;1;1;1;3;3;;;;;300000;;;;;;;;;1;;;2
20230309;03;2023;7369413;1;1;01;08;1;547.21338525;08;2;1;2;1;1;1;1;1;3;1;1;3;1;1;1;1;1;3;3;1;;;48000000;550000;;;;;;;;;;1;;;2
20230309;03;2023;7369414;1;1;01;08;1;681.3278656;08;2;1;4;1;1;1;1;1;3;1;1;2;1;1;1;1;1;3;3;4;;;;500000;;;;;;;;;;1;;;2
20230309;03;2023;7369415;1;1;01;08;1;697.62554181;08;2;1;4;1;1;1;1;1;3;1;1;3;2;1;1;1;1;1;3;1;;;40000000;500000;;;1;;;;;1;;;;;4
20230309;03;2023;7369417;1;1;01;08;1;1926.3962864;08;2;1;4;1;2;1;1;1;3;1;1;3;2;1;1;1;1;1;3;3;;;;;400000;;1;;;;;;;;;;4
20230309;03;2023;7369418;1;1;01;08;1;2436.4097712;08;2;1;4;1;1;1;1;1;3;1;1;3;2;1;1;1;1;3;3;3;;;;;550000;;;;;;;;;1;;;4
20230309;03;2023;7369419;1;1;01;08;1;1052.555041;08;2;1;4;1;1;1;1;1;3;1;1;3;2;1;1;1;1;3;3;1;;;30000000;550000;;;1;;;;;;;;;;2
20230309;03;2023;7369420;1;1;01;08;1;1834.6631299;08;2;1;2;1;1;2;1;1;3;1;1;3;2;1;1;1;1;1;1;3;;;;;500000;;1;;;;;;;;;;4
20230309;03;2023;7369421;1;1;01;08;1;2718.0912997;08;1;1;4;1;1;1;1;1;3;1;1;4;2;1;1;1;1;1;3;3;;;;;500000;;1;;;;;;;;;;4
20230309;03;2023;7369422;1;1;01;08;1;1731.1939665;08;1;1;4;1;1;1;1;1;3;1;1;4;2;1;1;1;1;1;3;1;;;90000000;600000;;;1;;;;;;;;;;3
20230309;03;2023;7369423;1;1;01;08;1;515.94404895;08;1;1;4;1;3;1;1;1;3;1;1;4;2;1;1;1;1;1;3;1;;;90000000;600000;;;;;;;;;;1;;;2
20230309;03;2023;7369424;1;1;01;08;1;701.6530127;08;2;1;4;1;3;1;1;1;3;1;2;3;1;1;2;1;1;3;3;3;;;;;600000;;1;;;;;;;;;;4
20230309;03;2023;7369424;2;2;01;08;1;701.6530127;08;2;1;4;1;3;1;1;1;3;1;2;3;1;1;2;1;1;3;3;3;;;;;360000;;;;;;;;;1;;;2
20230309;03;2023;7369425;1;1;01;08;1;682.58151644;08;2;1;4;1;3;1;1;1;3;1;1;3;1;1;1;1;1;1;3;4;;;;600000;;;;;;;;;;1;;;1
20230309;03;2023;7369426;1;1;01;08;1;597.54696338;08;2;1;4;1;3;1;1;1;3;1;1;3;2;1;1;1;1;1;3;4;;;;700000;;;1;;;;;;;;;;4
20230309;03;2023;7369427;1;1;01;08;1;844.44173624;08;2;1;2;1;1;1;1;1;3;1;1;2;1;1;1;1;1;3;3;4;;;;400000;;;1;;;;;;;;;;1
20230309;03;2023;7369428;1;1;01;08;1;782.87330636;08;2;1;4;1;1;1;1;1;3;1;1;3;2;1;1;1;1;1;3;3;;;;;420000;;;;;;;;;1;;;2
20230309;03;2023;7369429;1;1;01;08;1;663.50315366;08;2;1;4;1;1;1;1;1;3;1;1;3;1;1;1;1;1;3;3;3;;;;;550000;;;;;;;;;1;;;1
20230309;03;2023;7369432;1;1;01;08;1;565.43544691;08;2;1;4;1;3;1;1;1;3;1;1;4;3;1;1;1;1;1;3;4;;;;1000000;;;1;;;;;;;;;;7
20230309;03;2023;7369433;1;1;01;08;1;723.80720249;08;2;1;2;1;3;2;1;1;3;1;1;2;1;1;1;1;1;5;4;4;;;;400000;;;;;;;;;;1;;;1
20230309;03;2023;7369434;1;1;01;08;1;497.55874533;08;1;1;4;1;1;1;1;1;3;1;1;3;2;1;1;1;1;3;3;3;;;;;500000;;1;;;;;;;;;;5
20230309;03;2023;7369437;1;1;01;08;1;1223.9779452;08;2;1;4;1;1;1;1;1;3;1;1;4;3;1;1;1;1;1;3;1;;;70000000;600000;;;1;;;;;;;;;;4
20230309;03;2023;7369438;1;1;01;08;1;992.45385517;08;2;1;2;1;3;1;1;1;3;1;1;3;1;1;1;1;1;1;3;3;;;;;400000;;;;;;;;;1;;;3
20230309;03;2023;7369439;1;1;01;08;1;1152.4373365;08;1;1;2;1;3;1;1;1;3;1;1;6;3;1;1;1;1;1;3;1;;;300000000;800000;;;1;;;;;;;;;;3
20230309;03;2023;7369440;1;1;01;08;1;726.31895797;08;2;1;4;1;1;1;1;1;3;1;1;3;2;1;1;1;1;1;3;3;;;;;450000;;;;;;;;;1;;;5
20230309;03;2023;7369441;1;1;01;08;1;1059.6461813;08;2;1;4;1;3;1;1;1;3;1;1;3;1;1;1;1;1;1;3;4;;;;1000000;;;1;;;;;;;;;;1
20230309;03;2023;7369444;1;1;01;08;1;945.42091335;08;2;1;4;1;3;1;1;1;3;1;1;4;3;1;1;1;1;1;3;1;;;120000000;850000;;;1;;;;;1;;;;;3
20230309;03;2023;7369446;1;1;01;08;1;1098.2014055;08;2;1;4;1;3;1;1;1;3;1;1;2;1;1;1;1;1;1;3;4;;;;500000;;;1;;;;;1;;;;;5
20230309;03;2023;7369448;1;1;01;08;1;1065.6341926;08;2;1;4;1;3;1;1;1;3;1;1;4;3;1;1;1;1;1;3;4;;;;1000000;;;1;;;;;;;;;;4
20230309;03;2023;7369449;1;1;01;08;1;1266.6626044;08;2;1;4;1;3;1;1;1;3;1;1;3;1;1;1;1;1;1;3;3;;;;;500000;;1;;;;;;;;;;1
20230309;03;2023;7369450;1;1;01;08;1;597.79525949;08;1;1;2;1;3;1;1;1;3;1;2;5;3;1;2;1;1;1;3;1;;;200000000;600000;;;;;;;;;;1;;;5
20230309;03;2023;7369450;2;2;01;08;1;597.79525949;08;1;1;2;1;3;1;1;1;3;1;2;5;1;1;2;1;1;1;3;3;;;;;300000;;;;;;;;;1;;;2
20230309;03;2023;7369451;1;1;01;08;1;2606.3563714;08;2;1;2;1;1;1;1;1;3;1;1;3;1;1;1;1;1;3;3;3;;;;;400000;;;;;;;;;1;;;2
20230309;03;2023;7369452;1;1;01;08;1;1052.555041;08;2;1;4;1;1;1;1;1;3;1;1;4;1;1;1;1;1;1;3;1;;;70000000;600000;;;1;;;;;;;;;;2
20230309;03;2023;7369453;1;1;01;08;1;680.07444739;08;1;5;1;1;1;2;1;1;3;1;1;1;1;1;1;1;1;4;1;1;;;15000000;200000;;;;;;;;;;1;;;3
20230309;03;2023;7369454;1;1;01;08;1;590.46273784;08;2;1;2;1;1;2;1;1;3;1;1;2;1;1;1;1;1;4;1;3;;;;;150000;;1;;;;;;1;;;PAGADIARIO;4
20230309;03;2023;7369455;1;1;01;08;1;276.37889157;08;2;1;4;1;1;1;1;1;3;1;2;4;1;1;1;1;1;1;3;3;;;;;130000;;;;;;;;;1;;;3
20230309;03;2023;7369455;2;2;01;08;1;276.37889157;08;2;1;4;1;1;1;1;1;3;1;2;4;3;1;2;1;1;1;3;3;;;;;130000;;;;;;;;;1;;;8
20230309;03;2023;7369456;1;1;01;08;1;543.65067782;08;2;1;4;1;1;1;1;1;3;1;1;3;2;1;1;1;1;6;;3;;;;;350000;;1;;;;;;;;;;5
20230309;03;2023;7369457;1;1;01;08;1;641.5971404;08;2;1;2;1;1;1;1;1;3;1;1;3;2;1;1;1;1;1;3;1;;;30000000;350000;;;;;;;;;;1;;;3
20230309;03;2023;7369458;1;1;01;08;1;565.14463;08;2;1;2;1;1;1;1;1;3;1;1;2;1;1;1;1;1;3;3;4;;;;200000;;;;;;;;;;1;;;1
20230309;03;2023;7369459;1;1;01;08;1;698.23009709;08;1;5;2;1;1;2;1;1;3;1;1;2;1;1;1;1;1;1;4;4;;;;500000;;;;;;;;;1;;;FIADO EN LA TIENDA;2
20230309;03;2023;7369460;1;1;01;08;1;675.55338899;08;1;2;1;1;1;2;1;1;3;1;1;2;1;1;1;1;1;3;1;4;;;;400000;;;;;;;;;;1;;;1
20230309;03;2023;7369461;1;1;01;08;1;618.9204323;08;1;1;2;1;1;2;1;1;3;1;1;3;1;1;1;1;1;3;4;3;;;;;300000;;;;;;;;;1;;;2
20230309;03;2023;7369462;1;1;01;08;1;2201.5957559;08;2;1;4;1;1;1;1;1;3;1;1;4;3;1;1;1;1;1;3;3;;;;;600000;;1;;;;;1;;;;;4
20230309;03;2023;7369464;1;1;01;08;1;1997.6598356;08;2;1;2;1;1;1;1;1;3;1;1;4;3;1;1;1;1;1;3;2;;5200000;90000000;500000;;;1;;;;;;;;;;6
20230309;03;2023;7369465;1;1;01;08;1;2201.5957559;08;2;1;4;1;1;1;1;1;3;1;1;4;3;1;1;1;1;3;3;3;;;;;500000;;1;;;;;1;;;;;4
20230309;03;2023;7369466;1;1;01;08;1;2435.9849656;08;2;1;4;1;1;1;1;1;3;1;1;4;3;1;1;1;1;1;3;4;;;;5500000;;;1;;;;;;;;;;3
20230309;03;2023;7369467;1;1;01;08;1;3941.9943563;08;2;1;2;1;1;1;1;1;3;1;1;3;2;1;1;1;1;1;3;2;;220000;80000000;500000;;;1;;1;;;;;;;;3
20230309;03;2023;7369468;1;1;01;08;1;2177.0229584;08;2;1;4;1;1;1;1;1;3;1;1;4;3;1;1;1;1;1;3;3;;;;;650000;;1;;;;;1;;;;;5
20230309;03;2023;7369469;1;1;01;08;1;2313.8998263;08;2;1;4;1;1;1;1;1;3;1;1;4;3;1;1;1;1;1;3;2;;300000;80000000;400000;;;1;;;;;;;;;;3
20230309;03;2023;7369471;1;1;01;08;1;1767.0580525;08;2;1;4;1;1;1;1;1;3;1;1;4;3;1;1;1;1;1;3;2;;250000;110000000;600000;;;1;;1;;;1;;;;;4
20230309;03;2023;7369472;1;1;01;11;1;4192.8745861;11;2;1;3;1;3;1;1;1;3;1;1;3;1;1;1;1;1;1;3;3;;;;;1200000;;1;;;;;;;;;;4
20230309;03;2023;7369473;1;1;01;11;1;3587.4589619;11;2;1;4;1;3;1;1;1;3;1;1;4;3;1;1;1;1;1;3;3;;;;;1100000;;1;;;;;;;;;;2
20230309;03;2023;7369474;1;1;01;11;1;2914.1328747;11;1;1;4;1;1;1;1;1;3;1;1;4;1;1;1;1;1;1;3;5;;;;300000;;;1;;;;;;;;;;1
20230309;03;2023;7369475;1;1;01;11;1;6624.913037;11;2;1;4;1;3;1;1;1;9;1;1;4;3;1;1;1;1;1;3;2;;2900000;300000000;1700000;;;1;;1;;;1;;;;;4
20230309;03;2023;7369476;1;1;01;11;1;7176.1536054;11;2;1;4;1;3;1;1;1;3;1;1;4;2;1;1;1;1;1;3;2;;1400000;250000000;1000000;;;1;;1;;;1;;;;;3
20230309;03;2023;7369477;1;1;01;11;1;2220.180695;11;2;1;2;1;2;1;1;1;3;1;1;2;2;1;1;1;1;1;3;3;;;;;400000;;;;;;;;;1;;;5
20230309;03;2023;7369478;1;1;01;11;1;4119.9744845;11;2;1;4;1;2;1;1;1;3;1;1;3;2;1;1;1;1;1;3;3;;;;;650000;;;;;;;;;1;;;4
20230309;03;2023;7369480;1;1;01;11;1;3716.330673;11;2;1;2;1;2;1;1;1;3;1;1;1;1;1;1;1;1;1;3;3;;;;;350000;;;;;;;;;1;;;2
20230309;03;2023;7369481;1;1;01;11;1;3070.6754511;11;2;1;4;1;2;1;1;1;3;1;1;4;2;1;1;1;1;1;3;3;;;;;500000;;;;;;;;;1;;;5
20230309;03;2023;7369482;1;1;01;11;1;3499.5218906;11;2;1;4;1;2;1;1;1;3;1;1;1;1;1;1;1;1;1;3;3;;;;;300000;;;;;;;;;1;;;2
20230309;03;2023;7369483;1;1;01;11;1;2534.5287868;11;1;1;2;1;1;1;1;1;3;1;1;4;2;1;1;1;1;1;3;1;;;90000000;400000;;;;;;;;;;1;;;3
20230309;03;2023;7369485;1;1;01;11;1;3629.6090839;11;2;1;4;1;2;1;1;1;3;1;1;3;1;1;1;1;1;1;3;3;;;;;500000;;1;;;;;;;;;;2
20230309;03;2023;7369486;1;1;01;11;1;3632.4930876;11;3;1;4;1;3;1;1;1;2;1;1;1;1;1;2;1;1;1;3;3;;;;;450000;;;;;;;;;1;;;3
20230309;03;2023;7369488;1;1;01;11;1;6219.2898075;11;2;1;4;1;2;1;1;1;3;1;1;4;2;1;1;1;1;1;3;2;;570000;80000000;500000;;;1;;1;1;;;;;;;3
20230309;03;2023;7369489;1;1;01;11;1;2866.5801842;11;2;1;4;1;1;1;1;1;3;1;1;2;1;1;1;1;1;1;3;6;;;;500000;;;1;;;;;;;;;;4
20230309;03;2023;7369491;1;1;01;11;1;2030.5261443;11;1;1;4;1;1;1;1;1;3;1;1;7;5;1;1;1;1;1;3;1;;;1800000000;800000;;;1;;;;;;;;;;8
20230309;03;2023;7369493;1;1;01;11;1;4404.1354653;11;1;1;4;1;2;1;1;1;3;1;1;4;3;1;1;1;1;1;3;1;;;99;500000;;1;1;;;;1;;;;;;1
20230309;03;2023;7369494;1;1;01;11;1;3358.4164961;11;1;1;4;1;1;1;1;1;3;1;1;3;2;1;1;1;1;1;3;2;;300000;150000000;400000;;;;;;;;;;1;;;3
20230309;03;2023;7369495;1;1;01;11;1;6073.566549;11;2;1;2;1;2;1;1;1;3;1;1;3;1;1;1;1;1;1;3;5;;;;350000;;;;;;;;;;1;;;2
20230309;03;2023;7369496;1;1;01;11;1;2798.9636587;11;2;1;4;1;3;1;1;1;3;1;1;2;2;1;1;1;1;1;3;3;;;;;600000;;;;;;;;;1;;;5
20230309;03;2023;7369498;1;1;01;11;1;3270.8836084;11;1;1;2;1;1;1;1;1;3;1;1;3;2;1;1;1;1;1;3;1;;;120000000;450000;;;;;;;;;;1;;;3
20230309;03;2023;7369499;1;1;01;11;1;2365.281983;11;1;1;2;1;1;1;1;1;3;1;1;4;3;1;1;1;1;1;3;1;;;150000000;600000;;;1;;;;;1;;;;;5
20230309;03;2023;7369502;1;1;01;11;1;5898.9375762;11;2;1;2;1;2;1;1;1;3;1;1;2;1;1;1;1;1;1;3;5;;;;350000;;;;;;;;;;1;;;2
20230309;03;2023;7369503;1;1;01;11;1;4090.3089218;11;2;1;4;1;2;1;1;1;3;1;1;3;2;1;1;1;1;1;3;4;;;;550000;;;1;;;;;1;;;;;4
20230309;03;2023;7369504;1;1;01;11;1;2897.6579063;11;2;1;4;1;2;1;1;1;3;1;1;2;1;1;1;1;1;1;3;3;;;;;200000;;1;;;;;;;;;;6
20230309;03;2023;7369505;1;1;01;11;1;4905.758698;11;2;1;4;1;2;1;1;1;3;1;1;3;2;1;1;1;1;1;3;1;;;130000000;650000;;;1;;1;;;;;;;;4
20230309;03;2023;7369507;1;1;01;11;1;4280.4932912;11;2;1;4;1;2;1;1;1;3;1;1;4;3;1;1;1;1;1;3;1;;;98;900000;;;1;;;;1;1;;;;;5
20230309;03;2023;7369508;1;1;01;11;1;3833.4728429;11;2;1;4;1;3;1;1;1;3;1;1;3;2;1;1;1;1;1;1;3;;;;;800000;;1;;;;;;;;;;2
20230309;03;2023;7369511;1;1;01;11;1;3358.4164961;11;2;1;4;1;1;1;1;1;3;1;1;2;1;1;1;1;1;1;3;6;;;;300000;;;1;;;;;;;;;;3
20230309;03;2023;7369513;1;1;01;11;1;3599.5082303;11;2;1;4;1;3;1;1;1;3;1;1;3;1;1;1;1;1;1;3;1;;;99;99;;;;;1;;;;;;;;2
20230309;03;2023;7369514;1;1;01;11;1;3496.9594496;11;2;1;4;1;3;1;1;1;3;1;1;4;3;1;1;1;1;1;3;1;;;98;500000;;;;;;;;;;1;;;1
20230309;03;2023;7369515;1;1;01;11;1;2994.6006532;11;2;1;4;1;3;1;1;1;3;1;1;4;3;1;1;1;1;1;3;1;;;99;99;;;;;;;;;;1;;;4
20230309;03;2023;7369516;1;1;01;11;1;3450.1255586;11;2;1;4;1;3;1;1;1;3;1;1;3;1;1;1;1;1;1;3;3;;;;;400000;;1;;;;;;;;;;2
20230309;03;2023;7369517;1;1;01;11;1;4313.9220534;11;2;1;4;1;2;1;1;1;3;1;1;3;2;1;1;1;1;1;3;3;;;;;726000;;1;;;;;;;;;;4
20230309;03;2023;7369518;1;1;01;11;1;3740.8751989;11;1;1;4;1;3;1;1;1;3;1;1;5;3;1;1;1;1;1;3;2;;99;250000000;1200000;;;1;;1;;;;;;;;5
20230309;03;2023;7369519;1;1;01;11;1;4765.728685;11;2;1;4;1;2;1;1;1;3;1;1;4;1;1;1;1;1;1;3;3;;;;;1200000;;1;;;;;;;;;;2
20230309;03;2023;7369522;1;1;01;11;1;6597.8625004;11;2;1;6;1;3;1;1;1;3;1;1;4;3;1;1;1;1;1;3;3;;;;;1000000;;;;;;;;;1;;;3
20230309;03;2023;7369523;1;1;01;11;1;3677.8992512;11;1;1;4;1;3;1;1;1;3;1;1;4;2;1;1;1;1;1;3;1;;;98;800000;;;1;;;;;1;;;;;3
20230309;03;2023;7369524;1;1;01;11;1;4649.2934866;11;2;1;4;1;2;1;1;1;3;1;1;4;2;1;1;1;1;1;3;1;;;250000000;1100000;;;1;;;;;;;;;;2
20230309;03;2023;7369525;1;1;01;11;1;4142.3143088;11;2;1;4;1;3;1;1;1;3;1;1;3;2;1;1;1;1;1;3;3;;;;;850000;;1;;;;;1;;;;;1
20230309;03;2023;7369527;1;1;01;11;1;4719.150061;11;2;1;4;1;5;1;1;1;3;1;1;3;1;1;1;1;1;1;3;3;;;;;2500000;;1;;;;1;1;;;;;2
20230309;03;2023;7369529;1;1;01;11;1;5263.4831634;11;2;1;4;1;4;1;1;1;3;1;1;4;1;1;1;1;1;1;3;3;;;;;1740000;;1;;;;;;;;;;3
20230309;03;2023;7369530;1;1;01;11;1;4265.3036199;11;2;1;4;1;5;1;1;1;3;1;1;3;2;1;1;1;1;1;3;1;;;98;2500000;;1;1;;;;;;;;;;3
20230309;03;2023;7369531;1;1;01;11;1;4765.728685;11;2;1;4;1;2;1;1;1;3;1;1;4;2;1;1;1;1;1;3;3;;;;;650000;;1;;;;;;;;;;2
20230309;03;2023;7369533;1;1;01;11;1;4803.4941488;11;2;1;3;1;4;1;1;1;3;1;1;4;2;1;1;1;1;1;3;1;;;98;98;;;1;;;;;;;;;;3
20230309;03;2023;7369534;1;1;01;11;1;3302.7525016;11;2;1;3;1;4;1;1;1;3;1;1;4;3;1;1;1;1;1;3;2;;2300000;230000000;1500000;;;1;;1;;;1;;;;;4
20230309;03;2023;7369535;1;1;01;11;1;4425.1297169;11;2;1;4;1;2;1;1;1;3;1;1;3;1;1;1;1;1;1;3;2;;700000;120000000;650000;;;1;;;;;;;;;;2
20230309;03;2023;7369537;1;1;01;11;1;3754.857462;11;2;1;4;1;5;1;1;1;3;1;1;5;2;1;1;1;1;1;3;1;;;700000000;3000000;;;1;;;;;1;;;;;3
20230309;03;2023;7369539;1;1;01;11;1;3765.5856261;11;2;1;4;1;3;1;1;1;2;1;1;4;3;1;1;1;1;1;3;1;;;160000000;1000000;;1;1;1;;;;1;;;;;3
20230309;03;2023;7369540;1;1;01;11;1;4350.1200317;11;2;1;3;1;4;1;1;1;3;1;1;4;3;1;1;1;1;1;3;1;;;400000000;1600000;;;1;;;;;;;;;;4
20230309;03;2023;7369541;1;1;01;11;1;3012.2821248;11;2;1;4;1;3;1;1;1;3;1;1;4;3;1;1;1;1;1;3;3;;;;;1480000;;1;;;;;;;;;;5
20230309;03;2023;7369543;1;1;01;11;1;4809.2246406;11;2;1;3;1;4;1;1;1;3;1;1;4;2;1;1;1;1;1;3;3;;;;;2000000;;1;;1;1;;1;;;;;3
20230309;03;2023;7369544;1;1;01;11;1;5721.2321789;11;2;1;3;1;4;1;1;1;3;1;1;3;2;1;1;1;1;1;3;3;;;;;1660000;;1;;;1;;;;;;;1
20230309;03;2023;7369545;1;1;01;11;1;3955.6729856;11;2;1;6;1;4;1;1;1;3;1;1;4;2;1;1;1;10;1;3;2;;2000000;300000000;1500000;;;1;;;;;;;;;;2
20230309;03;2023;7369546;1;1;01;11;1;4506.0119381;11;2;1;3;1;4;1;1;1;3;1;1;4;2;1;1;1;1;1;3;3;;;;;1800000;;1;;;;;;;;;;2
20230309;03;2023;7369547;1;1;01;11;1;4701.1121136;11;2;1;4;1;4;1;1;1;3;1;1;3;1;1;1;1;1;1;3;1;;;350000000;1600000;;;1;;;;;;;;;;2
20230309;03;2023;7369548;1;1;01;11;1;4957.452427;11;2;1;4;1;3;1;1;1;3;1;1;3;1;1;1;1;1;1;3;3;;;;;1200000;;1;;;;;;;;;;1
20230309;03;2023;7369549;1;1;01;11;1;3283.2622564;11;2;1;4;1;3;1;1;1;3;1;1;4;3;1;1;1;1;1;3;2;;1200000;220000000;1200000;;;1;;1;;;;;;;;4
20230309;03;2023;7369551;1;1;01;11;1;4851.763327;11;2;1;4;1;3;1;1;1;3;1;1;4;1;1;1;1;1;1;3;3;;;;;400000;;1;;;;;;;;;;1
20230309;03;2023;7369552;1;1;01;11;1;3013.0814926;11;2;1;4;1;1;1;1;1;3;1;1;2;2;1;1;1;1;1;3;3;;;;;400000;;;;;;;;;1;;;4
20230309;03;2023;7369553;1;1;01;11;1;3870.3733313;11;2;1;2;1;1;1;1;1;3;1;1;4;2;1;1;1;1;1;3;3;;;;;400000;;1;;;;;;;;;;3
20230309;03;2023;7369554;1;1;01;11;1;3635.8668993;11;2;1;2;1;1;1;1;1;3;1;1;2;1;1;1;1;1;1;3;1;;;99;400000;;;;;;;;1;;;;;2
20230309;03;2023;7369556;1;1;01;11;1;3364.4076229;11;2;1;2;1;1;1;1;1;3;1;1;4;3;1;1;1;1;1;3;3;;;;;450000;;1;;;;;;;;;;4
20230309;03;2023;7369557;1;1;01;11;1;3924.7348456;11;1;1;4;1;1;1;1;1;3;1;1;4;3;1;1;1;1;1;3;1;;;80000000;400000;;1;;;;;;;;;;;4
20230309;03;2023;7369558;1;1;01;11;1;4012.0143647;11;1;1;4;1;1;1;1;1;3;1;1;3;1;1;1;1;1;1;3;1;;;90000000;500000;;;1;;;;1;1;;;;;2
20230309;03;2023;7369559;1;1;01;11;1;1702.9293673;11;1;1;4;1;1;1;1;1;3;1;1;4;3;1;1;1;1;1;3;1;;;99;400000;;;1;;;;;1;;;;;10
20230309;03;2023;7369560;1;1;01;11;1;3478.0262189;11;2;1;4;1;1;1;1;1;3;1;1;3;2;1;1;1;1;1;3;3;;;;;300000;;;;;;;;;1;;;3
20230309;03;2023;7369561;1;1;01;11;1;4325.8875559;11;2;1;4;1;3;1;1;1;3;1;1;3;1;1;1;1;1;1;3;3;;;;;1100000;;1;;;;;1;;;;;2
20230309;03;2023;7369562;1;1;01;11;1;4908.8525996;11;2;1;4;1;2;1;1;1;3;1;1;3;1;1;1;1;1;1;3;2;;500000;100000000;650000;;;1;;1;;;;;;;;2
20230309;03;2023;7369563;1;1;01;11;1;3957.4643977;11;2;1;4;1;3;1;1;1;3;1;1;3;1;1;1;1;1;1;3;4;;;;800000;;;1;;;;;;;;;;1
20230309;03;2023;7369564;1;1;01;11;1;3851.4617637;11;2;1;4;1;3;1;1;1;3;1;1;4;3;1;1;1;1;1;3;1;;;200000000;1000000;;;1;;;;;;;;;;3
20230309;03;2023;7369566;1;1;01;11;1;4867.3169283;11;2;1;4;1;3;1;1;1;3;1;1;3;1;1;1;1;1;1;3;3;;;;;1017000;;1;;;;;1;;;;;1
20230309;03;2023;7369567;1;1;01;11;1;5592.5529718;11;2;1;4;1;5;1;1;1;3;1;1;2;1;1;1;1;1;1;3;3;;;;;1918000;1;1;;;;;1;;;;;1
20230309;03;2023;7369568;1;1;01;11;1;3980.3454768;11;2;1;4;1;3;1;1;1;3;1;1;3;2;1;1;1;1;1;3;3;;;;;750000;;1;;;;;;;;;;3
20230309;03;2023;7369573;1;1;01;11;1;2442.3634685;11;2;1;4;1;2;1;1;1;3;1;1;4;3;1;1;1;1;1;3;1;;;380000000;500000;;;1;;;;1;;;;;;4
20230309;03;2023;7369574;1;1;01;11;1;3151.0279394;11;2;1;4;1;2;1;1;1;3;1;1;3;2;1;1;1;1;1;3;3;;;;;420000;;1;;;;;;;;;;2
20230309;03;2023;7369575;1;1;01;11;1;4585.4328327;11;2;1;4;1;2;1;1;1;3;1;1;3;1;1;1;1;1;1;3;4;;;;950000;;;1;;;;;1;;;;;3
20230309;03;2023;7369576;1;1;01;11;1;3065.856981;11;2;1;4;1;2;1;1;1;3;1;1;4;3;1;1;1;1;1;3;3;;;;;800000;;1;;;;;;;;;;6
20230309;03;2023;7369578;1;1;01;11;1;4299.2727116;11;2;1;4;1;3;1;1;1;3;1;1;3;1;1;1;1;1;1;3;3;;;;;980000;;1;;;;;;;;;;1
20230309;03;2023;7369579;1;1;01;11;1;3407.1218498;11;2;1;4;1;3;2;1;1;3;1;1;2;1;1;1;1;1;3;1;3;;;;;1000000;;;;;;;;;1;;;1
20230309;03;2023;7369580;1;1;01;11;1;3407.1218498;11;2;1;4;1;3;1;1;1;3;1;1;2;1;1;2;1;1;1;3;1;;;500000000;3200000;;;1;;;;;1;;;;;1
20230309;03;2023;7369581;1;1;01;11;1;3407.1218498;11;3;1;4;1;3;1;1;1;3;1;1;1;1;1;1;1;1;1;3;3;;;;;300000;;;;;;;;;1;;;1
20230309;03;2023;7369582;1;1;01;11;1;2719.8573497;11;1;1;4;1;3;1;1;1;3;1;1;3;1;1;1;1;1;1;3;3;;;;;700000;;1;;;;1;1;;;;;1
20230309;03;2023;7369585;1;1;01;11;1;3407.1218498;11;3;1;4;1;3;1;1;1;3;1;1;1;1;1;2;1;1;1;3;3;;;;;485000;;1;;;;;;;;;;1
20230309;03;2023;7369586;1;1;01;11;1;2365.560201;11;1;1;4;1;3;2;1;1;3;1;1;5;2;1;1;1;1;1;4;1;;;500000000;2500000;;1;1;;;;;1;;;;;3
20230309;03;2023;7369587;1;1;01;11;1;2787.1437842;11;3;1;4;1;3;1;1;1;3;1;1;1;1;1;2;1;1;1;4;3;;;;;500000;;;;;;;;;1;;;2
20230309;03;2023;7369589;1;1;01;11;1;3009.4908981;11;2;1;4;1;3;1;1;1;3;1;1;3;1;1;1;1;1;1;3;3;;;;;950000;;1;;;;;1;;;;;1
20230309;03;2023;7369592;1;1;01;11;1;7167.2091551;11;2;1;4;1;3;1;1;1;3;1;1;4;1;1;1;1;1;1;3;2;;1600000;26000000;1100000;;;1;;1;;1;1;;;;;2
20230309;03;2023;7369593;1;1;01;11;1;4317.2338884;11;2;1;4;1;5;1;1;1;3;1;1;3;1;1;1;1;1;1;3;1;;;99;99;;;1;;;;;1;;;;;1
20230309;03;2023;7369594;1;1;01;11;1;7556.4371161;11;2;1;4;1;3;1;1;1;3;1;1;4;3;1;1;1;1;1;3;1;;;99;1500000;;;1;;1;;1;;;;;;3
20230309;03;2023;7369595;1;1;01;11;1;7167.2091551;11;2;1;4;1;3;1;1;1;3;1;1;4;3;1;1;1;1;1;3;1;;;99;1600000;;;1;;1;;;1;;;;;2
20230309;03;2023;7369596;1;1;01;11;1;6661.2643861;11;2;1;4;1;3;1;1;1;9;1;1;3;2;1;1;1;1;1;3;2;;1500000;98;1300000;;;1;;1;;;1;;;;;3
20230309;03;2023;7369599;1;1;01;13;1;690.54661698;13;2;1;4;1;2;1;1;1;3;1;1;3;1;1;1;1;1;1;3;7;VIVIENDA FAMILIAR;;;98;;;1;;;;;;;;;;1
20230309;03;2023;7369600;1;1;01;13;1;296.96100628;13;2;1;4;1;1;1;1;1;3;1;1;3;2;1;1;1;1;1;3;3;;;;;450000;;1;;;;;1;;;;;3
20230309;03;2023;7369601;1;1;01;13;1;253.30762729;13;2;1;4;1;1;1;1;1;3;1;1;2;1;1;1;1;1;3;3;3;;;;;450000;;;;;;;;;1;;;5
20230309;03;2023;7369602;1;1;01;13;1;267.006235;13;2;1;4;1;1;1;1;1;3;1;1;3;2;1;1;1;1;1;3;3;;;;;400000;;;;;;;;;1;;;3
20230309;03;2023;7369603;1;1;01;13;1;640.4905489;13;2;1;4;1;3;1;1;1;3;1;1;2;1;1;1;1;1;3;3;3;;;;;700000;;1;;;;;1;;;;;1
20230309;03;2023;7369604;1;1;01;13;1;427.18639841;13;2;1;4;1;3;1;1;1;3;1;1;3;2;1;1;1;1;3;3;3;;;;;750000;;1;;;;;1;;;;;4
20230309;03;2023;7369605;1;1;01;13;1;493.99744009;13;1;1;4;1;3;1;1;1;3;1;1;5;4;1;1;1;1;1;3;1;;;98;750000;;;1;;;;;;;;;;2
20230309;03;2023;7369607;1;1;01;13;1;586.81424904;13;2;1;4;1;3;1;1;1;3;1;1;3;2;1;1;1;1;1;3;3;;;;;700000;;1;;;;;;;;;;2
20230309;03;2023;7369608;1;1;01;13;1;382.89751219;13;1;1;4;1;3;1;1;1;3;1;1;4;3;1;1;1;1;3;3;6;;;;800000;;;1;;;;;1;;;;;5
20230309;03;2023;7369610;1;1;01;13;1;469.45139924;13;1;1;4;1;2;1;1;1;3;1;1;3;2;1;1;1;1;1;3;6;;;;98;;;1;;;;;;;;;;2
20230309;03;2023;7369611;1;1;01;13;1;395.19795207;13;2;1;4;1;2;1;1;1;3;1;1;3;2;1;1;1;1;3;3;1;;;300000000;1200000;;;1;;;;;;;;;;2
20230309;03;2023;7369612;1;1;01;13;1;431.77722766;13;1;1;1;1;1;2;1;1;3;1;1;3;2;1;1;1;1;1;4;4;;;;400000;;;;;;;;;;1;;;6
20230309;03;2023;7369613;1;1;01;13;1;424.74853227;13;2;1;2;1;1;1;1;1;3;1;1;3;2;1;1;1;1;3;3;3;;;;;350000;;;;;;;;;1;;;6
20230309;03;2023;7369614;1;1;01;13;1;526.57378062;13;1;1;4;1;9;1;1;1;3;1;1;3;2;1;1;1;1;3;3;3;;;;;360000;;;;;;;;;1;;;5
20230309;03;2023;7369615;1;1;01;13;1;425.14136445;13;2;1;2;1;9;1;1;1;3;1;1;3;1;1;1;1;1;1;3;1;;;10000000;300000;;;;;;;;;;1;;;2
20230309;03;2023;7369616;1;1;01;13;1;486.8039121;13;1;1;4;1;9;1;1;1;3;1;1;3;2;1;1;1;1;1;3;1;;;50000000;500000;;;;;;;;;;1;;;3
20230309;03;2023;7369617;1;1;01;13;1;267.94584727;13;1;5;1;1;9;1;1;1;3;1;1;4;3;1;1;1;1;1;3;1;;;15000000;300000;;;;;;;;;;1;;;5
20230309;03;2023;7369618;1;1;01;13;1;424.56233455;13;1;1;2;1;9;1;1;1;3;1;1;4;3;1;1;1;1;1;3;4;;;;400000;;;;;;;;;;1;;;6
20230309;03;2023;7369619;1;1;01;13;1;424.05132722;13;1;1;1;1;9;1;1;1;3;1;1;3;2;1;1;1;1;1;3;4;;;;400000;;;1;;;;;;;;;;5
20230309;03;2023;7369621;1;1;01;13;1;401.03708369;13;1;1;4;1;9;1;1;1;3;1;1;3;3;1;1;1;1;3;3;3;;;;;320000;;;;;;;;;1;;;9
20230309;03;2023;7369622;1;1;01;13;1;220.6394416;13;1;5;1;1;9;2;1;1;3;1;1;2;2;1;1;1;1;1;1;3;;;;;150000;;;;;;;;;1;;;7
20230309;03;2023;7369623;1;1;01;13;1;536.62599836;13;1;5;1;1;9;2;1;1;3;1;1;2;1;1;1;1;1;1;4;1;;;20000000;200000;;;;;;;;;;1;;;4
20230309;03;2023;7369624;1;1;01;13;1;354.92481269;13;2;1;4;1;1;1;1;1;3;1;1;3;2;1;1;1;1;1;3;1;;;50000000;500000;;;;;;;;;;1;;;3
20230309;03;2023;7369625;1;1;01;13;1;300.18177231;13;1;1;4;1;9;1;1;1;3;1;1;4;3;1;1;1;1;1;3;1;;;99;400000;;;;;;;;;;1;;;5
20230309;03;2023;7369626;1;1;01;13;1;229.71925401;13;2;1;4;1;1;1;1;1;3;1;1;5;3;1;1;1;1;1;3;1;;;90000000;500000;;;;;;;;;;1;;;7
20230309;03;2023;7369627;1;1;01;13;1;578.92278718;13;2;1;4;1;1;1;1;1;3;1;1;3;2;1;1;1;1;1;3;3;;;;;500000;;1;;;;;1;;;;;4
20230309;03;2023;7369629;1;1;01;13;1;582.72056472;13;2;1;2;1;1;1;1;1;3;1;1;3;2;1;1;1;1;3;3;3;;;;;600000;;;;;;;;;1;;;3
20230309;03;2023;7369630;1;1;01;13;1;370.21327158;13;2;1;4;1;1;1;1;1;3;1;1;3;2;1;1;1;1;1;3;1;;;45000000;350000;;;;;;;;;;1;;;3
20230309;03;2023;7369631;1;1;01;13;1;558.70937278;13;2;1;2;1;1;1;1;1;3;1;1;2;1;1;1;1;1;3;3;4;;;;400000;;;1;;;;;;;;;;4
20230309;03;2023;7369632;1;1;01;13;1;555.0708143;13;2;1;2;1;1;1;1;1;3;1;1;3;2;1;1;1;1;1;3;1;;;40000000;350000;;;;;;;;;;1;;;2
20230309;03;2023;7369633;1;1;01;13;1;645.70592756;13;1;1;2;1;9;2;1;1;3;1;1;3;1;1;1;1;1;1;1;4;;;;500000;;;;;;;;;;1;;;1
20230309;03;2023;7369634;1;1;01;13;1;442.63689385;13;2;5;2;1;1;1;1;1;3;1;1;3;1;1;1;1;1;1;3;1;;;25000000;250000;;;;;;;;;;1;;;2
20230309;03;2023;7369635;1;1;01;13;1;238.99107729;13;2;1;2;1;1;1;1;1;3;1;1;2;1;1;1;1;1;3;3;4;;;;400000;;;;;;;;;;1;;;6
20230309;03;2023;7369636;1;1;01;13;1;346.41148214;13;1;1;2;1;1;1;1;1;3;1;1;3;2;1;1;1;1;1;3;1;;;98;300000;;;1;;;;;;;;;;2
20230309;03;2023;7369638;1;1;01;13;1;439.54222218;13;1;1;4;1;1;1;1;1;3;1;1;2;1;1;1;1;1;3;3;4;;;;300000;;;1;;;;;;;;;;4
20230309;03;2023;7369639;1;1;01;13;1;279.46055243;13;2;1;4;1;1;1;1;1;3;1;1;4;2;1;1;1;1;1;3;4;;;;400000;;;1;;;;;;;;;;4
20230309;03;2023;7369640;1;1;01;13;1;341.96529683;13;2;1;4;1;1;1;2;1;3;1;1;3;2;2;1;1;1;3;3;4;;;;300000;;;;;;;;;;1;;;5
20230309;03;2023;7369641;1;1;01;13;1;265.8408028;13;1;1;4;1;9;1;1;1;3;1;1;4;3;1;1;1;1;1;3;1;;;99;450000;;;;;;;;;;1;;;5
20230309;03;2023;7369642;1;1;01;13;1;438.13899196;13;1;1;4;1;1;1;1;1;3;1;1;3;1;1;1;1;1;1;3;1;;;99;350000;;;;;;;;;;1;;;1
20230309;03;2023;7369643;1;1;01;13;1;442.30386442;13;2;1;4;1;1;1;1;1;3;1;1;3;2;1;1;1;1;1;3;1;;;70000000;400000;;;1;;;;;;;;;;3
20230309;03;2023;7369644;1;1;01;13;1;526.13075579;13;2;1;4;1;1;1;1;1;3;1;1;2;1;1;1;1;1;1;3;3;;;;;300000;;;;;;;;;1;;;1
20230309;03;2023;7369645;1;1;01;13;1;381.48488263;13;1;1;4;1;1;1;1;1;3;1;1;4;3;1;1;1;1;1;3;4;;;;300000;;;;;;;;;;1;;;6
20230309;03;2023;7369646;1;1;01;13;1;290.16143309;13;2;1;2;1;1;1;2;1;3;1;1;3;2;2;1;1;1;3;3;1;;;45000000;350000;;;;;;;;;;1;;;3
20230309;03;2023;7369647;1;1;01;13;1;362.45981719;13;1;5;2;1;1;1;2;1;3;1;1;3;2;5;1;1;1;4;3;4;;;;400000;;;;;;;;;;1;;;6
20230309;03;2023;7369648;1;1;01;13;1;241.31899035;13;2;1;4;1;1;1;2;1;3;1;1;3;2;2;1;1;1;3;3;5;;;;350000;;;;;;;;;;1;;;5
20230309;03;2023;7369650;1;1;01;13;1;393.52573213;13;1;1;2;1;1;1;2;1;3;1;1;3;2;2;1;1;1;1;3;4;;;;300000;;;;;;;;;;1;;;4
20230309;03;2023;7369651;1;1;01;13;1;311.77033393;13;2;1;2;1;1;1;1;1;3;1;1;1;1;1;1;1;1;1;3;1;;;20000000;300000;;;;;;;;;;1;;;2
20230309;03;2023;7369652;1;1;01;13;1;383.85932341;13;1;1;4;1;1;1;1;1;3;1;1;3;2;1;1;1;1;1;3;1;;;25000000;400000;;;1;;;;;1;;;;;3
20230309;03;2023;7369653;1;1;01;13;1;407.76300662;13;1;1;2;1;1;2;2;1;3;2;1;2;1;2;1;1;10;1;4;3;;;;;400000;;;;;;;;;1;;;4
20230309;03;2023;7369654;1;1;01;13;1;415.13463297;13;2;1;4;1;1;2;2;1;3;1;1;3;2;2;1;1;1;1;4;4;;;;600000;;;1;;;;;;;;;;3
20230309;03;2023;7369655;1;1;01;13;1;386.15410578;13;2;1;4;1;1;1;1;1;3;1;1;3;2;1;1;1;1;1;3;3;;;;;450000;;;;;;;;;1;;;5
20230309;03;2023;7369657;1;1;01;13;1;558.15148492;13;2;1;2;1;6;1;1;1;7;1;1;5;3;1;1;1;1;1;3;1;;;500000000;2500000;;;1;;;1;;1;;;;;2
20230309;03;2023;7369658;1;1;01;13;1;395.89883673;13;2;1;2;1;6;1;1;1;7;1;1;5;2;1;1;1;1;1;3;1;;;480000000;2500000;;;1;;;;;;;;;;2
20230309;03;2023;7369659;1;1;01;13;1;601.29229233;13;2;1;4;1;6;1;1;1;7;1;1;3;2;1;1;1;1;3;3;3;;;;;2500000;;1;;;;;;;;;;1
20230309;03;2023;7369661;1;1;01;13;1;500.73027652;13;2;1;4;1;6;1;1;1;7;1;1;3;1;1;1;1;1;1;3;1;;;480000000;2500000;;;1;;;;;;;;;;1
20230309;03;2023;7369662;1;1;01;13;1;406.84534521;13;2;1;4;1;3;1;1;1;3;1;1;4;2;1;1;1;1;1;3;3;;;;;1000000;;1;;;;;1;;;;;5
20230309;03;2023;7369664;1;1;01;13;1;537.0123216;13;2;1;4;1;3;1;1;1;3;1;1;4;1;1;1;1;1;2;3;1;;;200000000;1200000;;;1;;;;;1;;;;;1
20230309;03;2023;7369665;1;1;01;13;1;418.24208811;13;2;1;4;1;3;1;1;1;3;1;1;4;3;1;1;1;1;1;3;3;;;;;1000000;;1;;;;;;;;;;6
20230309;03;2023;7369666;1;1;01;13;1;475.76529092;13;2;1;4;1;3;1;1;1;3;1;1;4;3;1;1;1;1;3;3;1;;;200000000;1000000;;;1;;;;;1;;;;;4
20230309;03;2023;7369667;1;1;01;13;1;518.91829121;13;2;1;4;1;3;1;1;1;3;1;1;4;2;1;1;1;1;1;3;3;;;;;180000;;1;;;;;1;;;;;3
20230309;03;2023;7369668;1;1;01;13;1;277.63997141;13;2;1;4;1;3;1;1;1;3;1;1;4;3;1;1;1;1;3;3;1;;;150000000;1200000;;;1;;;;;;;;;;4
20230309;03;2023;7369670;1;1;01;13;1;491.90716516;13;2;1;4;1;3;1;1;1;3;1;1;4;3;1;1;1;1;1;3;1;;;140000000;1200000;;;1;;;;;;;;;;4
20230309;03;2023;7369671;1;1;01;13;1;567.22696108;13;2;1;4;1;3;1;1;1;3;1;1;4;3;1;1;1;1;1;3;3;;;;;500000;;1;;;;;;;;;;2
20230309;03;2023;7369672;1;1;01;13;1;500.73027652;13;2;1;4;1;6;1;1;1;7;1;1;3;1;1;1;1;1;1;3;3;;;;;2600000;;1;;;;;1;;;;;1
20230309;03;2023;7369673;1;1;01;13;1;545.5363267;13;2;1;4;1;6;1;1;1;7;1;1;3;1;1;1;1;1;1;3;3;;;;;2700000;;1;;;;;;;;;;1
20230309;03;2023;7369675;1;1;01;13;1;480.75991921;13;2;1;4;1;6;1;1;1;7;1;1;4;1;1;1;1;1;1;3;1;;;600000000;2800000;;;1;;;;;;;;;;2
20230309;03;2023;7369676;1;1;01;15;1;92.160383925;15;2;1;4;1;3;1;1;1;7;1;1;2;1;1;1;1;1;1;3;3;;;;;600000;;1;;;;;;;;;;1
20230309;03;2023;7369677;1;1;01;15;1;100.8151111;15;2;1;2;1;2;1;1;1;3;1;1;2;1;1;1;1;1;1;3;3;;;;;500000;;;;;;;;;1;;;3
20230309;03;2023;7369678;1;1;01;15;1;157.4591094;15;1;1;4;1;3;1;1;1;3;1;1;3;2;1;1;1;1;1;3;3;;;;;700000;;;;;;;;;1;;;4
20230309;03;2023;7369680;1;1;01;15;1;33.222724254;15;1;1;3;1;4;1;1;1;3;1;1;4;3;1;1;1;1;1;3;3;;;;;900000;;1;;;;1;1;;;;;3
20230309;03;2023;7369681;1;1;01;15;1;59.793049509;15;1;1;4;1;4;1;1;1;3;1;1;4;3;1;1;1;1;1;3;3;;;;;1000000;;;;;;1;;;;;;4
20230309;03;2023;7369682;1;1;01;15;1;68.022335261;15;1;1;4;1;4;1;1;1;3;1;1;4;2;1;1;1;1;1;3;3;;;;;850000;;1;;;;1;1;;;;;4
20230309;03;2023;7369683;1;1;01;15;1;82.061549932;15;1;1;4;1;4;1;1;1;3;1;1;4;3;1;1;1;1;1;3;1;;;120000000;800000;;;1;;;1;;;;;;;5
20230309;03;2023;7369684;1;1;01;15;1;59.186716027;15;2;1;4;1;3;1;1;1;3;1;1;4;3;1;1;1;1;1;1;1;;;150000000;600000;;;1;;;;;1;;;;;4
20230309;03;2023;7369685;1;1;01;15;1;32.78033503;15;1;1;4;1;4;1;1;1;3;1;1;4;3;1;1;1;1;1;3;1;;;180000000;700000;;;1;;;;1;;;;;;4
20230309;03;2023;7369686;1;1;01;15;1;78.16492365;15;1;1;4;1;4;1;1;1;3;1;1;4;3;1;1;1;1;1;3;1;;;150000000;1000000;;;1;;;1;;;;;;;4
20230309;03;2023;7369687;1;1;01;15;1;55.530657163;15;2;1;4;1;2;1;1;1;3;1;1;3;1;1;1;1;1;1;3;3;;;;;300000;;;;;;;;;1;;;1
20230309;03;2023;7369688;1;1;01;15;1;133.30341246;15;2;1;4;1;5;1;1;1;3;1;1;2;1;1;1;1;1;1;3;3;;;;;630000;;;;;;;;;1;;;1
20230309;03;2023;7369689;1;1;01;15;1;142.91596419;15;2;1;4;1;4;1;1;1;3;1;1;3;3;1;1;1;1;1;3;3;;;;;1000000;;1;;;;;1;;;;;3
20230309;03;2023;7369690;1;1;01;15;1;87.872982972;15;2;1;4;1;2;1;1;1;3;1;1;3;2;1;1;1;1;1;3;3;;;;;400000;;;;;;;;1;;;NEQUI;2
20230309;03;2023;7369691;1;1;01;15;1;149.83001453;15;1;1;4;1;2;1;1;1;3;1;1;3;1;1;1;1;1;1;3;3;;;;;370000;;;;;;;;;1;;;4
20230309;03;2023;7369692;1;1;01;15;1;133.99957277;15;1;1;4;1;2;1;1;1;3;1;1;4;3;1;1;1;1;1;3;1;;;98;600000;;;;;;;;;;1;;;3
20230309;03;2023;7369693;1;1;01;15;1;161.41725828;15;1;1;4;1;4;1;1;1;3;1;1;5;3;1;1;1;1;1;3;4;;;;1500000;;;1;;;;;1;;;;;4
20230309;03;2023;7369694;1;1;01;15;1;102.16268147;15;2;1;4;1;3;1;1;1;3;1;1;3;2;1;1;1;1;1;3;3;;;;;450000;;;;;;;;;1;;;3
20230309;03;2023;7369695;1;1;01;15;1;104.75931022;15;1;1;4;1;4;1;1;1;3;1;1;4;1;1;1;1;1;1;3;2;;2000000;600000000;1500000;;;1;;;;;;;;;;2
20230309;03;2023;7369697;1;1;01;15;1;94.643808855;15;1;1;4;1;4;1;1;1;3;1;1;4;3;1;1;1;1;1;3;2;;500000;300000000;1500000;;;1;;1;;;;;;;;4
20230309;03;2023;7369698;1;1;01;15;1;71.896076977;15;2;1;4;1;1;1;1;1;3;1;1;3;1;1;1;1;1;1;3;3;;;;;250000;;;;;;;;;1;;;2
20230309;03;2023;7369699;1;1;01;15;1;163.17862708;15;2;1;4;1;5;1;1;1;3;1;1;3;1;1;1;1;1;1;3;3;;;;;1300000;;1;;;;;;;;;;1
20230309;03;2023;7369700;1;1;01;15;1;118.20147906;15;2;1;4;1;2;1;1;1;3;1;1;3;2;1;1;1;1;1;3;4;;;;500000;;;1;;;;;;;;;;3
20230309;03;2023;7369701;1;1;01;15;1;122.01413762;15;2;1;4;1;2;1;1;1;3;1;1;2;2;1;1;1;1;1;3;1;;;180000000;500000;;;1;;;;1;;;;;;2
20230309;03;2023;7369702;1;1;01;15;1;107.57277769;15;2;1;4;1;2;1;1;1;3;1;1;3;2;1;1;1;1;1;3;3;;;;;800000;;1;;;;;;;;;;2
20230309;03;2023;7369703;1;1;01;15;1;118.16396154;15;1;1;4;1;2;1;1;1;3;1;1;3;2;1;1;1;1;1;3;2;;400000;99;450000;;;1;;1;;;;;;;;4
20230309;03;2023;7369704;1;1;01;15;1;104.68614587;15;2;1;4;1;2;1;1;1;3;1;1;4;3;1;1;1;1;1;3;3;;;;;500000;;1;;;;;;;;;;5
20230309;03;2023;7369705;1;1;01;15;1;64.462643723;15;2;1;4;1;1;1;1;1;3;1;1;4;3;1;1;1;1;1;3;3;;;;;300000;;;;;;;;;1;;;3
20230309;03;2023;7369706;1;1;01;15;1;61.096037443;15;2;1;4;1;1;1;1;1;3;1;1;4;2;1;1;1;1;1;3;1;;;120000000;600000;;;1;;;;;;;;;;2
20230309;03;2023;7369707;1;1;01;15;1;82.746437938;15;2;1;4;1;2;1;1;1;3;1;1;1;1;1;2;1;1;1;3;3;;;;;500000;;1;;;;;;;;;;2
20230309;03;2023;7369708;1;1;01;15;1;68.320090943;15;1;1;4;1;4;1;1;1;3;1;1;4;2;1;1;1;1;1;3;3;;;;;860000;;1;;;;;;;;;;3
20230309;03;2023;7369711;1;1;01;15;1;56.224317921;15;2;1;4;1;3;1;1;1;7;1;1;5;1;1;1;1;1;1;3;3;;;;;200000;;;;;;;;;1;;;1
20230309;03;2023;7369712;1;1;01;15;1;66.264374692;15;2;1;4;1;2;1;1;1;3;1;1;4;3;1;1;1;1;1;3;3;;;;;600000;;1;;;;;;;;;;3
20230309;03;2023;7369713;1;1;01;15;1;167.95018893;15;2;1;4;1;2;1;1;1;3;1;1;3;2;1;1;1;1;1;3;1;;;98;600000;;;1;;;;;;;;;;3
20230309;03;2023;7369714;1;1;01;15;1;115.15476045;15;2;1;4;1;1;1;1;1;3;1;1;4;3;1;1;1;1;1;3;2;;250000;80000000;500000;;;;;;;;;;1;;;5
20230309;03;2023;7369715;1;1;01;15;1;92.663149418;15;2;1;6;1;1;1;1;1;3;1;1;4;3;1;1;1;1;1;3;2;;295000;100000000;500000;;;;;1;;;;;;;;4
20230309;03;2023;7369716;1;1;01;15;1;80.78848045;15;2;1;4;1;3;1;1;1;7;1;1;2;1;1;1;1;1;1;3;3;;;;;200000;;1;;;;;;;;;;1
20230309;03;2023;7369718;1;1;01;15;1;29.326097973;15;1;1;4;1;4;1;1;1;3;1;1;4;2;1;1;1;1;1;3;1;;;180000000;1500000;;;1;;;;;;;;;;2
20230309;03;2023;7369719;1;1;01;15;1;132.61044693;15;2;1;4;1;3;1;1;1;7;1;1;3;2;1;1;1;1;1;3;3;;;;;550000;;1;;;;;;;;;;3
20230309;03;2023;7369720;1;1;01;15;1;79.329510232;15;2;1;4;1;1;1;1;1;3;1;1;4;1;1;1;1;1;1;3;2;;255000;90000000;450000;;;;;1;;;;;;;;1
20230309;03;2023;7369734;1;1;01;17;1;215.09603536;17;2;1;4;1;4;1;1;1;2;1;1;4;3;1;1;1;1;1;3;3;;;;;900000;;1;;;;;;;;;;8
20230309;03;2023;7369735;1;1;01;17;1;158.93910205;17;2;1;4;1;4;1;1;1;2;1;1;3;2;1;1;1;1;1;3;3;;;;;630000;;1;;;;;1;;;;;2
20230309;03;2023;7369736;1;1;01;17;1;165.35527157;17;2;5;4;1;4;1;1;1;2;1;1;3;1;1;1;1;1;1;3;1;;;99;1200000;;;1;;;;;;;;;;1
20230309;03;2023;7369738;1;1;01;17;1;322.39278129;17;2;1;4;1;4;1;1;1;2;1;1;4;2;1;1;1;1;1;3;4;;;;1500000;;;1;;;;1;1;;;;;3
20230309;03;2023;7369741;1;1;01;17;1;312.76810345;17;2;1;4;1;4;1;1;1;2;1;1;4;1;1;1;1;1;1;3;3;;;;;1100000;;1;;;;;;;;;;1
20230309;03;2023;7369743;1;1;01;17;1;332.1690182;17;2;1;4;1;4;1;1;1;2;1;1;2;1;1;1;1;1;1;3;3;;;;;790000;;1;;;1;;1;;;;;1
20230309;03;2023;7369744;1;1;01;17;1;372.79384093;17;2;1;4;1;4;1;1;1;2;1;1;3;2;1;1;1;1;1;3;2;;600000;99;1500000;;;1;;1;;1;1;;;;;3
20230309;03;2023;7369747;1;1;01;17;1;298.96823654;17;2;1;3;1;4;1;1;1;2;1;1;3;1;1;1;1;1;1;3;1;;;99;1300000;;;1;;;;;;;;;;1
20230309;03;2023;7369748;1;1;01;17;1;298.96823654;17;2;1;4;1;4;1;1;1;2;1;1;4;1;1;1;1;1;1;3;3;;;;;99;;1;;;;;;;;;;1
20230309;03;2023;7369749;1;1;01;17;1;298.96823654;17;2;1;3;1;4;1;1;1;2;1;1;4;1;1;1;1;1;1;3;4;;;;1200000;;;1;;;;;1;;;;;1
20230309;03;2023;7369750;1;1;01;17;1;332.1690182;17;2;1;4;1;4;1;1;1;2;1;1;4;1;1;1;1;1;1;3;3;;;;;1190000;;1;1;;;;;;;;;1
20230309;03;2023;7369751;1;1;01;17;1;209.15497299;17;2;1;2;1;6;1;1;1;2;1;1;2;1;1;1;1;1;1;3;3;;;;;1200000;;1;;;;;1;;;;;2
20230309;03;2023;7369752;1;1;01;17;1;146.25831267;17;2;1;4;1;2;1;1;1;2;1;1;3;2;1;1;1;1;1;3;3;;;;;400000;;;;;;;;;1;;;2
20230309;03;2023;7369753;1;1;01;17;1;253.6722932;17;2;4;3;1;1;1;1;1;2;1;1;4;3;1;1;1;1;1;3;3;;;;;450000;;1;;;;;;;;;;5
20230309;03;2023;7369754;1;1;01;17;1;209.27776558;17;2;1;2;1;6;1;1;1;2;1;1;2;1;1;1;1;1;1;3;1;;;250000000;1000000;;;1;;;;;1;;;;;1
20230309;03;2023;7369755;1;1;01;17;1;186.02468051;17;1;1;4;1;3;1;1;1;2;1;1;5;1;1;1;1;1;1;3;1;;;250000000;500000;;;1;;;;;;;;;;1
20230309;03;2023;7369756;1;1;01;17;1;199.46475395;17;2;1;4;1;3;1;1;1;2;1;1;4;2;1;1;1;1;1;3;3;;;;;600000;;1;;;;;;;;;;2
20230309;03;2023;7369757;1;1;01;17;1;192.37195538;17;1;1;4;1;3;1;1;1;2;1;1;4;3;1;1;1;1;1;3;3;;;;;700000;;1;;;;;;;;;;4
20230309;03;2023;7369758;1;1;01;17;1;221.36839961;17;2;1;4;1;1;1;1;1;2;1;1;3;1;1;1;1;1;1;3;1;;;80000000;300000;;;1;;;;;;;;;;2
20230309;03;2023;7369759;1;1;01;17;1;246.77988029;17;2;1;4;1;6;1;1;1;2;1;1;4;3;1;1;1;1;1;3;1;;;700000000;3000000;;;1;;;;;1;;;;;4
20230309;03;2023;7369760;1;1;01;17;1;175.13469839;17;2;1;4;1;3;1;1;1;2;1;1;3;1;1;1;1;1;1;3;3;;;;;610000;;1;;;;;;;;;;2
20230309;03;2023;7369761;1;1;01;17;1;241.68840779;17;2;1;4;1;1;1;1;1;2;1;1;2;2;1;1;1;1;1;3;6;;;;400000;;;;;;;;;;1;;;3
20230309;03;2023;7369762;1;1;01;17;1;232.02648243;17;2;1;4;1;1;1;1;1;2;1;1;3;2;1;1;1;1;1;3;6;;;;450000;;;1;;;;;;1;;;NEQUI;4
20230309;03;2023;7369764;1;1;01;17;1;165.44011845;17;2;1;4;1;2;1;1;1;2;1;1;3;1;1;1;1;1;1;3;3;;;;;500000;;1;;;;;;;;;;3
20230309;03;2023;7369765;1;1;01;17;1;205.14700023;17;2;1;2;1;6;1;1;1;2;1;1;2;1;1;1;1;1;1;3;3;;;;;1000000;;1;;;;;;;;;;1
20230309;03;2023;7369766;1;1;01;17;1;208.76664737;17;1;1;4;1;3;1;1;1;2;1;1;4;3;1;1;1;1;1;3;4;;;;700000;;;1;;;;;;;;;;3
20230309;03;2023;7369768;1;1;01;17;1;186.02468051;17;1;1;4;1;2;1;1;1;2;1;1;4;1;1;1;1;1;1;3;1;;;2000000000;700000;;;1;;;;;;;;;;1
20230309;03;2023;7369769;1;1;01;17;1;110.70012499;17;2;1;4;1;3;1;1;1;2;1;1;3;2;1;1;1;1;1;3;3;;;;;590000;;1;;;;;;;;;;3
20230309;03;2023;7369770;1;1;01;17;1;216.04668861;17;2;1;4;1;3;1;1;1;2;1;1;4;3;1;1;1;1;1;3;3;;;;;760000;;1;;;;;;;;;;5
20230309;03;2023;7369772;1;1;01;17;1;157.29264266;17;1;1;4;1;2;1;1;1;2;1;1;3;2;1;1;1;1;1;3;2;;600000;200000000;600000;;;1;;;;;;;;;;3
20230309;03;2023;7369774;1;1;01;17;1;131.52551024;17;2;1;4;1;6;1;1;1;2;1;1;2;1;1;1;1;1;1;3;3;;;;;600000;;1;;;;;;;;;;1
20230309;03;2023;7369775;1;1;01;17;1;224.73775772;17;2;1;4;1;3;1;1;1;2;1;1;3;2;1;1;1;1;1;3;3;;;;;800000;;1;;;;;;;;;;2
20230309;03;2023;7369776;1;1;01;17;1;177.32894769;17;2;1;4;1;3;1;1;1;2;1;1;3;2;1;1;1;1;1;3;3;;;;;550000;;1;;;;;;;;;;2
20230309;03;2023;7369778;1;1;01;17;1;131.52551024;17;2;1;2;1;6;1;1;1;2;1;1;1;1;1;1;1;1;2;3;3;;;;;500000;;1;;;;;1;;;;;1
20230309;03;2023;7369779;1;1;01;17;1;123.84353187;17;2;1;2;1;6;1;1;1;2;1;1;2;1;1;1;1;1;1;3;3;;;;;150000;;;;;;;;;1;;;1
20230309;03;2023;7369780;1;1;01;17;1;118.91347708;17;1;1;2;1;6;1;1;1;2;1;1;5;2;1;1;1;1;1;3;1;;;98;1500000;;;1;;;;;1;;;;;3
20230309;03;2023;7369781;1;1;01;17;1;115.10249353;17;2;1;2;1;6;1;1;1;2;1;1;1;1;1;1;1;1;1;3;3;;;;;470000;;1;;;;;;;;;;1
20230309;03;2023;7369784;1;1;01;17;1;177.00825642;17;2;1;4;1;2;1;1;1;2;1;1;4;2;1;1;1;1;1;3;1;;;98;800000;;;1;;;;;;;;;;3
20230309;03;2023;7369785;1;1;01;17;1;202.77795894;17;2;4;4;1;3;1;1;1;2;1;1;2;1;1;1;1;1;1;3;3;;;;;500000;;1;;;;;;;;;;1
20230309;03;2023;7369786;1;1;01;17;1;149.19781835;17;2;1;4;1;2;1;1;1;2;1;1;2;1;1;1;1;1;1;3;4;;;;550000;;;1;;;;;;;;;;1
20230309;03;2023;7369787;1;1;01;17;1;148.93032494;17;2;1;4;1;3;2;1;1;2;1;1;4;2;1;1;1;1;1;4;3;;;;;430000;;1;;;;;;;;;;4
20230309;03;2023;7369788;1;1;01;17;1;141.01707445;17;2;1;4;1;3;1;1;1;2;1;1;4;3;1;1;1;1;1;3;3;;;;;800000;;1;;;;;1;;;;;4
20230309;03;2023;7369789;1;1;01;17;1;136.71747842;17;2;1;4;1;3;1;1;1;2;1;1;4;2;1;1;1;1;1;3;3;;;;;650000;;1;;;;;;;;;;3
20230309;03;2023;7369791;1;1;01;17;1;134.24389341;17;2;1;4;1;3;1;1;1;2;1;1;3;2;1;1;1;1;1;3;3;;;;;600000;;1;;;;;1;;;;;4
20230309;03;2023;7369792;1;1;01;17;1;139.07791575;17;1;1;4;1;3;1;1;1;2;1;1;4;2;1;1;1;1;1;3;3;;;;;700000;;1;;;1;;;;;;;3
20230309;03;2023;7369793;1;1;01;17;1;128.83352281;17;2;1;4;1;3;1;1;1;2;1;1;3;1;1;1;1;1;1;3;3;;;;;500000;;;;;;;;1;;;BANCOLOMBIA A LA MANO;2
20230309;03;2023;7369794;1;1;01;17;1;123.43716575;17;1;1;3;1;3;1;1;1;2;1;1;4;3;1;1;1;1;1;3;3;;;;;600000;;1;;;;;;;;;;3
20230309;03;2023;7369795;1;1;01;17;1;148.44416216;17;2;1;4;1;3;1;1;1;2;1;1;4;3;1;1;1;1;1;3;3;;;;;650000;;1;;;;;;;;;;4
20230309;03;2023;7369796;1;1;01;17;1;134.4340788;17;2;3;3;1;3;1;1;1;2;1;1;4;2;1;1;1;1;1;3;3;;;;;99;;1;;;;;;;;;;3
20230309;03;2023;7369797;1;1;01;17;1;130.58777917;17;2;1;4;1;3;1;1;1;2;1;1;4;2;1;1;1;1;1;3;3;;;;;800000;;1;;;;;;;;;;2
20230309;03;2023;7369799;1;1;01;17;1;132.86760728;17;1;1;4;1;3;1;1;1;2;1;1;2;1;1;1;1;1;1;3;3;;;;;600000;;1;;;;;;;;;;1
20230309;03;2023;7369801;1;1;01;17;1;166.03459768;17;2;1;4;1;4;1;1;1;2;1;1;3;2;1;1;1;1;1;3;1;;;99;2000000;;;1;;;;;;;;;;2
20230309;03;2023;7369803;1;1;01;17;1;114.56903819;17;1;1;4;1;2;1;1;1;2;1;1;4;3;1;1;1;1;1;3;1;;;2000000000;600000;;;1;;;;;;;;;;5
20230309;03;2023;7369804;1;1;01;17;1;185.21727153;17;2;1;2;1;4;1;1;1;2;1;1;4;1;1;1;1;1;1;3;3;;;;;859000;;1;;;;;1;;;;;2
20230309;03;2023;7369806;1;1;01;17;1;209.19655231;17;2;1;2;1;4;1;1;1;2;1;1;4;3;1;1;1;1;1;3;3;;;;;1100000;;1;;;;;;;;;;4
20230309;03;2023;7369808;1;1;01;17;1;133.59737797;17;2;1;4;1;3;1;1;1;2;1;1;4;2;1;1;1;1;1;3;3;;;;;680000;;1;;;;;;;;;;2
20230309;03;2023;7369809;1;1;01;17;1;204.25199818;17;1;1;4;1;2;1;1;1;2;1;1;4;3;1;1;1;1;1;3;2;;600000;700000;120000000;;;1;;;;;;;;;;4
20230309;03;2023;7369810;1;1;01;17;1;148.81172015;17;2;1;4;1;2;2;1;1;2;1;1;1;1;1;1;1;1;6;;1;;;150000000;500000;;;;;;;;;;1;;;1
20230309;03;2023;7369811;1;1;01;17;1;207.31738793;17;2;1;4;1;4;1;1;1;2;1;1;4;3;1;1;1;1;1;3;3;;;;;950000;;1;;;;;;;;;;4
20230309;03;2023;7369812;1;1;01;17;1;169.32768273;17;2;1;4;1;4;1;1;1;2;1;1;3;1;1;1;1;1;1;3;1;;;180000000;900000;;;1;;;;;;;;;;1
20230309;03;2023;7369813;1;1;01;17;1;80.337987471;17;2;1;4;1;3;1;1;1;2;1;1;3;1;1;1;1;1;1;3;1;;;99;600000;;;1;;;;;;;;;;1
20230309;03;2023;7369816;1;1;01;17;1;200.40382018;17;2;1;2;1;5;1;1;1;2;1;1;4;2;1;1;1;1;1;3;2;;3000000;250000000;2000000;;;1;;1;;1;1;;;;;3
20230309;03;2023;7369817;1;1;01;17;1;205.43652421;17;2;1;4;1;5;1;1;1;2;1;1;3;2;1;1;1;1;1;3;3;;;;;1000000;;1;;;;;;;;;;2
20230309;03;2023;7369818;1;1;01;17;1;217.12147722;17;2;1;2;1;5;1;1;1;2;1;1;2;1;1;1;1;1;1;3;3;;;;;640000;;1;;;;;;;;;;1
20230309;03;2023;7369819;1;1;01;17;1;206.95026046;17;1;1;4;1;3;1;1;1;2;1;1;5;3;1;1;1;1;1;3;3;;;;;1080000;;1;;;;1;;;;;;4
20230309;03;2023;7369820;1;1;01;17;1;92.714343163;17;2;1;4;1;3;1;1;1;2;1;1;4;3;1;1;1;1;1;3;4;;;;600000;;;1;;;1;1;1;;;;;5
20230309;03;2023;7369822;1;1;01;17;1;214.27771341;17;2;1;4;1;5;1;1;1;2;1;1;4;3;1;1;1;1;1;3;3;;;;;1200000;;1;;;;;;;;;;4
20230309;03;2023;7369824;1;1;01;17;1;190.01046551;17;2;1;4;1;5;1;1;1;2;1;1;2;1;1;1;1;1;1;3;4;;;;470000;;;1;;;;;;;;;;1
20230309;03;2023;7369825;1;1;01;17;1;191.56263097;17;2;1;2;1;5;1;1;1;2;1;1;2;1;1;1;1;1;1;3;3;;;;;710000;;1;;;;;;;;;;1
20230309;03;2023;7369827;1;1;01;17;1;162.77159545;17;2;4;3;1;3;1;1;1;2;1;1;4;1;1;1;1;1;1;3;1;;;170000000;500000;;;;;;;;;;1;;;1
20230309;03;2023;7369828;1;1;01;17;1;223.99873822;17;1;4;3;1;3;1;1;1;2;1;1;4;3;1;1;1;1;1;3;3;;;;;400000;;1;;;;;;;;;;5
20230309;03;2023;7369829;1;1;01;17;1;162.77159545;17;1;4;3;1;3;1;1;1;2;1;1;4;1;1;1;1;1;1;3;3;;;;;450000;;1;;;;;;;;;;1
20230309;03;2023;7369831;1;1;01;17;1;162.77159545;17;2;4;3;1;3;2;1;1;2;1;1;5;1;1;1;1;1;1;4;4;;;;500000;;;;;;;;;;1;;;1
20230309;03;2023;7369832;1;1;01;17;1;177.43071407;17;3;4;3;1;3;1;1;1;2;1;1;1;1;1;2;1;1;6;;3;;;;;200000;;;;;;;;;1;;;1
20230309;03;2023;7369833;1;1;01;17;1;225.07941391;17;2;4;3;1;3;2;1;1;2;1;1;2;1;1;1;1;1;1;4;3;;;;;500000;;;;;;;;;1;;;3
20230309;03;2023;7369834;1;1;01;17;1;158.2659286;17;2;1;4;1;3;1;1;1;2;1;1;3;1;1;1;1;1;1;3;3;;;;;250000;;1;;;;;;;;;;1
20230309;03;2023;7369835;1;1;01;17;1;105.32344476;17;2;1;4;1;3;1;1;1;2;1;1;2;1;1;1;1;1;1;3;3;;;;;350000;;1;;;;;;;;;;1
20230309;03;2023;7369836;1;1;01;17;1;104.80203013;17;2;1;4;1;3;1;1;1;2;1;1;3;2;1;1;1;1;1;3;3;;;;;600000;;1;;;;;;;;;;3
20230309;03;2023;7369838;1;1;01;17;1;80.337987471;17;2;1;4;1;3;1;1;1;2;1;1;4;1;1;1;1;1;1;3;1;;;25000000;500000;;;1;;;;;;;;;;1
20230309;03;2023;7369840;1;1;01;17;1;308.38156894;17;2;1;4;1;4;1;1;1;2;1;1;5;3;1;1;1;1;1;3;1;;;99;1500000;;1;1;1;1;;;1;;;;;6
20230309;03;2023;7369842;1;1;01;17;1;228.12520381;17;2;1;4;1;4;1;1;1;2;1;1;2;1;1;1;1;1;1;3;1;;;99;600000;;;1;;;;;;;;;;1
20230309;03;2023;7369844;1;1;01;17;1;209.15497299;17;2;1;4;1;4;1;1;1;2;1;1;3;2;1;1;1;1;1;3;3;;;;;950000;;1;;;;;;1;;;CREDITO PARA ESTUDIO ICETEX;2
20230309;03;2023;7369847;1;1;01;18;1;99.882128085;18;1;1;4;1;2;1;1;1;2;1;1;3;1;1;1;1;1;1;3;3;;;;;500000;;;;;;;;;1;;;1
20230309;03;2023;7369848;1;1;01;18;1;174.92240001;18;2;1;4;1;2;1;1;1;2;1;1;2;2;1;1;1;1;1;3;3;;;;;550000;;;;;;;;;1;;;4
20230309;03;2023;7369849;1;1;01;18;1;83.275711526;18;1;1;2;1;2;1;1;1;2;1;1;3;2;1;1;1;1;1;3;4;;;;400000;;;1;;;;;;;;;;4
20230309;03;2023;7369850;1;1;01;18;1;51.886819784;18;2;1;4;1;2;1;1;1;2;1;1;2;1;1;1;1;1;1;3;3;;;;;330000;;;;;;;;;1;;;1
20230309;03;2023;7369851;1;1;01;18;1;51.886819784;18;1;1;2;1;2;1;1;1;2;1;1;3;1;1;1;1;1;1;3;1;;;30000000;200000;;;;;;;;;;1;;;1
20230309;03;2023;7369852;1;1;01;18;1;100.56382428;18;1;1;4;1;2;1;1;1;2;1;1;3;3;1;1;1;1;1;3;1;;;6000000;300000;;;;;;;;;;1;;;4
20230309;03;2023;7369853;1;1;01;18;1;106.33343259;18;1;1;4;1;2;1;1;1;2;1;1;3;1;1;1;1;1;1;3;3;;;;;450000;;1;;;;;;;;;;2
20230309;03;2023;7369854;1;1;01;18;1;128.01221985;18;2;1;4;1;2;1;1;1;2;1;1;1;1;1;1;1;1;1;3;3;;;;;300000;;1;;;;;;;;;;3
20230309;03;2023;7369856;1;1;01;18;1;124.94457144;18;2;1;2;1;2;2;1;1;2;1;1;1;1;1;1;1;1;1;4;3;;;;;300000;;;;;;;;;1;;;4
20230309;03;2023;7369857;1;1;01;18;1;102.58551954;18;1;1;2;1;1;1;1;1;2;1;1;3;3;1;1;1;1;1;3;3;;;;;400000;;;;;;;;;1;;;4
20230309;03;2023;7369858;1;1;01;18;1;116.37474532;18;2;1;4;1;1;1;1;1;2;1;1;2;2;1;1;1;1;1;4;3;;;;;600000;;;;;;;;;1;;;3
20230309;03;2023;7369859;1;1;01;18;1;97.783519424;18;1;1;2;1;1;1;1;1;2;1;1;2;2;1;1;1;1;1;3;2;;300000;6000000;500000;;;;;;;;;;1;;;2
20230309;03;2023;7369860;1;1;01;18;1;85.882803901;18;1;1;4;1;1;2;2;1;1;1;1;1;1;2;1;1;1;1;5;4;;;;400000;;;;;;;;;;1;;;1
20230309;03;2023;7369861;1;1;01;18;1;113.44278861;18;1;5;1;1;1;2;2;1;2;1;1;2;2;2;1;1;1;1;4;3;;;;;150000;;;;;;;;;1;;;5
20230309;03;2023;7369863;1;1;01;18;1;110.28012441;18;1;1;2;1;2;2;1;1;2;1;1;3;2;1;1;1;1;1;4;4;;;;500000;;;1;;;;;1;;;;;4
20230309;03;2023;7369865;1;1;01;18;1;110.14729851;18;1;1;4;1;2;1;1;1;2;1;1;2;1;1;1;1;1;1;3;4;;;;350000;;;;;;;;1;;;;;1
20230309;03;2023;7369866;1;1;01;18;1;91.022324944;18;1;1;2;1;1;1;1;1;2;1;1;3;2;1;1;1;1;1;3;3;;;;;350000;;;;;;;;;1;;;3
20230309;03;2023;7369867;1;1;01;18;1;152.05432187;18;1;1;4;1;1;1;1;1;2;1;1;3;3;1;1;1;1;1;3;3;;;;;450000;;;;;;;;;1;;;3
20230309;03;2023;7369868;1;1;01;18;1;149.70500959;18;1;1;4;1;2;1;1;1;2;1;1;4;2;1;1;1;1;1;3;1;;;100000000;400000;;;1;;;;;;;;;;3
20230309;03;2023;7369869;1;1;01;18;1;86.246864528;18;1;1;4;1;2;2;1;1;2;1;1;4;2;1;1;1;1;1;4;3;;;;;300000;;;;;;;;;1;;;5
20230309;03;2023;7369870;1;1;01;18;1;50.993409766;18;1;1;4;1;2;2;1;1;2;1;1;4;1;1;1;1;1;1;4;3;;;;;350000;;1;;;;;;;;;;1
20230309;03;2023;7369871;1;1;01;18;1;78.965673694;18;1;1;4;1;2;1;1;1;2;1;1;5;3;1;1;1;1;1;3;3;;;;;500000;;;;;;;;;1;;;5
20230309;03;2023;7369872;1;1;01;18;1;108.16058848;18;1;1;4;1;2;1;1;1;2;1;1;4;2;1;1;1;1;3;3;3;;;;;300000;;1;;;;;;;;;;3
20230309;03;2023;7369873;1;1;01;18;1;64.85852473;18;1;1;4;1;1;1;1;1;3;1;1;4;1;1;1;1;1;1;3;1;;;150000000;500000;;1;1;;;;;;;;;;1
20230309;03;2023;7369875;1;1;01;18;1;112.24535437;18;2;1;4;1;1;1;2;1;2;1;1;4;2;2;1;1;1;1;3;3;;;;;400000;;1;;;;;;;;;;3
20230309;03;2023;7369876;1;1;01;18;1;99.244537085;18;2;1;4;1;2;1;1;1;2;1;1;4;1;1;1;1;1;1;3;3;;;;;450000;;1;;;;;;;;;;2
20230309;03;2023;7369881;1;1;01;18;1;115.3546599;18;2;1;4;1;2;1;1;1;2;1;1;1;1;1;1;1;1;3;3;3;;;;;280000;;;;;;;;;1;;;1
20230309;03;2023;7369882;1;1;01;18;1;50.993409766;18;1;1;4;1;2;1;1;1;2;1;1;4;1;1;1;1;1;2;3;1;;;150000000;600000;;;1;;;;1;;;;;;1
20230309;03;2023;7369883;1;1;01;18;1;115.63900202;18;1;1;4;1;2;1;1;1;2;1;1;4;2;1;1;1;1;3;3;3;;;;;420000;;1;;;;;;;;;;3
20230309;03;2023;7369884;1;1;01;18;1;63.741762207;18;2;1;4;1;1;1;1;1;2;1;1;3;1;1;1;1;1;3;3;3;;;;;200000;;1;;;;1;;;;;;1
20230309;03;2023;7369888;1;1;01;18;1;148.86680563;18;2;1;4;1;2;1;1;1;2;1;1;3;2;1;1;1;1;1;3;3;;;;;320000;;;;;;;;;1;;;2
20230309;03;2023;7369890;1;1;01;18;1;57.76109662;18;2;1;4;1;2;1;1;1;2;1;1;3;2;1;1;1;1;1;3;3;;;;;350000;;1;;;;;;;;;;2
20230309;03;2023;7369891;1;1;01;18;1;72.01605931;18;2;1;2;1;2;2;1;1;2;1;1;4;3;1;1;1;1;1;4;4;;;;300000;;;;;;;;;;1;;;7
20230309;03;2023;7369892;1;1;01;18;1;98.162313799;18;2;1;4;1;2;1;1;1;2;1;1;2;1;1;1;1;1;1;3;3;;;;;280000;;1;;;;;;;;;;1
20230309;03;2023;7369898;1;1;01;18;1;57.473680444;18;1;5;2;1;1;1;1;1;2;1;1;2;1;1;1;1;1;4;3;3;;;;;150000;;;;;;;;;1;;;3
20230309;03;2023;7369900;1;1;01;18;1;68.266743708;18;2;1;4;1;1;1;1;1;2;1;1;3;2;1;1;1;1;1;3;3;;;;;250000;;1;;;;;;;;;;3
20230309;03;2023;7369902;1;1;01;18;1;63.104344585;18;1;1;4;1;2;1;1;1;2;1;1;3;1;1;1;1;1;1;1;7;VIVIENDA FAMILIAR;;;600000;;;1;;;;;;;;;;1
20230309;03;2023;7369904;1;1;01;18;1;68.42507419;18;1;1;2;1;1;1;1;1;2;1;1;4;2;1;1;1;1;1;3;3;;;;;500000;;1;;;;;;;;;;2
20230309;03;2023;7369905;1;1;01;18;1;106.21346642;18;1;1;4;1;1;1;1;1;2;1;1;4;1;1;1;1;1;1;3;3;;;;;400000;;1;;;;;1;;;;;1
20230309;03;2023;7369906;1;1;01;18;1;69.707630585;18;1;1;4;1;1;1;1;1;2;1;1;4;3;1;1;1;1;3;3;6;;;;300000;;;1;;;;;1;;;;;6
20230309;03;2023;7369907;1;1;01;18;1;88.611193826;18;2;1;2;1;1;2;1;1;2;1;1;3;1;1;1;1;1;3;4;6;;;;300000;;;;;;;;;;1;;;2
20230309;03;2023;7369908;1;1;01;18;1;59.45364767;18;1;1;2;1;1;1;1;1;1;1;1;3;1;1;1;1;1;3;3;1;;;30000000;200000;;;;;;;;;;1;;;1
20230309;03;2023;7369910;1;1;01;18;1;93.645465137;18;1;1;2;1;1;1;1;1;2;1;1;4;3;1;1;1;1;3;3;3;;;;;250000;;;;;;;;;1;;;3
20230309;03;2023;7369912;1;1;01;18;1;126.19287768;18;1;1;4;1;1;1;1;1;2;1;1;4;2;1;1;1;1;1;3;6;;;;300000;;;;;;;;;;1;;;3
20230309;03;2023;7369914;1;1;01;18;1;83.506843231;18;1;1;2;1;1;1;1;1;2;1;1;4;2;1;1;1;1;1;3;6;;;;300000;;;1;;;;;;;;;;3
20230309;03;2023;7369915;1;1;01;18;1;71.642124316;18;2;1;4;1;1;1;1;1;2;1;1;3;2;1;1;1;1;3;3;3;;;;;300000;;;;;;;;;1;;;3
20230309;03;2023;7369916;1;1;01;18;1;107.56187137;18;1;1;4;1;1;1;1;1;2;1;1;4;3;1;1;1;1;3;3;4;;;;100000;;;;;;;;;;1;;;2
20230309;03;2023;7369917;1;1;01;18;1;93.776745731;18;2;1;2;1;1;1;1;1;2;1;1;1;1;1;1;1;1;2;3;4;;;;150000;;;;;;;;;;1;;;1
20230309;03;2023;7369918;1;1;01;18;1;110.41876797;18;1;1;4;1;1;1;1;1;2;1;1;5;2;1;1;1;1;3;3;4;;;;400000;;;;;;;;;;1;;;3
20230309;03;2023;7369919;1;1;01;18;1;70.115938428;18;2;1;4;1;1;1;1;1;2;1;1;3;1;1;1;1;1;1;3;3;;;;;400000;;1;;;;;;;;;;1
20230309;03;2023;7369920;1;1;01;18;1;108.71524145;18;2;1;2;1;1;1;1;1;2;1;1;3;1;1;1;1;1;3;3;3;;;;;100000;;;;;;;;;1;;;1
20230309;03;2023;7369922;1;1;01;18;1;107.75566559;18;2;1;4;1;1;1;1;1;2;1;1;3;1;1;1;1;1;3;3;3;;;;;300000;;1;;;;;1;;;;;2
20230309;03;2023;7369923;1;1;01;18;1;108.71524145;18;1;1;4;1;1;1;1;1;2;1;1;2;1;1;1;1;1;3;3;3;;;;;300000;;;;;;;;;1;;;1
20230309;03;2023;7369926;1;1;01;18;1;57.075501763;18;1;1;2;1;1;1;1;1;2;1;1;3;1;1;1;1;1;1;3;6;;;;200000;;;;;;;;;;1;;;1
20230309;03;2023;7369928;1;1;01;18;1;68.745717403;18;1;1;2;1;1;1;1;1;2;1;1;3;2;1;1;1;1;3;3;4;;;;200000;;;;;;;;;;1;;;4
20230309;03;2023;7369929;1;1;01;18;1;89.796283499;18;1;1;2;1;1;1;1;1;2;1;1;3;2;1;1;1;1;3;3;4;;;;400000;;;1;;;;;;;;;;3
20230309;03;2023;7369930;1;1;01;18;1;118.01496269;18;1;1;4;1;2;1;1;1;2;1;1;3;1;1;1;1;1;1;3;3;;;;;400000;;;;;;1;;;;;;1
20230309;03;2023;7369931;1;1;01;19;1;132.05913888;19;1;1;4;1;1;1;1;1;3;1;1;4;3;1;1;1;1;1;3;3;;;;;600000;;1;;;;;;;;;;7
20230309;03;2023;7369932;1;1;01;19;1;50.191794443;19;2;1;4;1;2;1;1;1;3;1;1;4;3;1;1;1;1;1;3;3;;;;;650000;;1;;;;;;;;;;4
20230309;03;2023;7369933;1;1;01;19;1;90.084402259;19;1;1;4;1;2;1;1;1;3;1;1;4;2;1;1;1;1;1;3;1;;;600000000;800000;;;;;;;;;;1;;;3
20230309;03;2023;7369934;1;1;01;19;1;72.304759677;19;1;9;4;1;2;1;1;1;3;1;1;4;3;1;1;1;1;1;3;4;;;;700000;;;;;;;;;;1;;;3
20230309;03;2023;7369935;1;1;01;19;1;117.51050083;19;2;1;4;1;2;1;1;1;3;1;1;4;3;1;1;1;1;1;3;3;;;;;630000;;;;;;;;;1;;;5
20230309;03;2023;7369937;1;1;01;19;1;122.56516805;19;1;1;4;1;2;1;1;1;3;1;1;3;2;1;1;1;1;1;3;4;;;;98;;;1;;;;;;;;;;3
20230309;03;2023;7369940;1;1;01;19;1;76.190709736;19;1;1;4;1;2;1;1;1;3;1;1;5;2;1;1;1;1;1;3;4;;;;350000;;;;;;;;;;1;;;3
20230309;03;2023;7369941;1;1;01;19;1;65.249332776;19;1;1;4;1;2;2;1;1;3;1;1;4;3;1;1;1;1;1;4;3;;;;;400000;;;;;;1;;;;;;4
20230309;03;2023;7369942;1;1;01;19;1;50.191794443;19;1;1;4;1;2;1;1;1;3;1;1;5;3;1;1;1;1;1;3;3;;;;;700000;;;;;;1;;;;;;3
20230309;03;2023;7369943;1;1;01;19;1;134.1425848;19;1;1;4;1;2;1;1;1;3;1;1;4;3;1;1;1;1;1;3;3;;;;;450000;;1;;;;;;;;;;5
20230309;03;2023;7369944;1;1;01;19;1;118.95743958;19;1;1;4;1;2;1;1;1;3;1;1;4;3;1;1;1;1;1;3;1;;;250000000;400000;;;1;;;;;1;;;;;3
20230309;03;2023;7369945;1;1;01;19;1;137.71025537;19;1;1;4;1;2;1;1;1;3;1;1;4;3;1;1;1;1;1;3;1;;;80000000;400000;;;;;;;;;;1;;;4
20230309;03;2023;7369946;1;1;01;19;1;220.64165168;19;1;1;4;1;2;1;1;1;3;1;1;4;2;1;1;1;1;1;3;4;;;;600000;;;1;;;;1;;;;;;2
20230309;03;2023;7369947;1;1;01;19;1;126.72506051;19;2;1;4;1;2;2;1;1;3;1;1;1;1;1;1;1;1;2;4;4;;;;350000;;;1;;;;;;;;;;1
20230309;03;2023;7369948;1;1;01;19;1;98.25232442;19;1;1;4;1;2;1;1;1;3;1;1;4;3;1;1;1;1;1;4;3;;;;;600000;;1;;;;;;;;;;5
20230309;03;2023;7369949;1;1;01;19;1;93.99618758;19;1;1;4;1;2;1;1;1;3;1;1;4;3;1;1;1;1;1;3;1;;;200000000;600000;;;;;;;;;;1;;;3
20230309;03;2023;7369950;1;1;01;19;1;120.85295219;19;2;1;4;1;2;1;1;1;3;1;1;2;1;1;1;1;1;1;3;4;;;;98;;;;;;;;;;1;;;1
20230309;03;2023;7369952;1;1;01;19;1;170.55305108;19;2;1;2;1;2;1;1;1;3;1;1;3;2;1;1;1;1;1;3;1;;;98;500000;;;;;;;1;;;;;;4
20230309;03;2023;7369953;1;1;01;19;1;99.944620504;19;2;1;4;1;2;1;1;1;3;1;1;4;2;1;1;1;1;1;3;4;;;;500000;;;1;;;;;;;;;;3
20230309;03;2023;7369956;1;1;01;19;1;88.886043316;19;1;1;4;1;2;1;1;1;3;1;1;4;3;1;1;1;1;1;3;1;;;99;450000;;;1;;;;;;;;;;6
20230309;03;2023;7369961;1;1;01;19;1;72.499258641;19;1;1;4;1;2;2;1;1;3;1;1;4;3;1;1;1;1;1;4;1;;;99;450000;;;1;;;;;;;;;;3
20230309;03;2023;7369962;1;1;01;19;1;159.58013421;19;1;1;4;1;2;1;1;1;3;1;1;3;2;1;1;1;1;1;3;1;;;70000000;500000;;;;;;;;;;1;;;3
20230309;03;2023;7369963;1;1;01;19;1;115.49156147;19;2;1;4;1;2;1;1;1;3;1;1;4;3;1;1;1;1;1;3;3;;;;;500000;;;;;;;;;1;;;3
20230309;03;2023;7369964;1;1;01;19;1;122.81533049;19;1;1;4;1;1;1;1;1;3;1;1;3;2;1;1;1;1;3;3;1;;;30000000;450000;;;;;;;;;;1;;;5
20230309;03;2023;7369965;1;1;01;19;1;55.768660493;19;1;1;4;1;2;1;1;1;3;1;1;3;3;1;1;1;1;1;3;1;;;98;150000;;;;;;;;;;1;;;5
20230309;03;2023;7369966;1;1;01;19;1;105.10434831;19;2;1;4;1;2;1;1;1;3;1;1;3;2;1;1;1;1;1;3;3;;;;;450000;;1;;;;;;;;;;2
20230309;03;2023;7369974;1;1;01;19;1;55.768660493;19;1;1;4;1;2;2;1;1;3;1;1;4;3;1;1;1;1;1;4;1;;;100000000;350000;;;;;;;;;;1;;;6
20230309;03;2023;7369975;1;1;01;19;1;80.338621863;19;1;1;4;1;2;1;1;1;3;1;1;4;3;1;1;1;1;1;3;3;;;;;400000;;;;;;;;;1;;;3
20230309;03;2023;7369976;1;1;01;19;1;243.8396359;19;2;1;4;1;3;1;1;1;2;1;1;3;2;1;1;1;1;1;3;3;;;;;550000;;;;;;;;;1;;;4
20230309;03;2023;7369977;1;1;01;19;1;180.48177584;19;1;1;4;1;2;1;1;1;3;1;1;3;2;1;1;1;1;3;3;3;;;;;400000;;;;;;;;;1;;;3
20230309;03;2023;7369978;1;1;01;19;1;134.61522992;19;2;5;2;1;2;2;1;1;3;1;1;2;1;1;1;1;1;4;4;3;;;;;250000;;;;;;;;;1;;;2
20230309;03;2023;7369980;1;1;01;19;1;103.29312153;19;1;1;4;1;2;1;1;1;3;1;1;3;1;1;1;1;1;1;3;1;;;350000000;1000000;;;;;;;;;;1;;;1
20230309;03;2023;7369981;1;1;01;19;1;55.768660493;19;1;1;2;1;2;1;1;1;3;1;2;4;3;1;1;1;1;1;3;4;;;;400000;;;;;;;;;;1;;;5
20230309;03;2023;7369981;2;2;01;19;1;55.768660493;19;1;1;2;1;2;1;1;1;3;1;2;2;2;1;1;1;1;1;3;4;;;;200000;;;;;;;;;;1;;;2
20230309;03;2023;7369983;1;1;01;19;1;170.55070129;19;1;1;4;1;2;2;1;1;3;1;1;4;2;1;1;1;1;1;4;3;;;;;600000;;;;;;;;;1;;;3
20230309;03;2023;7369984;1;1;01;19;1;120.18566321;19;1;1;4;1;2;1;1;1;3;1;1;3;2;1;1;1;1;1;3;1;;;200000000;450000;;;;;;;;;;1;;;2
20230309;03;2023;7369985;1;1;01;19;1;103.29312153;19;1;1;4;1;2;2;1;1;3;1;1;3;1;1;1;1;1;1;5;1;;;10000000;450000;;;;;;;;;;1;;;1
20230309;03;2023;7369986;1;1;01;19;1;50.652660165;19;1;1;4;1;4;1;1;1;3;1;1;5;2;1;1;1;1;1;3;1;;;99;1000000;;;1;;;;;;;;;;2
20230309;03;2023;7369987;1;1;01;19;1;146.49811356;19;1;1;4;1;2;1;1;1;3;1;1;5;2;1;1;1;1;1;3;1;;;50000000;400000;;;1;;;;;;;;;;5
20230309;03;2023;7369988;1;1;01;19;1;80.455753353;19;1;1;4;1;2;1;1;1;3;1;1;3;2;1;1;1;1;1;3;4;;;;400000;;;;;;;;;;1;;;4
20230309;03;2023;7369989;1;1;01;19;1;92.963809377;19;1;1;4;1;2;1;1;1;3;1;1;4;1;1;1;1;1;1;3;3;;;;;550000;;;;;;;;;1;;;1
20230309;03;2023;7369991;1;1;01;19;1;119.61802116;19;1;1;4;1;4;2;1;1;3;1;1;4;3;1;1;1;1;1;4;1;;;400000000;1000000;;;1;;;;;;;;;;4
20230309;03;2023;7369992;1;1;01;19;1;85.292838024;19;1;1;4;1;4;2;1;1;3;1;1;5;4;1;1;1;1;1;4;3;;;;;1200000;;1;;;;;1;;;;;4
20230309;03;2023;7369993;1;1;01;19;1;79.258669383;19;1;1;4;1;4;1;1;1;3;1;1;5;4;1;1;1;1;1;3;1;;;100000000;800000;;;1;;;;1;1;;;;;4
20230309;03;2023;7369994;1;1;01;19;1;73.960408131;19;1;1;4;1;4;2;1;1;3;1;1;3;2;1;1;1;1;1;4;3;;;;;1500000;;1;;;;;;;;;;2
20230309;03;2023;7369995;1;1;01;19;1;40.153435555;19;1;1;4;1;4;1;1;1;3;1;1;4;1;1;1;1;1;1;3;1;;;99;1200000;;;1;;;;;;;;;;2
20230309;03;2023;7369996;1;1;01;19;1;72.764548827;19;1;1;4;1;4;1;1;1;3;1;1;3;2;1;1;1;1;1;3;3;;;;;600000;;1;;;;;;;;;;2
20230309;03;2023;7369998;1;1;01;19;1;74.371047502;19;1;1;4;1;4;2;1;1;3;1;1;2;1;1;1;1;1;1;1;3;;;;;500000;;;;;;;;;1;;;1
20230309;03;2023;7370000;1;1;01;19;1;96.318747919;19;1;1;4;1;2;1;1;1;3;1;1;3;2;1;1;1;1;1;3;1;;;60000000;350000;;;;;;;;;;1;;;5
20230309;03;2023;7370001;1;1;01;19;1;97.763130139;19;1;1;4;1;4;2;1;1;3;1;1;5;2;1;1;1;1;1;4;3;;;;;800000;;;;;;;;;1;;;2
20230309;03;2023;7370002;1;1;01;19;1;193.8076151;19;2;1;4;1;3;1;1;1;3;1;1;3;2;1;1;1;1;1;3;3;;;;;650000;;1;;;;;;;;;;3
20230309;03;2023;7370003;1;1;01;19;1;193.65188346;19;1;1;4;1;2;1;1;1;3;1;1;2;2;1;1;1;1;1;3;3;;;;;600000;;1;;;;;;;;;;2
20230309;03;2023;7370004;1;1;01;19;1;147.80119375;19;1;1;4;1;3;1;1;1;3;1;1;4;3;1;1;1;1;1;3;1;;;170000000;600000;;;1;;;;1;;;;;;4
20230309;03;2023;7370005;1;1;01;19;1;106.96958116;19;1;1;4;1;3;1;1;1;3;1;1;4;3;1;1;1;1;1;3;3;;;;;560000;;1;;;;;;;;;;4
20230309;03;2023;7370006;1;1;01;19;1;153.04154201;19;1;1;4;1;4;2;1;1;3;1;1;4;3;1;1;1;1;1;4;1;;;200000000;500000;;;;;;;;;1;;;DEUDAS CON PARTICULARES;3
20230309;03;2023;7370007;1;1;01;19;1;91.729084484;19;2;1;4;1;3;2;1;1;3;1;1;4;3;1;1;1;1;1;4;3;;;;;800000;;;;;;;;;1;;;3
20230309;03;2023;7370008;1;1;01;19;1;155.65210236;19;1;1;4;1;4;2;1;1;3;1;1;5;1;1;1;1;1;1;4;1;;;300000000;500000;;;1;;;;;;;;;;2
20230309;03;2023;7370009;1;1;01;19;1;168.30978513;19;2;1;4;1;4;1;1;1;3;1;1;5;1;1;1;1;1;1;3;3;;;;;1520000;;1;;;;;;;;;;2
20230309;03;2023;7370010;1;1;01;19;1;64.443785458;19;2;1;4;1;4;1;1;1;3;1;1;4;3;1;1;1;1;1;3;3;;;;;1000000;;1;;;;1;1;;;;;3
20230309;03;2023;7370011;1;1;01;19;1;75.813469687;19;2;1;4;1;4;1;1;1;3;1;1;4;3;1;1;1;1;1;3;3;;;;;900000;;;;;;;;;1;;;3
20230309;03;2023;7370012;1;1;01;19;1;156.78477127;19;3;1;4;1;4;1;1;1;3;1;1;1;1;1;1;1;1;1;3;3;;;;;250000;;;;;;;;;1;;;1
20230309;03;2023;7370013;1;1;01;19;1;95.785909143;19;1;1;4;1;4;1;1;1;3;1;1;5;2;1;1;1;1;1;3;1;;;300000000;500000;;;1;;;;;;;;;;2
20230309;03;2023;7370014;1;1;01;19;1;115.79927583;19;1;1;4;1;5;1;1;1;3;1;1;4;3;1;1;1;1;1;3;2;;2350000;98;98;;;1;;;;;;;;;;4
20230309;03;2023;7370015;1;1;01;19;1;102.55777534;19;2;1;4;1;1;1;1;1;3;1;1;3;2;1;1;1;1;1;3;1;;;98;350000;;;;;;;;;;1;;;3
20230309;03;2023;7370017;1;1;01;19;1;124.64217209;19;2;1;4;1;4;1;1;1;3;1;1;4;1;1;1;1;1;1;3;3;;;;;1500000;;1;;;;;;;;;;2
20230309;03;2023;7370019;1;1;01;19;1;178.5949033;19;1;1;4;1;2;1;1;1;3;1;1;5;1;1;1;1;1;1;3;3;;;;;450000;;;;;;;;;1;;;1
20230309;03;2023;7370022;1;1;01;19;1;104.95427772;19;2;1;4;1;4;1;1;1;3;1;1;3;2;1;1;1;1;1;3;3;;;;;600000;;;;;;;;;1;;;3
20230309;03;2023;7370023;1;1;01;19;1;84.937143321;19;1;1;4;1;4;2;1;1;3;1;1;4;3;1;1;1;1;1;4;4;;;;1000000;;;1;;;;;;;;;;4
20230309;03;2023;7370024;1;1;01;19;1;243.44808206;19;2;1;4;1;2;1;1;1;3;1;1;4;2;1;1;1;1;1;3;3;;;;;700000;;1;;;;;;;;;;2
20230309;03;2023;7370025;1;1;01;19;1;100.36944182;19;1;1;4;1;3;2;1;1;3;1;1;3;2;1;1;1;1;1;4;2;;150000;98;600000;;;;;;;;;;1;;;2
20230309;03;2023;7370027;1;1;01;19;1;187.50399003;19;2;1;4;1;2;1;1;1;3;1;1;4;2;1;1;1;1;1;3;3;;;;;500000;;;;;;1;;;;;;2
20230309;03;2023;7370028;1;1;01;19;1;92.450510163;19;1;1;4;1;2;1;1;1;3;1;1;5;3;1;1;1;1;1;3;1;;;150000000;600000;;;1;;;;;;;;;;2
20230309;03;2023;7370029;1;1;01;19;1;177.1589893;19;2;1;4;1;2;1;1;1;3;1;1;3;2;1;1;1;1;1;4;3;;;;;450000;;1;;;;;;;;;;2
20230309;03;2023;7370030;1;1;01;19;1;150.7677396;19;1;1;4;1;3;1;1;1;3;1;1;5;2;1;1;1;1;1;4;1;;;90000000;600000;;;;;;;;;;1;;;3
20230309;03;2023;7370031;1;1;01;19;1;93.534741783;19;1;1;4;1;3;2;1;1;3;1;1;4;2;1;1;1;1;1;4;1;;;98;500000;;;1;;;;;;;;;;2
20230309;03;2023;7370032;1;1;01;19;1;156.78477127;19;3;1;4;1;4;1;1;1;3;1;1;1;1;1;1;1;1;1;3;3;;;;;200000;;;;;;;;;1;;;1
20230309;03;2023;7370033;1;1;01;19;1;164.74257866;19;2;1;4;1;4;1;1;1;3;1;1;1;1;1;2;1;1;1;1;3;;;;;300000;;;;;;;;;1;;;1
20230309;03;2023;7370034;1;1;01;19;1;147.26507445;19;2;1;4;1;2;1;1;1;3;1;1;4;2;1;1;1;1;1;3;1;;;99;450000;;;;;;;;;;1;;;2
20230309;03;2023;7370037;1;1;01;19;1;64.443785458;19;2;1;4;1;4;1;1;1;3;1;1;4;3;1;1;1;1;1;3;3;;;;;1400000;;1;;;;;;;;;;3
20230309;03;2023;7370038;1;1;01;19;1;237.45004189;19;2;1;4;1;3;1;1;1;3;1;1;4;1;1;1;1;1;3;3;1;;;100000000;350000;;;1;;;;;;;;;;1
20230309;03;2023;7370039;1;1;01;19;1;137.33290022;19;2;1;4;1;3;1;1;1;3;1;1;4;1;1;1;1;1;1;3;4;;;;350000;;;;;;;;;;1;;;1
20230309;03;2023;7370040;1;1;01;19;1;168.30978513;19;2;1;4;1;4;1;1;1;3;1;1;5;2;1;1;1;1;1;3;3;;;;;1000000;;1;;;;1;1;;;;;2
20230309;03;2023;7370041;1;1;01;19;1;50.191794443;19;1;1;4;1;2;1;1;1;3;1;1;3;2;1;1;1;1;1;3;4;;;;600000;;;;;;;;;;1;;;4
20230309;03;2023;7370042;1;1;01;19;1;223.97824467;19;2;1;4;1;2;1;1;1;3;1;1;3;1;1;1;1;1;1;3;3;;;;;400000;;;;;;;;1;;;NEQUI;1
20230309;03;2023;7370043;1;1;01;19;1;128.58833038;19;1;1;4;1;4;1;1;1;3;1;1;4;1;1;1;1;1;1;3;3;;;;;700000;;1;;;;;;;;;;1
20230309;03;2023;7370045;1;1;01;19;1;80.367301401;19;1;1;4;1;2;1;1;1;3;1;1;4;2;1;1;1;1;1;3;3;;;;;450000;;;;;;;;;1;;;2
20230309;03;2023;7370046;1;1;01;19;1;117.85112312;19;1;1;2;1;2;1;1;1;3;1;1;4;3;1;1;1;1;1;3;3;;;;;300000;;;;;;;;;1;;;3
20230309;03;2023;7370047;1;1;01;19;1;168.30978513;19;2;1;4;1;4;1;1;1;3;1;1;4;1;1;1;1;1;1;3;3;;;;;1200000;;;;;;;;;1;;;2
20230309;03;2023;7370048;1;1;01;20;1;295.73318664;20;2;1;4;1;2;1;1;1;3;1;1;3;2;1;1;1;1;1;3;3;;;;;400000;;;;;;;;;1;;;4
20230309;03;2023;7370049;1;1;01;20;1;263.35292206;20;2;1;2;1;1;1;1;1;3;1;1;3;1;1;1;1;1;1;3;3;;;;;300000;;;;;;;;;1;;;5
20230309;03;2023;7370050;1;1;01;20;1;224.54492398;20;1;1;4;1;1;1;1;1;3;1;1;4;3;1;1;1;1;1;3;6;;;;500000;;;;;;;;;;1;;;6
20230309;03;2023;7370051;1;1;01;20;1;253.88750665;20;2;1;4;1;2;1;1;1;3;1;1;2;1;1;1;1;1;1;3;3;;;;;500000;;1;;;;;;;;;;4
20230309;03;2023;7370052;1;1;01;20;1;274.60125557;20;2;1;2;1;1;1;1;1;3;1;1;3;2;1;1;1;1;1;3;3;;;;;350000;;;;;;;;;1;;;3
20230309;03;2023;7370053;1;1;01;20;1;243.50709102;20;2;1;2;1;1;1;1;1;3;1;1;3;2;1;1;1;1;1;3;3;;;;;300000;;;;;;;;;1;;;2
20230309;03;2023;7370054;1;1;01;20;1;287.41208765;20;1;1;2;1;2;1;1;1;3;1;1;3;2;1;1;1;1;1;3;3;;;;;400000;;1;;;;;;;;;;2
20230309;03;2023;7370055;1;1;01;20;1;278.81719139;20;1;1;4;1;2;1;1;1;3;1;1;3;2;1;1;1;1;1;3;1;;;98;400000;;;;;;;;;;1;;;3
20230309;03;2023;7370056;1;1;01;20;1;287.76072039;20;2;1;2;1;2;1;1;1;3;1;1;2;1;1;1;1;1;1;3;4;;;;350000;;;;;;;;;;1;;;1
20230309;03;2023;7370057;1;1;01;20;1;319.77538798;20;2;1;4;1;2;1;1;1;3;1;1;3;2;1;1;1;1;1;3;3;;;;;450000;;1;;;;;;;;;;3
20230309;03;2023;7370058;1;1;01;20;1;253.00899234;20;2;1;2;1;1;1;1;1;3;1;1;4;2;1;1;1;1;1;3;1;;;99;300000;;;;;;;;;;1;;;2
20230309;03;2023;7370059;1;1;01;20;1;262.83103565;20;2;1;4;1;2;1;1;1;3;1;1;3;1;1;1;1;1;1;3;3;;;;;480000;;;;;;;;;1;;;2
20230309;03;2023;7370062;1;1;01;20;1;218.50266886;20;2;1;3;1;1;1;1;1;3;1;1;4;2;1;1;1;1;1;3;4;;;;300000;;;1;;;;;;;;;;4
20230309;03;2023;7370063;1;1;01;20;1;306.09461331;20;1;1;2;1;1;1;1;1;3;1;1;3;2;1;1;1;1;3;3;3;;;;;350000;;1;;;;;;;;;;3
20230309;03;2023;7370064;1;1;01;20;1;227.69076405;20;1;1;2;1;2;1;1;1;3;1;1;4;1;1;1;1;1;1;3;1;;;98;300000;;;;;;;;;;1;;;1
20230309;03;2023;7370065;1;1;01;20;1;243.50709102;20;1;1;4;1;1;1;1;1;3;1;1;3;2;1;1;1;1;1;3;3;;;;;300000;;1;;;;;;;;;;2
20230309;03;2023;7370066;1;1;01;20;1;343.81758931;20;2;1;4;1;2;1;1;1;3;1;1;3;1;1;1;1;1;1;3;3;;;;;400000;;1;;;;;;;;;;2
20230309;03;2023;7370068;1;1;01;20;1;176.33313334;20;1;1;3;1;2;1;1;1;3;1;1;5;3;1;1;1;1;1;3;1;;;99;500000;;;1;;;;;;;;;;4
20230309;03;2023;7370069;1;1;01;20;1;319.77538798;20;1;1;4;1;2;1;1;1;3;1;1;3;1;1;1;1;1;1;3;3;;;;;420000;;1;;;;;;;;;;3
20230309;03;2023;7370072;1;1;01;20;1;369.52982698;20;2;1;4;1;2;1;1;1;3;1;1;3;2;1;1;1;1;3;3;3;;;;;500000;;1;;;;;;;;;;2
20230309;03;2023;7370074;1;1;01;20;1;426.12258907;20;2;1;4;1;2;1;1;1;3;1;1;3;2;1;1;1;1;1;3;4;;;;400000;;;1;;;;;;;;;;4
20230309;03;2023;7370075;1;1;01;20;1;395.21118736;20;2;1;4;1;2;1;1;1;3;1;1;4;3;1;1;1;1;1;3;3;;;;;1000000;;1;;;;1;1;;;;;5
20230309;03;2023;7370076;1;1;01;20;1;149.24302145;20;2;1;4;1;2;1;1;1;3;1;1;3;2;1;1;1;1;1;3;3;;;;;500000;;;;;;;;;1;;;3
20230309;03;2023;7370077;1;1;01;20;1;164.26939728;20;2;1;4;1;2;1;1;1;3;1;1;3;2;1;1;1;1;1;3;3;;;;;500000;;;;;;;;;1;;;2
20230309;03;2023;7370078;1;1;01;20;1;352.90842179;20;2;1;4;1;2;1;1;1;3;1;1;3;2;1;1;1;1;3;3;3;;;;;550000;;1;;;;;;;;;;3
20230309;03;2023;7370079;1;1;01;20;1;253.00856609;20;2;1;4;1;2;1;1;1;3;1;1;3;2;1;1;1;1;1;3;1;;;99;700000;;;1;;;;;;;;;;4
20230309;03;2023;7370080;1;1;01;20;1;164.26939728;20;2;1;4;1;2;1;1;1;3;1;1;2;1;1;1;1;1;1;3;3;;;;;610000;;;;;;;;;1;;;2
20230309;03;2023;7370081;1;1;01;20;1;285.26507881;20;1;1;3;1;2;1;1;1;3;1;1;5;1;1;1;1;1;1;3;4;;;;600000;;;;;;;;;;1;;;2
20230309;03;2023;7370082;1;1;01;20;1;413.93095807;20;1;6;4;1;2;1;1;1;3;1;1;5;3;1;1;1;1;1;3;3;;;;;700000;;1;;;;;;;;;;5
20230309;03;2023;7370083;1;1;01;20;1;118.54662855;20;2;1;3;1;2;1;1;1;3;1;1;4;2;1;1;1;1;1;3;3;;;;;500000;;1;;;;;;;;;;4
20230309;03;2023;7370084;1;1;01;20;1;214.88599332;20;1;1;4;1;2;1;1;1;3;1;1;2;1;1;1;1;1;1;3;3;;;;;700000;;;;;;;;;1;;;2
20230309;03;2023;7370088;1;1;01;20;1;198.72629383;20;2;1;3;1;2;1;1;1;3;1;1;6;3;1;1;1;1;1;3;1;;;200000000;700000;;;1;;;;1;;;;;;4
20230309;03;2023;7370089;1;1;01;20;1;192.74222615;20;2;1;4;1;2;1;1;1;3;1;1;3;1;1;1;1;1;1;3;3;;;;;550000;;1;;;;;;;;;;2
20230309;03;2023;7370090;1;1;01;20;1;199.85961748;20;2;1;3;1;2;1;1;1;3;1;1;4;2;1;1;1;1;1;3;3;;;;;500000;;1;;;;;;;;;;3
20230309;03;2023;7370091;1;1;01;20;1;306.84762839;20;1;1;3;1;2;1;1;1;3;1;1;5;3;1;1;1;1;1;3;2;;520000;99;600000;;;1;;1;;;;;;;;4
20230309;03;2023;7370092;1;1;01;20;1;330.88982972;20;1;1;4;1;2;1;1;1;3;1;1;4;2;1;1;1;1;1;3;1;;;150000000;600000;;;1;;;;;;;;;;3
20230309;03;2023;7370093;1;1;01;20;1;319.77538798;20;1;1;4;1;2;1;1;1;3;1;1;3;2;1;1;1;1;1;3;2;;450000;99;600000;;;1;;;;;;;;;;3
20230309;03;2023;7370094;1;1;01;20;1;196.94315433;20;1;1;3;1;2;1;1;1;3;1;1;5;3;1;1;1;1;1;3;2;;760000;99;600000;;;1;;1;;;;;;;;3
20230309;03;2023;7370095;1;1;01;20;1;209.30777367;20;1;1;4;1;2;1;1;1;3;1;1;3;2;1;1;1;1;1;3;4;;;;500000;;;1;;;;;;;;;;2
20230309;03;2023;7370097;1;1;01;20;1;277.63995212;20;1;1;3;1;2;1;1;1;3;1;1;5;3;1;1;1;1;1;3;2;;600000;99;500000;;;1;;1;;;;;;;;4
20230309;03;2023;7370100;1;1;01;20;1;157.63206742;20;1;1;2;1;2;1;1;1;3;1;1;3;1;1;1;1;1;1;3;4;;;;500000;;;;;;;;;;1;;;1
20230309;03;2023;7370101;1;1;01;20;1;128.46138106;20;1;1;2;1;2;1;1;1;3;1;1;3;2;1;1;1;1;1;3;3;;;;;500000;;;;;;;;;1;;;2
20230309;03;2023;7370102;1;1;01;20;1;153.6042732;20;1;1;4;1;2;1;1;1;3;1;1;4;2;1;1;1;1;1;3;1;;;99;450000;;;;;;;;;;1;;;2
20230309;03;2023;7370104;1;1;01;20;1;152.98986161;20;1;1;4;1;2;1;1;1;3;1;1;3;2;1;1;1;1;1;3;4;;;;500000;;;;;;;;;;1;;;2
20230309;03;2023;7370105;1;1;01;20;1;221.38296091;20;2;1;4;1;2;1;1;1;3;1;1;2;1;1;1;1;1;3;3;3;;;;;400000;;1;;;;;;;;;;3
20230309;03;2023;7370106;1;1;01;20;1;196.16142304;20;1;1;2;1;2;1;1;1;3;1;1;4;3;1;1;1;1;3;3;3;;;;;650000;;;;;;;;;1;;;6
20230309;03;2023;7370107;1;1;01;20;1;195.59910646;20;1;1;2;1;2;1;1;1;3;1;1;3;2;1;1;1;1;1;3;3;;;;;450000;;1;;;;;;;;;;4
20230309;03;2023;7370108;1;1;01;20;1;129.33050758;20;1;1;2;1;2;1;1;1;3;1;2;4;3;1;1;1;1;1;3;3;;;;;500000;;1;;;;;;;;;;4
20230309;03;2023;7370108;2;2;01;20;1;129.33050758;20;1;1;2;1;2;1;1;1;3;1;2;4;1;1;1;1;1;1;3;3;;;;;200000;;1;;;;;;;;;;3
20230309;03;2023;7370109;1;1;01;20;1;242.66976764;20;2;1;4;1;2;1;1;1;3;1;1;2;1;1;1;1;1;3;3;3;;;;;450000;;1;;;;;;;;;;1
20230309;03;2023;7370110;1;1;01;20;1;171.75458646;20;1;1;4;1;2;1;1;1;3;1;1;4;2;1;1;1;1;1;3;3;;;;;700000;;1;;;;;;;;;;4
20230309;03;2023;7370111;1;1;01;20;1;296.81088798;20;1;1;2;1;1;1;1;1;3;1;1;5;4;1;1;1;1;1;3;4;;;;500000;;;;;;;;;;1;;;6
20230309;03;2023;7370112;1;1;01;20;1;330.88982972;20;2;1;2;1;1;1;1;1;3;1;1;4;2;1;1;1;1;1;3;4;;;;200000;;;1;;;;;;;;;;3
20230309;03;2023;7370114;1;1;01;20;1;278.81719139;20;2;1;3;1;1;1;1;1;3;1;1;5;2;1;1;1;1;1;3;5;;;;250000;;;;;;;;;;1;;;3
20230309;03;2023;7370115;1;1;01;20;1;273.94547739;20;2;1;4;1;1;1;1;1;3;1;1;2;1;1;1;1;1;1;3;3;;;;;310000;;1;;;;;;;;;;2
20230309;03;2023;7370117;1;1;01;20;1;227.69076405;20;2;1;2;1;1;1;1;1;3;1;1;3;1;1;1;1;1;1;3;1;;;99;200000;;;1;;;;;;;;;;1
20230309;03;2023;7370119;1;1;01;20;1;208.05759607;20;2;1;4;1;1;1;1;1;3;1;1;3;2;1;1;1;1;1;3;3;;;;;300000;;;;;;;;;1;;;3
20230309;03;2023;7370120;1;1;01;20;1;259.24906095;20;2;1;4;1;2;1;1;1;3;1;1;4;2;1;1;1;1;1;3;1;;;160000000;650000;;;1;;;;;;;;;;3
20230309;03;2023;7370122;1;1;01;20;1;197.05508057;20;1;1;4;1;2;1;1;1;3;1;1;3;2;1;1;1;1;1;3;1;;;99;750000;;;1;;;;;;;;;;2
20230309;03;2023;7370123;1;1;01;20;1;194.94980492;20;1;1;4;1;2;1;1;1;3;1;1;3;2;1;1;1;1;1;3;6;;;;450000;;;1;;;;;;;;;;3
20230309;03;2023;7370124;1;1;01;20;1;341.53614608;20;2;1;4;1;2;1;1;1;3;1;1;2;1;1;1;1;1;1;3;6;;;;600000;;;;;;;;;;1;;;1
20230309;03;2023;7370125;1;1;01;20;1;430.30985547;20;2;1;2;1;2;1;1;1;3;1;1;2;1;1;1;1;1;1;3;6;;;;200000;;;1;;;;;;;;;;1
20230309;03;2023;7370126;1;1;01;20;1;504.68071265;20;1;1;3;1;2;1;1;1;3;1;2;3;2;1;1;1;1;3;3;1;;;98;500000;;;;;;;;;;1;;;5
20230309;03;2023;7370126;2;2;01;20;1;504.68071265;20;1;1;3;1;2;1;1;1;3;1;2;2;1;1;1;1;1;3;3;6;;;;250000;;;;;;;;;;1;;;4
20230309;03;2023;7370127;1;1;01;20;1;388.77603512;20;1;1;4;1;2;1;1;1;3;1;1;3;2;1;1;1;1;1;3;4;;;;500000;;;1;;;;;;;;;;5
20230309;03;2023;7370128;1;1;01;20;1;611.20102503;20;1;1;2;1;2;1;1;1;3;1;1;3;2;1;1;1;1;1;3;4;;;;350000;;;;;;;;;;1;;;2
20230309;03;2023;7370129;1;1;01;20;1;198.33354793;20;2;1;3;1;2;1;1;1;3;1;1;4;2;1;1;1;1;1;3;1;;;99;500000;;;;;;;;;;1;;;3
20230309;03;2023;7370130;1;1;01;20;1;331.0433997;20;2;1;4;1;2;1;1;1;3;1;1;3;2;1;1;1;1;1;3;4;;;;400000;;;;;;;;;;1;;;3
20230309;03;2023;7370131;1;1;01;20;1;333.61753461;20;2;1;4;1;2;1;1;1;3;1;1;4;3;1;1;1;1;1;3;1;;;98;600000;;;1;;;;;;;;;;3
20230309;03;2023;7370132;1;1;01;20;1;443.59977997;20;1;1;2;1;2;1;1;1;3;1;1;2;1;1;1;1;1;3;3;3;;;;;300000;;;;;;;;;1;;;4
20230309;03;2023;7370133;1;1;01;20;1;393.08482982;20;2;1;4;1;1;1;1;1;3;1;1;4;3;1;1;1;1;1;3;3;;;;;250000;;;;;;;;;1;;;5
20230309;03;2023;7370134;1;1;01;20;1;269.24264177;20;2;1;4;1;1;1;1;1;3;1;1;4;1;1;1;1;1;1;3;1;;;75000000;300000;;;;;;;;;;1;;;3
20230309;03;2023;7370135;1;1;01;20;1;276.52160842;20;2;1;4;1;1;1;1;1;3;1;1;3;2;1;1;1;1;1;3;1;;;99;500000;;;;;;;;;;1;;;4
20230309;03;2023;7370136;1;1;01;20;1;191.30044339;20;2;1;3;1;1;1;1;1;3;1;1;5;3;1;1;1;1;1;3;1;;;99;300000;;;;;;;;;;1;;;5
20230309;03;2023;7370137;1;1;01;20;1;478.73422172;20;2;1;4;1;1;1;1;1;3;1;1;4;3;1;1;1;1;1;3;1;;;75000000;400000;;;;;;;;;;1;;;3
20230309;03;2023;7370138;1;1;01;20;1;345.48171774;20;2;1;3;1;1;1;1;1;3;1;1;5;3;1;1;1;1;1;3;1;;;99;250000;;;1;;;;;;;;;;3
20230309;03;2023;7370139;1;1;01;20;1;415.83025447;20;2;1;3;1;1;1;1;1;3;1;1;5;2;1;1;1;1;1;3;1;;;99;300000;;;1;;;;;;;;;;2
20230309;03;2023;7370140;1;1;01;20;1;415.05064074;20;2;1;4;1;1;1;1;1;3;1;1;4;1;1;1;1;1;1;3;1;;;70000000;300000;;;;;;;;;;1;;;1
20230309;03;2023;7370141;1;1;01;20;1;462.65375282;20;2;1;2;1;1;1;1;1;3;1;1;4;3;1;1;1;1;1;3;3;;;;;200000;;1;;;;;;;;;;3
20230309;03;2023;7370142;1;1;01;20;1;417.77231453;20;2;1;4;1;1;1;1;1;3;1;1;4;3;1;1;1;1;1;3;1;;;99;350000;;;;;;;;;;1;;;4
20230309;03;2023;7370143;1;1;01;20;1;479.66308196;20;2;1;4;1;2;1;1;1;3;1;1;2;1;1;1;1;1;3;3;3;;;;;350000;;;;;;;;;1;;;3
20230309;03;2023;7370144;1;1;01;20;1;286.87323698;20;1;1;4;1;2;1;1;1;3;1;1;3;1;1;1;1;1;1;3;1;;;150000000;600000;;;1;;;;;;;;;;1
20230309;03;2023;7370145;1;1;01;20;1;228.03198748;20;1;1;5;1;2;1;1;1;3;1;1;4;3;1;1;1;1;1;3;1;;;180000000;600000;;;1;;;1;1;1;;;;;6
20230309;03;2023;7370146;1;1;01;20;1;330.88982972;20;1;1;4;1;2;1;1;1;3;1;1;4;2;1;1;1;1;1;3;1;;;98;500000;;;1;;;;;;;;;;3
20230309;03;2023;7370147;1;1;01;20;1;279.89489273;20;1;1;4;1;2;1;1;1;3;1;1;3;2;1;1;1;1;1;3;2;;400000;120000000;450000;;;1;;;;;;;;;;5
20230309;03;2023;7370148;1;1;01;20;1;222.41168974;20;1;1;4;1;2;1;1;1;3;1;1;3;2;1;1;1;1;1;3;1;;;150000000;500000;;;1;;;;;;;;;;3
20230309;03;2023;7370150;1;1;01;20;1;220.98535566;20;1;1;4;1;2;1;1;1;3;1;1;4;2;1;1;1;1;1;3;3;;;;;570000;;;;;;;;;1;;;2
20230309;03;2023;7370153;1;1;01;20;1;238.26856286;20;2;1;2;1;2;1;1;1;3;1;1;3;2;1;1;1;1;1;3;3;;;;;300000;;;;;;;;;1;;;5
20230309;03;2023;7370154;1;1;01;20;1;240.64744776;20;2;1;2;1;2;1;1;1;3;1;1;3;2;1;1;1;1;1;3;3;;;;;400000;;1;;;;;;;;;;5
20230309;03;2023;7370155;1;1;01;20;1;219.05431551;20;2;1;4;1;2;1;1;1;3;1;1;3;2;1;1;1;1;3;3;3;;;;;400000;;1;;;;;1;;;;;5
20230309;03;2023;7370156;1;1;01;20;1;290.70489816;20;2;1;4;1;2;1;1;1;3;1;1;2;1;1;1;1;1;3;3;3;;;;;350000;;1;;;;;;;;;;3
20230309;03;2023;7370157;1;1;01;20;1;131.22646162;20;2;1;2;1;2;1;1;1;3;1;1;5;4;1;1;1;1;3;3;4;;;;500000;;;;;;;;;;1;;;5
20230309;03;2023;7370158;1;1;01;20;1;206.99160369;20;1;1;4;1;2;1;1;1;3;1;1;1;1;1;1;1;1;1;3;3;;;;;200000;;;;;;;;;1;;;1
20230309;03;2023;7370159;1;1;01;20;1;120.20215026;20;2;1;2;1;2;1;1;1;3;1;1;5;3;1;1;1;1;3;3;4;;;;500000;;;;;;;;;;1;;;6
20230309;03;2023;7370161;1;1;01;20;1;257.09584278;20;2;1;2;1;2;1;1;1;3;1;1;3;2;1;1;1;1;1;3;3;;;;;400000;;1;;;;;;;;;;5
20230309;03;2023;7370162;1;1;01;20;1;217.57062272;20;2;1;4;1;2;1;1;1;3;1;1;3;2;1;1;1;1;1;3;3;;;;;340000;;;;;;;;;1;;;4
20230309;03;2023;7370163;1;1;01;20;1;358.62650578;20;1;1;4;1;2;1;1;1;3;1;1;3;2;1;1;1;1;1;3;3;;;;;500000;;1;;;;;;;;;;4
20230309;03;2023;7370166;1;1;01;20;1;346.06229013;20;1;1;5;1;5;1;1;1;3;1;1;5;4;1;1;1;1;1;3;1;;;99;5000000;;;1;;;;;1;;;;;4
20230309;03;2023;7370167;1;1;01;20;1;295.83045209;20;1;1;4;1;5;1;1;1;3;1;1;4;1;1;1;1;1;1;3;1;;;98;98;;;1;;;;;;;;;;2
20230309;03;2023;7370168;1;1;01;20;1;426.36718397;20;1;1;4;1;5;1;1;1;3;1;1;5;2;1;1;1;1;1;3;6;;;;2500000;;;1;;;;;;;;;;3
20230309;03;2023;7370169;1;1;01;20;1;295.83045209;20;1;1;4;1;5;1;1;1;3;1;1;6;1;1;1;1;1;1;3;1;;;98;98;;;1;;;;;1;;;;;2
20230309;03;2023;7370170;1;1;01;20;1;254.44729798;20;1;1;4;1;5;1;1;1;3;1;1;4;3;1;1;1;1;1;3;1;;;98;2000000;;1;1;;;;1;1;;;;;5
20230309;03;2023;7370171;1;1;01;20;1;227.7080931;20;1;1;4;1;4;1;1;1;3;1;1;4;3;1;1;1;1;1;3;3;;;;;600000;;;;;;;;;1;;;2
20230309;03;2023;7370173;1;1;01;20;1;236.58654932;20;1;1;3;1;4;1;1;1;3;1;1;5;3;1;1;1;1;1;3;3;;;;;1300000;;1;;;;;1;;;;;4
20230309;03;2023;7370175;1;1;01;20;1;206.04156907;20;1;1;4;1;3;1;1;1;3;1;1;4;3;1;1;1;1;1;3;2;;2000000;99;99;;;1;;;;;;;;;;4
20230309;03;2023;7370177;1;1;01;20;1;177.49827126;20;1;1;4;1;4;1;1;1;3;1;1;4;3;1;1;1;1;1;3;1;;;99;1700000;;;;;;;;;;1;;;2
20230309;03;2023;7370178;1;1;01;20;1;182.15261124;20;2;1;4;1;3;1;1;1;3;1;1;3;2;1;1;1;1;1;3;3;;;;;800000;;1;;;;;;;;;;1
20230309;03;2023;7370180;1;1;01;20;1;270.07619049;20;1;1;3;1;4;1;1;1;3;1;1;5;2;1;1;1;1;1;3;1;;;370000000;1200000;;;1;;;;;1;;;;;2
20230309;03;2023;7370181;1;1;01;20;1;379.5134885;20;1;1;4;1;5;1;1;1;3;1;1;5;2;1;1;1;1;1;3;1;;;99;1800000;;;1;;;;;;;;;;2
20230309;03;2023;7370183;1;1;01;20;1;203.11000532;20;1;1;3;1;4;1;1;1;3;1;1;5;3;1;1;1;1;1;3;1;;;99;1200000;;;1;;;;;;;;;;4
20230309;03;2023;7370189;1;1;01;23;1;100.04442371;23;1;1;4;1;2;1;1;1;3;1;1;4;3;1;1;1;1;1;3;4;;;;1000000;;;1;;;;;;;;;;7
20230309;03;2023;7370190;1;1;01;23;1;152.62912268;23;1;1;4;1;2;1;1;1;3;1;1;4;3;1;1;1;1;1;3;1;;;1000000;600000;;;1;;;;;;;;;;4
20230309;03;2023;7370191;1;1;01;23;1;239.90925141;23;1;1;4;1;2;1;1;1;3;1;1;3;2;1;1;1;1;1;3;3;;;;;650000;;1;;;;;;;;;;3
20230309;03;2023;7370192;1;1;01;23;1;100.04442371;23;1;1;4;1;2;1;1;1;3;1;1;4;3;1;1;1;1;1;3;1;;;90000000;800000;;;;;;;;;;1;;;6
20230309;03;2023;7370193;1;1;01;23;1;237.62714638;23;1;1;4;1;2;1;1;1;1;1;1;3;1;1;1;1;1;1;3;1;;;90000000;550000;;;1;;;;;;;;;;1
20230309;03;2023;7370194;1;1;01;23;1;283.53322928;23;2;1;4;1;2;1;1;1;3;1;1;3;2;1;1;1;1;1;3;3;;;;;700000;;1;;;;;;;;;;2
20230309;03;2023;7370196;1;1;01;23;1;139.06062156;23;1;1;4;1;2;1;1;1;3;1;1;3;2;1;1;1;1;1;3;3;;;;;600000;;1;;;;;;;;;;4
20230309;03;2023;7370197;1;1;01;23;1;174.35456737;23;1;1;4;1;2;1;1;1;3;1;1;5;3;1;1;1;1;1;3;1;;;240000000;1300000;;;1;;;;;1;;;;;5
20230309;03;2023;7370198;1;1;01;23;1;158.75785098;23;1;1;4;1;2;1;1;1;3;1;1;5;4;1;1;1;1;1;3;1;;;100000000;800000;;;1;;;;;;;;;;4
20230309;03;2023;7370199;1;1;01;23;1;339.25003985;23;2;1;4;1;1;1;1;1;3;1;1;2;2;1;1;1;1;1;3;5;;;;250000;;;;;;;;;;1;;;3
20230309;03;2023;7370200;1;1;01;23;1;222.26085705;23;2;1;4;1;1;1;1;1;3;1;1;3;2;1;1;1;1;3;3;1;;;30000000;300000;;;;;;;;;;1;;;2
20230309;03;2023;7370201;1;1;01;23;1;329.87522069;23;2;1;4;1;1;1;1;1;3;1;1;3;2;1;1;1;1;3;3;1;;;50000000;400000;;;;;;;;;;1;;;3
20230309;03;2023;7370202;1;1;01;23;1;137.5610826;23;2;1;4;1;1;1;1;1;3;1;1;3;2;1;1;1;1;1;3;3;;;;;200000;;1;;;;;;;;;;5
20230309;03;2023;7370203;1;1;01;23;1;128.50446939;23;1;1;2;1;2;1;1;1;3;1;1;5;4;1;1;1;1;1;3;1;;;600000000;500000;;;1;;;;;;;;;;3
20230309;03;2023;7370204;1;1;01;23;1;353.20348933;23;2;1;4;1;2;1;1;1;3;1;1;4;1;1;1;1;1;1;3;4;;;;800000;;;;;;;;;;1;;;1
20230309;03;2023;7370205;1;1;01;23;1;199.68172405;23;1;1;4;1;2;1;1;1;3;1;1;4;3;1;1;1;1;1;3;1;;;160000000;650000;;;1;;;;;;;;;;4
20230309;03;2023;7370206;1;1;01;23;1;265.06574337;23;2;1;2;1;2;1;1;1;3;1;1;3;2;1;1;1;1;1;3;3;;;;;450000;;;;;;;;;1;;;2
20230309;03;2023;7370208;1;1;01;23;1;269.89790783;23;2;1;4;1;2;1;1;1;3;1;1;3;2;1;1;1;1;1;3;4;;;;600000;;;;;;;;;;1;;;3
20230309;03;2023;7370209;1;1;01;23;1;158.07291409;23;1;1;4;1;2;1;1;1;3;1;1;4;3;1;1;1;1;1;3;1;;;150000000;650000;;;1;;;;;;;;;;5
20230309;03;2023;7370210;1;1;01;23;1;400.08207941;23;2;1;4;1;1;1;1;1;3;1;1;2;1;1;1;1;1;1;3;3;;;;;200000;;;;;;;;;1;;;2
20230309;03;2023;7370211;1;1;01;23;1;180.04231684;23;1;1;4;1;2;1;1;1;3;1;1;4;3;1;1;1;1;1;3;4;;;;500000;;;1;;;;;;;;;;8
20230309;03;2023;7370212;1;1;01;23;1;281.10105017;23;1;1;4;1;2;1;1;1;3;1;1;3;2;1;1;1;1;1;3;3;;;;;600000;;1;;;;;;;;;;2
20230309;03;2023;7370213;1;1;01;23;1;438.38736574;23;2;1;4;1;1;1;1;1;3;1;1;3;2;1;1;1;1;3;3;3;;;;;300000;;;;;;;;;1;;;3
20230309;03;2023;7370214;1;1;01;23;1;145.07314663;23;1;1;4;1;2;1;1;1;3;1;1;4;3;1;1;1;1;1;3;1;;;140000000;600000;;;1;;;;;;;;;;4
20230309;03;2023;7370216;1;1;01;23;1;397.3539255;23;2;1;4;1;2;1;1;1;3;1;1;3;1;1;1;1;1;1;3;4;;;;450000;;;;;;;;;;1;;;1
20230309;03;2023;7370217;1;1;01;23;1;241.7427224;23;1;1;4;1;2;1;1;1;3;1;1;4;1;1;1;1;1;1;3;1;;;90000000;800000;;;1;;;;;1;;;;;2
20230309;03;2023;7370218;1;1;01;23;1;434.8381384;23;1;1;4;1;2;1;1;1;3;1;1;3;2;1;1;1;1;1;3;4;;;;700000;;;1;;;;;;;;;;2
20230309;03;2023;7370219;1;1;01;23;1;157.21266583;23;2;1;4;1;2;1;1;1;3;1;1;3;2;1;1;1;1;1;3;1;;;80000000;400000;;;1;;;;;;;;;;3
20230309;03;2023;7370221;1;1;01;23;1;239.84576422;23;1;1;4;1;2;1;1;1;3;1;1;3;2;1;1;1;1;1;3;1;;;140000000;600000;;;1;;;;;;;;;;4
20230309;03;2023;7370223;1;1;01;23;1;357.16051179;23;1;1;4;1;2;1;1;1;3;1;1;3;2;1;1;1;1;1;3;2;;300000;100000000;400000;;;1;;;;;;;;;;4
20230309;03;2023;7370224;1;1;01;23;1;357.16051179;23;1;1;4;1;2;1;1;1;3;1;1;4;3;1;1;1;1;1;3;1;;;80000000;750000;;;1;;;;;;;;;;4
20230309;03;2023;7370226;1;1;01;23;1;265.91699464;23;1;1;4;1;4;1;1;1;3;1;1;5;1;1;1;1;1;1;3;1;;;220000000;1300000;;;1;;;;;1;;;;;2
20230309;03;2023;7370228;1;1;01;23;1;181.77985325;23;1;1;4;1;4;1;1;1;3;1;1;5;3;1;1;1;1;3;3;4;;;;2000000;;;1;;;;;1;;;;;3
20230309;03;2023;7370229;1;1;01;23;1;235.53561517;23;1;1;2;1;1;1;1;1;3;1;1;3;2;1;1;1;1;1;3;1;;;80000000;300000;;;;;;;;;;1;;;5
20230309;03;2023;7370230;1;1;01;23;1;193.93462325;23;1;1;4;1;1;1;1;1;3;1;1;4;3;1;1;1;1;1;3;1;;;65000000;350000;;;;;;;;;;1;;;3
20230309;03;2023;7370232;1;1;01;23;1;344.00399652;23;1;1;4;1;1;1;1;1;3;1;1;4;3;1;1;1;1;1;3;1;;;70000000;500000;;;1;;;;;;;;;;4
20230309;03;2023;7370233;1;1;01;23;1;110.04886608;23;1;1;4;1;4;1;1;1;3;1;1;6;4;1;1;1;1;1;3;1;;;280000000;900000;;;1;;;;;1;;;;;5
20230309;03;2023;7370235;1;1;01;23;1;206.08697057;23;1;1;2;1;1;1;1;1;3;1;1;3;2;1;1;1;1;1;3;1;;;75000000;400000;;;1;;;;;;;;;;5
20230309;03;2023;7370236;1;1;01;23;1;265.91699464;23;1;1;4;1;4;1;1;1;3;1;1;5;1;1;1;1;1;3;3;1;;;350000000;1500000;;;1;;;;;;;;;;2
20230309;03;2023;7370237;1;1;01;23;1;244.28277965;23;1;1;2;1;1;1;1;1;3;1;1;4;3;1;1;1;1;1;3;1;;;80000000;450000;;;1;;;;;;;;;;5
20230309;03;2023;7370238;1;1;01;23;1;456.17314933;23;1;1;2;1;1;1;1;1;3;1;1;3;2;1;1;1;1;4;3;4;;;;350000;;;1;;;;;;;;;;2
20230309;03;2023;7370241;1;1;01;23;1;265.91699464;23;2;1;4;1;4;1;1;1;3;1;1;5;1;1;1;1;1;1;3;1;;;220000000;800000;;;1;;;;;1;;;;;2
20230309;03;2023;7370242;1;1;01;23;1;297.2404797;23;1;1;4;1;4;1;1;1;3;1;1;5;2;1;1;1;1;1;3;4;;;;1500000;;;1;;;;;;;;;;3
20230309;03;2023;7370243;1;1;01;23;1;125.05552964;23;1;1;4;1;1;1;1;1;3;1;1;4;2;1;1;1;1;1;3;1;;;78000000;500000;;;1;;;;;;;;;;5
20230309;03;2023;7370244;1;1;01;23;1;223.41365622;23;2;1;4;1;4;1;1;1;3;1;1;5;2;1;1;1;1;3;3;4;;;;1400000;;;1;;;;;1;;;;;4
20230309;03;2023;7370245;1;1;01;23;1;156.04791512;23;2;1;1;1;1;1;1;1;3;1;1;3;2;1;1;1;1;4;3;1;;;68000000;320000;;;;;;;;;;1;;;3
20230309;03;2023;7370246;1;1;01;23;1;382.75235716;23;2;1;2;1;1;1;1;1;3;1;1;2;1;1;1;1;1;1;4;3;;;;;250000;;;;;;;;;1;;;4
20230309;03;2023;7370247;1;1;01;23;1;343.70163419;23;1;1;4;1;2;1;1;1;3;1;1;5;3;1;1;1;1;1;3;1;;;150000000;800000;;;1;;;;;1;;;;;4
20230309;03;2023;7370248;1;1;01;23;1;295.3045007;23;2;1;4;1;2;1;1;1;3;1;1;3;2;1;1;1;1;1;3;3;;;;;550000;;1;;;;;;;;;;1
20230309;03;2023;7370249;1;1;01;23;1;267.0741304;23;2;1;4;1;1;1;1;1;3;1;1;3;2;1;1;1;1;3;3;3;;;;;300000;;1;;;;;;;;;;4
20230309;03;2023;7370250;1;1;01;23;1;329.87522069;23;2;1;2;1;1;1;1;1;3;1;1;3;2;1;1;1;1;3;3;3;;;;;300000;;1;;;;;1;;;;;3
20230309;03;2023;7370251;1;1;01;23;1;400.08207941;23;2;1;4;1;1;1;1;1;3;1;1;3;1;1;1;1;1;3;3;3;;;;;300000;;;;;;;;;1;;;2
20230309;03;2023;7370252;1;1;01;23;1;411.65277371;23;2;1;4;1;1;1;1;1;3;1;1;3;2;1;1;1;1;1;3;3;;;;;200000;;;;;;;;;1;;;4
20230309;03;2023;7370253;1;1;01;23;1;154.97219443;23;1;1;4;1;1;1;1;1;3;1;1;3;2;1;1;1;1;1;3;3;;;;;300000;1;1;;;;;;;;;;4
20230309;03;2023;7370254;1;1;01;23;1;222.26085705;23;2;1;2;1;1;1;1;1;3;1;1;3;2;1;1;1;1;1;3;3;;;;;300000;;;;;;;;;1;;;2
20230309;03;2023;7370255;1;1;01;23;1;309.3775534;23;2;1;2;1;1;1;1;1;3;1;1;4;2;1;1;1;1;1;3;1;;;150000000;800000;;;1;;;;;;;;;;2
20230309;03;2023;7370256;1;1;01;23;1;89.568844383;23;1;1;4;1;1;1;1;1;3;1;1;3;2;1;1;1;1;1;3;1;;;70000000;500000;;;;;;;;;;1;;;3
20230309;03;2023;7370257;1;1;01;23;1;196.71906618;23;1;1;2;1;1;2;1;1;3;1;1;4;2;1;1;1;1;5;5;1;;;48000000;300000;;;;;;;;;;1;;;5
20230309;03;2023;7370258;1;1;01;23;1;99.897658287;23;1;1;4;1;1;1;1;1;3;1;1;4;3;1;1;1;1;1;3;4;;;;500000;;;;;;;;;;1;;;7
20230309;03;2023;7370259;1;1;01;23;1;139.63353514;23;1;1;4;1;1;1;1;1;3;1;1;3;2;1;1;1;1;3;3;3;;;;;600000;1;1;;;;;;;;;;4
20230309;03;2023;7370260;1;1;01;23;1;174.7369645;23;1;1;2;1;1;1;1;1;3;1;1;3;2;1;1;1;1;1;3;4;;;;400000;;;;;;;;;;1;;;3
20230309;03;2023;7370261;1;1;01;23;1;106.7224929;23;1;1;4;1;1;1;1;1;3;1;1;4;3;1;1;1;1;3;3;1;;;90000000;450000;;;1;;;;;;;;;;7
20230309;03;2023;7370262;1;1;01;23;1;140.70645454;23;1;1;4;1;1;1;1;1;3;1;1;4;3;1;1;1;1;1;3;1;;;85000000;400000;;;1;;;;;;;;;;5
20230309;03;2023;7370263;1;1;01;23;1;172.88191268;23;1;1;4;1;1;1;1;1;3;1;1;3;2;1;1;1;1;3;3;3;;;;;500000;;;;;;;;;1;;;4
20230309;03;2023;7370264;1;1;01;23;1;309.60359687;23;2;1;2;1;1;1;1;1;3;1;1;3;1;1;1;1;1;1;3;4;;;;300000;;;;;;;;;;1;;;4
20230309;03;2023;7370265;1;1;01;23;1;250.04346418;23;1;1;2;1;1;1;1;1;3;1;1;3;2;1;1;1;1;1;3;4;;;;700000;;;;;;;;;;1;;;2
20230309;03;2023;7370266;1;1;01;23;1;354.69397371;23;1;1;4;1;1;1;1;1;3;1;1;4;2;1;1;1;1;1;3;1;;;70000000;450000;;;1;;;;;;;;;;3
20230309;03;2023;7370267;1;1;01;23;1;380.57399976;23;1;1;2;1;1;1;1;1;3;1;2;6;4;1;2;1;1;1;3;1;;;75000000;500000;;;1;;;;;;;;;;4
20230309;03;2023;7370267;2;2;01;23;1;380.57399976;23;1;1;2;1;1;1;1;1;3;1;2;2;1;1;2;1;1;1;3;3;;;;;150000;;;;;;;;;1;;;1
20230309;03;2023;7370268;1;1;01;23;1;410.55583439;23;2;1;4;1;1;1;1;1;3;1;1;3;2;1;1;1;1;1;3;3;;;;;600000;1;1;;;;;;;;;;2
20230309;03;2023;7370269;1;1;01;23;1;326.73732627;23;3;1;2;1;1;1;1;1;3;1;1;1;1;1;1;1;1;1;3;3;;;;;100000;;;;;;;;;1;;;1
20230309;03;2023;7370271;1;1;01;23;1;154.75621793;23;2;1;4;1;1;1;1;1;3;1;1;4;3;1;1;1;1;1;3;3;;;;;350000;;;;;;;;;1;;;5
20230309;03;2023;7370272;1;1;01;23;1;279.2691939;23;2;1;4;1;1;1;1;1;3;1;1;1;1;1;1;1;1;1;3;1;;;40000000;400000;;1;1;;;;;;;;;;1
20230309;03;2023;7370273;1;1;01;23;1;271.9605627;23;1;1;4;1;1;1;1;1;3;1;1;4;1;1;1;1;1;1;3;1;;;60000000;500000;;1;1;;;;;;;;;;2
20230309;03;2023;7370274;1;1;01;23;1;417.99442458;23;1;1;2;1;1;1;1;1;3;1;1;3;2;1;1;1;1;1;3;1;;;65000000;300000;;;;;;;;;;1;;;3
20230309;03;2023;7370275;1;1;01;23;1;341.32901477;23;1;1;2;1;1;1;1;1;3;1;1;2;1;1;1;1;1;1;3;4;;;;400000;;;;;;;;;;1;;;1
20230309;03;2023;7370277;1;1;01;23;1;468.29502496;23;2;1;2;1;1;1;1;1;3;1;1;3;2;1;1;1;1;1;3;4;;;;450000;;;;;;;;;;1;;;2
20230309;03;2023;7370278;1;1;01;23;1;261.90729741;23;2;1;4;1;1;1;1;1;3;1;1;3;2;1;1;1;1;1;3;3;;;;;250000;;;;;;;;;1;;;5
20230309;03;2023;7370279;1;1;01;23;1;173.57955048;23;2;1;4;1;1;1;1;1;3;1;1;3;2;1;1;1;1;1;3;3;;;;;450000;;1;;;;;;;;;;4
20230309;03;2023;7370280;1;1;01;23;1;406.04368847;23;2;1;2;1;1;1;1;1;3;1;1;2;1;1;1;1;1;1;3;3;;;;;270000;;1;;;;;;;;;;1
20230309;03;2023;7370282;1;1;01;23;1;411.62814292;23;2;1;4;1;1;1;1;1;3;1;1;2;1;1;1;1;1;1;3;3;;;;;300000;;;;;;;;;1;;;2
20230309;03;2023;7370283;1;1;01;23;1;344.90895687;23;2;1;2;1;1;1;1;1;3;1;1;3;2;1;1;1;1;1;3;4;;;;300000;;;;;;;;;;1;;;4
20230309;03;2023;7370284;1;1;01;23;1;517.07126221;23;2;1;2;1;1;1;1;1;3;1;1;3;2;1;1;1;1;1;3;4;;;;400000;;;;;;;;;;1;;;3
20230309;03;2023;7370285;1;1;01;23;1;242.82739892;23;1;1;2;1;1;1;1;1;3;1;1;3;1;1;1;1;1;1;3;1;;;40000000;400000;;;;;;;;;;1;;;1
20230309;03;2023;7370286;1;1;01;23;1;139.63353514;23;2;1;2;1;1;1;1;1;3;1;1;3;2;1;1;1;1;1;4;4;;;;400000;;;;;;;;;;1;;;4
20230309;03;2023;7370287;1;1;01;23;1;261.38986102;23;2;1;4;1;4;1;1;1;3;1;1;4;1;1;1;1;1;1;3;4;;;;1200000;;;;;;;;;;1;;;1
20230309;03;2023;7370288;1;1;01;23;1;273.06321181;23;1;1;4;1;4;1;1;1;3;1;1;6;5;1;1;1;1;1;3;4;;;;1600000;;;1;;;;;;;;;;1
20230309;03;2023;7370289;1;1;01;23;1;302.72351694;23;2;1;4;1;4;1;1;1;3;1;1;4;2;1;1;1;1;1;3;3;;;;;800000;;1;;;;;1;;;;;4
20230309;03;2023;7370290;1;1;01;23;1;490.30005324;23;1;1;4;1;2;1;1;1;3;1;1;3;2;1;1;1;1;1;3;2;;350000;80000000;600000;;;1;;;;;;;;;;3
20230309;03;2023;7370291;1;1;01;23;1;156.25772391;23;2;5;2;1;1;1;1;1;3;1;1;2;1;1;1;1;1;4;3;4;;;;200000;;;;;;;;;;1;;;4
20230309;03;2023;7370292;1;1;01;23;1;351.01026539;23;2;1;2;1;1;1;1;1;3;1;1;3;1;1;1;1;1;3;3;3;;;;;380000;;1;;;;;;;;;;3
20230309;03;2023;7370293;1;1;01;23;1;181.84979213;23;2;1;2;1;1;1;1;1;3;1;1;2;1;1;1;1;10;3;3;1;;;50000000;350000;;;;;;;;;;1;;;2
20230309;03;2023;7370294;1;1;01;23;1;599.78189047;23;1;1;4;1;2;1;1;1;3;1;1;3;2;1;1;1;1;1;3;4;;;;400000;;;;;;;;;;1;;;2
20230309;03;2023;7370295;1;1;01;23;1;146.5671999;23;1;1;2;1;1;1;1;1;3;1;1;4;2;1;1;1;1;3;3;1;;;60000000;300000;;;;;;;;;;1;;;3
20230309;03;2023;7370296;1;1;01;23;1;172.47850606;23;2;1;2;1;1;1;1;1;3;1;1;3;2;1;1;1;1;3;3;4;;;;400000;;;1;;;;;;;;;;4
20230309;03;2023;7370297;1;1;01;23;1;267.33053968;23;2;1;2;1;1;1;1;1;3;1;1;1;1;1;1;1;1;1;3;4;;;;400000;;;;;;;;;;1;;;1
20230309;03;2023;7370298;1;1;01;23;1;239.38741308;23;1;1;4;1;1;1;1;1;3;1;1;4;2;1;1;1;1;1;3;3;;;;;500000;;;;;;;;;1;;;5
20230309;03;2023;7370299;1;1;01;23;1;253.12708914;23;1;1;4;1;1;1;1;1;3;1;1;4;2;1;1;1;1;1;3;1;;;150000000;500000;;;1;;;;;;;;;;2
20230309;03;2023;7370301;1;1;01;23;1;262.40457708;23;1;1;2;1;1;1;1;1;3;1;1;3;2;1;1;1;1;1;3;3;;;;;350000;1;1;;;;;;;;;;2
20230309;03;2023;7370302;1;1;01;23;1;216.45519495;23;1;1;2;1;1;1;1;1;3;1;2;2;1;1;2;1;1;1;3;1;;;60000000;300000;;;1;;;;;;;;;;3
20230309;03;2023;7370302;2;2;01;23;1;216.45519495;23;1;1;2;1;1;1;1;1;3;1;2;2;1;1;2;1;1;1;3;3;;;;;50000;1;1;;;;;;;;;;4
20230309;03;2023;7370303;1;1;01;;1;2398.3278331;25;1;5;2;1;1;2;1;1;3;1;1;4;3;1;1;1;2;1;4;1;;;30000000;300000;;1;;;;;;;;;;;6
20230309;03;2023;7370306;1;1;01;;1;963.64413623;25;1;1;4;1;0;2;1;2;;2;1;3;3;1;1;5;8;1;4;1;;;80000000;600000;;;;;;;;;;1;;;6
20230309;03;2023;7370311;1;1;01;;1;2395.3466629;25;2;1;4;1;3;1;1;1;3;1;1;4;3;1;1;1;1;1;3;3;;;;;800000;1;1;;1;1;1;1;;;;;4
20230309;03;2023;7370312;1;1;01;;1;2300.3683148;25;2;1;4;1;3;1;1;1;3;1;1;3;2;1;1;1;1;1;3;2;;350000;120000000;500000;;;;;1;;;;;;;;3
20230309;03;2023;7370313;1;1;01;;1;722.73310217;25;1;1;4;1;2;1;1;1;3;1;1;4;3;1;1;1;1;1;3;3;;;;;550000;;;;;;;;;1;;;5
20230309;03;2023;7370314;1;1;01;;1;1656.9069416;25;1;1;4;1;2;1;1;1;3;1;1;4;1;1;1;1;1;1;3;1;;;130000000;400000;;;;;;;;;;1;;;1
20230309;03;2023;7370315;1;1;01;;1;1386.1536809;25;1;1;4;1;2;1;1;1;3;1;1;4;3;1;1;1;1;3;3;3;;;;;430000;;;;;;;;;1;;;5
20230309;03;2023;7370316;1;1;01;;1;1249.0187348;25;1;1;2;1;2;1;1;1;3;1;1;3;2;1;1;1;1;3;3;3;;;;;450000;;1;;;;;;;;;;4
20230309;03;2023;7370317;1;1;01;;1;1656.9069416;25;1;1;2;1;2;1;1;1;3;1;1;3;1;1;1;1;1;3;3;1;;;70000000;400000;;;1;;;;;1;;;;;1
20230309;03;2023;7370318;1;1;01;;1;2044.9336721;25;1;1;4;1;2;1;1;1;3;1;1;4;3;1;1;1;1;1;3;1;;;150000000;500000;;;;;;;;;;1;;;6
20230309;03;2023;7370319;1;1;01;;1;1056.0426633;25;1;1;4;1;2;1;1;1;3;1;1;3;2;1;1;1;1;1;3;1;;;80000000;500000;;;;;;;;;;1;;;4
20230309;03;2023;7370320;1;1;01;;1;679.98574407;25;2;1;4;1;2;1;1;1;3;1;1;3;1;1;1;1;1;1;3;1;;;300000000;600000;;;1;;;;;;;;;;2
20230309;03;2023;7370321;1;1;01;;1;555.94854013;25;2;1;4;1;2;1;1;1;3;1;1;3;2;1;1;1;1;1;3;3;;;;;500000;;;;;;;;;1;;;3
20230309;03;2023;7370322;1;1;01;;1;1258.496658;25;2;1;4;1;2;1;1;1;3;1;1;2;1;1;1;1;1;1;3;3;;;;;500000;;1;;;;;;;;;;5
20230309;03;2023;7370323;1;1;01;;1;1054.1459298;25;1;1;4;1;2;1;1;1;3;1;1;4;3;1;1;1;1;1;3;1;;;190000000;700000;;;1;;;;;;;;;;3
20230309;03;2023;7370324;1;1;01;;1;1478.3907344;25;2;1;4;1;2;1;1;1;3;1;1;2;1;1;1;1;1;1;3;3;;;;;450000;;1;;;;;;;;;;3
20230309;03;2023;7370325;1;1;01;;1;1345.3313003;25;2;1;2;1;2;1;1;1;3;1;2;3;2;1;2;1;1;1;3;4;;;;280000;;;1;;;;;;;;;;5
20230309;03;2023;7370325;2;2;01;;1;1345.3313003;25;2;1;2;1;2;1;1;1;3;1;2;2;1;1;2;1;1;1;3;4;;;;200000;;;;;;;;;;1;;;1
20230309;03;2023;7370326;1;1;01;;1;1274.5438012;25;2;1;3;1;2;2;1;1;3;1;1;2;1;1;1;1;1;6;;3;;;;;300000;;1;;;;;;;;;;1
20230309;03;2023;7370327;1;1;01;;1;1339.0652145;25;2;1;4;1;2;1;1;1;3;1;1;3;2;1;1;1;1;1;3;3;;;;;600000;;1;;;;;;;;;;3
20230309;03;2023;7370328;1;1;01;;1;1398.6961566;25;2;1;4;1;2;1;1;1;3;1;1;4;2;1;1;1;1;3;3;1;;;150000000;600000;;;1;;;;;1;;;;;3
20230309;03;2023;7370329;1;1;01;;1;1197.8640563;25;2;1;4;1;2;1;1;1;3;1;1;4;3;1;1;1;1;1;3;1;;;300000000;500000;;;;;;;;;;1;;;6
20230309;03;2023;7370330;1;1;01;;1;1259.4983176;25;2;1;4;1;2;1;1;1;3;1;1;3;2;1;1;1;1;1;3;3;;;;;400000;;;;;;;;;1;;;4
20230309;03;2023;7370331;1;1;01;;1;1032.7383817;25;2;1;4;1;2;1;1;1;3;1;1;1;1;1;1;1;1;1;3;3;;;;;230000;;1;;;;;;;;;;2
20230309;03;2023;7370332;1;1;01;27;1;51.172886724;27;2;1;2;1;1;2;1;1;3;1;1;3;2;1;1;1;1;3;4;3;;;;;500000;;1;;;;;1;;;;;4
20230309;03;2023;7370333;1;1;01;27;1;37.05875031;27;2;1;4;1;1;2;1;1;3;1;1;3;2;1;1;1;1;1;4;3;;;;;450000;;1;;;;;;;;;;2
20230309;03;2023;7370336;1;1;01;27;1;89.516401858;27;1;1;4;1;1;2;2;1;3;1;1;5;3;2;1;1;1;3;4;1;;;200000000;800000;;;1;;;;;;;;;;3
20230309;03;2023;7370340;1;1;01;27;1;46.173464442;27;1;1;4;1;2;2;1;1;7;1;1;4;1;1;1;1;1;3;4;3;;;;;100000;;1;;;;;;;;;;1
20230309;03;2023;7370343;1;1;01;27;1;57.41494469;27;1;1;2;1;1;2;2;1;3;2;1;2;1;2;1;1;5;1;4;4;;;;200000;;;;;;;;;;1;;;5
20230309;03;2023;7370345;1;1;01;27;1;54.298323582;27;1;1;4;1;1;2;2;1;3;2;1;3;2;3;1;1;5;3;4;4;;;;350000;;;1;;;;;;;;;;4
20230309;03;2023;7370346;1;1;01;27;1;52.572033187;27;1;1;2;1;1;2;2;1;3;2;1;3;1;3;1;1;5;1;4;4;;;;150000;;;;;;;;;;1;;;1
20230309;03;2023;7370347;1;1;01;27;1;37.601310594;27;2;1;2;1;1;2;2;1;3;2;1;3;2;3;1;1;5;1;4;4;;;;200000;;;;;;;;;;1;;;4
20230309;03;2023;7370348;1;1;01;27;1;45.915275128;27;1;1;2;1;1;2;2;1;3;2;1;4;2;3;1;1;5;3;4;1;;;40000000;400000;;;;;;;;;;1;;;2
20230309;03;2023;7370349;1;1;01;27;1;38.695107679;27;1;1;2;1;1;2;2;1;3;2;1;3;2;3;1;1;5;1;4;1;;;60000000;300000;;;;;;;;;;1;;;4
20230309;03;2023;7370350;1;1;01;27;1;46.457835413;27;1;5;2;1;1;2;2;1;3;2;1;2;1;6;;1;5;4;1;1;;;20000000;300000;;;1;;;;;;;;;;4
20230309;03;2023;7370351;1;1;01;27;1;35.26716771;27;1;1;2;1;1;2;2;1;3;2;1;4;3;3;1;1;5;1;4;4;;;;300000;;;;;;;;;;1;;;4
20230309;03;2023;7370352;1;1;01;27;1;52.238974093;27;1;1;2;1;1;2;2;1;3;2;1;5;3;3;1;1;5;1;4;4;;;;300000;;;1;;;;;;;;;;5
20230309;03;2023;7370354;1;1;01;27;1;37.05875031;27;1;1;2;1;1;2;2;1;3;2;1;5;1;3;1;1;5;3;4;4;;;;500000;;;1;;;;;;;;;;2
20230309;03;2023;7370355;1;1;01;27;1;83.046616427;27;1;5;3;1;1;2;2;1;3;2;1;4;3;3;1;1;5;1;4;3;;;;;200000;;;;;;;;;1;;;5
20230309;03;2023;7370356;1;1;01;27;1;77.73140968;27;1;5;3;1;1;2;2;1;3;2;1;5;3;6;;1;5;4;4;3;;;;;60000;;;;;;;;;1;;;3
20230309;03;2023;7370357;1;1;01;27;1;90.851530658;27;1;5;3;1;1;2;2;1;3;2;1;4;3;3;1;1;5;1;4;4;;;;200000;;;;;;;;;;1;;;3
20230309;03;2023;7370359;1;1;01;27;1;57.560357051;27;1;2;6;1;1;2;2;1;3;2;1;2;1;6;;1;5;4;4;4;;;;250000;;;;;;;;;;1;;;1
20230309;03;2023;7370360;1;1;01;27;1;60.276280752;27;1;5;3;1;1;2;2;1;3;2;1;3;2;6;;1;5;1;4;4;;;;200000;;;;;;;;;;1;;;2
20230309;03;2023;7370361;1;1;01;27;1;61.935712665;27;1;5;3;1;1;2;2;1;3;2;1;4;3;3;1;1;5;3;4;1;;;20000000;150000;;;;;;;;;;1;;;5
20230309;03;2023;7370362;1;1;01;27;1;49.361139984;27;1;5;3;1;1;2;2;1;3;2;1;4;3;3;1;1;5;4;4;4;;;;100000;;;;;;;;;;1;;;3
20230309;03;2023;7370363;1;1;01;27;1;49.48243401;27;1;5;3;1;1;2;2;1;3;2;1;5;4;3;1;1;5;1;4;1;;;40000000;400000;;;;;;;;;;1;;;9
20230309;03;2023;7370364;1;1;01;27;1;60.308031811;27;1;5;3;1;1;2;2;1;3;2;1;4;1;3;1;1;5;6;;3;;;;;150000;;;;;;;;;1;;;1
20230309;03;2023;7370366;1;1;01;27;1;43.519512617;27;1;2;3;1;1;2;2;1;3;2;1;2;1;3;1;1;5;1;4;4;;;;200000;;;;;;;;;;1;;;2
20230309;03;2023;7370367;1;1;01;27;1;47.925014782;27;5;2;3;1;1;2;2;1;3;2;1;1;1;6;;1;5;5;5;1;;;40000000;200000;;;1;;;;;;;;;;5
20230309;03;2023;7370368;1;1;01;27;1;40.685097823;27;5;5;3;1;1;2;2;1;3;2;1;1;1;6;;1;5;5;5;5;;;;200000;;;;;;;;;;1;;;2
20230309;03;2023;7370369;1;1;01;27;1;67.179164667;27;5;2;3;1;1;2;2;1;3;2;1;1;1;6;;1;5;5;5;1;;;40000000;250000;;;;;;;;;;1;;;6
20230309;03;2023;7370371;1;1;01;27;1;43.519512617;27;5;2;3;1;1;2;2;1;3;2;1;1;1;6;;1;5;5;5;1;;;30000000;100000;;;;;;;;;;1;;;2
20230309;03;2023;7370372;1;1;01;27;1;58.764608243;27;5;5;3;1;1;2;2;1;3;2;1;2;1;6;;1;5;5;5;5;;;;200000;;;;;;;;;;1;;;3
20230309;03;2023;7370373;1;1;01;27;1;38.306526374;27;2;1;2;1;1;2;1;1;3;1;1;4;3;1;1;1;1;3;4;4;;;;150000;;;;;;;;;;1;;;4
20230309;03;2023;7370374;1;1;01;27;1;42.848408263;27;1;2;3;1;1;2;2;1;3;2;1;2;1;3;1;1;5;1;4;5;;;;200000;;;;;;;;;;1;;;1
20230309;03;2023;7370375;1;1;01;27;1;60.291755855;27;5;2;3;1;1;2;2;1;3;2;1;1;1;6;;1;5;5;5;1;;;35000000;150000;;;;;;;;;;1;;;2
20230309;03;2023;7370376;1;1;01;27;1;49.778574041;27;1;2;2;1;1;2;2;1;3;2;1;3;1;3;1;1;5;1;4;4;;;;200000;;;;;;;;;;1;;;4
20230309;03;2023;7370377;1;1;01;27;1;51.016972365;27;2;1;4;1;1;2;1;1;3;1;1;4;1;1;1;1;1;3;4;6;;;;200000;;;;;;;;;;1;;;2
20230309;03;2023;7370378;1;1;01;27;1;45.569519372;27;5;5;3;1;1;2;2;1;3;2;1;2;1;6;;1;5;6;;5;;;;250000;;;;;;;;;;1;;;2
20230309;03;2023;7370379;1;1;01;27;1;69.36767436;27;2;2;3;1;1;2;2;1;3;2;1;1;1;6;;1;5;5;5;1;;;40000000;150000;;;1;;;;;;;;;;4
20230309;03;2023;7370380;1;1;01;27;1;57.495456613;27;1;2;3;1;1;2;2;1;3;2;1;3;1;3;1;1;5;1;4;4;;;;200000;;;;;;;;;;1;;;2
20230309;03;2023;7370382;1;1;01;27;1;45.386711522;27;5;5;3;1;1;2;2;1;3;2;1;2;1;6;;1;5;5;5;5;;;;200000;;;;;;;;;;1;;;3
20230309;03;2023;7370383;1;1;01;27;1;37.850782969;27;2;1;4;1;1;2;1;1;3;1;1;4;2;1;1;1;1;3;4;1;;;30000000;200000;;;;;;;;;;1;;;2
20230309;03;2023;7370384;1;1;01;27;1;53.386055407;27;2;1;2;1;1;2;1;1;3;1;1;4;3;1;1;1;1;3;4;4;;;;150000;;;1;;;;;;;;;;4
20230309;03;2023;7370385;1;1;01;27;1;44.672616157;27;2;1;2;1;1;2;1;1;3;1;1;4;1;1;1;1;1;3;4;4;;;;150000;;;1;;;;;;;;;;1
20230309;03;2023;7370386;1;1;01;27;1;64.988719788;27;2;1;4;1;1;2;1;1;3;1;1;4;2;1;1;1;1;1;4;1;;;75000000;100000;;;;;;;;;;1;;;5
20230309;03;2023;7370387;1;1;01;27;1;48.479092182;27;2;1;2;1;1;2;1;1;3;1;1;4;2;1;1;1;1;3;4;4;;;;200000;;;;;;;;;;1;;;3
20230309;03;2023;7370388;1;1;01;27;1;67.35780283;27;2;1;2;1;1;2;1;1;3;1;1;4;2;1;1;1;1;3;4;1;;;98;150000;;;1;;;;;;;;;;7
20230309;03;2023;7370389;1;1;01;27;1;37.857816543;27;1;1;4;1;1;2;2;1;3;2;1;5;3;2;1;1;5;3;4;4;;;;300000;;;;;;;;;;1;;;4
20230309;03;2023;7370390;1;1;01;27;1;57.716830553;27;2;1;2;1;1;2;1;1;3;1;1;4;1;1;1;1;1;3;4;4;;;;150000;;;;;;;;;;1;;;1
20230309;03;2023;7370391;1;1;01;27;1;43.302172282;27;1;1;2;1;1;2;2;1;3;2;1;4;2;3;1;1;5;1;4;4;;;;400000;;;1;;;;;;;;;;3
20230309;03;2023;7370392;1;1;01;27;1;46.92447717;27;1;1;2;1;1;2;2;1;3;2;1;3;2;3;1;1;5;3;4;3;;;;;370000;;1;;;;;;;;;;4
20230309;03;2023;7370393;1;1;01;27;1;23.108680384;27;1;1;2;1;1;2;2;1;3;2;1;4;3;3;1;1;5;3;4;3;;;;;450000;;;;;;;;;1;;;7
20230309;03;2023;7370395;1;1;01;27;1;33.385635497;27;1;1;4;1;1;2;2;1;3;2;1;4;3;3;1;1;5;3;4;1;;;150000000;300000;;;1;;;;;;;;;;5
20230309;03;2023;7370396;1;1;01;27;1;43.767348695;27;1;1;4;1;1;2;2;1;3;2;1;5;1;2;1;1;5;3;4;1;;;200000000;600000;;;1;;;;;;;;;;2
20230309;03;2023;7370397;1;1;01;27;1;31.591942492;27;2;1;2;1;1;2;2;1;3;2;1;3;1;3;1;1;5;3;4;3;;;;;350000;;1;;;;;;;;;;2
20230309;03;2023;7370399;1;1;01;27;1;28.772112011;27;1;1;4;1;1;2;2;1;3;2;1;7;5;3;1;1;5;3;4;1;;;70000000;700000;;;1;;;;;;;;;;5
20230309;03;2023;7370400;1;1;01;27;1;38.556347882;27;1;5;3;1;1;2;2;1;3;2;1;3;2;3;1;1;5;1;4;1;;;35000000;200000;;;;;;;;;;1;;;3
20230309;03;2023;7370401;1;1;01;27;1;50.772042513;27;1;1;2;1;1;2;2;1;3;2;1;3;2;3;1;2;5;4;4;1;;;30000000;250000;;;;;;;;;;1;;;4
20230309;03;2023;7370403;1;1;01;27;1;27.686611965;27;1;1;2;1;1;2;2;1;3;2;1;3;2;2;1;1;5;1;4;4;;;;160000;;;;;;;;;;1;;;4
20230309;03;2023;7370404;1;1;01;27;1;27.77968594;27;1;1;4;1;1;2;2;1;3;2;1;4;2;3;1;1;5;1;4;1;;;98;450000;;;1;;;;;;;;;;2
20230309;03;2023;7370405;1;1;01;27;1;34.904946371;27;1;1;4;1;1;2;2;1;3;2;1;3;2;3;1;1;5;3;4;3;;;;;350000;;;;;;;;;1;;;3
20230309;03;2023;7370406;1;1;01;27;1;36.131345382;27;1;1;2;1;1;2;2;1;3;2;1;1;1;6;;1;5;1;4;4;;;;400000;;;;;;;;;;1;;;4
20230309;03;2023;7370407;1;1;01;27;1;27.340385737;27;1;1;2;1;1;2;2;1;3;2;1;3;2;3;1;1;5;3;4;6;;;;300000;;;;;;;;;;1;;;2
20230309;03;2023;7370408;1;1;01;27;1;42.05762655;27;1;5;2;1;1;2;2;1;3;2;1;3;1;3;1;1;5;1;4;1;;;40000000;350000;;;;;;;;;;1;;;1
20230309;03;2023;7370409;1;1;01;27;1;50.159889475;27;1;1;4;1;1;2;2;1;3;2;1;5;4;3;1;1;5;3;4;6;;;;500000;;;1;;;;;;;;;;5
20230309;03;2023;7370410;1;1;01;27;1;44.722149211;27;1;1;2;1;1;2;2;1;3;2;1;4;3;3;1;1;5;1;4;1;;;98;600000;;;1;;;;;;;;;;4
20230309;03;2023;7370411;1;1;01;27;1;49.9957163;27;1;1;4;1;1;2;2;1;3;2;1;6;2;3;1;1;5;1;4;1;;;98;850000;;;;;;;;;;1;;;2
20230309;03;2023;7370412;1;1;01;27;1;42.05762655;27;1;1;2;1;1;2;2;1;3;2;1;2;1;3;1;1;5;1;4;1;;;99;150000;;;;;;;;;;1;;;1
20230309;03;2023;7370413;1;1;01;27;1;38.971955054;27;1;1;2;1;1;2;2;1;3;2;1;3;2;2;1;1;5;1;4;4;;;;150000;;;;;;;;;;1;;;3
20230309;03;2023;7370417;1;1;01;27;1;27.424913243;27;1;1;2;1;1;2;2;1;3;2;1;3;2;3;1;1;5;1;4;1;;;70000000;300000;;;1;;;;;;;;;;6
20230309;03;2023;7370418;1;1;01;27;1;32.873797589;27;1;1;2;1;1;2;2;1;3;2;1;3;2;3;1;1;5;1;4;3;;;;;330000;;1;;;;;;;;;;3
20230309;03;2023;7370420;1;1;01;27;1;34.514442196;27;1;1;2;1;1;2;2;1;3;2;1;4;2;2;1;1;5;3;4;3;;;;;250000;;;;;;;;;1;;;3
20230309;03;2023;7370421;1;1;01;27;1;23.742847511;27;1;1;2;1;1;2;2;1;3;2;1;4;2;3;1;1;5;1;4;4;;;;300000;;;;;;;;;;1;;;3
20230309;03;2023;7370422;1;1;01;27;1;39.390613825;27;1;1;2;1;1;2;2;1;3;2;1;4;1;2;1;1;5;3;4;4;;;;200000;;;;;;;;;;1;;;2
20230309;03;2023;7370423;1;1;01;27;1;40.401781387;27;1;1;2;1;1;2;2;1;3;2;1;4;1;2;1;1;5;3;4;4;;;;250000;;;;;;;;;;1;;;1
20230309;03;2023;7370424;1;1;01;27;1;29.857468489;27;1;1;3;1;1;2;2;1;3;2;1;3;1;3;1;1;5;1;4;4;;;;300000;;;;;;;;;;1;;;2
20230309;03;2023;7370425;1;1;01;27;1;40.401781387;27;1;1;2;1;1;2;2;1;3;2;1;3;1;3;1;1;5;3;4;4;;;;300000;;;;;;;;;;1;;;1
20230309;03;2023;7370428;1;1;01;27;1;48.38324884;27;1;1;4;1;1;2;2;1;3;2;1;3;2;2;1;1;5;1;4;1;;;50000000;250000;;;1;;;;;;;;;;5
20230309;03;2023;7370430;1;1;01;27;1;39.818598943;27;1;1;4;1;1;2;2;1;3;2;1;4;3;3;1;1;5;3;4;1;;;70000000;200000;;;;;;;;;;1;;;4
20230309;03;2023;7370431;1;1;01;27;1;51.30384938;27;1;1;2;1;1;2;2;1;3;2;1;3;1;3;1;1;5;3;4;6;;;;200000;;;1;;;;;;;;;;1
20230309;03;2023;7370432;1;1;01;27;1;41.793937685;27;1;1;4;1;1;2;2;1;3;2;1;3;2;3;1;1;5;3;4;5;;;;200000;;;;;;;;;;1;;;4
20230309;03;2023;7370434;1;1;01;27;1;50.541122691;27;1;5;3;1;1;2;2;1;3;2;1;1;1;3;1;1;5;3;4;1;;;8000000;150000;;;;;;;;;;1;;;4
20230309;03;2023;7370435;1;1;01;27;1;47.866409327;27;2;1;4;1;1;2;2;1;3;2;1;5;3;2;1;1;5;1;4;4;;;;800000;;;1;;;;;;;;;;3
20230309;03;2023;7370437;1;1;01;27;1;36.659193736;27;2;1;3;1;1;2;2;1;3;2;1;2;1;2;1;1;5;1;4;3;;;;;450000;;1;;;;;;;;;;1
20230309;03;2023;7370439;1;1;01;27;1;33.495264084;27;2;1;4;1;1;2;2;1;3;2;1;3;2;2;1;1;5;1;4;3;;;;;450000;;1;;;;;;;;;;4
20230309;03;2023;7370441;1;1;01;27;1;63.013458938;27;2;1;4;1;1;2;2;1;3;2;1;3;2;2;1;1;5;1;4;4;;;;400000;;;1;;;;;;;;;;2
20230309;03;2023;7370442;1;1;01;27;1;37.745023464;27;2;1;4;1;1;2;2;1;3;2;1;3;2;2;1;1;5;1;4;3;;;;;600000;;1;;;;;;;;;;2
20230309;03;2023;7370443;1;1;01;27;1;40.624021328;27;2;1;4;1;1;2;2;1;3;2;1;6;2;2;1;1;5;1;4;1;;;150000000;500000;;;1;;;;;;;;;;3
20230309;03;2023;7370444;1;1;01;27;1;35.782380782;27;2;1;2;1;1;2;2;1;3;2;1;3;2;2;1;1;5;3;4;4;;;;600000;;;1;;;;;;;;;;3
20230309;03;2023;7370445;1;1;01;27;1;43.092526384;27;1;1;2;1;1;2;2;1;3;2;1;3;2;3;1;1;5;1;4;4;;;;180000;;;;;;;;;;1;;;3
20230309;03;2023;7370447;1;1;01;27;1;41.744504875;27;1;1;4;1;1;2;2;1;3;2;1;3;2;3;1;1;5;3;4;3;;;;;400000;;1;;;;;;;;;;3
20230309;03;2023;7370448;1;1;01;27;1;39.708992139;27;1;5;3;1;1;2;2;1;3;2;1;4;1;3;1;1;5;1;4;4;;;;98;;;;;;;;;;1;;;1
20230309;03;2023;7370449;1;1;01;27;1;42.846863481;27;1;2;3;1;1;2;2;1;3;2;1;2;1;3;1;1;5;1;4;4;;;;200000;;;;;;;;;;1;;;5
20230309;03;2023;7370451;1;1;01;27;1;49.386625222;27;1;1;4;1;2;2;1;1;3;1;1;3;2;1;1;1;1;1;4;1;;;50000000;500000;;;1;;;;;;;;;;3
20230309;03;2023;7370452;1;1;01;27;1;54.887026405;27;2;1;4;1;2;2;1;1;3;1;1;4;3;1;1;1;1;4;4;3;;;;;650000;;1;;;;;;;;;;4
20230309;03;2023;7370453;1;1;01;27;1;58.449798201;27;1;1;4;1;2;2;1;1;3;1;1;5;4;1;1;1;1;4;4;4;;;;800000;;;1;;;;;;;;;;8
20230309;03;2023;7370454;1;1;01;27;1;46.991629469;27;1;1;4;1;2;2;1;1;3;1;1;4;3;1;1;1;1;1;4;3;;;;;400000;;1;;;;;;;;;;5
20230309;03;2023;7370455;1;1;01;27;1;48.834949683;27;2;1;4;1;2;2;1;1;3;1;1;2;1;1;1;1;1;1;4;3;;;;;450000;;1;;;;;;;;;;2
20230309;03;2023;7370456;1;1;01;27;1;48.727263766;27;2;1;4;1;2;2;1;1;3;1;1;2;1;1;1;1;1;3;4;3;;;;;500000;;1;;;;;;;;;;1
20230309;03;2023;7370457;1;1;01;27;1;43.741083435;27;1;1;4;1;2;2;1;1;3;1;1;3;2;1;1;1;1;1;4;4;;;;500000;;;1;;;;;;;;;;1
20230309;03;2023;7370461;1;1;01;27;1;43.741083435;27;2;1;4;1;2;2;1;1;3;1;1;2;1;1;1;1;1;3;4;3;;;;;450000;;1;;;;;;;;;;1
20230309;03;2023;7370462;1;1;01;27;1;52.646974284;27;1;5;3;1;1;2;2;1;3;2;1;3;2;3;1;1;5;4;4;4;;;;100000;;;;;;;;;;1;;;6
20230309;03;2023;7370463;1;1;01;27;1;47.124828348;27;1;1;2;1;1;2;2;1;3;2;1;4;3;3;1;1;5;1;4;1;;;20000000;250000;;;;;;;;;;1;;;4
20230309;03;2023;7370464;1;1;01;27;1;52.520818434;27;1;1;2;1;1;2;2;1;3;2;1;4;1;3;1;1;5;1;4;1;;;15000000;200000;;;;;;;;;;1;;;2
20230309;03;2023;7370466;1;1;01;27;1;44.989206655;27;1;1;2;1;1;2;2;1;3;2;1;3;2;3;1;1;5;1;4;5;;;;300000;;;;;;;;;;1;;;5
20230309;03;2023;7370467;1;1;01;27;1;36.432969524;27;1;1;2;1;1;2;2;1;3;2;1;3;2;3;1;1;5;1;4;4;;;;400000;;;;;;;;;;1;;;3
20230309;03;2023;7370468;1;1;01;27;1;37.910330991;27;1;1;2;1;1;2;2;1;3;2;1;2;1;3;1;1;5;1;4;5;;;;300000;;;;;;;;;;1;;;2
20230309;03;2023;7370469;1;1;01;27;1;40.915530072;27;1;1;2;1;1;2;2;1;3;2;1;3;2;3;1;1;5;1;4;1;;;50000000;300000;;;1;;;;;;;;;;3
20230309;03;2023;7370471;1;1;01;27;1;44.141580617;27;1;1;2;1;1;2;2;1;3;2;1;3;1;3;1;1;5;1;4;4;;;;200000;;;;;;;;;;1;;;2
20230309;03;2023;7370472;1;1;01;27;1;59.884034911;27;1;1;2;1;1;2;2;1;3;2;1;4;3;3;1;1;5;4;4;1;;;45000000;300000;;;1;;;;;;;;;;5
20230309;03;2023;7370473;1;1;01;27;1;28.199679672;27;1;1;2;1;1;2;2;1;3;2;1;5;4;3;1;1;5;1;4;4;;;;300000;;;;;;;;;;1;;;7
20230309;03;2023;7370474;1;1;01;41;1;281.85290521;41;2;1;4;1;1;1;1;1;3;1;1;4;3;1;1;1;1;1;3;3;;;;;400000;;1;;;;;;;;;;3
20230309;03;2023;7370475;1;1;01;41;1;342.19413625;41;1;1;2;1;1;1;1;1;3;1;1;3;2;1;1;1;1;1;3;1;;;98;250000;;;1;;;;;;;;;;3
20230309;03;2023;7370477;1;1;01;41;1;433.63629951;41;2;1;4;1;1;1;1;1;3;1;1;3;2;1;1;1;1;1;3;3;;;;;400000;;1;;;;;;;;;;4
20230309;03;2023;7370480;1;1;01;41;1;129.89132887;41;2;1;2;1;2;1;1;1;3;1;1;2;1;1;1;1;1;1;3;3;;;;;350000;;;;;;;;;1;;;1
20230309;03;2023;7370482;1;1;01;41;1;174.03550538;41;2;1;4;1;2;1;1;1;3;1;1;3;2;1;1;1;1;1;3;4;;;;500000;;;1;;;;;;;;;;2
20230309;03;2023;7370486;1;1;01;41;1;138.14902968;41;1;1;4;1;1;1;1;1;3;1;1;4;2;1;1;1;1;1;3;1;;;90000000;400000;;;1;;;;;;;;;;3
20230309;03;2023;7370487;1;1;01;41;1;152.47275163;41;1;1;4;1;1;1;1;1;3;1;1;4;3;1;1;1;1;1;3;3;;;;;500000;;1;;;;;;;;;;4
20230309;03;2023;7370489;1;1;01;41;1;189.54460772;41;2;1;4;1;2;1;1;1;3;1;1;3;2;1;1;1;1;1;3;3;;;;;500000;;1;;;;1;1;;;;;2
20230309;03;2023;7370490;1;1;01;41;1;166.71776379;41;1;1;4;1;1;1;1;1;3;1;1;3;2;1;1;1;1;1;3;3;;;;;200000;;1;;;;;;;;;;2
20230309;03;2023;7370491;1;1;01;41;1;297.98604912;41;2;1;4;1;1;1;1;1;3;1;1;3;2;1;1;1;1;3;3;4;;;;300000;;;1;;;;;;;;;;4
20230309;03;2023;7370493;1;1;01;41;1;194.05392953;41;1;1;4;1;1;1;1;1;3;1;2;2;2;1;1;1;1;1;3;4;;;;600000;;;1;;;;;;;;;;2
20230309;03;2023;7370493;2;2;01;41;1;194.05392953;41;1;1;4;1;1;1;1;1;3;1;2;1;1;1;1;1;1;1;3;3;;;;;200000;;1;;;;;;;;;;2
20230309;03;2023;7370494;1;1;01;41;1;238.25068423;41;1;1;2;1;1;1;1;1;3;1;1;4;2;1;1;1;1;1;3;1;;;70000000;400000;;;1;;;;;;;;;;3
20230309;03;2023;7370495;1;1;01;41;1;201.38587165;41;1;1;4;1;1;1;1;1;3;1;1;3;2;1;1;1;1;1;3;1;;;200000000;400000;;;1;;;;;;;;;;2
20230309;03;2023;7370496;1;1;01;41;1;254.01965009;41;1;1;4;1;1;1;1;1;3;1;1;4;2;1;1;1;1;1;3;4;;;;400000;;;1;;;;;;;;;;3
20230309;03;2023;7370499;1;1;01;41;1;69.275375397;41;2;1;4;1;4;1;1;1;3;1;1;3;1;1;1;1;1;1;3;3;;;;;800000;;1;;;;;;;;;;1
20230309;03;2023;7370500;1;1;01;41;1;120.64392872;41;2;1;4;1;4;1;1;1;3;1;1;4;3;1;1;1;1;1;3;3;;;;;1050000;;1;;;;;;;;;;4
20230309;03;2023;7370501;1;1;01;41;1;82.866794818;41;2;1;4;1;4;1;1;1;3;1;1;3;2;1;1;1;1;4;3;1;;;250000000;1100000;;;1;;;;;;;;;;1
20230309;03;2023;7370502;1;1;01;41;1;94.134982252;41;2;1;4;1;4;1;1;1;3;1;1;4;2;1;1;1;1;1;3;4;;;;1000000;;;1;;;;;;;;;;2
20230309;03;2023;7370503;1;1;01;41;1;101.60786004;41;2;1;4;1;4;1;1;1;3;1;1;2;2;1;1;1;1;1;3;3;;;;;850000;;1;;;;;;;;;;3
20230309;03;2023;7370504;1;1;01;41;1;69.275375397;41;2;1;4;1;4;1;1;1;3;1;1;4;1;1;1;1;1;1;3;4;;;;1000000;;;1;;;;;;;;;;1
20230309;03;2023;7370506;1;1;01;41;1;86.861935006;41;2;1;4;1;4;1;1;1;3;1;1;3;2;1;1;1;1;1;3;1;;;200000000;1000000;;;1;;;;;;;;;;2
20230309;03;2023;7370508;1;1;01;41;1;127.1251966;41;1;1;2;1;2;1;1;1;3;1;1;5;1;1;1;1;1;1;3;1;;;150000000;400000;;;;;;;;;;1;;;1
20230309;03;2023;7370509;1;1;01;41;1;141.88550048;41;2;1;2;1;0;2;1;1;3;1;1;2;1;1;1;1;1;1;4;5;;;;200000;;;;;;;;;;1;;;2
20230309;03;2023;7370510;1;1;01;41;1;178.96838984;41;1;5;1;1;0;2;1;1;3;1;1;1;1;1;1;1;1;1;4;5;;;;200000;;;1;;;;;;;;;;3
20230309;03;2023;7370512;1;1;01;41;1;224.05519197;41;1;5;2;1;0;2;1;1;3;1;1;5;4;1;1;1;1;1;4;5;;;;250000;;;1;;;;;;;;;;6
20230309;03;2023;7370513;1;1;01;41;1;152.0841196;41;1;1;2;1;0;2;1;1;3;1;1;2;1;1;1;1;1;2;4;3;;;;;150000;;1;;;;;;;;;;1
20230309;03;2023;7370514;1;1;01;41;1;106.29127006;41;1;1;4;1;2;1;1;1;3;1;1;4;1;1;1;1;1;1;3;1;;;99;700000;;1;1;;;;;1;;;;;1
20230309;03;2023;7370515;1;1;01;41;1;200.09232172;41;1;8;1;1;0;2;1;1;3;1;1;3;2;1;1;1;1;1;1;5;;;;450000;;;1;;;;;;;;;;4
20230309;03;2023;7370516;1;1;01;41;1;128.47317449;41;4;1;2;1;2;1;1;1;3;1;1;1;1;1;2;1;1;1;3;3;;;;;150000;;;;;;;;;1;;;2
20230309;03;2023;7370517;1;1;01;41;1;164.64691682;41;1;5;2;1;0;2;1;1;3;1;1;2;1;1;1;1;1;1;5;5;;;;50000;;;1;;;;;;;;;;2
20230309;03;2023;7370519;1;1;01;41;1;178.30164315;41;2;1;4;1;1;1;1;1;3;1;1;3;2;1;1;1;1;1;3;1;;;30000000;300000;;;;;;;;;;1;;;3
20230309;03;2023;7370520;1;1;01;41;1;147.99206326;41;1;4;2;1;0;2;1;1;3;1;1;2;1;1;1;1;1;1;1;5;;;;50000;;;1;;;;;;;;;;2
20230309;03;2023;7370521;1;1;01;41;1;162.98510252;41;2;1;2;1;1;1;1;1;3;1;1;3;2;1;1;1;1;1;3;1;;;98;450000;;;1;;;;;;;;;;3
20230309;03;2023;7370522;1;1;01;41;1;221.93812971;41;2;1;2;1;1;1;1;1;3;1;1;4;3;1;1;1;1;1;3;1;;;60000000;300000;;;1;;;;;;;;;;4
20230309;03;2023;7370523;1;1;01;41;1;164.39551574;41;2;1;4;1;1;1;1;1;3;1;1;3;2;1;1;1;1;1;3;1;;;60000000;300000;;;1;;;;;;;;;;3
20230309;03;2023;7370526;1;1;01;41;1;261.93801721;41;2;1;2;1;1;1;1;1;3;1;1;2;2;1;1;1;1;3;3;1;;;4000000;350000;;;;;;;;;;1;;;4
20230309;03;2023;7370527;1;1;01;41;1;209.3993076;41;1;1;4;1;2;1;1;1;3;1;1;3;2;1;1;1;1;1;3;3;;;;;600000;;1;;;;;;;;;;2
20230309;03;2023;7370528;1;1;01;41;1;202.55134925;41;1;1;4;1;2;1;1;1;3;1;1;3;2;1;1;1;1;4;3;1;;;10000000;600000;;;1;;;;;;;;;;2
20230309;03;2023;7370530;1;1;01;41;1;225.346241;41;2;1;4;1;2;1;1;1;3;1;1;2;1;1;1;1;1;1;3;3;;;;;350000;;1;;;;;;;;;;2
20230309;03;2023;7370531;1;1;01;41;1;84.270955368;41;1;1;4;1;1;1;1;1;3;1;2;2;1;1;1;1;1;1;3;3;;;;;200000;;1;;;;;;;;;;2
20230309;03;2023;7370531;2;2;01;41;1;84.270955368;41;1;1;4;1;1;1;1;1;3;1;2;2;1;1;2;1;1;3;3;4;;;;300000;;;1;;;;;;;;;;1
20230309;03;2023;7370532;1;1;01;41;1;243.70020992;41;1;1;4;1;2;1;1;1;3;1;1;3;2;1;1;1;1;1;3;3;;;;;650000;;1;;;;;;;;;;2
20230309;03;2023;7370533;1;1;01;41;1;211.14648372;41;2;1;4;1;2;1;1;1;3;1;1;2;1;1;1;1;1;4;3;3;;;;;500000;;1;;;;;;;;;;2
20230309;03;2023;7370535;1;1;01;41;1;155.50929938;41;2;1;4;1;2;1;1;1;3;1;1;5;3;1;1;1;1;1;3;3;;;;;500000;;1;;;;;;;;;;5
20230309;03;2023;7370536;1;1;01;41;1;93.225144171;41;2;1;2;1;2;1;1;1;3;1;1;2;1;1;1;1;1;1;3;3;;;;;380000;;;;;;;;;1;;;1
20230309;03;2023;7370538;1;1;01;41;1;117.09801409;41;2;1;2;1;2;1;1;1;3;1;1;3;2;1;1;1;1;1;3;3;;;;;350000;;;;;;;;;1;;;3
20230309;03;2023;7370539;1;1;01;41;1;105.58768904;41;1;1;2;1;2;1;1;1;3;1;1;5;4;1;1;1;1;1;3;1;;;120000000;600000;;;1;;;;1;;;;;;5
20230309;03;2023;7370542;1;1;01;41;1;211.22127271;41;2;5;2;1;0;2;1;1;3;1;1;1;1;1;1;1;1;2;4;5;;;;200000;;;1;;;;;;;;;;4
20230309;03;2023;7370543;1;1;01;41;1;215.62359898;41;2;1;4;1;3;1;1;1;3;1;1;2;1;1;1;1;1;1;3;3;;;;;600000;;1;;;;1;;;;;;1
20230309;03;2023;7370544;1;1;01;41;1;154.27200999;41;2;1;2;1;1;2;1;1;3;1;1;1;1;1;1;1;1;2;4;3;;;;;200000;;;;;;;;;1;;;2
20230309;03;2023;7370545;1;1;01;41;1;102.33261458;41;2;1;4;1;4;1;1;1;3;1;1;3;3;1;1;1;1;1;3;1;;;900000000;1200000;;;1;;;;;;;;;;3
20230309;03;2023;7370547;1;1;01;41;1;215.62359898;41;3;1;4;1;3;1;1;1;3;1;1;1;1;1;1;1;1;1;3;3;;;;;280000;;1;;;;;;;;;;1
20230309;03;2023;7370548;1;1;01;41;1;269.8266638;41;3;1;4;1;3;1;1;1;3;1;1;1;1;1;1;1;1;1;3;3;;;;;300000;;1;;;;;;;;;;1
20230309;03;2023;7370551;1;1;01;44;1;63.458619904;44;1;1;4;1;3;1;1;1;3;1;1;4;2;1;1;1;1;1;3;1;;;99;550000;;;1;;;;;1;;;;;2
20230309;03;2023;7370552;1;1;01;44;1;71.762200426;44;1;1;4;1;2;1;1;1;3;1;1;4;3;1;1;1;1;1;3;2;;800000;99;600000;;;1;;;;;;;;;;2
20230309;03;2023;7370553;1;1;01;44;1;66.664601043;44;1;1;4;1;2;1;1;1;3;1;1;4;3;1;1;1;1;1;3;6;;;;700000;;;1;;;;;;;;;;3
20230309;03;2023;7370554;1;1;01;44;1;77.398458797;44;1;1;4;1;2;1;1;1;3;1;1;4;3;1;1;1;1;1;3;6;;;;700000;;;1;;;;;;;;;;2
20230309;03;2023;7370555;1;1;01;44;1;29.367117085;44;1;1;4;1;2;1;1;1;3;1;1;4;2;1;1;1;10;1;3;1;;;180000000;600000;;;1;;;;;;;;;;3
20230309;03;2023;7370556;1;1;01;44;1;50.496069911;44;1;1;2;1;2;1;1;1;3;1;1;3;1;1;1;1;10;3;3;1;;;140000000;500000;;;1;;;;;;;;;;1
20230309;03;2023;7370557;1;1;01;44;1;55.011805777;44;3;1;4;1;2;1;1;1;3;1;1;1;1;1;1;1;1;1;3;3;;;;;350000;;1;;;;;;;;;;1
20230309;03;2023;7370558;1;1;01;44;1;47.881916382;44;2;1;4;1;2;1;1;1;3;1;1;2;1;1;1;1;10;3;3;1;;;98;600000;;;;;;;;;;1;;;2
20230309;03;2023;7370559;1;1;01;44;1;44.720661766;44;1;1;4;1;2;1;1;1;3;1;1;4;2;1;1;1;10;3;3;1;;;98;1400000;;;1;;;;1;1;;;;;3
20230309;03;2023;7370560;1;1;01;44;1;81.891429781;44;1;1;2;1;1;2;2;1;3;1;1;3;2;2;1;1;1;1;4;3;;;;;300000;;;;;;;;;1;;;6
20230309;03;2023;7370561;1;1;01;44;1;62.479073351;44;3;1;4;1;2;1;1;1;3;1;1;1;1;1;1;1;10;1;3;3;;;;;350000;;;;;;;;;1;;;1
20230309;03;2023;7370562;1;1;01;44;1;88.151455638;44;3;5;2;1;1;2;2;1;1;1;1;1;1;2;2;1;1;5;5;4;;;;180000;;;;;;;;;;1;;;3
20230309;03;2023;7370563;1;1;01;44;1;46.357080892;44;4;1;2;1;1;2;2;1;3;1;1;1;1;2;1;1;1;5;5;4;;;;200000;;;;;;;;;;1;;;2
20230309;03;2023;7370564;1;1;01;44;1;65.117223097;44;1;1;4;1;3;1;1;1;3;1;1;4;2;1;1;1;1;1;3;3;;;;;700000;;1;;;;;;;;;;3
20230309;03;2023;7370565;1;1;01;44;1;55.011805777;44;1;1;4;1;3;1;1;1;3;1;1;4;1;1;1;1;1;1;3;3;;;;;800000;;1;;;;;;;;;;1
20230309;03;2023;7370566;1;1;01;44;1;97.142672159;44;2;1;4;1;2;1;1;1;3;1;1;4;3;1;1;1;10;1;3;3;;;;;500000;;1;;;;;;;;;;4
20230309;03;2023;7370567;1;1;01;44;1;49.236397632;44;1;1;4;1;3;1;1;1;3;1;1;3;2;1;1;1;1;1;3;2;;99;99;700000;;;1;;;;;1;;;;;3
20230309;03;2023;7370569;1;1;01;44;1;104.41811544;44;1;1;2;1;1;1;2;1;3;2;1;5;1;2;1;1;8;1;3;4;;;;250000;;;;;;;;;;1;;;5
20230309;03;2023;7370570;1;1;01;44;1;114.03328959;44;2;1;4;1;2;1;1;1;3;1;1;3;2;1;1;1;10;3;3;6;;;;500000;;;1;;;;;;;;;;2
20230309;03;2023;7370571;1;1;01;44;1;27.763978699;44;1;1;4;1;3;1;1;1;3;1;1;4;3;1;1;1;1;1;3;1;;;99;1000000;;;1;;;;;;;;;;4
20230309;03;2023;7370572;1;1;01;44;1;66.071563254;44;1;1;4;1;2;1;1;1;3;1;1;5;2;1;1;1;10;1;3;4;;;;600000;;;1;;;;;;;;;;3
20230309;03;2023;7370573;1;1;01;44;1;85.677358229;44;1;1;2;1;1;2;2;1;3;1;1;1;1;2;1;1;1;5;4;3;;;;;250000;;;;;;;;;1;;;6
20230309;03;2023;7370574;1;1;01;44;1;54.045339129;44;1;1;4;1;1;1;2;1;3;1;1;4;3;2;1;1;1;1;3;5;;;;300000;;;;;;;;;;1;;;4
20230309;03;2023;7370575;1;1;01;44;1;36.801128423;44;1;1;4;1;3;1;1;1;3;1;1;3;1;1;1;1;1;1;3;4;;;;600000;;;;;;;;;;1;;;2
20230309;03;2023;7370576;1;1;01;44;1;93.023247698;44;1;1;4;1;2;1;1;1;3;1;1;4;3;1;1;1;1;1;3;3;;;;;700000;;1;;;;;;;;;;5
20230309;03;2023;7370578;1;1;01;44;1;37.830182955;44;1;1;4;1;3;1;1;1;3;1;1;5;3;1;1;1;1;1;3;1;;;600000000;950000;;;1;;;;;;;;;;3
20230309;03;2023;7370580;1;1;01;44;1;69.491890857;44;1;1;4;1;3;1;1;1;3;1;1;4;2;1;1;1;1;1;3;3;;;;;700000;;1;;;;;;;;;;3
20230309;03;2023;7370581;1;1;01;44;1;85.717602884;44;2;1;4;1;2;1;1;1;3;1;1;3;2;1;1;1;1;1;3;3;;;;;250000;;1;;;;;;;;;;4
20230309;03;2023;7370582;1;1;01;44;1;64.548474655;44;1;1;4;1;2;1;1;1;3;1;1;4;2;1;1;1;10;1;3;1;;;99;1200000;;;1;;;;;;;;;;2
20230309;03;2023;7370584;1;1;01;44;1;43.427733251;44;1;1;4;1;3;1;1;1;3;1;1;4;3;1;1;1;10;1;3;4;;;;500000;;;1;;;;;;;;;;4
20230309;03;2023;7370585;1;1;01;44;1;152.78374565;44;2;1;4;1;2;1;1;1;3;1;1;3;1;1;1;1;10;3;3;3;;;;;450000;;1;;;;;;;;;;3
20230309;03;2023;7370586;1;1;01;44;1;81.222795356;44;1;1;4;1;2;1;1;1;3;1;1;2;1;1;1;1;1;1;3;4;;;;350000;;;;;;;;;;1;;;1
20230309;03;2023;7370587;1;1;01;44;1;71.943757144;44;1;1;4;1;2;1;1;1;3;1;1;4;3;1;1;1;10;1;3;1;;;280000000;600000;;;1;;;;;;;;;;6
20230309;03;2023;7370588;1;1;01;44;1;60.267622254;44;1;1;4;1;3;1;1;1;3;1;1;4;2;1;1;1;1;1;3;1;;;200000000;800000;;;1;;;;;;;;;;2
20230309;03;2023;7370589;1;1;01;44;1;60.267622254;44;2;1;4;1;3;1;1;1;3;1;1;5;2;1;1;1;1;1;3;1;;;200000000;800000;;;1;;;;;;;;;;2
20230309;03;2023;7370590;1;1;01;44;1;113.50231743;44;3;1;4;1;2;2;1;1;3;1;1;1;1;1;1;1;1;6;;6;;;;200000;;;1;;;;;;;;;;1
20230309;03;2023;7370591;1;1;01;44;1;72.300859414;44;2;1;4;1;2;1;1;1;3;1;1;2;1;1;1;1;1;3;3;3;;;;;300000;;1;;;;;;;;;;3
20230309;03;2023;7370592;1;1;01;44;1;50.496069911;44;1;1;4;1;3;1;1;1;3;1;1;4;1;1;1;1;10;1;3;1;;;300000000;1000000;;;1;;;;;1;;;;;1
20230309;03;2023;7370593;1;1;01;44;1;136.90827994;44;1;1;4;1;2;1;1;1;3;1;1;4;3;1;1;1;1;1;3;4;;;;500000;;1;1;;;;;;;;;;4
20230309;03;2023;7370594;1;1;01;44;1;60.267622254;44;1;1;4;1;3;1;1;1;3;1;1;4;2;1;1;1;10;1;3;4;;;;1000000;;;1;;;;;;;;;;2
20230309;03;2023;7370595;1;1;01;44;1;156.54899405;44;2;1;4;1;2;1;1;1;3;1;1;3;2;1;1;1;1;1;3;3;;;;;500000;;1;;;;;;;;;;5
20230309;03;2023;7370596;1;1;01;44;1;109.80734281;44;1;1;2;1;1;1;2;1;3;1;1;5;4;2;1;1;1;1;3;3;;;;;300000;;1;;;;;;;;;;10
20230309;03;2023;7370598;1;1;01;44;1;47.176602515;44;1;1;4;1;2;1;1;1;3;1;1;5;2;1;1;1;10;1;3;1;;;450000000;1800000;;;1;;1;;;1;;;;;3
20230309;03;2023;7370599;1;1;01;44;1;72.008231536;44;1;1;4;1;2;1;1;1;3;1;1;4;3;1;1;1;1;1;3;4;;;;500000;;;1;;;;;;;;;;3
20230309;03;2023;7370600;1;1;01;44;1;61.529128302;44;1;1;4;1;3;1;1;1;3;1;1;4;2;1;1;1;10;1;3;4;;;;800000;;;;;;;;;;1;;;4
20230309;03;2023;7370601;1;1;01;44;1;102.68120995;44;1;1;4;1;2;1;1;1;3;1;1;4;3;1;1;1;1;1;3;1;;;98;1000000;;;1;;;;;1;;;;;4
20230309;03;2023;7370602;1;1;01;44;1;117.29543932;44;2;1;2;1;1;1;2;1;2;1;1;3;2;2;1;1;1;1;3;3;;;;;150000;;;;;;;;;1;;;4
20230309;03;2023;7370603;1;1;01;44;1;29.367117085;44;1;1;4;1;2;1;1;1;3;1;1;4;2;1;1;1;10;1;3;1;;;220000000;600000;;;1;;;;;;;;;;3
20230309;03;2023;7370604;1;1;01;44;1;60.650836193;44;1;1;1;1;1;1;2;1;2;1;1;2;1;2;1;1;1;1;4;4;;;;200000;;;;;;;;;;1;;;3
20230309;03;2023;7370605;1;1;01;44;1;76.276209415;44;1;1;4;1;2;1;1;1;3;1;1;5;1;1;1;1;10;1;3;1;;;400000000;1500000;;;1;;;;;1;;;;;2
20230309;03;2023;7370606;1;1;01;44;1;109.96447436;44;1;1;4;1;2;1;1;1;3;1;1;5;2;1;1;1;10;1;3;3;;;;;1000000;;1;;;;;;;;;;4
20230309;03;2023;7370607;1;1;01;44;1;84.327758487;44;2;1;2;1;1;1;2;1;3;1;1;3;2;2;1;1;1;1;3;3;;;;;200000;;;;;;;;;1;;;3
20230309;03;2023;7370608;1;1;01;44;1;70.143279818;44;2;1;2;1;1;1;2;1;3;1;1;4;3;2;1;1;1;1;3;3;;;;;250000;;1;;;;;;;;;;3
20230309;03;2023;7370611;1;1;01;44;1;133.67400371;44;2;1;4;1;2;1;1;1;3;1;1;3;2;1;1;1;10;3;3;3;;;;;650000;;1;;;;;;;;;;3
20230309;03;2023;7370612;1;1;01;44;1;123.96298449;44;2;1;4;1;2;1;1;1;3;1;1;3;2;1;1;1;10;1;3;3;;;;;600000;;;;;;;;;1;;;3
20230309;03;2023;7370613;1;1;01;44;1;102.70639405;44;1;1;4;1;2;1;1;1;3;1;1;4;2;1;1;1;1;1;3;1;;;100000000;800000;;;1;;;;;;;;;;3
20230309;03;2023;7370614;1;1;01;44;1;60.267622254;44;2;1;4;1;3;1;1;1;3;1;1;3;2;1;1;1;10;1;3;3;;;;;500000;;1;;;;;1;;;;;2
20230309;03;2023;7370615;1;1;01;44;1;100.8430709;44;1;1;4;1;2;1;1;1;3;1;1;3;2;1;1;1;1;1;3;3;;;;;250000;;1;;;;;;;;;;5
20230309;03;2023;7370616;1;1;01;44;1;91.506413788;44;1;1;4;1;2;1;1;1;3;1;1;3;2;1;1;1;1;1;3;3;;;;;600000;;1;;;;;;;;;;4
20230309;03;2023;7370617;1;1;01;44;1;66.071563254;44;1;1;4;1;2;1;1;1;3;1;1;3;2;1;1;1;1;1;3;4;;;;600000;;;1;;;;;1;;;;;3
20230309;03;2023;7370618;1;1;01;44;1;64.007316921;44;1;1;4;1;2;1;1;1;3;1;1;3;2;1;1;1;1;1;3;3;;;;;490000;;1;;;;;;;;;;3
20230309;03;2023;7370619;1;1;01;44;1;62.479073351;44;3;1;4;1;2;2;1;1;3;1;1;1;1;1;1;1;10;6;;3;;;;;500000;;1;;;;;;;;;;1
20230309;03;2023;7370620;1;1;01;44;1;58.35101412;44;1;1;4;1;3;1;1;1;3;1;1;4;1;1;1;1;10;1;3;1;;;200000000;1500000;;;1;;;;;;;;;;1
20230309;03;2023;7370621;1;1;01;44;1;53.499894335;44;2;1;4;1;2;1;1;1;3;1;1;3;2;1;1;1;10;1;3;1;;;120000000;500000;;;1;;;;;;;;;;5
20230309;03;2023;7370622;1;1;01;44;1;55.045062013;44;2;1;4;1;2;1;1;1;3;1;1;3;1;1;1;1;10;1;3;3;;;;;500000;;1;;;;;;;;;;2
20230309;03;2023;7370623;1;1;01;44;1;115.8047808;44;1;1;2;1;1;1;2;1;3;1;1;3;2;2;1;1;1;1;3;3;;;;;200000;;1;;;;;1;;;;;6
20230309;03;2023;7370624;1;1;01;44;1;114.88295888;44;1;1;2;1;1;1;2;1;3;1;1;3;1;2;1;1;1;1;3;3;;;;;300000;;;;;;;;;1;;;4
20230309;03;2023;7370625;1;1;01;44;1;89.684093423;44;2;1;2;1;1;2;2;1;3;1;1;2;1;2;1;1;1;1;4;3;;;;;200000;;;;;;;;;1;;;3
20230309;03;2023;7370627;1;1;01;44;1;44.68740553;44;2;1;4;1;2;1;1;1;3;1;1;3;2;1;1;1;10;1;3;3;;;;;600000;;1;;;;;;;;;;2
20230309;03;2023;7370629;1;1;01;44;1;82.641989661;44;2;1;4;1;2;1;1;1;3;1;1;3;2;1;1;1;1;1;3;4;;;;380000;;;1;;;;;;;;;;3
20230309;03;2023;7370631;1;1;01;44;1;94.220193124;44;1;1;4;1;2;1;1;1;3;1;1;3;2;1;1;1;1;1;3;3;;;;;500000;;1;;;;;;;;;;4
20230309;03;2023;7370632;1;1;01;44;1;79.461497233;44;2;1;4;1;2;1;1;1;3;1;1;4;3;1;1;1;1;1;3;1;;;99;700000;;;1;;;;;;;;;;1
20230309;03;2023;7370633;1;1;01;44;1;67.867844606;44;1;1;4;1;2;1;1;1;3;1;1;4;3;1;1;1;1;1;3;3;;;;;400000;;;;;;;;;1;;;4
20230309;03;2023;7370634;1;1;01;44;1;34.463210273;44;1;1;4;1;2;1;1;1;3;1;1;4;3;1;1;1;10;3;3;3;;;;;800000;;1;;;;;1;;;;;4
20230309;03;2023;7370635;1;1;01;44;1;56.694405186;44;1;1;4;1;2;1;1;1;3;1;1;4;3;1;1;1;10;1;3;1;;;250000000;500000;;;1;;;;;;;;;;5
20230309;03;2023;7370636;1;1;01;44;1;87.679099773;44;2;1;4;1;2;1;1;1;3;1;1;3;2;1;1;1;10;3;3;4;;;;400000;;;1;;;;;;;;;;3
20230309;03;2023;7370637;1;1;01;44;1;121.83419303;44;2;1;4;1;2;1;1;1;3;1;1;3;1;1;1;1;10;3;3;3;;;;;650000;;1;;;;;;;;;;1
20230309;03;2023;7370638;1;1;01;44;1;64.36487103;44;1;1;4;1;2;1;1;1;3;1;1;4;3;1;1;1;1;1;3;1;;;98;600000;;;1;;;;;;;;;;5
20230309;03;2023;7370639;1;1;01;44;1;52.582276557;44;2;1;4;1;2;1;1;1;3;1;1;3;2;1;1;1;1;1;3;4;;;;500000;;;;;;;;;;1;;;3
20230309;03;2023;7370640;1;1;01;44;1;84.652390026;44;2;1;4;1;2;1;1;1;3;1;1;2;1;1;1;1;1;1;3;3;;;;;450000;;1;;;;;;;;;;3
20230309;03;2023;7370641;1;1;01;44;1;68.116947922;44;3;1;2;1;2;1;1;1;3;1;1;2;1;1;1;1;1;1;3;3;;;;;250000;;;;;;;;;1;;;2
20230309;03;2023;7370643;1;1;01;44;1;61.263187271;44;2;1;4;1;2;1;1;1;3;1;1;2;1;1;1;1;1;1;3;4;;;;350000;;;1;;;;;;;;;;1
20230309;03;2023;7370644;1;1;01;44;1;61.263187271;44;3;1;4;1;2;1;1;1;3;1;1;2;1;1;1;1;1;1;3;4;;;;400000;;;1;;;;;;;;;;1
20230309;03;2023;7370645;1;1;01;44;1;81.222795356;44;1;1;4;1;2;1;1;1;3;1;1;3;1;1;1;1;1;1;3;4;;;;500000;;;1;;;;;;;;;;1
20230309;03;2023;7370646;1;1;01;44;1;78.178377214;44;1;1;4;1;2;1;1;1;3;1;1;3;2;1;1;1;1;1;3;4;;;;600000;;;1;;;;;;;;;;3
20230309;03;2023;7370647;1;1;01;44;1;92.808231609;44;1;1;4;1;2;1;1;1;3;1;1;4;3;1;1;1;1;1;3;3;;;;;800000;;1;;;;;;;;;;2
20230309;03;2023;7370648;1;1;01;44;1;95.397945538;44;1;1;4;1;2;1;1;1;3;1;1;4;3;1;1;1;1;1;3;2;;1200000;99;800000;;;1;;1;;;;;;;;4
20230309;03;2023;7370649;1;1;01;44;1;81.222795356;44;3;1;4;1;2;1;1;1;3;1;1;1;1;1;1;1;1;6;;3;;;;;300000;;;;;;;;;1;;;1
20230309;03;2023;7370652;1;1;01;47;1;387.0295646;47;1;1;2;1;1;1;1;1;3;1;1;3;2;1;1;1;10;1;3;5;;;;500000;;;1;;;;;;;;;;7
20230309;03;2023;7370653;1;1;01;47;1;259.43895768;47;1;1;2;1;1;1;1;1;3;1;1;3;2;1;1;1;1;1;3;5;;;;500000;;;;;;;;;;1;;;3
20230309;03;2023;7370654;1;1;01;47;1;216.76241421;47;2;1;4;1;6;1;1;1;3;1;1;3;2;1;1;1;1;3;3;3;;;;;2600000;;1;;;;;;;;;;4
20230309;03;2023;7370656;1;1;01;47;1;283.35158583;47;1;1;2;1;1;1;1;1;3;1;1;2;1;1;1;1;1;1;3;3;;;;;350000;;1;;;;;;;;;;4
20230309;03;2023;7370657;1;1;01;47;1;127.34811972;47;2;1;4;1;6;1;1;1;3;1;1;3;1;1;1;1;1;3;3;1;;;300000000;2700000;;;1;;;;;;;;;;1
20230309;03;2023;7370658;1;1;01;47;1;127.34811972;47;2;1;4;1;6;1;1;1;3;1;1;4;1;1;1;1;1;1;3;3;;;;;2500000;;1;;;;;;;;;;1
20230309;03;2023;7370659;1;1;01;47;1;129.77206781;47;2;1;4;1;6;1;1;1;3;1;1;3;1;1;1;1;1;1;3;1;;;600000000;2000000;;;1;;;;;1;;;;;2
20230309;03;2023;7370660;1;1;01;47;1;186.64894886;47;1;1;2;1;1;1;1;1;3;1;1;3;2;1;1;1;10;3;3;1;;;98;400000;;;;;;;;;;1;;;6
20230309;03;2023;7370661;1;1;01;47;1;129.77206781;47;2;1;4;1;6;1;1;1;3;1;1;4;1;1;1;1;1;1;3;1;;;800000000;4000000;;1;1;1;;;;;;;;;2
20230309;03;2023;7370662;1;1;01;47;1;203.5648317;47;1;1;2;1;1;1;1;1;3;1;1;3;2;1;1;1;10;1;3;5;;;;300000;;;;;;;;;;1;;;4
20230309;03;2023;7370663;1;1;01;47;1;129.77206781;47;2;1;4;1;6;1;1;1;3;1;1;3;1;1;1;1;1;1;3;1;;;900000000;4000000;;;1;;;;;;;;;;2
20230309;03;2023;7370665;1;1;01;47;1;159.11173246;47;1;1;4;1;1;1;1;1;3;1;1;3;2;1;1;1;1;3;3;1;;;98;400000;;;;;;;;;;1;;;2
20230309;03;2023;7370666;1;1;01;47;1;239.42550614;47;1;1;4;1;1;1;1;1;3;1;1;3;2;1;1;1;1;3;3;1;;;70000000;350000;;;;;;;;;;1;;;3
20230309;03;2023;7370667;1;1;01;47;1;157.55703526;47;2;1;4;1;6;1;1;1;3;1;1;3;2;1;1;1;1;1;3;1;;;700000000;2000000;;;1;;;;;1;;;;;2
20230309;03;2023;7370668;1;1;01;47;1;272.3609393;47;1;1;4;1;1;1;1;1;3;1;1;3;2;1;1;1;10;3;3;1;;;50000000;400000;;;1;;;;;;;;;;3
20230309;03;2023;7370670;1;1;01;47;1;244.55261444;47;2;1;4;1;1;1;1;1;3;1;1;2;1;1;1;1;1;1;3;3;;;;;500000;;;;;;;;;1;;;2
20230309;03;2023;7370671;1;1;01;47;1;258.44352578;47;1;1;2;1;2;1;1;1;3;1;1;3;2;1;1;1;10;1;3;1;;;98;600000;;;1;;;;;;;;;;4
20230309;03;2023;7370672;1;1;01;47;1;164.81991327;47;1;1;4;1;2;1;1;1;3;1;1;4;2;1;1;1;1;3;3;1;;;98;1000000;;;1;;;;;;;;;;2
20230309;03;2023;7370673;1;1;01;47;1;215.71905219;47;2;1;4;1;2;1;1;1;3;1;1;3;2;1;1;1;10;1;3;3;;;;;530000;;;;;;;;;1;;;4
20230309;03;2023;7370674;1;1;01;47;1;209.12020063;47;2;1;4;1;2;1;1;1;3;1;1;5;4;1;1;1;1;3;3;1;;;98;600000;;;;;;;;;;1;;;7
20230309;03;2023;7370677;1;1;01;47;1;258.44180239;47;1;8;2;1;1;1;1;1;3;1;1;1;1;1;1;1;1;1;3;1;;;98;100000;;;;;;;;;;1;;;2
20230309;03;2023;7370678;1;1;01;47;1;227.60595455;47;2;1;4;1;2;1;1;1;3;1;1;3;1;1;1;1;10;1;3;3;;;;;650000;;1;;;;;;;;;;2
20230309;03;2023;7370679;1;1;01;47;1;142.92401703;47;2;1;4;1;2;1;1;1;3;1;1;3;1;1;1;1;10;3;3;3;;;;;550000;;1;;;;;;;;;;2
20230309;03;2023;7370680;1;1;01;47;1;320.07087359;47;1;1;4;1;3;1;1;1;3;1;1;3;1;1;1;1;10;1;3;3;;;;;900000;;1;;;;;;;;;;2
20230309;03;2023;7370681;1;1;01;47;1;298.62986814;47;1;1;4;1;3;1;1;1;3;1;1;5;4;1;1;1;10;1;3;3;;;;;800000;;1;;;;;;;;;;7
20230309;03;2023;7370682;1;1;01;47;1;182.49197035;47;1;1;4;1;3;1;1;1;3;1;1;3;1;1;1;1;10;1;3;4;;;;800000;;;1;;;;;;;;;;2
20230309;03;2023;7370684;1;1;01;47;1;320.07087359;47;1;1;4;1;3;1;1;1;3;1;1;3;1;1;1;1;1;1;3;4;;;;800000;;;1;;;;;;;;;;2
20230309;03;2023;7370685;1;1;01;47;1;333.97535155;47;2;1;4;1;4;1;1;1;3;1;1;4;3;1;1;1;10;1;3;3;;;;;1000000;;1;;;;;;;;;;5
20230309;03;2023;7370687;1;1;01;47;1;237.37216499;47;2;1;4;1;4;1;1;1;3;1;1;4;3;1;1;1;10;1;3;3;;;;;800000;;;;;;;;;1;;;4
20230309;03;2023;7370689;1;1;01;47;1;254.65438349;47;2;1;4;1;4;1;1;1;3;1;1;4;1;1;1;1;10;1;3;3;;;;;1100000;;1;;;;1;1;;;;;1
20230309;03;2023;7370691;1;1;01;47;1;303.35491714;47;1;1;4;1;3;1;1;1;3;1;1;4;2;1;1;1;1;1;3;1;;;98;650000;;;1;;;;;;;;;;4
20230309;03;2023;7370694;1;1;01;47;1;140.86230592;47;2;1;4;1;3;1;1;1;3;1;1;2;1;1;1;1;10;1;3;3;;;;;550000;;1;;;;;;;;;;2
20230309;03;2023;7370695;1;1;01;47;1;146.2529164;47;1;1;4;1;3;1;1;1;3;1;1;5;4;1;1;1;1;1;3;1;;;100000000;500000;;;1;;;;;;;;;;5
20230309;03;2023;7370696;1;1;01;47;1;131.14587113;47;2;1;4;1;3;1;1;1;3;1;1;3;2;1;1;1;10;1;3;1;;;98;900000;;;1;;;;;;;;;;4
20230309;03;2023;7370698;1;1;01;47;1;129.77206781;47;2;1;4;1;6;1;1;1;3;1;1;4;1;1;1;1;1;1;3;1;;;600000000;4000000;;;1;;;;;1;;;;;2
20230309;03;2023;7370699;1;1;01;47;1;191.97526883;47;2;1;4;1;6;1;1;1;3;1;1;4;2;1;1;1;1;1;3;1;;;500000000;3000000;;;1;;;;;1;;;;;2
20230309;03;2023;7370700;1;1;01;47;1;116.79486103;47;1;1;4;1;3;1;1;1;3;1;1;5;1;1;1;1;10;1;3;1;;;130000000;500000;;;1;;;;;;;;;;2
20230309;03;2023;7370701;1;1;01;47;1;200.36997475;47;1;1;4;1;3;1;1;1;3;1;1;5;4;1;1;1;10;1;3;1;;;150000000;700000;;;;;;;;;;1;;;5
20230309;03;2023;7370702;1;1;01;47;1;115.37393929;47;2;1;4;1;3;1;1;1;3;1;1;3;2;1;1;1;10;1;3;3;;;;;700000;;1;;;;;;;;;;2
20230309;03;2023;7370703;1;1;01;47;1;98.187628408;47;2;1;4;1;3;1;1;1;3;1;1;3;1;1;1;1;10;1;3;3;;;;;800000;;1;;;;;;;;;;2
20230309;03;2023;7370704;1;1;01;47;1;204.8453591;47;2;1;4;1;3;1;1;1;3;1;1;2;1;1;1;1;10;1;3;4;;;;600000;;;1;;;;1;1;;;;;2
20230309;03;2023;7370706;1;1;01;47;1;98.758036439;47;2;1;4;1;3;1;1;1;3;1;1;3;1;1;1;1;10;1;3;3;;;;;500000;;;;;;;;;1;;;1
20230309;03;2023;7370707;1;1;01;47;1;116.79486103;47;1;1;4;1;3;1;1;1;3;1;1;4;1;1;1;1;10;1;3;1;;;180000000;800000;;;1;;;;;1;;;;;2
20230309;03;2023;7370710;1;1;01;47;1;194.14714697;47;2;1;2;1;3;1;1;1;3;1;1;2;1;1;1;1;10;1;3;3;;;;;400000;;;;;;;;;1;;;4
20230309;03;2023;7370712;1;1;01;47;1;134.38268818;47;1;1;4;1;3;1;1;1;3;1;1;4;3;1;1;1;1;3;3;3;;;;;780000;;1;;;;;;;;;;2
20230309;03;2023;7370714;1;1;01;47;1;100.04681192;47;2;1;4;1;3;1;1;1;3;1;1;6;5;1;1;1;1;3;3;3;;;;;1100000;;;;;;;;;1;;;2
20230309;03;2023;7370715;1;1;01;47;1;224.82018323;47;1;1;4;1;4;1;1;1;3;1;1;6;4;1;1;1;10;1;3;3;;;;;1100000;;1;;;;;;;;;;6
20230309;03;2023;7370716;1;1;01;47;1;324.00214007;47;1;5;1;1;1;2;1;1;3;2;1;1;1;1;1;1;3;2;1;3;;;;;70000;;;;;;;;;1;;;4
20230309;03;2023;7370717;1;1;01;47;1;165.40275353;47;1;1;2;1;1;2;1;1;3;2;1;2;1;1;1;1;3;3;1;5;;;;150000;;;1;;;;;;;;;;2
20230309;03;2023;7370718;1;1;01;47;1;217.56016002;47;1;1;2;1;1;2;1;1;3;2;1;2;1;1;1;1;2;4;1;1;;;30000000;300000;;;;;;;;;;1;;;5
20230309;03;2023;7370719;1;1;01;47;1;233.01946078;47;1;1;2;1;1;2;1;1;3;2;1;3;2;1;1;1;2;3;1;1;;;98;250000;;;;;;;;;;1;;;6
20230309;03;2023;7370720;1;1;01;47;1;239.63096947;47;1;1;2;1;1;2;1;1;3;2;1;3;2;1;1;1;3;3;1;5;;;;200000;;;1;;;;;;;;;;7
20230309;03;2023;7370721;1;1;01;47;1;161.48653444;47;2;1;4;1;5;1;1;1;3;1;1;3;2;1;1;1;10;1;3;3;;;;;1000000;;1;;;;;;;;;;2
20230309;03;2023;7370722;1;1;01;47;1;121.42570205;47;2;1;4;1;5;1;1;1;3;1;2;4;1;1;1;1;10;1;3;1;;;99;1000000;;;1;;;;;;;;;;1
20230309;03;2023;7370722;2;2;01;47;1;121.42570205;47;2;1;4;1;5;1;1;1;3;1;2;2;1;1;1;1;10;1;3;3;;;;;600000;;;;;;;;;1;;;1
20230309;03;2023;7370723;1;1;01;47;1;271.95020003;47;2;1;4;1;5;1;1;1;3;1;1;3;2;1;1;1;10;1;3;3;;;;;1000000;;1;;;;;1;;;;;5
20230309;03;2023;7370725;1;1;01;47;1;284.50744319;47;2;1;4;1;5;1;1;1;3;1;1;3;1;1;1;1;10;1;3;1;;;99;900000;;;1;;;;;;;;;;2
20230309;03;2023;7370727;1;1;01;47;1;251.51621754;47;2;1;4;1;5;1;1;1;3;1;1;3;1;1;1;1;10;1;3;1;;;99;900000;;;1;;;;;;;;;;1
20230309;03;2023;7370728;1;1;01;47;1;136.45888484;47;1;1;2;1;1;2;1;1;3;2;1;2;1;1;1;1;2;1;1;3;;;;;200000;;;;;;;;;1;;;3
20230309;03;2023;7370731;1;1;01;47;1;143.90811165;47;1;1;4;1;4;1;1;1;3;1;1;6;3;1;1;1;10;1;3;4;;;;99;;;1;;;;;;;;;;5
20230309;03;2023;7370732;1;1;01;47;1;122.79997258;47;2;1;4;1;4;1;1;1;3;1;1;5;1;1;1;1;1;1;3;3;;;;;1200000;;1;;;;;;;;;;1
20230309;03;2023;7370733;1;1;01;47;1;168.15432838;47;2;1;4;1;4;1;1;1;3;1;1;5;2;1;1;1;10;1;3;5;;;;99;;;1;;;;;;;;;;2
20230309;03;2023;7370734;1;1;01;47;1;187.45638775;47;2;1;4;1;4;1;1;1;3;1;1;5;1;1;1;1;1;1;3;1;;;300000000;1400000;;;1;;;;;;;;;;3
20230309;03;2023;7370735;1;1;01;47;1;205.34124778;47;2;1;4;1;4;1;1;1;3;1;1;4;3;1;1;1;10;3;3;1;;;98;98;;1;1;;;;;1;;;;;4
20230309;03;2023;7370736;1;1;01;47;1;118.22865955;47;2;1;4;1;4;1;1;1;3;1;1;4;3;1;1;1;1;1;3;3;;;;;1180000;;1;;;;;;;;;;3
20230309;03;2023;7370737;1;1;01;47;1;153.26127772;47;2;1;4;1;4;1;1;1;3;1;1;5;2;1;1;1;1;1;3;1;;;400000000;1200000;;;1;;;;;;;;;;3
20230309;03;2023;7370739;1;1;01;47;1;208.01480033;47;2;1;4;1;4;1;1;1;3;1;1;4;2;1;1;1;1;1;3;1;;;150000000;1000000;;;1;;;;;1;;;;;4
20230309;03;2023;7370741;1;1;01;47;1;234.80153612;47;1;1;4;1;4;1;1;1;3;1;1;4;3;1;1;1;10;1;3;4;;;;99;;;1;;;;;1;;;;;4
20230309;03;2023;7370742;1;1;01;47;1;119.07952581;47;1;1;4;1;4;1;1;1;3;1;1;5;2;1;1;1;10;1;3;1;;;99;99;;;1;;;;;;;;;;3
20230309;03;2023;7370744;1;1;01;47;1;194.02679639;47;2;1;4;1;4;1;1;1;3;1;1;3;2;1;1;1;10;3;3;4;;;;800000;;;1;;;;;;;;;;1
20230309;03;2023;7370745;1;1;01;47;1;222.72788357;47;1;1;4;1;4;1;1;1;3;1;1;7;2;1;1;1;10;1;3;4;;;;1500000;;;;;;;;;;1;;;2
20230309;03;2023;7370747;1;1;01;47;1;164.82157428;47;2;1;4;1;4;1;1;1;3;1;1;4;3;1;1;1;1;1;3;3;;;;;850000;;1;;;;;;;;;;5
20230309;03;2023;7370748;1;1;01;47;1;143.95191086;47;1;1;4;1;4;1;1;1;3;1;1;5;2;1;1;1;10;1;3;1;;;400000000;4000000;;;1;;;;;1;;;;;3
20230309;03;2023;7370749;1;1;01;47;1;242.99902115;47;2;1;4;1;6;1;1;1;3;1;1;4;3;1;1;1;1;3;3;1;;;1200000000;2000000;;;1;;;;;;;;;;3
20230309;03;2023;7370756;1;1;01;47;1;220.07669035;47;1;1;4;1;4;1;1;1;3;1;1;4;1;1;1;1;1;1;3;4;;;;99;;;1;;;;;;;;;;1
20230309;03;2023;7370758;1;1;01;47;1;268.34461271;47;2;1;4;1;6;1;1;1;3;1;1;4;3;1;1;1;1;3;3;1;;;99;2600000;;;1;;;;;;;;;;4
20230309;03;2023;7370759;1;1;01;47;1;206.75344191;47;2;1;4;1;6;1;1;1;3;1;1;3;1;1;1;1;1;3;3;1;;;1200000000;2000000;;;1;;;;;;;;;;2
20230309;03;2023;7370760;1;1;01;47;1;159.18514964;47;2;1;4;1;5;1;1;1;3;1;1;3;1;1;1;1;10;1;3;1;;;99;1000000;;;1;;;;;;;;;;1
20230309;03;2023;7370762;1;1;01;47;1;278.58166704;47;2;1;3;1;6;1;1;1;3;1;1;4;3;1;1;1;1;1;3;1;;;400000000;5000000;;;1;;;;;1;;;;;4
20230309;03;2023;7370763;1;1;01;47;1;244.73900483;47;2;1;4;1;6;1;1;1;3;1;1;3;2;1;1;1;10;1;3;4;;;;2000000;;1;1;;;;;1;;;;;2
20230309;03;2023;7370765;1;1;01;47;1;195.20631041;47;2;1;4;1;6;1;1;1;3;1;1;4;2;1;1;1;1;1;3;1;;;98;98;;;1;;;;;1;;;;;3
20230309;03;2023;7370766;1;1;01;47;1;115.02361791;47;2;1;4;1;3;1;1;1;3;1;1;5;2;1;1;1;10;1;3;1;;;100000000;500000;;;;;;;;;;1;;;4
20230309;03;2023;7370767;1;1;01;47;1;142.92401703;47;2;1;4;1;2;1;1;1;3;1;1;2;2;1;1;1;1;3;3;1;;;80000000;500000;;;1;;;;;;;;;;2
20230309;03;2023;7370768;1;1;01;47;1;278.72741274;47;2;1;4;1;6;1;1;1;3;1;1;4;3;1;1;1;1;3;3;4;;;;1000000;;;1;;;1;1;1;;;;;4
20230309;03;2023;7370771;1;1;01;50;1;156.86098761;50;2;1;4;1;3;1;1;1;3;1;1;4;3;1;1;1;1;1;3;1;;;100000000;500000;;;;;;;;1;;;;;4
20230309;03;2023;7370772;1;1;01;50;1;250.94245786;50;1;1;4;1;3;1;1;1;3;1;1;4;2;1;1;1;1;1;3;3;;;;;800000;;1;;;;;;;;;;2
20230309;03;2023;7370775;1;1;01;50;1;303.76034007;50;1;1;4;1;2;1;1;1;3;1;1;4;3;1;1;1;1;1;3;3;;;;;550000;;;;;;;;;1;;;5
20230309;03;2023;7370777;1;1;01;50;1;286.07407253;50;2;1;4;1;2;2;1;1;3;1;1;3;2;1;1;1;1;1;4;3;;;;;300000;;;;;;;;1;;;NEQUI;3
20230309;03;2023;7370778;1;1;01;50;1;423.8488101;50;2;1;4;1;3;1;1;1;3;1;1;4;1;1;1;1;1;1;3;3;;;;;1200000;;1;;;;;;;;;;2
20230309;03;2023;7370779;1;1;01;50;1;232.10486515;50;1;1;4;1;2;1;1;1;3;1;1;5;1;1;1;1;1;1;3;1;;;285000000;850000;;;1;;;;;1;;;;;2
20230309;03;2023;7370780;1;1;01;50;1;253.38322923;50;2;1;4;1;2;1;1;1;3;1;1;4;2;1;1;1;1;1;3;2;;550000;250000000;550000;;;1;;;;;;;;;;3
20230309;03;2023;7370781;1;1;01;50;1;198.35439658;50;1;1;4;1;3;1;1;1;3;1;1;4;2;1;1;1;1;1;3;3;;;;;800000;;1;;;;;1;;;;;2
20230309;03;2023;7370782;1;1;01;50;1;288.68328217;50;2;1;4;1;3;1;1;1;3;1;1;4;3;1;1;1;1;1;3;3;;;;;1300000;;1;;;;;;;;;;4
20230309;03;2023;7370783;1;1;01;50;1;287.44244229;50;2;1;2;1;2;1;1;1;3;1;1;4;3;1;1;1;1;1;3;3;;;;;500000;;1;;;;;;;;;;4
20230309;03;2023;7370785;1;1;01;50;1;232.10486515;50;1;1;4;1;3;1;1;1;3;1;1;4;2;1;1;1;1;1;3;1;;;265000000;1200000;;;1;;;;;;;;;;2
20230309;03;2023;7370787;1;1;01;50;1;317.98449943;50;1;1;4;1;3;1;1;1;3;1;1;4;3;1;1;1;1;1;3;1;;;280000000;1400000;;;1;;;;;;;;;;4
20230309;03;2023;7370788;1;1;01;50;1;194.15763243;50;1;1;4;1;2;1;1;1;3;1;1;4;3;1;1;1;1;1;3;3;;;;;400000;;1;;;;;;1;;;AHORRO A LA MANO;4
20230309;03;2023;7370789;1;1;01;50;1;442.76989861;50;2;1;4;1;3;1;1;1;3;1;1;3;1;1;1;1;1;1;3;3;;;;;1000000;;1;;;;1;1;;;;;2
20230309;03;2023;7370791;1;1;01;50;1;193.8427299;50;1;1;2;1;1;1;1;1;3;1;1;3;2;1;1;1;1;1;3;1;;;70000000;350000;;;1;;;;;;;;;;5
20230309;03;2023;7370796;1;1;01;50;1;423.74462953;50;2;1;4;1;1;2;1;1;3;2;1;3;1;1;1;1;4;1;4;3;;;;;500000;;;;;;;;;1;;;2
20230309;03;2023;7370800;1;1;01;50;1;306.378422;50;1;1;4;1;3;1;1;1;3;1;1;4;1;1;1;1;1;1;3;4;;;;400000;;;;;;;;;;1;;;2
20230309;03;2023;7370801;1;1;01;50;1;297.09619604;50;1;1;4;1;3;1;1;1;3;1;1;4;1;1;1;1;1;1;3;1;;;260000000;800000;;;1;;;;;;;;;;1
20230309;03;2023;7370803;1;1;01;50;1;245.19325542;50;1;1;4;1;2;1;1;1;3;1;1;4;3;1;1;1;1;1;3;3;;;;;250000;;;;;;;;;1;;;5
20230309;03;2023;7370804;1;1;01;50;1;274.66999994;50;1;1;2;1;2;1;1;1;3;1;1;5;4;1;1;1;1;1;3;1;;;80000000;400000;;;;;;;;;;1;;;4
20230309;03;2023;7370805;1;1;01;50;1;375.89217314;50;1;1;4;1;3;1;1;1;3;1;1;3;1;1;1;1;1;1;3;1;;;300000000;600000;;;1;;;;;;;;;;1
20230309;03;2023;7370807;1;1;01;50;1;221.35907526;50;1;1;4;1;2;1;1;1;3;1;1;3;2;1;1;1;1;1;3;1;;;120000000;450000;;;1;;;;;;;;;;4
20230309;03;2023;7370809;1;1;01;50;1;348.8175535;50;1;1;4;1;3;1;1;1;3;1;1;3;2;1;1;1;1;1;3;1;;;230000000;900000;;;1;;;;;;;;;;3
20230309;03;2023;7370810;1;1;01;50;1;220.18252803;50;2;1;4;1;2;1;1;1;3;1;1;3;1;1;1;1;1;1;3;3;;;;;350000;;;;;;;;;1;;;2
20230309;03;2023;7370811;1;1;01;50;1;275.19715429;50;2;1;4;1;2;1;1;1;3;1;1;3;2;1;1;1;1;1;3;3;;;;;450000;;1;;;;;;;;;;5
20230309;03;2023;7370812;1;1;01;50;1;411.52789227;50;1;1;4;1;1;1;1;1;3;1;1;5;3;1;1;1;1;1;3;3;;;;;450000;;1;;;;;;;;;;5
20230309;03;2023;7370813;1;1;01;50;1;281.57847033;50;1;1;2;1;1;1;1;1;3;1;1;3;2;1;1;1;1;1;3;4;;;;300000;;;;;;;;;;1;;;3
20230309;03;2023;7370814;1;1;01;50;1;411.13206438;50;1;1;4;1;1;1;1;1;3;1;1;3;1;1;1;1;1;1;3;1;;;90000000;350000;;;1;;;;;;;;;;1
20230309;03;2023;7370815;1;1;01;50;1;191.47310259;50;1;1;4;1;1;1;1;1;3;1;1;3;2;1;1;1;1;1;3;1;;;75000000;400000;;;;;;;;;1;;;MOVII;5
20230309;03;2023;7370819;1;1;01;50;1;173.4886953;50;2;1;4;1;3;1;1;1;3;1;1;3;1;1;1;1;1;3;3;3;;;;;500000;;;;;;;1;;;;;1
20230309;03;2023;7370820;1;1;01;50;1;190.55253518;50;1;1;4;1;3;1;1;1;3;1;1;4;3;1;1;1;1;1;3;3;;;;;700000;;;;;;;;;1;;;4
20230309;03;2023;7370821;1;1;01;50;1;203.25298153;50;1;1;4;1;3;1;1;1;3;1;1;3;1;1;1;1;1;1;3;3;;;;;600000;;1;;;;;;;;;;1
20230309;03;2023;7370822;1;1;01;50;1;233.11401674;50;1;1;4;1;3;1;1;1;3;1;1;3;1;1;1;1;1;1;3;1;;;180000000;900000;;;1;;;;;;;;;;2
20230309;03;2023;7370823;1;1;01;50;1;391.98404272;50;1;1;4;1;2;1;1;1;3;1;1;4;3;1;1;1;1;1;3;1;;;50000000;450000;;;1;;;;;;;;;;4
20230309;03;2023;7370824;1;1;01;50;1;268.71060386;50;1;1;4;1;1;1;1;1;3;1;1;4;3;1;1;1;1;1;3;3;;;;;400000;;1;;;;;;;;;;4
20230309;03;2023;7370825;1;1;01;50;1;318.10346565;50;2;1;2;1;2;1;1;1;3;1;1;3;2;1;1;1;1;1;3;3;;;;;500000;;1;;;;;;;;;;4
20230309;03;2023;7370826;1;1;01;50;1;339.12817701;50;1;1;4;1;2;1;1;1;3;1;1;4;2;1;1;1;1;1;3;3;;;;;400000;;1;;;;;;;;;;3
20230309;03;2023;7370828;1;1;01;50;1;452.52368752;50;1;1;4;1;2;1;1;1;3;1;1;4;3;1;1;1;1;1;3;2;;500000;80000000;400000;;;1;;;;;;;;;;5
20230309;03;2023;7370829;1;1;01;50;1;428.14864165;50;3;1;4;1;2;1;1;1;3;1;1;1;1;1;2;1;1;5;3;3;;;;;350000;;1;;;;;;;;;;1
20230309;03;2023;7370831;1;1;01;50;1;173.4886953;50;2;1;4;1;3;1;1;1;3;1;1;2;1;1;1;1;1;1;3;3;;;;;600000;;1;;;;;;;;;;1
20230309;03;2023;7370832;1;1;01;50;1;259.43361419;50;2;1;4;1;2;1;1;1;3;1;1;3;1;1;1;1;1;1;3;3;;;;;400000;;;;;;;;;1;;;1
20230309;03;2023;7370833;1;1;01;50;1;184.95333132;50;1;1;4;1;3;1;1;1;3;1;1;4;2;1;1;1;1;1;3;4;;;;1200000;;;1;;;;1;1;;;;;2
20230309;03;2023;7370834;1;1;01;50;1;143.17451341;50;2;1;4;1;3;1;1;1;3;1;1;2;1;1;1;1;1;1;3;3;;;;;750000;;;;;;;;1;;;NEQUI Y DAVIPLATA;4
20230309;03;2023;7370836;1;1;01;50;1;219.31406973;50;1;1;4;1;3;1;1;1;3;1;1;4;2;1;1;1;1;1;3;2;;600000;440000000;1400000;;;1;;;;1;1;;;;;2
20230309;03;2023;7370837;1;1;01;50;1;226.05145351;50;1;1;4;1;3;1;1;1;3;1;1;3;1;1;1;1;1;1;3;1;;;150000000;900000;;;1;;;;;1;;;;;1
20230309;03;2023;7370839;1;1;01;50;1;275.0460407;50;1;1;4;1;3;1;1;1;3;1;1;3;2;1;1;1;1;1;3;3;;;;;650000;;1;;;;;;;;;;2
20230309;03;2023;7370841;1;1;01;;1;214.9368298;52;2;1;4;1;1;2;2;1;2;1;1;2;1;2;1;1;1;6;;4;;;;400000;;;;;;;;;;1;;;1
20230309;03;2023;7370845;1;1;01;52;1;111.20017284;52;1;1;3;1;3;2;1;1;3;1;1;2;2;1;1;1;1;1;4;3;;;;;800000;;1;;;;1;;;;;;2
20230309;03;2023;7370846;1;1;01;52;1;105.16959434;52;1;1;4;1;1;1;1;1;3;1;1;4;3;1;1;1;1;1;3;1;;;80000000;400000;;;1;;;;;;;;;;8
20230309;03;2023;7370847;1;1;01;52;1;193.44082511;52;1;1;4;1;2;2;1;1;3;1;1;2;2;1;1;1;1;1;4;1;;;120000000;500000;;;1;;;;;;;;;;2
20230309;03;2023;7370848;1;1;01;52;1;111.24118969;52;2;1;4;1;1;1;1;1;3;1;1;2;2;1;1;1;1;1;3;3;;;;;300000;;;;;;;;;1;;;4
20230309;03;2023;7370849;1;1;01;52;1;166.72483222;52;2;1;4;1;2;2;1;1;3;1;1;5;4;1;1;1;1;1;4;2;;850000;350000000;500000;;;1;;1;;;1;;;;;6
20230309;03;2023;7370850;1;1;01;52;1;66.690113295;52;2;1;4;1;1;1;1;1;3;1;1;3;2;1;1;1;1;1;3;1;;;98;400000;;;;;;;;;;1;;;6
20230309;03;2023;7370853;1;1;01;52;1;300.11531824;52;2;1;4;1;3;2;1;1;3;1;1;4;2;1;1;1;1;1;4;3;;;;;600000;;1;;;;;;;;;;2
20230309;03;2023;7370854;1;1;01;52;1;149.11450522;52;2;1;4;1;2;2;1;1;3;1;1;2;2;1;1;1;1;1;4;3;;;;;300000;;1;;;;;;;;;;3
20230309;03;2023;7370855;1;1;01;52;1;134.33230401;52;2;1;4;1;1;1;1;1;3;1;1;4;3;1;1;1;1;1;3;3;;;;;350000;;1;;;;;;;;;;6
20230309;03;2023;7370856;1;1;01;52;1;90.347988989;52;2;1;4;1;3;1;1;1;3;1;1;3;2;1;1;1;1;1;3;3;;;;;600000;;1;;;;;;;;;;3
20230309;03;2023;7370857;1;1;01;52;1;125.1718107;52;1;1;4;1;3;1;1;1;3;1;1;8;4;1;1;1;1;1;3;1;;;1200000000;5000000;;;1;;;;;;;;;;4
20230309;03;2023;7370859;1;1;01;52;1;142.69151971;52;2;1;4;1;1;1;1;1;3;1;1;5;4;1;1;1;1;1;3;1;;;150000000;300000;;;1;;;;;;;;;;5
20230309;03;2023;7370860;1;1;01;52;1;120.02349586;52;2;1;4;1;3;1;1;1;3;1;1;3;2;1;1;1;1;1;3;4;;;;350000;;;1;;;;;;;;;;3
20230309;03;2023;7370861;1;1;01;52;1;188.29547763;52;1;1;4;1;1;1;1;1;3;1;1;5;4;1;1;1;1;1;3;1;;;90000000;400000;;;;;;;;;;1;;;8
20230309;03;2023;7370862;1;1;01;52;1;109.97331295;52;1;1;4;1;4;2;1;1;3;1;1;5;1;1;1;1;1;1;4;1;;;300000000;1500000;;;1;;;;;1;;;;;2
20230309;03;2023;7370863;1;1;01;52;1;187.45451071;52;2;1;4;1;2;1;1;1;3;1;1;4;1;1;1;1;1;1;3;3;;;;;500000;;1;;;;;;;;;;2
20230309;03;2023;7370864;1;1;01;52;1;106.49253999;52;2;1;4;1;4;1;1;1;3;1;1;6;3;1;1;1;1;1;3;1;;;500000000;1800000;;;1;;;;1;;;;;;3
20230309;03;2023;7370865;1;1;01;52;1;181.77016776;52;1;1;2;1;1;2;1;1;3;1;1;4;3;1;1;1;1;1;4;3;;;;;400000;;;;;;;;;1;;;5
20230309;03;2023;7370866;1;1;01;52;1;134.2030547;52;2;1;4;1;4;1;1;1;3;1;1;4;2;1;1;1;1;1;3;1;;;600000000;2000000;;;1;;;;;1;;;;;3
20230309;03;2023;7370867;1;1;01;52;1;83.74751527;52;2;1;4;1;4;2;1;1;3;1;1;4;3;1;1;1;1;1;4;1;;;350000000;1400000;;;1;;;;;;;;;;4
20230309;03;2023;7370868;1;1;01;52;1;144.05535275;52;2;1;4;1;3;1;1;1;3;1;1;4;2;1;1;1;1;1;3;1;;;180000000;1000000;;;1;;;;;;;;;;2
20230309;03;2023;7370869;1;1;01;52;1;138.9774481;52;2;1;4;1;1;2;1;1;3;1;1;2;2;1;1;1;1;1;4;4;;;;400000;;;;;;;;;;1;;;3
20230309;03;2023;7370870;1;1;01;52;1;124.26208769;52;2;1;4;1;2;2;1;1;3;1;1;4;2;1;1;1;1;1;4;3;;;;;400000;;1;;;;1;;;;;;3
20230309;03;2023;7370872;1;1;01;52;1;140.19180437;52;2;1;4;1;2;1;1;1;3;1;1;3;2;1;1;1;1;1;3;1;;;180000000;400000;;;1;;;;1;;;;;;2
20230309;03;2023;7370873;1;1;01;52;1;61.281823487;52;2;1;4;1;2;2;1;1;3;1;1;4;3;1;1;1;1;1;4;3;;;;;350000;;;;;;1;;;;;;4
20230309;03;2023;7370874;1;1;01;52;1;187.45451071;52;2;1;4;1;2;1;1;1;3;1;1;3;1;1;1;1;1;1;3;4;;;;600000;;;;;;;;;;1;;;2
20230309;03;2023;7370875;1;1;01;52;1;108.30190465;52;2;1;4;1;2;1;1;1;1;1;1;1;1;1;2;1;1;1;3;3;;;;;300000;;1;;;;;;;;;;1
20230309;03;2023;7370876;1;1;01;52;1;210.6043401;52;2;1;4;1;5;1;1;1;3;1;1;4;3;1;1;1;1;1;3;1;;;300000000;1500000;;;1;;;;;;;;;;3
20230309;03;2023;7370877;1;1;01;52;1;203.08988313;52;1;1;4;1;5;1;1;1;3;1;1;7;5;1;1;1;1;1;3;1;;;1500000000;3000000;;1;1;;;;1;1;;;;;7
20230309;03;2023;7370878;1;1;01;52;1;156.79178591;52;1;1;4;1;2;1;1;1;3;1;1;4;2;1;1;1;1;1;3;1;;;200000000;500000;;;;;;;;;;1;;;3
20230309;03;2023;7370880;1;1;01;52;1;131.58681415;52;2;1;4;1;4;1;1;1;3;1;1;4;1;1;1;1;1;1;3;1;;;400000000;10000000;;;1;;;;;1;;;;;1
20230309;03;2023;7370881;1;1;01;52;1;131.58681415;52;2;1;6;1;4;2;1;1;3;1;1;4;1;1;1;1;1;1;4;1;;;180000000;1000000;;;1;;;;;;;;;;1
20230309;03;2023;7370882;1;1;01;52;1;119.40017411;52;2;1;4;1;4;1;1;1;3;1;1;4;2;1;1;1;1;1;3;1;;;400000000;1000000;;;1;;;;;1;;;;;2
20230309;03;2023;7370883;1;1;01;52;1;131.58681415;52;2;1;6;1;4;2;1;1;3;1;1;4;2;1;1;1;1;1;4;1;;;500000000;2000000;;;1;1;;;;1;;;;;1
20230309;03;2023;7370884;1;1;01;52;1;131.62383077;52;2;1;4;1;4;2;1;1;3;1;1;4;3;1;1;1;1;1;4;3;;;;;1500000;;1;;;;;1;;;;;4
20230309;03;2023;7370885;1;1;01;52;1;109.97331295;52;2;1;4;1;4;2;1;1;3;1;1;4;1;1;1;1;1;1;4;1;;;550000000;1500000;;;1;;;;1;1;;;;;2
20230309;03;2023;7370886;1;1;01;52;1;322.68317016;52;2;1;4;1;3;1;1;1;3;1;1;4;1;1;1;1;1;1;3;2;;700000;1200000000;150000;;;1;;1;;;;;;;;1
20230309;03;2023;7370887;1;1;01;52;1;130.82998815;52;2;1;4;1;2;2;1;1;3;1;1;5;3;1;1;1;1;1;4;3;;;;;1000000;;1;;;;1;;;;;;6
20230309;03;2023;7370888;1;1;01;52;1;94.976442439;52;2;1;4;1;2;2;1;1;3;1;1;3;2;1;1;1;1;1;4;4;;;;98;;;;;;;;;;1;;;4
20230309;03;2023;7370889;1;1;01;52;1;149.73341593;52;2;1;4;1;1;1;1;1;3;1;1;3;2;1;1;1;1;1;3;3;;;;;250000;;;;;;;;;1;;;2
20230309;03;2023;7370890;1;1;01;52;1;322.68317016;52;2;1;4;1;2;1;1;1;3;1;1;3;1;1;1;1;1;1;3;3;;;;;800000;;1;;;;1;;;;;;1
20230309;03;2023;7370891;1;1;01;52;1;131.58681415;52;2;1;4;1;4;2;1;1;3;1;1;3;1;1;1;1;1;1;4;1;;;450000000;1500000;;;;;;;;;;1;;;1
20230309;03;2023;7370892;1;1;01;52;1;224.63188604;52;1;1;4;1;2;1;1;1;3;1;1;5;4;2;1;1;1;1;3;3;;;;;850000;;;;;;;;;1;;;6
20230309;03;2023;7370893;1;1;01;52;1;112.50461363;52;2;1;4;1;3;1;1;1;3;1;1;3;3;1;1;1;1;1;3;3;;;;;600000;;1;;;;;;;;;;3
20230309;03;2023;7370894;1;1;01;52;1;140.93363168;52;2;1;4;1;3;1;1;1;3;1;1;4;3;1;1;1;1;1;3;3;;;;;980000;;1;;;;;;;;;;4
20230309;03;2023;7370895;1;1;01;52;1;135.97265171;52;2;1;2;1;1;1;1;1;3;1;1;2;1;1;1;1;1;1;3;3;;;;;350000;;;;;;;;;1;;;1
20230309;03;2023;7370896;1;1;01;52;1;109.97331295;52;1;1;4;1;3;2;1;1;5;1;1;4;1;1;1;1;1;1;4;1;;;87000000;500000;;;;;;;1;;;;;;2
20230309;03;2023;7370897;1;1;01;52;1;82.523111507;52;2;1;4;1;2;2;1;1;3;1;1;3;2;1;1;1;1;1;4;3;;;;;400000;;;;;;;;;1;;;3
20230309;03;2023;7370898;1;1;01;52;1;121.87391738;52;2;1;4;1;1;2;1;1;3;1;1;3;2;1;1;1;1;1;4;3;;;;;400000;;;;;;;;;1;;;4
20230309;03;2023;7370899;1;1;01;52;1;119.62018625;52;2;1;6;1;4;2;1;1;3;1;1;3;2;1;1;1;1;1;4;2;;1100000;300000000;800000;;;1;;1;;;;;;;;2
20230309;03;2023;7370904;1;1;01;52;1;97.480425468;52;2;1;4;1;1;1;1;1;3;1;1;3;2;1;1;1;1;1;3;3;;;;;400000;;1;;;;;;;;;;3
20230309;03;2023;7370905;1;1;01;52;1;117.15567387;52;2;1;4;1;1;1;1;1;3;1;1;3;1;1;1;1;1;1;3;4;;;;200000;;;;;;;;;;1;;;2
20230309;03;2023;7370907;1;1;01;52;1;124.31785299;52;2;1;4;1;2;1;1;1;3;1;1;4;2;1;1;1;1;1;3;3;;;;;700000;;1;;;;1;;;;;;1
20230309;03;2023;7370908;1;1;01;52;1;118.6142596;52;2;1;4;1;3;1;1;1;3;1;1;3;3;1;1;1;1;1;3;3;;;;;730000;;1;;;;;;;;;;4
20230309;03;2023;7370909;1;1;01;52;1;146.32630823;52;1;1;4;1;5;2;1;1;3;1;1;8;5;1;1;1;1;1;4;1;;;98;98;;;1;;;;;1;;;;;5
20230309;03;2023;7370912;1;1;01;52;1;120.81006432;52;2;1;4;1;2;2;1;1;3;1;1;1;1;1;1;1;1;1;4;3;;;;;340000;;;;;;;;;1;;;2
20230309;03;2023;7370913;1;1;01;52;1;225.87821912;52;1;1;4;1;5;2;1;1;3;1;1;5;1;1;1;1;1;1;4;1;;;98;1500000;;;1;;;;;;;;;;1
20230309;03;2023;7370927;1;1;01;52;1;137.06260868;52;2;1;4;1;3;2;1;1;3;1;1;3;2;1;1;1;1;1;4;3;;;;;700000;;;;;;;;;1;;;3
20230309;03;2023;7370928;1;1;01;52;1;106.32905444;52;2;1;4;1;3;2;1;1;3;1;1;1;1;1;1;1;1;1;4;3;;;;;800000;;;;;;1;;;;;;2
20230309;03;2023;7370930;1;1;01;54;1;362.88196249;54;1;1;2;1;1;1;1;1;3;1;1;4;2;1;1;1;1;3;3;1;;;50000000;300000;;;1;;;;;;;;;;4
20230309;03;2023;7370932;1;1;01;54;1;323.74371745;54;1;1;4;1;1;1;1;1;3;1;1;3;2;1;1;1;1;3;3;3;;;;;250000;;;;;;;;;1;;;4
20230309;03;2023;7370935;1;1;01;54;1;342.03677842;54;2;1;4;1;1;1;1;1;3;1;1;2;1;1;1;1;1;3;3;3;;;;;350000;;;;;;;;;1;;;2
20230309;03;2023;7370936;1;1;01;54;1;214.23822215;54;2;1;4;1;1;2;1;1;3;1;1;3;2;1;1;1;1;3;4;3;;;;;300000;;;;;;;;;1;;;3
20230309;03;2023;7370938;1;1;01;54;1;444.18346295;54;1;1;4;1;1;1;1;1;3;1;1;4;3;1;1;1;1;1;3;1;;;98;400000;;;1;;;;;;;;;;4
20230309;03;2023;7370941;1;1;01;54;1;299.07272623;54;1;1;2;1;2;2;1;1;3;1;1;3;1;1;1;1;1;1;4;3;;;;;350000;;1;;;;;;;;;;2
20230309;03;2023;7370942;1;1;01;54;1;368.89849454;54;1;1;2;1;2;1;1;1;3;1;1;4;2;1;1;1;1;1;3;1;;;98;300000;;;;;;;;;;1;;;3
20230309;03;2023;7370943;1;1;01;54;1;404.28244719;54;2;1;4;1;1;1;1;1;3;1;1;2;1;1;1;1;1;1;3;3;;;;;400000;;;;;;;;;1;;;4
20230309;03;2023;7370944;1;1;01;54;1;637.21107842;54;2;1;4;1;2;1;1;1;3;1;1;3;1;1;1;1;1;1;3;3;;;;;350000;;;;;;;;;1;;;1
20230309;03;2023;7370945;1;1;01;54;1;282.44102047;54;2;1;4;1;2;1;1;1;3;1;1;5;3;1;1;1;1;1;3;1;;;250000000;600000;;;1;;;;;;;;;;3
20230309;03;2023;7370947;1;1;01;54;1;270.00276555;54;1;1;4;1;1;1;1;1;3;1;1;3;2;1;1;1;1;1;3;3;;;;;300000;;;;;;;;;1;;;3
20230309;03;2023;7370948;1;1;01;54;1;279.86173831;54;2;1;4;1;1;2;1;1;3;1;1;2;1;1;1;1;1;1;4;3;;;;;500000;;1;;;;;;;;;;7
20230309;03;2023;7370950;1;1;01;54;1;343.16512951;54;1;1;4;1;2;1;1;1;3;1;1;3;1;1;1;1;1;3;3;1;;;30000000;300000;;;;;;;;;;1;;;2
20230309;03;2023;7370951;1;1;01;54;1;361.56914653;54;2;1;4;1;1;1;1;1;3;1;1;3;2;1;1;1;1;3;3;5;;;;400000;;;1;;;;;;;;;;5
20230309;03;2023;7370952;1;1;01;54;1;313.43965258;54;1;1;4;1;2;1;1;1;3;1;1;6;5;1;1;1;1;1;3;1;;;90000000;500000;;;1;;;;;;;;;;6
20230309;03;2023;7370955;1;1;01;54;1;337.54160764;54;2;1;4;1;3;1;1;1;3;1;1;4;2;1;1;1;1;1;3;3;;;;;500000;;;;;;;;;1;;;3
20230309;03;2023;7370961;1;1;01;54;1;913.8808456;54;2;1;4;1;3;2;1;1;3;1;1;1;1;1;1;1;1;1;4;3;;;;;100000;;1;;;;;;;;;;1
20230309;03;2023;7370962;1;1;01;54;1;478.85148978;54;2;1;4;1;3;2;1;1;3;1;1;3;2;1;1;1;1;3;4;2;;311000;100000000;700000;;;1;;1;;;;;;;;2
20230309;03;2023;7370963;1;1;01;54;1;1220.8964542;54;1;1;4;1;3;1;1;1;3;1;2;6;2;1;1;1;1;1;3;1;;;98;600000;;;;;;;;;;1;;;3
20230309;03;2023;7370963;2;2;01;54;1;1220.8964542;54;1;1;4;1;3;1;1;1;3;1;2;6;2;1;2;1;1;1;4;3;;;;;300000;;1;;;;;;;;;;4
20230309;03;2023;7370964;1;1;01;54;1;486.44721411;54;2;1;4;1;3;2;1;1;3;1;1;3;2;1;1;1;1;3;4;3;;;;;800000;;1;;;;;;;;;;2
20230309;03;2023;7370966;1;1;01;54;1;610.54566771;54;2;1;4;1;3;2;1;1;3;1;1;3;1;1;1;1;1;3;4;3;;;;;700000;;1;;;;;1;;;;;1
20230309;03;2023;7370969;1;1;01;54;1;470.44822409;54;1;1;4;1;2;1;1;1;3;1;1;3;2;1;1;1;1;1;3;3;;;;;400000;;;;;;;;;1;;;2
20230309;03;2023;7370970;1;1;01;54;1;232.63866767;54;1;1;4;1;2;1;1;1;3;1;1;2;1;1;1;1;1;1;3;4;;;;200000;;;;;;;;;;1;;;1
20230309;03;2023;7370972;1;1;01;54;1;470.44822409;54;1;1;4;1;3;2;1;1;3;1;1;4;2;1;1;1;1;1;4;1;;;140000000;1100000;;;1;;;1;;;;;;;2
20230309;03;2023;7370973;1;1;01;54;1;367.62177601;54;1;1;2;1;1;1;1;1;3;1;1;2;1;1;1;1;1;1;3;3;;;;;300000;;;;;;;;;1;;;1
20230309;03;2023;7370975;1;1;01;54;1;328.21110607;54;1;1;2;1;1;1;1;1;3;1;1;3;2;1;1;1;1;4;3;5;;;;300000;;;;;;;1;;;;;;4
20230309;03;2023;7370976;1;1;01;54;1;227.41254156;54;2;1;2;1;1;1;1;1;3;1;1;2;1;1;1;1;1;1;3;3;;;;;300000;;1;;;;;;;;;;2
20230309;03;2023;7370977;1;1;01;54;1;341.03550077;54;1;1;4;1;1;1;1;1;3;1;1;3;2;1;1;1;1;3;3;3;;;;;350000;;1;;;;;;;;;;3
20230309;03;2023;7370978;1;1;01;54;1;398.42588146;54;1;1;4;1;2;1;1;1;3;1;1;3;2;1;1;1;1;1;3;1;;;75000000;350000;;;;;;;;;;1;;;3
20230309;03;2023;7370980;1;1;01;54;1;236.05427111;54;1;1;4;1;2;1;1;1;3;1;1;3;2;1;1;1;1;1;3;3;;;;;320000;;1;;;;;;;;;;5
20230309;03;2023;7370982;1;1;01;54;1;532.86992522;54;2;1;4;1;3;1;1;1;3;1;1;1;1;1;1;1;1;2;3;3;;;;;500000;;1;;;;;;;;;;3
20230309;03;2023;7370983;1;1;01;54;1;375.54304043;54;1;1;4;1;3;1;1;1;3;1;1;4;1;6;;1;1;1;3;1;;;160000000;700000;;;1;;;;;;;;;;2
20230309;03;2023;7370984;1;1;01;54;1;303.23341607;54;2;1;4;1;2;1;1;1;3;1;1;3;2;1;1;1;1;1;3;1;;;80000000;450000;;;1;;;;;;;;;;5
20230309;03;2023;7370985;1;1;01;54;1;247.24791858;54;2;1;2;1;2;2;1;1;3;1;1;3;2;1;1;1;1;1;4;3;;;;;350000;;;;;;;;;1;;;4
20230309;03;2023;7370986;1;1;01;54;1;647.67206126;54;2;1;4;1;3;1;1;1;3;1;1;4;3;1;1;1;1;1;3;3;;;;;800000;;1;;;;;1;;;;;3
20230309;03;2023;7370988;1;1;01;54;1;497.10200522;54;1;1;4;1;2;1;1;1;3;1;1;4;1;1;1;1;1;3;3;4;;;;600000;;;1;;;;;;;;;;2
20230309;03;2023;7370989;1;1;01;54;1;309.61291336;54;1;1;4;1;4;1;1;1;3;1;1;4;3;1;1;1;1;1;3;3;;;;;750000;;1;;;;;;;;;;9
20230309;03;2023;7370990;1;1;01;54;1;487.7106989;54;1;1;4;1;4;1;1;1;3;1;1;3;2;1;1;1;1;3;3;1;;;105000000;600000;;;1;;;;;1;;;;;5
20230309;03;2023;7370992;1;1;01;54;1;473.15236216;54;1;1;4;1;4;1;1;1;3;1;1;4;2;1;1;1;1;1;3;4;;;;800000;;;1;;;;;1;;;;;3
20230309;03;2023;7370994;1;1;01;54;1;470.44822409;54;1;1;4;1;4;1;1;1;3;1;1;4;2;1;1;1;1;1;3;4;;;;1000000;;;1;;;;;1;;;;;2
20230309;03;2023;7370995;1;1;01;54;1;531.00923202;54;1;1;4;1;2;1;1;1;3;1;1;1;1;1;1;1;1;6;;3;;;;;233000;;1;;;;1;1;;;;;1
20230309;03;2023;7370997;1;1;01;54;1;493.53718105;54;1;1;4;1;2;1;1;1;3;1;1;3;1;1;1;1;1;3;3;3;;;;;550000;;1;;;;;;;;;;4
20230309;03;2023;7370998;1;1;01;54;1;322.58230613;54;1;1;5;1;2;1;1;1;3;1;1;3;2;1;1;1;1;1;3;3;;;;;500000;;1;;;;;;;;;;2
20230309;03;2023;7370999;1;1;01;54;1;346.53194919;54;2;1;4;1;3;1;1;1;3;1;1;4;1;1;1;1;1;1;3;1;;;160000000;800000;;;1;;;;;;;;;;1
20230309;03;2023;7371002;1;1;01;54;1;285.97094126;54;1;1;4;1;2;2;1;1;3;1;1;3;2;1;1;1;1;1;4;1;;;90000000;800000;;;1;;;;;;;;;;2
20230309;03;2023;7371005;1;1;01;54;1;351.67273386;54;1;1;4;1;1;2;1;1;3;1;1;3;1;1;1;1;1;1;4;3;;;;;350000;;1;;;;;;;;;;2
20230309;03;2023;7371008;1;1;01;63;1;220.24881221;63;1;1;4;1;3;1;1;1;3;1;1;5;4;1;1;1;1;1;3;1;;;98;600000;;;1;;;;;;;;;;5
20230309;03;2023;7371011;1;1;01;63;1;99.669115699;63;2;1;4;1;1;1;1;1;3;1;1;4;3;1;1;1;1;1;3;1;;;98;350000;;;1;;;;;;1;;;NEQUI;4
20230309;03;2023;7371012;1;1;01;63;1;114.94764956;63;1;1;2;1;1;1;1;1;3;1;1;4;2;1;1;1;1;1;3;1;;;98;500000;;;1;;;;;;;;;;3
20230309;03;2023;7371015;1;1;01;63;1;81.363730505;63;1;1;4;1;1;1;1;1;3;1;1;4;2;1;1;1;1;1;3;1;;;98;500000;;;1;;;;;;;;;;3
20230309;03;2023;7371016;1;1;01;63;1;96.635380172;63;1;1;4;1;1;1;1;1;3;1;1;4;3;1;1;1;1;1;3;1;;;98;550000;;;1;;;;;;;;;;5
20230309;03;2023;7371017;1;1;01;63;1;133.75350731;63;1;1;4;1;1;1;1;1;3;1;1;4;2;1;1;1;1;1;3;3;;;;;300000;;1;;;;;;;;;;3
20230309;03;2023;7371019;1;1;01;63;1;145.3365001;63;1;1;4;1;4;1;1;1;3;1;1;5;2;1;1;1;1;1;3;3;;;;;800000;;1;;;;;;;;;;3
20230309;03;2023;7371020;1;1;01;63;1;172.10278023;63;1;1;4;1;4;1;1;1;3;1;1;4;2;1;1;1;1;1;3;3;;;;;750000;;1;;;;;;;;;;3
20230309;03;2023;7371023;1;1;01;63;1;125.8559914;63;1;1;4;1;1;1;1;1;3;1;1;4;2;1;1;1;1;1;3;3;;;;;320000;;1;;;;;;1;;;NEQUI;3
20230309;03;2023;7371024;1;1;01;63;1;176.0902615;63;1;1;4;1;1;1;1;1;3;1;1;4;2;1;1;1;1;1;3;1;;;99;99;;;;;;;;;;1;;;5
20230309;03;2023;7371025;1;1;01;63;1;187.64511313;63;1;1;4;1;2;1;2;1;3;1;1;3;2;2;1;1;1;1;3;1;;;98;300000;;;1;;;;;;;;;;4
20230309;03;2023;7371026;1;1;01;63;1;166.01660657;63;1;1;4;1;2;1;2;1;3;1;1;3;2;2;1;1;1;1;3;1;;;98;400000;;;1;;;;;;;;;;5
20230309;03;2023;7371027;1;1;01;63;1;148.48225069;63;1;1;4;1;2;1;2;1;3;1;1;2;2;2;1;1;1;1;3;3;;;;;450000;;;;;;;;;1;;;3
20230309;03;2023;7371029;1;1;01;63;1;199.71076244;63;1;1;4;1;2;1;2;1;3;1;1;3;1;2;1;1;1;1;3;3;;;;;400000;;1;;;;;;;;;;4
20230309;03;2023;7371030;1;1;01;63;1;183.3585242;63;1;1;4;1;2;1;2;1;3;1;1;3;1;2;1;1;1;1;3;1;;;600000000;1500000;;;1;;1;;1;1;;;;;2
20230309;03;2023;7371031;1;1;01;63;1;250.19504676;63;2;1;2;1;2;1;1;1;3;1;1;3;1;1;1;1;1;1;3;3;;;;;250000;;;;;;;;;1;;;1
20230309;03;2023;7371032;1;1;01;63;1;265.58984848;63;1;1;4;1;2;1;1;1;3;1;1;3;2;1;1;1;1;1;3;1;;;98;300000;;;1;;;;;;;;;;3
20230309;03;2023;7371033;1;1;01;63;1;196.91486058;63;1;1;4;1;2;1;2;1;3;1;1;4;2;2;1;1;1;3;3;4;;;;600000;;;1;;;;;;1;;;NEQUI;2
20230309;03;2023;7371034;1;1;01;63;1;145.49630187;63;2;1;4;1;2;1;2;1;3;1;1;4;2;2;1;1;1;3;3;5;;;;600000;;;;;;;;;;1;;;2
20230309;03;2023;7371035;1;1;01;63;1;209.28868088;63;1;1;4;1;2;1;1;1;3;1;1;3;2;1;1;1;1;1;3;3;;;;;250000;;1;;;;;;;;;;3
20230309;03;2023;7371036;1;1;01;63;1;254.28260868;63;1;1;4;1;2;1;1;1;3;1;2;4;3;1;1;1;1;1;3;3;;;;;550000;;;;;;;;;1;;;3
20230309;03;2023;7371036;2;2;01;63;1;254.28260868;63;1;1;4;1;2;1;1;1;3;1;2;4;3;1;1;1;1;1;3;3;;;;;300000;;;;;;;;;1;;;4
20230309;03;2023;7371037;1;1;01;63;1;98.60738877;63;1;1;4;1;3;1;1;1;3;1;1;4;1;1;1;1;1;1;3;1;;;98;500000;;;1;;;;;;;;;;1
20230309;03;2023;7371038;1;1;01;63;1;166.35425209;63;1;1;4;1;3;1;1;1;3;1;1;4;3;1;1;1;1;1;3;3;;;;;450000;;1;;;;;;;;;;3
20230309;03;2023;7371041;1;1;01;63;1;165.75301176;63;1;1;4;1;3;1;1;1;3;1;1;5;3;1;1;1;1;1;3;3;;;;;500000;;1;;;;;;1;;;NEQUI;6
20230309;03;2023;7371042;1;1;01;63;1;96.964988012;63;1;1;4;1;3;1;1;1;3;1;1;5;3;1;1;1;1;1;3;4;;;;500000;;;1;;;;;;;;;;3
20230309;03;2023;7371043;1;1;01;63;1;91.723780247;63;2;1;4;1;3;1;1;1;3;1;1;3;2;1;1;1;1;1;3;4;;;;500000;;;1;;;;;;;;;;2
20230309;03;2023;7371044;1;1;01;63;1;129.33004611;63;1;1;4;1;3;1;1;1;3;1;1;4;1;1;1;1;1;1;3;1;;;98;500000;;;1;;;;;;;;;;2
20230309;03;2023;7371045;1;1;01;63;1;98.60738877;63;1;1;4;1;3;1;1;1;3;1;1;4;1;1;1;1;1;1;3;1;;;99;600000;;;1;;;;;;;;;;1
20230309;03;2023;7371046;1;1;01;63;1;156.10174632;63;1;1;4;1;3;1;1;1;3;1;1;5;3;1;1;1;1;1;3;1;;;99;500000;;;1;;;;;;;;;;3
20230309;03;2023;7371048;1;1;01;63;1;134.83607285;63;2;1;4;1;2;1;1;1;3;1;1;3;2;1;1;1;1;1;3;3;;;;;380000;;;;;;;;1;;;NEQUI;4
20230309;03;2023;7371049;1;1;01;63;1;116.27148938;63;2;1;4;1;2;1;1;1;3;1;1;3;2;1;1;1;1;1;3;3;;;;;350000;;1;;;;;;1;;;AHORRO A LA MANO;3
20230309;03;2023;7371050;1;1;01;63;1;121.24691823;63;1;1;4;1;2;1;1;1;3;1;1;3;1;1;1;1;1;1;3;2;;1180000;98;500000;;;1;;1;;;;;;;;2
20230309;03;2023;7371051;1;1;01;63;1;122.45144687;63;2;1;4;1;2;1;1;1;3;1;1;3;1;1;1;1;1;1;3;2;;1200000;98;550000;;;1;;1;;;1;;;;;2
20230309;03;2023;7371052;1;1;01;63;1;154.89297347;63;1;1;4;1;2;1;1;1;3;1;1;5;4;1;1;1;1;1;3;1;;;98;600000;;;1;;;;;;;;;;4
20230309;03;2023;7371053;1;1;01;63;1;172.64838477;63;1;1;4;1;2;1;1;1;3;1;1;3;2;1;1;1;1;1;3;1;;;98;500000;;;1;;;;;;;;;;4
20230309;03;2023;7371054;1;1;01;63;1;92.444426972;63;1;1;4;1;2;1;1;1;3;1;1;5;1;1;1;1;1;1;3;4;;;;500000;;;1;;;;;;;;;;1
20230309;03;2023;7371056;1;1;01;63;1;80.410457779;63;2;1;4;1;4;1;1;1;3;1;1;3;2;1;1;1;1;1;3;3;;;;;850000;;1;;;;;;;;;;3
20230309;03;2023;7371057;1;1;01;63;1;126.02551077;63;2;1;4;1;4;1;1;1;3;1;1;4;2;1;1;1;1;1;3;3;;;;;1200000;;1;;;;;;;;;;2
20230309;03;2023;7371058;1;1;01;63;1;93.117633197;63;2;1;4;1;4;1;1;1;3;1;1;3;1;1;1;1;1;1;3;1;;;98;750000;;;1;;;;;;;;;;2
20230309;03;2023;7371059;1;1;01;63;1;187.64628507;63;1;1;4;1;2;1;1;1;3;1;1;3;1;1;1;1;1;1;3;3;;;;;350000;;1;;;;;;;;;;1
20230309;03;2023;7371060;1;1;01;63;1;220.57874579;63;1;1;4;1;2;1;1;1;3;1;1;4;3;1;1;1;1;1;3;1;;;98;550000;;;1;;;;;;;;;;4
20230309;03;2023;7371062;1;1;01;63;1;113.31833535;63;2;1;4;1;4;1;1;1;3;1;1;4;3;1;1;1;1;1;3;3;;;;;1150000;;;;;;;;1;;;DAVIPLATA;3
20230309;03;2023;7371064;1;1;01;63;1;207.35349655;63;1;1;4;1;2;1;1;1;3;1;1;4;2;1;1;1;1;1;3;3;;;;;450000;;1;;;;;;1;;;NEQUI;4
20230309;03;2023;7371067;1;1;01;63;1;233.06845965;63;1;1;4;1;2;1;1;1;3;1;1;4;3;1;1;1;1;1;3;1;;;98;500000;;;1;;;;;;1;;;NEQUI;3
20230309;03;2023;7371068;1;1;01;63;1;116.08790937;63;1;1;4;1;2;1;1;1;3;1;1;4;2;1;1;1;1;1;3;4;;;;450000;;;1;;;;;;;;;;2
20230309;03;2023;7371071;1;1;01;63;1;238.57895737;63;1;1;2;1;1;1;1;1;3;1;1;3;2;1;1;1;1;1;3;1;;;20000000;300000;;;1;;;;;;;;;;2
20230309;03;2023;7371072;1;1;01;63;1;256.40150729;63;1;1;4;1;1;1;1;1;3;1;1;2;2;1;1;1;1;1;3;4;;;;350000;;;1;;;;;;;;;;4
20230309;03;2023;7371073;1;1;01;63;1;294.8567257;63;2;1;2;1;1;2;1;1;3;1;1;2;2;1;1;1;1;1;4;4;;;;300000;;;1;;;;;;;;;;6
20230309;03;2023;7371075;1;1;01;63;1;228.87831615;63;1;1;4;1;1;2;1;1;3;1;1;3;2;1;1;1;1;1;4;3;;;;;350000;;;;;;;;1;;;DAVIPLATA;2
20230309;03;2023;7371076;1;1;01;63;1;131.15539614;63;2;1;2;1;1;1;1;1;3;1;1;3;2;1;1;1;1;1;3;1;;;98;400000;;;;;;;;;1;;;DAVIPLATA;7
20230309;03;2023;7371077;1;1;01;63;1;228.87831615;63;2;1;4;1;1;1;1;1;3;1;1;3;2;1;1;1;1;1;3;4;;;;350000;;;;;;;;;1;;;NEQUI DAVIPLATA;2
20230309;03;2023;7371079;1;1;01;63;1;145.49630187;63;2;1;4;1;4;1;1;1;3;1;1;4;2;1;1;1;1;1;3;4;;;;650000;;;1;;;;;;;;;;2
20230309;03;2023;7371080;1;1;01;63;1;293.15351234;63;2;1;4;1;4;1;1;1;3;1;1;4;3;1;1;1;1;1;3;3;;;;;700000;;1;;;;;1;;;;;4
20230309;03;2023;7371081;1;1;01;63;1;132.73058251;63;2;1;4;1;4;1;1;1;3;1;1;4;3;1;1;1;1;1;3;1;;;190000000;800000;;;1;;;;1;1;;;;;3
20230309;03;2023;7371082;1;1;01;63;1;110.93331237;63;2;1;4;1;4;1;1;1;3;1;1;4;1;1;1;1;1;1;3;1;;;140000000;600000;;;1;;;;;;;;;;1
20230309;03;2023;7371083;1;1;01;63;1;208.13564557;63;2;1;4;1;4;1;1;1;3;1;1;4;3;1;1;1;1;1;3;3;;;;;700000;;1;;;;;;;;;;4
20230309;03;2023;7371084;1;1;01;63;1;181.64056548;63;2;1;4;1;5;1;1;1;3;1;1;5;3;1;1;1;1;1;3;3;;;;;1200000;;1;;;;;1;;;;;3
20230309;03;2023;7371087;1;1;01;63;1;160.05270344;63;1;1;4;1;4;2;1;1;3;1;1;5;2;1;1;1;1;1;4;1;;;280000000;1200000;;;1;;;;1;1;;;;;3
20230309;03;2023;7371088;1;1;01;63;1;108.85989454;63;2;1;4;1;4;1;1;1;3;1;1;2;1;1;1;1;1;1;3;3;;;;;450000;;;;;;;;1;;;AHORRO A LA MANO;1
20230309;03;2023;7371089;1;1;01;63;1;84.840171724;63;2;1;4;1;4;1;1;1;3;1;1;5;3;1;1;1;1;1;3;4;;;;1600000;;;1;;;;;1;;;;;3
20230309;03;2023;7371092;1;1;01;63;1;87.842142547;63;2;1;4;1;4;1;1;1;3;1;1;2;1;1;1;1;1;1;3;3;;;;;450000;;1;;;;;;1;;;NEQUI;1
20230309;03;2023;7371093;1;1;01;63;1;108.85989454;63;2;1;4;1;4;1;1;1;3;1;1;1;1;1;2;1;1;1;3;3;;;;;382000;;1;;;;;;;;;;1
20230309;03;2023;7371097;1;1;01;63;1;108.85989454;63;2;1;4;1;4;1;1;1;3;1;1;1;1;1;1;1;1;2;3;3;;;;;500000;;1;;;;;;;;;;1
20230309;03;2023;7371098;1;1;01;63;1;153.05804698;63;2;1;4;1;3;1;1;1;3;1;1;4;3;1;1;1;1;1;3;1;;;98;500000;;;1;;;;;;;;;;3
20230309;03;2023;7371099;1;1;01;63;1;213.64442984;63;1;1;4;1;3;1;1;1;3;1;1;4;2;1;1;1;1;1;3;1;;;140000000;500000;;;1;;;;1;1;;;;;3
20230309;03;2023;7371100;1;1;01;63;1;189.92704244;63;2;1;4;1;3;1;1;1;3;1;1;5;3;1;1;1;1;1;3;3;;;;;550000;;;;;;;;;1;;;4
20230309;03;2023;7371101;1;1;01;63;1;193.29504412;63;1;1;4;1;3;1;1;1;3;1;1;5;3;1;1;1;1;1;3;3;;;;;500000;;1;;;;;;1;;;DAVIPLATA;5
20230309;03;2023;7371102;1;1;01;63;1;176.72515361;63;1;1;4;1;3;1;1;1;3;1;1;4;2;1;1;1;1;1;3;3;;;;;600000;;1;;;;;;;;;;2
20230309;03;2023;7371103;1;1;01;63;1;176.72515361;63;1;1;4;1;3;1;1;1;3;1;1;4;2;1;1;1;1;1;3;3;;;;;500000;;1;;;;;;1;;;NEQUI;2
20230309;03;2023;7371104;1;1;01;63;1;173.5847892;63;2;1;4;1;3;1;1;1;3;1;1;5;2;1;1;1;1;1;3;3;;;;;570000;;1;;;;;;;;;;2
20230309;03;2023;7371105;1;1;01;63;1;163.26859583;63;1;1;4;1;3;1;1;1;3;1;1;5;2;1;1;1;1;1;3;3;;;;;500000;;1;;;;;;;;;;2
20230309;03;2023;7371107;1;1;01;66;1;553.65132451;66;2;1;4;1;1;1;1;1;2;1;1;4;2;1;1;1;1;1;3;3;;;;;300000;;1;;;;;;;;;;3
20230309;03;2023;7371108;1;1;01;66;1;752.08354336;66;2;1;4;1;1;1;1;1;2;1;1;4;3;1;1;1;1;1;3;1;;;120000000;600000;;;1;;;;;;;;;;4
20230309;03;2023;7371109;1;1;01;66;1;193.03009731;66;1;1;6;1;1;2;1;1;3;1;1;1;1;1;1;1;1;1;4;4;;;;250000;;;1;;;;;;;;;;3
20230309;03;2023;7371110;1;1;01;66;1;311.80586679;66;2;1;4;1;1;1;1;1;3;1;1;4;3;1;1;1;1;1;3;1;;;80000000;400000;;;1;;;;;;;;;;3
20230309;03;2023;7371111;1;1;01;66;1;303.79653339;66;1;1;4;1;2;1;1;1;3;1;1;4;3;1;1;1;1;1;3;4;;;;600000;;;;;;;;;;1;;;5
20230309;03;2023;7371114;1;1;01;66;1;359.15467926;66;2;1;4;1;1;1;1;1;3;1;1;4;3;1;1;1;1;1;3;1;;;80000000;400000;;;;;;;;;;1;;;7
20230309;03;2023;7371115;1;1;01;66;1;75.035281789;66;1;1;4;1;3;1;1;1;3;1;1;4;3;1;1;1;1;1;4;1;;;150000000;600000;;;1;;;;;;;;;;3
20230309;03;2023;7371116;1;1;01;66;1;160.3909853;66;1;1;4;1;3;1;1;1;3;1;1;5;4;1;1;1;1;1;3;4;;;;700000;;;;;;;;;;1;;;4
20230309;03;2023;7371122;1;1;01;66;1;98.409745518;66;1;1;4;1;3;1;1;1;3;1;1;4;2;1;1;1;1;1;3;4;;;;700000;;;;;;;;;;1;;;2
20230309;03;2023;7371124;1;1;01;66;1;614.8575036;66;2;1;4;1;4;1;1;1;2;1;1;2;1;1;1;1;1;1;3;4;;;;99;;;1;;;;;;;;;;1
20230309;03;2023;7371127;1;1;01;66;1;275.93748809;66;1;1;4;1;2;1;1;1;3;1;1;4;2;1;1;1;1;1;3;3;;;;;670000;;1;;;;;;;;;;4
20230309;03;2023;7371128;1;1;01;66;1;131.61973719;66;2;1;4;1;5;1;1;1;3;1;1;4;1;1;1;1;1;1;3;1;;;98;98;;;1;;;;;;;;;;1
20230309;03;2023;7371129;1;1;01;66;1;212.97470263;66;1;1;4;1;5;1;1;1;3;1;1;4;3;1;1;1;1;1;3;3;;;;;1300000;;1;;;;1;1;;;;;4
20230309;03;2023;7371130;1;1;01;66;1;152.0463714;66;2;1;4;1;2;1;1;1;3;1;1;3;2;1;1;1;1;1;3;1;;;120000000;450000;;;;;;;;;;1;;;2
20230309;03;2023;7371132;1;1;01;66;1;205.02587459;66;1;1;4;1;5;1;1;1;3;1;1;3;1;1;1;1;1;1;3;1;;;600000000;1900000;;;1;;;;;;;;;;3
20230309;03;2023;7371133;1;1;01;66;1;368.18905266;66;2;1;4;1;2;1;1;1;3;1;1;5;3;1;1;1;1;1;3;4;;;;600000;;;1;;;;;;;;;;6
20230309;03;2023;7371134;1;1;01;66;1;233.77311266;66;2;1;4;1;2;1;1;1;3;1;1;2;2;1;1;1;1;1;3;3;;;;;500000;;1;;;;;;;;;;2
20230309;03;2023;7371135;1;1;01;66;1;266.41776678;66;2;1;4;1;3;1;1;1;3;1;1;4;3;1;1;1;1;1;3;1;;;200000000;450000;;;1;;;;;1;;;;;3
20230309;03;2023;7371136;1;1;01;66;1;120.3581554;66;1;1;2;1;5;1;1;1;3;1;1;4;1;1;1;1;1;1;3;1;;;99;1200000;;;1;;;;1;;;;;;1
20230309;03;2023;7371137;1;1;01;66;1;188.64687797;66;1;1;4;1;5;1;1;1;3;1;1;4;3;1;1;1;1;1;3;3;;;;;1000000;;1;;;;1;;;;;;5
20230309;03;2023;7371138;1;1;01;66;1;195.2658851;66;2;1;4;1;2;1;1;1;3;1;1;3;2;1;1;1;1;1;3;3;;;;;400000;;1;;;;;;;;;;4
20230309;03;2023;7371139;1;1;01;66;1;240.57880577;66;2;1;4;1;2;1;1;1;3;1;1;2;2;1;1;1;1;1;3;4;;;;500000;;;;;;;;;;1;;;3
20230309;03;2023;7371140;1;1;01;66;1;269.90956181;66;2;1;4;1;3;1;1;1;3;1;1;4;3;1;1;1;1;1;3;3;;;;;380000;;;;;;;;;1;;;6
20230309;03;2023;7371142;1;1;01;66;1;376.90499827;66;2;1;4;1;3;1;1;1;3;1;1;4;2;1;1;1;1;1;3;4;;;;500000;;;1;;;;;1;;;;;4
20230309;03;2023;7371143;1;1;01;66;1;240.90303615;66;2;1;4;1;2;1;1;1;3;1;1;3;2;1;1;1;1;1;3;3;;;;;470000;;1;;;;;;;;;;3
20230309;03;2023;7371144;1;1;01;66;1;195.09085424;66;1;1;4;1;2;1;1;1;3;1;1;6;2;1;1;1;1;1;3;1;;;150000000;900000;;;1;;;;;;;;;;3
20230309;03;2023;7371145;1;1;01;66;1;142.75735476;66;1;1;4;1;4;1;1;1;3;1;1;4;2;1;1;1;1;1;3;3;;;;;850000;;1;;;1;;1;;;;;3
20230309;03;2023;7371146;1;1;01;66;1;369.03654569;66;2;1;4;1;4;2;1;1;3;1;1;4;2;1;1;1;1;1;4;4;;;;500000;;;1;;;;;;;;;;2
20230309;03;2023;7371147;1;1;01;66;1;113.37132837;66;1;1;4;1;4;1;1;1;3;1;1;5;4;1;1;1;1;1;4;1;;;280000000;1000000;;;1;;;;;;;;;;4
20230309;03;2023;7371148;1;1;01;66;1;172.91769292;66;1;1;4;1;4;1;1;1;3;1;1;4;1;1;1;1;1;1;3;2;;700000;250000000;1300000;;;;;;;;;;1;;;2
20230309;03;2023;7371149;1;1;01;66;1;466.05490675;66;1;1;4;1;4;1;1;1;3;1;1;5;3;1;1;1;1;1;3;1;;;120000000;700000;;;1;;;;;;;;;;4
20230309;03;2023;7371152;1;1;01;66;1;149.59972183;66;2;1;4;1;3;1;1;1;3;1;1;3;2;1;1;1;1;1;3;3;;;;;550000;;1;;;;;;;;;;3
20230309;03;2023;7371153;1;1;01;66;1;191.65218369;66;1;1;4;1;5;1;1;1;3;1;1;5;2;1;1;1;1;1;3;3;;;;;1900000;;1;;;1;;;;;;;3
20230309;03;2023;7371154;1;1;01;66;1;255.33122967;66;2;1;4;1;4;1;1;1;3;1;1;2;1;1;1;1;1;1;3;3;;;;;500000;;;;;;;;;1;;;1
20230309;03;2023;7371156;1;1;01;66;1;131.61973719;66;2;1;4;1;4;1;1;1;3;1;1;2;1;1;1;1;1;1;3;3;;;;;730000;;1;;;;;;;;;;1
20230309;03;2023;7371157;1;1;01;66;1;115.82802992;66;2;1;4;1;6;1;1;1;3;1;1;3;1;1;1;1;1;1;3;4;;;;1500000;;;1;;;;;;;;;;1
20230309;03;2023;7371158;1;1;01;66;1;176.52529459;66;2;1;4;1;3;1;1;1;3;1;1;3;1;1;1;1;1;1;3;3;;;;;450000;;;;;;;;;1;;;1
20230309;03;2023;7371159;1;1;01;66;1;82.308123975;66;1;1;4;1;3;1;1;1;3;1;1;4;2;1;1;1;1;1;3;1;;;250000000;650000;;;1;;;;;1;;;;;2
20230309;03;2023;7371160;1;1;01;66;1;98.409745518;66;1;1;4;1;3;1;1;1;3;1;1;4;2;1;1;1;1;1;3;1;;;400000000;800000;;;1;;;;;1;;;;;2
20230309;03;2023;7371161;1;1;01;66;1;190.23326375;66;2;1;4;1;5;1;1;1;3;1;1;4;2;1;1;1;1;1;3;1;;;120000000;800000;;;1;;;;;;;;;;2
20230309;03;2023;7371162;1;1;01;66;1;178.46984359;66;2;1;4;1;5;1;1;1;6;1;1;4;2;1;1;1;1;1;3;1;;;120000000;800000;;;1;;;;;;;;;;3
20230309;03;2023;7371163;1;1;01;66;1;125.27313607;66;2;1;4;1;4;1;1;1;3;1;1;2;1;1;1;1;1;1;3;4;;;;900000;;1;;;;1;;1;;;;;2
20230309;03;2023;7371164;1;1;01;66;1;307.82475742;66;1;8;2;1;1;2;1;1;3;1;1;3;2;1;1;1;1;1;4;5;;;;250000;;;1;;;;;;;;;;7
20230309;03;2023;7371165;1;1;01;66;1;178.71863905;66;1;1;4;1;5;1;1;1;3;1;1;4;3;1;1;1;1;3;3;3;;;;;1300000;;1;;;;;1;;;;;5
20230309;03;2023;7371166;1;1;01;66;1;250.11309155;66;2;1;4;1;6;1;1;1;3;1;1;4;1;1;1;1;1;1;3;3;;;;;2500000;;1;;;;1;;;;;;2
20230309;03;2023;7371169;1;1;01;66;1;312.00889838;66;2;1;4;1;6;1;1;1;3;1;1;4;2;1;1;1;1;1;3;3;;;;;4000000;;1;;;;;;;;;;4
20230309;03;2023;7371170;1;1;01;66;1;120.3581554;66;1;1;4;1;5;1;1;1;3;1;1;3;1;1;1;1;1;1;3;3;;;;;1250000;;1;;;;;;;;;;1
20230309;03;2023;7371171;1;1;01;66;1;155.8690594;66;2;5;2;1;1;2;1;1;3;1;1;1;1;1;1;1;1;1;4;4;;;;200000;;;;;;;;;;1;;;1
20230309;03;2023;7371172;1;1;01;66;1;250.83109831;66;2;1;4;1;6;1;1;1;3;1;1;5;3;1;1;1;1;1;3;1;;;900000000;3000000;;;1;;;;;;;;;;3
20230309;03;2023;7371173;1;1;01;66;1;141.68067434;66;1;1;4;1;5;1;1;1;3;1;1;4;2;1;1;1;1;3;3;2;;2000000;270000000;2000000;;;1;;1;1;1;1;;;;;2
20230309;03;2023;7371174;1;1;01;66;1;104.09965063;66;1;1;4;1;3;1;1;1;3;1;1;4;3;1;1;1;1;1;3;3;;;;;500000;;1;;;;;1;;;;;3
20230309;03;2023;7371175;1;1;01;66;1;133.83502008;66;2;1;4;1;3;1;1;1;3;1;1;3;2;1;1;1;1;1;3;3;;;;;530000;;1;;;;;;;;;;3
20230309;03;2023;7371176;1;1;01;66;1;144.7850374;66;1;1;4;1;2;1;1;1;3;1;1;4;1;1;1;1;1;1;3;1;;;98;300000;;;;;;;;;;1;;;1
20230309;03;2023;7371177;1;1;01;66;1;162.11033711;66;1;1;4;1;3;1;1;1;3;1;1;4;1;1;1;1;1;1;3;3;;;;;440000;;1;;;;;;;;;;2
20230309;03;2023;7371185;1;1;01;66;1;356.69674986;66;1;1;4;1;3;1;1;1;3;1;1;4;3;1;1;1;1;1;3;3;;;;;650000;;1;;;;;;;;;;4
20230309;03;2023;7371187;1;1;01;;1;368.86751525;68;1;1;4;1;1;1;1;1;3;1;1;3;2;1;1;1;1;1;3;3;;;;;400000;;1;;;;;;;;;;3
20230309;03;2023;7371188;1;1;01;;1;290.91689889;68;1;1;4;1;1;1;1;1;3;1;1;3;1;1;1;1;1;1;3;1;;;180000000;500000;;;1;;;;;;;;;;1
20230309;03;2023;7371189;1;1;01;;1;390.24307856;68;2;1;2;1;1;1;1;1;3;1;1;2;1;1;1;1;1;3;3;3;;;;;350000;;;;;;;;;1;;;1
20230309;03;2023;7371190;1;1;01;;1;486.0159123;68;1;1;4;1;1;1;1;1;3;1;1;5;4;1;1;1;1;1;3;6;;;;700000;;;1;;;;;;;;;;8
20230309;03;2023;7371191;1;1;01;;1;438.92555014;68;1;1;4;1;2;1;1;1;3;1;1;3;2;1;1;1;1;1;3;1;;;160000000;450000;;;1;;;;;;;;;;3
20230309;03;2023;7371192;1;1;01;;1;217.49953932;68;1;1;4;1;2;1;1;1;3;1;1;4;3;1;1;1;1;1;3;6;;;;550000;;;1;;;;;;;;;;4
20230309;03;2023;7371194;1;1;01;;1;321.54570467;68;1;1;4;1;2;1;1;1;3;1;1;4;2;1;1;1;1;1;3;4;;;;200000;;;1;;;;;;;;;;3
20230309;03;2023;7371195;1;1;01;;1;484.94441915;68;1;1;4;1;2;1;1;1;3;1;1;3;1;1;1;1;1;1;3;3;;;;;500000;;1;;;;;1;;;;;1
20230309;03;2023;7371196;1;1;01;;1;373.03416858;68;1;1;2;1;2;1;1;1;3;1;1;2;1;1;1;1;1;3;3;6;;;;300000;;;;;;;;;;1;;;1
20230309;03;2023;7371199;1;1;01;;1;366.66343511;68;1;1;4;1;2;1;1;1;3;1;1;3;2;1;1;1;1;1;3;1;;;130000000;450000;;;1;;;;;;;;;;2
20230309;03;2023;7371200;1;1;01;;1;402.11938051;68;1;1;2;1;2;1;1;1;3;1;1;3;2;1;1;1;1;3;3;3;;;;;400000;;;;;;;;;1;;;5
20230309;03;2023;7371201;1;1;01;;1;337.63503857;68;1;1;4;1;2;1;1;1;3;1;1;2;1;1;1;1;1;1;3;3;;;;;400000;;1;;;;;;;;;;3
20230309;03;2023;7371202;1;1;01;;1;478.38405618;68;1;1;4;1;2;1;1;1;3;1;1;3;2;1;1;1;1;1;3;3;;;;;450000;;1;;;;;;;;;;3
20230309;03;2023;7371203;1;1;01;68;1;501.4451266;68;1;1;4;1;3;1;1;1;3;1;2;4;3;1;1;1;1;1;3;1;;;150000000;800000;;;;;;;;;;1;;;5
20230309;03;2023;7371203;2;2;01;68;1;501.4451266;68;1;1;4;1;3;1;1;1;3;1;2;2;2;1;1;1;1;1;3;3;;;;;600000;;1;;;;;;;;;;3
20230309;03;2023;7371204;1;1;01;68;1;237.7502423;68;2;1;4;1;4;1;1;1;3;1;1;4;3;1;1;1;1;1;3;3;;;;;800000;;1;;;;;;;;;;3
20230309;03;2023;7371205;1;1;01;68;1;403.61040878;68;2;1;4;1;3;1;1;1;3;1;1;2;1;1;1;1;1;1;3;3;;;;;350000;;1;;;;;;;;;;1
20230309;03;2023;7371206;1;1;01;68;1;284.66566854;68;1;1;4;1;1;1;1;1;3;1;1;3;2;1;1;1;1;1;3;3;;;;;280000;;1;;;;;;;;;;6
20230309;03;2023;7371207;1;1;01;68;1;382.24495876;68;1;1;4;1;2;1;1;1;3;1;1;2;1;1;1;1;1;1;3;3;;;;;500000;;;;;;;;;1;;;3
20230309;03;2023;7371208;1;1;01;68;1;317.79918343;68;2;1;4;1;1;1;1;1;3;1;1;5;3;1;1;1;1;1;3;1;;;99;350000;;;1;;;;;;;;;;4
20230309;03;2023;7371209;1;1;01;68;1;455.16640776;68;1;1;4;1;4;1;1;1;3;1;1;4;3;1;1;1;1;1;3;1;;;250000000;1100000;;;1;;;;;;;;;;4
20230309;03;2023;7371210;1;1;01;68;1;534.63074557;68;1;1;4;1;4;1;1;1;3;1;1;4;3;1;1;1;1;1;3;1;;;200000000;1200000;;;1;;;;;;;;;;7
20230309;03;2023;7371214;1;1;01;68;1;393.65709245;68;2;1;4;1;3;1;1;1;3;1;1;3;1;1;1;1;1;1;3;4;;;;650000;;;1;;;;;;;;;;1
20230309;03;2023;7371223;1;1;01;68;1;466.5746582;68;1;1;4;1;4;1;1;1;3;1;1;3;1;1;1;1;1;1;3;3;;;;;320000;;1;;;;;;;;;;1
20230309;03;2023;7371226;1;1;01;70;1;94.933644867;70;2;1;2;1;1;1;1;1;3;1;1;3;2;1;1;1;1;1;3;1;;;40000000;200000;;;;;;;;;;1;;;2
20230309;03;2023;7371227;1;1;01;70;1;162.19734995;70;1;1;4;1;1;1;1;1;3;1;1;3;2;1;1;1;1;1;3;1;;;70000000;400000;;;1;;;;;;;;;;7
20230309;03;2023;7371228;1;1;01;70;1;160.20017348;70;1;1;4;1;1;1;1;1;3;1;1;4;3;1;1;1;1;1;3;1;;;60000000;300000;;;1;;;;;;;;;;8
20230309;03;2023;7371229;1;1;01;70;1;104.8496616;70;2;1;2;1;1;1;1;1;3;1;1;3;2;1;1;1;1;1;3;1;;;45000000;250000;;;;;;;;;;1;;;2
20230309;03;2023;7371230;1;1;01;70;1;100.48711132;70;2;1;4;1;1;1;1;1;3;1;1;3;2;1;1;1;1;3;3;3;;;;;200000;;;;;;;;;1;;;3
20230309;03;2023;7371231;1;1;01;70;1;145.08547741;70;2;1;2;1;1;1;1;1;3;1;1;3;2;1;1;1;1;1;3;1;;;42000000;200000;;;;;;;;;;1;;;7
20230309;03;2023;7371232;1;1;01;70;1;107.73836261;70;2;1;4;1;1;1;1;1;3;1;1;3;2;1;1;1;1;1;3;1;;;45000000;200000;;;1;;;;;;;;;;4
20230309;03;2023;7371235;1;1;01;70;1;138.92912225;70;2;1;2;1;1;1;1;1;3;1;1;3;2;1;1;1;1;1;3;3;;;;;270000;;;;;;;;;1;;;4
20230309;03;2023;7371236;1;1;01;70;1;142.62998348;70;1;1;2;1;1;1;1;1;3;1;1;3;2;1;1;1;1;1;3;5;;;;200000;;;1;;;;;;;;;;2
20230309;03;2023;7371237;1;1;01;70;1;100.48711132;70;2;1;4;1;1;1;1;1;3;1;1;3;2;1;1;1;1;3;3;5;;;;200000;;;;;;;;;;1;;;3
20230309;03;2023;7371238;1;1;01;70;1;106.74887324;70;2;1;2;1;1;1;1;1;3;1;1;3;1;1;1;1;1;1;3;3;;;;;200000;;;;;;;;;1;;;2
20230309;03;2023;7371240;1;1;01;70;1;120.60166407;70;2;1;4;1;1;1;1;1;3;1;1;3;2;1;1;1;1;1;3;3;;;;;160000;;;;;;;;;1;;;4
20230309;03;2023;7371242;1;1;01;70;1;113.24461552;70;2;1;4;1;1;1;1;1;3;1;1;3;2;1;1;1;1;1;3;3;;;;;250000;;;;;;;;;1;;;4
20230309;03;2023;7371243;1;1;01;70;1;123.93301928;70;2;1;2;1;1;1;1;1;3;1;1;3;2;1;1;1;1;1;3;1;;;50000000;200000;;;;;;;;;;1;;;4
20230309;03;2023;7371245;1;1;01;70;1;121.32467984;70;2;1;4;1;2;1;1;1;3;1;1;3;2;1;1;1;1;1;3;5;;;;500000;;1;1;;;;;1;;;;;3
20230309;03;2023;7371246;1;1;01;70;1;105.57268551;70;1;1;4;1;2;1;1;1;3;1;1;4;3;1;1;1;1;1;3;1;;;200000000;800000;;;1;;;;;;;;;;6
20230309;03;2023;7371247;1;1;01;70;1;114.13403779;70;1;1;4;1;2;1;1;1;3;1;1;3;2;1;1;1;1;1;3;4;;;;400000;;;1;;;;;;;;;;5
20230309;03;2023;7371248;1;1;01;70;1;86.398156134;70;2;1;4;1;1;1;1;1;3;1;1;3;2;1;1;1;1;1;3;1;;;45000000;250000;;;1;;;;;;;;;;3
20230309;03;2023;7371250;1;1;01;70;1;100.48711132;70;2;1;4;1;1;1;1;1;3;1;1;3;2;1;1;1;1;1;3;3;;;;;250000;;1;;;;;;;;;;3
20230309;03;2023;7371252;1;1;01;70;1;98.614202005;70;1;1;4;1;2;1;1;1;3;1;1;4;1;1;1;1;1;1;3;1;;;120000000;500000;;1;1;;;;;1;;;;;2
20230309;03;2023;7371253;1;1;01;70;1;98.614202005;70;1;1;4;1;2;1;1;1;3;1;1;3;1;1;1;1;1;1;3;1;;;200000000;500000;;;1;;;;;;;;;;2
20230309;03;2023;7371254;1;1;01;70;1;113.04800023;70;1;1;4;1;2;1;1;1;3;1;1;8;2;1;1;1;1;1;3;1;;;230000000;1500000;;1;1;;;;1;1;;;;;3
20230309;03;2023;7371255;1;1;01;70;1;127.40019246;70;1;1;4;1;2;1;1;1;3;1;1;3;2;1;1;1;1;1;3;3;;;;;700000;;1;;;;;;;;;;4
20230309;03;2023;7371256;1;1;01;70;1;136.31460939;70;1;1;4;1;2;1;1;1;3;1;1;3;2;1;1;1;1;1;3;4;;;;450000;;;1;;;;;1;;;;;2
20230309;03;2023;7371257;1;1;01;70;1;165.85840608;70;1;1;4;1;2;1;1;1;3;1;1;4;3;1;1;1;1;1;3;3;;;;;700000;;1;;;;1;;;;;;4
20230309;03;2023;7371258;1;1;01;70;1;151.34934251;70;1;1;4;1;2;1;1;1;3;1;1;4;3;1;1;1;1;1;3;1;;;100000000;500000;;;1;;;;;;;;;;6
20230309;03;2023;7371259;1;1;01;70;1;153.39986978;70;1;1;4;1;2;1;1;1;3;1;1;4;2;1;1;1;1;1;3;4;;;;450000;;;;;;;;;;1;;;2
20230309;03;2023;7371264;1;1;01;70;1;198.17807717;70;2;1;4;1;2;1;1;1;3;1;1;4;3;1;1;1;1;1;3;4;;;;500000;;;1;;;;;;;;;;4
20230309;03;2023;7371267;1;1;01;70;1;114.35765295;70;1;1;4;1;2;1;1;1;3;1;1;6;4;1;1;1;1;1;3;1;;;200000000;800000;;;1;;;;1;1;;;;;4
20230309;03;2023;7371268;1;1;01;70;1;115.0486699;70;1;1;2;1;2;1;1;1;3;1;1;5;3;1;1;1;1;1;3;1;;;85000000;500000;;;1;;;;;;;;;;4
20230309;03;2023;7371269;1;1;01;70;1;95.667662628;70;2;1;4;1;2;1;1;1;3;1;1;3;2;1;1;1;1;1;3;1;;;140000000;500000;;;1;;;;1;;;;;;2
20230309;03;2023;7371270;1;1;01;70;1;106.21917615;70;1;1;4;1;2;1;1;1;3;1;1;3;2;1;1;1;1;3;3;1;;;13000000;500000;;;1;;;;;1;;;;;2
20230309;03;2023;7371271;1;1;01;70;1;106.21917615;70;1;1;4;1;2;1;1;1;3;1;1;3;2;1;1;1;1;1;3;1;;;90000000;350000;;;1;;;;;;;;;;2
20230309;03;2023;7371272;1;1;01;70;1;103.90200911;70;1;1;4;1;2;1;1;1;3;1;1;5;3;1;1;1;1;1;3;1;;;80000000;500000;;;1;;;;;;;;;;6
20230309;03;2023;7371273;1;1;01;70;1;145.5896608;70;2;1;4;1;2;1;1;1;3;1;1;3;2;1;1;1;1;1;3;3;;;;;400000;;1;;;;;;;;;;3
20230309;03;2023;7371274;1;1;01;70;1;118.93494433;70;1;1;4;1;2;1;1;1;3;1;1;4;3;1;1;1;1;1;3;1;;;180000000;600000;;;1;;;;1;1;;;;;3
20230309;03;2023;7371275;1;1;01;70;1;95.378848058;70;1;4;1;1;1;2;2;2;;1;1;3;3;2;1;3;1;1;4;5;;;;100000;;;;;;;;;;1;;;10
20230309;03;2023;7371276;1;1;01;70;1;124.94177726;70;1;1;2;1;1;1;1;1;3;1;1;2;1;1;1;1;1;1;3;1;;;25000000;250000;;;1;;;;;;;;;;3
20230309;03;2023;7371277;1;1;01;70;1;149.033827;70;1;1;2;1;1;1;1;1;3;1;1;3;2;1;1;1;1;1;3;5;;;;200000;;;;;;;;;;1;;;5
20230309;03;2023;7371278;1;1;01;70;1;123.83410237;70;1;1;1;1;1;2;2;1;3;1;1;3;2;2;1;3;1;1;4;5;;;;150000;;;;;;;;;;1;;;4
20230309;03;2023;7371279;1;1;01;70;1;128.67913014;70;1;4;1;1;1;2;1;2;;1;1;3;2;1;1;3;1;6;;1;;;10000000;100000;;;;;;;;;;1;;;2
20230309;03;2023;7371280;1;1;01;70;1;123.32509116;70;1;1;2;1;1;2;1;1;3;1;1;3;2;1;1;1;1;1;4;4;;;;250000;;;1;;;;;;;;;;3
20230309;03;2023;7371281;1;1;01;70;1;113.60986219;70;1;4;1;1;1;2;1;2;;1;1;3;2;1;1;3;1;5;4;1;;;10000000;150000;;;1;;;;;;;;;;4
20230309;03;2023;7371283;1;1;01;70;1;150.69267929;70;1;1;2;1;1;1;1;1;3;1;1;3;2;1;1;1;1;1;3;1;;;60000000;350000;;;;;;;;;;1;;;4
20230309;03;2023;7371284;1;1;01;70;1;141.93483188;70;1;1;2;1;1;1;1;1;3;1;1;3;2;1;1;1;1;1;3;1;;;25000000;200000;;;;;;;;;;1;;;4
20230309;03;2023;7371285;1;1;01;70;1;136.58075506;70;1;5;1;1;1;2;2;1;3;1;1;3;2;2;1;3;1;1;4;5;;;;100000;;;;;;;;;;1;;;5
20230309;03;2023;7371286;1;1;01;70;1;107.57912946;70;1;7;1;1;1;2;2;1;3;1;1;3;2;2;1;1;1;5;4;1;;;15000000;150000;;;1;;;;;;;;;;2
20230309;03;2023;7371287;1;1;01;70;1;149.70986185;70;1;5;1;1;1;1;1;1;3;1;1;3;2;1;1;1;1;4;3;3;;;;;70000;;;;;;;;;1;;;3
20230309;03;2023;7371288;1;1;01;70;1;154.23664835;70;1;4;2;1;1;1;1;1;3;1;1;3;2;1;1;1;1;1;3;1;;;25000000;150000;;;;;;;;;;1;;;2
20230309;03;2023;7371289;1;1;01;70;1;132.35419619;70;1;1;1;1;1;2;1;2;;1;1;3;1;1;1;3;1;1;4;4;;;;150000;;;;;;;;;;1;;;3
20230309;03;2023;7371290;1;1;01;70;1;145.60986009;70;1;1;1;1;1;2;2;1;3;1;1;2;1;2;1;3;1;1;4;5;;;;150000;;;;;;;;;;1;;;5
20230309;03;2023;7371291;1;1;01;70;1;154.23664835;70;1;1;2;1;1;1;1;1;3;1;1;3;2;1;1;1;1;1;3;5;;;;200000;;;;;;;;;;1;;;2
20230309;03;2023;7371294;1;1;01;70;1;160.21944719;70;1;1;2;1;1;1;1;1;3;1;1;3;2;1;1;1;1;1;3;3;;;;;150000;;;;;;;;;1;;;4
20230309;03;2023;7371296;1;1;01;70;1;170.30724168;70;6;8;1;1;1;2;2;2;;2;1;1;1;6;;3;10;6;;5;;;;50000;;;;;;;;;;1;;;1
20230309;03;2023;7371297;1;1;01;70;1;112.54382345;70;1;1;2;1;1;1;1;1;3;1;1;3;2;1;1;1;1;1;3;3;;;;;250000;;1;;;;;;;;;;3
20230309;03;2023;7371298;1;1;01;70;1;150.62185898;70;1;1;4;1;1;1;1;1;3;1;1;4;1;1;1;1;1;1;3;1;;;800000000;500000;;;;;;;;;;1;;;3
20230309;03;2023;7371299;1;1;01;70;1;134.85160215;70;1;1;4;1;2;1;1;1;3;1;1;4;3;1;1;1;1;1;3;1;;;99;99;;1;1;;;;;;;;;;5
20230309;03;2023;7371300;1;1;01;70;1;124.94177726;70;1;1;4;1;1;1;1;1;3;1;1;3;2;1;1;1;1;1;3;1;;;60000000;400000;;;1;;;;;;;;;;3
20230309;03;2023;7371301;1;1;01;70;1;119.0438043;70;1;1;2;1;1;1;1;1;3;1;1;4;3;1;1;1;1;1;3;6;;;;350000;;;;;;;;;;1;;;8
20230309;03;2023;7371302;1;1;01;70;1;142.62998348;70;2;1;4;1;2;1;1;1;3;1;1;3;2;1;1;1;1;1;3;4;;;;70000000;;;;;;;;;;1;;;2
20230309;03;2023;7371303;1;1;01;70;1;131.48560267;70;2;1;4;1;2;1;1;1;3;1;1;3;1;1;1;1;1;1;3;1;;;120000000;500000;;;;;;;;;;1;;;2
20230309;03;2023;7371304;1;1;01;70;1;141.93483188;70;1;1;4;1;2;1;1;1;3;1;1;4;3;1;1;1;1;1;3;4;;;;500000;;;1;;;;;;;;;;4
20230309;03;2023;7371305;1;1;01;70;1;145.69564647;70;1;1;4;1;2;1;1;1;3;1;1;4;3;1;1;1;1;1;3;1;;;160000000;350000;;;1;;;;;;;;;;4
20230309;03;2023;7371306;1;1;01;70;1;131.48560267;70;1;1;4;1;1;1;1;1;3;1;1;4;1;1;1;1;1;1;3;3;;;;;250000;;1;;;;;;;;;;2
20230309;03;2023;7371307;1;1;01;70;1;180.9024961;70;2;1;4;1;1;1;1;1;3;1;1;3;2;1;1;1;1;1;3;3;;;;;300000;;;;;;;;;1;;;4
20230309;03;2023;7371308;1;1;01;70;1;162.74865445;70;1;1;4;1;2;1;1;1;3;1;1;4;3;1;1;1;1;1;3;1;;;130000000;600000;;;;;;;;;;1;;;7
20230309;03;2023;7371309;1;1;01;70;1;161.53672361;70;2;1;2;1;1;1;1;1;3;1;1;2;2;1;1;1;1;1;3;3;;;;;500000;;;;;;;;;1;;;3
20230309;03;2023;7371310;1;1;01;70;1;180.9024961;70;1;1;2;1;1;1;1;1;3;1;1;2;1;1;1;1;1;1;3;4;;;;280000;;;1;;;;;;;;;;4
20230309;03;2023;7371311;1;1;01;70;1;141.7053157;70;1;1;4;1;2;1;1;1;3;1;1;4;3;1;1;1;1;1;3;3;;;;;500000;1;1;;;;;;;;;;4
20230309;03;2023;7371312;1;1;01;70;1;139.01519411;70;1;1;4;1;1;1;1;1;3;1;1;4;2;1;1;1;1;1;3;1;;;120000000;400000;;;1;;;;;;;;;;3
20230309;03;2023;7371313;1;1;01;70;1;142.4004673;70;2;1;4;1;2;1;1;1;3;1;1;3;2;1;1;1;1;1;3;3;;;;;500000;;1;;;;;;;;;;2
20230309;03;2023;7371314;1;1;01;70;1;147.55619599;70;2;1;2;1;2;1;1;1;3;1;1;2;1;1;1;1;1;1;3;4;;;;250000;;;;;;;;;;1;;;1
20230309;03;2023;7371315;1;1;01;70;1;179.2985491;70;2;1;4;1;3;1;1;1;3;1;1;2;1;1;1;1;1;1;3;4;;;;400000;;;;;;;;;;1;;;2
20230309;03;2023;7371316;1;1;01;70;1;185.42365919;70;2;1;4;1;3;1;1;1;3;1;1;6;3;1;1;1;1;1;3;1;;;200000000;1200000;;;1;;;;;1;;;;;3
20230309;03;2023;7371317;1;1;01;70;1;220.27735037;70;2;1;4;1;3;1;1;1;3;1;1;2;2;1;1;1;1;1;3;3;;;;;400000;;;;;;;;;1;;;3
20230309;03;2023;7371318;1;1;01;70;1;156.75371631;70;1;1;4;1;3;1;1;1;3;1;1;3;2;1;1;1;1;1;3;3;;;;;450000;;1;;;;;;;;;;3
20230309;03;2023;7371319;1;1;01;70;1;163.47127882;70;2;1;4;1;3;1;1;1;3;1;1;5;1;1;1;1;1;1;3;1;;;300000000;900000;;;1;;;;1;1;;;;;2
20230309;03;2023;7371320;1;1;01;70;1;300.48041349;70;2;1;4;1;3;1;1;1;3;1;1;4;3;1;1;1;1;1;3;3;;;;;600000;;1;;;;;;;;;;9
20230309;03;2023;7371321;1;1;01;70;1;167.35602991;70;2;1;4;1;3;1;1;1;3;1;1;4;2;1;1;1;1;1;3;3;;;;;700000;;1;;;;;;;;;;2
20230309;03;2023;7371322;1;1;01;70;1;197.07047994;70;1;1;4;1;3;1;1;1;3;1;1;5;1;1;1;1;1;1;3;1;;;200000000;1000000;;;1;;;;;;;;;;1
20230309;03;2023;7371323;1;1;01;70;1;210.00972569;70;1;1;4;1;3;1;1;1;3;1;1;5;2;1;1;1;1;1;3;1;;;250000000;1000000;;;1;;;;;;;;;;2
20230309;03;2023;7371324;1;1;01;70;1;180.60825227;70;2;1;4;1;3;1;1;1;3;1;1;4;2;1;1;1;1;1;3;3;;;;;1000000;;1;;;;1;1;;;;;3
20230309;03;2023;7371325;1;1;01;70;1;167.35602991;70;2;1;4;1;3;1;1;1;3;1;1;3;2;1;1;1;1;1;3;3;;;;;500000;;1;;;;;;;;;;2
20230309;03;2023;7371326;1;1;01;70;1;107.96565385;70;2;1;4;1;3;1;1;1;3;1;1;3;2;1;1;1;1;1;3;4;;;;600000;;;1;;;;;;;;;;2
20230309;03;2023;7371327;1;1;01;70;1;78.664015718;70;1;1;4;1;3;1;1;1;3;1;1;4;3;1;1;1;1;1;3;1;;;99;1000000;;1;1;;;;;1;;;;;3
20230309;03;2023;7371330;1;1;01;70;1;89.559143525;70;1;1;4;1;3;1;1;1;3;1;1;5;3;1;1;1;1;1;3;1;;;120000000;1000000;;1;1;;;;;1;;;;;4
20230309;03;2023;7371334;1;1;01;70;1;99.840988438;70;2;1;4;1;3;1;1;1;3;1;1;4;1;1;1;1;1;1;3;3;;;;;1000000;;1;;;;1;;;;;;2
20230309;03;2023;7371335;1;1;01;70;1;95.267342595;70;1;1;4;1;3;1;1;1;3;1;1;3;2;1;1;1;1;1;3;4;;;;600000;;;;;;;;;;1;;;5
20230309;03;2023;7371336;1;1;01;70;1;131.15409228;70;1;1;4;1;3;1;1;1;3;1;1;3;2;1;1;1;1;1;3;4;;;;600000;;;1;;;;;;;;;;5
20230309;03;2023;7371337;1;1;01;70;1;93.624412661;70;1;1;4;1;3;1;1;1;3;1;1;4;3;1;1;1;1;1;3;1;;;10000000;600000;;1;1;;;;;1;;;;;4
20230309;03;2023;7371340;1;1;01;70;1;131.48560267;70;1;1;4;1;3;1;1;1;3;1;1;4;2;1;1;1;1;1;3;1;;;200000000;800000;;;1;;;;1;;;;;;2
20230309;03;2023;7371342;1;1;01;70;1;144.51835195;70;1;1;4;1;3;1;1;1;3;1;1;3;1;1;1;1;1;1;3;4;;;;600000;;;1;;;;;;;;;;1
20230309;03;2023;7371343;1;1;01;70;1;141.86401157;70;2;1;4;1;3;1;1;1;3;1;1;5;3;1;1;1;1;1;3;3;;;;;600000;1;1;;;;;1;;;;;3
20230309;03;2023;7371344;1;1;01;70;1;169.86692328;70;1;1;4;1;3;1;1;1;3;1;1;4;3;1;1;1;1;1;3;1;;;120000000;600000;;1;1;;;;1;;;;;;4
20230309;03;2023;7371345;1;1;01;70;1;93.624412661;70;1;1;4;1;2;1;1;1;3;1;1;3;2;1;1;1;1;1;3;1;;;80000000;500000;;;1;;;;;;;;;;4
20230309;03;2023;7371346;1;1;01;73;1;162.20991707;73;2;1;4;1;2;1;1;1;3;1;1;4;3;1;1;1;1;1;3;3;;;;;500000;;1;;;;;;;;;;3
20230309;03;2023;7371347;1;1;01;73;1;207.43502436;73;2;1;4;1;2;1;1;1;3;1;1;3;1;1;1;1;1;3;3;1;;;98;400000;;;;;;;;;;1;;;2
20230309;03;2023;7371348;1;1;01;73;1;348.44653915;73;2;1;4;1;2;1;1;1;3;1;1;1;1;1;1;1;1;2;3;1;;;200000000;500000;;;;;;;;;;1;;;2
20230309;03;2023;7371349;1;1;01;73;1;332.70876626;73;2;1;2;1;1;2;1;1;3;1;1;2;1;1;1;1;1;1;4;3;;;;;160000;;;;;;;;;1;;;1
20230309;03;2023;7371350;1;1;01;73;1;505.60891777;73;2;1;4;1;2;1;1;1;3;1;1;4;3;1;1;1;1;3;3;3;;;;;550000;;1;;;;;;;;;;4
20230309;03;2023;7371351;1;1;01;73;1;452.52872955;73;1;1;4;1;2;1;1;1;3;1;1;2;1;1;1;1;1;1;3;3;;;;;270000;;;;;;;;;1;;;1
20230309;03;2023;7371352;1;1;01;73;1;349.58246099;73;2;1;4;1;2;1;1;1;3;1;1;2;2;1;1;1;1;1;3;3;;;;;350000;;1;;;;;;;;;;4
20230309;03;2023;7371353;1;1;01;73;1;361.88444742;73;2;1;4;1;1;1;1;1;2;1;1;3;2;1;1;1;1;1;3;3;;;;;350000;;1;;;;;1;;;;;4
20230309;03;2023;7371355;1;1;01;73;1;290.6709081;73;2;1;2;1;2;1;1;1;3;1;1;3;2;1;1;1;1;1;3;3;;;;;300000;;;;;;;;;1;;;3
20230309;03;2023;7371356;1;1;01;73;1;323.09100981;73;2;1;4;1;1;1;1;1;2;1;1;2;1;1;1;1;1;1;3;3;;;;;300000;;1;;;;;;;;;;1
20230309;03;2023;7371357;1;1;01;73;1;303.28629792;73;1;1;2;1;2;1;1;1;3;1;1;3;2;1;1;1;1;1;3;1;;;99;250000;;;;;;;;;;1;;;2
20230309;03;2023;7371358;1;1;01;73;1;361.39180649;73;1;1;2;1;1;1;1;1;2;1;1;5;3;1;1;1;1;1;3;3;;;;;400000;;1;;;;1;1;;;;;6
20230309;03;2023;7371359;1;1;01;73;1;229.99177132;73;1;1;4;1;2;1;1;1;3;1;1;4;3;1;1;1;1;1;3;4;;;;500000;;;1;;;;;;;;;;4
20230309;03;2023;7371361;1;1;01;73;1;222.78337455;73;1;1;4;1;2;1;1;1;3;1;1;4;3;1;1;1;1;1;3;1;;;99;500000;;;1;;;;;;;;;;1
20230309;03;2023;7371363;1;1;01;73;1;304.65909282;73;1;1;2;1;2;1;1;1;3;1;1;3;1;1;1;1;1;1;3;3;;;;;1000000;;;;;;;;;1;;;2
20230309;03;2023;7371364;1;1;01;73;1;278.13355506;73;1;1;2;1;2;1;1;1;3;1;1;3;2;1;1;1;1;1;4;4;;;;600000;;;;;;;;;;1;;;4
20230309;03;2023;7371365;1;1;01;73;1;312.51250409;73;2;1;4;1;2;1;1;1;3;1;1;4;3;1;1;1;1;1;3;3;;;;;550000;;1;;;;;;;;;;4
20230309;03;2023;7371366;1;1;01;73;1;308.29064502;73;1;1;4;1;2;1;1;1;3;1;1;4;3;1;1;1;1;1;3;1;;;110000000;700000;;;1;;;;;;;;;;4
20230309;03;2023;7371367;1;1;01;73;1;314.37571683;73;2;1;4;1;2;1;1;1;3;1;1;3;2;1;1;1;1;1;3;3;;;;;500000;;1;;;;;;;;;;2
20230309;03;2023;7371368;1;1;01;73;1;449.68215453;73;1;1;4;1;2;1;1;1;3;1;1;2;2;1;1;1;1;1;3;3;;;;;800000;;1;;;;;;;;;;3
20230309;03;2023;7371369;1;1;01;73;1;246.64643815;73;2;1;4;1;2;1;1;1;3;1;1;3;2;1;1;1;1;1;3;2;;1000000;99;99;;;1;;1;;;;;;;;2
20230309;03;2023;7371371;1;1;01;73;1;310.76263917;73;2;1;4;1;2;1;1;1;3;1;1;3;2;1;1;1;1;1;3;3;;;;;650000;;;;;;;;;1;;;3
20230309;03;2023;7371372;1;1;01;73;1;144.26058635;73;2;1;4;1;1;1;1;1;3;1;1;6;2;1;1;1;1;1;3;3;;;;;350000;;1;;;;;;;;;;3
20230309;03;2023;7371373;1;1;01;73;1;228.67563361;73;2;1;4;1;2;1;1;1;3;1;1;4;2;1;1;1;1;1;3;1;;;98;500000;;;1;;;;;;;;;;3
20230309;03;2023;7371374;1;1;01;73;1;190.58613495;73;2;1;4;1;2;1;1;1;3;1;1;3;2;1;1;1;1;1;3;4;;;;500000;;;1;;;;;;;;;;5
20230309;03;2023;7371375;1;1;01;73;1;449.68215453;73;2;1;4;1;2;1;1;1;3;1;1;3;2;1;1;1;1;1;3;3;;;;;450000;;;;;;;;;1;;;3
20230309;03;2023;7371376;1;1;01;73;1;403.86376226;73;2;1;2;1;2;1;1;1;3;1;1;1;1;1;1;1;1;1;3;3;;;;;450000;;1;;;;;;;;;;1
20230309;03;2023;7371377;1;1;01;73;1;293.2006439;73;2;1;2;1;1;2;1;1;3;1;1;3;2;1;1;1;1;1;4;3;;;;;180000;;;;;;;;;;1;;4
20230309;03;2023;7371378;1;1;01;73;1;282.91180262;73;1;1;2;1;1;2;1;1;3;1;1;3;2;1;1;1;1;1;4;3;;;;;250000;;;;;;;;;1;;;5
20230309;03;2023;7371379;1;1;01;73;1;463.46870268;73;2;1;4;1;4;1;1;1;3;1;1;4;2;1;1;1;1;1;3;3;;;;;1000000;;1;;;;;;;;;;1
20230309;03;2023;7371380;1;1;01;73;1;427.84534431;73;2;1;4;1;4;1;1;1;3;1;1;3;2;1;1;1;1;1;3;4;;;;1200000;;;;;;;;;;1;;;1
20230309;03;2023;7371381;1;1;01;73;1;381.83482978;73;2;1;4;1;4;1;1;1;3;1;1;3;2;1;1;1;1;1;3;3;;;;;1100000;;1;;;;;;;;;;1
20230309;03;2023;7371382;1;1;01;73;1;406.537167;73;2;1;4;1;2;1;1;1;3;1;1;2;2;1;1;1;1;1;3;3;;;;;150000;;;;;;;;;1;;;2
20230309;03;2023;7371383;1;1;01;73;1;207.66776912;73;1;1;4;1;2;1;1;1;3;1;1;4;3;1;1;1;1;1;3;3;;;;;380000;;1;;;;;;;;;;3
20230309;03;2023;7371384;1;1;01;73;1;204.74385616;73;2;1;4;1;2;1;1;1;3;1;1;4;1;1;1;1;1;1;3;1;;;85000000;650000;;;1;;;;;;;;;;1
20230309;03;2023;7371385;1;1;01;73;1;187.90423584;73;2;1;4;1;2;1;1;1;3;1;1;3;2;1;1;1;1;1;3;3;;;;;270000;;1;;;;;;;;;;4
20230309;03;2023;7371387;1;1;01;73;1;264.34718984;73;2;1;4;1;2;1;1;1;3;1;1;2;1;1;1;1;1;1;3;3;;;;;300000;;;;;;;;;1;;;1
20230309;03;2023;7371388;1;1;01;73;1;490.20728168;73;2;1;4;1;2;1;1;1;3;1;1;2;1;1;1;1;1;1;3;3;;;;;350000;;1;;;;;;;;;;1
20230309;03;2023;7371389;1;1;01;73;1;262.00815343;73;2;1;4;1;1;2;1;1;3;1;1;2;1;1;1;1;1;3;4;1;;;98;400000;;;;;;;;;;1;;;1
20230309;03;2023;7371390;1;1;01;73;1;392.16582534;73;3;1;4;1;3;2;1;1;3;1;1;1;1;1;2;1;1;6;;3;;;;;220000;;;;;;;;;1;;;1
20230309;03;2023;7371391;1;1;01;73;1;339.98384722;73;3;1;4;1;2;1;1;1;3;1;1;1;1;1;2;1;1;6;;3;;;;;200000;;;;;;;;;1;;;2
20230309;03;2023;7371392;1;1;01;73;1;300.28866454;73;2;1;4;1;2;1;1;1;3;1;1;3;2;1;1;1;1;1;3;3;;;;;500000;;1;;;;;;;;;;3
20230309;03;2023;7371393;1;1;01;73;1;300.45661878;73;1;1;4;1;2;1;1;1;3;1;1;3;1;1;1;1;1;1;3;3;;;;;500000;;1;;;;;;;;;;2
20230309;03;2023;7371394;1;1;01;73;1;337.84512343;73;3;1;4;1;2;1;1;1;3;1;1;1;1;1;1;1;1;1;3;3;;;;;300000;;1;;;;1;1;;;;;1
20230309;03;2023;7371397;1;1;01;73;1;362.02298364;73;3;1;4;1;2;2;1;1;3;1;1;1;1;1;1;1;1;6;;3;;;;;280000;;1;;;;;;;;;;1
20230309;03;2023;7371398;1;1;01;73;1;266.01930175;73;2;1;4;1;1;2;1;1;3;1;1;3;2;1;1;1;1;1;4;4;;;;250000;;;1;;;;;1;;;;;3
20230309;03;2023;7371399;1;1;01;73;1;342.12257101;73;2;1;4;1;2;1;1;1;3;1;1;2;1;1;1;1;1;1;3;3;;;;;450000;;;;;;;;;1;;;3
20230309;03;2023;7371400;1;1;01;73;1;254.43417023;73;2;1;2;1;1;2;1;1;3;1;1;3;1;1;1;1;1;1;4;1;;;65000000;350000;;;1;;;;;;;;;;1
20230309;03;2023;7371401;1;1;01;73;1;256.11841521;73;2;1;2;1;2;2;1;1;3;1;1;1;1;1;2;1;1;5;4;4;;;;250000;;;1;;;;;;;;;;2
20230309;03;2023;7371402;1;1;01;73;1;261.97442049;73;2;1;4;1;1;2;1;1;3;1;1;3;2;1;1;1;1;1;4;3;;;;;300000;;;;;;;;;1;;;3
20230309;03;2023;7371404;1;1;01;73;1;317.87288874;73;2;1;4;1;2;1;1;1;3;1;1;2;1;1;1;1;1;1;3;3;;;;;500000;;1;;;;;;;;;;2
20230309;03;2023;7371405;1;1;01;73;1;295.74112556;73;1;1;4;1;2;1;1;1;3;1;1;3;1;1;1;1;1;1;3;1;;;98;500000;;;;;;;;;;1;;;1
20230309;03;2023;7371406;1;1;01;73;1;290.99418435;73;1;1;4;1;1;1;1;1;3;1;1;3;2;1;1;1;1;1;3;3;;;;;400000;;1;;;;;;;;;;3
20230309;03;2023;7371407;1;1;01;73;1;269.54974439;73;1;1;4;1;2;1;1;1;3;1;1;3;2;1;1;1;1;1;3;1;;;98;98;;;1;;;;;;;;;;4
20230309;03;2023;7371408;1;1;01;73;1;368.33762572;73;1;1;4;1;1;1;1;1;3;1;1;2;2;1;1;1;1;1;3;3;;;;;400000;;1;;;;;;;;;;2
20230309;03;2023;7371409;1;1;01;73;1;269.0275436;73;1;1;4;1;2;1;1;1;3;1;1;4;3;1;1;1;1;1;3;3;;;;;500000;;1;;;;;;;;;;4
20230309;03;2023;7371410;1;1;01;73;1;265.02216956;73;1;1;2;1;2;1;1;1;3;1;1;4;2;1;1;1;1;1;3;1;;;40000000;350000;;;;;;;;;;1;;;2
20230309;03;2023;7371411;1;1;01;73;1;348.59184475;73;2;1;4;1;2;1;1;1;3;1;1;2;1;1;1;1;1;1;3;3;;;;;450000;;1;;;;;;;;;;1
20230309;03;2023;7371412;1;1;01;73;1;252.17205019;73;1;1;2;1;2;1;1;1;3;1;1;3;2;1;1;1;1;1;3;3;;;;;250000;;1;;;;;;;;;;4
20230309;03;2023;7371414;1;1;01;73;1;239.05728253;73;1;1;2;1;2;1;1;1;3;1;1;4;3;1;1;1;1;1;3;4;;;;320000;;;1;;;;1;;;;;;4
20230309;03;2023;7371415;1;1;01;73;1;225.29424652;73;1;1;4;1;2;1;1;1;3;1;1;4;3;1;1;1;1;1;3;2;;750000;200000000;700000;;;1;;1;;;1;;;;;4
20230309;03;2023;7371416;1;1;01;73;1;240.74219936;73;1;1;4;1;2;1;1;1;3;1;1;4;3;1;1;1;1;1;3;4;;;;99;;;1;;;;;;;;;;4
20230309;03;2023;7371417;1;1;01;73;1;279.2847377;73;2;1;4;1;2;1;1;1;3;1;1;5;4;1;1;1;1;1;3;3;;;;;600000;;1;;;;;;;;;;6
20230309;03;2023;7371418;1;1;01;73;1;242.81500838;73;1;1;4;1;2;1;1;1;3;1;1;4;3;1;1;1;1;3;3;1;;;98;98;;;1;;;;1;;;;;;4
20230309;03;2023;7371420;1;1;01;73;1;270.88047268;73;2;1;4;1;2;1;1;1;3;1;1;6;5;1;1;1;1;1;3;1;;;98;600000;;;;;;;1;1;;;;;6
20230309;03;2023;7371421;1;1;01;73;1;187.47625584;73;2;1;4;1;2;1;1;1;3;1;1;3;2;1;1;1;1;1;3;3;;;;;500000;;1;;;;;1;;;;;6
20230309;03;2023;7371422;1;1;01;73;1;263.8310572;73;1;1;4;1;2;1;1;1;3;1;1;3;2;1;1;1;1;1;3;3;;;;;600000;;1;;;;;;;;;;3
20230309;03;2023;7371423;1;1;01;73;1;265.45200774;73;1;1;4;1;3;1;1;1;3;1;1;4;2;1;1;1;1;1;3;1;;;230000000;1000000;;;1;;;;;1;;;;;2
20230309;03;2023;7371426;1;1;01;73;1;386.8899951;73;2;1;4;1;3;1;1;1;3;1;1;3;2;1;1;1;10;3;3;4;;;;1400000;;;1;;;;;;;;;;3
20230309;03;2023;7371427;1;1;01;73;1;316.37083772;73;1;1;4;1;3;1;1;1;3;1;1;4;2;1;1;1;1;1;3;4;;;;800000;;;1;;;;;;;;;;3
20230309;03;2023;7371428;1;1;01;73;1;378.61193423;73;2;1;4;1;3;1;1;1;3;1;1;4;3;1;1;1;1;3;3;1;;;98;98;;;1;;;;;;;;;;3
20230309;03;2023;7371429;1;1;01;73;1;265.45200774;73;1;1;4;1;3;1;1;1;3;1;1;4;2;1;1;1;1;1;3;1;;;98;98;;;1;;;;;;;;;;2
20230309;03;2023;7371430;1;1;01;73;1;398.36953542;73;2;1;4;1;4;1;1;1;3;1;1;8;3;1;1;1;1;1;3;5;;;;99;;;1;;;;;;;;;;2
20230309;03;2023;7371431;1;1;01;73;1;237.64911876;73;1;1;2;1;2;1;1;1;3;1;1;3;1;1;1;1;1;1;3;1;;;98;600000;;;;;;;;;;1;;;1
20230309;03;2023;7371432;1;1;01;73;1;393.20126921;73;2;1;4;1;4;1;1;1;3;1;1;4;1;1;1;1;1;1;3;1;;;250000000;1200000;;;1;;;;;;;;;;1
20230309;03;2023;7371433;1;1;01;73;1;257.87802453;73;1;1;4;1;3;1;1;1;3;1;1;3;2;1;1;1;1;1;3;1;;;98;98;;;1;;;;;;;;;;2
20230309;03;2023;7371434;1;1;01;73;1;448.87936769;73;2;1;4;1;4;1;1;1;3;1;1;4;2;1;1;1;1;1;3;1;;;225000000;900000;;;1;;;;;;;;;;3
20230309;03;2023;7371435;1;1;01;73;1;222.9577468;73;1;1;4;1;2;1;1;1;3;1;1;3;2;1;1;1;1;1;3;1;;;120000000;500000;;;1;;;;;;;;;;3
20230309;03;2023;7371436;1;1;01;73;1;255.43357131;73;1;1;4;1;2;1;1;1;3;1;1;3;2;1;1;1;1;1;3;3;;;;;550000;;1;;;;1;;;;;;2
20230309;03;2023;7371437;1;1;01;73;1;223.76658667;73;2;1;4;1;2;1;1;1;3;1;1;3;2;1;1;1;1;1;3;3;;;;;450000;;1;;;;;1;;;;;3
20230309;03;2023;7371438;1;1;01;73;1;279.46794832;73;1;1;4;1;3;1;1;1;3;1;1;4;3;1;1;1;1;1;3;3;;;;;600000;;1;;;;;;;;;;4
20230309;03;2023;7371439;1;1;01;73;1;269.46315606;73;1;1;4;1;3;1;1;1;3;1;1;4;3;1;1;1;1;1;3;1;;;98;1000000;;;1;;;;;1;;;;;4
20230309;03;2023;7371440;1;1;01;73;1;263.65866547;73;1;1;4;1;3;1;1;1;3;1;1;4;3;1;1;1;1;1;3;3;;;;;1000000;;1;;;;;;;;;;4
20230309;03;2023;7371441;1;1;01;73;1;265.97222389;73;1;1;4;1;2;1;1;1;3;1;1;4;1;1;1;1;1;1;3;1;;;170000000;700000;;;1;;;;;1;;;;;2
20230309;03;2023;7371442;1;1;01;73;1;453.35593449;73;2;1;4;1;3;1;1;1;3;1;1;4;1;1;1;1;1;1;3;4;;;;800000;;;1;;;;1;;;;;;2
20230309;03;2023;7371444;1;1;01;73;1;308.83058746;73;1;1;4;1;3;1;1;1;3;1;1;4;1;1;1;1;1;1;3;3;;;;;800000;;1;;;1;;;;;;;1
20230309;03;2023;7371446;1;1;01;73;1;393.20126921;73;2;1;4;1;4;1;1;1;3;1;1;4;1;1;1;1;1;1;3;3;;;;;1400000;;1;;;;;1;;;;;1
20230309;03;2023;7371448;1;1;01;73;1;293.02931603;73;2;1;4;1;3;1;1;1;3;1;1;4;3;1;1;1;1;1;3;3;;;;;600000;;1;;;;;;;;;;3
20230309;03;2023;7371450;1;1;01;73;1;447.00874979;73;2;1;4;1;3;1;1;1;3;1;1;3;1;1;1;1;1;1;3;3;;;;;650000;;1;;;;;;;;;;2
20230309;03;2023;7371452;1;1;01;73;1;369.50904155;73;2;1;4;1;3;1;1;1;9;1;1;4;3;1;1;1;1;1;3;2;;700000;140000000;700000;;;1;;;;;;;;;;5
20230309;03;2023;7371453;1;1;01;73;1;477.78786892;73;2;1;4;1;3;1;1;1;3;1;1;4;3;1;1;1;1;1;3;1;;;160000000;700000;;;1;;;;1;1;;;;;5
20230309;03;2023;7371454;1;1;01;73;1;447.00874979;73;2;1;4;1;3;1;1;1;3;1;1;4;1;1;1;1;1;1;3;3;;;;;500000;;;;;;1;1;;;;;2
20230309;03;2023;7371455;1;1;01;73;1;467.72780421;73;2;1;4;1;3;1;1;1;3;1;1;4;1;1;1;1;1;1;3;4;;;;700000;;;1;;;;;;;;;;1
20230309;03;2023;7371457;1;1;01;73;1;495.08702421;73;2;1;4;1;3;1;1;1;3;1;1;4;1;1;1;1;1;1;3;3;;;;;900000;;1;;;;;1;;;;;2
20230309;03;2023;7371459;1;1;01;73;1;490.20728168;73;2;1;4;1;3;1;1;1;9;1;1;4;1;1;1;1;1;1;3;3;;;;;650000;;1;;;;;1;;;;;1
20230309;03;2023;7371460;1;1;01;73;1;542.93179819;73;2;1;4;1;3;1;1;1;3;1;1;4;1;1;1;1;1;1;3;3;;;;;850000;;1;;;;1;1;;;;;1
20230309;03;2023;7371461;1;1;01;73;1;431.63126676;73;2;1;4;1;3;1;1;1;3;1;1;3;2;1;1;1;1;1;3;3;;;;;600000;;1;;;;;;;;;;2
20230309;03;2023;7371462;1;1;01;73;1;490.20728168;73;2;1;4;1;3;1;1;1;3;1;1;3;1;1;1;1;1;1;3;3;;;;;650000;;1;;;;;;;;;;1
20230309;03;2023;7371463;1;1;01;73;1;220.04136233;73;2;1;4;1;2;1;1;1;3;1;1;4;3;1;1;1;1;1;3;4;;;;600000;;;1;;;;;1;;;;;4
20230309;03;2023;7371464;1;1;01;;1;275.92155343;76;2;1;2;1;1;2;1;1;3;1;1;1;1;1;1;1;2;3;6;3;;;;;200000;;;;;;;;;1;;;2
20230309;03;2023;7371469;1;1;01;;1;1366.4686455;76;1;1;4;1;3;2;1;1;3;1;1;5;4;1;1;1;1;1;4;1;;;98;400000;;;1;;;;;;;;;;7
20230309;03;2023;7371472;1;1;01;;1;341.61716138;76;2;1;4;1;9;2;1;1;3;1;1;2;1;1;1;1;1;1;4;3;;;;;200000;;;;;;;;1;;;CUENTA NEQUI;1
20230309;03;2023;7371474;1;1;01;;1;309.15580216;76;2;1;4;1;1;2;2;1;3;1;1;3;2;5;1;1;2;1;1;3;;;;;200000;;;;;;;;;1;;;2
20230309;03;2023;7371475;1;1;01;;1;515.78863967;76;1;5;3;1;1;1;2;1;3;1;1;3;2;5;1;1;2;1;3;3;;;;;200000;;1;;;;;;;;;;3
20230309;03;2023;7371479;1;1;01;;1;420.45189093;76;2;1;4;1;3;2;1;1;7;1;1;2;1;1;1;1;1;1;4;3;;;;;678000;;1;;;;;1;;;;;1
20230309;03;2023;7371483;1;1;01;;1;420.45189093;76;2;1;4;1;9;2;1;1;7;1;1;3;1;1;1;1;1;1;4;3;;;;;1000000;;1;;;1;;1;;;;;1
20230309;03;2023;7371484;1;1;01;;1;341.61716138;76;2;1;4;1;2;1;1;1;3;1;1;3;2;1;1;1;1;1;3;4;;;;500000;;;;;;;;;;1;;;2
20230309;03;2023;7371485;1;1;01;;1;460.34136091;76;2;1;4;1;2;1;1;1;3;1;1;6;2;1;1;1;2;1;1;4;;;;1000000;;;1;;;;;1;;;;;3
20230309;03;2023;7371486;1;1;01;;1;420.45189093;76;2;1;4;1;3;1;1;1;7;1;1;3;1;1;1;1;1;1;3;1;;;98;98;;;1;;;;1;;;;;;2
20230309;03;2023;7371487;1;1;01;;1;275.92155343;76;2;1;4;1;1;1;1;1;3;1;1;2;1;1;1;1;5;1;3;4;;;;300000;;;1;;;;;;;;;;2
20230309;03;2023;7371491;1;1;01;76;1;513.07681242;76;2;1;4;1;5;1;1;1;3;1;1;5;1;1;1;1;1;1;3;1;;;550000000;3000000;;;1;;;;1;1;;;;;2
20230309;03;2023;7371492;1;1;01;76;1;851.36696133;76;2;1;4;1;3;1;1;1;3;1;1;2;1;1;1;1;1;3;3;3;;;;;655000;;1;;;;1;;;;;;2
20230309;03;2023;7371495;1;1;01;76;1;1451.3348889;76;2;1;4;1;1;1;1;1;3;1;1;4;3;1;1;1;1;1;3;3;;;;;520000;;1;;;;;1;;;;;3
20230309;03;2023;7371496;1;1;01;76;1;1299.3785736;76;2;1;4;1;5;1;1;1;3;1;1;5;3;1;1;1;1;1;3;3;;;;;1000000;;1;;;;;;;;;;4
20230309;03;2023;7371497;1;1;01;76;1;1553.5436932;76;1;1;4;1;3;2;1;1;3;1;1;4;3;1;1;1;1;1;1;1;;;180000000;650000;;;1;;;;;;;;;;4
20230309;03;2023;7371498;1;1;01;76;1;888.03758839;76;2;1;4;1;1;1;1;1;3;1;1;3;2;1;1;1;1;1;3;3;;;;;400000;;;;;;;;;1;;;3
20230309;03;2023;7371499;1;1;01;76;1;1227.1031643;76;1;1;4;1;3;1;1;1;3;1;1;5;4;1;1;1;1;1;3;3;;;;;700000;;1;;;;;1;;;;;7
20230309;03;2023;7371501;1;1;01;76;1;1145.7468045;76;2;1;4;1;2;1;1;1;3;1;1;4;3;1;1;1;1;1;3;3;;;;;500000;;;;;;;;;1;;;6
20230309;03;2023;7371502;1;1;01;76;1;215.4098516;76;1;1;2;1;1;1;1;1;3;1;1;4;2;1;1;1;1;1;3;1;;;98;450000;;;1;;;;;;;;;;4
20230309;03;2023;7371505;1;1;01;76;1;2014.9997915;76;1;1;2;1;1;1;1;1;3;1;1;4;4;1;1;1;1;1;3;3;;;;;300000;;1;;;;;;;;;;7
20230309;03;2023;7371506;1;1;01;76;1;1456.1668189;76;2;1;2;1;1;1;1;1;3;1;1;3;2;1;1;1;1;1;3;3;;;;;450000;;;;;;;;;1;;;3
20230309;03;2023;7371507;1;1;01;76;1;1456.1668189;76;2;1;2;1;1;1;1;1;3;1;1;3;2;1;1;1;1;1;3;3;;;;;400000;;;;;;;;;1;;;3
20230309;03;2023;7371508;1;1;01;76;1;200.58895719;76;2;1;4;1;1;1;1;1;3;1;1;5;4;1;1;1;1;1;3;3;;;;;450000;;1;;;;;;;;;;5
20230309;03;2023;7371509;1;1;01;76;1;651.02292978;76;2;1;4;1;4;1;1;1;3;1;1;4;1;1;1;1;1;1;3;2;;490000;180000000;1000000;;;1;;1;;;1;;;;;1
20230309;03;2023;7371510;1;1;01;76;1;1146.0365943;76;2;1;4;1;1;1;1;1;3;1;1;3;2;1;1;1;1;1;3;1;;;70000000;400000;;;;;;;;;;1;;;3
20230309;03;2023;7371511;1;1;01;76;1;179.02625964;76;2;1;2;1;1;1;1;1;3;1;1;2;1;1;1;1;1;1;3;3;;;;;200000;;;;;;;;;1;;;3
20230309;03;2023;7371512;1;1;01;76;1;1236.2096903;76;2;1;4;1;1;1;1;1;3;1;1;3;2;1;1;1;1;1;4;3;;;;;400000;;;;;;;;;1;;;2
20230309;03;2023;7371514;1;1;01;76;1;466.3314625;76;2;1;4;1;4;1;1;1;3;1;1;3;1;1;1;1;1;1;3;3;;;;;961000;;1;;;1;;;;;;;1
20230309;03;2023;7371518;1;1;01;76;1;666.14024472;76;2;1;4;1;4;1;1;1;3;1;1;4;3;1;1;1;1;1;3;3;;;;;860000;;1;;;;;1;;;;;3
20230309;03;2023;7371519;1;1;01;76;1;181.74897387;76;1;1;4;1;1;1;1;1;3;1;1;4;2;1;1;1;1;1;3;3;;;;;350000;;;;;;;;;1;;;4
20230309;03;2023;7371521;1;1;01;76;1;1257.5338344;76;2;1;4;1;4;1;1;1;3;1;1;4;3;1;1;1;1;1;3;2;;600000;185000000;600000;;;1;;1;;;1;;;;;4
20230309;03;2023;7371522;1;1;01;76;1;651.02292978;76;2;1;4;1;4;1;1;1;3;1;1;3;1;1;1;1;1;1;3;3;;;;;850000;;;;;;;;;1;;;1
20230309;03;2023;7371524;1;1;01;76;1;1914.4002383;76;1;1;2;1;2;1;1;1;3;1;1;4;3;1;1;1;1;1;3;4;;;;500000;;;1;;;;;;;;;;3
20230309;03;2023;7371525;1;1;01;76;1;127.73356116;76;2;1;2;1;3;1;1;1;3;1;1;4;3;1;1;1;1;1;3;2;;1600000;98;600000;;;1;;1;;;;;;;;3
20230309;03;2023;7371526;1;1;01;76;1;254.11319746;76;1;1;4;1;3;1;1;1;3;1;1;8;5;1;1;1;1;1;3;4;;;;1000000;;;1;;;;;1;;;;;5
20230309;03;2023;7371527;1;1;01;76;1;1512.3213196;76;2;1;4;1;2;1;1;1;3;1;1;5;3;1;1;1;1;1;3;3;;;;;500000;;1;;;;;;;;;;5
20230309;03;2023;7371528;1;1;01;76;1;151.97647593;76;1;1;4;1;3;1;1;1;3;1;1;6;2;1;1;1;1;1;3;1;;;98;1500000;;;1;;;;;;;;;;2
20230309;03;2023;7371529;1;1;01;76;1;1105.6713783;76;2;1;4;1;6;1;1;1;3;1;1;2;1;1;1;1;1;1;3;3;;;;;1800000;1;1;;;;;1;;;;;2
20230309;03;2023;7371530;1;1;01;76;1;195.48851168;76;1;1;4;1;3;1;1;1;3;1;1;4;3;1;1;1;1;1;3;1;;;98;500000;;;1;;;;;1;;;;;5
20230309;03;2023;7371531;1;1;01;76;1;589.44274614;76;1;1;2;1;2;1;1;1;3;1;2;5;4;1;1;1;1;1;3;1;;;120000000;1000000;;;1;;;;;;;;;;5
20230309;03;2023;7371531;2;2;01;76;1;589.44274614;76;1;1;2;1;2;1;1;1;3;1;2;6;2;1;1;1;1;1;3;4;;;;300000;;;;;;;;;;1;;;2
20230309;03;2023;7371533;1;1;01;76;1;200.56146958;76;2;1;4;1;2;1;1;1;3;1;1;4;2;1;1;1;1;1;3;2;;405000;170000000;550000;;;1;;1;;;;;;;;2
20230309;03;2023;7371534;1;1;01;76;1;322.92753068;76;2;1;4;1;2;1;1;1;3;1;1;4;3;1;1;1;1;1;3;1;;;98;500000;;;1;;;;;;;;;;4
20230309;03;2023;7371535;1;1;01;76;1;272.6234608;76;2;1;4;1;2;1;1;1;3;1;1;4;3;1;1;1;1;1;3;2;;350000;150000000;500000;;;1;;1;;1;;;;;;4
20230309;03;2023;7371536;1;1;01;76;1;1550.065554;76;2;1;4;1;2;1;1;1;3;1;1;3;2;1;1;1;1;1;3;3;;;;;400000;;1;;;;1;;;;;;3
20230309;03;2023;7371537;1;1;01;76;1;245.56712701;76;2;1;4;1;2;1;1;1;3;1;1;4;1;1;1;1;1;1;3;2;;350000;150000000;550000;;;1;;1;;;;;;;;2
20230309;03;2023;7371538;1;1;01;76;1;897.4995342;76;2;1;4;1;2;1;1;1;3;1;3;1;1;1;2;1;1;1;3;3;;;;;250000;;1;;;;;;;;;;2
20230309;03;2023;7371538;2;2;01;76;1;897.4995342;76;2;1;4;1;2;1;1;1;3;1;3;1;1;1;2;1;1;6;;3;;;;;250000;;1;;;;;;;;;;1
20230309;03;2023;7371538;3;3;01;76;1;897.4995342;76;2;1;4;1;2;1;1;1;3;1;3;1;1;1;2;1;1;6;;3;;;;;250000;;;;;;;;;1;;;1
20230309;03;2023;7371539;1;1;01;76;1;340.25290345;76;2;1;4;1;2;1;1;1;3;1;1;4;3;1;1;1;1;1;3;3;;;;;500000;;1;;;;;;1;;;NEQUI;5
20230309;03;2023;7371540;1;1;01;76;1;343.82396935;76;2;1;4;1;2;1;1;1;3;1;1;4;2;1;1;1;1;1;3;2;;480000;98;600000;;;1;;;;;;;;;;4
20230309;03;2023;7371541;1;1;01;76;1;1245.4281844;76;2;1;4;1;2;1;1;1;3;1;1;4;1;1;1;1;1;1;3;3;;;;;450000;;;;;;;;;1;;;2
20230309;03;2023;7371542;1;1;01;76;1;885.51908481;76;2;1;4;1;2;1;1;1;3;1;1;5;2;1;1;1;1;1;3;4;;;;600000;;;;;;;;;;1;;;2
20230309;03;2023;7371543;1;1;01;76;1;1020.3121268;76;2;1;4;1;6;1;1;1;3;1;1;3;1;1;1;1;1;1;3;3;;;;;2000000;;1;;;;;;;;;;1
20230309;03;2023;7371544;1;1;01;76;1;245.56712701;76;2;1;4;1;2;1;1;1;3;1;1;4;2;1;1;1;1;1;3;4;;;;500000;;;1;;;;;1;;;;;2
20230309;03;2023;7371545;1;1;01;76;1;156.47262971;76;2;1;4;1;3;1;1;1;3;1;1;4;2;1;1;1;1;3;3;3;;;;;900000;;1;;;;;;1;;;NEQUI;3
20230309;03;2023;7371546;1;1;01;76;1;1999.1292043;76;2;1;4;1;2;1;1;1;3;1;1;3;1;1;1;1;1;1;3;3;;;;;400000;;1;;;;;1;;;;;3
20230309;03;2023;7371547;1;1;01;76;1;1258.3040891;76;1;1;4;1;2;1;1;1;3;1;2;3;2;1;2;1;1;1;3;3;;;;;250000;;;;;;;;;1;;;4
20230309;03;2023;7371547;2;2;01;76;1;1258.3040891;76;1;1;4;1;2;1;1;1;3;1;2;1;1;1;2;1;1;1;3;3;;;;;250000;;;;;;;;;1;;;4
20230309;03;2023;7371548;1;1;01;76;1;272.6234608;76;2;1;4;1;2;1;1;1;3;1;1;4;2;1;1;1;1;1;3;2;;230000;170000000;550000;;;1;;1;;;1;;;;;4
20230309;03;2023;7371550;1;1;01;76;1;1020.3121268;76;2;1;4;1;6;1;1;1;3;1;1;3;1;1;1;1;1;1;3;3;;;;;2000000;;1;;;;;;;;;;1
20230309;03;2023;7371551;1;1;01;76;1;303.92671272;76;2;1;4;1;2;1;1;1;3;1;1;4;3;1;1;1;1;1;3;3;;;;;550000;;;;;;;;;1;;;3
20230309;03;2023;7371555;1;1;01;76;1;116.76895277;76;2;1;4;1;3;1;1;1;3;1;1;3;1;1;1;1;1;1;3;3;;;;;400000;;;;;;;;;1;;;2
20230309;03;2023;7371560;1;1;01;76;1;1231.2069418;76;2;1;4;1;2;1;1;1;3;1;1;4;3;1;1;1;1;1;3;3;;;;;450000;;;;;;;;;1;;;3
20230309;03;2023;7371561;1;1;01;76;1;1452.7339882;76;1;1;4;1;2;1;1;1;3;1;1;4;3;1;1;1;1;1;3;1;;;98;500000;;;1;;;;1;1;1;;;NEQUI;4
20230309;03;2023;7371562;1;1;01;76;1;1429.0800519;76;2;1;4;1;2;1;1;1;3;1;1;4;2;1;1;1;1;1;3;1;;;80000000;600000;;;;;;;;;;1;;;3
20230309;03;2023;7371563;1;1;01;76;1;710.66830542;76;1;1;2;1;1;1;1;1;3;1;1;2;1;1;1;1;1;1;3;4;;;;400000;;;;;;;;;;1;;;1
20230309;03;2023;7371564;1;1;01;76;1;1870.7488659;76;2;1;4;1;2;1;1;1;3;1;1;4;3;1;1;1;1;1;3;3;;;;;380000;;1;;1;;;;;;;;5
20230309;03;2023;7371565;1;1;01;76;1;1372.7464859;76;2;1;4;1;1;1;1;1;3;1;1;3;2;1;1;1;1;1;3;3;;;;;430000;;;;;;;;1;;;PRESTAMO PARA MICRONEGOCIO;4
20230309;03;2023;7371566;1;1;01;76;1;957.98690628;76;1;1;2;1;2;1;1;1;3;1;1;4;1;1;1;1;1;1;3;1;;;70000000;750000;;;;;;;;;;1;;;2
20230309;03;2023;7371567;1;1;01;76;1;702.52373128;76;2;1;4;1;1;1;1;1;3;1;1;3;2;1;1;1;1;1;3;5;;;;350000;;;1;;;;;;;;;;2
20230309;03;2023;7371568;1;1;01;76;1;684.2389059;76;1;1;2;1;2;2;1;1;3;1;1;1;1;1;1;1;1;1;1;1;;;40000000;250000;;;;;;;;;;1;;;1
20230309;03;2023;7371569;1;1;01;76;1;1242.1152782;76;1;1;4;1;1;1;1;1;3;1;2;2;1;1;2;1;1;1;3;3;;;;;380000;;1;;;;;;;;;;4
20230309;03;2023;7371569;2;2;01;76;1;1242.1152782;76;1;1;4;1;1;1;1;1;3;1;2;1;1;1;2;1;1;1;3;3;;;;;150000;;;;;;;;;1;;;3
20230309;03;2023;7371570;1;1;01;76;1;982.81900298;76;2;1;4;1;2;2;1;1;3;1;1;4;1;1;1;1;1;1;4;3;;;;;200000;;;;;;;;;1;;;2
20230309;03;2023;7371571;1;1;01;76;1;723.89288663;76;2;1;4;1;1;1;1;1;3;1;2;3;2;1;1;1;1;1;3;3;;;;;400000;;1;;;;;;;;;;3
20230309;03;2023;7371571;2;2;01;76;1;723.89288663;76;2;1;4;1;1;1;1;1;3;1;2;1;1;1;2;1;1;1;3;3;;;;;100000;;1;;;;;;;;;;2
20230309;03;2023;7371572;1;1;01;76;1;1185.5087965;76;1;1;4;1;3;1;1;1;3;1;1;3;1;1;1;1;1;1;3;1;;;245000000;700000;;;1;;;;;;;;;;2
20230309;03;2023;7371573;1;1;01;76;1;1372.7464859;76;2;1;4;1;1;1;1;1;3;1;1;2;1;1;1;1;1;1;3;3;;;;;360000;;1;;;;;;;;;;4
20230309;03;2023;7371574;1;1;01;76;1;742.29928239;76;2;1;4;1;2;1;1;1;3;1;1;3;1;1;1;1;1;1;3;3;;;;;550000;;1;;;;;;;;;;1
20230309;03;2023;7371575;1;1;01;76;1;1349.4122129;76;2;1;4;1;1;1;1;1;3;1;1;3;2;1;1;1;1;1;3;3;;;;;490000;;;;;;;;;1;;;3
20230309;03;2023;7371576;1;1;01;76;1;785.11649617;76;2;1;4;1;1;1;1;1;3;1;1;3;2;1;1;1;1;1;3;3;;;;;500000;;;;;;;;;1;;;3
20230309;03;2023;7371577;1;1;01;76;1;660.24376593;76;2;1;4;1;4;1;1;1;3;1;1;4;2;1;1;1;1;1;3;1;;;150000000;850000;;;1;;;;;;;;;;2
20230309;03;2023;7371578;1;1;01;76;1;517.30312986;76;2;1;4;1;4;1;1;1;3;1;1;4;2;1;1;1;1;1;3;3;;;;;900000;;1;;;;;;;;;;2
20230309;03;2023;7371579;1;1;01;76;1;1434.2643073;76;2;1;4;1;1;1;1;1;3;1;1;3;2;1;1;1;1;1;3;3;;;;;550000;;1;;;;;;;;;;4
20230309;03;2023;7371580;1;1;01;76;1;1687.0255237;76;2;1;4;1;1;1;1;1;3;1;1;3;2;1;1;1;1;1;3;3;;;;;450000;;1;;;;;;;;;;5
20230309;03;2023;7371581;1;1;01;76;1;959.55297994;76;2;1;4;1;1;1;1;1;3;1;1;3;2;1;1;1;1;1;3;1;;;60000000;600000;;;;;;;;;;1;;;3
20230309;03;2023;7371583;1;1;01;76;1;715.78859373;76;2;1;4;1;1;1;1;1;3;1;1;3;1;1;1;1;1;1;3;3;;;;;200000;;;;;;;;;1;;;1
20230309;03;2023;7371584;1;1;01;76;1;1219.6372526;76;2;1;4;1;1;1;1;1;3;1;1;4;3;1;1;1;1;1;3;1;;;110000000;600000;;;;;;;;;;1;;;4
20230309;03;2023;7371586;1;1;01;76;1;779.48257301;76;2;1;4;1;1;1;1;1;3;1;1;2;1;1;1;1;1;1;3;3;;;;;450000;;1;;;;;;;;;;1
20230309;03;2023;7371587;1;1;01;76;1;1154.7159692;76;1;1;4;1;2;1;1;1;3;1;1;5;4;1;1;1;1;1;3;2;;400000;98;700000;;;1;;;;;;;;;;4
20230309;03;2023;7371589;1;1;01;76;1;866.76596364;76;2;1;4;1;3;1;1;1;3;1;1;3;2;1;1;1;1;1;3;3;;;;;500000;;;;;;;;1;;;NEQUI;3
20230309;03;2023;7371591;1;1;01;76;1;1318.6911775;76;2;1;4;1;2;1;1;1;3;1;1;4;3;1;1;1;1;1;3;3;;;;;600000;;;;;;;;;1;;;4
20230309;03;2023;7371592;1;1;01;76;1;1393.6508753;76;1;1;4;1;2;1;1;1;3;1;1;5;3;1;1;1;1;1;3;1;;;110000000;500000;;;;;;;;;;1;;;3
20230309;03;2023;7371593;1;1;01;76;1;683.71075232;76;2;1;2;1;2;1;1;1;3;1;1;3;2;1;1;1;1;1;3;3;;;;;450000;;;;;;;;;1;;;2
20230309;03;2023;7371594;1;1;01;76;1;646.64116174;76;2;1;4;1;5;1;1;1;3;1;1;5;1;1;1;1;1;1;3;1;;;98;98;;1;;;;;;;;;;;2
20230309;03;2023;7371595;1;1;01;76;1;607.68915594;76;2;1;4;1;4;1;1;1;3;1;1;4;3;1;1;1;1;1;3;3;;;;;850000;;1;;;;;;;;;;3
20230309;03;2023;7371596;1;1;01;76;1;1090.2297867;76;2;1;4;1;6;1;1;1;3;1;1;3;1;1;1;1;1;1;3;3;;;;;98;;;;;;;;;;1;;1
20230309;03;2023;7371597;1;1;01;76;1;867.62253785;76;2;1;4;1;6;1;1;1;3;1;1;3;1;1;1;1;1;1;3;1;;;300000000;1500000;;;1;;;;1;;;;;;1
20230309;03;2023;7371598;1;1;01;76;1;732.17413593;76;2;1;4;1;3;1;1;1;3;1;1;4;3;1;1;1;1;1;3;2;;1650000;250000000;800000;;;1;;1;;1;;;;;;4
20230309;03;2023;7371599;1;1;01;76;1;735.83910137;76;2;1;4;1;3;1;1;1;3;1;1;3;1;1;1;1;1;1;3;3;;;;;650000;;1;;;;;;;;;;2
20230309;03;2023;7371600;1;1;01;76;1;206.11283652;76;1;1;4;1;3;1;1;1;3;1;1;5;3;1;1;1;1;1;3;1;;;50000000;800000;;;1;;;;;;;;;;5
20230309;03;2023;7371601;1;1;01;76;1;566.60263703;76;2;1;4;1;3;1;1;1;3;1;1;3;2;1;1;1;1;1;3;3;;;;;440000;;1;;;;;;;;;;2
20230309;03;2023;7371602;1;1;01;76;1;639.70198663;76;1;1;4;1;3;1;1;1;3;1;1;4;2;1;1;1;1;1;3;3;;;;;600000;;1;;;;;;;;;;3
20230309;03;2023;7371603;1;1;01;76;1;723.68126053;76;1;1;4;1;3;1;1;1;3;1;1;5;3;1;1;1;1;1;3;1;;;210000000;800000;;;1;;;;;;;;;;3
20230309;03;2023;7371604;1;1;01;76;1;638.97299989;76;2;1;4;1;3;1;1;1;3;1;1;6;3;1;1;1;1;1;3;1;;;380000000;700000;;;1;;;;;;;;;;4
20230309;03;2023;7371605;1;1;01;76;1;566.60263703;76;2;1;4;1;3;1;1;1;3;1;1;3;2;1;1;1;1;1;3;3;;;;;360000;;1;;;;;;;;;;2
20230309;03;2023;7371606;1;1;01;76;1;601.24727366;76;2;1;4;1;3;1;1;1;3;1;1;3;2;1;1;1;1;1;3;4;;;;600000;;;1;;;;;;;;;;3
20230309;03;2023;7371607;1;1;01;76;1;607.39027136;76;2;1;4;1;3;1;1;1;3;1;1;5;2;1;1;1;1;1;3;3;;;;;800000;;;;;;;;;1;;;3
20230309;03;2023;7371608;1;1;01;76;1;477.19239582;76;2;1;4;1;3;1;1;1;3;1;1;3;1;1;1;1;1;1;3;3;;;;;400000;;1;;;;;;1;;;NEQUI;1
20230309;03;2023;7371610;1;1;01;76;1;893.57042807;76;2;1;4;1;4;1;1;1;3;1;1;4;3;6;;1;1;1;3;3;;;;;750000;;1;;;;;;;;;;3
20230309;03;2023;7371612;1;1;01;76;1;1377.2948705;76;2;1;2;1;1;1;1;1;3;1;1;3;2;1;1;1;1;1;3;4;;;;350000;;;1;;;;;;;;;;2
20230309;03;2023;7371613;1;1;01;76;1;858.27308824;76;2;1;4;1;3;1;1;1;3;1;1;3;2;1;1;1;1;1;3;3;;;;;650000;;;;;;;;;1;;;2
20230309;03;2023;7371614;1;1;01;76;1;646.64116174;76;2;1;4;1;5;1;1;1;3;1;1;4;1;1;1;1;1;1;3;1;;;300000000;2000000;;;1;;;;;1;;;;;2
20230309;03;2023;7371615;1;1;01;76;1;1279.4039733;76;2;1;4;1;3;1;1;1;3;1;1;4;2;1;1;1;1;1;3;3;;;;;600000;;1;;;;;;;;;;3
20230309;03;2023;7371616;1;1;01;85;1;442.79503621;85;2;1;4;1;1;1;1;1;3;1;1;3;2;1;1;1;1;1;3;3;;;;;500000;;;;;;;;;1;;;2
20230309;03;2023;7371617;1;1;01;85;1;442.79503621;85;2;1;4;1;2;1;1;1;3;1;1;3;1;1;1;1;1;1;3;3;;;;;500000;;1;;;;;;;;;;2
20230309;03;2023;7371618;1;1;01;85;1;411.1361311;85;4;1;4;1;1;1;1;1;3;1;1;1;1;1;1;1;10;6;;3;;;;;260000;;;;;;;;;1;;;1
20230309;03;2023;7371619;1;1;01;85;1;411.35782442;85;3;1;4;1;2;1;1;1;3;1;1;1;1;1;2;1;1;1;3;3;;;;;300000;;;;;;;;;1;;;3
20230309;03;2023;7371620;1;1;01;85;1;269.10728581;85;3;1;4;1;2;1;1;1;3;1;1;1;1;1;2;1;1;1;3;1;;;180000000;250000;;;1;;;;;;;;;;1
20230309;03;2023;7371621;1;1;01;85;1;402.23834789;85;1;1;2;1;2;1;1;1;3;1;1;3;2;1;1;1;1;1;3;4;;;;300000;;;;;;;;;;1;;;3
20230309;03;2023;7371622;1;1;01;85;1;593.5549363;85;2;1;2;1;2;1;1;1;3;1;1;4;3;1;1;1;1;1;3;3;;;;;500000;;1;;;;;;;;;;7
20230309;03;2023;7371623;1;1;01;85;1;381.51615546;85;3;1;4;1;2;1;1;1;3;1;1;1;1;1;1;1;1;1;3;3;;;;;450000;;1;;;;;;;;;;2
20230309;03;2023;7371624;1;1;01;85;1;269.10728581;85;3;1;2;1;2;1;1;1;3;1;1;1;1;1;2;1;1;1;3;3;;;;;180000;;;;;;;;;1;;;1
20230309;03;2023;7371625;1;1;01;85;1;269.10728581;85;3;1;4;1;2;1;1;1;3;1;1;1;1;1;2;1;10;1;3;3;;;;;300000;;1;;;;;1;;;;;1
20230309;03;2023;7371626;1;1;01;85;1;381.51615546;85;3;1;4;1;2;1;1;1;3;1;1;2;1;1;2;1;10;1;3;4;;;;500000;;;1;;;;;;;;;;2
20230309;03;2023;7371628;1;1;01;85;1;220.48519963;85;2;1;4;1;4;1;1;1;3;1;1;3;1;1;1;1;10;1;3;3;;;;;500000;;1;;;;;;;;;;1
20230309;03;2023;7371629;1;1;01;85;1;473.20283268;85;2;1;2;1;2;2;1;1;3;1;1;2;1;1;2;1;1;1;4;3;;;;;150000;;;;;;;;;1;;;2
20230309;03;2023;7371630;1;1;01;85;1;402.23834789;85;1;1;2;1;2;2;1;1;3;1;1;4;3;1;1;1;1;1;4;1;;;99;500000;;;;;;;;;;1;;;3
20230309;03;2023;7371634;1;1;01;86;1;106.9754458;86;2;1;4;1;1;2;1;1;2;1;1;3;1;1;1;1;1;3;4;3;;;;;99;;1;;;;;;;;;;2
20230309;03;2023;7371635;1;1;01;86;1;159.27383421;86;2;1;4;1;1;1;1;1;2;1;1;3;2;1;1;1;1;3;3;3;;;;;99;;1;;;;;;;;;;3
20230309;03;2023;7371636;1;1;01;86;1;121.47891837;86;2;1;4;1;1;2;1;1;2;1;1;5;2;1;1;1;1;1;4;3;;;;;98;;;;;;;;;1;;;3
20230309;03;2023;7371637;1;1;01;86;1;178.64466239;86;1;1;4;1;1;2;1;1;2;1;1;5;2;1;1;1;1;1;4;3;;;;;98;;;;;;;;;1;;;3
20230309;03;2023;7371638;1;1;01;86;1;111.35567518;86;2;1;4;1;1;2;1;1;2;1;1;3;2;1;1;1;1;3;4;3;;;;;99;;1;;;;;;;;;;3
20230309;03;2023;7371639;1;1;01;86;1;98.06082532;86;2;1;4;1;1;2;1;1;2;1;1;5;1;1;1;1;1;1;4;7;CASA FAMILIAR;;;98;;;;;;;;;;1;;;2
20230309;03;2023;7371640;1;1;01;86;1;146.00101469;86;2;1;4;1;1;2;1;1;2;1;1;3;2;1;1;1;1;3;4;3;;;;;99;;1;;;;;;;;;;3
20230309;03;2023;7371641;1;1;01;86;1;124.58071332;86;1;1;4;1;1;2;1;1;2;1;1;5;2;1;1;1;1;1;4;1;;;98;98;;1;;;;;;;;;;;2
20230309;03;2023;7371642;1;1;01;86;1;129.04245597;86;1;1;2;1;1;2;1;1;2;1;1;5;1;1;1;1;1;1;4;1;;;98;98;;;;;;;;;;1;;;1
20230309;03;2023;7371643;1;1;01;86;1;106.89393253;86;1;1;4;1;1;1;1;1;2;1;1;6;3;1;1;1;1;1;3;3;;;;;98;;;;;;;;;1;;;4
20230309;03;2023;7371644;1;1;01;86;1;159.27383421;86;2;1;4;1;1;2;1;1;2;1;1;3;2;1;1;1;1;3;4;3;;;;;99;;1;;;;;;;;;;3
20230309;03;2023;7371645;1;1;01;86;1;70.60379423;86;2;1;4;1;1;1;1;1;2;1;1;3;1;1;1;1;1;3;3;4;;;;99;;;1;;;;;;;;;;2
20230309;03;2023;7371646;1;1;01;86;1;70.60379423;86;2;1;4;1;1;1;1;1;2;1;1;3;1;1;1;1;1;3;3;3;;;;;99;;1;;;;;;;;;;2
20230309;03;2023;7371647;1;1;01;86;1;70.60379423;86;2;1;4;1;1;1;1;1;2;1;1;5;1;1;1;1;1;1;3;3;;;;;98;;;;;;;;;1;;;2
20230309;03;2023;7371648;1;1;01;86;1;70.60379423;86;1;1;4;1;1;1;1;1;2;1;1;3;1;1;1;1;1;3;3;4;;;;99;;;1;;;;;;;;;;2
20230309;03;2023;7371649;1;1;01;86;1;86.026411214;86;2;1;4;1;1;2;1;1;2;1;1;6;2;1;1;1;1;1;4;3;;;;;98;;;;;;;;;1;;;3
20230309;03;2023;7371651;1;1;01;86;1;38.861185026;86;1;1;4;1;1;2;1;1;2;1;1;6;3;1;1;1;1;1;4;3;;;;;98;;;;;;;;;1;;;4
20230309;03;2023;7371652;1;1;01;86;1;92.910568299;86;1;1;4;1;1;1;1;1;2;1;1;5;1;1;1;1;1;1;3;1;;;98;500000;;;;;;;;;;1;;;1
20230309;03;2023;7371653;1;1;01;88;1;72.979168549;88;2;1;4;1;2;2;2;1;3;2;1;3;2;2;1;1;10;3;4;1;;;99;99;;;1;;;;;;;;;;6
20230309;03;2023;7371654;1;1;01;88;1;71.385236477;88;1;1;4;1;2;2;2;1;3;2;1;4;3;2;1;1;10;3;4;1;;;98;600000;;;1;;;;;;;;;;6
20230309;03;2023;7371655;1;1;01;88;1;48.046505678;88;2;1;4;1;2;2;2;1;3;2;1;3;2;2;1;1;10;3;4;1;;;98;99;;;;;;;;;;1;;;3
20230309;03;2023;7371656;1;1;01;88;1;37.635689936;88;2;1;4;1;1;2;2;1;3;2;1;3;1;2;1;1;10;1;4;3;;;;;700000;;1;;;;;;;;;;2
20230309;03;2023;7371657;1;1;01;88;1;29.815524709;88;2;1;4;1;2;2;2;1;3;2;1;3;1;2;1;1;10;3;4;3;;;;;500000;;1;;;;;;;;;;2
20230309;03;2023;7371658;1;1;01;88;1;61.022021257;88;2;1;4;1;2;2;2;1;3;1;1;3;2;2;1;1;10;1;4;3;;;;;800000;;1;;;;;;;;;;4
20230309;03;2023;7371659;1;1;01;88;1;63.814396249;88;2;1;4;1;2;2;2;1;3;1;1;6;3;2;1;1;10;1;4;1;;;99;2000000;;;1;;;;;;;;;;5
20230309;03;2023;7371661;1;1;01;88;1;55.784343554;88;1;1;4;1;6;2;1;1;3;1;1;4;3;1;1;1;10;1;4;1;;;99;98;;;1;;;;;;;;;;5
20230309;03;2023;7371662;1;1;01;88;1;33.119407143;88;1;1;4;1;6;2;1;1;3;1;1;4;2;1;1;1;10;1;4;1;;;99;98;;;1;;;;;;;;;;2
20230309;03;2023;7371663;1;1;01;88;1;33.119407143;88;2;1;4;1;6;2;1;1;3;1;1;3;2;1;1;1;10;1;4;1;;;99;800000;;;1;;;;;;;;;;2
20230309;03;2023;7371664;1;1;01;88;1;79.286921552;88;2;1;4;1;2;2;2;1;3;1;1;3;2;2;1;1;10;1;4;1;;;99;700000;;;1;;;;;;;;;;6
20230309;03;2023;7371665;1;1;01;88;1;36.79934127;88;2;1;4;1;5;2;1;1;7;1;1;3;1;1;1;1;10;3;4;1;;;98;3500000;;;1;;;;1;1;;;;;2
20230309;03;2023;7371666;1;1;01;88;1;40.946638252;88;2;1;4;1;2;2;2;1;3;1;1;3;2;2;1;1;10;1;4;1;;;99;800000;;;1;;;;;;;;;;2
20230309;03;2023;7371667;1;1;01;88;1;33.143471421;88;2;1;4;1;2;2;2;1;3;1;1;3;1;2;1;1;10;1;4;1;;;99;800000;;;1;;;;;;;;;;1
20230309;03;2023;7371668;1;1;01;88;1;29.058533995;88;2;1;4;1;5;2;1;1;7;1;1;3;1;1;1;1;10;3;4;1;;;98;98;;;1;;;;;;;;;;1
20230309;03;2023;7371669;1;1;01;88;1;26.187434209;88;1;5;2;1;1;2;2;1;3;2;1;2;1;2;1;1;10;1;4;4;;;;300000;;;1;;;;;;;;;;1
20230309;03;2023;7371671;1;1;01;88;1;38.744711993;88;3;1;4;1;2;2;2;1;3;2;1;1;1;2;1;1;10;2;4;3;;;;;500000;;1;;;;;;;;;;1
20230309;03;2023;7371672;1;1;01;88;1;41.399258929;88;1;1;4;1;2;2;2;1;3;1;1;3;1;2;1;1;10;1;4;1;;;98;1000000;;;1;;;;;;;;;;2
20230309;03;2023;7371673;1;1;01;88;1;37.514970584;88;2;1;4;1;1;2;2;1;3;2;1;3;2;2;1;1;10;3;4;1;;;99;800000;;;;;;;;;;1;;;3
20230309;03;2023;7371674;1;1;01;88;1;33.143471421;88;1;1;4;1;2;2;2;1;3;1;1;3;1;2;1;1;10;1;4;4;;;;900000;;;1;;;;;;;;;;1
20230309;03;2023;7371675;1;1;01;88;1;30.666117725;88;2;1;4;1;1;2;2;1;3;2;1;3;2;2;1;1;10;3;4;4;;;;500000;;;1;;;;;;;;;;2
20230309;03;2023;7371676;1;1;01;88;1;52.615654848;88;2;1;4;1;2;2;2;1;3;2;1;3;2;2;1;1;10;3;4;1;;;98;600000;;;1;;;;;;;;;;5
20230309;03;2023;7371677;1;1;01;88;1;29.460863486;88;2;1;4;1;4;2;1;1;7;1;1;4;1;1;1;1;10;1;1;4;;;;2000000;;1;1;;;;;1;;;;;1
20230309;03;2023;7371678;1;1;01;88;1;39.149004627;88;2;1;4;1;1;2;2;1;3;2;1;2;1;2;1;1;10;3;4;3;;;;;700000;;1;;;;;;;;;;3
20230309;03;2023;7371679;1;1;01;88;1;43.605204886;88;2;1;2;1;2;2;2;1;3;1;1;2;1;2;1;1;10;3;4;3;;;;;600000;;1;;;;;;;;;;2
20230309;03;2023;7371680;1;1;01;88;1;46.164982118;88;2;1;4;1;1;2;2;1;3;2;1;2;1;2;1;1;10;3;4;3;;;;;500000;;1;;;;;;;;;;4
20230309;03;2023;7371681;1;1;01;88;1;50.814496173;88;2;1;4;1;1;2;2;1;3;2;1;4;2;2;1;1;10;3;4;1;;;98;250000;;;;;;;;;;1;;;5
20230309;03;2023;7371682;1;1;01;88;1;37.116790455;88;2;1;4;1;1;2;2;1;3;2;1;4;2;2;1;1;10;3;4;1;;;98;500000;;;;;;;;;;1;;;3
20230309;03;2023;7371683;1;1;01;88;1;45.264402781;88;2;1;4;1;1;2;2;1;3;2;1;4;2;2;1;1;10;3;4;3;;;;;500000;;1;;;;;;;;;;4
20230309;03;2023;7371684;1;1;01;88;1;38.047163279;88;2;1;4;1;2;2;2;1;3;2;1;2;1;2;1;1;10;3;4;3;;;;;300000;;1;;;;;;;;;;2
20230309;03;2023;7371685;1;1;01;88;1;57.830473665;88;2;1;4;1;1;2;2;1;3;2;1;4;2;2;1;1;10;3;4;1;;;99;680000;;;1;;;;;;;;;;6
20230309;03;2023;7371686;1;1;01;88;1;49.32774583;88;1;1;4;1;2;2;2;1;3;1;1;3;2;2;1;1;10;1;4;4;;;;700000;;;1;;;;;;;;;;3
20230309;03;2023;7371687;1;1;01;88;1;30.666117725;88;2;1;4;1;1;2;2;1;3;2;1;3;2;2;1;1;10;3;4;1;;;98;98;;;;;;;;;;1;;;2
20230309;03;2023;7371688;1;1;01;88;1;57.033147504;88;2;1;4;1;2;2;2;1;7;1;1;3;2;2;1;1;10;1;4;3;;;;;99;;1;;;;;;;;;;4
20230309;03;2023;7371689;1;1;01;88;1;28.307185593;88;2;1;4;1;3;2;2;1;3;2;1;3;2;2;1;1;10;3;4;4;;;;98;;;1;;;;;;;;;;2
20230309;03;2023;7371690;1;1;01;88;1;25.829807995;88;1;5;2;1;1;2;2;1;3;2;1;1;1;2;1;1;10;2;4;3;;;;;350000;;1;;;;;;;;;;1
20230309;03;2023;7371691;1;1;01;88;1;27.997701369;88;2;1;4;1;3;2;2;1;3;2;1;3;2;2;1;1;10;3;4;4;;;;1200000;;;1;;;;;;;;;;2
20230309;03;2023;7371692;1;1;01;88;1;78.071139447;88;1;1;4;1;3;2;2;1;3;1;1;4;3;2;1;1;10;1;4;1;;;99;900000;;;1;;;;;;;;;;6
20230309;03;2023;7371694;1;1;01;88;1;29.460863486;88;2;1;4;1;4;2;1;1;7;1;1;4;1;1;1;1;10;3;4;4;;;;1500000;;;1;;;;;;;;;;1
20230309;03;2023;7371695;1;1;01;88;1;37.277157426;88;2;1;4;1;5;2;1;1;7;1;1;4;2;1;1;1;10;3;4;1;;;98;3000000;;1;1;;;;;1;;;;;2
20230309;03;2023;7371696;1;1;01;88;1;30.93390666;88;2;1;4;1;2;2;2;1;3;1;1;2;1;2;1;1;10;3;4;3;;;;;900000;;1;;;;;;;;;;1
20230309;03;2023;7371697;1;1;01;88;1;44.137819055;88;2;1;4;1;4;2;1;1;7;1;1;4;2;1;1;1;10;3;4;1;;;99;4500000;;1;1;;;;;;;;;;3
20230309;03;2023;7371698;1;1;01;88;1;36.79934127;88;2;1;4;1;4;2;1;1;7;1;1;3;2;1;1;1;10;3;4;4;;;;3000000;;;1;;;;;;;;;;2
20230309;03;2023;7371700;1;1;01;88;1;40.015968623;88;1;1;4;1;1;2;2;1;3;2;1;2;1;2;1;1;10;3;4;1;;;99;99;;;1;;;;;;;;;;3
20230309;03;2023;7371703;1;1;01;91;1;53.333225961;91;3;5;3;1;1;2;2;1;1;1;1;1;1;3;1;1;1;2;4;3;;;;;360000;;;;;;;;;1;;;4
20230309;03;2023;7371704;1;1;01;91;1;117.21814391;91;4;5;3;1;1;2;2;1;3;1;1;2;2;3;1;1;10;5;4;3;;;;;250000;;1;;;;;;;;;;3
20230309;03;2023;7371705;1;1;01;91;1;122.32052742;91;3;5;3;1;1;2;2;1;3;1;1;2;1;3;1;1;1;1;4;3;;;;;250000;;;;;;;;;1;;;5
20230309;03;2023;7371706;1;1;01;91;1;96.475936939;91;3;5;3;1;1;2;2;1;3;1;1;1;1;2;1;1;1;2;4;3;;;;;360000;;;;;;;;;1;;;2
20230309;03;2023;7371707;1;1;01;91;1;112.11576041;91;3;5;3;1;1;2;2;1;3;1;1;1;1;2;1;1;1;6;;3;;;;;360000;;1;;;;;;;;;;1
20230309;03;2023;7371708;1;1;01;91;1;134.228512;91;2;1;2;1;2;2;2;1;3;2;1;3;1;2;1;1;3;1;4;3;;;;;500000;1;1;;;;;;;;;;4
20230309;03;2023;7371710;1;1;01;91;1;50.203096867;91;1;5;3;1;1;2;2;1;3;2;1;4;3;2;1;1;10;1;4;3;;;;;400000;;;;;;;;;1;;;6
20230309;03;2023;7371712;1;1;01;91;1;53.053926702;91;3;1;2;1;2;2;2;1;3;2;1;2;1;2;1;1;3;1;4;3;;;;;300000;1;1;;;;;;;;;;2
20230309;03;2023;7371713;1;1;01;91;1;102.2970976;91;1;1;4;1;2;2;1;1;3;1;1;3;2;1;1;1;1;1;4;3;;;;;800000;;1;;;;;;;;;;3
20230309;03;2023;7371714;1;1;01;91;1;96.792534482;91;3;1;4;1;2;2;2;1;3;2;1;1;1;2;1;1;10;2;4;3;;;;;300000;;;;;;;;;1;;;1
20230309;03;2023;7371715;1;1;01;91;1;58.948807447;91;2;1;4;1;2;2;1;1;3;1;1;3;2;1;1;1;1;1;4;3;;;;;800000;;1;;;;;;;;;;2
20230309;03;2023;7371716;1;1;01;91;1;79.588728667;91;4;1;2;1;2;2;2;1;3;2;1;2;1;2;1;1;3;1;4;3;;;;;300000;;1;;;;;;;;;;2
20230309;03;2023;7371717;1;1;01;91;1;88.431920741;91;2;1;2;1;2;2;1;1;3;1;1;2;1;1;1;1;1;4;4;1;;;100000000;500000;;;1;;;;;;;;;;2
20230309;03;2023;7371718;1;1;01;91;1;88.431920741;91;2;1;4;1;2;2;1;1;3;1;1;3;2;1;1;1;1;1;4;4;;;;800000;;;1;;;;;;;;;;2
20230309;03;2023;7371719;1;1;01;91;1;56.437487658;91;1;1;2;1;2;2;1;1;3;1;1;2;2;1;1;1;1;3;4;1;;;30000000;500000;;;1;;;;;;;;;;6
20230309;03;2023;7371720;1;1;01;91;1;123.32733645;91;3;1;2;1;2;2;2;1;3;2;1;2;1;2;1;1;3;1;4;3;;;;;300000;1;1;;;;;;;;;;1
20230309;03;2023;7371721;1;1;01;91;1;123.32733645;91;3;1;2;1;2;2;2;1;3;2;1;1;1;2;1;1;10;6;;3;;;;;300000;;;;;;;;;1;;;1
20230309;03;2023;7371722;1;1;01;91;1;92.06738784;91;3;1;2;1;2;2;2;1;3;2;1;2;1;2;1;1;3;2;4;3;;;;;300000;1;1;;;;;;;;;;3
20230309;03;2023;7371723;1;1;01;91;1;137.03037383;91;2;1;4;1;2;2;1;1;3;1;1;2;1;1;1;1;1;1;4;3;;;;;800000;;1;;;;;;;;;;1
20230309;03;2023;7371725;1;1;01;91;1;107.54726054;91;1;5;3;1;1;2;2;1;3;2;1;2;2;3;1;1;10;5;5;5;;;;200000;;;;;;;;;;1;;;1
20230309;03;2023;7371727;1;1;01;91;1;65.532585875;91;2;1;4;1;2;2;2;1;3;2;1;2;1;2;1;1;7;1;4;3;;;;;500000;;;;;;;;;1;;;3
20230309;03;2023;7371728;1;1;01;91;1;89.418004311;91;1;5;3;1;1;2;2;1;3;2;1;2;2;3;1;1;10;5;5;1;;;10000000;300000;;;1;;;;;;;;;;6
20230309;03;2023;7371730;1;1;01;94;1;46.231630034;94;2;1;2;1;1;2;1;1;2;1;1;2;1;1;1;1;3;1;4;3;;;;;300000;;;;;;;;;1;;;6
20230309;03;2023;7371731;1;1;01;94;1;48.385165607;94;1;1;2;1;1;2;1;1;2;1;1;3;1;1;1;1;3;1;4;1;;;180000000;450000;;;1;;1;;;;;;;;2
20230309;03;2023;7371732;1;1;01;94;1;52.227055338;94;2;1;2;1;1;2;1;1;2;1;1;4;3;1;1;1;3;1;4;3;;;;;400000;;;;;;;;;1;;;5
20230309;03;2023;7371733;1;1;01;94;1;50.119698425;94;1;1;2;1;1;2;1;1;2;1;1;5;1;1;1;1;3;1;4;7;CUIDA LA VIVIENDA;;;350000;;;;;;;;;;1;;;1
20230309;03;2023;7371734;1;1;01;94;1;53.582612492;94;1;1;1;1;1;2;2;2;;2;1;3;2;4;1;4;6;1;4;6;;;;350000;;;1;;;;;;;;;;3
20230309;03;2023;7371737;1;1;01;94;1;62.489099794;94;1;8;1;1;1;2;2;2;;2;1;3;2;4;1;4;9;1;5;6;;;;200000;;;;;;;;;;1;;;4
20230309;03;2023;7371738;1;1;01;94;1;59.064076624;94;1;5;4;1;1;2;1;1;2;1;1;4;2;1;1;1;1;1;4;1;;;7000000;550000;;;;;;;;;;1;;;5
20230309;03;2023;7371739;1;1;01;94;1;43.65422222;94;1;1;4;1;1;2;1;1;2;1;1;3;1;1;1;1;3;1;4;1;;;8000000;500000;;;1;;;;;;;;;;1
20230309;03;2023;7371740;1;1;01;94;1;48.385165607;94;1;1;2;1;1;2;1;1;2;1;1;3;1;1;1;1;3;1;4;1;;;98;800000;;;1;;;;;;;;;;2
20230309;03;2023;7371741;1;1;01;94;1;52.014725121;94;1;5;1;1;1;2;2;2;;2;1;2;1;2;1;4;3;1;5;7;RESGUARDO INDIGENA PROPIEDAD COLECTIVA;;;400000;;;1;;;;;;;;;;5
20230309;03;2023;7371743;1;1;01;94;1;40.42057613;94;2;1;4;1;2;2;1;1;2;1;1;3;1;1;1;1;3;1;4;3;;;;;700000;;1;;;;;;;;;;1
20230309;03;2023;7371744;1;1;01;94;1;46.407128171;94;2;1;4;1;2;2;1;1;2;1;1;2;1;1;1;1;3;1;4;3;;;;;400000;;1;;;;;;;;;;1
20230309;03;2023;7371745;1;1;01;94;1;51.24957368;94;2;1;2;1;1;2;1;1;2;1;1;4;2;1;1;1;3;1;4;3;;;;;650000;;;;;;;;;1;;;8
20230309;03;2023;7371746;1;1;01;94;1;48.181702164;94;1;1;4;1;2;2;1;1;2;1;1;3;2;1;1;1;3;1;4;3;;;;;400000;;1;;;;;;;;;;5
20230309;03;2023;7371747;1;1;01;94;1;54.09457832;94;1;8;1;1;1;2;2;2;;2;1;2;1;2;1;4;3;1;5;7;RESGUARDO INDIGENA PROPIEDAD COLECTIVA;;;350000;;;;;;;;;;1;;;4
20230309;03;2023;7371748;1;1;01;94;1;44.801079266;94;2;1;4;1;1;2;1;1;2;1;1;2;1;1;1;1;3;1;4;1;;;500000000;600000;;;1;;;;;;;;;;2
20230309;03;2023;7371749;1;1;01;94;1;44.801079266;94;1;1;4;1;1;2;1;1;2;1;1;3;2;1;1;1;3;5;4;1;;;8000000;8000000;;;1;;;;;;;;;;2
20230309;03;2023;7371750;1;1;01;94;1;40.42057613;94;2;1;4;1;2;2;1;1;2;1;1;1;1;1;1;1;3;5;4;4;;;;400000;;;1;;;;;;;;;;1
20230309;03;2023;7371751;1;1;01;94;1;53.181252065;94;1;8;1;1;1;2;2;2;;2;1;1;1;3;1;4;3;5;5;6;;;;200000;;;;;;;;;;1;;;3
20230309;03;2023;7371752;1;1;01;94;1;53.582612492;94;1;5;4;1;1;2;2;2;;2;1;1;1;2;1;4;3;5;4;6;;;;350000;;;1;;;;;;;;;;3
20230309;03;2023;7371753;1;1;01;94;1;40.42057613;94;2;1;2;1;1;2;1;1;2;1;1;2;1;1;1;1;3;6;;3;;;;;800000;;1;;;;;;;;;;1
20230309;03;2023;7371754;1;1;01;94;1;46.407128171;94;2;1;4;1;1;2;1;1;2;1;1;2;1;1;1;1;1;1;4;3;;;;;500000;;1;;;;;;;;;;1
20230309;03;2023;7371756;1;1;01;94;1;53.181252065;94;1;4;1;1;1;2;2;2;;2;1;1;1;2;1;4;3;5;5;6;;;;250000;;;;;;;;;;1;;;3
20230309;03;2023;7371757;1;1;01;94;1;55.409265003;94;1;5;1;1;1;2;2;2;;2;1;2;1;2;1;4;3;1;5;7;RESGUARDO INDIGENA PROPIEDAD COLECTIVA;;;300000;;;;;;;;;;1;;;5
20230309;03;2023;7371758;1;1;01;94;1;52.26792581;94;1;5;1;1;1;2;2;2;;2;1;1;1;2;1;4;3;5;5;6;;;;100000;;;;;;;;;;1;;;2
20230309;03;2023;7371759;1;1;01;94;1;46.366781417;94;2;1;4;1;1;2;1;1;2;1;1;3;2;1;1;1;1;1;4;3;;;;;450000;;;;;;;;;1;;;4
20230309;03;2023;7371760;1;1;01;94;1;40.42057613;94;1;1;4;1;1;2;1;1;2;1;1;3;1;1;1;1;1;1;4;4;;;;550000;;;1;;;;;;;;;;1
20230309;03;2023;7371762;1;1;01;94;1;53.961588156;94;1;1;2;1;1;2;1;1;2;1;1;2;1;1;1;1;3;1;4;3;;;;;600000;;1;;;;;;;;;;4
20230309;03;2023;7371763;1;1;01;94;1;48.385165607;94;1;1;2;1;1;2;1;1;2;1;1;2;1;1;1;1;3;1;4;3;;;;;450000;;;;;;;;;1;;;2
20230309;03;2023;7371764;1;1;01;94;1;40.42057613;94;1;1;2;1;1;2;1;1;2;1;1;2;1;1;1;1;3;1;4;1;;;98;500000;;;;;;;;;;1;;;1
20230309;03;2023;7371766;1;1;01;95;1;85.392582309;95;1;2;3;1;1;2;2;1;2;1;1;3;2;2;1;1;10;1;4;5;;;;200000;;;;;;;;;;1;;;4
20230309;03;2023;7371767;1;1;01;95;1;145.27512855;95;1;2;3;1;1;2;2;1;2;1;1;3;2;2;1;1;3;1;4;3;;;;;200000;;;;;;;;;1;;;5
20230309;03;2023;7371768;1;1;01;95;1;155.67461438;95;1;1;4;1;2;1;1;1;2;1;1;3;2;1;1;1;1;3;3;3;;;;;500000;;1;;;;;;;;;;4
20230309;03;2023;7371769;1;1;01;95;1;144.70894023;95;1;1;4;1;2;1;1;1;2;1;1;3;2;1;1;1;1;3;3;3;;;;;500000;;1;;;;;;;;;;3
20230309;03;2023;7371770;1;1;01;95;1;139.37985566;95;1;1;2;1;2;2;1;1;2;2;1;5;4;1;1;1;3;3;4;3;;;;;500000;;;;;;;;;1;;;4
20230309;03;2023;7371771;1;1;01;95;1;81.743728211;95;1;2;3;1;1;2;2;1;2;1;1;3;2;2;1;1;10;1;4;3;;;;;300000;;;;;;;;;1;;;2
20230309;03;2023;7371772;1;1;01;95;1;95.134486568;95;1;1;4;1;2;1;1;1;2;1;1;4;3;1;1;1;1;3;3;2;;1900000;120000000;800000;;;1;;1;;;;;;;;4
20230309;03;2023;7371773;1;1;01;95;1;87.59208776;95;2;1;2;1;1;2;2;1;2;1;1;4;3;2;1;1;3;3;4;3;;;;;250000;;;;;;;;;1;;;3
20230309;03;2023;7371774;1;1;01;95;1;61.352012119;95;1;1;4;1;3;1;1;1;2;1;1;4;2;1;1;1;1;1;4;1;;;200000000;1000000;;;1;;;;;;;;;;2
20230309;03;2023;7371775;1;1;01;95;1;83.201793927;95;3;1;4;1;2;1;1;1;2;1;1;3;2;1;2;1;1;1;3;1;;;99;800000;;;1;;;;;;;;;;4
20230309;03;2023;7371776;1;1;01;95;1;86.963443258;95;3;1;4;1;2;2;1;1;2;1;1;2;1;1;2;1;10;6;;3;;;;;300000;;1;;;;;;;;;;1
20230309;03;2023;7371777;1;1;01;95;1;168.67164199;95;1;1;4;1;2;1;1;1;2;1;1;3;2;1;1;1;1;3;3;3;;;;;550000;;1;;;;;;;;;;3
20230309;03;2023;7371778;1;1;01;95;1;54.650766802;95;2;1;4;1;2;2;1;1;2;1;1;1;1;1;1;1;1;2;4;3;;;;;300000;;;;;;;;;1;;;1
20230309;03;2023;7371779;1;1;01;95;1;97.845667229;95;1;1;4;1;3;1;1;1;2;1;1;3;2;1;1;1;10;1;3;1;;;2000000000;500000;;;1;;;;;;;;;;4
20230309;03;2023;7371780;1;1;01;95;1;136.14839006;95;1;1;4;1;3;1;1;1;2;1;1;3;2;1;1;1;1;1;3;3;;;;;700000;;1;;;;;;;;;;4
20230309;03;2023;7371781;1;1;01;95;1;93.664688575;95;1;1;4;1;3;1;1;1;2;1;1;8;1;1;1;1;10;3;3;1;;;400000000;2000000;;;1;;;;;1;;;;;2
20230309;03;2023;7371782;1;1;01;95;1;125.97736503;95;2;1;4;1;2;1;1;1;2;1;1;3;2;1;1;1;1;3;3;3;;;;;600000;;;;;;;;;1;;;2
20230309;03;2023;7371783;1;1;01;95;1;93.664688575;95;1;1;4;1;3;1;1;1;2;1;1;4;1;1;1;1;10;3;3;2;;99;99;99;;;1;;;;;;;;;;2
20230309;03;2023;7371788;1;1;01;97;1;10.316267873;97;1;5;3;1;1;2;1;1;2;1;1;2;1;1;1;1;5;1;5;5;;;;300000;;;;;;;;;;1;;;4
20230309;03;2023;7371792;1;1;01;97;1;16.548966478;97;1;2;3;1;1;1;1;1;2;1;1;4;2;1;1;1;10;1;1;1;;;150000000;800000;;;1;;;;;;;;;;2
20230309;03;2023;7371794;1;1;01;97;1;23.739067517;97;2;1;2;1;1;2;1;1;2;1;1;2;1;1;2;1;10;2;1;4;;;;400000;;;1;;;;;;;;;;2
20230309;03;2023;7371795;1;1;01;97;1;23.739067517;97;1;5;2;1;1;2;1;1;2;1;1;4;2;1;1;1;10;1;1;1;;;50000000;400000;;;1;;;;;;;;;;2
20230309;03;2023;7371797;1;1;01;97;1;31.265771961;97;1;5;2;1;1;2;1;1;2;1;1;5;3;1;1;1;5;1;5;1;;;25000000;150000;;;;;;;;;;1;;;7
20230309;03;2023;7371798;1;1;01;97;1;22.106288299;97;1;1;4;1;1;2;1;1;2;1;1;5;2;1;1;1;10;3;1;1;;;150000000;800000;;;1;;;;;;;;;;3
20230309;03;2023;7371799;1;1;01;97;1;13.188370843;97;2;1;4;1;1;2;1;1;2;1;1;2;1;1;1;1;10;3;1;3;;;;;600000;;1;;;;1;;;;;;2
20230309;03;2023;7371800;1;1;01;97;1;13.188370843;97;2;1;4;1;1;2;1;1;2;1;1;3;2;1;1;1;10;3;1;3;;;;;620000;;1;;;;;;;;;;2
20230309;03;2023;7371804;1;1;01;97;1;32.842745746;97;2;1;2;1;1;2;1;1;2;1;1;2;1;1;1;1;10;1;1;3;;;;;500000;;1;;;;;;;;;;1
20230309;03;2023;7371806;1;1;01;99;1;73.572115838;99;1;1;4;1;2;2;1;1;2;1;1;4;2;2;1;1;1;1;4;1;;;150000000;600000;;;1;;;;;;;;;;3
20230309;03;2023;7371807;1;1;01;99;1;59.890463435;99;2;1;4;1;2;2;1;1;2;1;1;2;1;2;1;1;1;3;4;4;;;;400000;;1;1;;;;;1;;;;;1
20230309;03;2023;7371810;1;1;01;99;1;52.730128268;99;2;1;4;1;1;2;1;1;2;1;1;3;2;2;1;1;10;1;4;4;;;;600000;;;1;;;;;;;;;;3
20230309;03;2023;7371811;1;1;01;99;1;27.934821435;99;1;1;1;1;0;2;2;1;2;2;1;3;2;2;1;1;3;2;4;5;;;;450000;;;1;;1;;;1;;;;;4
20230309;03;2023;7371812;1;1;01;99;1;86.55094822;99;1;1;2;1;0;2;2;1;2;2;1;3;2;2;1;1;3;1;4;4;;;;400000;;;;;;;;;;1;;;4
20230309;03;2023;7371814;1;1;01;99;1;111.73928574;99;1;1;4;1;1;2;2;1;2;2;1;4;3;2;1;1;3;1;4;5;;;;600000;;;1;;;;;;;;;;4
20230309;03;2023;7371815;1;1;01;99;1;91.660057302;99;1;5;1;1;0;2;2;1;2;2;1;2;2;2;1;1;3;1;4;3;;;;;300000;;1;;;;;;;;;;5
20230309;03;2023;7371816;1;1;01;99;1;43.066389411;99;1;1;2;1;1;2;2;1;2;2;1;3;2;2;1;1;3;2;4;5;;;;1000000;;;1;;;;1;;;;;;5
20230313;03;2023;7371817;1;1;01;;2;342.86067327;70;1;4;1;1;1;2;2;2;;1;1;1;1;6;;4;1;5;5;4;;;;100000;;;;;;;;;;1;;;3
20230313;03;2023;7371818;1;1;01;;2;412.41829113;70;1;4;1;1;1;2;2;2;;1;1;2;1;2;1;4;1;5;5;4;;;;100000;;;;;;;;;;1;;;2
20230313;03;2023;7371819;1;1;01;;2;412.41829113;70;1;4;1;1;1;2;2;2;;1;1;3;1;6;;3;1;6;;4;;;;100000;;;;;;;;;;1;;;2
20230313;03;2023;7371820;1;1;01;;2;260.17906279;70;1;1;2;1;1;2;2;2;;1;1;3;2;3;1;4;1;5;5;5;;;;200000;;;;;;;;;;;1;;4
20230313;03;2023;7371821;1;1;01;;2;375.03717955;70;1;5;1;1;1;2;2;2;;1;1;2;1;6;;4;1;5;5;5;;;;100000;;;;;;;;;;1;;;2
20230313;03;2023;7371823;1;1;01;;2;460.03177178;70;1;4;1;1;1;2;2;2;;1;1;3;2;2;1;4;1;5;5;4;;;;150000;;;;;;;;;;1;;;3
20230313;03;2023;7371824;1;1;01;;2;356.25687995;70;1;4;2;1;1;2;2;2;;1;1;3;2;2;1;4;1;5;5;4;;;;200000;;;;;;;;;;1;;;4
20230313;03;2023;7371825;1;1;01;;2;486.24079851;70;1;4;1;1;1;2;2;2;;1;1;3;2;6;;4;1;2;4;4;;;;100000;;;;;;;;;;1;;;2
20230313;03;2023;7371826;1;1;01;;2;354.27744347;70;1;4;1;1;1;2;2;2;;1;1;3;2;2;1;4;1;1;5;5;;;;100000;;;;;;;;;;1;;;3
20230313;03;2023;7371827;1;1;01;;2;601.18348491;70;1;1;4;1;1;1;2;1;3;1;1;3;2;2;1;1;1;1;3;4;;;;350000;;;;;;;;;;1;;;4
20230313;03;2023;7371828;1;1;01;;2;329.74875237;70;1;1;2;1;1;1;2;1;2;1;1;5;4;2;1;1;1;1;4;1;;;99;250000;;;1;;;;;;;;;;5
20230313;03;2023;7371829;1;1;01;;2;893.33275494;70;1;1;2;1;1;1;2;1;3;1;1;4;2;2;1;1;1;1;4;4;;;;500000;;;1;;;;;;;;;;4
20230313;03;2023;7371830;1;1;01;;2;664.2641107;70;1;1;4;1;1;1;2;1;3;1;1;3;2;2;1;1;1;1;3;3;;;;;300000;;;;;;;;;1;;;4
20230313;03;2023;7371831;1;1;01;;2;367.83347521;70;1;1;2;1;1;1;2;1;3;1;1;4;2;2;1;1;1;1;3;3;;;;;250000;;;;;;;;;1;;;7
20230313;03;2023;7371832;1;1;01;;2;470.74392405;70;1;1;2;1;1;1;2;1;3;1;1;3;1;2;1;1;1;1;3;1;;;40000000;400000;;;;;;;;;;1;;;2
20230313;03;2023;7371833;1;1;01;;2;1051.9803442;70;1;1;2;1;1;1;2;1;3;1;1;5;3;2;1;1;1;1;3;1;;;120000000;500000;;;;;;;;;;1;;;5
20230313;03;2023;7371836;1;1;01;;2;285.89406644;68;1;1;2;1;2;2;2;2;;2;1;5;3;2;1;3;6;1;5;1;;;50000000;300000;;;;;;;;;;1;;;5
20230313;03;2023;7371837;1;1;01;;2;111.0605473;68;1;1;2;1;2;2;2;2;;1;1;4;2;2;1;5;1;1;5;3;;;;;275000;;1;;;;;;;;;;3
20230313;03;2023;7371838;1;1;01;;2;157.23048348;68;1;1;2;1;2;2;2;2;;1;1;3;2;2;1;4;2;1;5;1;;;30000000;200000;;;1;;;;;;;;;;4
20230313;03;2023;7371840;1;1;01;;2;163.3516795;68;1;1;2;1;2;2;2;2;;1;1;3;2;2;1;4;2;1;5;6;;;;150000;;;1;;;;;;;;;;2
20230313;03;2023;7371841;1;1;01;;2;175.7951781;68;1;1;4;1;2;2;2;2;;1;1;5;4;2;1;3;1;5;5;1;;;70000000;450000;;;1;;;;;;;;;;7
20230313;03;2023;7371842;1;1;01;;2;254.25614795;68;1;3;2;1;2;2;2;2;;1;1;4;3;2;1;4;1;1;4;1;;;99;99;;;1;;;;;;;;;;7
20230313;03;2023;7371843;1;1;01;;2;113.85526275;68;1;1;2;1;2;2;2;2;;1;1;3;1;2;1;4;2;1;5;1;;;99;200000;;;1;;;;;;;;;;2
20230313;03;2023;7371844;1;1;01;;2;113.85526275;68;1;1;4;1;2;2;2;2;;1;1;4;1;2;1;4;1;1;4;1;;;99;99;;;1;;;;;;;;;;2
20230313;03;2023;7371845;1;1;01;;2;181.95574846;68;1;1;2;1;2;2;2;2;;1;1;3;2;2;1;3;1;5;5;1;;;40000000;300000;;;;;;;;;;1;;;4
20230313;03;2023;7371846;1;1;01;;2;154.11504072;68;1;3;2;1;2;2;2;2;;1;1;3;2;2;1;4;1;1;5;1;;;99;99;;;1;;;;;;;;;;3
20230313;03;2023;7371847;1;1;01;;2;160.01890574;54;1;1;2;1;1;2;2;1;2;1;1;2;1;3;1;1;1;1;4;5;;;;350000;;;;;;;;;;1;;;3
20230313;03;2023;7371848;1;1;01;;2;354.97378107;54;2;1;2;1;1;2;2;1;2;1;1;2;1;2;1;1;1;1;4;4;;;;200000;;;;;;;;;;1;;;2
20230313;03;2023;7371849;1;1;01;;2;215.61246937;54;1;5;2;1;1;2;2;1;2;1;1;2;1;3;1;1;1;4;4;4;;;;100000;;;;;;;;;;1;;;3
20230313;03;2023;7371850;1;1;01;;2;125.09480584;54;1;1;4;1;1;2;2;1;2;1;1;3;1;2;1;1;1;1;4;3;;;;;250000;;;;;;;;;1;;;2
20230313;03;2023;7371851;1;1;01;;2;125.09480584;54;2;1;4;1;1;2;2;1;2;1;1;3;1;2;1;1;1;1;4;3;;;;;300000;;;;;;;;;1;;;2
20230313;03;2023;7371852;1;1;01;;2;289.15589662;54;1;1;2;1;1;2;2;1;2;1;1;5;3;3;1;1;1;1;4;3;;;;;300000;;;;;;;;;1;;;4
20230313;03;2023;7371853;1;1;01;;2;338.0326049;54;1;1;4;1;1;2;2;1;2;1;1;3;2;2;1;1;1;1;4;5;;;;250000;;;1;;;;;;;;;;6
20230313;03;2023;7371855;1;1;01;;2;256.77274304;54;1;1;2;1;1;2;2;1;2;1;1;4;3;2;1;1;1;1;4;5;;;;300000;;;;;;;;;;1;;;4
20230313;03;2023;7371857;1;1;01;;2;164.71498464;54;1;1;2;1;1;2;2;1;2;1;1;1;1;3;1;1;1;1;5;1;;;99;200000;;;;;;;;;;1;;;3
20230313;03;2023;7371858;1;1;01;;2;125.09480584;54;1;1;4;1;1;2;2;1;2;1;1;3;1;2;1;1;1;1;4;4;;;;300000;;;1;;;;;;;;;;2
20230313;03;2023;7371859;1;1;01;;2;422.30041765;54;1;1;2;1;2;2;2;2;;2;1;3;1;2;1;4;2;1;4;3;;;;;200000;;;;;;;;;1;;;4
20230313;03;2023;7371860;1;1;01;;2;312.01096774;54;1;1;2;1;2;2;2;2;;2;1;3;2;2;1;4;2;1;4;1;;;65000000;350000;;;;;;;;;;1;;;3
20230313;03;2023;7371861;1;1;01;;2;422.30041765;54;1;1;2;1;2;2;2;2;;2;1;3;2;2;1;4;2;1;5;3;;;;;100000;;;;;;;;;1;;;4
20230313;03;2023;7371862;1;1;01;;2;277.62952625;54;1;1;2;1;2;2;2;2;;2;1;5;3;2;1;4;2;1;4;4;;;;100000;;;;;;;;;;1;;;4
20230313;03;2023;7371863;1;1;01;;2;361.44487078;54;1;1;2;1;2;2;2;2;;2;1;4;2;2;1;3;2;1;5;4;;;;100000;;;;;;;;;;1;;;4
20230313;03;2023;7371864;1;1;01;;2;269.51558672;54;1;1;4;1;2;2;2;2;;2;1;3;1;2;1;4;2;1;5;4;;;;200000;;;;;;;;;;1;;;3
20230313;03;2023;7371865;1;1;01;;2;332.60287262;54;1;1;4;1;2;2;2;2;;2;1;4;2;2;1;4;2;1;5;1;;;100000000;200000;;;;;;;;;;1;;;3
20230313;03;2023;7371866;1;1;01;;2;218.05314275;54;1;1;2;1;2;2;2;2;;2;1;4;1;2;1;4;2;1;5;5;;;;200000;;;;;;;;;;1;;;1
20230313;03;2023;7371867;1;1;01;;2;377.94277762;54;1;1;2;1;2;2;2;2;;2;1;3;2;2;1;4;2;1;5;1;;;45000000;250000;;;;;;;;;;1;;;2
20230313;03;2023;7371868;1;1;01;;2;281.47108393;54;1;1;2;1;2;2;2;2;;2;1;3;2;2;1;4;2;1;5;4;;;;250000;;;;;;;;;;1;;;3
20230313;03;2023;7371869;1;1;01;;2;372.40984175;54;1;5;2;1;2;2;2;1;2;2;1;3;1;2;1;1;2;1;4;5;;;;200000;;;;;;;;;;1;;;2
20230313;03;2023;7371871;1;1;01;;2;538.64329062;54;1;5;1;1;2;2;2;1;2;2;1;2;1;2;1;1;2;1;5;5;;;;150000;;;;;;;;;;1;;;2
20230313;03;2023;7371872;1;1;01;;2;880.79052136;54;1;5;1;1;2;2;2;1;2;2;1;1;1;3;1;1;2;2;4;5;;;;180000;;;;;;;;;;1;;;1
20230313;03;2023;7371873;1;1;01;;2;646.62556363;54;1;5;1;1;2;2;2;1;2;2;1;1;1;3;1;1;2;1;5;5;;;;150000;;;;;;;;;;1;;;1
20230313;03;2023;7371875;1;1;01;;2;538.64329062;54;1;4;1;1;2;2;2;1;2;2;1;3;1;3;1;1;3;1;4;5;;;;100000;;;;;;;;;;1;;;2
20230313;03;2023;7371877;1;1;01;;2;297.9278734;54;1;1;2;1;1;2;2;1;2;1;1;4;3;2;1;1;1;1;4;1;;;50000000;200000;;;;;;;;;;1;;;4
20230313;03;2023;7371878;1;1;01;;2;297.9278734;54;1;1;4;1;1;2;2;1;2;1;1;4;2;2;1;1;1;1;4;3;;;;;300000;;;;;;;;;1;;;3
20230313;03;2023;7371879;1;1;01;;2;420.33731044;54;1;1;2;1;1;2;2;1;2;1;1;3;1;2;1;1;1;1;4;4;;;;300000;;;;;;;;;;1;;;3
20230313;03;2023;7371880;1;1;01;;2;415.45519766;54;1;1;2;1;1;2;2;1;2;1;1;3;1;2;1;1;1;1;4;4;;;;200000;;;;;;;;;;1;;;1
20230313;03;2023;7371881;1;1;01;;2;430.91463249;54;1;1;2;1;1;2;2;1;2;1;1;4;1;2;1;1;1;1;4;5;;;;300000;;;;;;;;;;1;;;2
20230313;03;2023;7371882;1;1;01;;2;431.52157016;54;1;1;2;1;1;2;2;1;2;1;1;4;2;2;1;1;1;1;4;4;;;;300000;;;1;;;;1;1;;;;;3
20230313;03;2023;7371885;1;1;01;;2;532.75988574;54;1;1;2;1;1;2;2;1;2;1;1;3;2;2;1;1;1;1;5;4;;;;200000;;;1;;;;;;;;;;2
20230313;03;2023;7371887;1;1;01;;2;297.9278734;54;1;1;2;1;1;2;2;1;2;1;1;4;1;2;1;1;1;1;4;5;;;;300000;;;;;;;;;;1;;;2
20230313;03;2023;7371888;1;1;01;;2;333.49357675;54;1;2;2;1;1;2;2;1;2;1;1;2;1;2;1;1;1;1;4;5;;;;250000;;;;;;;;;;1;;;2
20230313;03;2023;7371889;1;1;01;;2;633.70603351;54;1;1;2;1;1;2;2;1;2;1;1;4;2;2;1;1;1;1;4;5;;;;200000;;;;;;;;;;1;;;3
20230313;03;2023;7371890;1;1;01;;1;1297.4518853;52;1;3;2;1;1;2;1;1;1;1;1;2;2;1;1;1;1;1;5;1;;;25000000;100000;;;;;;;;;;1;;;4
20230313;03;2023;7371891;1;1;01;;1;1075.8593052;52;2;1;4;1;1;2;1;1;1;1;1;2;1;1;1;1;1;1;4;3;;;;;200000;;;;;;;;;1;;;2
20230313;03;2023;7371892;1;1;01;;1;1962.5387852;52;1;3;2;1;1;2;1;1;1;1;1;1;1;1;1;1;1;1;4;4;;;;150000;;;;;;;;;;1;;;2
20230313;03;2023;7371893;1;1;01;;1;1349.1866102;52;1;1;4;1;1;2;1;1;1;1;1;5;2;1;1;1;1;1;4;1;;;98;300000;;;1;;;;;1;;;;;2
20230313;03;2023;7371894;1;1;01;;1;2367.0845447;52;1;3;3;1;1;2;1;1;1;1;1;3;2;1;1;1;1;1;4;1;;;90000000;400000;;;;;;;;;;1;;;7
20230313;03;2023;7371895;1;1;01;;1;1046.2567311;52;1;1;4;1;1;2;1;1;1;1;1;2;1;1;1;1;1;1;4;1;;;5000000;300000;;;;;;;1;;;;;;1
20230313;03;2023;7371896;1;1;01;;1;1919.9480097;52;1;3;4;1;1;2;1;1;1;1;1;4;3;1;1;1;1;1;5;1;;;40000000;200000;;;1;;;;;;;;;;4
20230313;03;2023;7371897;1;1;01;;1;1044.2332753;52;2;1;2;1;1;2;1;1;1;1;1;2;1;1;1;1;1;1;4;3;;;;;250000;;1;;;;;;;;;;1
20230313;03;2023;7371899;1;1;01;;1;2696.201321;52;1;1;4;1;1;2;1;1;1;1;1;5;4;1;1;1;1;1;4;1;;;98;100000;;;1;;;;1;;;;;;8
20230313;03;2023;7371900;1;1;01;;1;1625.3872952;52;4;3;2;1;1;2;1;1;1;1;1;1;1;1;2;4;1;1;5;3;;;;;50000;;;;;;;;;1;;;1
20230313;03;2023;7371903;1;1;01;;1;2685.2431463;52;4;3;2;1;1;2;1;1;1;1;1;1;1;1;2;1;1;1;4;4;;;;80000;;;;;;;;;;1;;;1
20230313;03;2023;7371904;1;1;01;;1;1373.2119595;52;1;3;2;1;1;2;1;1;1;1;1;2;1;1;1;1;1;1;4;1;;;20000000;50000;;;;;;;;;;1;;;1
20230313;03;2023;7371905;1;1;01;;1;2685.2431463;52;1;1;2;1;1;2;1;1;1;1;1;2;1;1;1;1;1;1;4;5;;;;200000;;;;;;;;;;1;;;1
20230313;03;2023;7371907;1;1;01;;1;1353.5091595;52;1;1;2;1;1;2;1;1;1;1;1;2;2;1;1;1;1;1;1;3;;;;;200000;;1;;;;;;;;;;4
20230313;03;2023;7371910;1;1;01;;2;2772.0382643;52;1;3;2;1;1;2;2;2;;2;1;2;1;2;1;4;6;1;5;1;;;6000000;80000;;;;;;;;;;1;;;2
20230313;03;2023;7371911;1;1;01;;2;1424.2216643;52;1;1;2;1;1;2;2;2;;2;1;3;2;2;1;2;6;1;5;1;;;30000000;150000;;;1;;;;;;;;;;3
20230313;03;2023;7371912;1;1;01;;2;1957.5629457;52;1;1;2;1;1;2;2;2;;2;1;3;3;2;1;3;6;1;5;5;;;;300000;;;;;;;;;;1;;;7
20230313;03;2023;7371913;1;1;01;;2;1068.5120691;52;1;1;2;1;1;2;2;2;;2;1;3;3;2;1;5;2;1;5;1;;;20000000;150000;;;;;;;1;;;;;;6
20230313;03;2023;7371914;1;1;01;;2;1424.2216643;52;1;1;2;1;1;2;2;2;;2;1;2;2;2;1;3;6;1;5;1;;;30000000;400000;;;;;;;;;;1;;;3
20230313;03;2023;7371915;1;1;01;;2;2685.9829435;52;1;1;2;1;1;2;2;2;;2;1;2;1;2;1;4;6;1;5;1;;;10000000;100000;;;;;1;;;;;;;;3
20230313;03;2023;7371916;1;1;01;;2;2685.9829435;52;1;1;2;1;1;2;2;2;;2;1;2;1;2;1;5;2;1;4;1;;;50000000;250000;;;;;;;1;;;;;;3
20230313;03;2023;7371917;1;1;01;;2;1068.5120691;52;1;1;2;1;1;2;2;2;;2;1;3;3;2;1;3;6;1;5;1;;;25000000;400000;;;;;;;;;;1;;;7
20230313;03;2023;7371918;1;1;01;;2;1068.5120691;52;1;1;2;1;1;2;2;2;;2;1;3;3;2;1;5;2;1;5;1;;;60000000;300000;;;;;;;;;;1;;;5
20230313;03;2023;7371920;1;1;01;;2;1657.4193602;52;1;1;4;1;1;2;2;1;8;2;1;3;2;2;1;4;2;1;5;4;;;;150000;;;;;;;1;;;;;;5
20230313;03;2023;7371922;1;1;01;;2;2079.0286982;52;1;1;2;1;1;2;2;1;8;2;1;3;1;2;1;3;6;1;5;4;;;;300000;;;;;;;1;;;;;;2
20230313;03;2023;7371923;1;1;01;;2;1496.5673038;52;1;1;4;1;1;2;2;1;8;2;1;4;1;2;1;1;2;1;5;4;;;;300000;;;;;;;;;;1;;;2
20230313;03;2023;7371924;1;1;01;;2;823.63340208;52;1;3;2;1;1;2;2;1;8;2;1;4;4;2;1;4;2;1;4;1;;;98;300000;;;;;;;;;;1;;;8
20230313;03;2023;7371925;1;1;01;;2;1016.4876054;52;1;1;2;1;1;2;2;1;8;2;1;3;3;2;1;1;2;1;4;1;;;50000000;300000;;;;;;;;;;1;;;5
20230313;03;2023;7371926;1;1;01;;2;1704.3877093;52;1;1;4;1;1;2;2;1;8;2;1;3;2;2;1;1;2;1;5;1;;;10000000;200000;;;1;;;;1;;;;;;2
20230313;03;2023;7371927;1;1;01;;2;801.38405182;52;1;3;2;1;1;2;2;1;8;2;1;4;3;2;1;3;2;1;5;4;;;;400000;;;;;;;1;;;;;;6
20230313;03;2023;7371928;1;1;01;;2;2128.2782663;52;1;1;2;1;1;2;2;1;8;2;1;3;2;2;1;1;2;1;5;4;;;;300000;;;;;;;;;;1;;;3
20230313;03;2023;7371929;1;1;01;;2;1121.9263149;52;1;3;3;1;1;2;2;1;8;2;1;3;1;3;1;3;2;1;4;1;;;20000000;200000;;;;;;;;;;1;;;2
20230313;03;2023;7371930;1;1;01;;2;1541.7697001;52;1;1;4;1;1;2;2;1;8;2;1;4;4;2;1;3;6;1;5;4;;;;200000;;;;;;;;;;1;;;5
20230313;03;2023;7371931;1;1;01;;2;2074.5181997;52;1;1;4;1;1;2;2;1;8;2;1;5;2;2;1;1;2;1;4;1;;;30000000;200000;;;1;;;;1;;;;;;4
20230313;03;2023;7371932;1;1;01;;2;1909.1513301;52;1;3;2;1;1;2;2;2;;1;1;1;1;4;1;4;1;1;5;3;;;;;200000;;;;;;;;;1;;;2
20230313;03;2023;7371933;1;1;01;;2;1588.3105756;52;1;1;2;1;1;2;2;2;;1;1;3;3;2;1;3;1;1;5;4;;;;60000;;;;;;;;;;1;;;4
20230313;03;2023;7371934;1;1;01;;2;1622.9056393;52;1;1;2;1;1;2;2;2;;1;1;2;1;2;1;3;1;1;5;1;;;98;50000;;;;;;;;;;1;;;1
20230313;03;2023;7371935;1;1;01;;2;1859.5266532;52;1;1;2;1;1;2;2;2;;1;1;2;1;2;1;3;1;1;5;2;;200000;10000000;100000;;;1;;1;;;;;;;;3
20230313;03;2023;7371936;1;1;01;;2;1535.5296835;52;1;1;2;1;1;2;2;2;;1;1;3;2;3;1;4;1;1;5;1;;;10000000;200000;;;;;;;;;;1;;;4
20230313;03;2023;7371937;1;1;01;;2;1174.1510284;52;1;1;2;1;1;2;2;2;;1;1;3;2;2;1;5;1;1;5;4;;;;150000;;;;;;;;;;1;;;5
20230313;03;2023;7371938;1;1;01;;2;2014.1892304;52;1;3;2;1;1;2;2;2;;1;1;1;1;2;1;4;1;1;5;4;;;;50000;;;;;;;;;;1;;;2
20230313;03;2023;7371939;1;1;01;;2;1209.5123287;52;1;1;2;1;1;2;2;2;;1;1;2;2;2;1;4;1;1;5;5;;;;80000;;;;;;;;;;1;;;4
20230313;03;2023;7371940;1;1;01;;2;1964.5645535;52;1;3;2;1;1;2;2;2;;1;1;3;1;2;1;4;1;1;5;4;;;;100000;;;;;;;;;;1;;;3
20230313;03;2023;7371941;1;1;01;;2;1845.4110324;52;1;1;2;1;1;2;2;2;;1;1;2;2;2;1;4;1;1;5;2;;200000;30000000;50000;;;;;1;;;;;;;;5
20230313;03;2023;7371942;1;1;01;;2;1254.3615223;52;1;1;2;1;1;2;2;2;;1;1;3;2;2;1;4;1;1;5;1;;;10000000;100000;;;;;;;;;;1;;;5
20230313;03;2023;7371943;1;1;01;;2;1799.9498926;52;1;1;2;1;1;2;2;2;;1;1;2;2;2;1;4;1;1;5;4;;;;300000;;;;;;;1;;;;;;4
20230313;03;2023;7371944;1;1;01;;2;739.73912475;52;1;1;2;1;1;2;2;2;;1;1;3;3;2;1;5;1;1;5;1;;;98;200000;;;;;;;;;;1;;;5
20230313;03;2023;7371945;1;1;01;;1;789.26438964;52;1;1;4;1;3;2;1;1;3;1;1;5;1;1;1;1;1;1;4;1;;;90000000;350000;;;1;;;;;;;;;;2
20230313;03;2023;7371946;1;1;01;;1;1652.0889647;52;2;1;4;1;3;2;1;1;3;1;1;6;2;1;1;1;1;1;4;4;;;;450000;;;1;;;;;;;;;;3
20230313;03;2023;7371947;1;1;01;;1;1494.4122319;52;1;1;4;1;3;2;1;1;3;1;1;3;2;1;1;1;1;1;4;3;;;;;400000;;;;;;;;;1;;;5
20230313;03;2023;7371948;1;1;01;;1;1408.2896776;52;2;1;4;1;3;2;1;1;3;1;1;5;4;1;1;1;1;1;4;4;;;;500000;;;1;;;;;;;;;;5
20230313;03;2023;7371949;1;1;01;;1;1352.777436;52;1;1;4;1;3;2;1;1;3;1;1;6;5;1;1;1;1;1;4;1;;;200000000;600000;;;1;;;;;;;;;;7
20230313;03;2023;7371950;1;1;01;;1;1395.5761942;52;2;1;4;1;3;2;1;1;3;1;1;2;1;1;1;1;1;1;4;3;;;;;250000;;1;;;;1;1;;;;;1
20230313;03;2023;7371951;1;1;01;;1;1492.3842203;52;2;1;4;1;3;2;1;1;3;1;1;3;2;1;1;1;1;1;4;3;;;;;250000;;;;;;;;;1;;;5
20230313;03;2023;7371952;1;1;01;;1;1360.2862159;52;1;1;4;1;3;2;1;1;3;1;1;3;2;1;1;1;1;1;4;3;;;;;500000;;1;;;;1;;;;;;3
20230313;03;2023;7371953;1;1;01;;1;820.00200696;52;1;1;4;1;3;2;1;1;3;1;1;4;1;1;1;1;1;1;4;3;;;;;350000;;;;;;;;;1;;;2
20230313;03;2023;7371954;1;1;01;;1;919.67151058;52;2;1;4;1;3;2;1;1;3;1;1;4;2;1;1;1;1;1;4;3;;;;;400000;;;;;;;;;1;;;3
20230313;03;2023;7371955;1;1;01;;1;2238.0128247;52;2;1;4;1;2;2;1;1;3;1;1;3;2;1;1;1;1;1;4;3;;;;;370000;;1;;;;1;1;;;;;3
20230313;03;2023;7371956;1;1;01;;1;933.27151333;52;2;1;4;1;2;2;1;1;3;1;1;4;3;1;1;1;1;1;4;1;;;170000000;450000;;;1;;;1;;;;;;;3
20230313;03;2023;7371957;1;1;01;;1;1314.051308;52;2;1;4;1;2;2;1;1;3;1;1;2;1;1;1;1;1;1;4;3;;;;;400000;;;;;;;;;1;;;1
20230313;03;2023;7371958;1;1;01;;1;1108.0319984;52;2;1;4;1;2;2;1;1;3;1;1;1;1;1;1;1;1;1;4;3;;;;;350000;;1;;;;;;;;;;1
20230313;03;2023;7371959;1;1;01;;1;1314.051308;52;2;1;4;1;3;2;1;1;3;1;1;3;1;1;1;1;1;1;4;3;;;;;380000;;;;;;;;;1;;;1
20230313;03;2023;7371960;1;1;01;;1;2116.0007802;52;2;1;4;1;3;2;1;1;3;1;1;4;1;1;1;1;1;1;4;3;;;;;450000;;1;;;;;;;;;;3
20230313;03;2023;7371961;1;1;01;;1;2061.4269813;52;2;1;4;1;2;2;1;1;3;1;1;4;3;1;1;1;1;1;4;3;;;;;450000;;;;;;;;;1;;;8
20230313;03;2023;7371962;1;1;01;;1;1213.1076266;52;2;1;4;1;2;2;1;1;3;1;1;3;2;1;1;1;1;1;4;3;;;;;400000;;1;;;;;;;;;;4
20230313;03;2023;7371964;1;1;01;;1;2123.5563092;52;2;1;4;1;2;2;1;1;3;1;1;3;2;1;1;1;1;1;4;3;;;;;350000;;1;;;;;;;;;;3
20230313;03;2023;7371965;1;1;01;;1;1516.8259352;52;2;1;4;1;1;2;1;1;3;1;1;3;2;1;1;1;1;1;4;4;;;;150000;;;;;;;;;;1;;;3
20230313;03;2023;7371966;1;1;01;;1;1516.8259352;52;2;1;3;1;1;2;1;1;3;1;1;3;2;1;1;1;1;1;4;4;;;;300000;;;;;;;;;;1;;;3
20230313;03;2023;7371967;1;1;01;;1;818.56507429;52;2;1;4;1;1;2;1;1;3;1;1;3;1;1;1;1;1;1;4;1;;;50000000;300000;;;;;;;;;;1;;;2
20230313;03;2023;7371968;1;1;01;;1;1509.7866739;52;2;1;4;1;1;2;1;1;3;1;1;3;2;1;1;1;1;1;4;1;;;100000000;400000;;;;;;;;;;1;;;4
20230313;03;2023;7371969;1;1;01;;1;938.60807716;52;2;1;2;1;1;2;1;1;3;1;1;3;1;1;1;1;1;1;4;1;;;60000000;300000;;;;;;;;;;1;;;1
20230313;03;2023;7371970;1;1;01;;1;1543.939582;52;2;1;4;1;1;2;1;1;3;1;1;3;2;1;1;1;1;1;4;1;;;100000000;200000;;;;;;;;;;1;;;4
20230313;03;2023;7371971;1;1;01;;1;1139.6468906;52;2;1;4;1;1;2;1;1;3;1;1;3;2;1;1;1;1;1;4;1;;;120000000;300000;;;;;;;;;;1;;;2
20230313;03;2023;7371972;1;1;01;;1;815.42161409;52;2;1;4;1;1;2;1;1;3;1;1;3;2;1;1;1;1;1;4;1;;;70000000;300000;;;;;;;;;;1;;;2
20230313;03;2023;7371973;1;1;01;;1;881.746348;52;2;1;4;1;1;2;1;1;3;1;1;3;1;1;1;1;1;1;4;4;;;;200000;;;1;;;;1;;;;;;1
20230313;03;2023;7371974;1;1;01;;1;844.78860716;52;2;1;4;1;1;2;1;1;2;1;1;3;2;1;1;1;1;1;4;1;;;50000000;200000;;;;;;;;;;1;;;3
20230313;03;2023;7371975;1;1;01;;2;1537.348265;52;2;1;4;1;1;2;1;1;1;1;1;3;1;1;1;1;1;1;4;1;;;30000000;150000;;;;;;;;;;1;;;1
20230313;03;2023;7371976;1;1;01;;2;1290.3437478;52;2;1;4;1;1;2;1;1;1;1;1;2;2;1;1;1;1;1;4;4;;;;150000;;;;;;;;;;1;;;5
20230313;03;2023;7371977;1;1;01;;2;1561.0129607;52;1;1;4;1;1;2;1;1;1;1;1;3;2;1;1;1;5;1;4;1;;;40000000;100000;;;;;;;1;;;;;;3
20230313;03;2023;7371978;1;1;01;;2;1651.0859827;52;1;1;2;1;1;2;1;1;1;1;1;3;3;1;1;1;1;1;4;3;;;;;230000;;;;;;1;;;;;;3
20230313;03;2023;7371979;1;1;01;;2;2019.7775143;52;1;3;2;1;1;2;1;1;1;1;1;1;1;1;1;1;1;1;4;3;;;;;200000;;1;;;;1;;;;;;3
20230313;03;2023;7371980;1;1;01;;2;700.74108586;52;1;1;4;1;1;2;1;1;1;1;1;5;4;1;1;1;1;1;4;1;;;500000000;400000;;;1;;;;;;;;;;7
20230313;03;2023;7371981;1;1;01;;2;1745.133653;52;1;1;4;1;1;2;1;1;1;1;1;4;3;1;1;1;1;1;4;3;;;;;80000;;;;;;;;;1;;;4
20230313;03;2023;7371982;1;1;01;;2;981.0275889;52;1;1;4;1;1;2;1;1;1;1;1;3;1;1;1;1;1;1;4;3;;;;;500000;;;;;;;;;1;;;2
20230313;03;2023;7371983;1;1;01;;2;1808.5034729;52;1;1;2;1;1;2;1;1;1;1;1;1;1;1;1;1;1;1;4;4;;;;200000;;;;;;;;;;1;;;2
20230313;03;2023;7371984;1;1;01;;2;1608.0214923;52;1;1;2;1;1;2;1;1;1;1;1;3;2;1;1;1;1;1;4;3;;;;;300000;;;;;;;;;1;;;2
20230313;03;2023;7371985;1;1;01;;2;1004.6922847;52;1;1;4;1;1;2;1;1;1;1;1;4;3;1;1;1;1;1;4;1;;;50000000;200000;;;1;;;;1;;;;;;4
20230313;03;2023;7371986;1;1;01;;2;1908.0039182;52;2;1;4;1;1;2;1;1;1;1;1;3;2;1;1;1;1;1;4;3;;;;;250000;;;;;;;;;1;;;2
20230313;03;2023;7371987;1;1;01;;2;1536.5163954;52;1;1;4;1;1;2;2;2;;2;1;3;2;4;1;3;4;1;5;6;;;;100000;;;;;;;;;;1;;;2
20230313;03;2023;7371988;1;1;01;;2;2233.194464;52;1;1;4;1;1;2;2;2;;2;1;3;1;4;1;4;3;1;4;1;;;70000000;300000;;;;;;;;;;1;;;3
20230313;03;2023;7371989;1;1;01;;2;1391.1119007;52;1;3;2;1;1;2;2;2;;2;1;2;2;4;1;4;4;1;5;1;;;15000000;50000;;;;;;;;;;1;;;4
20230313;03;2023;7371990;1;1;01;;2;988.36884718;52;1;3;2;1;1;2;2;2;;2;1;4;3;4;1;4;4;1;4;6;;;;300000;;;;;;;;;;1;;;6
20230313;03;2023;7371991;1;1;01;;2;2046.0707837;52;1;1;4;1;1;2;2;2;;2;1;2;1;2;1;4;4;1;4;6;;;;100000;;;;;;;;;;1;;;4
20230313;03;2023;7371992;1;1;01;;2;2284.8718525;52;1;1;4;1;1;2;2;2;;2;1;3;2;4;1;3;4;1;4;1;;;50000000;300000;;;;;;;;;;1;;;4
20230313;03;2023;7371993;1;1;01;;2;1844.817918;52;1;3;2;1;1;2;2;2;;2;1;3;1;4;1;3;4;1;5;6;;;;80000;;;;;;;;;;1;;;1
20230313;03;2023;7371994;1;1;01;;2;2181.5170755;52;1;1;2;1;1;2;2;2;;2;1;3;2;4;1;3;3;1;4;1;;;10000000;100000;;;;;;;;;;1;;;2
20230313;03;2023;7371996;1;1;01;;2;840.88930303;52;1;3;2;1;1;2;2;2;;2;1;2;2;4;1;4;4;1;5;4;;;;100000;;;;;;;1;;;;;;4
20230313;03;2023;7371997;1;1;01;;2;2183.1546405;52;1;1;2;1;1;2;2;2;;2;1;4;3;2;1;4;4;1;4;1;;;100000000;500000;;;;;;;1;;;;;;3
20230313;03;2023;7371998;1;1;01;;2;446.24609511;63;1;1;4;1;3;1;1;1;2;1;1;5;4;1;1;1;1;1;3;6;;;;1500000;;;1;;;;;1;;;;;5
20230313;03;2023;7371999;1;1;01;;2;254.3110028;63;1;1;4;1;3;1;2;1;2;1;1;4;3;2;1;1;1;1;3;1;;;180000000;500000;;;1;;;;;;;;;;5
20230313;03;2023;7372000;1;1;01;;2;177.08881855;63;1;1;4;1;3;1;2;1;2;1;1;4;1;2;1;1;1;1;3;1;;;180000000;800000;;;1;;;;1;;;;;;2
20230313;03;2023;7372001;1;1;01;;2;232.95524906;63;1;1;4;1;2;2;2;1;2;1;1;4;3;2;1;1;1;2;4;4;;;;700000;;;1;;;;;;;;;;3
20230313;03;2023;7372002;1;1;01;;2;177.08881855;63;1;1;4;1;2;2;2;1;2;1;1;4;3;2;1;1;1;3;4;1;;;98;1000000;;;1;;;;;;;;;;2
20230313;03;2023;7372003;1;1;01;;2;351.81410974;63;1;1;4;1;2;2;2;1;2;1;1;4;3;2;1;1;1;1;4;3;;;;;1000000;;1;;;;;;;;;;4
20230313;03;2023;7372004;1;1;01;;2;156.85003138;63;1;1;4;1;3;1;1;1;2;1;1;3;2;1;1;1;1;1;3;1;;;220000000;1500000;;;1;;;;;;;;;;2
20230313;03;2023;7372005;1;1;01;;2;177.08881855;63;1;1;4;1;3;1;1;1;2;1;1;4;1;1;1;1;1;1;3;1;;;250000000;1200000;;;1;;;;;1;;;;;2
20230313;03;2023;7372006;1;1;01;;2;254.59480207;63;1;1;4;1;2;2;2;1;2;1;1;4;3;2;1;1;1;1;4;4;;;;500000;;;;;;;;;;1;;;4
20230313;03;2023;7372007;1;1;01;;2;237.18606025;63;1;1;4;1;3;1;1;1;2;1;1;1;1;1;1;1;1;6;;4;;;;250000;;;1;;;;;;;;;;1
20230313;03;2023;7372008;1;1;01;;2;251.91453676;63;1;1;4;1;3;1;2;1;2;1;1;4;1;2;1;1;1;1;3;3;;;;;800000;;1;;;;;;;;;;2
20230313;03;2023;7372009;1;1;01;;2;106.60610382;63;1;4;2;1;2;2;2;1;2;1;1;3;2;2;1;1;1;1;4;4;;;;400000;;;1;;;;;;;;;;2
20230313;03;2023;7372010;1;1;01;;2;128.42255782;63;1;1;4;1;2;1;2;1;2;1;1;3;2;2;1;1;1;1;3;1;;;80000000;350000;;;1;;;;;;;;;;3
20230313;03;2023;7372011;1;1;01;;2;139.14915535;63;1;1;2;1;2;1;2;1;2;1;1;3;2;2;1;1;1;1;3;4;;;;300000;;;;;;;;;;1;;;1
20230313;03;2023;7372012;1;1;01;;2;171.92412792;63;1;1;4;1;2;2;1;1;2;1;1;4;2;1;1;1;1;1;4;4;;;;350000;;;1;;;;;;;;;;2
20230313;03;2023;7372013;1;1;01;;2;139.14915535;63;1;1;4;1;2;2;2;1;2;1;1;4;3;2;1;1;1;1;4;3;;;;;600000;;;;;;;;;1;;;1
20230313;03;2023;7372014;1;1;01;;2;159.25402967;63;1;1;4;1;2;1;2;1;2;1;1;3;2;2;1;1;1;1;3;3;;;;;300000;;;;;;;;;1;;;3
20230313;03;2023;7372015;1;1;01;;2;156.37353716;63;1;1;4;1;2;2;2;1;2;1;1;4;3;2;1;1;1;1;4;4;;;;500000;;;;;;;;;;1;;;4
20230313;03;2023;7372016;1;1;01;;2;159.25402967;63;1;1;4;1;3;1;1;1;2;1;1;3;2;1;1;1;1;1;3;4;;;;350000;;;;;;;;;;1;;;3
20230313;03;2023;7372017;1;1;01;;2;156.50185743;63;1;4;2;1;2;2;1;1;2;1;1;1;1;1;1;1;1;1;4;4;;;;250000;;;;;;;;;;1;;;3
20230313;03;2023;7372020;1;1;01;;2;137.27333235;63;1;1;4;1;2;2;2;1;2;1;1;2;1;2;1;1;1;1;4;3;;;;;150000;;1;;;;;;;;;;3
20230313;03;2023;7372021;1;1;01;;2;144.41769757;63;1;1;4;1;2;2;2;1;2;1;1;4;3;2;1;1;1;1;4;1;;;30000000;300000;;;1;;;;;;;;;;4
20230313;03;2023;7372024;1;1;01;;2;249.1234916;63;1;1;4;1;2;2;2;1;2;1;1;3;2;2;1;1;1;1;4;1;;;20000000;250000;;;;;;;;;;1;;;4
20230313;03;2023;7372025;1;1;01;;2;118.15533149;63;1;1;4;1;2;2;2;1;2;1;1;2;1;2;1;1;1;1;4;4;;;;300000;;;;;;;;;;1;;;1
20230313;03;2023;7372026;1;1;01;;2;244.49239527;63;1;1;2;1;2;2;1;1;2;1;1;2;1;1;1;1;1;1;5;3;;;;;250000;;;;;;;;;1;;;3
20230313;03;2023;7372027;1;1;01;;2;216.42816582;63;2;1;4;1;2;2;1;1;2;1;1;3;2;1;1;1;1;1;4;1;;;55000000;300000;;;;;;;;;;1;;;4
20230313;03;2023;7372028;1;1;01;;2;184.65387968;63;2;1;4;1;2;2;1;1;2;1;1;3;2;1;1;1;1;1;4;4;;;;300000;;;;;;;;;;1;;;3
20230313;03;2023;7372029;1;1;01;;2;97.848871374;63;2;1;4;1;2;2;1;1;2;1;1;1;1;1;1;1;1;1;4;3;;;;;280000;;;;;;;;;1;;;2
20230313;03;2023;7372031;1;1;01;;2;123.74846395;63;1;1;4;1;2;2;1;1;2;1;1;2;1;1;1;1;1;1;4;1;;;35000000;250000;;;;;;;;;;1;;;2
20230313;03;2023;7372032;1;1;01;;2;172.20156715;63;1;7;1;1;1;2;2;1;2;1;1;1;1;2;1;1;1;2;5;5;;;;100000;;;;;;;;;;1;;;1
20230313;03;2023;7372033;1;1;01;;2;213.74499727;63;1;7;3;1;1;2;2;1;2;1;1;2;1;2;1;1;1;3;4;5;;;;180000;;;;;;;;;;1;;;4
20230313;03;2023;7372034;1;1;01;;2;137.45252835;63;1;4;2;1;1;2;1;1;2;1;1;1;1;1;1;1;1;1;4;5;;;;250000;;;;;;;;;;1;;;1
20230313;03;2023;7372035;1;1;01;;2;224.08056286;63;1;4;1;1;1;2;1;1;2;1;1;3;2;1;1;1;1;1;4;5;;;;280000;;;;;;;;;;1;;;4
20230313;03;2023;7372036;1;1;01;;2;122.75878596;63;1;7;2;1;1;2;2;1;2;1;1;1;1;2;1;1;1;3;4;5;;;;100000;;;;;;;;;;1;;;1
20230313;03;2023;7372037;1;1;01;;2;298.68039526;63;1;7;2;1;1;2;1;1;2;1;1;1;1;2;1;1;1;2;4;3;;;;;100000;;;;;;;;;1;;;4
20230313;03;2023;7372038;1;1;01;;2;320.57720585;63;1;4;2;1;1;2;1;1;2;1;1;1;1;1;1;1;1;2;4;5;;;;200000;;;;;;;;;;1;;;5
20230313;03;2023;7372039;1;1;01;;2;222.12284195;63;1;4;2;1;1;2;1;1;2;1;1;4;3;1;1;1;1;1;4;5;;;;320000;;;;;;;;;;1;;;5
20230313;03;2023;7372040;1;1;01;;2;221.67541805;63;1;7;2;1;1;2;2;1;2;1;1;1;1;2;1;1;1;2;4;5;;;;100000;;;;;;;;;;1;;;3
20230313;03;2023;7372041;1;1;01;;2;254.01807301;63;1;4;2;1;1;2;1;1;2;1;1;3;2;1;1;1;1;1;4;5;;;;250000;;;;;;;;;1;;;NEQUI;3
20230313;03;2023;7372042;1;1;01;;2;218.26951615;63;1;7;2;1;1;2;2;1;2;1;1;1;1;2;1;1;1;2;4;5;;;;200000;;;;;;;;;;1;;;3
20230313;03;2023;7372043;1;1;01;;2;1521.2626197;05;1;5;2;1;1;2;2;1;2;1;1;2;1;3;1;1;1;1;4;4;;;;400000;;;;;;;;;;1;;;2
20230313;03;2023;7372044;1;1;01;;2;2420.5736128;05;1;1;2;1;1;2;2;1;2;1;1;3;2;2;1;1;1;1;4;3;;;;;150000;;1;;;;;;;;;;3
20230313;03;2023;7372045;1;1;01;;2;2298.9608602;05;2;1;2;1;1;2;2;1;2;1;1;4;3;3;1;1;1;1;4;4;;;;200000;;;;;;;;;;1;;;4
20230313;03;2023;7372046;1;1;01;;2;1452.5052141;05;2;1;4;1;1;2;2;1;2;1;1;2;1;3;1;1;1;1;4;3;;;;;200000;;;;;;;;;1;;;1
20230313;03;2023;7372047;1;1;01;;2;2037.5215688;05;1;1;4;1;1;2;2;1;2;1;1;3;1;3;1;1;1;1;4;3;;;;;1000000;;1;;;;;;;;;;1
20230313;03;2023;7372048;1;1;01;;2;1347.4034758;05;1;1;4;1;1;2;2;1;2;1;1;4;2;2;1;1;1;1;4;1;;;98;98;;;1;;;;;;;;;;2
20230313;03;2023;7372049;1;1;01;;2;2037.5215688;05;1;1;2;1;1;2;2;1;2;1;1;1;1;3;1;1;1;6;;4;;;;300000;;;1;;;;;;;;;;1
20230313;03;2023;7372050;1;1;01;;2;2565.9746276;05;1;1;4;1;1;2;2;1;2;1;1;3;2;2;1;1;1;1;4;3;;;;;400000;;1;;;;;;;;;;2
20230313;03;2023;7372051;1;1;01;;2;2783.7209841;05;1;1;4;1;1;2;2;1;2;1;1;3;2;3;1;1;1;1;4;1;;;40000000;500000;;;1;;;;1;;;;;;6
20230313;03;2023;7372052;1;1;01;;2;2660.5912349;05;1;1;4;1;1;2;2;1;2;1;1;3;2;3;1;1;1;1;4;4;;;;400000;;;1;;;;;;;;;;4
20230313;03;2023;7372053;1;1;01;;2;2483.519661;05;1;1;4;1;2;1;2;1;2;1;1;4;2;3;1;1;1;1;3;4;;;;500000;;;1;;;;;;;;;;6
20230313;03;2023;7372054;1;1;01;;2;1905.895732;05;2;1;2;1;2;2;2;1;2;1;1;1;1;3;1;1;1;2;4;1;;;10000000;100000;;;;;;;;;;1;;;1
20230313;03;2023;7372055;1;1;01;;2;2345.1295737;05;1;1;4;1;2;1;2;1;2;1;1;5;2;3;1;1;1;1;3;1;;;98;700000;;;1;;;;;;;;;;3
20230313;03;2023;7372056;1;1;01;;2;1656.7065634;05;2;1;4;1;2;1;2;1;2;1;1;4;3;3;1;1;1;1;3;3;;;;;450000;;;;;;;;;1;;;4
20230313;03;2023;7372057;1;1;01;;2;3636.1173782;05;2;1;2;1;2;1;2;1;2;1;1;3;2;3;1;1;1;1;3;3;;;;;250000;;1;;;;;;;;;;4
20230313;03;2023;7372058;1;1;01;;2;3167.9630377;05;1;1;4;1;2;1;2;1;2;1;1;4;3;3;1;1;1;1;3;1;;;200000000;900000;;;1;;;;1;;;;;;3
20230313;03;2023;7372059;1;1;01;;2;1699.2975782;05;2;1;4;1;2;1;2;1;2;1;1;3;2;3;1;1;1;1;3;3;;;;;500000;;1;;;;;;;;;;2
20230313;03;2023;7372060;1;1;01;;2;2174.2885218;05;2;1;4;1;2;1;2;1;2;1;1;3;3;3;1;1;1;1;3;3;;;;;600000;;1;;;;;;;;;;4
20230313;03;2023;7372061;1;1;01;;2;1699.2975782;05;2;1;4;1;2;2;2;1;2;1;1;3;2;3;1;1;1;1;4;4;;;;500000;;;1;;;;;;;;;;2
20230313;03;2023;7372064;1;1;01;;2;2732.7088295;05;2;1;4;1;2;2;2;1;2;1;1;3;2;3;1;1;1;1;4;3;;;;;560000;;1;;;;;;;;;;3
20230313;03;2023;7372065;1;1;01;;2;3541.6659488;05;2;1;2;1;2;2;2;1;2;1;1;3;2;3;1;1;1;1;4;2;;320000;120000000;300000;;;1;;1;;;;;;;;4
20230313;03;2023;7372066;1;1;01;;2;1779.8726629;05;2;1;2;1;2;1;2;1;2;1;1;3;2;3;1;1;1;1;3;4;;;;500000;;;;;;;;;;1;;;3
20230313;03;2023;7372067;1;1;01;;1;3367.303983;05;2;1;4;1;2;1;1;1;3;1;1;3;2;1;1;1;1;1;3;1;;;25000000;400000;;;1;;;;;;;;;;2
20230313;03;2023;7372068;1;1;01;;1;2375.810889;05;2;1;4;1;2;1;1;1;3;1;1;3;1;1;1;1;1;1;3;1;;;70000000;400000;;;1;;;;1;;;;;;1
20230313;03;2023;7372069;1;1;01;;1;4135.5528883;05;1;1;4;1;2;1;1;1;3;1;1;5;4;1;1;1;1;1;3;1;;;99;650000;;;1;;;;;;;;;;4
20230313;03;2023;7372070;1;1;01;;1;2152.5667002;05;2;1;4;1;2;1;1;1;3;1;1;4;1;1;1;1;1;1;3;1;;;80000000;600000;;;;;;;;;;1;;;2
20230313;03;2023;7372071;1;1;01;;1;4070.0397049;05;2;1;4;1;2;1;1;1;3;1;1;4;3;1;1;1;1;1;3;3;;;;;500000;;1;;;;;;;;;;6
20230313;03;2023;7372072;1;1;01;;1;4810.7707364;05;2;1;4;1;2;1;1;1;3;1;1;4;3;1;1;1;1;1;3;3;;;;;600000;;1;;;;;;;;;;3
20230313;03;2023;7372073;1;1;01;;1;4147.5071908;05;2;1;4;1;2;1;1;1;3;1;1;4;2;1;1;1;1;3;3;3;;;;;200000;;1;;;;1;;;;;;2
20230313;03;2023;7372074;1;1;01;;1;2907.2024785;05;2;1;4;1;2;1;1;1;3;1;1;3;2;1;1;1;1;1;3;3;;;;;400000;;;;;;;;;1;;;3
20230313;03;2023;7372075;1;1;01;;1;3156.0140968;05;2;1;4;1;2;1;1;1;3;1;1;2;1;1;1;1;1;1;3;3;;;;;350000;;;;;;;;;1;;;1
20230313;03;2023;7372076;1;1;01;;1;4147.5071908;05;2;1;4;1;2;1;1;1;3;1;1;3;2;1;1;1;1;3;3;1;;;99;300000;;;;;;;;;;1;;;2
20230313;03;2023;7372077;1;1;01;;1;3924.263002;05;2;1;4;1;2;1;1;1;3;1;1;2;2;1;1;1;1;1;3;3;;;;;600000;;1;;;;;;;;;;3
20230313;03;2023;7372078;1;1;01;;1;2375.810889;05;1;1;4;1;2;2;1;1;3;1;1;4;1;1;1;1;1;1;4;1;;;98;600000;;;;;;;;;;1;;;1
20230313;03;2023;7372079;1;1;01;;1;4147.5071908;05;1;1;2;1;2;1;1;1;3;1;1;3;2;1;1;1;1;1;3;4;;;;500000;;;1;;;;;;;;;;2
20230313;03;2023;7372080;1;1;01;;1;2152.5667002;05;1;1;4;1;2;1;1;1;3;1;1;2;1;1;1;1;1;1;3;4;;;;400000;;;1;;;;;;;;;;2
20230313;03;2023;7372081;1;1;01;;1;2719.4823858;05;2;1;4;1;2;1;1;1;3;1;1;3;2;1;1;1;1;1;3;3;;;;;400000;;1;;;;;;;;;;2
20230313;03;2023;7372082;1;1;01;;1;3980.2351083;05;1;1;2;1;2;1;1;1;3;1;1;2;1;1;1;1;1;1;3;4;;;;300000;;;;;;;;;;1;;;1
20230313;03;2023;7372083;1;1;01;;1;3980.2351083;05;1;1;4;1;2;1;1;1;3;1;1;2;1;1;1;1;1;1;3;3;;;;;350000;;1;;;;;;;;;;1
20230313;03;2023;7372084;1;1;01;;1;3021.1303399;05;3;1;4;1;3;2;1;1;3;1;1;1;1;1;1;1;1;1;4;3;;;;;390000;;;;;;;;;1;;;4
20230313;03;2023;7372085;1;1;01;;1;1462.0374701;05;2;1;4;1;3;2;1;1;3;1;1;2;1;1;1;1;1;3;4;3;;;;;600000;;1;;;;;;;;;;1
20230313;03;2023;7372086;1;1;01;;1;3899.9148353;05;2;1;4;1;3;1;1;1;3;1;1;3;2;1;1;1;1;1;3;3;;;;;600000;;;;;;;;;1;;;4
20230313;03;2023;7372087;1;1;01;;1;3467.6872295;05;3;1;4;1;3;2;1;1;3;1;1;1;1;1;2;1;1;2;4;3;;;;;260000;;1;;;;;;;;;;3
20230313;03;2023;7372088;1;1;01;;1;1462.0374701;05;2;1;4;1;3;2;1;1;3;1;1;2;1;1;1;1;1;6;;3;;;;;260000;;;;;;;;;1;;;1
20230313;03;2023;7372089;1;1;01;;1;3460.1493125;05;3;1;4;1;3;2;1;1;3;1;1;1;1;1;2;1;1;2;4;3;;;;;200000;;;;;;;;;1;;;4
20230313;03;2023;7372090;1;1;01;;1;1942.1625211;05;1;1;4;1;3;1;1;1;3;1;1;3;1;1;1;1;1;1;3;1;;;99;500000;;;;;;;;;;1;;;1
20230313;03;2023;7372091;1;1;01;;1;2449.3754513;05;3;1;4;1;3;2;1;1;3;1;1;1;1;1;2;1;1;2;4;3;;;;;250000;;;;;;;;;1;;;1
20230313;03;2023;7372092;1;1;01;;1;1462.0374701;05;3;1;4;1;3;2;1;1;3;1;1;1;1;1;1;1;1;2;4;3;;;;;300000;;1;;;;;;;;;;1
20230313;03;2023;7372093;1;1;01;;1;1462.0374701;05;3;1;4;1;3;2;1;1;3;1;1;1;1;1;2;1;1;2;4;3;;;;;242000;;;;;;;;;1;;;1
20230313;03;2023;7372094;1;1;01;;1;2657.7546604;05;1;1;4;1;3;1;1;1;3;1;1;3;3;1;1;1;1;1;3;1;;;99;600000;;;1;;;;;;;;;;4
20230313;03;2023;7372095;1;1;01;;1;3310.1848823;05;2;1;4;1;3;2;1;1;3;1;1;2;2;1;1;1;1;2;4;3;;;;;600000;;;;;;;;;1;;;5
20230313;03;2023;7372096;1;1;01;;1;1701.8448157;05;3;1;4;1;3;2;1;1;3;1;1;1;1;1;2;1;1;6;;3;;;;;380000;;;;;;;;;1;;;1
20230313;03;2023;7372097;1;1;01;;1;2152.5667002;05;2;1;4;1;2;1;1;1;3;1;1;3;1;1;1;1;1;1;3;1;;;98;600000;;;1;;;;;;;;;;2
20230313;03;2023;7372098;1;1;01;;2;4204.4964463;05;2;1;2;1;2;1;1;1;2;1;1;2;2;1;1;1;1;1;3;3;;;;;400000;;1;;;;;;;;;;2
20230313;03;2023;7372099;1;1;01;;2;2657.8607222;05;1;1;4;1;2;1;1;1;2;1;1;4;2;1;1;1;1;3;3;3;;;;;450000;;1;;;;;;;;;;2
20230313;03;2023;7372100;1;1;01;;2;3165.2917381;05;1;1;2;1;2;2;1;1;2;1;1;3;2;1;1;1;1;1;4;3;;;;;184000;;1;;;;;;;;;;2
20230313;03;2023;7372101;1;1;01;;2;5280.2481345;05;2;1;2;1;2;1;1;1;2;1;1;2;2;1;1;1;1;1;3;3;;;;;370000;;;;;;;;;1;;;4
20230313;03;2023;7372102;1;1;01;;2;4295.2331738;05;1;1;4;1;2;1;1;1;2;1;1;2;2;1;1;1;1;1;3;3;;;;;400000;;1;;;;;;;;;;4
20230313;03;2023;7372103;1;1;01;;2;4518.1112377;05;2;1;4;1;2;1;1;1;2;1;1;5;2;1;1;1;1;1;3;4;;;;600000;;;1;;;;;;;;;;5
20230313;03;2023;7372105;1;1;01;;2;3974.7125474;05;1;1;4;1;2;2;1;1;2;1;1;2;1;1;1;1;1;1;4;3;;;;;350000;;;;;;;;;1;;;2
20230313;03;2023;7372106;1;1;01;;2;2841.4883077;05;2;1;2;1;2;1;1;1;2;1;1;2;1;1;1;1;1;1;3;3;;;;;350000;;;;;;;;;1;;;1
20230313;03;2023;7372107;1;1;01;;2;6767.9514822;05;2;1;2;1;2;1;1;1;2;1;1;4;3;1;1;1;1;1;3;3;;;;;400000;;1;;;;;;;;;;5
20230313;03;2023;7372108;1;1;01;;1;3750.5716257;05;2;1;4;1;2;1;1;1;3;1;1;3;1;1;1;1;1;1;3;3;;;;;500000;;1;;;;;;;;;;2
20230313;03;2023;7372109;1;1;01;;1;3756.9909195;05;1;1;2;1;2;1;1;1;3;1;1;3;2;1;1;1;1;1;3;1;;;98;400000;;;1;;;;;;;;;;2
20230310;03;2023;7372110;1;1;01;05;1;745.21318397;05;2;1;4;1;4;1;1;1;3;1;1;5;3;1;1;1;1;3;3;4;;;;1800000;;;1;;;;;;;;;;4
20230310;03;2023;7372111;1;1;01;05;1;962.61260715;05;2;1;4;1;4;1;1;1;3;1;1;4;3;1;1;1;1;1;3;1;;;98;98;;;1;;;;;;;;;;3
20230310;03;2023;7372112;1;1;01;05;1;953.88646329;05;2;1;4;1;4;2;1;1;3;1;1;4;1;1;1;1;1;1;4;4;;;;700000;;;1;;;;1;;;;;;2
20230310;03;2023;7372113;1;1;01;05;1;997.92688434;05;1;1;4;1;2;1;1;1;3;1;1;5;1;1;1;1;1;1;3;4;;;;2500000;;;1;;;;;;;;;;1
20230310;03;2023;7372114;1;1;01;05;1;867.20696222;05;2;1;4;1;2;1;1;1;3;1;1;3;2;1;1;1;1;1;3;3;;;;;850000;;1;;;;;;;;;;2
20230310;03;2023;7372115;1;1;01;05;1;962.61260715;05;2;1;4;1;3;1;1;1;2;1;1;4;3;1;1;1;1;1;3;1;;;440000000;1500000;;;1;;;;;;;;;;3
20230310;03;2023;7372116;1;1;01;05;1;1006.6530282;05;2;1;4;1;3;1;1;1;2;1;1;3;2;1;1;1;1;1;3;1;;;100000000;700000;;;1;;;;;;;;;;2
20230310;03;2023;7372117;1;1;01;05;1;809.58027615;05;2;1;4;1;4;1;1;1;2;1;1;4;2;1;1;1;1;1;3;3;;;;;1530000;;1;;;;;;;;;;2
20230310;03;2023;7372118;1;1;01;05;1;953.88646329;05;2;1;4;1;4;1;1;1;2;1;1;4;3;1;1;1;1;1;3;3;;;;;1200000;;1;;;;;;;;;;2
20230310;03;2023;7372120;1;1;01;05;1;969.55215485;05;2;1;4;1;3;1;1;1;2;1;1;4;3;1;1;1;1;1;3;1;;;180000000;900000;;;1;;;;;;;;;;3
20230310;03;2023;7372121;1;1;01;05;1;830.10608886;05;2;1;4;1;3;1;1;1;2;1;1;2;1;1;1;1;1;1;3;1;;;90000000;500000;;1;;;;;;;;;;;3
20230310;03;2023;7372122;1;1;01;05;1;1056.7428777;05;2;1;4;1;4;1;1;1;2;1;1;4;2;1;1;1;1;1;3;3;;;;;1700000;;1;;;;;;;;;;2
20230310;03;2023;7372123;1;1;01;05;1;1258.1251309;05;2;1;4;1;3;1;1;1;2;1;1;3;2;1;1;1;1;1;3;3;;;;;722000;;1;;;;1;1;;;;;2
20230310;03;2023;7372124;1;1;01;05;1;1175.0575851;05;2;1;4;1;3;1;1;1;2;1;1;3;1;1;1;1;1;3;3;3;;;;;700000;;1;;;;;;;;;;1
20230310;03;2023;7372125;1;1;01;05;1;953.88646329;05;2;1;4;1;4;1;1;1;2;1;1;4;2;1;1;1;1;1;3;2;;600000;450000000;2000000;;;1;;;;;;;;;;2
20230310;03;2023;7372126;1;1;01;05;1;1293.4196302;05;2;1;4;1;3;1;1;1;2;1;1;3;2;1;1;1;1;3;3;3;;;;;905000;;1;;;;;;;;;;2
20230310;03;2023;7372127;1;1;01;05;1;1343.3631135;05;2;1;4;1;3;1;1;1;2;1;1;3;1;1;1;1;1;3;3;3;;;;;850000;;1;;;;;;;;;;1
20230310;03;2023;7372128;1;1;01;05;1;1077.2801721;05;2;1;4;1;6;1;1;1;2;1;1;7;2;1;1;1;1;1;3;3;;;;;5000000;1;1;;;;1;1;;;;;3
20230310;03;2023;7372129;1;1;01;05;1;1116.3463117;05;2;1;4;1;6;1;1;1;2;1;1;4;3;1;1;1;1;1;3;2;;1500000;99;4000000;;1;1;;1;;1;1;;;;;4
20230310;03;2023;7372130;1;1;01;05;1;3708.6529494;05;2;1;4;1;1;1;1;1;2;1;1;3;2;1;1;1;1;1;3;1;;;100000000;600000;;;1;;;;;;;;;;1
20230310;03;2023;7372131;1;1;01;05;1;2385.2512861;05;2;1;4;1;1;1;1;1;2;1;1;3;2;1;1;1;1;1;3;3;;;;;640000;;1;;;;;;;;;;3
20230310;03;2023;7372132;1;1;01;08;1;802.5796317;08;2;1;4;1;4;1;1;1;3;1;1;4;1;1;1;1;1;1;3;1;;;220000000;1200000;;;1;;;;;1;;;;;2
20230310;03;2023;7372133;1;1;01;08;1;909.43587992;08;2;1;4;1;4;1;1;1;3;1;1;4;3;1;1;1;1;1;3;1;;;250000000;1500000;;;1;;;;;;;;;;3
20230310;03;2023;7372134;1;1;01;08;1;802.5796317;08;2;1;4;1;4;1;1;1;3;1;1;4;1;1;1;1;1;1;3;1;;;250000000;1000000;;;1;;;;;;;;;;2
20230310;03;2023;7372135;1;1;01;08;1;707.86231334;08;1;1;4;1;3;1;1;1;3;1;1;3;1;1;1;1;1;1;3;1;;;390000000;1000000;;;1;;;;;;;;;;1
20230310;03;2023;7372136;1;1;01;08;1;551.22659509;08;2;1;4;1;1;1;1;1;3;1;1;4;2;1;1;1;1;1;3;1;;;98;400000;;;1;;;;;;;;;;5
20230310;03;2023;7372137;1;1;01;08;1;588.69232292;08;2;1;4;1;1;1;1;1;3;1;1;4;1;1;1;1;1;3;3;1;;;100000000;370000;;;;;;;;;;1;;;1
20230310;03;2023;7372138;1;1;01;08;1;577.98882614;08;1;1;4;1;3;1;1;1;3;1;1;4;1;1;1;1;1;1;3;4;;;;1000000;;;1;;;;;;;;;;1
20230310;03;2023;7372139;1;1;01;08;1;2571.5137273;08;2;1;4;1;2;1;1;1;3;1;1;3;1;1;1;1;1;3;3;2;;490000;100000000;600000;;;1;;;;;;;;;;1
20230310;03;2023;7372140;1;1;01;11;1;4529.9263181;11;2;1;4;1;4;1;1;1;3;1;1;4;2;1;1;1;1;1;3;5;;;;98;;;1;;;;1;1;;;;;2
20230310;03;2023;7372141;1;1;01;11;1;3522.2324353;11;2;1;6;1;4;1;1;1;3;1;1;3;2;1;1;1;1;1;3;3;;;;;1700000;;1;;;;;1;;;;;2
20230310;03;2023;7372142;1;1;01;11;1;4867.3169283;11;2;1;4;1;4;1;1;1;3;1;1;3;2;1;1;1;10;2;3;3;;;;;2000000;;1;;;;;;;;;;1
20230310;03;2023;7372143;1;1;01;11;1;4247.2350549;11;2;1;4;1;4;1;1;1;3;1;1;2;1;1;1;1;10;1;3;3;;;;;1500000;;1;1;;;;1;;;;;2
20230310;03;2023;7372144;1;1;01;11;1;4529.9263181;11;2;1;6;1;2;1;1;1;3;1;1;4;2;1;1;1;1;1;3;3;;;;;800000;;1;;;;1;1;;;;;2
20230310;03;2023;7372145;1;1;01;11;1;3223.566579;11;2;1;4;1;4;1;1;1;3;1;1;4;3;1;1;1;1;1;3;1;;;700000000;3000000;;;1;;;;;;;;;;4
20230310;03;2023;7372146;1;1;01;11;1;4867.3169283;11;2;1;3;1;4;1;1;1;3;1;1;3;1;1;1;1;10;1;3;3;;;;;1950000;;1;;1;;1;1;;;;;1
20230310;03;2023;7372148;1;1;01;11;1;4867.3169283;11;2;1;4;1;2;1;1;1;3;1;1;3;1;1;1;1;1;1;3;2;;600000;130000000;650000;;;1;;1;;;1;;;;;1
20230310;03;2023;7372149;1;1;01;11;1;3679.1908381;11;2;1;4;1;4;1;1;1;3;1;1;3;2;1;1;1;1;1;3;3;;;;;1600000;;1;;;1;1;1;;;;;2
20230310;03;2023;7372152;1;1;01;11;1;4317.2083301;11;2;1;4;1;2;1;1;1;3;1;1;4;2;1;1;1;1;1;3;1;;;99;750000;;;1;;;;;1;;;;;4
20230310;03;2023;7372153;1;1;01;11;1;4867.3169283;11;2;1;4;1;4;1;1;1;3;1;1;3;1;1;1;1;1;1;3;3;;;;;1700000;;1;;;;;;;;;;1
20230310;03;2023;7372154;1;1;01;11;1;2537.0216032;11;2;1;4;1;2;1;1;1;3;1;1;4;3;1;1;1;1;1;3;3;;;;;600000;;1;;;;;;;;;;4
20230310;03;2023;7372155;1;1;01;11;1;3978.6489839;11;2;1;3;1;2;1;1;1;3;1;1;4;1;1;1;1;1;1;3;1;;;120000000;800000;;;1;;;;;1;;;;;1
20230310;03;2023;7372157;1;1;01;11;1;4867.3169283;11;2;1;6;1;4;1;1;1;3;1;1;3;1;1;1;1;10;1;3;2;;2500000;350000000;1500000;;;1;;1;;;1;;;;;1
20230310;03;2023;7372158;1;1;01;11;1;3869.3454404;11;2;1;4;1;3;1;1;1;3;1;1;3;1;1;1;1;1;1;3;4;;;;350000;;;;;;;;;;1;;;1
20230310;03;2023;7372159;1;1;01;11;1;4690.1156854;11;2;1;4;1;2;1;1;1;3;1;1;2;1;1;1;1;1;1;3;1;;;80000000;700000;;;;;1;;;1;;;;;1
20230310;03;2023;7372160;1;1;01;11;1;4690.1156854;11;2;1;4;1;2;1;1;1;3;1;1;2;1;1;1;1;1;1;3;3;;;;;450000;;;;;;;;;1;;;1
20230309;03;2023;7372161;1;1;01;13;1;202.25282147;13;1;5;1;1;1;1;1;1;3;1;1;3;3;1;1;1;1;1;3;1;;;20000000;400000;;;;;;;;;;1;;;6
20230310;03;2023;7372162;1;1;01;13;1;478.30068708;13;2;1;4;1;1;1;1;1;3;1;1;1;1;1;1;1;1;2;3;3;;;;;900000;;1;;;;;;;;;;1
20230310;03;2023;7372163;1;1;01;13;1;426.7739993;13;1;1;4;1;1;1;1;1;3;1;1;3;1;1;1;1;1;1;3;1;;;45000000;350000;;;1;;;;;;;;;;2
20230310;03;2023;7372164;1;1;01;13;1;321.33213585;13;1;5;2;1;1;2;1;1;3;1;1;4;3;1;1;1;1;1;4;1;;;98;200000;;;1;;;;;;;;;;6
20230310;03;2023;7372165;1;1;01;13;1;360.88737687;13;1;5;2;1;1;2;1;1;3;1;1;2;1;1;1;1;1;3;4;1;;;98;100000;;;;;;;;;;1;;;2
20230310;03;2023;7372166;1;1;01;13;1;359.06356555;13;1;1;2;1;1;2;1;1;3;1;1;3;2;1;1;1;1;5;5;3;;;;;200000;;1;;;;;;;;;;4
20230310;03;2023;7372167;1;1;01;13;1;257.28106083;13;2;1;4;1;1;1;1;1;3;1;1;3;2;1;1;1;1;1;3;6;;;;600000;;;1;;;;;;;;;;3
20230310;03;2023;7372168;1;1;01;13;1;207.84688929;13;1;1;4;1;1;1;1;1;3;1;1;3;2;1;1;1;1;3;3;1;;;90000000;700000;;;1;;;;;;;;;;2
20230310;03;2023;7372169;1;1;01;13;1;302.66425946;13;1;5;2;1;1;2;1;1;3;1;1;3;2;1;1;1;1;3;1;5;;;;150000;;;;;;;;;;1;;;5
20230310;03;2023;7372170;1;1;01;13;1;307.20217272;13;1;5;2;1;1;2;1;1;3;1;1;3;2;1;1;1;1;3;5;5;;;;150000;;;;;;;;;;1;;;4
20230310;03;2023;7372171;1;1;01;13;1;293.43048877;13;2;1;2;1;1;2;1;1;3;1;1;2;1;1;1;1;1;3;4;6;;;;200000;;;;;;;;;;1;;;2
20230310;03;2023;7372172;1;1;01;13;1;260.42999309;13;1;1;2;1;1;1;1;1;3;1;1;3;2;1;1;1;1;1;3;3;;;;;250000;;;;;;;;;1;;;8
20230310;03;2023;7372173;1;1;01;13;1;365.69477203;13;1;1;4;1;1;1;1;1;3;1;1;3;2;1;1;1;1;1;3;3;;;;;350000;;;;;;;;;1;;;4
20230310;03;2023;7372174;1;1;01;13;1;264.40078819;13;1;1;4;1;1;1;1;1;3;1;1;3;2;1;1;1;1;1;3;6;;;;500000;;;1;;;;;;;;;;5
20230310;03;2023;7372175;1;1;01;13;1;281.67083954;13;2;1;4;1;1;1;1;1;3;1;1;3;1;1;1;1;1;1;3;3;;;;;400000;;1;;;;;;;;;;2
20230310;03;2023;7372176;1;1;01;13;1;331.12787485;13;2;1;4;1;1;1;1;1;3;1;1;3;2;1;1;1;1;1;3;3;;;;;400000;;1;;;;;;;;;;2
20230310;03;2023;7372177;1;1;01;13;1;107.86817145;13;1;1;4;1;1;1;1;1;3;1;1;5;3;1;1;1;1;1;3;1;;;98;600000;;;1;;;;;;;;;;9
20230310;03;2023;7372178;1;1;01;13;1;191.59123979;13;1;1;4;1;1;1;1;1;3;1;1;4;3;1;1;1;1;1;3;3;;;;;350000;;1;;;;;;;;;;5
20230310;03;2023;7372179;1;1;01;13;1;257.43607052;13;2;1;4;1;1;1;1;1;3;1;1;3;2;1;1;1;1;1;3;3;;;;;600000;;;;;;;;;1;;;5
20230310;03;2023;7372180;1;1;01;13;1;182.68766582;13;1;1;4;1;1;1;1;1;3;1;1;3;2;1;1;1;1;3;3;3;;;;;500000;;1;;;;;;;;;;4
20230310;03;2023;7372181;1;1;01;13;1;250.35023929;13;1;1;4;1;1;1;1;1;3;1;1;4;3;1;1;1;1;1;3;6;;;;400000;;;1;;;;;;;;;;4
20230310;03;2023;7372182;1;1;01;13;1;370.7380636;13;1;1;4;1;1;1;1;1;3;1;1;3;2;1;1;1;1;1;3;3;;;;;100000;;1;;;;;;;;;;5
20230310;03;2023;7372183;1;1;01;13;1;472.37929383;13;2;1;2;1;1;1;1;1;3;1;1;2;1;1;1;1;1;1;3;3;;;;;150000;;;;;;;;;1;;;2
20230310;03;2023;7372184;1;1;01;13;1;387.73669032;13;1;1;4;1;1;1;1;1;3;1;1;3;2;1;1;1;1;1;3;1;;;35000000;350000;;;1;;;;;;;;;;3
20230310;03;2023;7372185;1;1;01;13;1;392.56523616;13;1;1;4;1;1;1;1;1;3;1;1;3;2;1;1;1;1;1;3;1;;;98;350000;;;1;;;;;;;;;;4
20230310;03;2023;7372186;1;1;01;13;1;314.91952922;13;2;1;4;1;1;1;1;1;3;1;1;3;1;1;1;1;1;1;3;4;;;;350000;;;;;;;;;;1;;;2
20230310;03;2023;7372187;1;1;01;13;1;444.09192394;13;2;1;2;1;1;1;1;1;3;1;1;3;1;1;1;1;1;1;3;3;;;;;350000;;1;;;;;;;;;;3
20230310;03;2023;7372188;1;1;01;13;1;628.99186813;13;1;1;4;1;1;1;1;1;3;1;1;1;1;1;1;1;1;2;3;1;;;5000000;80000;;;;;;;;;;1;;;3
20230310;03;2023;7372189;1;1;01;13;1;461.21016301;13;1;1;1;1;1;1;1;1;3;1;1;3;2;1;1;1;1;1;3;1;;;98;600000;;;;;;;;;;1;;;3
20230310;03;2023;7372190;1;1;01;13;1;650.92402618;13;2;1;4;1;1;1;1;1;3;1;1;2;1;1;1;1;1;1;3;3;;;;;300000;;;;;;;;;1;;;1
20230310;03;2023;7372191;1;1;01;13;1;256.33226554;13;1;1;4;1;1;1;1;1;3;1;1;4;3;1;1;1;1;1;3;3;;;;;500000;;;;;;;;;1;;;7
20230310;03;2023;7372192;1;1;01;13;1;567.27622622;13;2;1;4;1;1;1;1;1;3;1;1;3;2;1;1;1;1;1;3;3;;;;;300000;;1;;;;;;;;;;4
20230310;03;2023;7372193;1;1;01;13;1;472.37929383;13;2;1;4;1;1;1;1;1;3;1;1;3;1;1;1;1;1;1;3;1;;;98;400000;;;;;;;;;;1;;;2
20230310;03;2023;7372194;1;1;01;13;1;303.47044225;13;2;1;4;1;2;1;1;1;3;1;1;3;2;1;1;1;1;1;3;3;;;;;700000;;1;;;;;;;;;;3
20230310;03;2023;7372195;1;1;01;13;1;483.1897159;13;1;1;2;1;2;1;1;1;3;1;1;4;2;1;1;1;1;1;3;3;;;;;650000;;;;;;;;;1;;;2
20230310;03;2023;7372196;1;1;01;13;1;338.51859551;13;2;1;4;1;2;1;1;1;3;1;1;3;2;1;1;1;1;3;3;6;;;;600000;;;1;;;;;;;;;;3
20230310;03;2023;7372197;1;1;01;13;1;477.34428586;13;2;1;4;1;2;1;1;1;3;1;1;4;1;1;1;1;1;1;3;1;;;600000000;98;;;1;;;;;;;;;;1
20230310;03;2023;7372198;1;1;01;13;1;526.13075579;13;2;5;1;1;2;2;1;1;3;1;1;3;1;1;1;1;1;4;1;1;;;99;400000;;;;;;;;;;1;;;1
20230310;03;2023;7372199;1;1;01;13;1;504.20174319;13;2;1;2;1;2;1;1;1;3;1;1;4;2;1;1;1;1;1;3;1;;;99;600000;;;1;;;;;;;;;;2
20230310;03;2023;7372200;1;1;01;13;1;526.13075579;13;2;1;2;1;2;1;1;1;3;1;1;3;1;1;1;1;1;1;3;4;;;;500000;;;1;;;;;;;;;;1
20230310;03;2023;7372201;1;1;01;13;1;236.77605332;13;2;1;2;1;2;1;1;1;3;1;1;5;3;1;1;1;1;1;3;4;;;;600000;;;1;;;;;1;;;;;7
20230310;03;2023;7372202;1;1;01;13;1;315.45830408;13;1;1;4;1;2;1;1;1;3;1;1;3;2;1;1;1;1;3;3;6;;;;700000;;;1;;;;;;;;;;4
20230310;03;2023;7372203;1;1;01;13;1;327.93811011;13;2;1;4;1;2;1;1;1;3;1;1;3;2;1;1;1;1;1;3;1;;;150000000;700000;;;1;;;;1;1;;;;;4
20230310;03;2023;7372204;1;1;01;13;1;344.20770434;13;2;1;2;1;2;1;1;1;3;1;1;4;2;1;1;1;1;1;3;3;;;;;500000;;1;;;;;;;;;;3
20230310;03;2023;7372205;1;1;01;13;1;315.45830408;13;2;1;2;1;2;1;1;1;3;1;1;4;2;1;1;1;1;1;3;3;;;;;700000;;1;;;;;1;;;;;4
20230310;03;2023;7372206;1;1;01;13;1;316.0737147;13;2;1;2;1;2;1;1;1;3;1;1;5;3;1;1;1;1;1;3;4;;;;600000;;;1;;;;;;;;;;4
20230310;03;2023;7372207;1;1;01;13;1;134.96904227;13;2;1;4;1;2;1;1;1;3;1;1;4;3;1;1;1;1;1;3;6;;;;600000;;;1;;;;;;;;;;7
20230310;03;2023;7372208;1;1;01;13;1;296.39846405;13;2;1;4;1;2;1;1;1;3;1;1;3;2;1;1;1;1;1;3;3;;;;;700000;;1;;;;;1;;;;;2
20230310;03;2023;7372209;1;1;01;13;1;246.00810155;13;2;1;4;1;2;1;1;1;3;1;1;3;2;1;1;1;1;3;3;6;;;;500000;;;1;;;;;;;;;;4
20230310;03;2023;7372210;1;1;01;13;1;353.80710595;13;2;1;4;1;2;1;1;1;3;1;1;3;2;1;1;1;1;3;3;6;;;;500000;;;1;;;;;;;;;;2
20230310;03;2023;7372211;1;1;01;13;1;353.80710595;13;2;1;4;1;2;1;1;1;2;1;1;3;2;1;1;1;1;3;3;3;;;;;550000;;1;;;;;;;;;;2
20230309;03;2023;7372212;1;1;01;15;1;168.75314097;15;1;1;4;1;3;1;1;1;3;1;1;4;3;1;1;1;1;1;3;4;;;;600000;;;1;;;;;;;;;;4
20230309;03;2023;7372213;1;1;01;15;1;69.004730618;15;1;1;4;1;4;1;1;1;3;1;1;4;3;1;1;1;1;1;3;1;;;200000000;1000000;;;1;;;;;;;;;;3
20230310;03;2023;7372214;1;1;01;15;1;130.02162696;15;2;1;4;1;3;1;1;1;3;1;1;3;2;1;1;1;1;1;3;3;;;;;700000;;1;;;;;1;;;;;3
20230310;03;2023;7372215;1;1;01;15;1;77.903177577;15;2;1;4;1;3;1;1;1;3;1;1;3;1;1;1;1;1;1;3;4;;;;550000;;;1;;;;;;;;;;1
20230310;03;2023;7372216;1;1;01;15;1;116.90372281;15;2;1;4;1;3;1;1;1;3;1;1;4;1;1;1;1;1;1;3;3;;;;;650000;;1;;;;;;;;;;2
20230310;03;2023;7372217;1;1;01;15;1;116.90372281;15;2;1;4;1;3;1;1;1;3;1;1;3;2;1;1;1;1;1;3;1;;;200000000;1500000;;;1;;;;;1;;;;;2
20230310;03;2023;7372218;1;1;01;15;1;51.935451718;15;1;1;4;1;3;1;1;1;3;1;1;3;1;1;1;1;1;1;3;1;;;25000000;300000;;;1;;;;;;;;;;1
20230310;03;2023;7372219;1;1;01;15;1;60.680721154;15;2;1;4;1;3;1;1;1;3;1;1;3;2;1;1;1;1;1;3;3;;;;;550000;;;;;;;;;1;;;2
20230310;03;2023;7372220;1;1;01;15;1;143.75260005;15;2;1;4;1;5;1;1;1;3;1;1;3;1;1;1;1;1;1;3;1;;;220000000;1100000;;;1;;;;;1;;;;;1
20230310;03;2023;7372221;1;1;01;15;1;94.889015199;15;2;1;4;1;3;1;1;1;3;1;1;4;2;1;1;1;1;1;3;1;;;98;500000;;;1;;;;;;;;;;3
20230310;03;2023;7372222;1;1;01;15;1;91.021081732;15;2;1;4;1;3;1;1;1;3;1;1;3;2;1;1;1;1;1;3;3;;;;;600000;;1;;;;;;;;;;2
20230310;03;2023;7372223;1;1;01;15;1;77.935815205;15;1;1;4;1;3;1;1;1;3;1;1;5;2;1;1;1;1;1;3;1;;;200000000;600000;;;1;;;;;;;;;;2
20230310;03;2023;7372224;1;1;01;15;1;140.42335712;15;2;1;4;1;4;1;1;1;3;1;1;4;2;1;1;1;1;3;3;3;;;;;950000;;1;;;;;1;;;;;3
20230310;03;2023;7372225;1;1;01;15;1;118.91320259;15;2;1;4;1;4;1;1;1;3;1;1;4;2;1;1;1;1;1;3;3;;;;;1100000;;;;;;;;;1;;;3
20230310;03;2023;7372226;1;1;01;15;1;62.399691282;15;2;1;4;1;3;1;1;1;3;1;1;3;2;1;1;1;1;1;3;1;;;220000000;500000;;;1;;;;1;1;;;;;2
20230310;03;2023;7372227;1;1;01;15;1;85.675871051;15;2;1;4;1;4;1;1;1;3;1;1;2;1;1;1;1;1;3;3;3;;;;;650000;;1;;;;;;;;;;1
20230310;03;2023;7372228;1;1;01;15;1;99.638399975;15;2;1;4;1;3;1;1;1;3;1;1;3;2;1;1;1;1;1;3;3;;;;;550000;;;;;;;;;1;;;4
20230310;03;2023;7372229;1;1;01;15;1;85.675871051;15;2;1;4;1;4;1;1;1;3;1;1;4;1;1;1;1;1;1;3;2;;1783000;220000000;1200000;;;1;;1;;;;;;;;1
20230310;03;2023;7372230;1;1;01;15;1;132.3952492;15;2;1;4;1;4;1;1;1;3;1;1;4;3;1;1;1;1;1;3;4;;;;1200000;;;;;;;;;;1;;;4
20230310;03;2023;7372231;1;1;01;15;1;56.886217437;15;2;1;4;1;4;1;1;1;3;1;1;4;3;1;1;1;1;1;3;3;;;;;920000;;1;;;;;;;;;;4
20230310;03;2023;7372232;1;1;01;15;1;100.42304433;15;2;1;4;1;4;1;1;1;3;1;1;4;3;1;1;1;1;1;3;2;;1000000;260000000;1200000;;;1;;1;;;1;;;;;5
20230310;03;2023;7372233;1;1;01;15;1;58.01637935;15;2;1;4;1;4;1;1;1;3;1;1;4;3;1;1;1;1;1;3;3;;;;;1020000;;1;;;;;;;;;;3
20230310;03;2023;7372234;1;1;01;15;1;85.693505534;15;2;1;4;1;4;1;1;1;3;1;1;2;1;1;1;1;1;1;3;2;;800000;70000000;600000;;;1;;1;;;;;;;;1
20230310;03;2023;7372235;1;1;01;15;1;123.93311109;15;2;1;4;1;2;1;1;1;3;1;1;3;2;1;1;1;1;1;3;3;;;;;800000;;1;;;;;;;;;;4
20230310;03;2023;7372236;1;1;01;15;1;48.192272503;15;2;1;4;1;3;1;1;1;3;1;1;4;3;1;1;1;1;1;3;2;;1000000;350000000;1000000;;;1;;;;1;;;;;;6
20230310;03;2023;7372237;1;1;01;15;1;79.329510232;15;2;1;4;1;3;1;1;1;3;1;1;3;1;1;1;1;1;1;3;3;;;;;300000;;1;;;;;;;;;;1
20230310;03;2023;7372238;1;1;01;15;1;56.65685642;15;1;1;4;1;3;1;1;1;3;1;1;3;3;1;1;1;1;1;3;4;;;;700000;;;1;;;;1;;;;;;1
20230310;03;2023;7372239;1;1;01;15;1;43.396148937;15;2;1;4;1;3;1;1;1;3;1;1;3;2;1;1;1;1;1;3;1;;;20000000;1000000;;;1;;;;;;;;;;2
20230310;03;2023;7372240;1;1;01;15;1;75.151256414;15;1;1;4;1;3;1;1;1;3;1;1;6;2;1;1;1;1;1;1;1;;;180000000;900000;;;1;;;;;;;;;;2
20230310;03;2023;7372241;1;1;01;15;1;107.39079675;15;1;1;4;1;2;1;1;1;3;1;1;4;3;1;1;1;1;1;3;3;;;;;550000;;1;;;;;;;;;;6
20230310;03;2023;7372242;1;1;01;15;1;104.82828138;15;2;1;4;1;5;1;1;1;3;1;1;3;1;1;1;1;1;1;3;6;;;;1200000;;;1;;;;;;;;;;1
20230310;03;2023;7372243;1;1;01;15;1;116.5888913;15;2;1;4;1;4;1;1;1;3;1;1;3;2;1;1;1;1;1;3;4;;;;950000;;;1;;;;;;;;;;2
20230310;03;2023;7372244;1;1;01;17;1;132.82103977;17;2;1;4;1;3;1;1;1;2;1;1;3;1;1;1;1;1;1;3;1;;;250000000;600000;;;1;;;;;;;;;;2
20230310;03;2023;7372245;1;1;01;17;1;154.64040809;17;1;1;4;1;3;1;1;1;2;1;1;4;2;1;1;1;1;1;3;3;;;;;830000;;1;;;;;;;;;;3
20230310;03;2023;7372246;1;1;01;17;1;64.944073329;17;1;1;3;1;2;1;1;1;2;1;1;4;2;1;1;1;1;1;3;3;;;;;1000000;;1;;;;;;;;;;3
20230310;03;2023;7372247;1;1;01;17;1;135.18530596;17;2;1;4;1;3;2;1;1;2;1;1;2;1;1;1;1;1;1;4;3;;;;;420000;;1;;;;;;;;;;1
20230310;03;2023;7372248;1;1;01;17;1;61.78975426;17;2;1;4;1;2;1;1;1;2;1;1;3;1;1;1;1;1;1;3;1;;;99;600000;;;1;;;;;;;;;;1
20230310;03;2023;7372249;1;1;01;17;1;135.42436358;17;2;1;4;1;3;2;1;1;2;1;1;3;2;1;1;1;1;1;4;1;;;280000000;600000;;;1;;;;;;;;;;2
20230310;03;2023;7372250;1;1;01;17;1;135.42436358;17;1;1;4;1;3;1;1;1;2;1;1;4;2;1;1;1;1;1;3;1;;;200000000;900000;;;1;;;;;;;;;;2
20230310;03;2023;7372251;1;1;01;17;1;82.927055412;17;1;1;3;1;3;1;1;1;2;1;1;6;3;1;1;1;1;1;3;2;;1300000;99;1000000;;;1;;1;;;1;;;;;4
20230310;03;2023;7372252;1;1;01;17;1;168.69862701;17;2;1;4;1;3;1;1;1;2;1;1;4;3;1;1;1;1;1;3;3;;;;;410000;;1;;;;1;1;;;;;3
20230310;03;2023;7372253;1;1;01;17;1;183.2904705;17;1;1;4;1;2;1;1;1;2;1;1;3;2;1;1;1;1;1;3;3;;;;;350000;;1;;;;;1;;;;;3
20230310;03;2023;7372254;1;1;01;17;1;232.36137089;17;1;1;4;1;2;1;1;1;2;1;1;4;3;1;1;1;1;1;3;1;;;500000000;1000000;;;1;;;;1;;;;;;4
20230310;03;2023;7372255;1;1;01;17;1;157.34067237;17;2;1;4;1;4;1;1;1;2;1;1;5;3;1;1;1;1;1;3;4;;;;2000000;;;1;;;;;;;;;;3
20230310;03;2023;7372256;1;1;01;17;1;298.84733947;17;2;1;4;1;6;1;1;1;2;1;1;3;1;1;1;1;1;1;3;1;;;500000000;1500000;;;1;;;;;;;;;;2
20230310;03;2023;7372257;1;1;01;17;1;126.29611365;17;2;1;2;1;3;1;1;1;2;1;1;3;2;1;1;1;1;1;3;3;;;;;300000;;1;;;;;;;;;;2
20230310;03;2023;7372258;1;1;01;17;1;199.19778939;17;2;4;3;1;3;1;1;1;2;1;1;5;4;1;1;1;1;1;3;3;;;;;700000;;1;;;;1;;;;;;4
20230310;03;2023;7372259;1;1;01;17;1;208.29206702;17;2;1;6;1;3;1;1;1;2;1;1;3;2;1;1;1;1;1;3;3;;;;;700000;;;;;;;;;1;;;3
20230310;03;2023;7372260;1;1;01;17;1;203.15854569;17;3;1;6;1;3;1;1;1;2;1;1;1;1;1;2;1;1;1;3;3;;;;;400000;;;;;;;;;1;;;2
20230310;03;2023;7372261;1;1;01;17;1;206.53310633;17;3;1;6;1;3;1;1;1;2;1;1;1;1;1;2;1;1;1;3;3;;;;;360000;;1;;;;1;;;;;;1
20230310;03;2023;7372262;1;1;01;17;1;210.5104066;17;3;1;3;1;3;2;1;1;2;1;1;1;1;1;2;1;1;6;;3;;;;;360000;;1;;;;;;;;;;1
20230310;03;2023;7372263;1;1;01;17;1;143.61462285;17;2;1;4;1;2;1;1;1;2;1;1;4;1;1;1;1;1;1;3;4;;;;550000;;;1;;;;1;;;;;;2
20230309;03;2023;7372264;1;1;01;18;1;124.94457144;18;1;1;4;1;2;1;1;1;2;1;1;5;3;1;1;1;1;1;3;3;;;;;350000;;1;;;;;;;;;;4
20230309;03;2023;7372265;1;1;01;18;1;106.34856602;18;1;5;2;1;1;1;1;1;2;1;1;3;2;1;1;1;1;1;3;5;;;;150000;;;;;;;;;;1;;;4
20230310;03;2023;7372266;1;1;01;18;1;47.488815236;18;1;1;2;1;1;1;1;1;2;1;1;3;2;1;1;1;1;3;3;3;;;;;350000;;;;;;;;;1;;;2
20230310;03;2023;7372267;1;1;01;18;1;72.623227616;18;2;1;2;1;1;1;1;1;2;1;1;4;3;1;1;1;1;1;3;6;;;;200000;;;;;;;;;;1;;;3
20230310;03;2023;7372268;1;1;01;18;1;48.657830535;18;1;1;2;1;1;2;1;1;2;1;1;3;2;1;1;1;1;4;4;4;;;;20000;;;;;;;;;;1;;;2
20230310;03;2023;7372269;1;1;01;18;1;72.096662436;18;2;1;4;1;1;1;1;1;2;1;1;4;1;1;1;1;1;1;3;6;;;;500000;;;1;;;;;;;;;;1
20230310;03;2023;7372270;1;1;01;18;1;192.4206075;18;2;1;2;1;1;1;1;1;2;1;1;3;1;1;1;1;1;3;3;3;;;;;500000;;1;;;;;;;;;;3
20230310;03;2023;7372271;1;1;01;18;1;89.418765014;18;1;1;2;1;1;2;2;1;2;1;1;4;2;2;1;1;2;3;4;3;;;;;250000;;;;;;;;;1;;;4
20230310;03;2023;7372272;1;1;01;18;1;112.24535437;18;1;1;2;1;1;2;2;1;2;1;1;4;2;2;1;1;2;3;4;5;;;;200000;;;;;;;;;;1;;;3
20230310;03;2023;7372273;1;1;01;18;1;44.874200594;18;2;1;4;1;2;1;1;1;2;1;1;3;2;1;1;1;1;1;3;3;;;;;500000;;1;;;;;;;;;;1
20230310;03;2023;7372274;1;1;01;18;1;54.964994497;18;2;1;4;1;2;1;1;1;2;1;1;3;1;1;1;1;1;1;3;3;;;;;350000;;;;;;;;;1;;;1
20230310;03;2023;7372275;1;1;01;18;1;60.017117268;18;1;1;2;1;1;1;1;1;2;1;1;3;1;1;1;1;1;1;3;1;;;99;200000;;;1;;;;;;;;;;1
20230310;03;2023;7372276;1;1;01;18;1;79.964525721;18;1;1;2;1;1;1;1;1;2;1;1;3;2;1;1;1;1;1;3;7;VIVIENDA FAMILIAR;;;200000;;;;;;;;;;1;;;4
20230310;03;2023;7372277;1;1;01;18;1;46.043580366;18;1;1;2;1;1;1;1;1;2;1;1;3;2;1;1;1;1;1;3;7;VIVIENDA FAMILIAR;;;300000;;;;;;;;;;1;;;2
20230310;03;2023;7372278;1;1;01;18;1;75.671330892;18;2;1;4;1;1;1;1;1;2;1;1;3;2;1;1;1;1;1;3;3;;;;;380000;;1;;;;;;;;;;2
20230310;03;2023;7372279;1;1;01;18;1;98.214685077;18;1;1;4;1;1;1;1;1;2;1;1;3;2;1;1;1;1;1;3;2;;380000;99;400000;;;1;;;;;;;;;;3
20230310;03;2023;7372280;1;1;01;18;1;160.76013554;18;1;1;2;1;1;1;1;1;2;1;1;2;1;1;1;1;1;1;3;1;;;99;150000;;;;;;;;;;1;;;1
20230310;03;2023;7372281;1;1;01;18;1;128.01221985;18;2;1;2;1;1;2;2;1;2;1;1;3;2;2;1;1;1;1;4;3;;;;;200000;;;;;;;;;1;;;3
20230310;03;2023;7372282;1;1;01;18;1;67.739977757;18;1;1;2;1;1;2;2;1;2;1;1;3;2;2;1;1;1;1;4;1;;;99;200000;;;;;;;;;;1;;;3
20230310;03;2023;7372283;1;1;01;18;1;82.095215636;18;2;1;2;1;1;1;1;1;2;1;1;3;1;1;1;1;1;3;3;3;;;;;200000;;;;;;;;;1;;;2
20230310;03;2023;7372284;1;1;01;18;1;103.77400289;18;2;1;2;1;1;1;1;1;2;1;1;3;2;1;1;1;1;1;3;1;;;99;300000;;;;;;;;;;1;;;3
20230310;03;2023;7372285;1;1;01;18;1;64.209939483;18;1;1;4;1;2;1;1;1;2;1;1;4;1;1;1;1;1;1;3;4;;;;200000;;;;;;;;;;1;;;1
20230310;03;2023;7372286;1;1;01;18;1;79.82257537;18;2;1;4;1;1;1;1;1;2;1;1;1;1;1;1;1;1;2;3;3;;;;;250000;;;;;;;;;1;;;3
20230310;03;2023;7372287;1;1;01;18;1;65.228321631;18;1;1;4;1;1;2;1;1;2;1;1;4;3;1;1;1;1;3;4;4;;;;300000;;;;;;;;;;1;;;4
20230310;03;2023;7372288;1;1;01;18;1;72.067934183;18;2;1;2;1;1;2;1;1;2;1;1;3;1;1;1;1;1;3;4;3;;;;;250000;;;;;;;;;1;;;2
20230310;03;2023;7372289;1;1;01;18;1;100.02528121;18;1;1;2;1;2;1;1;1;6;1;1;5;2;1;1;1;1;1;3;3;;;;;600000;;1;;;;;1;;;;;3
20230310;03;2023;7372291;1;1;01;18;1;106.75231182;18;2;1;4;1;2;1;1;1;2;1;1;3;2;1;1;1;1;1;3;3;;;;;420000;;1;;;;;;;;;;2
20230310;03;2023;7372292;1;1;01;18;1;102.12384382;18;1;5;2;1;1;1;1;1;2;1;1;3;2;1;1;1;1;1;3;4;;;;200000;;;;;;;;;;1;;;4
20230310;03;2023;7372293;1;1;01;18;1;170.77306939;18;1;1;2;1;1;1;1;1;2;1;1;3;2;1;1;1;1;1;3;4;;;;300000;;;;;;;;;;1;;;3
20230310;03;2023;7372294;1;1;01;18;1;124.22111397;18;1;1;4;1;1;1;1;1;2;1;1;3;2;1;1;1;1;1;3;4;;;;200000;;;1;;;;;;;;;;3
20230310;03;2023;7372295;1;1;01;18;1;85.531342738;18;1;1;4;1;1;2;1;1;2;1;1;4;2;1;1;1;1;1;4;3;;;;;200000;;1;;;;;;;;;;2
20230310;03;2023;7372297;1;1;01;18;1;74.99128897;18;1;1;4;1;2;1;1;1;2;1;1;3;1;1;1;1;1;1;4;1;;;10000000;500000;;;;;;;;;;1;;;2
20230310;03;2023;7372298;1;1;01;18;1;119.81613794;18;1;1;2;1;1;1;1;1;2;1;1;3;3;1;1;1;1;1;3;4;;;;200000;;;;;;;;;;1;;;3
20230310;03;2023;7372299;1;1;01;18;1;96.80568423;18;1;1;4;1;2;1;1;1;2;1;1;4;2;1;1;1;1;1;3;1;;;1500000;700000;;;;;;;;1;;;;;2
20230310;03;2023;7372300;1;1;01;18;1;95.700089332;18;2;1;4;1;1;1;1;1;2;1;1;1;1;1;1;1;1;2;4;3;;;;;180000;;1;;;;;;;;;;2
20230310;03;2023;7372301;1;1;01;18;1;112.84407149;18;1;1;4;1;1;1;1;1;2;1;1;4;3;1;1;1;1;3;3;3;;;;;500000;;;;;;;;;1;;;4
20230310;03;2023;7372302;1;1;01;18;1;100.26921209;18;1;1;4;1;1;1;1;1;2;1;1;4;3;1;1;1;1;3;3;3;;;;;350000;;;;;;;;;1;;;5
20230310;03;2023;7372303;1;1;01;18;1;93.039338954;18;1;1;4;1;1;1;1;1;2;1;1;4;2;1;1;1;1;3;3;3;;;;;400000;;1;;;;1;;;;;;3
20230310;03;2023;7372304;1;1;01;18;1;95.700089332;18;2;1;4;1;2;1;1;1;2;1;1;4;1;1;1;1;1;3;3;3;;;;;550000;;;;;;;;;1;;;2
20230310;03;2023;7372305;1;1;01;18;1;114.71656102;18;2;1;4;1;2;1;1;1;2;1;1;4;3;1;1;1;1;3;3;3;;;;;500000;;;;;;;;;1;;;5
20230310;03;2023;7372306;1;1;01;19;1;106.8367349;19;1;2;2;1;1;1;1;1;3;1;1;2;2;1;1;1;1;1;3;1;;;90000000;200000;;;1;;;;;;;;;;4
20230310;03;2023;7372307;1;1;01;19;1;85.944790753;19;1;1;2;1;1;1;1;1;3;1;1;3;2;1;1;1;1;1;3;3;;;;;200000;;;;;;;;;1;;;3
20230310;03;2023;7372308;1;1;01;19;1;99.000615564;19;2;1;4;1;1;1;1;1;3;1;1;3;2;1;1;1;1;1;3;2;;540000;98;300000;;;;;1;;;;;;;;4
20230310;03;2023;7372309;1;1;01;19;1;37.285333015;19;2;1;4;1;2;1;1;1;3;1;1;5;3;1;1;1;1;1;3;1;;;90000000;500000;;;1;;;;1;;;;;;7
20230310;03;2023;7372310;1;1;01;19;1;84.458851317;19;2;1;2;1;1;1;1;1;3;1;1;3;2;1;1;1;1;1;4;4;;;;400000;;;;;;;;;;1;;;2
20230310;03;2023;7372311;1;1;01;19;1;90.858360182;19;1;5;2;1;1;2;1;1;3;1;1;3;2;1;1;1;1;1;4;4;;;;100000;;;;;;;;;;1;;;3
20230310;03;2023;7372312;1;1;01;19;1;96.682361752;19;1;1;4;1;4;2;1;1;3;1;1;2;1;1;1;1;1;1;4;1;;;250000000;800000;;;;;;;;;;1;;;1
20230310;03;2023;7372313;1;1;01;19;1;63.334796025;19;2;1;4;1;4;2;1;1;3;1;1;4;3;1;1;1;1;1;4;3;;;;;600000;;1;;;;;;;;;;5
20230310;03;2023;7372314;1;1;01;19;1;80.089783332;19;1;1;4;1;1;1;1;1;3;1;1;3;2;1;1;1;1;1;3;4;;;;300000;;;1;;;;1;;;;;;5
20230310;03;2023;7372315;1;1;01;19;1;85.067488158;19;2;1;2;1;1;1;1;1;3;1;1;3;2;1;1;1;1;3;3;4;;;;250000;;;;;;;;;;1;;;4
20230310;03;2023;7372316;1;1;01;19;1;124.52168189;19;1;1;4;1;4;2;1;1;3;1;1;6;1;1;1;1;1;1;4;1;;;250000000;1200000;;;1;;;;;;;;;;2
20230310;03;2023;7372317;1;1;01;19;1;136.44056103;19;2;1;4;1;4;1;1;1;3;1;1;4;2;1;1;1;1;1;3;3;;;;;1100000;;1;;;;1;;;;;;3
20230310;03;2023;7372318;1;1;01;19;1;93.039296381;19;3;1;4;1;3;2;1;1;3;1;1;1;1;1;1;1;1;1;4;3;;;;;300000;;;;;;;;;1;;;2
20230310;03;2023;7372319;1;1;01;19;1;131.79406293;19;3;1;4;1;4;2;1;1;3;1;1;1;1;1;2;1;1;1;4;3;;;;;300000;;1;;;;;;;;;;1
20230310;03;2023;7372320;1;1;01;19;1;294.04698913;19;2;1;4;1;3;1;1;1;3;1;1;5;2;1;1;1;1;1;3;3;;;;;700000;;1;;;;;;;;;;2
20230310;03;2023;7372321;1;1;01;19;1;99.000615564;19;1;1;4;1;1;1;1;1;3;1;1;3;2;1;1;1;1;1;3;2;;330000;98;500000;;;;;;;;;;1;;;4
20230310;03;2023;7372322;1;1;01;19;1;155.65210236;19;1;1;4;1;5;1;1;1;3;1;1;6;1;1;1;1;1;1;3;1;;;5000000000;1700000;;;1;;;;;;;;;;2
20230310;03;2023;7372323;1;1;01;19;1;97.379232826;19;1;1;4;1;2;1;1;1;3;1;1;4;2;1;1;1;1;1;3;3;;;;;300000;;;;;;;;;1;;;2
20230310;03;2023;7372324;1;1;01;19;1;120.85295219;19;1;1;4;1;5;1;1;1;3;1;1;6;1;1;1;1;1;1;3;4;;;;1000000;;;1;;;;;;;;;;1
20230310;03;2023;7372325;1;1;01;19;1;75.736324001;19;1;1;4;1;1;1;1;1;3;1;1;3;2;1;1;1;1;1;3;1;;;70000000;400000;;;;;;;;;;1;;;2
20230310;03;2023;7372326;1;1;01;19;1;201.42158698;19;1;1;4;1;3;1;1;1;3;1;1;4;1;1;1;1;1;1;3;1;;;98;98;;;1;;;;;;;;;;1
20230310;03;2023;7372327;1;1;01;19;1;386.78262037;19;2;1;4;1;3;1;1;1;3;1;1;1;1;1;1;1;1;1;3;3;;;;;260000;;1;;;;1;1;;;;;1
20230310;03;2023;7372328;1;1;01;19;1;66.513594157;19;1;1;4;1;4;1;1;1;3;1;1;7;2;1;1;1;1;1;3;1;;;200000000;800000;;;;;;;;;;1;;;2
20230309;03;2023;7372329;1;1;01;20;1;292.49434251;20;2;1;1;1;1;1;1;1;3;1;1;3;2;1;1;1;1;1;3;1;;;99;350000;;;;;;;;;;1;;;5
20230309;03;2023;7372331;1;1;01;20;1;199.85961748;20;2;1;4;1;2;1;1;1;3;1;1;2;1;1;1;1;1;1;3;3;;;;;400000;;1;;;;;1;;;;;3
20230309;03;2023;7372332;1;1;01;20;1;157.36527059;20;2;1;4;1;2;1;1;1;3;1;1;3;2;1;1;1;1;1;3;3;;;;;450000;;1;;;;;;;;;;6
20230309;03;2023;7372333;1;1;01;20;1;152.96112571;20;2;1;2;1;2;1;1;1;3;1;1;3;2;1;1;1;1;1;3;3;;;;;350000;;;;;;;;;1;;;2
20230309;03;2023;7372334;1;1;01;20;1;165.92216022;20;1;1;4;1;2;1;1;1;3;1;1;3;2;1;1;1;1;1;3;3;;;;;500000;;;;;;;;;1;;;4
20230309;03;2023;7372335;1;1;01;20;1;343.81758931;20;2;1;4;1;2;1;1;1;3;1;1;3;1;1;1;1;1;1;3;3;;;;;650000;;1;;;;;;;;;;2
20230309;03;2023;7372336;1;1;01;20;1;197.05508057;20;1;1;4;1;2;1;1;1;3;1;1;4;2;1;1;1;1;1;3;3;;;;;600000;;1;;;;;;;;;;2
20230309;03;2023;7372337;1;1;01;20;1;343.81758931;20;2;1;4;1;1;1;1;1;3;1;1;2;1;1;1;1;1;1;3;4;;;;400000;;;;;;;;;;1;;;2
20230309;03;2023;7372338;1;1;01;20;1;337.59523811;20;2;1;4;1;1;1;1;1;3;1;1;4;1;1;1;1;1;1;3;4;;;;500000;;;;;;;;;;1;;;2
20230309;03;2023;7372340;1;1;01;20;1;220.6955998;20;1;1;4;1;2;1;1;1;3;1;1;3;2;1;1;1;1;1;3;3;;;;;400000;;1;;;;;;;;;;3
20230309;03;2023;7372341;1;1;01;20;1;225.90398584;20;2;1;4;1;2;1;1;1;3;1;1;3;2;1;1;1;1;1;3;6;;;;300000;;;1;;;;;;;;;;5
20230310;03;2023;7372342;1;1;01;20;1;140.86332366;20;1;1;4;1;2;1;1;1;3;1;1;3;2;1;1;1;1;1;3;1;;;98;98;;;1;;;;;;;;;;7
20230310;03;2023;7372343;1;1;01;20;1;84.622313784;20;1;1;2;1;2;1;1;1;3;1;1;4;3;1;1;1;1;1;3;1;;;150000000;600000;;;1;;;;;;;;;;7
20230310;03;2023;7372344;1;1;01;20;1;172.60179097;20;1;1;2;1;2;1;1;1;3;1;1;3;2;1;1;1;1;1;3;4;;;;400000;;;1;;;;;;;;;;4
20230310;03;2023;7372345;1;1;01;20;1;208.7392687;20;1;1;2;1;2;1;1;1;3;1;1;4;3;1;1;1;1;1;3;1;;;99;500000;;;1;;;;;;;;;;7
20230309;03;2023;7372346;1;1;01;23;1;185.77529981;23;1;1;2;1;1;1;1;1;3;1;1;2;1;1;1;1;1;3;3;1;;;60000000;350000;;;1;;;;;;;;;;3
20230310;03;2023;7372347;1;1;01;23;1;320.28653626;23;2;1;2;1;1;1;1;1;3;1;1;3;1;1;1;1;1;1;3;3;;;;;600000;;1;;;;1;;;;;;1
20230310;03;2023;7372348;1;1;01;23;1;118.83648921;23;2;1;4;1;1;1;1;1;3;1;1;3;2;1;1;1;1;3;3;3;;;;;400000;;1;;;;;;;;;;3
20230310;03;2023;7372349;1;1;01;23;1;233.40261461;23;2;1;2;1;1;1;1;1;3;1;1;3;2;1;1;1;1;1;3;4;;;;400000;;;1;;;;;;;;;;5
20230310;03;2023;7372350;1;1;01;23;1;251.34036325;23;2;1;2;1;1;1;1;1;3;1;1;3;2;1;1;1;1;1;3;1;;;35000000;250000;;;;;;;;;;1;;;4
20230310;03;2023;7372351;1;1;01;23;1;335.24857565;23;2;1;2;1;1;1;1;1;3;1;1;3;2;1;1;1;1;1;3;4;;;;400000;;;;;;;;;;1;;;3
20230310;03;2023;7372352;1;1;01;23;1;294.06359364;23;2;1;4;1;1;1;1;1;3;1;1;3;1;1;1;1;1;1;3;1;;;50000000;300000;;;1;;;;;;;;;;1
20230310;03;2023;7372353;1;1;01;23;1;359.41170263;23;2;1;2;1;1;1;1;1;3;1;1;3;1;1;1;1;1;1;3;4;;;;150000;;;;;;;;;;1;;;1
20230310;03;2023;7372354;1;1;01;23;1;249.7653246;23;2;1;4;1;1;1;1;1;3;1;1;2;1;1;1;1;1;1;3;3;;;;;300000;;;;;;;;;1;;;1
20230310;03;2023;7372355;1;1;01;23;1;117.21588381;23;1;1;4;1;1;1;1;1;3;1;1;4;2;1;1;1;1;1;3;1;;;90000000;600000;;;1;;;;;;;;;;3
20230310;03;2023;7372356;1;1;01;23;1;224.28639824;23;2;1;4;1;1;1;1;1;3;1;1;3;1;1;1;1;1;3;3;5;;;;450000;;;;;;;;;;1;;;2
20230310;03;2023;7372357;1;1;01;23;1;728.48219675;23;1;5;1;1;1;1;1;1;3;1;1;2;1;1;1;1;1;5;5;4;;;;200000;;;;;;;;;;1;;;1
20230310;03;2023;7372358;1;1;01;23;1;548.8375239;23;2;1;2;1;1;1;1;1;3;1;1;3;2;1;1;1;1;3;3;1;;;70000000;600000;;;;;;;;;;1;;;2
20230310;03;2023;7372359;1;1;01;23;1;520.48189769;23;2;1;4;1;1;1;1;1;3;1;1;3;1;1;1;1;1;3;3;1;;;70000000;450000;;;1;;;;;;;;;;2
20230310;03;2023;7372360;1;1;01;23;1;270.44412826;23;1;1;4;1;3;1;1;1;3;1;1;4;3;1;1;1;1;1;3;1;;;70000000;400000;;;1;;;;;;;;;;3
20230310;03;2023;7372361;1;1;01;23;1;415.32018971;23;2;1;4;1;3;1;1;1;3;1;1;2;1;1;1;1;1;1;3;4;;;;500000;;;1;;;;;;;;;;1
20230310;03;2023;7372362;1;1;01;23;1;261.38986102;23;1;1;2;1;3;1;1;1;3;1;1;2;1;1;1;1;1;1;3;1;;;95000000;250000;;;;;;;;;;1;;;1
20230310;03;2023;7372363;1;1;01;23;1;261.38986102;23;1;1;4;1;3;1;1;1;3;1;1;3;1;1;1;1;1;1;3;1;;;135000000;550000;;;1;;;;;;;;;;1
20230310;03;2023;7372364;1;1;01;23;1;292.71334608;23;2;1;4;1;3;1;1;1;3;1;1;3;2;1;1;1;1;1;3;3;;;;;350000;;1;;;;;;;;;;2
20230310;03;2023;7372365;1;1;01;23;1;334.4964464;23;1;1;2;1;1;1;1;1;3;1;1;4;3;2;1;1;1;1;3;1;;;50000000;300000;;;;;;;;;;1;;;2
20230310;03;2023;7372366;1;1;01;;1;1135.0322676;25;1;1;4;1;1;1;1;1;3;1;1;3;2;1;1;1;2;1;3;3;;;;;400000;;;;;;;;;1;;;4
20230310;03;2023;7372367;1;1;01;;1;1880.8983482;25;2;1;4;1;3;1;1;1;3;1;1;3;2;1;1;1;1;1;3;2;;585000;150000000;500000;;;1;;1;;;;;;;;2
20230310;03;2023;7372368;1;1;01;;1;1558.0554788;25;1;1;4;1;3;1;1;1;3;1;1;5;1;1;1;1;1;1;3;4;;;;800000;;;;;;;;;;1;;;1
20230310;03;2023;7372369;1;1;01;27;1;34.298517835;27;1;1;4;1;1;2;2;1;3;2;1;4;2;2;1;1;5;3;4;1;;;150000000;400000;;;1;;;;;;;;;;3
20230310;03;2023;7372370;1;1;01;27;1;38.971955054;27;1;1;2;1;1;2;2;1;1;2;1;3;2;2;1;1;5;3;4;3;;;;;326000;;;;;;1;;;;;;3
20230310;03;2023;7372372;1;1;01;27;1;40.401781387;27;1;1;4;1;1;2;2;1;3;2;1;3;1;2;1;1;5;1;4;3;;;;;450000;;1;;;;;;;;;;1
20230310;03;2023;7372373;1;1;01;27;1;40.401781387;27;1;1;4;1;1;2;2;1;3;2;1;3;1;2;1;1;5;1;4;3;;;;;450000;;1;;;;;;;;;;1
20230310;03;2023;7372374;1;1;01;27;1;37.370238785;27;1;1;4;1;1;2;2;1;3;2;1;4;3;2;1;1;5;1;4;3;;;;;580000;;1;;;;;;;;;;4
20230310;03;2023;7372377;1;1;01;27;1;38.988418566;27;1;1;4;1;1;2;2;1;3;2;1;4;2;2;1;1;5;1;4;4;;;;200000;;;1;;;;;;;;;;2
20230310;03;2023;7372378;1;1;01;27;1;37.563698321;27;1;1;4;1;1;2;2;1;3;2;1;3;1;2;1;1;5;1;4;3;;;;;570000;;1;;;;;;;;;;2
20230310;03;2023;7372379;1;1;01;27;1;41.500953936;27;2;1;4;1;1;2;2;1;3;2;1;5;4;2;1;1;5;1;4;4;;;;500000;;;1;;;;;;;;;;6
20230310;03;2023;7372380;1;1;01;27;1;62.704704798;27;1;1;2;1;1;2;2;1;3;2;1;5;1;3;1;1;5;1;4;4;;;;400000;;;;;;;;;;1;;;1
20230310;03;2023;7372381;1;1;01;27;1;44.734842624;27;1;5;3;1;1;2;2;1;3;2;1;4;2;3;1;1;5;1;4;4;;;;200000;;;;;;;;;;1;;;2
20230310;03;2023;7372382;1;1;01;27;1;62.704704798;27;1;5;3;1;1;2;2;1;3;2;1;4;1;3;1;1;5;1;4;3;;;;;350000;;;;;;;;;1;;;1
20230310;03;2023;7372383;1;1;01;27;1;60.485573982;27;2;1;4;1;1;2;2;1;3;2;1;3;2;3;1;1;5;3;4;3;;;;;370000;;1;;;;;;;;;;3
20230310;03;2023;7372384;1;1;01;27;1;47.608915896;27;2;1;4;1;1;2;2;1;3;2;1;3;1;2;1;1;5;1;4;4;;;;300000;;;1;;;;;;;;;;2
20230310;03;2023;7372385;1;1;01;27;1;61.135344208;27;2;1;4;1;1;2;2;1;3;2;1;3;1;2;1;1;5;1;4;3;;;;;300000;;;;;;;;;1;;;2
20230310;03;2023;7372386;1;1;01;27;1;51.777795953;27;1;1;4;1;1;2;2;1;3;2;1;5;3;2;1;1;5;1;4;1;;;70000000;400000;;;1;;;;;;;;;;3
20230310;03;2023;7372387;1;1;01;27;1;48.827482533;27;1;1;4;1;1;2;2;1;3;2;1;4;3;5;1;1;5;1;4;1;;;80000000;400000;;;1;;;;;;;;;;4
20230310;03;2023;7372388;1;1;01;27;1;55.961458244;27;3;1;2;1;1;2;2;1;3;2;1;2;1;3;1;1;5;3;4;4;;;;200000;;;;;;;;;;1;;;1
20230310;03;2023;7372390;1;1;01;27;1;60.156650366;27;3;1;2;1;1;2;2;1;3;2;1;2;1;2;1;1;5;3;4;3;;;;;300000;;;;;;;;;1;;;3
20230310;03;2023;7372393;1;1;01;27;1;50.661347667;27;3;1;4;1;1;2;2;1;3;2;1;2;1;3;1;1;5;4;4;3;;;;;300000;;;;;;;;;1;;;3
20230310;03;2023;7372394;1;1;01;27;1;58.472716519;27;1;1;2;1;1;2;2;1;3;2;1;2;1;3;1;1;5;1;4;3;;;;;250000;;1;;;;;;;;;;1
20230310;03;2023;7372395;1;1;01;27;1;58.632808706;27;3;1;4;1;1;2;2;1;3;2;1;2;1;3;1;1;5;3;4;4;;;;300000;;;1;;;;;;;;;;1
20230310;03;2023;7372396;1;1;01;27;1;50.661347667;27;3;1;2;1;1;2;2;1;3;2;1;3;2;3;1;1;5;1;4;3;;;;;250000;;1;;;;;;;;;;3
20230310;03;2023;7372397;1;1;01;27;1;53.332698129;27;3;1;4;1;1;2;2;1;3;2;1;3;2;3;1;1;5;1;4;3;;;;;500000;;;;;;;;;1;;;3
20230310;03;2023;7372398;1;1;01;27;1;73.072415726;27;3;1;2;1;1;2;2;1;3;2;1;2;1;3;1;1;5;1;4;3;;;;;250000;;1;;;;;;;;;;3
20230310;03;2023;7372399;1;1;01;27;1;40.50058287;27;1;1;2;1;1;2;2;1;3;2;1;2;1;3;1;1;5;3;1;1;;;60000000;150000;;;1;;;;;;;;;;1
20230310;03;2023;7372400;1;1;01;27;1;32.574266568;27;2;1;4;1;1;2;2;1;3;2;1;5;2;2;1;1;5;1;4;1;;;68000000;600000;;;1;1;1;;;1;;;;;3
20230310;03;2023;7372401;1;1;01;27;1;54.995579888;27;1;1;4;1;1;2;2;1;3;2;1;5;4;2;1;1;5;1;4;1;;;100000000;1000000;;1;1;1;;;;;;;;;6
20230310;03;2023;7372402;1;1;01;27;1;32.670403028;27;1;1;2;1;1;2;2;1;3;2;1;4;2;2;1;1;5;1;4;3;;;;;350000;;1;;;;;;;;;;2
20230310;03;2023;7372403;1;1;01;27;1;57.524070327;27;1;1;2;1;1;2;2;1;3;2;1;3;2;3;1;1;5;1;4;3;;;;;350000;;;;;;;;;1;;;3
20230310;03;2023;7372404;1;1;01;27;1;23.970656621;27;1;1;4;1;1;2;2;1;3;2;1;9;4;3;1;1;5;3;4;1;;;100000000;700000;;;1;;;;;;;;;;5
20230310;03;2023;7372405;1;1;01;27;1;51.116973402;27;1;1;2;1;1;2;2;1;3;2;1;5;4;3;1;1;5;1;4;4;;;;260000;;;;;;;;;;1;;;4
20230310;03;2023;7372406;1;1;01;27;1;57.164196391;27;1;1;2;1;1;2;2;1;3;2;1;3;2;2;1;1;5;1;4;1;;;40000000;400000;;;;;;;;;;1;;;3
20230310;03;2023;7372407;1;1;01;27;1;56.236508319;27;1;1;2;1;1;2;2;1;3;2;1;3;2;3;1;1;5;3;4;3;;;;;210000;;;;;;;;;1;;;5
20230310;03;2023;7372408;1;1;01;27;1;50.634309827;27;1;1;4;1;1;2;2;1;3;2;1;4;1;3;1;1;5;1;4;4;;;;800000;;;1;;;;;;;;;;2
20230310;03;2023;7372409;1;1;01;27;1;36.356225193;27;2;1;2;1;1;2;2;1;3;2;1;1;1;3;1;1;5;1;4;3;;;;;400000;;1;;;;;;;;;;1
20230310;03;2023;7372410;1;1;01;27;1;36.925647069;27;2;1;4;1;1;2;2;1;3;2;1;4;2;3;1;1;5;3;4;3;;;;;500000;;1;;;;;;;;;;2
20230310;03;2023;7372411;1;1;01;27;1;36.356225193;27;2;1;4;1;1;2;2;1;3;2;1;3;1;3;1;1;5;3;4;3;;;;;300000;;1;;;;;;;;;;1
20230310;03;2023;7372413;1;1;01;27;1;50.612928642;27;2;1;4;1;1;2;2;1;3;2;1;3;2;3;1;1;10;3;4;4;;;;600000;;;1;;;;;1;;;;;3
20230310;03;2023;7372414;1;1;01;27;1;36.904265884;27;2;1;4;1;1;2;2;1;3;2;1;3;2;3;1;1;10;1;1;3;;;;;500000;;1;;;;;;;;;;3
20230309;03;2023;7372416;1;1;01;41;1;93.521756786;41;1;1;4;1;2;1;1;1;3;1;1;3;1;1;1;1;1;1;3;3;;;;;600000;;1;;;;;;;;;;1
20230309;03;2023;7372418;1;1;01;41;1;215.86133104;41;2;1;4;1;1;1;1;1;3;1;1;3;1;1;1;1;1;1;3;3;;;;;400000;;1;;;;;;;;;;1
20230309;03;2023;7372419;1;1;01;41;1;90.013031577;41;2;1;4;1;1;1;1;1;3;1;1;3;2;1;1;1;1;3;3;2;;150000;98;98;;;;;;;;;;1;;;2
20230310;03;2023;7372420;1;1;01;41;1;133.07549743;41;1;1;2;1;1;1;1;1;3;1;1;3;2;1;1;1;1;1;3;4;;;;200000;;;;;;;;;;1;;;3
20230310;03;2023;7372421;1;1;01;41;1;194.38662422;41;1;1;2;1;1;1;1;1;3;1;1;4;3;1;1;1;1;1;3;3;;;;;270000;;;;;;;;;1;;;5
20230310;03;2023;7372422;1;1;01;41;1;184.48222728;41;1;1;2;1;1;1;1;1;3;1;1;3;2;1;1;1;1;1;3;3;;;;;400000;;;;;;;;;1;;;5
20230310;03;2023;7372423;1;1;01;41;1;167.22927552;41;1;1;2;1;1;1;1;1;3;1;1;3;2;1;1;1;1;1;3;4;;;;300000;;;;;;;;;;1;;;4
20230310;03;2023;7372424;1;1;01;41;1;169.65552477;41;1;1;2;1;1;1;1;1;3;1;1;4;3;1;1;1;1;3;3;3;;;;;250000;;1;;;;;1;;;;;4
20230310;03;2023;7372425;1;1;01;41;1;158.00434436;41;1;1;2;1;1;1;1;1;3;1;1;4;3;1;1;1;1;1;1;4;;;;300000;;;;;;;;;;1;;;3
20230310;03;2023;7372426;1;1;01;41;1;192.34825208;41;1;1;2;1;1;1;1;1;3;1;1;4;3;1;1;1;1;1;3;1;;;60000000;300000;;;1;;;;;1;;;;;5
20230310;03;2023;7372427;1;1;01;41;1;115.04051141;41;1;1;4;1;2;1;1;1;3;1;1;4;3;1;1;1;1;1;3;1;;;120000000;450000;;;1;;;;;1;;;;;4
20230310;03;2023;7372428;1;1;01;41;1;107.80278171;41;1;1;4;1;2;1;1;1;3;1;1;4;3;1;1;1;1;1;3;1;;;140000000;600000;;;1;;;;;1;;;;;5
20230310;03;2023;7372429;1;1;01;41;1;140.27253056;41;1;1;4;1;2;1;1;1;3;1;1;4;3;1;1;1;1;1;1;4;;;;500000;;;1;;;;;1;;;;;4
20230310;03;2023;7372430;1;1;01;41;1;119.75861306;41;1;1;4;1;2;1;1;1;3;1;1;4;3;1;1;1;1;1;3;1;;;130000000;500000;;;1;;;;;1;;;;;4
20230310;03;2023;7372431;1;1;01;41;1;175.04437589;41;2;1;4;1;2;1;1;1;3;1;1;3;2;1;1;1;1;1;3;3;;;;;380000;;1;;;;;;;;;;2
20230310;03;2023;7372432;1;1;01;41;1;99.518584146;41;2;1;4;1;2;1;1;1;3;1;1;2;1;1;1;1;1;1;3;3;;;;;460000;;1;;;;;;;;;;1
20230310;03;2023;7372433;1;1;01;41;1;96.581147941;41;2;1;4;1;2;1;1;1;3;1;1;4;3;1;1;1;1;1;3;3;;;;;500000;;1;;;;;;;;;;2
20230310;03;2023;7372434;1;1;01;41;1;147.59511718;41;1;1;4;1;2;1;1;1;3;1;1;3;2;1;1;1;1;1;3;3;;;;;250000;;1;;;;;;;;;;3
20230310;03;2023;7372435;1;1;01;41;1;201.14058315;41;1;1;4;1;2;1;1;1;3;1;1;4;3;1;1;1;1;1;3;1;;;80000000;450000;;;1;;;;;;;;;;4
20230310;03;2023;7372436;1;1;01;41;1;139.83771626;41;1;1;4;1;2;1;1;1;3;1;1;3;1;1;1;1;1;1;3;1;;;98;98;;;;;;;;;;1;;;1
20230310;03;2023;7372437;1;1;01;41;1;190.59093954;41;1;1;4;1;2;1;1;1;3;1;1;4;3;1;1;1;1;1;3;3;;;;;500000;;1;;;;;;;;;;4
20230309;03;2023;7372438;1;1;01;44;1;109.70302233;44;6;8;2;1;1;2;2;1;3;1;1;2;2;2;1;1;1;5;5;3;;;;;300000;;;;;;;;;1;;;6
20230309;03;2023;7372439;1;1;01;44;1;83.390269028;44;1;1;4;1;1;1;2;1;3;1;1;3;2;2;1;1;1;1;3;3;;;;;300000;;;;;;;;;1;;;3
20230309;03;2023;7372440;1;1;01;44;1;90.282211597;44;1;1;4;1;2;1;1;1;3;1;1;4;2;1;1;1;10;1;3;1;;;60000000;600000;;;1;;;;1;1;;;;;4
20230310;03;2023;7372441;1;1;01;44;1;53.38645882;44;2;1;4;1;3;1;1;1;6;1;1;3;1;1;1;1;10;1;3;3;;;;;700000;;1;;;;;1;;;;;1
20230310;03;2023;7372442;1;1;01;44;1;47.12552867;44;2;1;4;1;3;1;1;1;6;1;1;2;1;1;1;1;1;1;3;3;;;;;350000;;1;;;;;;;;;;1
20230310;03;2023;7372443;1;1;01;44;1;49.203141396;44;2;1;4;1;3;1;1;1;6;1;1;2;1;1;1;1;10;1;3;3;;;;;350000;;1;;;;;;;;;;2
20230310;03;2023;7372444;1;1;01;44;1;50.496069911;44;1;1;4;1;3;1;1;1;6;1;1;3;1;1;1;1;1;1;3;1;;;180000000;700000;;;;;;;;;;1;;;1
20230310;03;2023;7372445;1;1;01;44;1;36.801128423;44;1;1;2;1;3;2;1;1;6;1;1;2;1;1;1;1;1;4;5;4;;;;350000;;;;;;;;;;1;;;2
20230310;03;2023;7372446;1;1;01;44;1;88.606685843;44;1;1;2;1;2;2;1;1;3;1;1;2;1;1;1;1;10;1;4;3;;;;;500000;;1;;;;;;;;;;1
20230310;03;2023;7372447;1;1;01;44;1;61.069828522;44;1;1;2;1;2;1;1;1;3;1;1;2;1;1;1;1;1;1;3;3;;;;;250000;;;;;;;;;1;;;2
20230310;03;2023;7372448;1;1;01;44;1;117.69301057;44;2;1;2;1;1;1;1;1;3;1;1;3;2;1;1;1;1;1;3;3;;;;;400000;;;;;;;;;1;;;5
20230310;03;2023;7372449;1;1;01;44;1;47.372288656;44;1;1;2;1;1;1;1;1;3;1;1;3;2;1;1;1;1;1;3;3;;;;;300000;;;;;;;;;1;;;3
20230310;03;2023;7372450;1;1;01;44;1;129.06826197;44;2;1;4;1;2;1;1;1;3;1;1;3;2;1;1;1;1;1;3;3;;;;;420000;;;;;;;;;1;;;4
20230310;03;2023;7372451;1;1;01;44;1;66.978053731;44;2;1;4;1;2;1;1;1;3;1;1;4;1;1;1;1;1;1;3;4;;;;500000;;;;;;;;;;1;;;2
20230309;03;2023;7372452;1;1;01;47;1;167.24386136;47;2;1;4;1;6;1;1;1;3;1;1;3;2;1;1;1;10;3;3;4;;;;98;;1;1;;;;;1;;;;;3
20230309;03;2023;7372453;1;1;01;47;1;299.96135755;47;2;1;4;1;4;1;1;1;3;1;1;4;2;1;1;1;10;1;3;1;;;180000000;1000000;;;1;;;;;;;;;;2
20230309;03;2023;7372454;1;1;01;47;1;166.90886166;47;2;1;4;1;3;1;1;1;3;1;1;3;2;1;1;1;10;1;3;3;;;;;900000;;1;;;;;;;;;;5
20230310;03;2023;7372455;1;1;01;47;1;171.40649003;47;2;1;4;1;1;1;1;1;3;1;1;3;2;1;1;1;1;1;3;1;;;98;500000;;;;;;;;;;1;;;2
20230310;03;2023;7372456;1;1;01;47;1;129.77206781;47;1;1;4;1;2;1;1;1;3;1;1;4;1;1;1;1;1;1;3;1;;;120000000;600000;;;1;;;;;;;;;;2
20230310;03;2023;7372457;1;1;01;47;1;159.18514964;47;2;1;4;1;6;1;1;1;3;1;1;3;1;1;1;1;1;1;3;1;;;99;2000000;;;1;;;;;;;;;;1
20230310;03;2023;7372458;1;1;01;47;1;185.39916258;47;2;1;4;1;6;1;1;1;3;1;1;4;2;1;1;1;10;1;3;1;;;99;99;;;1;;;;;;;;;;3
20230310;03;2023;7372459;1;1;01;47;1;259.02636604;47;2;1;4;1;2;1;1;1;3;1;1;4;3;1;1;1;1;1;3;1;;;120000000;600000;;;1;;;;;;;;;;4
20230310;03;2023;7372460;1;1;01;47;1;159.18514964;47;2;1;4;1;6;1;1;1;3;1;1;4;1;1;1;1;10;1;3;1;;;99;99;;;;;;;;;;1;;;1
20230310;03;2023;7372461;1;1;01;47;1;203.50998205;47;2;1;4;1;2;1;1;1;3;1;1;5;3;1;1;1;1;1;3;6;;;;500000;;;1;;;;;;;;;;5
20230310;03;2023;7372462;1;1;01;47;1;221.01388228;47;1;1;4;1;2;1;1;1;3;1;1;5;3;1;1;1;1;1;3;1;;;150000000;600000;;;1;;;;;;;;;;6
20230310;03;2023;7372463;1;1;01;47;1;230.80001728;47;1;1;4;1;1;1;1;1;3;1;1;3;2;1;1;1;1;1;3;5;;;;350000;;;1;;;;1;;;;;;4
20230310;03;2023;7372464;1;1;01;47;1;222.18418438;47;1;1;4;1;2;1;1;1;3;1;1;3;2;1;1;1;1;1;3;3;;;;;550000;;1;;;;;;;;;;3
20230310;03;2023;7372465;1;1;01;47;1;145.51679057;47;2;1;2;1;1;1;1;1;3;1;1;2;1;1;1;1;1;3;3;4;;;;350000;;;1;;;;;;;;;;1
20230310;03;2023;7372466;1;1;01;47;1;217.56442283;47;2;1;2;1;1;1;1;1;3;1;1;4;3;1;1;1;1;1;3;1;;;98;400000;;;1;;;;;;;;;;5
20230310;03;2023;7372467;1;1;01;47;1;158.00615616;47;1;1;4;1;2;1;1;1;3;1;1;5;3;1;1;1;1;1;3;1;;;160000000;500000;;;1;;;;;;;;;;4
20230310;03;2023;7372468;1;1;01;47;1;229.44706238;47;1;1;4;1;2;1;1;1;3;1;1;3;2;1;1;1;1;1;3;3;;;;;560000;;1;;;;;;;;;;3
20230310;03;2023;7372469;1;1;01;47;1;113.70367832;47;1;1;4;1;2;1;1;1;3;1;1;4;1;1;1;1;1;1;3;1;;;99;500000;;;;;;;;;;1;;;1
20230310;03;2023;7372470;1;1;01;47;1;179.6544411;47;2;1;2;1;1;1;1;1;3;1;1;2;1;1;1;1;1;1;3;4;;;;98;;;1;;;;;;;;;;1
20230310;03;2023;7372471;1;1;01;47;1;192.6062966;47;2;1;4;1;1;1;1;1;3;1;1;3;2;1;1;1;1;1;3;1;;;98;500000;;;1;;;;;;;;;;4
20230310;03;2023;7372472;1;1;01;47;1;320.78946507;47;2;1;2;1;1;1;1;1;3;1;1;3;2;1;1;1;1;3;3;1;;;150000000;350000;;;;;;;;;;1;;;5
20230310;03;2023;7372473;1;1;01;47;1;113.70367832;47;2;1;2;1;2;1;1;1;3;1;1;3;1;1;1;1;1;1;3;1;;;40000000;400000;;;;;;;;;;1;;;1
20230309;03;2023;7372474;1;1;01;50;1;298.88727206;50;1;1;4;1;3;1;1;1;3;1;1;4;3;1;1;1;1;1;3;3;;;;;1050000;;1;;;;;;1;;;NEQUI Y DAVIPLATA;3
20230309;03;2023;7372475;1;1;01;50;1;481.66722186;50;1;1;4;1;1;1;1;1;3;1;1;2;1;1;1;1;1;2;3;3;;;;;350000;;1;;;;;;;;;;1
20230309;03;2023;7372476;1;1;01;50;1;387.42502319;50;2;1;4;1;1;1;1;1;3;1;1;3;2;1;1;1;1;1;3;1;;;150000000;700000;;;1;;;;;;;;;;4
20230309;03;2023;7372477;1;1;01;50;1;335.07284999;50;1;1;4;1;3;1;1;1;3;1;1;4;1;1;1;1;1;1;3;4;;;;1400000;;;1;;;;;1;;;;;1
20230310;03;2023;7372478;1;1;01;50;1;282.29580768;50;1;1;4;1;3;1;1;1;3;1;1;4;1;1;1;1;1;1;3;4;;;;900000;;;1;;;;;;;;;;1
20230310;03;2023;7372479;1;1;01;50;1;251.92378864;50;1;1;4;1;4;1;1;1;3;1;1;4;2;1;1;1;1;1;3;3;;;;;1360000;;1;;;;;1;;;;;3
20230310;03;2023;7372480;1;1;01;50;1;184.65180596;50;1;1;4;1;3;1;1;1;3;1;1;4;3;1;1;1;1;1;3;1;;;250000000;700000;;;1;;;;;;;;;;3
20230310;03;2023;7372481;1;1;01;50;1;143.16389174;50;2;1;4;1;3;1;1;1;3;1;1;3;2;1;1;1;1;1;3;3;;;;;400000;;;;;;;;;1;;;3
20230310;03;2023;7372482;1;1;01;50;1;176.31156455;50;2;1;4;1;3;1;1;1;3;1;1;3;2;1;1;1;1;1;3;3;;;;;600000;;;;;;;;;1;;;2
20230310;03;2023;7372483;1;1;01;50;1;271.4776806;50;1;1;4;1;4;1;1;1;3;1;1;4;1;1;1;1;1;1;3;3;;;;;1350000;;;;;;;;;1;1;;1
20230310;03;2023;7372484;1;1;01;50;1;293.20124835;50;1;1;4;1;3;1;1;1;3;1;1;3;2;1;1;1;1;1;3;1;;;200000000;600000;;;;;;;;;;1;;;3
20230310;03;2023;7372485;1;1;01;50;1;182.43179637;50;1;1;4;1;4;1;1;1;3;1;1;4;3;1;1;1;1;1;3;2;;2000000;240000000;1200000;;;1;;;;;;;;;;4
20230310;03;2023;7372486;1;1;01;50;1;148.35094276;50;1;1;4;1;3;1;1;1;3;1;1;4;3;1;1;1;1;1;3;1;;;280000000;700000;;;1;;;;;;;;;;4
20230310;03;2023;7372487;1;1;01;50;1;293.5027737;50;2;1;4;1;3;1;1;1;3;1;1;2;1;1;1;1;1;1;3;3;;;;;1400000;;;;;;;;;1;;;2
20230310;03;2023;7372488;1;1;01;50;1;293.5027737;50;2;1;4;1;3;1;1;1;3;1;1;3;2;1;1;1;1;1;3;3;;;;;400000;;;;;;;;;1;;;2
20230310;03;2023;7372489;1;1;01;50;1;349.3902834;50;1;1;4;1;3;1;1;1;3;1;1;4;2;1;1;1;1;1;3;1;;;300000000;900000;;;1;;;;;;;;;;3
20230310;03;2023;7372490;1;1;01;50;1;422.87869479;50;2;1;4;1;3;1;1;1;3;1;1;2;1;1;1;1;1;1;3;3;;;;;550000;;;;;;;;;1;;;1
20230310;03;2023;7372491;1;1;01;50;1;448.79155329;50;2;1;4;1;3;1;1;1;3;1;1;3;2;1;1;1;1;1;3;3;;;;;500000;;1;;;;;;;;;;2
20230310;03;2023;7372492;1;1;01;50;1;293.58763999;50;2;1;4;1;3;2;1;1;3;1;1;1;1;1;1;1;1;6;;3;;;;;300000;;1;;;;;;;;;;1
20230310;03;2023;7372493;1;1;01;;1;74.509966232;52;1;1;4;1;1;2;2;1;2;1;3;4;3;2;1;1;1;1;4;4;;;;350000;;;1;;;;;;;;;;4
20230310;03;2023;7372493;2;2;01;;1;74.509966232;52;1;1;4;1;1;2;2;1;2;1;3;3;1;2;1;1;1;1;4;1;;;150000000;500000;;;1;;;;;;;;;;1
20230310;03;2023;7372493;3;3;01;;1;74.509966232;52;1;1;4;1;1;2;2;1;2;1;3;3;2;2;1;1;1;1;4;4;;;;400000;;;1;;;;;;;;;;3
20230310;03;2023;7372494;1;1;01;;1;150.56206337;52;1;5;3;1;1;2;2;1;2;1;1;3;2;2;1;1;1;1;4;1;;;95000000;300000;;;1;;;;;;;;;;3
20230310;03;2023;7372495;1;1;01;;1;74.509966232;52;1;1;4;1;1;2;2;1;2;1;1;4;2;2;1;1;1;1;4;3;;;;;500000;;;;;;;;;1;;;4
20230310;03;2023;7372496;1;1;01;;1;195.15269397;52;1;5;4;1;1;2;2;1;2;1;1;4;1;2;1;1;1;1;4;1;;;60000000;200000;;;1;;;;;;;;;;1
20230310;03;2023;7372497;1;1;01;;1;182.22352854;52;1;1;4;1;1;2;2;1;2;1;1;3;1;2;1;1;1;3;4;1;;;45000000;300000;;;;;;;;;;1;;;2
20230310;03;2023;7372498;1;1;01;;1;173.67360854;52;2;1;3;1;1;2;2;1;2;1;1;3;2;2;1;1;1;1;4;4;;;;250000;;;1;;;;;;;;;;2
20230310;03;2023;7372499;1;1;01;;1;155.67961738;52;1;1;4;1;1;2;2;1;2;1;1;3;2;2;1;1;1;1;4;1;;;50000000;250000;;;1;;;;;;;;;;5
20230310;03;2023;7372500;1;1;01;;1;282.98737983;52;2;1;4;1;1;2;2;1;2;1;1;4;3;2;1;1;1;1;1;6;;;;500000;;;1;;;;;;;;;;3
20230310;03;2023;7372501;1;1;01;;1;163.4912288;52;2;1;2;1;1;2;2;1;2;1;1;3;2;2;1;1;1;1;4;6;;;;300000;;;1;;;;;;;;;;2
20230310;03;2023;7372502;1;1;01;;1;222.17079322;52;1;1;2;1;1;2;2;1;2;1;1;4;2;2;1;1;1;1;4;1;;;40000000;300000;;;;;;;;;;1;;;3
20230310;03;2023;7372503;1;1;01;;1;234.28739384;52;2;1;4;1;1;2;2;1;3;1;1;3;2;2;1;1;1;1;4;1;;;90000000;500000;;;1;;;;;;;;;;2
20230310;03;2023;7372504;1;1;01;;1;250.91060653;52;1;1;4;1;1;2;2;1;3;1;1;2;1;2;1;1;1;1;4;1;;;45000000;150000;;;;;;;;;;1;;;1
20230310;03;2023;7372505;1;1;01;;1;95.798528013;52;1;1;4;1;1;1;2;1;3;1;1;4;2;2;1;1;1;1;3;4;;;;400000;;;1;;;;;;;;;;3
20230310;03;2023;7372506;1;1;01;;1;103.86329261;52;2;1;4;1;1;2;2;1;3;1;1;3;2;2;1;1;1;1;4;4;;;;600000;;;1;;;;;;;;;;3
20230310;03;2023;7372507;1;1;01;;1;264.08091337;52;2;5;2;1;1;1;2;1;3;1;1;3;2;2;1;1;1;1;3;4;;;;300000;;;1;;;;;;;;;;6
20230309;03;2023;7372508;1;1;01;52;1;170.51136153;52;2;1;4;1;3;2;1;1;3;1;1;3;2;1;1;1;1;1;4;1;;;250000000;800000;;;1;;;;1;1;;;;;2
20230310;03;2023;7372509;1;1;01;52;1;152.29955342;52;1;1;4;1;3;2;1;1;3;1;1;3;1;1;1;1;1;1;4;1;;;180000000;1000000;;;1;;;;;;;;;;1
20230310;03;2023;7372510;1;1;01;52;1;125.51301767;52;1;1;4;1;3;1;1;1;3;1;1;4;3;1;1;1;1;1;3;2;;1100000;230000000;700000;;;1;;;;1;;;;;;3
20230310;03;2023;7372511;1;1;01;52;1;139.47104033;52;2;1;4;1;3;2;1;1;3;1;1;3;2;1;1;1;1;1;4;3;;;;;700000;;;;;;;;;1;;;2
20230310;03;2023;7372512;1;1;01;52;1;78.875228483;52;1;1;4;1;3;2;1;1;3;1;1;4;3;1;1;1;1;1;4;3;;;;;500000;;;;;;;;;1;;;3
20230310;03;2023;7372513;1;1;01;52;1;143.25428829;52;1;1;4;1;1;1;1;1;3;1;1;6;3;1;1;1;1;1;3;3;;;;;600000;;1;;;;;;;;;;5
20230310;03;2023;7372514;1;1;01;52;1;188.72304567;52;2;1;3;1;2;2;1;1;3;1;1;2;2;1;1;1;1;1;4;3;;;;;300000;;;;;;;;;1;;;3
20230310;03;2023;7372515;1;1;01;52;1;119.26949618;52;1;1;4;1;3;1;1;1;3;1;1;4;3;1;1;1;1;1;3;1;;;130000000;550000;;;1;;;;1;1;;;;;4
20230310;03;2023;7372516;1;1;01;52;1;133.77349398;52;1;1;4;1;3;2;1;1;3;1;1;5;4;1;1;1;1;1;4;2;;1900000;450000000;1000000;;;1;;;;1;;;;;;5
20230310;03;2023;7372517;1;1;01;52;1;143.0666913;52;2;1;4;1;2;1;1;1;3;1;1;4;3;1;1;1;1;1;3;1;;;80000000;450000;;;;;;;;;;1;;;3
20230310;03;2023;7372518;1;1;01;52;1;143.1944179;52;1;1;4;1;3;1;1;1;3;1;1;5;1;1;1;1;1;1;3;1;;;250000000;800000;;;;;;;1;;;;;;2
20230310;03;2023;7372519;1;1;01;52;1;128.62085067;52;1;1;4;1;3;2;1;1;3;1;1;4;2;1;1;1;1;1;4;4;;;;600000;;;1;;;;;;;;;;2
20230310;03;2023;7372520;1;1;01;52;1;197.68300284;52;1;1;4;1;2;1;1;1;3;1;1;3;2;1;1;1;1;1;3;1;;;180000000;400000;;;1;;;;;;;;;;3
20230310;03;2023;7372521;1;1;01;52;1;104.43397949;52;1;1;4;1;3;2;1;1;3;1;1;2;1;1;1;1;1;1;4;3;;;;;300000;;;;;;;;;1;;;1
20230310;03;2023;7372522;1;1;01;52;1;205.36502792;52;2;1;4;1;2;2;1;1;3;1;1;4;3;1;1;1;1;1;4;3;;;;;500000;;;;;;;;;1;;;4
20230310;03;2023;7372523;1;1;01;52;1;187.5720739;52;1;1;4;1;3;2;1;1;3;1;1;4;2;1;1;1;1;1;4;3;;;;;1250000;;;;;;;;;1;;;2
20230310;03;2023;7372524;1;1;01;52;1;196.38091598;52;1;1;4;1;3;2;1;1;3;1;1;4;1;1;1;1;1;1;4;1;;;500000000;1000000;;;1;;;;;;;;;;2
20230310;03;2023;7372525;1;1;01;52;1;184.868972;52;2;1;4;1;3;2;1;1;3;1;1;3;2;1;1;1;1;1;4;1;;;700000000;800000;;;1;;;;;;;;;;2
20230310;03;2023;7372526;1;1;01;52;1;146.20757128;52;1;1;4;1;2;1;1;1;3;1;1;5;1;1;1;1;1;1;3;1;;;180000000;600000;;;1;;;;;;;;;;1
20230310;03;2023;7372527;1;1;01;52;1;140.26228856;52;2;1;4;1;2;2;1;1;3;1;1;3;1;1;1;1;1;1;4;3;;;;;300000;;;;;;;;;1;;;1
20230310;03;2023;7372528;1;1;01;52;1;112.20983085;52;2;1;4;1;3;1;1;1;3;1;1;1;1;1;1;1;1;1;3;3;;;;;580000;;1;;;;;;;;;;1
20230310;03;2023;7372529;1;1;01;52;1;108.72905789;52;2;1;4;1;3;1;1;1;3;1;1;4;2;1;1;1;1;1;3;3;;;;;900000;;1;;;;1;1;;;;;2
20230310;03;2023;7372530;1;1;01;52;1;113.42532418;52;2;1;4;1;2;2;1;1;3;1;1;3;2;1;1;1;1;1;4;3;;;;;600000;;1;;;;;;;;;;3
20230310;03;2023;7372531;1;1;01;52;1;107.86239453;52;1;1;4;1;3;1;1;1;3;1;1;4;1;1;1;1;1;1;3;3;;;;;650000;;1;;;;;;;;;;1
20230310;03;2023;7372532;1;1;01;54;1;671.73659243;54;2;1;4;1;2;1;1;1;3;1;1;3;2;1;1;1;1;1;3;1;;;98;200000;;;;;;;;;;1;;;3
20230310;03;2023;7372533;1;1;01;54;1;436.19750189;54;3;1;4;1;2;2;1;1;3;1;1;1;1;1;1;1;1;2;4;3;;;;;250000;;;;;;;;;1;;;1
20230310;03;2023;7372534;1;1;01;54;1;286.45486972;54;2;1;4;1;2;1;1;1;3;1;1;4;2;1;1;1;1;1;3;4;;;;500000;;;;;;;;;;1;;;5
20230310;03;2023;7372535;1;1;01;54;1;407.22635873;54;1;1;4;1;2;1;1;1;3;1;1;3;2;1;1;1;1;1;3;1;;;80000000;500000;;;;;;;;;;1;;;3
20230310;03;2023;7372536;1;1;01;54;1;217.04259421;54;1;5;2;1;1;2;1;1;3;1;1;3;1;1;1;1;1;1;4;1;;;3000000;200000;;;;;;;;;;1;;;5
20230310;03;2023;7372537;1;1;01;54;1;360.63510464;54;1;5;1;1;1;2;1;1;3;1;1;3;2;1;1;1;1;1;4;5;;;;200000;;;1;;;;;1;;;;;2
20230310;03;2023;7372538;1;1;01;54;1;707.53588747;54;3;1;4;1;2;2;1;1;3;1;1;2;2;1;1;1;1;1;4;3;;;;;380000;;;;;;;;;1;;;4
20230310;03;2023;7372539;1;1;01;54;1;414.25167102;54;2;1;4;1;2;2;1;1;3;1;1;2;2;1;1;1;1;1;4;4;;;;400000;;;;;;;;;;1;;;2
20230310;03;2023;7372540;1;1;01;54;1;261.68863545;54;1;1;2;1;1;1;1;1;3;1;1;3;1;1;1;1;1;1;3;4;;;;250000;;;;;;;;;;1;;;2
20230310;03;2023;7372541;1;1;01;54;1;418.82213932;54;1;1;4;1;1;1;1;1;3;1;1;4;3;1;1;1;1;1;3;5;;;;400000;;;1;;;;;;;;;;4
20230310;03;2023;7372542;1;1;01;54;1;268.81858844;54;1;1;2;1;2;1;1;1;3;1;1;3;2;1;1;1;1;1;3;4;;;;400000;;;1;;;;;;;;;;2
20230310;03;2023;7372543;1;1;01;54;1;278.32624343;54;1;1;2;1;1;1;1;1;3;1;1;3;2;1;1;1;1;1;3;3;;;;;300000;;;;;;;;;1;;;3
20230310;03;2023;7372544;1;1;01;54;1;594.68733868;54;1;1;4;1;2;1;1;1;3;1;1;2;1;1;1;1;1;1;3;1;;;98;400000;;;;;;;;;;1;;;1
20230310;03;2023;7372545;1;1;01;54;1;929.42630189;54;2;1;4;1;2;2;1;1;3;1;1;2;2;1;1;1;1;1;4;4;;;;200000;;;;;;;;;;1;;;2
20230310;03;2023;7372546;1;1;01;54;1;416.05376234;54;1;1;4;1;1;1;1;1;3;1;1;3;1;1;1;1;1;1;3;4;;;;300000;;;1;;;;;;;;;;5
20230310;03;2023;7372547;1;1;01;54;1;383.44679295;54;1;1;4;1;2;1;1;1;3;1;1;4;2;1;1;1;1;1;3;3;;;;;450000;;1;;;;;;;;;;4
20230310;03;2023;7372548;1;1;01;54;1;360.53381513;54;2;1;4;1;2;2;1;1;3;1;1;2;1;1;1;1;1;1;4;4;;;;300000;;;;;;;;;;1;;;5
20230310;03;2023;7372549;1;1;01;54;1;307.26248762;54;1;1;4;1;2;1;1;1;3;1;1;4;1;1;1;1;1;1;3;1;;;80000000;400000;;;;;;;;;;1;;;2
20230310;03;2023;7372550;1;1;01;54;1;301.31699932;54;1;1;4;1;2;1;1;1;3;1;1;6;3;1;1;1;1;1;3;1;;;100000000;500000;;;;;;;;;;1;;;5
20230310;03;2023;7372551;1;1;01;54;1;406.71982246;54;1;1;4;1;2;2;1;1;3;1;1;2;1;1;1;1;1;1;4;3;;;;;450000;;;;;;;;;1;;;2
20230310;03;2023;7372552;1;1;01;54;1;491.08323133;54;2;1;4;1;2;1;1;1;3;1;1;3;2;1;1;1;1;1;3;3;;;;;400000;;1;;;;;;;;;;4
20230310;03;2023;7372553;1;1;01;54;1;298.74447104;54;1;1;4;1;2;1;1;1;3;1;1;3;3;1;1;1;1;1;3;1;;;110000000;500000;;;;;;;;;;1;;;5
20230310;03;2023;7372554;1;1;01;54;1;217.24660719;54;2;1;4;1;2;2;1;1;3;1;1;3;2;1;1;1;1;1;4;3;;;;;450000;;1;;;;;;;;;;5
20230310;03;2023;7372555;1;1;01;54;1;269.39174247;54;1;1;2;1;2;1;1;1;3;1;1;3;3;1;1;1;1;1;3;1;;;40000000;400000;;;;;;;;;;1;;;5
20230310;03;2023;7372556;1;1;01;54;1;273.30865091;54;2;1;4;1;2;1;1;1;3;1;1;2;2;1;1;1;1;1;3;1;;;60000000;500000;;;1;;;;1;;;;;;3
20230310;03;2023;7372557;1;1;01;54;1;394.08546756;54;2;1;4;1;2;1;1;1;3;1;1;3;2;1;1;1;1;1;3;3;;;;;600000;;1;;;;1;1;;;;;3
20230310;03;2023;7372558;1;1;01;54;1;338.03915037;54;2;1;4;1;2;1;1;1;3;1;1;4;3;1;1;1;1;1;3;3;;;;;550000;;1;;;;;;;;;;4
20230310;03;2023;7372559;1;1;01;54;1;2169.4001528;54;1;1;4;1;2;1;1;1;3;1;1;3;2;1;1;1;1;1;3;2;;800000;150000000;800000;;;1;;1;1;1;;;;;;3
20230310;03;2023;7372560;1;1;01;54;1;283.84469755;54;1;1;4;1;2;1;1;1;3;1;1;2;2;1;1;1;1;1;3;1;;;99;350000;;;1;;;;;;;;;;2
20230310;03;2023;7372561;1;1;01;54;1;340.44133032;54;2;1;2;1;2;2;1;1;3;1;1;3;2;1;1;1;1;1;4;3;;;;;400000;;1;;;;;;;;;;2
20230310;03;2023;7372562;1;1;01;54;1;302.7090482;54;2;1;4;1;2;1;1;1;3;1;1;3;1;1;1;1;1;1;3;3;;;;;650000;;1;;;;;;;;;;1
20230309;03;2023;7372563;1;1;01;63;1;106.74988662;63;2;1;4;1;4;1;1;1;3;1;1;3;1;1;1;1;1;1;3;3;;;;;880000;;1;;;;;;;;;;1
20230309;03;2023;7372564;1;1;01;63;1;175.03543162;63;2;1;4;1;4;1;1;1;3;1;1;5;2;1;1;1;1;1;3;3;;;;;1700000;;1;;;;;;;;;;2
20230310;03;2023;7372565;1;1;01;63;1;139.40325198;63;1;1;4;1;2;1;1;1;3;1;1;4;3;1;1;1;1;1;3;1;;;99;600000;;;1;;;;;;;;;;3
20230310;03;2023;7372566;1;1;01;63;1;104.28586885;63;1;1;4;1;2;1;1;1;3;1;1;4;3;1;1;1;1;1;3;1;;;98;500000;;;1;;;;;;;;;;3
20230310;03;2023;7372567;1;1;01;63;1;79.871984904;63;1;1;4;1;2;1;1;1;3;1;1;4;1;1;1;1;1;1;3;1;;;98;500000;;;1;;;;;;;;;;1
20230310;03;2023;7372568;1;1;01;63;1;107.48614412;63;1;1;4;1;2;1;1;1;3;1;1;5;2;1;1;1;1;1;3;3;;;;;600000;;1;;;;;;;;;;3
20230310;03;2023;7372569;1;1;01;63;1;79.871984904;63;1;1;4;1;2;1;1;1;3;1;1;4;1;1;1;1;1;1;3;1;;;98;450000;;;;;;;;;;1;;;1
20230310;03;2023;7372570;1;1;01;63;1;74.296262;63;1;1;4;1;2;1;1;1;3;1;1;4;2;1;1;1;1;1;3;6;;;;450000;;;1;;;;;;;;;;2
20230310;03;2023;7372571;1;1;01;63;1;137.91632531;63;2;1;4;1;2;2;1;1;3;1;1;3;1;1;1;1;1;1;4;4;;;;150000;;;;;;;;;;1;;;1
20230310;03;2023;7372572;1;1;01;63;1;139.87009641;63;2;1;4;1;2;1;1;1;3;1;1;5;4;1;1;1;1;1;3;1;;;99;700000;;;;;;;;;;1;;;7
20230310;03;2023;7372574;1;1;01;63;1;99.83998113;63;1;1;4;1;2;1;1;1;3;1;1;4;1;1;1;1;1;1;3;6;;;;500000;;;1;;;;;;;;;;1
20230310;03;2023;7372575;1;1;01;63;1;130.94667168;63;1;1;4;1;2;1;1;1;3;1;1;4;1;1;1;1;1;1;3;6;;;;600000;;;;;;;;;;1;;;2
20230310;03;2023;7372576;1;1;01;63;1;180.63438298;63;1;1;4;1;2;1;1;1;3;1;1;4;2;1;1;1;1;1;3;3;;;;;500000;;1;;;;;;;;;;3
20230310;03;2023;7372577;1;1;01;63;1;136.55267942;63;1;1;4;1;2;1;1;1;3;1;1;6;5;1;1;1;1;1;3;6;;;;600000;;;1;;;;;;;;;;7
20230310;03;2023;7372578;1;1;01;63;1;103.77632447;63;2;1;4;1;4;1;1;1;3;1;1;4;1;1;1;1;1;1;3;3;;;;;900000;;1;;1;;1;1;;;;;1
20230310;03;2023;7372579;1;1;01;63;1;277.25911958;63;1;1;4;1;2;1;1;1;3;1;1;4;3;1;1;1;1;1;3;2;;600000;140000000;600000;;;1;;;;;1;;;;;5
20230310;03;2023;7372580;1;1;01;63;1;127.2421106;63;2;1;4;1;2;1;1;1;3;1;1;4;2;1;1;1;1;1;3;3;;;;;600000;;;;;;;;1;;;DAVIPLATA;2
20230310;03;2023;7372581;1;1;01;63;1;116.3970415;63;1;1;4;1;2;1;1;1;3;1;1;5;1;1;1;1;1;1;3;1;;;98;800000;;;1;;;;;;;;;;2
20230310;03;2023;7372582;1;1;01;63;1;116.3970415;63;2;1;4;1;1;1;1;1;3;1;1;3;1;1;1;1;1;1;3;2;;1050000;120000000;400000;;;1;;1;;;;;;;;2
20230310;03;2023;7372583;1;1;01;63;1;149.71882688;63;2;1;4;1;1;1;1;1;3;1;1;3;2;1;1;1;1;1;3;3;;;;;400000;;;;;;;;1;;;DAVIPLATA;3
20230310;03;2023;7372584;1;1;01;63;1;115.04169942;63;2;1;4;1;1;1;1;1;3;1;1;3;2;1;1;1;1;1;3;3;;;;;350000;;1;;;;;;;;;;4
20230310;03;2023;7372585;1;1;01;63;1;109.45740104;63;1;7;1;1;0;2;1;1;3;1;1;1;1;1;1;1;1;6;;5;;;;30000;;;;;;;;;;1;;;1
20230310;03;2023;7372586;1;1;01;63;1;109.45740104;63;1;7;2;1;1;2;1;1;3;1;1;1;1;1;1;1;1;6;;3;;;;;120000;;;;;;;;;1;;;1
20230310;03;2023;7372587;1;1;01;63;1;104.96897345;63;1;7;1;1;1;2;1;1;3;1;1;2;1;1;1;1;1;1;4;3;;;;;150000;;;;;;;;;1;;;4
20230310;03;2023;7372588;1;1;01;63;1;69.983961464;63;1;7;1;1;1;2;1;1;3;1;1;2;1;1;1;1;1;1;4;3;;;;;200000;;;;;;;;;1;;;3
20230310;03;2023;7372589;1;1;01;63;1;134.03222367;63;1;1;2;1;1;2;1;1;3;1;1;2;1;1;1;1;1;1;4;5;;;;250000;;;;;;;;;;1;;;4
20230310;03;2023;7372590;1;1;01;63;1;162.5632406;63;2;1;4;1;3;1;1;1;3;1;1;4;3;1;1;1;1;3;3;3;;;;;800000;;;;;;;;;1;;;5
20230310;03;2023;7372591;1;1;01;63;1;134.96263656;63;1;1;4;1;3;1;1;1;3;1;2;6;3;1;2;1;1;1;3;1;;;140000000;900000;;;1;;;;;;;;;;3
20230310;03;2023;7372591;2;2;01;63;1;134.96263656;63;1;1;4;1;3;1;1;1;3;1;2;1;1;1;2;1;1;6;;3;;;;;80000;;;;;;;;;1;;;1
20230310;03;2023;7372592;1;1;01;63;1;127.70030122;63;2;1;4;1;3;1;1;1;3;1;1;3;1;1;1;1;1;1;3;3;;;;;500000;;1;;;;;;;;;;1
20230310;03;2023;7372593;1;1;01;63;1;185.03301074;63;2;1;4;1;3;1;1;1;3;1;1;3;2;1;1;1;1;1;3;3;;;;;400000;;1;;;;;;;;;;6
20230310;03;2023;7372594;1;1;01;63;1;92.444426972;63;2;1;4;1;3;1;1;1;3;1;1;3;1;1;1;1;1;1;3;1;;;98;400000;;;;;;;;;;1;;;1
20230310;03;2023;7372595;1;1;01;63;1;138.90275064;63;2;1;4;1;4;1;1;1;3;1;1;4;2;1;1;1;1;1;3;3;;;;;1000000;;1;;;;;;;;;;3
20230310;03;2023;7372596;1;1;01;63;1;136.10944369;63;2;1;4;1;4;1;1;1;3;1;1;3;1;1;1;1;1;1;3;3;;;;;850000;;1;;;;;;;;;;2
20230310;03;2023;7372597;1;1;01;63;1;143.35388653;63;2;1;4;1;4;1;1;1;3;1;1;4;1;1;1;1;1;1;3;3;;;;;800000;;1;;;;;;;;;;1
20230310;03;2023;7372598;1;1;01;63;1;153.82398948;63;1;1;4;1;2;1;1;1;3;1;1;3;2;1;1;1;1;1;3;1;;;80000000;400000;;;1;;;;;;;;;;3
20230310;03;2023;7372600;1;1;01;63;1;199.168271;63;1;1;4;1;2;1;1;1;3;1;1;5;1;1;1;1;1;1;3;1;;;170000000;700000;;;1;;;;;;;;;;2
20230310;03;2023;7372601;1;1;01;63;1;116.3970415;63;1;1;4;1;1;1;1;1;3;1;1;3;1;1;1;1;1;1;3;1;;;60000000;300000;;;1;;;;;;;;;;2
20230310;03;2023;7372602;1;1;01;63;1;122.59228917;63;2;1;4;1;1;1;1;1;3;1;1;3;1;1;1;1;1;1;3;3;;;;;350000;;1;;;;;;;;;;1
20230310;03;2023;7372603;1;1;01;63;1;127.2421106;63;1;1;4;1;1;1;1;1;3;1;1;3;1;1;1;1;1;1;3;3;;;;;450000;;1;;;;;;;;;;2
20230310;03;2023;7372604;1;1;01;66;1;163.22290603;66;1;1;4;1;1;1;1;1;3;1;1;6;2;1;1;1;1;1;3;4;;;;600000;;;1;;;;;;;;;;4
20230310;03;2023;7372605;1;1;01;66;1;197.43414191;66;1;1;4;1;2;1;1;1;3;1;1;2;1;1;1;1;1;1;3;1;;;30000000;300000;;;;;;;;;;1;;;1
20230310;03;2023;7372606;1;1;01;66;1;319.46205395;66;1;1;4;1;2;1;1;1;3;1;1;2;1;1;1;1;1;1;3;3;;;;;300000;;1;;;;;;;;;;4
20230310;03;2023;7372607;1;1;01;66;1;157.4522932;66;2;1;4;1;4;1;1;1;3;1;1;4;1;1;1;1;1;1;3;4;;;;750000;;;1;;;;;;;;;;2
20230310;03;2023;7372608;1;1;01;66;1;197.27523675;66;2;1;4;1;4;1;1;1;3;1;1;4;2;1;1;1;1;1;3;1;;;25000000;800000;;;1;;;;;;;;;;1
20230310;03;2023;7372609;1;1;01;66;1;775.0494609;66;2;1;4;1;4;1;1;1;2;1;1;4;3;1;1;1;1;1;3;1;;;150000000;1000000;;;1;;;;;;;;;;5
20230310;03;2023;7372610;1;1;01;66;1;589.24783052;66;2;1;4;1;4;1;1;1;2;1;1;3;1;1;1;1;1;1;3;3;;;;;1200000;;1;;;;;;;;;;1
20230310;03;2023;7372611;1;1;01;66;1;478.20178977;66;2;1;4;1;4;1;1;1;2;1;1;3;1;1;1;1;1;1;3;4;;;;1000000;;;1;;;;;;;;;;1
20230310;03;2023;7372612;1;1;01;66;1;173.13573213;66;1;1;4;1;2;1;1;1;3;1;1;4;3;1;1;1;1;1;3;3;;;;;400000;;1;;;;;;;;;;4
20230310;03;2023;7372613;1;1;01;66;1;567.93033404;66;2;1;4;1;4;1;1;1;2;1;1;4;3;1;1;1;1;1;3;1;;;200000000;800000;;;1;;;;;;;;;;2
20230310;03;2023;7372615;1;1;01;66;1;110.32830912;66;1;1;4;1;3;1;1;1;3;1;1;6;1;1;1;1;1;1;3;4;;;;800000;;;1;;;;;;;;;;1
20230310;03;2023;7372616;1;1;01;66;1;819.05399105;66;2;1;4;1;4;1;1;1;2;1;1;3;3;1;1;1;1;1;3;2;;1005000;350000000;1200000;;;1;;;;;;;;;;3
20230310;03;2023;7372617;1;1;01;66;1;178.79664446;66;1;1;4;1;3;1;1;1;3;1;1;6;3;1;1;1;1;1;3;1;;;200000000;800000;;;1;;;;;;;;;;4
20230310;03;2023;7372618;1;1;01;66;1;115.82802992;66;2;1;4;1;1;1;1;1;1;1;1;3;1;1;1;1;1;1;3;1;;;90000000;450000;;;1;;;;;;;;;;1
20230310;03;2023;7372619;1;1;01;66;1;210.81740206;66;1;1;4;1;3;1;1;1;3;1;1;3;2;1;1;1;1;1;3;2;;550000;150000000;550000;;;1;;;;;;;;;;3
20230310;03;2023;7372620;1;1;01;66;1;144.27977677;66;2;1;4;1;3;1;1;1;3;1;1;4;3;1;1;1;1;1;3;3;;;;;780000;;1;;;;;;;;;;4
20230310;03;2023;7372621;1;1;01;66;1;194.53240454;66;2;1;4;1;3;1;1;1;3;1;1;4;1;1;1;1;1;1;3;1;;;160000000;600000;;;1;;;;1;;;;;;2
20230310;03;2023;7372622;1;1;01;66;1;234.2721729;66;2;1;4;1;2;1;1;1;3;1;1;3;2;1;1;1;1;1;3;3;;;;;550000;;1;;;;;;;;;;4
20230310;03;2023;7372623;1;1;01;66;1;144.7850374;66;1;1;4;1;3;1;1;1;3;1;1;3;1;1;1;1;1;1;3;1;;;75000000;550000;;;1;;;;;;;;;;1
20230310;03;2023;7372624;1;1;01;66;1;163.53586956;66;2;1;4;1;4;2;1;1;3;1;1;3;1;1;1;1;1;1;4;4;;;;500000;;;;;;;;;;1;;;1
20230310;03;2023;7372625;1;1;01;66;1;166.45098101;66;1;1;4;1;4;1;1;1;3;1;1;4;1;1;1;1;1;1;3;4;;;;900000;;;;;;;;;;1;;;1
20230310;03;2023;7372626;1;1;01;66;1;132.71961762;66;2;1;4;1;4;2;1;1;3;1;1;4;1;1;1;1;1;3;4;3;;;;;1000000;;1;;;;;;;;;;1
20230310;03;2023;7372627;1;1;01;66;1;212.52101151;66;1;1;4;1;2;2;1;1;3;1;1;2;1;1;1;1;1;1;4;3;;;;;250000;;;;;;;;;1;;;2
20230310;03;2023;7372628;1;1;01;66;1;173.97909929;66;2;1;4;1;3;1;1;1;3;1;1;3;2;1;1;1;1;1;3;3;;;;;550000;;;;;;;;;1;;;3
20230310;03;2023;7372629;1;1;01;66;1;597.75223721;66;1;1;4;1;1;1;1;1;2;1;1;3;1;1;1;1;1;1;3;1;;;150000000;300000;;;;;;;;;;1;;;1
20230310;03;2023;7372630;1;1;01;66;1;180.5372331;66;2;1;4;1;2;2;1;1;3;1;1;2;1;1;1;1;1;1;4;3;;;;;450000;;;;;;;;;1;;;1
20230310;03;2023;7372631;1;1;01;66;1;206.4883167;66;2;1;4;1;2;1;1;1;3;1;1;3;2;1;1;1;1;1;3;3;;;;;350000;;1;;;;;;;;;;3
20230310;03;2023;7372632;1;1;01;66;1;226.31641185;66;2;1;4;1;3;1;1;1;3;1;1;4;3;1;1;1;1;1;3;3;;;;;500000;;1;;;;;;;;;;6
20230310;03;2023;7372633;1;1;01;66;1;312.00889838;66;2;1;4;1;2;1;1;1;3;1;1;2;2;1;1;1;1;1;3;3;;;;;380000;;1;;;;;;;;;;4
20230310;03;2023;7372634;1;1;01;66;1;216.30832487;66;2;1;4;1;2;1;1;1;3;1;1;3;2;1;1;1;1;1;3;4;;;;300000;;;1;;;;;;;;;;2
20230310;03;2023;7372635;1;1;01;66;1;186.15219094;66;2;1;2;1;2;1;1;1;3;1;1;2;1;1;1;1;1;1;3;1;;;65000000;350000;;;;;;;;;;1;;;1
20230310;03;2023;7372636;1;1;01;66;1;314.07399215;66;1;1;4;1;2;1;1;1;3;1;1;3;2;1;1;1;1;1;3;4;;;;450000;;;1;;;;;;;;;;3
20230310;03;2023;7372637;1;1;01;66;1;247.6130296;66;1;1;4;1;2;2;1;1;3;1;1;1;1;1;1;1;1;1;4;3;;;;;300000;;1;;;;;;;;;;1
20230310;03;2023;7372638;1;1;01;66;1;143.83542522;66;2;1;4;1;4;1;1;1;3;1;1;3;1;1;1;1;1;1;3;2;;915000;130000000;800000;;;1;;1;;;1;;;;;1
20230310;03;2023;7372639;1;1;01;66;1;601.39946608;66;1;1;4;1;3;1;1;1;2;1;1;4;3;1;1;1;1;1;3;3;;;;;300000;;1;;;;;;;;;;3
20230310;03;2023;7372640;1;1;01;66;1;194.42700064;66;2;1;4;1;4;1;1;1;3;1;1;3;1;1;1;1;1;3;3;2;;700000;200000000;850000;;;1;;1;;;1;;;;;2
20230310;03;2023;7372641;1;1;01;66;1;176.17321214;66;1;1;4;1;4;1;1;1;3;1;1;3;2;1;1;1;1;1;3;4;;;;15000000;;;1;;;;1;1;;;;;3
20230310;03;2023;7372642;1;1;01;66;1;210.81740206;66;1;1;4;1;4;1;1;1;3;1;1;3;2;1;1;1;1;1;3;3;;;;;1270000;;1;;;;;;;;;;3
20230310;03;2023;7372643;1;1;01;66;1;197.27523675;66;2;1;4;1;4;1;1;1;3;1;1;3;1;1;1;1;1;1;3;4;;;;800000;;;1;;;;1;;;;;;1
20230310;03;2023;7372644;1;1;01;66;1;210.81740206;66;1;1;4;1;4;1;1;1;3;1;1;3;2;1;1;1;1;1;3;1;;;220000000;1500000;;1;1;;1;;;1;;;;;3
20230310;03;2023;7372645;1;1;01;66;1;194.53240454;66;1;1;4;1;4;1;1;1;3;1;1;4;1;1;1;1;1;1;3;3;;;;;1200000;;1;;;;;;;;;;2
20230310;03;2023;7372646;1;1;01;66;1;194.42700064;66;2;1;4;1;4;1;1;1;3;1;1;3;1;1;1;1;1;3;3;3;;;;;900000;;1;;;;;;;;;;2
20230310;03;2023;7372647;1;1;01;66;1;144.7850374;66;1;1;4;1;4;1;1;1;3;1;1;4;1;1;1;1;1;1;3;1;;;230000000;1500000;;;1;;;;;;;;;;1
20230310;03;2023;7372648;1;1;01;66;1;181.58288837;66;1;1;4;1;4;1;1;1;3;1;1;4;1;1;1;1;1;1;3;1;;;270000000;1100000;;1;1;;;;;;;;;;1
20230310;03;2023;7372649;1;1;01;66;1;194.53240454;66;1;1;4;1;4;1;1;1;3;1;1;3;1;1;1;1;1;1;3;1;;;200000000;1200000;;;1;;;;;;;;;;2
20230310;03;2023;7372650;1;1;01;66;1;194.53240454;66;1;1;4;1;4;1;1;1;3;1;1;4;2;1;1;1;1;1;3;4;;;;1600000;;;1;;;;;;;;;;2
20230310;03;2023;7372651;1;1;01;66;1;132.39397094;66;1;1;4;1;4;1;1;1;3;1;1;3;1;1;1;1;1;1;3;3;;;;;1100000;;1;;;;;;;;;;1
20230310;03;2023;7372652;1;1;01;;1;350.19229565;68;1;1;4;1;1;1;1;1;3;1;1;3;2;1;1;1;1;1;3;3;;;;;500000;;;;;;;;;1;;;5
20230310;03;2023;7372653;1;1;01;;1;450.01005069;68;1;1;2;1;1;1;1;1;3;1;1;3;2;1;1;1;1;1;3;3;;;;;300000;;1;;;;;;;;;;4
20230310;03;2023;7372654;1;1;01;;1;372.6729197;68;2;1;4;1;1;2;1;1;3;1;1;2;1;1;1;1;1;1;4;2;;1500000;98;700000;;;1;;1;;;1;;;;;2
20230310;03;2023;7372655;1;1;01;;1;442.61012982;68;1;1;2;1;1;2;1;1;3;1;1;4;2;1;1;1;1;1;4;5;;;;500000;;;1;;;;;;;;;;3
20230310;03;2023;7372656;1;1;01;;1;570.59214524;68;1;1;2;1;1;2;2;1;3;1;1;4;1;2;1;1;1;1;4;4;;;;400000;;;1;;;;;;;;;;2
20230310;03;2023;7372657;1;1;01;;1;538.82713239;68;1;1;2;1;1;2;2;1;3;1;1;4;1;2;1;1;1;1;4;5;;;;150000;;;;;;;;;;1;;;1
20230310;03;2023;7372658;1;1;01;;1;399.20291131;68;2;1;4;1;1;2;2;1;3;1;1;3;1;2;1;1;1;1;4;4;;;;300000;;;;;;;;;;1;;;2
20230310;03;2023;7372659;1;1;01;68;1;413.85085793;68;2;1;4;1;2;1;1;1;3;1;1;3;2;1;1;1;1;1;3;3;;;;;600000;;;;;;;;;1;;;4
20230310;03;2023;7372660;1;1;01;68;1;275.94656377;68;2;1;4;1;1;1;1;1;3;1;1;3;1;1;1;1;1;1;3;1;;;98;400000;;;;;;;;;;1;;;1
20230310;03;2023;7372661;1;1;01;68;1;361.86681812;68;2;1;4;1;1;1;1;1;3;1;1;4;3;1;1;1;1;1;3;3;;;;;500000;;1;;;;;;;;;;5
20230310;03;2023;7372662;1;1;01;68;1;409.23479956;68;2;1;4;1;1;1;1;1;3;1;1;5;4;1;1;1;1;1;3;3;;;;;700000;;;;;;;;;1;;;4
20230310;03;2023;7372663;1;1;01;68;1;295.17128745;68;2;1;4;1;2;1;1;1;3;1;1;3;1;1;1;1;1;3;3;6;;;;500000;;;1;;;;;;;;;;2
20230310;03;2023;7372664;1;1;01;68;1;378.99572976;68;2;1;4;1;2;1;1;1;3;1;1;4;3;1;1;1;1;1;3;1;;;90000000;600000;;;1;;;;;;;;;;3
20230310;03;2023;7372665;1;1;01;68;1;382.24495876;68;2;1;4;1;2;1;1;1;3;1;1;3;2;1;1;1;1;3;3;6;;;;500000;;;1;;;;;;;;;;3
20230310;03;2023;7372666;1;1;01;68;1;399.85575124;68;1;1;4;1;1;1;1;1;3;1;1;3;2;1;1;1;1;1;3;3;;;;;500000;;1;;;;;;;;;;6
20230310;03;2023;7372667;1;1;01;68;1;381.91571324;68;1;1;4;1;4;1;1;1;3;1;1;5;3;1;1;1;1;1;3;4;;;;1500000;;;1;;;;;1;;;;;3
20230310;03;2023;7372668;1;1;01;68;1;301.95288341;68;2;1;4;1;4;1;1;1;3;1;1;4;1;1;1;1;1;1;3;6;;;;800000;;;1;;;;1;;;;;;1
20230310;03;2023;7372669;1;1;01;68;1;295.17128745;68;2;1;4;1;2;1;1;1;3;1;1;3;1;1;1;1;1;3;3;1;;;98;500000;;;1;;;;;;;;;;2
20230310;03;2023;7372670;1;1;01;68;1;303.5693981;68;1;1;4;1;1;1;1;1;3;1;1;4;2;1;1;1;1;1;3;1;;;80000000;650000;;;1;;;;;;;;;;2
20230310;03;2023;7372671;1;1;01;68;1;326.27080041;68;1;1;4;1;2;1;1;1;3;1;1;3;2;1;1;1;1;1;3;3;;;;;480000;;1;;;;;;;;;;4
20230310;03;2023;7372672;1;1;01;68;1;251.39425938;68;2;1;4;1;4;1;1;1;3;1;1;5;3;1;1;1;1;1;3;3;;;;;900000;;1;;;;;;;;;;3
20230310;03;2023;7372673;1;1;01;68;1;319.42990494;68;1;1;4;1;4;1;1;1;3;1;1;5;2;1;1;1;1;1;3;1;;;98;1000000;;;;;;;;;;1;;;2
20230310;03;2023;7372674;1;1;01;68;1;332.14817176;68;1;1;4;1;4;1;1;1;3;1;1;5;1;1;1;1;1;1;3;4;;;;98;;;;;;;;;;1;;;1
20230310;03;2023;7372675;1;1;01;68;1;332.14817176;68;2;1;4;1;4;1;1;1;3;1;1;3;1;1;1;1;1;1;3;3;;;;;99;;;;;;;;;1;;;1
20230310;03;2023;7372676;1;1;01;68;1;334.65749523;68;1;1;4;1;4;1;1;1;3;1;1;4;3;1;1;1;1;1;3;6;;;;1500000;;;1;;;;;;;;;;4
20230310;03;2023;7372677;1;1;01;68;1;341.13340396;68;1;1;4;1;4;1;1;1;3;1;1;3;2;1;1;1;1;1;3;4;;;;1300000;;;;;;;1;;;;;;3
20230310;03;2023;7372678;1;1;01;68;1;295.17128745;68;1;1;4;1;4;1;1;1;3;1;1;4;3;1;1;1;1;1;3;1;;;99;99;;;1;;;;;1;;;;;2
20230310;03;2023;7372680;1;1;01;68;1;373.25972656;68;2;1;4;1;4;1;1;1;3;1;1;2;1;1;1;1;1;1;3;3;;;;;750000;;1;;;;;;;;;;1
20230310;03;2023;7372681;1;1;01;68;1;368.16911674;68;2;1;4;1;3;1;1;1;3;1;1;4;2;1;1;1;1;1;3;3;;;;;900000;;1;;;;;;;;;;2
20230310;03;2023;7372682;1;1;01;68;1;280.16413194;68;2;1;4;1;4;1;1;1;3;1;1;4;2;1;1;1;1;1;3;4;;;;1200000;;;;;;;;;;1;;;2
20230310;03;2023;7372683;1;1;01;68;1;400.88256089;68;2;1;4;1;3;1;1;1;3;1;1;4;1;1;1;1;1;3;3;3;;;;;750000;;1;;;;;;;;;;2
20230310;03;2023;7372684;1;1;01;68;1;330.26091895;68;2;1;4;1;3;1;1;1;3;1;1;4;3;1;1;1;1;1;3;1;;;185000000;1200000;;;1;;;;;;;;;;4
20230310;03;2023;7372685;1;1;01;68;1;400.88256089;68;2;1;4;1;4;1;1;1;3;1;1;5;1;1;1;1;1;1;3;3;;;;;2200000;;1;;;;;1;;;;;2
20230310;03;2023;7372686;1;1;01;68;1;275.94656377;68;2;1;4;1;4;1;1;1;3;1;1;2;1;1;1;1;1;1;3;1;;;98;2000000;;;;;;;;;;1;;;1
20230310;03;2023;7372687;1;1;01;68;1;303.5693981;68;1;1;4;1;4;1;1;1;3;1;1;2;1;1;1;1;1;1;3;3;;;;;1200000;;1;;;;;;;;;;2
20230310;03;2023;7372688;1;1;01;68;1;368.16911674;68;2;1;4;1;4;1;1;1;3;1;1;3;2;1;1;1;1;1;3;3;;;;;550000;;1;;;;;1;;;;;2
20230310;03;2023;7372689;1;1;01;68;1;332.14817176;68;2;1;4;1;3;1;1;1;3;1;1;3;1;1;1;1;1;1;3;1;;;160000000;700000;;;1;;;;;1;;;;;1
20230310;03;2023;7372690;1;1;01;68;1;401.46968244;68;2;1;4;1;3;1;1;1;3;1;1;3;2;1;1;1;1;3;3;1;;;180000000;1000000;;;1;;;;;;;;;;4
20230310;03;2023;7372691;1;1;01;68;1;321.27568675;68;2;1;4;1;4;1;1;1;3;1;1;3;2;1;1;1;1;3;3;3;;;;;950000;;1;;;;;;;;;;2
20230310;03;2023;7372692;1;1;01;68;1;1361.7470266;68;2;1;4;1;3;1;1;1;3;1;1;3;2;1;1;1;1;1;3;2;;1500000;170000000;1000000;;;1;;;;;;;;;;3
20230310;03;2023;7372693;1;1;01;68;1;295.17128745;68;2;1;4;1;4;1;1;1;3;1;1;4;1;1;1;1;1;3;3;1;;;300000000;1000000;;;1;;;;;;;;;;2
20230310;03;2023;7372694;1;1;01;68;1;2619.1264238;68;2;1;4;1;3;1;1;1;3;1;1;3;2;1;1;1;1;1;3;3;;;;;920000;;1;;;;;;;;;;3
20230310;03;2023;7372695;1;1;01;68;1;355.50756593;68;2;1;4;1;4;1;1;1;3;1;1;4;3;1;1;1;1;1;3;3;;;;;890000;;1;;;;;;;;;;3
20230310;03;2023;7372696;1;1;01;68;1;441.47369226;68;2;1;4;1;4;1;1;1;3;1;1;4;3;1;1;1;1;1;3;1;;;350000000;1200000;;;1;;;;;1;;;;;5
20230310;03;2023;7372697;1;1;01;68;1;1989.7935949;68;2;1;4;1;3;1;1;1;3;1;1;3;2;1;1;1;1;1;3;3;;;;;800000;;1;;;;;;;;;;3
20230310;03;2023;7372698;1;1;01;68;1;1545.4360828;68;2;1;4;1;3;1;1;1;3;1;1;4;1;1;1;1;1;1;3;2;;770000;99;850000;;;1;;1;;;;;;;;2
20230310;03;2023;7372699;1;1;01;68;1;1637.7856214;68;2;1;4;1;4;1;1;1;3;1;1;4;1;1;1;1;1;1;3;2;;1700000;290000000;1100000;;;1;;1;;;;;;;;1
20230310;03;2023;7372700;1;1;01;68;1;1564.5069817;68;2;1;4;1;3;1;1;1;3;1;1;4;2;1;1;1;1;1;3;1;;;99;850000;;;1;;;;;;;;;;2
20230310;03;2023;7372701;1;1;01;68;1;1439.9716908;68;2;1;4;1;4;1;1;1;3;1;1;4;3;1;1;1;1;1;3;4;;;;1100000;;;1;;;;;;;;;;3
20230310;03;2023;7372702;1;1;01;68;1;1260.3903802;68;2;1;4;1;3;1;1;1;3;1;1;4;2;1;1;1;1;1;3;3;;;;;620000;;1;;;;;;;;;;3
20230310;03;2023;7372703;1;1;01;68;1;254.6946654;68;2;1;4;1;4;1;1;1;3;1;1;3;2;1;1;1;1;1;3;3;;;;;650000;;1;;;;;;;;;;2
20230310;03;2023;7372704;1;1;01;68;1;368.55730905;68;2;1;2;1;2;1;1;1;3;1;1;3;2;1;1;1;1;1;3;3;;;;;700000;;1;;;;;;;;;;3
20230310;03;2023;7372705;1;1;01;68;1;272.94397034;68;2;1;2;1;2;1;1;1;3;1;1;2;1;1;1;1;1;1;3;3;;;;;350000;;1;;;;;;;;;;3
20230310;03;2023;7372706;1;1;01;68;1;300.48567324;68;2;1;2;1;1;1;1;1;3;1;1;4;3;1;1;1;1;1;3;4;;;;450000;;;;;;;;;;1;;;3
20230310;03;2023;7372707;1;1;01;68;1;388.86133979;68;1;1;4;1;2;1;1;1;3;1;1;5;4;1;1;1;1;3;3;3;;;;;1000000;;1;;;;;;;;;;10
20230310;03;2023;7372708;1;1;01;68;1;236.55538052;68;1;1;4;1;4;1;1;1;3;1;1;5;3;1;1;1;1;1;3;3;;;;;2500000;;1;;;;;;;;;;4
20230310;03;2023;7372709;1;1;01;68;1;221.07931603;68;2;1;4;1;3;1;1;1;3;1;1;4;3;1;1;1;1;1;3;3;;;;;700000;;1;;;;;;;;;;3
20230310;03;2023;7372710;1;1;01;68;1;400.88256089;68;2;1;4;1;3;1;1;1;3;1;1;4;1;1;1;1;1;1;3;1;;;130000000;900000;;;1;;;;;;;;;;2
20230310;03;2023;7372711;1;1;01;68;1;359.284778;68;2;1;4;1;3;1;1;1;3;1;1;4;3;1;1;1;1;1;3;3;;;;;730000;;1;;;;;;;;;;5
20230310;03;2023;7372712;1;1;01;68;1;275.97218009;68;2;1;4;1;3;1;1;1;3;1;1;3;1;1;1;1;1;1;3;1;;;99;700000;;;1;;;;;;;;;;2
20230310;03;2023;7372713;1;1;01;68;1;250.86051252;68;2;1;4;1;3;1;1;1;3;1;1;4;1;1;1;1;1;1;3;1;;;98;98;;;;;;;;;;1;;;1
20230310;03;2023;7372714;1;1;01;70;1;163.32424229;70;1;1;4;1;1;1;1;1;3;1;1;4;3;1;1;1;1;1;3;1;;;40000000;350000;;;1;;;;;;;;;;6
20230310;03;2023;7372715;1;1;01;70;1;147.55945028;70;1;1;4;1;1;1;1;1;3;1;1;3;2;1;1;1;1;1;3;3;;;;;300000;;;;;;;;;1;;;3
20230310;03;2023;7372716;1;1;01;70;1;160.57594662;70;1;1;4;1;1;1;1;1;3;1;1;3;2;1;1;1;1;1;3;1;;;50000000;400000;;;;;;;;;;1;;;1
20230310;03;2023;7372717;1;1;01;70;1;147.35288571;70;1;1;2;1;1;1;1;1;3;1;1;2;1;1;1;1;1;1;3;1;;;80000000;300000;;;;;;;;;;1;;;3
20230310;03;2023;7372718;1;1;01;70;1;107.26540758;70;1;1;4;1;1;1;1;1;3;1;1;4;3;1;1;1;1;3;3;1;;;100000000;450000;;;;;;;;;;1;;;4
20230310;03;2023;7372719;1;1;01;70;1;177.78976333;70;2;1;2;1;1;1;1;1;3;1;1;2;1;1;1;1;1;1;3;3;;;;;300000;;;;;;;;;1;;;3
20230310;03;2023;7372720;1;1;01;70;1;228.2455996;70;2;1;2;1;1;1;1;1;3;1;1;2;1;1;1;1;1;1;3;6;;;;350000;;;1;;;;;;;;;;3
20230310;03;2023;7372721;1;1;01;70;1;198.81740543;70;1;1;4;1;1;1;1;1;3;1;1;3;2;1;1;1;1;1;3;6;;;;300000;;;1;;;;;;;;;;3
20230310;03;2023;7372722;1;1;01;70;1;205.64886447;70;1;1;4;1;1;1;1;1;3;1;1;3;2;1;1;1;1;1;3;6;;;;300000;;;1;;;;;;;;;;2
20230310;03;2023;7372723;1;1;01;70;1;279.58697638;70;1;1;4;1;5;1;1;1;3;1;1;5;3;1;1;1;1;1;3;1;;;200000000;2000000;;1;1;;;;1;1;;;;;3
20230310;03;2023;7372724;1;1;01;70;1;178.83028236;70;1;1;4;1;5;1;1;1;3;1;1;6;5;1;1;1;1;1;3;1;;;300000000;2500000;;1;1;;;;1;1;;;;;5
20230309;03;2023;7372726;1;1;01;73;1;320.86294801;73;2;1;4;1;2;1;1;1;3;1;1;3;1;1;1;1;1;1;3;3;;;;;650000;;1;;;;;;;;;;1
20230310;03;2023;7372727;1;1;01;73;1;568.82573086;73;2;1;4;1;1;1;1;1;3;1;1;3;2;1;1;1;1;1;3;3;;;;;350000;;;;;;;;;1;;;2
20230310;03;2023;7372728;1;1;01;73;1;285.26910344;73;1;1;4;1;3;1;1;1;3;1;1;4;2;1;1;1;1;1;3;4;;;;700000;;;1;;;;;;;;;;4
20230310;03;2023;7372729;1;1;01;73;1;321.79820768;73;2;1;4;1;2;1;1;1;3;1;1;2;1;1;1;1;1;1;3;3;;;;;220000;;;;;;;;;1;;;1
20230310;03;2023;7372730;1;1;01;73;1;295.74112556;73;2;1;4;1;2;1;1;1;3;1;1;5;2;1;1;1;1;1;3;1;;;99;1200000;;;1;;;;;;;;;;1
20230310;03;2023;7372731;1;1;01;73;1;371.59790461;73;2;1;4;1;3;1;1;1;3;1;1;4;3;1;1;1;1;1;3;4;;;;650000;;;1;;;;;;;;;;3
20230310;03;2023;7372732;1;1;01;73;1;371.59790461;73;2;1;4;1;3;1;1;1;3;1;1;6;2;1;1;1;1;1;3;1;;;99;98;;;1;;;;;;;;;;3
20230310;03;2023;7372733;1;1;01;73;1;292.60959987;73;1;1;4;1;3;1;1;1;3;1;1;4;3;1;1;1;1;1;3;3;;;;;750000;;1;;;;;1;;;;;6
20230310;03;2023;7372734;1;1;01;73;1;152.04282815;73;1;1;4;1;3;1;1;1;3;1;1;3;1;1;1;1;1;1;3;1;;;170000000;700000;;;1;;;;;;;;;;1
20230310;03;2023;7372735;1;1;01;73;1;158.62678333;73;1;1;4;1;3;1;1;1;3;1;1;4;1;1;1;1;1;1;3;4;;;;1000000;;;;;;;;;;1;;;2
20230310;03;2023;7372736;1;1;01;73;1;174.86960217;73;1;1;4;1;3;1;1;1;3;1;1;4;2;1;1;1;1;1;3;3;;;;;580000;;;;;;;;;1;;;3
20230310;03;2023;7372737;1;1;01;73;1;178.75945361;73;1;1;4;1;3;1;1;1;3;1;1;3;1;1;1;1;1;1;3;3;;;;;800000;;1;;;;;;;;;;1
20230309;03;2023;7372738;1;1;01;;1;289.64954855;76;2;1;4;1;2;1;1;1;3;1;1;5;2;1;1;1;1;1;3;4;;;;98;;;1;;;;1;;;;;;2
20230310;03;2023;7372740;1;1;01;;1;196.57491005;76;1;5;2;1;0;2;2;1;3;2;1;2;1;3;1;1;2;4;4;5;;;;80000;;;1;;;;;;;;;;3
20230310;03;2023;7372741;1;1;01;;1;367.89540457;76;1;1;4;1;1;1;1;1;3;1;1;3;1;1;1;1;1;1;3;1;;;98;98;;;1;;;;;;;;;;1
20230310;03;2023;7372742;1;1;01;;1;367.89540457;76;2;1;4;1;2;2;1;1;3;1;1;3;1;1;1;1;1;1;4;3;;;;;500000;;;;;;;;;1;;;1
20230310;03;2023;7372743;1;1;01;;1;396.87975811;76;1;1;4;1;1;1;1;1;3;1;1;4;3;1;1;1;1;1;3;5;;;;250000;;;;;;;1;;;;;;4
20230309;03;2023;7372744;1;1;01;76;1;564.19690999;76;4;1;4;1;4;1;1;1;3;1;1;1;1;1;1;1;10;6;;3;;;;;600000;;1;;;;;1;;;;;1
20230310;03;2023;7372746;1;1;01;76;1;1447.3625211;76;1;1;4;1;3;1;1;1;3;1;1;3;2;1;1;1;1;1;3;1;;;180000000;600000;;;1;;;;;;;;;;3
20230310;03;2023;7372747;1;1;01;76;1;790.33919768;76;2;1;4;1;2;1;1;1;3;1;1;3;2;1;1;1;1;1;3;4;;;;600000;;;;;;;;;;1;;;2
20230310;03;2023;7372748;1;1;01;76;1;755.47018271;76;2;1;4;1;2;1;1;1;3;1;1;3;2;1;1;1;1;1;3;3;;;;;400000;;1;;;;;;;;;;2
20230310;03;2023;7372749;1;1;01;76;1;888.33538177;76;2;1;4;1;5;1;1;1;3;1;1;4;1;1;1;1;1;1;3;3;;;;;1500000;;;;;;;;;1;;;1
20230310;03;2023;7372750;1;1;01;76;1;1199.2527654;76;2;1;4;1;3;1;1;1;3;1;1;4;1;1;1;1;1;1;3;1;;;100000000;600000;;;;;;;;;;1;;;1
20230310;03;2023;7372751;1;1;01;76;1;706.95169751;76;2;1;4;1;5;1;1;1;3;1;1;4;1;1;1;1;1;1;3;1;;;300000000;1400000;;;1;;;;1;;;;;;1
20230310;03;2023;7372752;1;1;01;76;1;888.33538177;76;2;1;2;1;1;2;1;1;3;1;1;2;1;1;1;1;1;1;4;3;;;;;100000;;;;;;;;;1;;;1
20230310;03;2023;7372753;1;1;01;76;1;888.33538177;76;2;1;4;1;5;1;1;1;3;1;1;4;1;1;1;1;1;1;3;4;;;;1200000;;;1;;;;;;;;;;1
20230310;03;2023;7372754;1;1;01;76;1;912.17888714;76;2;1;4;1;4;1;1;1;3;1;1;4;1;1;1;1;1;1;3;3;;;;;1100000;;1;;;;;1;;;;;2
20230310;03;2023;7372755;1;1;01;76;1;1284.0977239;76;3;1;2;1;1;2;1;1;3;1;1;1;1;1;2;1;1;1;4;3;;;;;220000;;;;;;;;;1;;;3
20230310;03;2023;7372756;1;1;01;76;1;1143.2039603;76;2;1;4;1;4;1;1;1;3;1;1;4;3;1;1;1;1;1;3;3;;;;;1150000;;1;;;;;;;;;;3
20230310;03;2023;7372757;1;1;01;76;1;627.21899708;76;3;1;2;1;1;2;1;1;3;1;1;1;1;1;2;1;1;2;4;3;;;;;120000;;;;;;;;;1;;;1
20230310;03;2023;7372758;1;1;01;76;1;627.21899708;76;3;1;2;1;1;2;1;1;3;1;1;1;1;6;;1;1;2;4;3;;;;;220000;;;;;;;;;1;;;1
20230310;03;2023;7372759;1;1;01;76;1;790.33919768;76;2;1;4;1;4;1;1;1;3;1;1;4;1;1;1;1;1;1;3;3;;;;;1000000;;1;;;;;1;;;;;2
20230310;03;2023;7372760;1;1;01;76;1;748.22889297;76;2;1;4;1;4;1;1;1;3;1;1;3;1;1;1;1;1;1;3;3;;;;;880000;;1;;1;;;;;;;;1
20230310;03;2023;7372761;1;1;01;76;1;981.11880182;76;2;1;4;1;4;1;1;1;3;1;1;3;2;1;1;1;1;1;3;3;;;;;800000;;1;;;;;;1;;;NEQUI;2
20230310;03;2023;7372762;1;1;01;76;1;964.90834738;76;2;1;4;1;4;1;1;1;3;1;1;3;2;1;1;1;1;1;3;3;;;;;700000;;1;;;;;;;;;;3
20230310;03;2023;7372763;1;1;01;76;1;564.49709737;76;2;1;4;1;4;1;1;1;3;1;1;3;1;1;2;1;1;1;3;3;;;;;1000000;;1;;;;;;;;;;1
20230310;03;2023;7372764;1;1;01;76;1;1250.7504732;76;1;1;4;1;3;1;1;1;3;1;1;5;4;1;1;1;1;1;3;1;;;150000000;1000000;;;1;;1;;;;;;;;3
20230310;03;2023;7372765;1;1;01;76;1;754.4982004;76;1;1;4;1;3;1;1;1;3;1;1;4;3;1;1;1;1;1;3;4;;;;800000;;;1;1;;;;;;;;;3
20230310;03;2023;7372766;1;1;01;76;1;799.50184359;76;2;1;4;1;4;1;1;1;3;1;1;3;1;1;1;1;1;1;3;2;;560000;98;900000;;;1;;1;;1;1;;;;;1
20230310;03;2023;7372767;1;1;01;76;1;799.50184359;76;2;1;4;1;4;1;1;1;3;1;1;3;1;1;1;1;1;1;3;1;;;190000000;800000;;;1;1;;;;1;;;;;1
20230310;03;2023;7372768;1;1;01;76;1;692.87339823;76;2;1;4;1;4;1;1;1;3;1;1;3;1;1;1;1;1;1;3;3;;;;;800000;;1;;;;;;;;;;1
20230310;03;2023;7372769;1;1;01;76;1;1024.9083729;76;2;1;4;1;4;1;1;1;3;1;1;3;2;1;1;1;1;1;3;3;;;;;950000;;1;;;;;;;;;;2
20230309;03;2023;7372771;1;1;01;81;1;213.90083796;81;1;1;2;1;1;2;1;1;3;1;1;2;1;1;1;1;1;3;4;1;;;99;400000;;;;;;;;;;1;;;4
20230309;03;2023;7372772;1;1;01;81;1;279.65134331;81;1;1;4;1;1;2;1;1;3;1;1;3;2;1;1;1;1;3;4;1;;;79000000;500000;;;1;;;;;;;;;;5
20230309;03;2023;7372773;1;1;01;81;1;243.91656021;81;1;1;4;1;1;2;1;1;3;1;1;4;3;1;1;1;1;1;4;3;;;;;600000;;1;;;;;;;;;;5
20230309;03;2023;7372774;1;1;01;81;1;307.04852887;81;1;1;4;1;1;2;1;1;3;1;1;4;1;1;1;1;1;1;4;1;;;99;500000;;;1;;;;;;;;;;2
20230309;03;2023;7372775;1;1;01;81;1;186.29518634;81;1;1;4;1;1;2;1;1;3;1;1;4;2;1;1;1;1;3;4;3;;;;;800000;;1;;;;;;;;;;3
20230310;03;2023;7372778;1;1;01;81;1;143.44158038;81;2;1;4;1;1;2;1;1;3;1;1;3;2;1;1;1;1;1;4;3;;;;;440000;;1;;;;;;;;;;7
20230310;03;2023;7372779;1;1;01;81;1;148.19704411;81;2;1;4;1;1;2;1;1;3;1;1;3;2;1;1;1;1;1;4;3;;;;;440000;;1;;;;;;;;;;6
20230310;03;2023;7372780;1;1;01;81;1;420.80865411;81;3;1;4;1;1;2;1;1;3;1;1;1;1;1;1;1;1;6;;3;;;;;300000;;;;;;;;;1;;;1
20230310;03;2023;7372781;1;1;01;81;1;322.75921141;81;1;1;4;1;1;2;1;1;3;1;1;4;3;1;1;1;1;1;4;3;;;;;400000;;;;;;;;;1;;;5
20230310;03;2023;7372782;1;1;01;81;1;143.44158038;81;1;1;2;1;1;2;1;1;3;1;1;4;4;1;1;1;1;1;4;1;;;92000000;500000;;;1;;;;;;;;;;8
20230310;03;2023;7372783;1;1;01;81;1;282.96392014;81;2;1;4;1;1;2;1;1;3;1;1;3;2;1;1;1;1;3;4;3;;;;;400000;;1;;;;;;;;;;4
20230310;03;2023;7372784;1;1;01;81;1;319.54555275;81;2;1;4;1;1;2;1;1;3;1;1;2;1;1;1;1;1;3;4;2;;1200000;70000000;400000;;;1;;1;;;;;;;;1
20230310;03;2023;7372785;1;1;01;81;1;309.44884741;81;2;1;4;1;1;2;1;1;3;1;1;3;1;1;1;1;1;1;4;3;;;;;450000;;1;;;;;;;;;;3
20230310;03;2023;7372786;1;1;01;81;1;183.62559452;81;2;1;4;1;2;2;1;1;3;1;1;1;1;1;1;1;1;6;;3;;;;;400000;;;;;;;;;1;;;1
20230310;03;2023;7372787;1;1;01;81;1;164.43590637;81;1;1;4;1;2;2;1;1;3;1;1;4;1;1;1;1;1;1;4;4;;;;300000;;;1;;;;;;;;;;2
20230310;03;2023;7372788;1;1;01;81;1;189.43375336;81;2;1;4;1;2;2;1;1;3;1;1;3;2;1;1;1;1;3;4;1;;;82000000;500000;;;1;;;;;;;;;;3
20230310;03;2023;7372789;1;1;01;81;1;143.95553576;81;1;1;4;1;2;2;1;1;3;1;1;3;2;1;1;1;1;1;4;4;;;;98;;;1;;;;;;;;;;3
20230310;03;2023;7372790;1;1;01;85;1;720.17920435;85;2;1;2;1;3;1;1;1;3;1;1;3;2;1;1;1;1;1;3;3;;;;;300000;;;;;;;;;1;;;4
20230310;03;2023;7372791;1;1;01;85;1;370.02251799;85;3;1;4;1;2;1;1;1;3;1;1;1;1;1;2;1;1;6;;3;;;;;100000;;;;;;;;;1;;;1
20230310;03;2023;7372792;1;1;01;85;1;370.02251799;85;3;1;2;1;3;1;1;1;3;1;1;2;1;1;1;1;1;1;3;3;;;;;200000;;;;;;;;;1;;;1
20230310;03;2023;7372793;1;1;01;85;1;830.03228084;85;2;1;2;1;3;1;1;1;3;1;1;4;3;1;1;1;7;1;3;3;;;;;500000;;1;;;;;;;;;;8
20230310;03;2023;7372794;1;1;01;85;1;524.58471376;85;3;1;4;1;2;1;1;1;3;1;1;1;1;1;2;1;1;1;3;3;;;;;200000;;;;;;;;;1;;;2
20230310;03;2023;7372795;1;1;01;85;1;538.47895719;85;3;1;4;1;3;1;1;1;3;1;1;2;1;1;2;1;1;1;3;3;;;;;400000;;;;;;;;;1;;;3
20230310;03;2023;7372796;1;1;01;85;1;537.12399399;85;3;1;4;1;3;1;1;1;3;1;1;1;1;1;2;1;1;1;3;3;;;;;250000;;;;;;;;;1;;;2
20230310;03;2023;7372797;1;1;01;85;1;691.68618975;85;1;1;4;1;3;1;1;1;3;1;1;3;2;1;1;1;1;1;3;1;;;145000000;500000;;;1;;;;;;;;;;3
20230310;03;2023;7372798;1;1;01;85;1;283.32552367;85;2;1;4;1;2;1;1;1;3;1;1;3;1;1;1;1;10;1;3;3;;;;;500000;;1;;;;;;;;;;2
20230310;03;2023;7372799;1;1;01;86;1;73.177303275;86;1;1;4;1;1;2;1;1;2;1;1;3;2;1;1;1;1;4;4;4;;;;99;;;1;;;;;;;;;;3
20230310;03;2023;7372800;1;1;01;86;1;91.67754915;86;2;1;4;1;1;2;1;1;2;1;1;4;4;1;1;1;1;3;4;4;;;;99;;;1;;;;;;;;;;5
20230310;03;2023;7372801;1;1;01;86;1;140.77358833;86;2;1;4;1;1;2;1;1;2;1;1;4;1;1;1;1;1;1;4;3;;;;;300000;;;;;;;;;1;;;1
20230310;03;2023;7372802;1;1;01;86;1;69.950133046;86;2;1;2;1;1;2;1;1;2;1;1;4;3;1;1;1;1;3;4;3;;;;;99;;1;;;;;;;;;;6
20230310;03;2023;7372803;1;1;01;86;1;109.94718017;86;1;1;2;1;1;2;1;1;2;1;1;3;2;1;1;1;1;3;4;1;;;99;99;;;1;;;;;;;;;;3
20230310;03;2023;7372804;1;1;01;86;1;121.30441114;86;1;1;2;1;1;1;1;1;2;1;1;5;3;1;1;1;1;1;3;1;;;98;300000;;;;;;;;;;1;;;3
20230310;03;2023;7372805;1;1;01;86;1;156.89732051;86;2;1;4;1;1;2;1;1;2;1;1;6;1;1;1;1;1;1;4;3;;;;;800000;1;1;;;;;;;;;;2
20230310;03;2023;7372806;1;1;01;88;1;49.042021172;88;2;1;4;1;1;2;2;1;7;2;1;2;2;2;1;1;10;3;4;3;;;;;450000;;1;;;;;;;;;;3
20230310;03;2023;7372807;1;1;01;88;1;29.439473016;88;2;2;4;1;2;2;2;1;3;2;1;3;2;2;1;1;10;3;4;3;;;;;800000;;1;;;;;;;;;;2
20230310;03;2023;7372808;1;1;01;88;1;51.220733229;88;2;1;4;1;2;2;2;1;7;2;1;2;1;2;1;1;10;3;4;4;;;;600000;;;1;;;;;;;;;;3
20230310;03;2023;7372809;1;1;01;88;1;51.878626331;88;2;1;4;1;2;2;2;1;7;2;1;2;1;2;1;1;10;3;4;4;;;;98;;;1;;;;;;;;;;4
20230310;03;2023;7372810;1;1;01;88;1;58.089950913;88;2;1;4;1;2;2;2;1;7;2;1;3;2;2;1;1;10;3;4;1;;;98;800000;;;1;;;;;;;;;;4
20230310;03;2023;7372811;1;1;01;88;1;45.480659468;88;2;5;2;1;2;2;2;1;7;2;1;2;1;2;1;1;10;3;4;4;;;;700000;;;1;;;;;;;;;;5
20230310;03;2023;7372812;1;1;01;88;1;55.199011906;88;2;1;4;1;1;2;2;1;3;2;1;2;1;2;2;1;10;1;4;3;;;;;400000;;1;;;;;;;;;;2
20230310;03;2023;7372813;1;1;01;88;1;40.888156967;88;3;1;2;1;2;2;2;1;7;2;1;1;1;2;2;1;10;2;4;3;;;;;380000;;1;;;;;;;;;;2
20230310;03;2023;7372814;1;1;01;88;1;60.352537041;88;2;1;4;1;1;2;2;1;7;2;1;4;2;2;1;1;10;3;4;3;;;;;500000;;1;;;;;;;;;;4
20230310;03;2023;7372815;1;1;01;88;1;40.888156967;88;2;1;4;1;1;2;2;1;7;2;1;3;1;2;1;1;10;3;4;1;;;99;500000;;;1;;;;;;;;;;2
20230310;03;2023;7372816;1;1;01;88;1;21.133479269;88;3;5;2;1;2;2;2;1;7;2;1;1;1;2;1;1;10;6;;3;;;;;250000;;1;;;;;;;;;;1
20230310;03;2023;7372817;1;1;01;88;1;32.287259994;88;3;1;2;1;2;2;2;1;7;2;1;1;1;2;2;1;5;6;;4;;;;300000;;;;;;;;;;1;;;1
20230310;03;2023;7372818;1;1;01;88;1;40.888156967;88;2;1;4;1;1;2;2;1;7;2;1;2;1;2;1;1;10;3;4;3;;;;;300000;;1;;;;;;;;;;2
20230310;03;2023;7372819;1;1;01;88;1;55.199011906;88;2;1;4;1;1;2;2;1;3;2;1;2;1;2;1;1;10;1;4;3;;;;;250000;;1;;;;;;;;;;2
20230310;03;2023;7372820;1;1;01;88;1;43.587800992;88;1;5;2;1;2;2;2;1;3;2;1;2;1;2;1;1;10;4;4;3;;;;;450000;;;;;;;;;1;;;1
20230310;03;2023;7372821;1;1;01;88;1;44.191295228;88;2;1;4;1;1;2;2;1;3;2;1;2;1;2;1;1;10;1;4;3;;;;;400000;;1;;;;;;;;;;1
20230310;03;2023;7372822;1;1;01;88;1;29.058533995;88;2;1;4;1;1;2;2;1;7;2;1;2;1;2;1;1;10;4;4;3;;;;;400000;;1;;;;;;;;;;1
20230310;03;2023;7372823;1;1;01;88;1;69.147989859;88;1;5;2;1;2;2;2;1;3;2;1;3;2;2;1;1;10;4;4;3;;;;;150000;;;;;;;;;1;;;3
20230310;03;2023;7372824;1;1;01;88;1;44.540148546;88;2;1;2;1;2;2;2;1;7;2;1;4;2;2;1;1;10;1;4;1;;;98;1200000;;;1;;;;;;;;;;3
20230310;03;2023;7372825;1;1;01;88;1;80.759200773;88;1;1;4;1;1;2;2;1;3;2;1;3;2;2;1;1;10;1;4;3;;;;;340000;;1;;;;;;;;;;4
20230310;03;2023;7372826;1;1;01;88;1;21.133479269;88;2;1;4;1;2;2;2;1;7;2;1;2;1;2;1;1;10;1;4;4;;;;600000;;;1;;;;;;;;;;1
20230310;03;2023;7372827;1;1;01;91;1;51.98743571;91;1;1;2;1;1;2;1;1;3;1;1;3;2;1;1;1;10;4;4;5;;;;400000;;;1;;;;;;;;;;3
20230310;03;2023;7372828;1;1;01;91;1;37.65232265;91;1;1;2;1;1;2;1;1;3;1;1;3;3;1;1;1;10;3;4;5;;;;300000;;;;;;;;;;1;;;3
20230310;03;2023;7372829;1;1;01;91;1;37.65232265;91;1;1;2;1;1;2;1;1;3;1;1;2;2;1;1;1;1;3;4;5;;;;300000;;;;;;;;;;1;;;7
20230310;03;2023;7372830;1;1;01;91;1;107.44996525;91;1;1;2;1;1;2;1;1;3;1;1;3;2;1;1;1;1;3;4;5;;;;300000;;;1;;;;;;;;;;3
20230310;03;2023;7372831;1;1;01;95;1;173.16955245;95;2;1;4;1;2;1;2;1;2;1;1;3;1;2;1;1;1;3;3;1;;;82000000;500000;;;;;;;1;;;;;;3
20230310;03;2023;7372832;1;1;01;95;1;107.62616387;95;2;1;4;1;2;1;2;1;2;1;1;3;2;2;1;1;1;3;3;3;;;;;450000;;;;;;;;;1;;;2
20230310;03;2023;7372833;1;1;01;95;1;103.07138036;95;4;1;2;1;2;2;2;1;2;2;1;2;1;2;2;1;3;4;4;4;;;;100000;;;1;;;;1;;;;;;2
20230310;03;2023;7372834;1;1;01;97;1;13.100022696;97;1;5;2;1;2;2;1;1;2;1;1;1;1;1;1;1;10;1;1;3;;;;;500000;;;;;;;;;1;;;1
20230310;03;2023;7372835;1;1;01;97;1;13.100022696;97;1;1;2;1;2;2;1;1;2;1;1;2;1;1;1;1;10;1;1;4;;;;200000;;;1;;;;;;;;;;3
20230310;03;2023;7372836;1;1;01;97;1;13.100022696;97;1;5;2;1;2;2;1;1;2;1;1;4;3;1;1;1;10;3;1;3;;;;;1050000;;;;;;;;;1;;;4
20230310;03;2023;7372837;1;1;01;97;1;13.100022696;97;2;1;2;1;2;2;1;1;2;1;1;2;1;1;1;1;10;3;1;3;;;;;600000;;1;;;;;;;;;;2
20230310;03;2023;7372838;1;1;01;97;1;13.100022696;97;2;1;2;1;1;2;1;1;2;1;1;1;1;1;1;1;10;1;1;3;;;;;600000;;;;;;;;;1;;;5
20230310;03;2023;7372839;1;1;01;97;1;13.100022696;97;1;1;2;1;2;2;1;1;2;1;1;4;3;1;1;1;10;3;1;3;;;;;650000;;1;;;;;;;;;;4
20230310;03;2023;7372840;1;1;01;97;1;11.462519859;97;1;2;2;1;1;2;1;1;2;1;1;6;4;1;1;1;5;1;5;1;;;30000000;400000;;;1;;;;;;;;;;6
20230310;03;2023;7372841;1;1;01;97;1;12.30914612;97;1;1;4;1;1;2;1;1;2;1;1;5;1;1;1;1;10;1;4;1;;;98;1000000;;;1;;;;;;;;;;2
20230310;03;2023;7372842;1;1;01;97;1;12.30914612;97;1;1;2;1;1;2;1;1;2;1;1;2;1;1;1;1;10;1;1;1;;;100000000;1000000;;;1;;;;;;;;;;2
20230310;03;2023;7372843;1;1;01;97;1;11.462519859;97;1;5;3;1;1;2;2;1;2;1;1;2;1;2;1;1;5;1;1;3;;;;;100000;;1;;;;;;;;;;2
20230310;03;2023;7372844;1;1;01;97;1;11.462519859;97;2;1;2;1;2;2;1;1;2;1;1;2;1;1;1;1;10;3;4;3;;;;;1000000;1;;;;;;;;;;;1
20230310;03;2023;7372846;1;1;01;99;1;44.947019427;99;2;1;2;1;1;2;2;1;2;1;1;3;2;2;1;1;3;1;4;1;;;180000000;600000;;;1;;;;1;;;;;;2
20230310;03;2023;7372847;1;1;01;99;1;43.075419685;99;1;1;4;1;2;2;2;1;2;1;1;5;1;2;1;1;10;1;4;1;;;98;400000;;;1;;;;;;;;;;1
20230313;03;2023;7372848;1;1;01;;2;1548.6442072;13;1;5;2;1;1;2;2;1;2;1;1;3;2;6;;1;1;4;6;5;;;;150000;;;;;;;;;;1;;;5
20230313;03;2023;7372849;1;1;01;;2;1900.6681018;13;1;8;1;1;1;2;2;1;2;1;1;2;1;2;1;1;1;5;5;3;;;;;120000;;;;;;;;;1;;;4
20230313;03;2023;7372850;1;1;01;;2;1122.0340236;13;1;1;2;1;1;2;2;1;2;1;1;3;2;2;1;1;1;1;5;3;;;;;150000;;;;;;;;;1;;;4
20230313;03;2023;7372851;1;1;01;;2;2053.1400317;13;1;1;2;1;1;2;2;1;2;1;2;3;2;2;2;1;1;4;1;3;;;;;150000;;;;;;;;;1;;;4
20230313;03;2023;7372851;2;2;01;;2;2053.1400317;13;1;1;2;1;1;2;2;1;2;1;2;2;1;2;2;1;1;4;1;3;;;;;150000;;;;;;;;;1;;;3
20230313;03;2023;7372852;1;1;01;;2;1548.6442072;13;2;1;2;1;1;2;2;1;2;1;1;3;2;4;1;1;1;4;4;5;;;;150000;;;;;;;;;;1;;;5
20230313;03;2023;7372853;1;1;01;;2;1191.8747838;13;1;1;4;1;1;2;2;1;2;1;1;3;2;2;1;1;1;3;4;4;;;;300000;;;;;;;;;;1;;;3
20230313;03;2023;7372854;1;1;01;;2;657.39517023;13;1;5;1;1;1;2;2;1;2;1;1;3;2;6;;1;1;4;1;5;;;;180000;;;;;;;;;;1;;;6
20230313;03;2023;7372855;1;1;01;;2;1324.2931626;13;1;1;2;1;1;2;2;1;2;1;1;4;2;2;1;1;1;1;4;1;;;45000000;300000;;;;;;;;;;1;;;4
20230313;03;2023;7372856;1;1;01;;2;938.48658974;13;1;5;2;1;1;2;2;1;2;1;1;3;1;2;1;1;1;1;4;3;;;;;120000;;;;;;;;;1;;;2
20230313;03;2023;7372857;1;1;01;;2;1198.5340856;13;1;1;2;1;1;2;2;1;2;1;1;2;1;2;1;1;1;1;4;3;;;;;200000;;;;;;;;;1;;;4
20230313;03;2023;7372858;1;1;01;;2;1021.0476359;13;2;1;2;1;1;2;2;1;2;1;1;2;1;2;1;1;1;4;1;3;;;;;150000;;;;;;;;;1;;;2
20230313;03;2023;7372859;1;1;01;;2;1760.4682945;13;1;1;2;1;1;2;2;1;2;1;1;1;1;2;1;1;1;4;4;1;;;50000000;300000;;;;;;;1;;;;;;1
20230313;03;2023;7372860;1;1;01;;2;1519.8929997;13;2;1;2;1;1;2;2;1;2;1;1;3;2;2;1;1;1;4;4;5;;;;180000;;;1;;;;;;;;;;3
20230313;03;2023;7372861;1;1;01;;2;1121.8279041;13;1;1;4;1;1;1;1;1;3;1;1;4;2;1;1;1;1;3;3;5;;;;300000;;;;;;;;;;1;;;4
20230313;03;2023;7372862;1;1;01;;2;890.32963572;13;1;1;4;1;1;1;1;1;3;1;1;4;2;1;1;1;1;1;3;1;;;160000000;400000;;;;;;;1;;;;;;3
20230313;03;2023;7372863;1;1;01;;2;1115.5947976;13;2;1;4;1;1;1;1;1;3;1;1;3;2;1;1;1;1;1;3;3;;;;;350000;;;;;;;;;1;;;3
20230313;03;2023;7372864;1;1;01;;2;1180.9657491;13;2;1;4;1;1;1;1;1;3;1;1;3;1;1;1;1;1;3;3;3;;;;;350000;;1;;;;;;;;;;2
20230313;03;2023;7372865;1;1;01;;2;1115.5947976;13;1;1;4;1;1;1;1;1;3;1;1;3;2;1;1;1;1;3;3;4;;;;400000;;;;;;;;;;1;;;3
20230313;03;2023;7372866;1;1;01;;2;1121.8279041;13;2;1;4;1;1;1;1;1;3;1;1;3;2;1;1;1;1;1;3;3;;;;;350000;;1;;;;1;1;;;;;4
20230313;03;2023;7372867;1;1;01;;2;1021.1582247;13;1;1;4;1;1;1;1;1;3;1;1;3;2;1;1;1;1;3;3;1;;;50000000;400000;;;;;;;;;;1;;;3
20230313;03;2023;7372868;1;1;01;;2;1002.3670505;13;1;1;4;1;1;1;1;1;3;1;1;4;3;1;1;1;1;1;3;4;;;;450000;;;;;;;;;;1;;;3
20230313;03;2023;7372869;1;1;01;;2;1389.469908;13;1;1;4;1;1;1;1;1;3;1;1;4;2;1;1;1;1;1;3;3;;;;;460000;;;;;;;;;1;;;5
20230313;03;2023;7372871;1;1;01;;2;1056.4569526;13;2;1;4;1;1;1;1;1;3;1;1;3;2;1;1;1;1;1;3;3;;;;;350000;;;;;;;;;1;;;5
20230313;03;2023;7372872;1;1;01;;2;726.48252969;44;1;1;2;1;1;1;2;1;2;1;1;3;2;2;1;1;1;1;3;3;;;;;180000;;1;;;;;;;;;;4
20230313;03;2023;7372873;1;1;01;;2;1036.3397971;44;2;1;2;1;1;1;1;1;2;1;1;2;1;1;1;1;1;1;3;4;;;;100000;;;1;;;;;;;;;;1
20230313;03;2023;7372875;1;1;01;;2;470.73465483;44;1;1;4;1;1;1;1;1;2;1;1;5;4;1;1;1;1;1;3;4;;;;200000;;;;;;;;;;1;;;5
20230313;03;2023;7372876;1;1;01;;2;826.80684055;44;2;1;4;1;1;1;2;1;2;1;1;4;2;2;1;1;1;1;3;1;;;98;400000;;;;;;;;;;1;;;2
20230313;03;2023;7372877;1;1;01;;2;981.53244819;44;2;1;2;1;1;1;2;1;2;1;1;2;1;2;1;1;1;1;3;4;;;;100000;;;;;;;;;;1;;;3
20230313;03;2023;7372879;1;1;01;;2;684.51602248;44;1;1;2;1;1;2;2;1;2;1;1;3;2;2;1;1;1;1;1;4;;;;80000;;;;;;;;;;1;;;4
20230313;03;2023;7372880;1;1;01;;2;754.16458767;44;1;1;2;1;1;1;2;1;2;1;1;3;1;2;1;1;1;1;3;1;;;98;300000;;;;;;;;;;1;;;1
20230313;03;2023;7372881;1;1;01;;2;742.2549059;44;1;1;4;1;1;1;1;1;2;1;1;3;2;1;1;1;1;1;3;3;;;;;130000;;1;;;;;;;;;;6
20230313;03;2023;7372882;1;1;01;;2;965.76007199;44;1;1;4;1;1;1;1;1;2;1;1;3;1;1;1;1;1;1;3;3;;;;;300000;;;;;;;;;1;;;1
20230313;03;2023;7372884;1;1;01;;2;404.67379391;18;1;5;2;1;1;2;2;2;;2;1;4;3;2;1;4;2;1;5;1;;;17000000;300000;;;;;;;;;;1;;;4
20230313;03;2023;7372885;1;1;01;;2;471.93645931;18;1;5;2;1;1;2;2;2;;2;1;4;3;2;1;4;2;1;5;6;;;;250000;;;1;;;;;;;;;;4
20230313;03;2023;7372886;1;1;01;;2;510.06692756;18;1;1;2;1;1;2;2;2;;2;1;4;3;2;1;4;2;1;5;4;;;;400000;;;;;;;;;;1;;;4
20230313;03;2023;7372887;1;1;01;;2;309.90539719;18;1;1;2;1;1;2;2;2;;2;1;3;1;2;1;4;2;1;4;4;;;;200000;;;;;;;;;;1;;;1
20230313;03;2023;7372888;1;1;01;;2;237.42729063;18;1;5;2;1;1;2;2;2;;2;1;3;1;2;1;4;2;1;4;4;;;;150000;;;1;;;;;;;;;;2
20230313;03;2023;7372889;1;1;01;;2;237.42729063;18;1;1;2;1;1;2;2;2;;2;1;3;1;2;1;4;2;1;5;2;;1000000;25000000;100000;;;;;;;;;;1;;;2
20230313;03;2023;7372890;1;1;01;;2;182.95619639;18;1;5;2;1;1;2;2;2;;2;1;4;2;2;1;4;2;1;5;1;;;5000000;100000;;;;;;;;;;1;;;3
20230313;03;2023;7372891;1;1;01;;2;346.02272788;18;1;5;1;1;1;2;2;2;;2;1;3;1;2;1;4;2;1;5;4;;;;100000;;;;;;;;;;1;;;2
20230313;03;2023;7372892;1;1;01;;2;392.81234322;18;1;1;2;1;1;2;2;2;;2;1;3;2;2;1;4;2;1;5;4;;;;100000;;;;;;;;;;1;;;3
20230313;03;2023;7372893;1;1;01;;2;384.669718;18;1;5;2;1;1;2;2;2;;2;1;3;2;2;1;4;2;1;4;5;;;;80000;;;1;;;;;;;;;;4
20230313;03;2023;7372894;1;1;01;;2;346.02272788;18;1;5;2;1;1;2;2;2;;2;1;3;1;2;1;4;2;1;4;4;;;;150000;;;1;;;;;;;;;;2
20230313;03;2023;7372895;1;1;01;;2;293.03217535;18;1;5;3;1;1;2;2;2;;2;1;3;1;3;1;4;2;1;4;4;;;;80000;;;;;;;;;;1;;;1
20230313;03;2023;7372896;1;1;01;;2;311.67508957;18;1;1;2;1;1;2;2;2;;2;1;3;1;2;1;4;2;1;4;1;;;2000000;100000;;;;;;;;;;1;;;3
20230313;03;2023;7372897;1;1;01;;2;463.27731222;18;1;5;2;1;1;2;2;2;;2;1;3;2;2;1;4;2;1;4;4;;;;150000;;;;;;;;;;1;;;3
20230313;03;2023;7372898;1;1;01;;2;309.90539719;18;1;5;2;1;1;2;2;2;;2;1;3;1;2;1;4;2;1;4;1;;;10000000;150000;;;;;;;;;;1;;;1
20230313;03;2023;7372899;1;1;01;;2;277.04628522;18;1;5;1;1;1;2;2;2;;2;1;3;2;2;1;4;2;1;5;4;;;;80000;;;;;;;;;;1;;;2
20230313;03;2023;7372900;1;1;01;;2;463.27731222;18;1;1;2;1;1;2;2;2;;2;1;4;2;2;1;4;2;1;5;4;;;;300000;;;1;;;;;;;;;;3
20230313;03;2023;7372901;1;1;01;;2;220.92487863;18;1;5;1;1;1;2;2;2;;2;1;3;1;2;1;4;2;1;5;1;;;35000000;100000;;;;;;;;;;1;;;1
20230313;03;2023;7372902;1;1;01;;2;231.38282491;18;1;1;2;1;1;2;2;2;;2;1;4;1;2;1;4;2;1;5;4;;;;500000;;;;;;;;;;1;;;2
20230313;03;2023;7372903;1;1;01;;2;220.92487863;18;1;5;3;1;1;2;2;2;;2;1;3;1;2;1;4;2;1;4;4;;;;200000;;;;;;;;;;1;;;1
20230313;03;2023;7372904;1;1;01;;2;567.07566587;18;1;5;2;1;1;2;2;2;;2;1;5;3;2;1;4;2;1;5;5;;;;150000;;;1;;;;1;;;;;;6
20230313;03;2023;7372905;1;1;01;;2;220.92487863;18;1;1;2;1;1;2;2;2;;2;1;3;1;2;1;4;2;1;4;5;;;;120000;;;;;;;;;;1;;;1
20230313;03;2023;7372906;1;1;01;;2;346.53924976;18;1;5;2;1;1;2;2;2;;2;1;4;3;2;1;4;2;1;4;5;;;;120000;;;;;;;;;;1;;;4
20230313;03;2023;7372907;1;1;01;;2;329.14950604;18;1;5;2;1;1;2;2;2;;2;1;3;1;2;1;4;2;1;4;4;;;;90000;;;;;;;;;;1;;;2
20230313;03;2023;7372908;1;1;01;;1;820.14817463;68;1;1;4;1;2;1;1;1;3;1;1;3;2;1;1;1;1;1;3;3;;;;;400000;;;;;;;;;1;;;4
20230313;03;2023;7372909;1;1;01;;1;834.42477613;68;2;1;4;1;2;1;1;1;3;1;1;3;2;1;1;1;1;1;3;3;;;;;420000;;;;;;;;;1;;;3
20230313;03;2023;7372910;1;1;01;;1;687.2434819;68;2;1;4;1;2;1;1;1;3;1;1;4;2;1;1;1;1;1;3;3;;;;;450000;;;;;;;;;1;;;3
20230313;03;2023;7372911;1;1;01;;1;499.02629304;68;1;1;4;1;2;1;1;1;3;1;1;3;1;1;1;1;1;1;3;1;;;100000000;400000;;;;;;;;;;1;;;2
20230313;03;2023;7372912;1;1;01;;1;499.02629304;68;1;1;4;1;2;1;1;1;3;1;1;3;1;1;1;1;1;1;3;1;;;120000000;450000;;;;;;;;;;1;;;2
20230313;03;2023;7372913;1;1;01;;1;1716.7008242;68;2;1;4;1;3;1;1;1;3;1;1;4;3;1;1;1;1;1;3;3;;;;;450000;;;;;;;;;1;;;3
20230313;03;2023;7372914;1;1;01;;1;816.34587106;68;2;1;4;1;3;1;1;1;3;1;1;4;2;1;1;1;1;1;3;3;;;;;600000;;;;;;;;;1;;;2
20230313;03;2023;7372915;1;1;01;;1;796.0997053;68;2;1;4;1;3;1;1;1;3;1;1;4;1;1;1;1;1;1;3;3;;;;;500000;;;;;;;;;1;;;1
20230313;03;2023;7372916;1;1;01;;1;1312.600666;68;2;1;4;1;3;1;1;1;3;1;1;4;3;1;1;1;1;1;3;3;;;;;580000;;;;;;;;;1;;;4
20230313;03;2023;7372917;1;1;01;;1;1272.1083344;68;2;1;4;1;3;1;1;1;3;1;1;3;1;1;1;1;1;1;3;3;;;;;650000;;;;;;;;;1;;;2
20230313;03;2023;7372918;1;1;01;;1;2846.9773074;76;1;1;4;1;2;1;1;1;2;1;1;3;2;1;1;1;1;1;3;3;;;;;260000;;;;;;;1;;;;;3
20230313;03;2023;7372919;1;1;01;;1;3163.1533303;76;1;1;4;1;2;1;1;1;2;1;1;5;1;1;1;1;1;1;3;1;;;60000000;350000;;;;;;;;;;1;;;1
20230313;03;2023;7372920;1;1;01;;1;3238.3988357;76;1;1;4;1;2;1;1;1;2;1;1;3;2;1;1;1;1;1;3;1;;;60000000;400000;;;1;;;;;;;;;;3
20230313;03;2023;7372921;1;1;01;;1;3163.1533303;76;3;4;2;1;2;2;1;1;2;1;1;1;1;1;2;1;1;1;4;3;;;;;140000;;;;;;;;;1;;;1
20230313;03;2023;7372922;1;1;01;;1;3163.1533303;76;1;1;4;1;2;1;1;1;2;1;1;4;1;1;1;1;1;1;3;4;;;;200000;;;1;;;;;;;;;;1
20230313;03;2023;7372923;1;1;01;;1;3254.5275944;76;1;1;4;1;2;1;1;1;2;1;1;3;2;1;1;1;1;1;3;1;;;98;300000;;;1;;;;;;;;;;2
20230313;03;2023;7372924;1;1;01;;1;5451.3420724;76;4;1;2;1;2;1;1;1;2;1;1;2;2;1;2;1;1;1;3;4;;;;300000;;;1;;;;;;;;;;2
20230313;03;2023;7372925;1;1;01;;1;3816.7026521;76;1;1;2;1;2;1;1;1;2;1;1;3;2;1;1;1;1;1;3;3;;;;;270000;;;;;;;;;1;;;3
20230313;03;2023;7372926;1;1;01;;1;2627.3065537;76;2;1;4;1;2;1;1;1;2;1;1;3;1;1;1;1;1;1;3;3;;;;;300000;;;;;;;;;1;;;2
20230313;03;2023;7372927;1;1;01;;1;2939.3104943;76;1;1;2;1;1;1;1;1;2;1;1;3;2;1;1;1;1;1;3;1;;;18000000;160000;;;;;;;;;;1;;;4
20230313;03;2023;7372928;1;1;01;;2;1495.2708838;23;1;1;1;1;1;2;2;2;;2;1;3;2;2;1;4;9;1;4;1;;;30000000;70000;;;;;;;;;;1;;;2
20230313;03;2023;7372929;1;1;01;;2;2532.8892604;23;1;1;1;1;1;2;2;2;;2;1;2;1;2;1;4;2;1;4;5;;;;100000;;1;;;;;;;;;;;2
20230313;03;2023;7372930;1;1;01;;2;1047.4138554;23;1;5;1;1;1;2;2;2;;2;1;3;2;2;1;3;9;1;5;4;;;;200000;;;;;;;;;;1;;;8
20230313;03;2023;7372932;1;1;01;;2;2401.3464873;23;1;1;2;1;1;2;2;2;;2;1;3;1;2;1;3;10;1;4;5;;;;15000000;;;1;;;;;;;;;;2
20230313;03;2023;7372933;1;1;01;;2;1898.8413889;23;1;5;1;1;1;2;2;2;;2;1;1;1;2;1;4;9;5;5;4;;;;20000;;;;;;;;;;1;;;1
20230313;03;2023;7372934;1;1;01;;2;3162.3707785;23;1;1;2;1;1;2;2;2;;2;1;3;1;2;1;2;10;1;5;4;;;;100000;;;;;;;;;;1;;;2
20230313;03;2023;7372935;1;1;01;;2;1495.2708838;23;1;1;2;1;1;2;2;2;;2;1;3;1;2;1;4;10;1;5;4;;;;200000;;1;1;;;;;;;;;;2
20230313;03;2023;7372936;1;1;01;;2;1898.8413889;23;1;1;2;1;1;2;2;2;;2;1;3;1;2;1;4;9;1;4;1;;;40000000;150000;;;;;;;;;;1;;;1
20230313;03;2023;7372937;1;1;01;;2;1495.2708838;23;1;5;1;1;1;2;2;2;;2;1;2;1;2;1;4;9;1;4;4;;;;80000;;;;;;;;;;1;;;2
20230313;03;2023;7372938;1;1;01;;2;3657.2873867;23;1;1;4;1;1;1;1;1;3;1;1;4;3;1;1;1;1;3;3;1;;;100000000;500000;;;1;;;;;;;;;;4
20230313;03;2023;7372939;1;1;01;;2;4392.1816369;23;2;1;4;1;1;1;1;1;3;1;1;2;1;1;1;1;1;1;3;3;;;;;350000;1;1;;;;;;;;;;2
20230313;03;2023;7372940;1;1;01;;2;4969.9156522;23;1;1;4;1;1;1;1;1;3;1;1;3;2;1;1;1;1;1;3;3;;;;;600000;;1;;;;;;;;;;3
20230313;03;2023;7372941;1;1;01;;2;3792.7477374;23;1;1;4;1;1;1;1;1;3;1;1;3;2;1;1;1;1;1;3;1;;;60000000;300000;;1;1;;;;;;;;;;3
20230313;03;2023;7372942;1;1;01;;2;2174.6740752;23;1;1;4;1;1;1;1;1;3;1;1;3;2;1;1;1;1;1;3;1;;;98;700000;;;1;;;;;;;;;;4
20230313;03;2023;7372944;1;1;01;;2;2076.7651164;23;1;1;4;1;1;1;1;1;3;1;1;3;1;1;1;1;1;1;3;1;;;70000000;400000;;1;1;;;;;;;;;;2
20230313;03;2023;7372945;1;1;01;;2;3042.1764973;23;2;1;4;1;1;1;1;1;3;1;1;3;1;1;1;1;10;1;3;3;;;;;350000;;;;;;;;;1;;;1
20230313;03;2023;7372946;1;1;01;;2;4473.4520602;23;1;1;4;1;1;1;1;1;3;1;1;3;2;1;1;1;1;3;3;1;;;90000000;450000;;;;;;;;;;1;;;2
20230313;03;2023;7372947;1;1;01;;2;3343.5220907;23;1;1;4;1;1;1;1;1;3;1;1;3;2;1;1;1;1;3;3;3;;;;;600000;;1;;;;;;;;;;3
20230311;03;2023;7372948;1;1;01;;1;83.324703891;05;2;1;4;1;3;1;1;1;3;1;1;4;3;1;1;1;1;1;3;1;;;200000000;900000;;;1;;;;1;;;;;;5
20230311;03;2023;7372949;1;1;01;;1;129.26044057;05;1;1;4;1;3;1;1;1;3;1;1;4;3;1;1;1;1;1;3;1;;;190000000;1000000;;;1;;;;;;;;;;3
20230311;03;2023;7372950;1;1;01;;1;119.72506671;05;1;5;4;1;3;1;1;1;2;1;1;4;3;1;1;1;1;1;3;1;;;250000000;1100000;;;1;;;;;;;;;;6
20230311;03;2023;7372951;1;1;01;;1;114.19303566;05;1;1;4;1;3;1;1;1;3;1;1;4;3;1;1;1;1;1;3;1;;;150000000;900000;;;1;;;;;;;;;;3
20230311;03;2023;7372952;1;1;01;;1;129.24720815;05;1;1;4;1;3;1;1;1;3;1;1;4;1;1;1;1;1;1;3;4;;;;1200000;;;1;;;;;;;;;;2
20230311;03;2023;7372953;1;1;01;;1;123.01228282;05;2;1;4;1;3;2;1;1;3;1;1;3;2;1;1;1;1;1;4;4;;;;800000;;;1;;;;1;1;;;;;3
20230313;03;2023;7372954;1;1;01;;1;240.98543834;05;2;1;4;1;2;1;2;1;3;1;1;3;2;2;1;1;1;1;3;4;;;;700000;;;1;;;;;;;;;;4
20230313;03;2023;7372955;1;1;01;;1;245.8505043;05;2;1;4;1;2;1;2;1;3;1;1;2;2;2;1;1;1;1;3;4;;;;400000;;;1;;;;;;;;;;2
20230313;03;2023;7372956;1;1;01;;1;191.79645802;05;2;1;4;1;2;1;2;1;3;1;1;3;2;2;1;1;1;1;3;3;;;;;700000;;1;;;;;;;;;;2
20230313;03;2023;7372957;1;1;01;;1;254.14933621;05;2;1;4;1;3;1;2;1;3;1;1;4;2;2;1;1;1;1;3;1;;;80000000;800000;;;;;;;;;;1;;;2
20230313;03;2023;7372958;1;1;01;;1;278.46034922;05;2;1;4;1;2;1;2;1;3;1;1;3;1;2;1;1;1;1;3;1;;;150000000;800000;;;1;;;;;;;;;;1
20230313;03;2023;7372959;1;1;01;;1;213.8675503;05;2;1;4;1;2;1;2;1;3;1;1;3;2;2;1;1;1;1;3;3;;;;;600000;;1;;;;;;;;;;3
20230313;03;2023;7372960;1;1;01;;1;134.69807483;05;2;1;2;1;2;1;2;1;3;1;1;4;3;2;1;1;1;1;3;4;;;;700000;;;1;;;;;;;;;;3
20230313;03;2023;7372961;1;1;01;;1;278.46034922;05;2;1;4;1;2;1;2;1;3;1;1;3;1;2;1;1;1;1;3;1;;;100000000;680000;;;;;;;;;;1;;;1
20230313;03;2023;7372962;1;1;01;;1;242.62121136;05;2;1;4;1;2;1;2;1;3;1;1;4;2;2;1;1;1;1;3;4;;;;900000;;;;;;;;;;1;;;3
20230309;03;2023;7372963;1;1;01;;1;183.24532019;05;1;1;4;1;4;1;1;1;3;1;1;5;2;1;1;1;1;1;3;1;;;850000000;1500000;;;1;;;;;1;;;;;3
20230309;03;2023;7372964;1;1;01;;1;197.16372161;05;1;1;4;1;4;1;1;1;3;1;1;4;1;1;1;1;1;1;3;2;;98;450000000;2500000;;;1;;;;;;;;;;1
20230309;03;2023;7372965;1;1;01;;1;203.31946897;05;2;1;4;1;4;1;1;1;3;1;1;4;1;1;1;1;1;1;3;1;;;600000000;2000000;;;1;;;;;;;;;;2
20230309;03;2023;7372966;1;1;01;;1;222.76827938;05;1;1;4;1;4;1;1;1;3;1;1;6;1;1;1;1;1;1;3;4;;;;500000000;;;;;;;;;;1;;;1
20230310;03;2023;7372967;1;1;01;;1;204.01573249;05;2;1;4;1;4;1;1;1;3;1;1;3;1;1;1;1;1;1;3;3;;;;;960000;;1;;;;;;;;;;2
20230310;03;2023;7372968;1;1;01;;1;116.62714152;05;1;1;4;1;4;1;1;1;3;1;1;7;3;1;1;1;1;1;3;1;;;580000000;1500000;;;1;;;;;;;;;;4
20230310;03;2023;7372969;1;1;01;;1;230.68714684;05;1;1;4;1;4;1;1;1;3;1;1;4;2;1;1;1;1;1;3;3;;;;;1800000;;1;;;;;;;;;;2
20230310;03;2023;7372970;1;1;01;;1;132.00286229;05;1;1;4;1;4;1;1;1;3;1;1;6;4;1;1;1;1;1;3;1;;;500000000;1500000;;;;;;;;;;1;;;5
20230310;03;2023;7372971;1;1;01;;1;211.13971937;05;1;1;4;1;4;1;1;1;3;1;1;6;2;1;1;1;1;1;3;1;;;700000000;200000;;;1;1;;;;1;;;;;2
20230310;03;2023;7372972;1;1;01;;1;230.68714684;05;1;1;4;1;4;1;1;1;1;1;1;6;2;1;1;1;1;1;3;4;;;;1000000;;;1;;;;;;;;;;2
20230310;03;2023;7372973;1;1;01;;1;211.79111351;05;1;1;4;1;4;1;1;1;3;1;1;4;1;1;1;1;1;1;3;1;;;600000000;1500000;;;1;;;;;;;;;;2
20230310;03;2023;7372974;1;1;01;;1;220.2180519;05;2;1;4;1;4;1;1;1;3;1;1;3;2;1;1;1;1;1;3;3;;;;;1100000;;1;;;;;;;;;;4
20230310;03;2023;7372975;1;1;01;;1;117.50578196;05;2;1;4;1;4;1;1;1;3;1;1;2;2;1;1;1;1;3;3;3;;;;;1056000;;1;;;;;;;;;;5
20230310;03;2023;7372976;1;1;01;;1;148.36320266;05;1;1;4;1;4;1;1;1;3;1;1;5;3;1;1;1;1;1;3;1;;;1200000000;2000000;;;1;;;;;1;;;;;4
20230310;03;2023;7372978;1;1;01;;1;192.72003891;05;2;1;4;1;4;2;1;1;3;1;1;4;2;1;1;1;1;1;4;1;;;300000000;1200000;;;1;;;;;;;;;;3
20230309;03;2023;7372979;1;1;01;;1;125.41533369;05;1;1;4;1;4;1;1;1;3;1;1;4;3;1;1;1;1;1;3;3;;;;;860000;;1;;;;;;;;;;4
20230310;03;2023;7372980;1;1;01;05;1;956.91964899;05;2;1;4;1;2;1;1;1;2;1;1;4;3;1;1;1;1;1;3;3;;;;;900000;;1;;;;;;;;;;4
20230310;03;2023;7372981;1;1;01;05;1;1494.297229;05;2;1;4;1;5;2;1;1;2;1;1;4;3;1;1;1;1;1;4;3;;;;;850000;;1;;;1;;;;;;;5
20230310;03;2023;7372983;1;1;01;05;1;784.23967264;05;2;1;4;1;1;2;1;1;2;1;1;3;2;1;1;1;1;1;4;1;;;80000000;650000;;;1;;;;;;;;;;4
20230310;03;2023;7372984;1;1;01;05;1;922.04049941;05;3;1;2;1;1;2;1;1;2;1;1;1;1;1;2;1;1;1;1;3;;;;;250000;;;;;;;;;1;;;3
20230310;03;2023;7372985;1;1;01;05;1;822.89756754;05;1;1;2;1;1;2;1;1;2;1;1;4;4;1;1;1;1;1;1;1;;;100000000;450000;;;1;;;;;;;;;;14
20230310;03;2023;7372986;1;1;01;05;1;714.46364824;05;1;1;2;1;1;2;1;1;2;1;1;1;1;1;1;1;1;1;4;3;;;;;400000;;1;;;;;;;;;;5
20230310;03;2023;7372989;1;1;01;05;1;748.44516325;05;2;1;4;1;3;1;1;1;2;1;1;4;1;1;1;1;1;1;3;2;;600000;250000000;1500000;;;1;;1;;;1;;;;;1
20230310;03;2023;7372990;1;1;01;05;1;1595.3963038;05;2;1;4;1;5;2;1;1;2;1;1;5;3;1;1;1;1;1;4;3;;;;;986600;;1;;;;;1;;;;;3
20230310;03;2023;7372991;1;1;01;05;1;750.72005253;05;2;1;4;1;3;1;1;1;2;1;1;3;2;1;1;1;1;1;3;3;;;;;690000;;1;;;;;;;;;;3
20230310;03;2023;7372992;1;1;01;05;1;609.95009585;05;2;1;4;1;3;1;1;1;2;1;1;4;2;1;1;1;1;1;3;1;;;200000000;1000000;;;1;;;;;;;;;;3
20230310;03;2023;7372993;1;1;01;05;1;916.12320886;05;2;1;4;1;3;1;1;1;2;1;1;3;2;1;1;1;1;1;3;4;;;;800000;;;1;;;;;;;;;;3
20230310;03;2023;7372994;1;1;01;05;1;1165.5929283;05;2;1;4;1;3;1;1;1;2;1;1;3;2;1;1;1;1;1;3;4;;;;850000;;;;;;;;;;1;;;2
20230310;03;2023;7372995;1;1;01;05;1;1093.3325293;05;2;1;4;1;3;1;1;1;2;1;1;4;1;1;1;1;1;3;3;3;;;;;400000;;1;;;;;;;;;;2
20230310;03;2023;7372996;1;1;01;05;1;1864.1722745;05;2;1;4;1;5;1;1;1;2;1;1;2;1;1;1;1;1;1;3;3;;;;;1000000;;1;;;;;1;;;;;2
20230310;03;2023;7372997;1;1;01;05;1;1598.1484698;05;2;1;4;1;5;2;1;1;2;1;1;4;1;1;1;1;1;1;4;3;;;;;961500;;1;;;;;;;;;;1
20230310;03;2023;7372999;1;1;01;05;1;1167.3939876;05;2;1;4;1;3;1;1;1;2;1;1;3;2;1;1;1;1;1;3;3;;;;;850000;;1;;;;;;;;;;2
20230310;03;2023;7373000;1;1;01;05;1;1434.2852213;05;2;1;4;1;3;1;1;1;2;1;1;3;2;1;1;1;1;1;3;3;;;;;900000;;1;;;;;;;;;;3
20230310;03;2023;7373001;1;1;01;05;1;1161.731003;05;2;1;4;1;3;1;1;1;2;1;1;3;1;1;1;1;1;1;3;3;;;;;850000;;1;;;;;;;;;;1
20230310;03;2023;7373002;1;1;01;05;1;1461.4678419;05;2;1;4;1;4;2;1;1;2;1;1;4;1;1;1;1;1;1;1;3;;;;;1800000;;1;;;;1;1;;;;;4
20230310;03;2023;7373003;1;1;01;05;1;1581.7176454;05;2;1;4;1;4;1;1;1;2;1;1;2;1;1;1;1;1;1;3;3;;;;;1400000;;1;;;;;;;;;;1
20230310;03;2023;7373004;1;1;01;05;1;1272.9790506;05;2;1;4;1;4;1;1;1;2;1;1;4;1;1;1;1;1;1;3;1;;;380000000;2200000;;;1;;;;;1;;;;;1
20230310;03;2023;7373005;1;1;01;05;1;751.38585021;05;1;1;2;1;2;2;2;1;2;1;1;2;2;3;1;1;1;1;4;1;;;20000000;250000;;;;;;;;;;1;;;2
20230310;03;2023;7373006;1;1;01;05;1;1336.9789853;05;2;1;4;1;4;1;1;1;2;1;1;4;2;1;1;1;1;1;3;1;;;280000000;1900000;;;1;1;;;;1;;;;;3
20230310;03;2023;7373007;1;1;01;05;1;1051.4331451;05;2;1;4;1;2;1;1;1;2;1;1;2;1;1;1;1;1;2;3;3;;;;;600000;;1;;;;;;;;;;2
20230310;03;2023;7373008;1;1;01;05;1;1122.6677449;05;1;1;4;1;2;1;1;1;2;1;1;1;1;1;1;1;1;2;3;3;;;;;430000;;1;;;;;;;;;;1
20230310;03;2023;7373009;1;1;01;05;1;3660.4951457;05;2;1;4;1;1;1;1;1;2;1;1;3;2;1;1;1;1;3;3;2;;286000;99;800000;;;1;;;;;;;;;;2
20230310;03;2023;7373010;1;1;01;05;1;1138.8892347;05;2;1;4;1;2;1;1;1;2;1;1;3;1;1;1;1;1;1;3;3;;;;;600000;;1;;;;;;;;;;1
20230310;03;2023;7373011;1;1;01;05;1;729.40632129;05;1;1;4;1;2;1;2;1;2;1;1;4;3;3;1;1;1;1;3;1;;;85000000;650000;;;1;;;;;;;;;;6
20230310;03;2023;7373012;1;1;01;05;1;676.6939528;05;1;1;4;1;2;2;2;1;2;1;1;1;1;3;1;1;1;1;1;1;;;90000000;600000;;;;;;;;;;1;;;3
20230310;03;2023;7373013;1;1;01;05;1;803.97731588;05;1;1;2;1;2;2;2;1;2;1;1;1;1;3;1;1;1;1;1;3;;;;;500000;;1;;;;;;;;;;3
20230310;03;2023;7373014;1;1;01;05;1;1186.0140753;05;2;1;4;1;4;2;1;1;2;1;1;5;2;1;1;1;1;1;1;1;;;380000000;2800000;;;1;;;;;1;;;;;3
20230310;03;2023;7373015;1;1;01;05;1;902.9038465;05;2;1;4;1;6;1;1;1;2;1;1;5;3;1;1;1;1;1;3;2;;400000000;1000000000;6000000;;;1;;;;;;;;;;4
20230310;03;2023;7373016;1;1;01;05;1;1172.3356721;05;2;1;4;1;4;1;1;1;2;1;1;4;2;1;1;1;1;1;3;1;;;400000000;2500000;;;1;;;;;;;;;;3
20230310;03;2023;7373017;1;1;01;05;1;1468.0356661;05;2;1;4;1;4;1;1;1;2;1;1;2;1;1;1;1;1;1;3;1;;;350000000;1900000;;;1;;;;;;;;;;2
20230310;03;2023;7373018;1;1;01;05;1;918.33747769;05;2;1;4;1;2;1;1;1;2;1;1;5;4;1;1;1;1;1;3;1;;;300000000;600000;;;1;;;;;;;;;;5
20230310;03;2023;7373020;1;1;01;05;1;980.19854535;05;2;1;4;1;2;1;1;1;2;1;1;3;2;1;1;1;1;1;3;3;;;;;550000;;1;;;;;;;;;;3
20230310;03;2023;7373021;1;1;01;05;1;898.53544538;05;2;1;4;1;2;1;1;1;2;1;1;4;3;1;1;1;1;1;3;1;;;200000000;500000;;;1;;;;;;;;;;3
20230310;03;2023;7373022;1;1;01;05;1;1391.0844256;05;2;1;4;1;4;1;1;1;2;1;1;5;1;1;1;1;1;1;3;1;;;450000000;2000000;;;1;;;;;1;;;;;2
20230310;03;2023;7373023;1;1;01;05;1;1124.8288737;05;2;1;4;1;6;1;1;1;1;1;1;2;1;1;1;1;1;1;4;3;;;;;2100000;;1;;;;;;;;;;1
20230310;03;2023;7373024;1;1;01;05;1;1535.0601593;05;2;1;4;1;5;2;1;1;2;1;1;4;3;1;1;1;1;1;4;3;;;;;905000;;1;;;;;;;;;;4
20230310;03;2023;7373025;1;1;01;05;1;1087.3338403;05;2;1;4;1;2;1;1;1;2;1;1;2;1;1;1;1;1;1;3;3;;;;;550000;;1;;;;;;;;;;1
20230310;03;2023;7373027;1;1;01;05;1;1298.0656113;05;2;1;2;1;1;2;1;1;2;1;1;3;2;1;1;1;1;1;1;1;;;80000000;400000;;;;;;;;;;1;;;2
20230310;03;2023;7373028;1;1;01;05;1;1506.3977575;05;2;1;2;1;1;2;1;1;2;1;1;1;1;1;1;1;1;1;1;3;;;;;230000;;;;;;;;;1;;;1
20230310;03;2023;7373029;1;1;01;05;1;732.28025156;05;2;1;4;1;1;1;1;1;2;1;1;1;1;1;1;1;1;1;3;3;;;;;350000;;1;;;;;;;;;;2
20230310;03;2023;7373030;1;1;01;05;1;1021.0721302;05;2;1;4;1;1;1;1;1;2;1;1;1;1;1;1;1;1;1;3;3;;;;;270000;;1;;;;;;;;;;2
20230310;03;2023;7373031;1;1;01;05;1;1115.558871;05;2;1;4;1;1;1;1;1;2;1;1;3;2;1;1;1;1;1;3;3;;;;;300000;;1;;;;;;;;;;3
20230310;03;2023;7373032;1;1;01;05;1;934.6072401;05;2;1;4;1;1;2;1;1;2;1;1;1;1;1;1;1;1;1;4;3;;;;;250000;;;;;;;;;1;;;2
20230310;03;2023;7373033;1;1;01;05;1;899.29296291;05;2;1;2;1;1;1;1;1;2;1;1;2;1;1;1;1;1;3;3;1;;;98;400000;;;1;;;;;;;;;;4
20230310;03;2023;7373034;1;1;01;05;1;825.89930032;05;2;1;4;1;1;1;1;1;2;1;1;2;1;1;1;1;1;1;3;3;;;;;250000;;1;;;;;;;;;;2
20230310;03;2023;7373035;1;1;01;05;1;733.92226637;05;2;1;2;1;2;1;1;1;2;1;1;5;3;1;1;1;1;1;3;1;;;180000000;800000;;;1;;;;;;;;;;4
20230310;03;2023;7373036;1;1;01;05;1;865.67156683;05;2;1;4;1;2;1;1;1;2;1;1;4;2;1;1;1;1;1;3;4;;;;700000;;;1;;;;;;;;;;3
20230310;03;2023;7373037;1;1;01;05;1;796.26197195;05;2;1;4;1;2;1;1;1;2;1;1;2;2;1;1;1;1;1;3;3;;;;;600000;;1;;;;;;;;;;4
20230310;03;2023;7373038;1;1;01;05;1;779.37492892;05;2;1;2;1;2;1;1;1;2;1;1;2;1;1;1;1;1;1;3;1;;;40000000;500000;;;1;;;;;;;;;;1
20230310;03;2023;7373039;1;1;01;05;1;834.47075009;05;2;1;4;1;2;1;1;1;2;1;1;2;1;1;1;1;1;1;3;4;;;;500000;;;1;;;;;;;;;;2
20230310;03;2023;7373040;1;1;01;05;1;1626.0425;05;2;1;4;1;1;2;1;1;2;1;1;3;2;1;1;1;1;1;4;3;;;;;600000;;1;;;;;;;;;;4
20230310;03;2023;7373041;1;1;01;05;1;1148.0596848;05;2;1;4;1;2;1;1;1;2;1;1;3;2;1;1;1;1;1;3;1;;;130000000;600000;;;1;;;;;;;;;;2
20230310;03;2023;7373043;1;1;01;05;1;1292.8766509;05;2;1;4;1;2;2;1;1;2;1;1;3;3;1;1;1;1;1;4;1;;;50000000;600000;;;1;;;;;;;;;;2
20230310;03;2023;7373044;1;1;01;05;1;1459.2188283;05;2;1;2;1;2;2;1;1;2;1;1;3;2;1;1;1;1;1;4;4;;;;350000;;;1;;;;;;;;;;3
20230310;03;2023;7373045;1;1;01;05;1;891.00614673;05;2;1;4;1;2;1;1;1;2;1;1;1;1;1;1;1;1;2;3;4;;;;350000;;;1;;;;;;;;;;1
20230310;03;2023;7373046;1;1;01;05;1;3186.2234935;05;2;1;4;1;3;2;1;1;3;1;1;3;2;1;1;1;1;1;4;3;;;;;900000;;1;;;;;;;;;;4
20230310;03;2023;7373047;1;1;01;05;1;4272.5002994;05;2;1;4;1;3;1;1;1;3;1;1;4;3;1;1;1;1;1;3;4;;;;1100000;;;1;;;;1;;;;;;4
20230310;03;2023;7373048;1;1;01;05;1;1787.5070254;05;2;1;4;1;3;1;1;1;3;1;1;4;3;1;1;1;1;1;3;3;;;;;500000;;1;;;;1;1;;;;;2
20230310;03;2023;7373049;1;1;01;05;1;808.40667331;05;2;1;2;1;1;2;1;1;2;1;1;2;1;1;1;1;1;1;4;3;;;;;380000;;1;;;;;;;;;;3
20230310;03;2023;7373050;1;1;01;05;1;1914.5102442;05;2;1;4;1;1;2;1;1;2;1;1;4;3;1;1;1;1;1;4;3;;;;;400000;;1;;;;;;;;;;2
20230310;03;2023;7373051;1;1;01;05;1;1889.704379;05;2;1;4;1;1;2;1;1;2;1;1;2;1;1;1;1;1;1;4;3;;;;;450000;;1;;;;;;;;;;3
20230310;03;2023;7373052;1;1;01;05;1;1838.6853007;05;2;1;2;1;1;2;1;1;2;1;1;3;2;1;1;1;1;3;4;3;;;;;300000;;;;;;;;;1;;;3
20230310;03;2023;7373053;1;1;01;05;1;1515.7625125;05;2;1;4;1;1;2;1;1;2;1;1;4;1;1;1;1;1;1;4;3;;;;;360000;;;;;;;;;1;;;3
20230310;03;2023;7373054;1;1;01;05;1;2033.6369726;05;2;1;2;1;3;1;1;1;2;1;1;3;1;1;1;1;1;1;3;3;;;;;900000;;;;;;;;;1;;;1
20230310;03;2023;7373055;1;1;01;05;1;1636.6873507;05;2;1;4;1;3;1;1;1;2;1;1;3;1;1;1;1;1;1;3;1;;;98;900000;;;1;;;;;;;;;;1
20230310;03;2023;7373056;1;1;01;05;1;898.79734661;05;2;1;4;1;2;1;1;1;2;1;1;3;1;1;1;1;1;1;3;3;;;;;600000;;1;;;;;;;;;;2
20230310;03;2023;7373057;1;1;01;05;1;842.26194997;05;2;1;4;1;2;1;1;1;2;1;1;3;2;1;1;1;1;1;3;4;;;;700000;;;1;;;;;;;;;;3
20230310;03;2023;7373058;1;1;01;05;1;1183.8544684;05;2;1;4;1;6;1;1;1;2;1;1;4;2;1;1;1;1;1;3;2;;2000000;900000000;5000000;;1;1;;1;;;1;;;;;3
20230310;03;2023;7373059;1;1;01;05;1;1177.5289593;05;2;1;4;1;6;1;1;1;2;1;1;5;3;1;1;1;1;1;3;2;;8000000;1100000000;4500000;;;1;;;;;;;;;;4
20230310;03;2023;7373060;1;1;01;05;1;1524.3824836;05;2;1;4;1;5;1;1;1;2;1;1;9;3;1;1;1;1;1;3;1;;;600000000;3000000;;;1;;;;;1;;;;;3
20230310;03;2023;7373061;1;1;01;08;1;877.5221192;08;2;1;4;1;4;1;1;1;3;1;1;3;2;1;1;1;1;1;3;3;;;;;1300000;;1;;;;;;;;;;3
20230310;03;2023;7373062;1;1;01;08;1;927.3368477;08;2;1;4;1;4;1;1;1;3;1;1;3;2;1;1;1;1;1;3;3;;;;;980000;;1;;;;;1;;;;;2
20230310;03;2023;7373063;1;1;01;08;1;639.55564401;08;2;1;4;1;4;1;1;1;3;1;1;3;1;1;1;1;1;1;3;1;;;300000000;1000000;;;1;;;;;;;;;;2
20230310;03;2023;7373064;1;1;01;08;1;644.93006119;08;1;1;4;1;5;1;1;1;3;1;1;6;1;1;1;1;1;1;3;1;;;1500000000;10000000;;;1;;;;;1;;;;;2
20230310;03;2023;7373065;1;1;01;08;1;757.20335117;08;1;1;4;1;5;1;1;1;3;1;1;4;3;1;1;1;1;1;3;1;;;1200000000;4000000;;1;1;;1;1;;1;;;;;4
20230310;03;2023;7373066;1;1;01;08;1;578.96388631;08;2;1;4;1;5;1;1;1;3;1;1;3;2;1;1;1;1;1;3;4;;;;1700000;;;1;;;;;;;;;;3
20230310;03;2023;7373067;1;1;01;08;1;690.92395459;08;2;1;4;1;5;1;1;1;3;1;1;3;2;1;1;1;1;1;3;4;;;;1600000;;;1;;;;;;;;;;2
20230310;03;2023;7373068;1;1;01;08;1;637.804122;08;2;1;4;1;5;1;1;1;3;1;1;4;3;1;1;1;1;3;3;3;;;;;2500000;;1;;;;;1;;;;;5
20230310;03;2023;7373069;1;1;01;08;1;675.3006524;08;1;1;4;1;5;1;1;1;3;1;1;4;3;1;1;1;1;1;3;1;;;1000000000;1500000;;;1;;;;;1;;;;;3
20230310;03;2023;7373070;1;1;01;08;1;373.98819578;08;2;1;4;1;2;1;1;1;3;1;1;4;3;1;1;1;1;1;3;3;;;;;600000;;1;;;;;;;;;;7
20230310;03;2023;7373071;1;1;01;08;1;561.80574219;08;1;1;4;1;2;1;1;1;3;1;1;3;2;1;1;1;1;1;3;3;;;;;400000;;1;;;;;;;;;;2
20230310;03;2023;7373072;1;1;01;08;1;512.61929701;08;2;1;4;1;2;1;1;1;3;1;1;5;2;1;1;1;1;1;3;1;;;150000000;800000;;;1;;;;;;;;;;3
20230310;03;2023;7373073;1;1;01;08;1;730.6817526;08;2;1;2;1;2;1;1;1;3;1;1;2;1;1;1;1;1;1;3;3;;;;;350000;;;;;;;;;1;;;2
20230310;03;2023;7373074;1;1;01;11;1;3999.4535892;11;2;1;4;1;2;1;1;1;3;1;1;3;1;1;1;1;1;1;3;2;;750000;180000000;600000;;;1;;1;;;;;;;;2
20230310;03;2023;7373075;1;1;01;11;1;3309.5144473;11;2;1;4;1;2;1;1;1;3;1;1;4;3;1;1;1;1;1;3;2;;500000;180000000;900000;;;1;;1;1;1;1;;;;;4
20230310;03;2023;7373077;1;1;01;11;1;3719.5681421;11;2;1;4;1;3;1;1;1;3;1;1;4;2;1;1;1;1;1;3;3;;;;;800000;;1;;;;;;;;;;4
20230310;03;2023;7373078;1;1;01;11;1;4867.3169283;11;2;1;4;1;2;1;1;1;3;1;1;4;1;1;1;1;1;1;3;7;VIVIENDA FAMILIAR;;;800000;;;1;;;;;;;;;;1
20230310;03;2023;7373079;1;1;01;11;1;3851.814402;11;2;1;4;1;2;1;1;1;3;1;2;4;2;1;2;1;1;1;3;3;;;;;450000;;1;;;;;;;;;;4
20230310;03;2023;7373079;2;2;01;11;1;3851.814402;11;2;1;4;1;2;1;1;1;3;1;2;2;1;1;1;1;1;1;3;3;;;;;450000;;1;;;;;;;;;;3
20230310;03;2023;7373080;1;1;01;11;1;4319.4098763;11;2;1;4;1;3;1;1;1;3;1;1;4;1;1;1;1;1;1;3;3;;;;;700000;;1;;;;;;;;;;2
20230310;03;2023;7373081;1;1;01;11;1;3038.1837032;11;2;1;4;1;3;1;1;1;3;1;1;4;3;1;1;1;1;1;3;2;;630000;120000000;800000;;;1;;1;;;1;;;;;4
20230310;03;2023;7373082;1;1;01;11;1;4191.2621129;11;2;1;4;1;3;1;1;1;3;1;1;4;2;1;1;1;1;1;3;3;;;;;700000;;1;;;;;1;;;;;3
20230310;03;2023;7373083;1;1;01;11;1;3522.2324353;11;2;1;4;1;2;1;1;1;3;1;1;3;2;1;1;1;1;1;3;2;;1000000;170000000;800000;;;1;;;;1;1;;;;;2
20230310;03;2023;7373084;1;1;01;11;1;3035.5227712;11;2;1;4;1;3;1;1;1;3;1;1;4;3;1;1;1;1;1;3;1;;;200000000;800000;;;1;;;;1;1;;;;;5
20230310;03;2023;7373085;1;1;01;11;1;2590.3403331;11;2;1;4;1;2;1;1;1;3;1;1;3;1;1;1;1;1;1;3;1;;;98;500000;;;;;;;;;;1;;;1
20230310;03;2023;7373086;1;1;01;11;1;4398.0601634;11;2;1;4;1;4;1;1;1;3;1;1;4;1;1;1;1;1;1;3;1;;;400000000;2500000;;;1;;;;1;1;;;;;2
20230310;03;2023;7373087;1;1;01;11;1;5258.9271241;11;2;1;4;1;2;1;1;1;3;1;1;2;1;1;1;1;1;1;3;3;;;;;400000;;1;;;;;;;;;;2
20230310;03;2023;7373088;1;1;01;11;1;2975.2132669;11;1;1;4;1;3;1;1;1;3;1;1;5;4;1;1;1;1;1;3;3;;;;;1100000;;1;;;;;;;;;;5
20230310;03;2023;7373089;1;1;01;11;1;2892.0518725;11;2;1;4;1;3;1;1;1;3;1;1;3;2;1;1;1;1;1;3;7;FAMILIAR;;;1000000;;;1;;;;;;;;;;3
20230310;03;2023;7373090;1;1;01;11;1;3808.2667014;11;2;1;4;1;4;1;1;1;3;1;1;4;3;1;1;1;10;1;3;2;;2400000;260000000;1800000;;;1;1;;;;1;;;;;3
20230310;03;2023;7373092;1;1;01;11;1;3971.8942211;11;2;1;4;1;3;1;1;1;3;1;1;3;1;1;1;1;1;1;3;3;;;;;500000;;1;;;;;;;;;;2
20230310;03;2023;7373093;1;1;01;11;1;4853.9829199;11;2;1;4;1;3;1;1;1;3;1;1;3;1;1;1;1;1;1;3;1;;;98;900000;;;1;;;;;;;;;;2
20230310;03;2023;7373094;1;1;01;11;1;4381.1118205;11;2;1;4;1;3;1;1;1;3;1;1;3;2;1;1;1;1;1;3;1;;;145000000;800000;;;1;;;;;;;;;;2
20230310;03;2023;7373095;1;1;01;11;1;3484.5487281;11;2;1;4;1;3;1;1;1;3;1;1;4;1;1;1;1;1;1;3;1;;;170000000;1000000;;;1;;;;;;;;;;1
20230310;03;2023;7373096;1;1;01;11;1;2928.4556475;11;2;1;4;1;3;1;1;1;9;1;1;4;2;1;1;1;1;1;3;2;;550000;260000000;1200000;;;1;;1;;;1;;;;;2
20230310;03;2023;7373097;1;1;01;11;1;4570.8041019;11;2;1;4;1;3;1;1;1;3;1;1;3;1;1;1;1;1;1;3;1;;;160000000;900000;;;1;;;;;1;;;;;2
20230310;03;2023;7373098;1;1;01;11;1;4317.2083301;11;2;1;3;1;3;1;1;1;9;1;1;4;3;1;1;1;10;1;3;2;;1200000;160000000;1200000;;;1;;1;;;1;;;;;4
20230310;03;2023;7373099;1;1;01;11;1;4143.4675749;11;2;1;4;1;3;1;1;1;3;1;1;5;2;1;1;1;1;1;3;1;;;300000000;1000000;;;1;;;;;;;;;;2
20230310;03;2023;7373100;1;1;01;11;1;3669.218477;11;2;1;3;1;3;1;1;1;3;1;1;4;2;1;1;1;1;1;3;1;;;200000000;98;;;1;;;;;1;;;;;3
20230310;03;2023;7373101;1;1;01;11;1;3484.5487281;11;2;1;4;1;3;1;1;1;3;1;1;4;1;1;1;1;1;1;3;1;;;280000000;1300000;;;1;;;;;;;;;;1
20230310;03;2023;7373102;1;1;01;11;1;3522.2324353;11;2;1;4;1;3;1;1;1;3;1;1;3;2;1;1;1;1;1;4;1;;;99;99;;1;1;;;;;1;;;;;2
20230310;03;2023;7373103;1;1;01;11;1;4477.8886614;11;2;1;3;1;3;1;1;1;3;1;1;4;2;1;1;1;1;1;3;2;;1800000;180000000;1500000;;;1;;1;1;;1;;;;;3
20230310;03;2023;7373104;1;1;01;11;1;4247.2350549;11;2;1;4;1;3;1;1;1;3;1;1;4;1;1;1;1;1;1;3;1;;;98;1400000;;;1;;;;1;;;;;;2
20230310;03;2023;7373105;1;1;01;11;1;3808.9454423;11;2;1;4;1;3;1;1;1;9;1;1;4;2;1;1;1;1;1;3;4;;;;1400000;;;1;;;;1;1;;;;;2
20230310;03;2023;7373106;1;1;01;11;1;3857.806788;11;2;1;3;1;3;1;1;1;3;1;1;4;3;1;1;1;1;1;3;2;;800000;180000000;900000;;;1;;;;;1;;;;;4
20230310;03;2023;7373107;1;1;01;11;1;3586.7335628;11;2;1;4;1;3;1;1;1;3;1;1;4;1;1;1;1;1;1;3;1;;;98;2000000;;;1;;;;;;;;;;2
20230310;03;2023;7373108;1;1;01;11;1;3855.6131197;11;2;1;4;1;3;1;1;1;3;1;1;3;1;1;1;1;1;1;3;3;;;;;550000;;1;;;;;1;;;;;1
20230310;03;2023;7373109;1;1;01;11;1;4498.8791812;11;2;1;4;1;3;1;1;1;9;1;2;3;2;1;2;1;1;1;3;1;;;280000000;1500000;;;1;;;;;;;;;;2
20230310;03;2023;7373109;2;2;01;11;1;4498.8791812;11;2;1;4;1;3;1;1;1;9;1;2;1;1;1;2;1;10;6;;3;;;;;400000;;1;;;;;;;;;;1
20230310;03;2023;7373111;1;1;01;11;1;4451.9457482;11;2;1;3;1;4;1;1;1;3;1;1;4;1;1;1;1;1;1;3;3;;;;;1800000;;1;;;;;;;;;;1
20230310;03;2023;7373112;1;1;01;11;1;3161.1165557;11;2;1;3;1;4;1;1;1;3;1;1;4;2;1;1;1;10;1;3;3;;;;;2000000;;1;;;;;1;;;;;4
20230310;03;2023;7373113;1;1;01;11;1;3781.4351862;11;2;1;4;1;3;1;1;1;3;1;1;4;3;1;1;1;1;1;3;2;;640000;350000000;1500000;;;1;;;;;;;;;;3
20230310;03;2023;7373114;1;1;01;11;1;4023.4902759;11;2;1;4;1;4;1;1;1;3;1;1;4;1;1;1;1;1;1;3;1;;;99;2000000;;;1;;;;;1;;;;;1
20230310;03;2023;7373115;1;1;01;11;1;4591.831751;11;2;1;4;1;3;1;1;1;3;1;1;4;3;1;1;1;1;1;3;1;;;250000000;1500000;;;1;;;;;;;;;;4
20230310;03;2023;7373117;1;1;01;13;1;404.71596599;13;1;5;2;1;1;2;1;1;3;1;1;2;1;1;1;1;1;3;5;4;;;;150000;;;;;;;;;;1;;;1
20230310;03;2023;7373118;1;1;01;13;1;281.67083954;13;2;1;2;1;1;1;1;1;3;1;1;4;2;1;1;1;1;1;3;3;;;;;600000;;;;;;;;;1;;;2
20230310;03;2023;7373119;1;1;01;13;1;228.87578124;13;2;1;2;1;1;1;1;1;3;1;1;5;3;1;1;1;1;1;3;1;;;99;600000;;;1;;;;;;;;;;2
20230310;03;2023;7373120;1;1;01;13;1;107.86817145;13;1;1;4;1;1;1;1;1;3;1;1;4;3;1;1;1;1;3;3;1;;;100000000;500000;;;1;;;;;;;;;;9
20230310;03;2023;7373121;1;1;01;13;1;107.86817145;13;2;1;2;1;1;1;1;1;3;1;1;5;3;1;1;1;1;1;3;3;;;;;500000;;;;;;;;;1;;;7
20230310;03;2023;7373122;1;1;01;13;1;107.86817145;13;1;1;2;1;1;1;1;1;3;1;1;4;3;1;1;1;1;3;3;1;;;99;700000;;;1;;;;;;;;;;7
20230310;03;2023;7373123;1;1;01;13;1;257.28106083;13;2;1;4;1;1;1;1;1;3;1;1;3;2;1;1;1;1;3;3;6;;;;600000;;;1;;;;;;;;;;3
20230310;03;2023;7373124;1;1;01;13;1;528.01494686;13;2;1;4;1;2;1;1;1;3;1;1;3;2;1;1;1;1;1;3;3;;;;;650000;;1;;;;;;;;;;3
20230310;03;2023;7373125;1;1;01;13;1;550.73232694;13;2;1;4;1;2;1;1;1;3;1;1;3;2;1;1;1;1;1;3;3;;;;;600000;;1;;;;;;;;;;3
20230310;03;2023;7373126;1;1;01;13;1;553.51284396;13;2;1;4;1;2;1;1;1;3;1;1;3;2;1;1;1;1;1;3;3;;;;;600000;;1;;;;;1;;;;;3
20230310;03;2023;7373127;1;1;01;13;1;375.67356696;13;2;1;4;1;1;1;1;1;3;1;1;4;3;1;1;1;1;1;3;3;;;;;300000;;;;;;;;;1;;;5
20230310;03;2023;7373130;1;1;01;13;1;253.36319956;13;1;1;4;1;1;1;1;1;3;1;1;3;2;1;1;1;1;1;3;4;;;;300000;;;1;;;;;;;;;;8
20230310;03;2023;7373131;1;1;01;13;1;518.96107762;13;1;1;4;1;1;1;1;1;3;1;1;3;2;1;1;1;1;1;3;3;;;;;400000;;1;;;;;;;;;;5
20230310;03;2023;7373132;1;1;01;13;1;538.90629828;13;1;1;4;1;1;1;1;1;3;1;1;3;2;1;1;1;1;1;3;4;;;;200000;;;1;;;;;;;;;;2
20230310;03;2023;7373133;1;1;01;13;1;588.84785424;13;2;1;4;1;1;1;1;1;3;1;1;3;2;1;1;1;1;1;3;1;;;98;400000;;;;;;;;;;1;;;4
20230310;03;2023;7373134;1;1;01;13;1;260.29318207;13;2;1;4;1;1;1;1;1;3;1;1;4;3;1;1;1;1;1;3;3;;;;;450000;;;;;;;;;1;;;4
20230310;03;2023;7373135;1;1;01;13;1;349.25904964;13;1;1;4;1;1;1;1;1;3;1;1;4;3;1;1;1;1;1;3;1;;;45000000;500000;;;;;;;;;;1;;;4
20230310;03;2023;7373136;1;1;01;13;1;445.44150941;13;2;1;4;1;1;1;1;1;3;1;1;3;2;1;1;1;1;1;3;3;;;;;350000;;;;;;;;;1;;;3
20230310;03;2023;7373137;1;1;01;13;1;276.32290744;13;1;1;4;1;1;1;1;1;3;1;1;4;3;1;1;1;1;1;3;1;;;45000000;500000;;;1;;;;;;;;;;4
20230310;03;2023;7373138;1;1;01;13;1;423.63106384;13;2;1;4;1;1;1;1;1;3;1;1;4;3;1;1;1;1;1;3;3;;;;;400000;;;;;;;;;1;;;5
20230310;03;2023;7373139;1;1;01;13;1;490.79252504;13;1;1;2;1;1;1;1;1;3;1;1;3;2;1;1;1;1;1;3;3;;;;;300000;;;;;;;;;1;;;3
20230310;03;2023;7373140;1;1;01;13;1;289.73212559;13;1;1;4;1;1;1;1;1;3;1;1;4;3;1;1;1;1;1;3;1;;;45000000;450000;;;;;;;;;;1;;;3
20230310;03;2023;7373141;1;1;01;13;1;260.49767436;13;2;1;2;1;2;1;1;1;3;1;1;3;2;1;1;1;1;4;3;6;;;;450000;;;1;;;;;;;;;;8
20230310;03;2023;7373142;1;1;01;13;1;346.41148214;13;2;1;4;1;2;1;1;1;3;1;1;4;1;1;1;1;1;3;3;1;;;80000000;550000;;;1;;;;;;;;;;2
20230310;03;2023;7373143;1;1;01;13;1;488.50111634;13;1;1;2;1;1;1;1;1;3;1;1;3;2;1;1;1;1;1;3;3;;;;;500000;;1;;;;;;;;;;3
20230310;03;2023;7373144;1;1;01;13;1;203.85004581;13;1;1;4;1;1;1;1;1;3;1;1;4;3;1;1;1;1;1;3;1;;;80000000;400000;;;1;;;;;;;;;;5
20230310;03;2023;7373145;1;1;01;13;1;644.41478592;13;1;1;4;1;4;1;1;1;3;1;1;5;1;1;1;1;1;1;3;4;;;;1000000;;;1;;;;;;;;;;1
20230310;03;2023;7373146;1;1;01;13;1;601.34603771;13;2;1;4;1;4;1;1;1;3;1;1;4;2;1;1;1;1;1;3;7;VIVIENDA FAMILIAR;;;900000;;;1;;;;;;;;;;3
20230310;03;2023;7373147;1;1;01;13;1;242.70338576;13;1;1;4;1;4;1;1;1;3;1;1;5;4;1;1;1;1;1;3;1;;;300000000;1000000;;;1;;;;;;;;;;7
20230310;03;2023;7373148;1;1;01;13;1;409.68509704;13;1;1;4;1;4;1;1;1;3;1;1;5;2;1;1;1;1;1;3;1;;;300000000;1700000;;;1;;;;;;;;;;3
20230310;03;2023;7373149;1;1;01;13;1;514.97050779;13;2;1;4;1;4;1;1;1;3;1;1;5;2;1;1;1;1;1;3;1;;;430000000;700000;;;1;;;;;;;;;;2
20230310;03;2023;7373150;1;1;01;13;1;290.89621587;13;1;1;4;1;4;1;1;1;3;1;1;8;2;1;1;1;1;1;3;1;;;600000000;1200000;;;1;;;;;1;;;;;3
20230310;03;2023;7373151;1;1;01;13;1;619.57386781;13;2;1;4;1;4;1;1;1;3;1;1;2;1;1;1;1;1;1;3;3;;;;;600000;;1;;;;;;;;;;3
20230310;03;2023;7373152;1;1;01;13;1;710.27652032;13;2;1;4;1;4;1;1;1;3;1;1;3;1;1;1;1;1;1;3;3;;;;;900000;;1;;;;;1;;;;;1
20230310;03;2023;7373154;1;1;01;13;1;303.56379867;13;1;1;4;1;4;1;1;1;3;1;1;5;4;1;1;1;1;1;3;1;;;98;1000000;;;1;;;;;1;;;;;5
20230310;03;2023;7373156;1;1;01;13;1;352.08854943;13;2;1;4;1;2;1;1;1;3;1;1;2;1;1;1;1;1;3;3;3;;;;;700000;;1;;;;;;;;;;2
20230310;03;2023;7373157;1;1;01;13;1;199.75587306;13;1;1;4;1;1;1;1;1;3;1;1;4;3;1;1;1;1;1;3;3;;;;;400000;;1;;;;;;;;;;10
20230310;03;2023;7373158;1;1;01;13;1;238.43388882;13;2;1;4;1;1;1;1;1;3;1;1;4;3;1;1;1;1;1;3;1;;;98;500000;;;1;;;;;;;;;;6
20230310;03;2023;7373159;1;1;01;13;1;323.42388735;13;1;1;4;1;1;1;1;1;3;1;1;5;4;1;1;1;1;1;3;1;;;98;650000;;;1;;;;;1;;;;;8
20230310;03;2023;7373160;1;1;01;13;1;504.16752487;13;1;1;4;1;1;1;1;1;3;1;1;3;2;1;1;1;1;2;3;3;;;;;350000;;1;;;;;;;;;;3
20230310;03;2023;7373161;1;1;01;13;1;237.11877124;13;2;1;4;1;1;1;1;1;3;1;1;3;2;1;1;1;1;1;3;6;;;;700000;;;;;;;;;;1;;;2
20230310;03;2023;7373162;1;1;01;13;1;223.2734469;13;2;1;4;1;1;1;1;1;3;1;1;3;2;1;1;1;1;1;3;6;;;;500000;;;1;;;;;;;;;;4
20230310;03;2023;7373163;1;1;01;13;1;596.25110929;13;2;1;4;1;2;1;1;1;3;1;1;3;2;1;1;1;1;3;3;6;;;;500000;;;1;;;;;;;;;;4
20230310;03;2023;7373164;1;1;01;13;1;628.99186813;13;2;1;4;1;2;1;1;1;3;1;1;3;2;1;1;1;1;3;3;3;;;;;750000;;1;;;;;1;;;;;3
20230310;03;2023;7373165;1;1;01;13;1;596.25110929;13;2;1;4;1;2;1;1;1;3;1;1;2;1;1;1;1;1;3;3;3;;;;;500000;;1;;;;;;;;;;4
20230310;03;2023;7373166;1;1;01;13;1;680.43166497;13;2;1;4;1;2;1;1;1;3;1;1;3;2;1;1;1;1;1;3;3;;;;;750000;;1;;;;;;;;;;2
20230310;03;2023;7373167;1;1;01;13;1;542.03094651;13;2;1;4;1;2;1;1;1;3;1;1;3;2;1;1;1;1;3;3;4;;;;500000;;;1;;;;;;;;;;2
20230310;03;2023;7373168;1;1;01;13;1;492.73976938;13;2;1;2;1;2;1;1;1;3;1;1;4;3;1;1;1;1;3;3;6;;;;700000;;;1;;;;;;;;;;5
20230310;03;2023;7373169;1;1;01;15;1;181.58250947;15;2;1;4;1;5;1;1;1;3;1;1;4;2;1;1;1;1;1;3;3;;;;;1400000;;1;;;1;;1;;;;;3
20230310;03;2023;7373170;1;1;01;15;1;116.90372281;15;2;1;4;1;3;1;1;1;3;1;1;4;2;1;1;1;1;1;3;1;;;120000000;700000;;;1;;;;;1;;;;;2
20230310;03;2023;7373171;1;1;01;15;1;63.476670766;15;2;1;4;1;3;1;1;1;3;1;1;2;1;1;1;1;1;1;3;3;;;;;250000;;1;;;;;;;;;;1
20230310;03;2023;7373172;1;1;01;15;1;77.903177577;15;2;1;4;1;3;1;1;1;3;1;1;3;1;1;1;1;1;1;3;1;;;200000000;800000;;;1;;;;;;;;;;1
20230310;03;2023;7373173;1;1;01;15;1;97.021174911;15;2;1;4;1;3;1;1;1;3;1;1;3;2;1;1;1;1;1;3;1;;;12000000;600000;;;1;;;;;;;;;;4
20230310;03;2023;7373174;1;1;01;15;1;89.710665535;15;1;1;4;1;3;1;1;1;3;1;1;5;3;1;1;1;1;1;3;1;;;15000000;1000000;;;1;;;;;;;;;;4
20230310;03;2023;7373175;1;1;01;15;1;143.75260005;15;2;1;4;1;5;1;1;1;3;1;1;3;1;1;1;1;1;1;3;7;VIVIENDA EMPRESARIAL;;;98;;;1;;;;;;;;;;1
20230310;03;2023;7373176;1;1;01;15;1;94.695193305;15;2;1;4;1;3;1;1;1;3;1;1;2;1;1;1;1;1;1;3;3;;;;;460000;;1;;;;;;;;;;2
20230310;03;2023;7373177;1;1;01;15;1;85.166411558;15;2;1;4;1;3;1;1;1;3;1;1;3;2;1;1;1;1;1;3;2;;1700000;250000000;400000;;;1;;1;;;;;;;;3
20230310;03;2023;7373178;1;1;01;15;1;113.76287727;15;2;1;4;1;3;1;1;1;3;1;1;3;1;1;1;1;1;1;3;3;;;;;600000;;1;;;;;;;;;;1
20230310;03;2023;7373179;1;1;01;15;1;128.0174777;15;2;1;4;1;3;1;1;1;3;1;1;4;2;1;1;1;1;1;3;3;;;;;600000;;;;;;;;;1;;;3
20230310;03;2023;7373180;1;1;01;15;1;157.48827757;15;2;1;4;1;5;1;1;1;3;1;1;4;3;1;1;1;1;1;3;1;;;350000000;1500000;;;1;;;;;1;;;;;4
20230310;03;2023;7373181;1;1;01;15;1;79.638395003;15;1;1;4;1;3;1;1;1;3;1;1;3;2;1;1;1;1;1;3;2;;400000;100000000;500000;;;1;;;;;;;;;;4
20230310;03;2023;7373182;1;1;01;15;1;118.82378648;15;1;1;4;1;2;1;1;1;3;1;1;4;3;1;1;1;1;1;3;3;;;;;1000000;;1;;;;;;;;;;5
20230310;03;2023;7373183;1;1;01;15;1;104.53468406;15;2;1;4;1;3;1;1;1;3;1;1;4;3;1;1;1;1;1;3;1;;;80000000;500000;;;1;;;;1;;;;;;5
20230310;03;2023;7373184;1;1;01;15;1;143.48633862;15;1;1;4;1;3;1;1;1;3;1;1;4;3;1;1;1;1;1;3;1;;;300000000;800000;;;;;1;;;;;;;;5
20230310;03;2023;7373185;1;1;01;15;1;91.967279069;15;2;1;4;1;3;2;1;1;3;1;1;3;2;1;1;1;1;1;4;4;;;;500000;;;1;;;;;;;;;;4
20230310;03;2023;7373186;1;1;01;15;1;94.89946355;15;2;1;4;1;4;1;1;1;3;1;1;4;3;1;1;1;1;1;3;1;;;380000000;950000;;;1;;;;;1;;;;;4
20230310;03;2023;7373187;1;1;01;15;1;93.939070517;15;1;1;4;1;2;1;1;1;3;1;1;3;1;1;1;1;1;1;3;3;;;;;350000;;1;;;;;;;;;;2
20230310;03;2023;7373188;1;1;01;15;1;81.918973559;15;2;1;4;1;4;1;1;1;3;1;1;3;2;1;1;1;1;1;3;3;;;;;730000;;1;;;;;;;;;;2
20230310;03;2023;7373189;1;1;01;15;1;103.51528931;15;1;1;4;1;3;1;1;1;3;1;1;4;3;1;1;1;1;1;3;4;;;;800000;;;;;;;;;;1;;;3
20230310;03;2023;7373190;1;1;01;15;1;73.415887541;15;1;1;4;1;3;1;1;1;3;1;1;4;3;1;1;1;1;1;3;3;;;;;500000;;1;;;;;;;;;;5
20230310;03;2023;7373191;1;1;01;15;1;76.172004919;15;2;1;4;1;2;1;1;1;3;1;1;3;1;1;1;1;1;3;3;6;;;;500000;;;;;;;;;;1;;;1
20230310;03;2023;7373192;1;1;01;15;1;87.02860111;15;2;1;4;1;2;1;1;1;3;1;1;2;1;1;1;1;1;1;3;6;;;;250000;;;;;;;;;;1;;;1
20230310;03;2023;7373193;1;1;01;15;1;72.816865385;15;2;1;4;1;2;1;1;1;3;1;1;4;2;1;1;1;1;3;3;3;;;;;450000;;;;;;;;;1;;;2
20230310;03;2023;7373194;1;1;01;15;1;98.143227083;15;2;1;4;1;2;1;1;1;3;1;1;4;3;1;1;1;1;1;3;3;;;;;250000;;1;;;;;;;;;;3
20230310;03;2023;7373195;1;1;01;15;1;80.734049479;15;2;1;4;1;5;1;1;1;3;1;1;3;2;1;1;1;1;1;3;3;;;;;800000;;1;;;;;;;;;;2
20230310;03;2023;7373196;1;1;01;15;1;80.907628206;15;2;1;4;1;3;1;1;1;3;1;1;2;1;1;1;1;1;1;3;3;;;;;300000;;1;;;;;;;;;;2
20230310;03;2023;7373197;1;1;01;15;1;108.78575139;15;2;1;4;1;5;1;1;1;3;1;1;4;1;1;1;1;1;1;3;3;;;;;1000000;;1;;;;1;;;;;;1
20230310;03;2023;7373198;1;1;01;15;1;202.94792651;15;1;1;4;1;2;1;1;1;3;1;1;4;3;1;1;1;1;1;3;3;;;;;550000;;1;;;;;;;;;;6
20230310;03;2023;7373199;1;1;01;15;1;103.46318895;15;2;1;4;1;5;1;1;1;3;1;1;4;3;1;1;1;1;1;3;3;;;;;1050000;;1;;;;1;;;;;;4
20230310;03;2023;7373200;1;1;01;15;1;123.21846912;15;1;1;4;1;2;1;1;1;3;1;1;3;2;1;1;1;1;1;3;2;;450000;98;500000;;;1;;1;;;1;;;;;3
20230310;03;2023;7373201;1;1;01;15;1;130.02162696;15;2;1;4;1;5;1;1;1;3;1;1;4;2;1;1;1;1;1;3;2;;1200000;280000000;1000000;;;1;;1;;;;;;;;3
20230310;03;2023;7373202;1;1;01;15;1;88.143900258;15;2;1;4;1;2;1;1;1;3;1;1;3;1;1;1;1;1;1;3;4;;;;900000;;;1;;;;;;;;;;1
20230310;03;2023;7373203;1;1;01;15;1;142.07720764;15;1;1;4;1;2;1;1;1;3;1;1;3;2;1;1;1;1;1;3;4;;;;500000;;;1;;;;;;;;;;2
20230310;03;2023;7373204;1;1;01;15;1;85.229716163;15;2;1;4;1;5;1;1;1;3;1;1;4;3;1;1;1;1;1;3;3;;;;;1225000;;1;;;;1;;;;;;5
20230310;03;2023;7373205;1;1;01;15;1;91.283185642;15;2;1;4;1;3;1;1;1;7;1;1;4;1;1;1;1;1;1;3;1;;;200000000;900000;;;1;;;;1;;;;;;2
20230310;03;2023;7373206;1;1;01;15;1;85.548822846;15;2;1;4;1;3;1;1;1;3;1;1;4;2;1;1;1;1;1;3;3;;;;;700000;;1;;;;;1;;;;;3
20230310;03;2023;7373207;1;1;01;15;1;85.548822846;15;2;1;4;1;3;1;1;1;7;1;1;3;2;1;1;1;1;1;3;3;;;;;800000;;;;;;;;;1;;;3
20230310;03;2023;7373208;1;1;01;15;1;93.513412114;15;2;1;4;1;3;1;1;1;3;1;1;4;3;1;1;1;1;1;3;4;;;;800000;;;1;;;;;;;;;;6
20230310;03;2023;7373209;1;1;01;15;1;73.451576172;15;2;1;4;1;3;1;1;1;3;1;1;3;1;1;1;1;1;1;3;3;;;;;800000;;1;;;;;;;;;;1
20230310;03;2023;7373210;1;1;01;15;1;55.462687954;15;2;1;4;1;3;1;1;1;3;1;1;2;1;1;1;1;1;1;3;3;;;;;650000;;1;;;;;;;;;;2
20230310;03;2023;7373211;1;1;01;15;1;83.920436784;15;2;1;4;1;3;1;1;1;3;1;1;3;1;1;1;1;1;1;3;3;;;;;500000;;1;;;;;;;;;;1
20230310;03;2023;7373212;1;1;01;15;1;121.36932053;15;2;1;4;1;3;1;1;1;7;1;1;3;2;1;1;1;1;1;3;3;;;;;600000;;1;;;;;;;;;;3
20230310;03;2023;7373213;1;1;01;15;1;108.78575139;15;2;1;4;1;3;1;1;1;3;1;1;4;1;1;1;1;1;1;3;3;;;;;1000000;;1;;;;;;;;;;1
20230310;03;2023;7373214;1;1;01;15;1;95.565453072;15;2;1;4;1;3;1;1;1;3;1;1;4;3;1;1;1;1;1;3;1;;;100000000;600000;;;1;;;;;;;;;;3
20230310;03;2023;7373215;1;1;01;15;1;78.849252756;15;2;1;4;1;5;1;1;1;3;1;1;4;2;1;1;1;1;1;3;3;;;;;1100000;;1;;;;;;;;;;2
20230310;03;2023;7373216;1;1;01;15;1;132.3952492;15;2;1;4;1;4;1;1;1;3;1;1;4;3;1;1;1;1;1;3;1;;;350000000;950000;;;1;;;;;;;;;;4
20230310;03;2023;7373217;1;1;01;15;1;39.430041139;15;2;1;4;1;3;1;1;1;3;1;1;2;1;1;1;1;1;1;3;3;;;;;280000;;1;;;;;;;;;;1
20230310;03;2023;7373218;1;1;01;15;1;44.433481777;15;3;1;4;1;3;1;1;1;3;1;1;1;1;1;1;1;1;1;3;3;;;;;300000;;;;;;;;;1;;;2
20230310;03;2023;7373219;1;1;01;15;1;54.245186171;15;1;1;4;1;2;1;1;1;3;1;1;3;2;1;1;1;1;1;3;1;;;100000000;700000;;;1;;;;;1;;;;;2
20230310;03;2023;7373220;1;1;01;15;1;106.49704992;15;2;1;4;1;4;1;1;1;3;1;1;2;1;1;1;1;1;3;3;3;;;;;600000;;1;;;;;;;;;;2
20230310;03;2023;7373221;1;1;01;15;1;54.986433699;15;2;1;4;1;4;1;1;1;3;1;1;3;2;1;1;1;1;1;3;1;;;150000000;800000;;;1;;;;;;;;;;2
20230310;03;2023;7373222;1;1;01;15;1;82.746437938;15;1;1;4;1;2;1;1;1;3;1;1;3;2;1;1;1;1;1;3;4;;;;700000;;;1;;;;;;;;;;2
20230310;03;2023;7373223;1;1;01;15;1;62.322542062;15;1;1;4;1;2;1;1;1;3;1;1;4;1;1;1;1;1;1;3;1;;;130000000;600000;;;1;;;;;;;;;;1
20230310;03;2023;7373224;1;1;01;15;1;171.81429277;15;2;1;4;1;5;1;1;1;3;1;1;4;3;1;1;1;1;1;3;3;;;;;1100000;;1;;;;;1;;;;;3
20230310;03;2023;7373225;1;1;01;15;1;44.433481777;15;2;1;4;1;3;1;1;1;3;1;1;2;1;1;1;1;1;1;3;3;;;;;350000;;1;;;;;;;;;;2
20230310;03;2023;7373226;1;1;01;15;1;63.90762398;15;2;1;4;1;3;1;1;1;3;1;1;3;2;1;1;1;1;1;3;3;;;;;800000;;1;;;;;;;;;;2
20230310;03;2023;7373227;1;1;01;15;1;64.631957558;15;2;1;4;1;3;1;1;1;3;1;1;3;1;1;1;1;1;1;3;3;;;;;450000;;1;;;;1;;;;;;1
20230310;03;2023;7373228;1;1;01;17;1;47.131619316;17;2;1;4;1;3;1;1;1;2;1;1;3;1;1;1;1;1;1;3;1;;;150000000;670000;;;1;;;;;1;;;;;1
20230310;03;2023;7373229;1;1;01;17;1;83.9451897;17;1;1;4;1;3;1;1;1;2;1;1;4;3;1;1;1;1;1;3;1;;;300000000;900000;;;1;;1;;;1;;;;;3
20230310;03;2023;7373230;1;1;01;17;1;88.440992851;17;2;1;4;1;3;1;1;1;2;1;1;4;3;1;1;1;1;1;3;2;;850000;200000000;1000000;;;1;;1;;;;;;;;4
20230310;03;2023;7373231;1;1;01;17;1;84.251086281;17;2;1;4;1;3;1;1;1;2;1;1;2;1;1;1;1;1;1;3;4;;;;700000;;;;;;;;;;1;;;1
20230310;03;2023;7373232;1;1;01;17;1;136.05299571;17;2;1;4;1;3;2;1;1;2;1;1;2;1;1;1;1;1;1;4;3;;;;;350000;;1;;;;1;;;;;;2
20230310;03;2023;7373233;1;1;01;17;1;80.947147211;17;1;1;4;1;3;1;1;1;2;1;1;4;3;1;1;1;1;1;3;4;;;;700000;;;1;;;;1;1;;;;;3
20230310;03;2023;7373234;1;1;01;17;1;119.41860536;17;2;1;4;1;3;1;1;1;2;1;1;5;4;1;1;1;1;1;3;2;;700000;200000000;900000;;;1;;1;;1;1;;;;;5
20230310;03;2023;7373235;1;1;01;17;1;144.22894967;17;1;1;4;1;3;1;1;1;2;1;1;4;2;1;1;1;1;1;3;1;;;99;500000;;;1;;;;;;;;;;3
20230310;03;2023;7373236;1;1;01;17;1;59.582977322;17;2;1;4;1;3;1;1;1;2;1;1;4;1;1;1;1;1;1;3;3;;;;;900000;;1;;;;;;;;;;1
20230310;03;2023;7373237;1;1;01;17;1;44.17686949;17;2;1;4;1;3;1;1;1;2;1;1;4;3;1;1;1;1;1;3;4;;;;1000000;;;1;;;;;;;;;;4
20230310;03;2023;7373238;1;1;01;17;1;222.67522461;17;2;1;2;1;2;1;1;1;2;1;1;4;2;1;1;1;1;1;3;3;;;;;450000;;;;;;;;;1;;;2
20230310;03;2023;7373239;1;1;01;17;1;168.69862701;17;2;1;4;1;3;1;1;1;2;1;1;3;2;1;1;1;1;1;3;3;;;;;450000;;1;;;;;;;;;;3
20230310;03;2023;7373240;1;1;01;17;1;135.29067674;17;2;1;4;1;3;1;1;1;2;1;1;2;1;1;1;1;1;1;3;3;;;;;350000;;1;;;;1;;;;;;1
20230310;03;2023;7373241;1;1;01;17;1;208.2145263;17;2;1;4;1;2;1;1;1;2;1;1;3;2;1;1;1;1;1;3;3;;;;;400000;;1;;;;;1;;;;;2
20230310;03;2023;7373242;1;1;01;17;1;160.18066198;17;1;1;4;1;4;2;1;1;2;1;1;5;2;1;1;1;1;1;4;4;;;;1000000;;;1;;;;;;;;;;3
20230310;03;2023;7373243;1;1;01;17;1;266.04886422;17;1;1;4;1;2;1;1;1;2;1;1;5;4;1;1;1;1;1;3;1;;;120000000;1000000;;;1;;;;;;;;;;6
20230310;03;2023;7373244;1;1;01;17;1;144.89567975;17;1;4;6;1;4;1;1;1;2;1;1;7;1;1;1;1;1;1;3;1;;;300000000;1500000;;;1;;;;;;;;;;2
20230310;03;2023;7373245;1;1;01;17;1;138.95626551;17;2;1;4;1;2;1;1;1;2;1;1;3;2;1;1;1;1;1;3;3;;;;;450000;;1;;;;;;;;;;2
20230310;03;2023;7373246;1;1;01;17;1;257.73401348;17;2;1;4;1;2;1;1;1;2;1;1;3;2;1;1;1;1;1;3;1;;;99;550000;;;1;;;;;;;;;;3
20230310;03;2023;7373247;1;1;01;17;1;206.69408946;17;2;1;2;1;2;1;1;1;2;1;1;3;1;1;1;1;1;1;3;3;;;;;400000;;;;;;;;;1;;;1
20230310;03;2023;7373248;1;1;01;17;1;225.70727263;17;2;1;4;1;2;1;1;1;2;1;1;3;2;1;1;1;1;1;3;3;;;;;550000;;1;;;;;;;;;;2
20230310;03;2023;7373249;1;1;01;17;1;177.30778631;17;2;1;4;1;4;1;1;1;2;1;1;4;3;1;1;1;1;1;3;4;;;;700000;;;1;;;;;;;;;;4
20230310;03;2023;7373250;1;1;01;17;1;152.91667829;17;2;1;6;1;4;1;1;1;2;1;1;5;3;1;1;1;1;1;3;1;;;600000000;1200000;;;1;;;;;;;;;;5
20230310;03;2023;7373251;1;1;01;17;1;186.91278932;17;2;1;4;1;4;1;1;1;2;1;1;6;4;1;1;1;1;1;3;3;;;;;1035000;;1;;;;;;;;;;5
20230310;03;2023;7373252;1;1;01;17;1;304.70481805;17;2;1;4;1;6;1;1;1;2;1;1;4;2;1;1;1;1;1;3;1;;;480000000;1800000;;;1;;1;;;1;;;;;2
20230310;03;2023;7373253;1;1;01;17;1;281.0896105;17;2;1;4;1;6;1;1;1;2;1;1;3;2;1;1;1;1;1;3;2;;1300000;250000000;1400000;;;1;;1;1;;1;;;;;2
20230310;03;2023;7373254;1;1;01;17;1;326.27935052;17;2;1;4;1;6;1;1;1;2;1;1;3;2;1;1;1;1;1;3;1;;;99;1800000;;;1;;;;;1;;;;;3
20230310;03;2023;7373255;1;1;01;17;1;310.02441699;17;2;1;4;1;6;1;1;1;2;1;1;3;1;1;1;1;1;1;3;3;;;;;1875000;;1;;;;;;;;;;1
20230310;03;2023;7373256;1;1;01;17;1;131.30577523;17;2;4;3;1;2;1;1;1;2;1;1;4;2;1;1;1;1;1;3;4;;;;500000;;;1;;;;;;;;;;3
20230310;03;2023;7373257;1;1;01;17;1;146.25831267;17;2;4;3;1;2;1;1;1;2;1;1;4;2;1;1;1;1;1;3;4;;;;800000;;;;;;;;;;1;;;2
20230310;03;2023;7373258;1;1;01;17;1;324.35210729;17;2;1;4;1;3;1;1;1;2;1;1;1;1;1;1;1;1;1;3;3;;;;;360000;;1;;;;;;;;;;1
20230310;03;2023;7373259;1;1;01;17;1;324.35210729;17;2;1;4;1;3;1;1;1;2;1;1;1;1;1;1;1;1;6;;3;;;;;400000;;1;;;;;;;;;;1
20230310;03;2023;7373260;1;1;01;17;1;173.65715627;17;2;1;2;1;1;1;1;1;2;1;1;3;2;1;1;1;1;1;3;3;;;;;450000;;1;;;;;;;;;;2
20230310;03;2023;7373261;1;1;01;17;1;126.09698284;17;2;1;4;1;2;1;1;1;2;1;1;3;2;1;1;1;1;1;3;6;;;;600000;;;;;;;;;;1;;;2
20230310;03;2023;7373262;1;1;01;17;1;133.93776997;17;2;1;4;1;2;1;1;1;2;1;1;3;1;1;1;1;1;1;3;6;;;;500000;;;;;;;;;;1;;;1
20230310;03;2023;7373263;1;1;01;17;1;136.28587176;17;2;1;4;1;2;2;1;1;2;1;1;3;2;1;1;1;1;1;4;3;;;;;350000;;1;;;;;;;;;;2
20230310;03;2023;7373264;1;1;01;17;1;200.40770215;17;2;1;2;1;1;1;1;1;2;1;1;2;1;1;1;1;1;1;3;4;;;;400000;;;1;;;;;;;;;;2
20230310;03;2023;7373265;1;1;01;17;1;147.10964389;17;2;1;4;1;3;1;1;1;2;1;1;3;2;1;1;1;1;1;3;4;;;;700000;;;1;;;;;;;;;;2
20230310;03;2023;7373266;1;1;01;17;1;110.70012499;17;2;1;4;1;3;1;1;1;2;1;1;4;2;1;1;1;1;1;3;3;;;;;730000;;1;;;;1;;;;;;3
20230310;03;2023;7373267;1;1;01;17;1;152.77685964;17;2;1;4;1;2;1;1;1;2;1;1;3;2;1;1;1;1;1;3;1;;;120000000;450000;;;1;;;;;;;;;;4
20230310;03;2023;7373268;1;1;01;17;1;159.91922316;17;2;1;4;1;2;1;1;1;2;1;1;1;1;1;1;1;1;1;3;3;;;;;400000;;1;;;;;;;;;;3
20230310;03;2023;7373269;1;1;01;17;1;182.23065762;17;1;1;4;1;2;1;1;1;2;1;1;5;4;1;1;1;1;1;3;1;;;98;600000;;;1;;;;;;;;;;5
20230310;03;2023;7373270;1;1;01;17;1;248.8638587;17;2;4;3;1;1;2;1;1;2;1;1;4;1;1;1;1;1;6;;4;;;;200000;;;;;;;;;;1;;;1
20230310;03;2023;7373271;1;1;01;17;1;248.8638587;17;1;4;3;1;2;2;1;1;2;1;1;2;1;1;1;1;1;1;4;4;;;;400000;;;1;;;;;;;;;;1
20230310;03;2023;7373272;1;1;01;17;1;268.18429749;17;2;1;3;1;1;1;1;1;2;1;1;3;1;1;1;1;1;1;3;3;;;;;450000;;1;;;;;;;;;;2
20230310;03;2023;7373273;1;1;01;17;1;250.98333364;17;2;1;4;1;2;1;1;1;2;1;1;3;2;1;1;1;1;1;3;3;;;;;450000;;1;;;;;;;;;;3
20230310;03;2023;7373274;1;1;01;17;1;190.40865863;17;2;1;4;1;2;1;1;1;2;1;1;3;2;1;1;1;1;1;3;3;;;;;600000;;1;;;;;;;;;;4
20230310;03;2023;7373275;1;1;01;17;1;185.04366142;17;2;1;4;1;2;1;1;1;2;1;1;4;3;1;1;1;1;1;3;1;;;180000000;500000;;;1;;;;;;;;;;5
20230310;03;2023;7373276;1;1;01;17;1;210.068182;17;2;1;4;1;4;1;1;1;2;1;1;4;3;1;1;1;1;1;3;3;;;;;99;;1;;;;;1;;;;;4
20230310;03;2023;7373277;1;1;01;17;1;219.8898238;17;2;1;4;1;4;1;1;1;2;1;1;4;2;1;1;1;1;1;3;1;;;250000000;1300000;;;1;;;;;;;;;;2
20230310;03;2023;7373278;1;1;01;17;1;196.10504965;17;2;1;4;1;4;1;1;1;2;1;1;4;3;1;1;1;1;1;3;4;;;;1000000;;;1;;;;;;;;;;3
20230310;03;2023;7373279;1;1;01;17;1;147.24355574;17;2;1;4;1;2;1;1;1;2;1;1;2;2;1;1;1;1;1;3;1;;;200000000;700000;;;1;;;;;;;;;;3
20230310;03;2023;7373280;1;1;01;17;1;144.29354555;17;1;1;4;1;2;1;1;1;2;1;1;4;2;1;1;1;1;1;3;3;;;;;450000;;1;;;;;;;;;;2
20230310;03;2023;7373281;1;1;01;17;1;144.29354555;17;2;1;4;1;2;1;1;1;2;1;1;1;1;1;1;1;1;1;3;3;;;;;300000;;1;;;;;;;;;;2
20230310;03;2023;7373282;1;1;01;17;1;203.13654537;17;2;1;2;1;4;1;1;1;2;1;1;4;2;1;1;1;1;1;3;3;;;;;1400000;;1;;;;;1;;;;;2
20230310;03;2023;7373283;1;1;01;17;1;149.49122833;17;1;1;4;1;1;1;1;1;2;1;1;3;2;1;1;1;1;1;3;4;;;;450000;;;1;;;;;;;;;;3
20230310;03;2023;7373284;1;1;01;17;1;183.82235383;17;2;1;2;1;1;1;1;1;2;1;1;2;1;1;1;1;1;1;3;3;;;;;400000;;1;;;;;;;;;;3
20230310;03;2023;7373285;1;1;01;17;1;199.82578471;17;1;1;4;1;1;1;1;1;2;1;1;4;2;1;1;1;1;1;3;1;;;98;500000;;;1;;;;;;;;;;4
20230310;03;2023;7373286;1;1;01;17;1;145.65863064;17;1;1;4;1;1;1;1;1;2;1;1;3;2;1;1;1;1;1;3;1;;;98;500000;;;1;;;;;;;;;;4
20230310;03;2023;7373287;1;1;01;17;1;185.56848971;17;2;1;4;1;2;1;1;1;2;1;1;4;2;1;1;1;1;1;3;3;;;;;340000;;1;;;;;;;;;;3
20230310;03;2023;7373288;1;1;01;17;1;159.57180316;17;1;1;4;1;2;1;1;1;2;1;1;3;1;1;1;1;1;1;3;1;;;120000000;400000;;;1;;;;;;;;;;2
20230310;03;2023;7373289;1;1;01;18;1;71.837026799;18;1;1;2;1;1;1;1;1;2;1;1;4;2;1;1;1;1;1;3;1;;;40000000;300000;;;;;;;;;;1;;;3
20230310;03;2023;7373290;1;1;01;18;1;75.407982138;18;2;1;2;1;1;1;1;1;2;1;1;3;2;1;1;1;1;3;3;6;;;;400000;;;;;;;;;;1;;;3
20230310;03;2023;7373291;1;1;01;18;1;74.666750931;18;2;1;4;1;1;1;1;1;2;1;1;4;3;1;1;1;1;3;3;6;;;;400000;;;1;;;;;;;;;;3
20230310;03;2023;7373292;1;1;01;18;1;201.52993462;18;1;1;2;1;1;1;1;1;2;1;1;3;2;1;1;1;1;3;4;1;;;20000000;200000;;;;;;;;;;1;;;4
20230310;03;2023;7373293;1;1;01;18;1;137.31778927;18;1;1;2;1;1;2;2;1;2;1;1;3;2;2;1;1;2;3;4;5;;;;200000;;;1;;;;1;;;;;;4
20230310;03;2023;7373294;1;1;01;18;1;51.707046463;18;1;1;2;1;2;1;1;1;2;1;1;4;2;1;1;1;1;3;3;6;;;;400000;;;1;;;;;;;;;;5
20230310;03;2023;7373295;1;1;01;18;1;47.488815236;18;2;1;2;1;2;1;1;1;2;1;1;4;2;1;1;1;1;3;3;3;;;;;350000;;;;;;;;;1;;;2
20230310;03;2023;7373296;1;1;01;18;1;54.964994497;18;2;1;2;1;2;1;1;1;2;1;1;3;1;1;1;1;1;3;3;3;;;;;350000;;;;;;;;;1;;;1
20230310;03;2023;7373297;1;1;01;18;1;60.017117268;18;1;1;2;1;2;1;1;1;2;1;1;3;1;1;1;1;1;1;3;3;;;;;530000;;;;;;1;1;;;;;1
20230310;03;2023;7373298;1;1;01;18;1;121.22512379;18;2;1;4;1;1;1;1;1;2;1;1;3;2;1;1;1;1;1;3;3;;;;;150000;;;;;;;;;1;;;2
20230310;03;2023;7373299;1;1;01;18;1;70.115938428;18;1;1;2;1;1;2;2;1;2;1;1;3;1;2;1;1;1;1;4;3;;;;;280000;;;;;;;;;1;;;1
20230310;03;2023;7373300;1;1;01;18;1;129.99423989;18;2;1;2;1;1;1;1;1;2;1;1;4;2;1;1;1;1;3;3;6;;;;200000;;;;;;;;;;1;;;2
20230310;03;2023;7373301;1;1;01;18;1;154.83117397;18;2;1;2;1;1;1;1;1;2;1;1;3;2;1;1;1;1;3;3;4;;;;200000;;;1;;;;;;;;;;3
20230310;03;2023;7373302;1;1;01;18;1;129.02990682;18;2;1;4;1;1;2;1;1;2;1;1;3;2;1;1;1;1;1;4;1;;;99;350000;;;;;;;;;;1;;;5
20230310;03;2023;7373303;1;1;01;18;1;153.43544754;18;1;1;4;1;2;1;1;1;2;1;1;5;3;1;1;1;1;3;3;3;;;;;1500000;;1;;;;;;;;;;6
20230310;03;2023;7373304;1;1;01;18;1;75.530134376;18;1;1;4;1;2;1;1;1;3;1;1;4;2;1;1;1;1;3;3;4;;;;450000;;;1;;;;;;;;;;3
20230310;03;2023;7373305;1;1;01;18;1;90.800901796;18;1;1;4;1;1;1;1;1;2;1;1;4;3;1;1;1;1;3;3;3;;;;;350000;;1;;;;;;;;;;4
20230310;03;2023;7373306;1;1;01;18;1;132.76683302;18;1;1;2;1;1;1;1;1;2;1;1;4;1;1;1;1;1;3;3;4;;;;250000;;;;;;;;;;1;;;1
20230310;03;2023;7373307;1;1;01;18;1;87.842861431;18;1;1;2;1;1;1;1;1;2;1;1;3;2;1;1;1;1;1;3;4;;;;200000;;;;;;;;;;1;;;3
20230310;03;2023;7373308;1;1;01;18;1;166.90919464;18;1;1;2;1;1;1;1;1;2;1;1;3;2;1;1;1;1;1;3;4;;;;200000;;;;;;;;;;1;;;5
20230310;03;2023;7373309;1;1;01;18;1;147.51870336;18;1;1;4;1;2;1;1;1;2;1;1;4;1;1;1;1;1;1;3;3;;;;;550000;;1;;;;;;;;;;1
20230310;03;2023;7373311;1;1;01;18;1;63.356550176;18;2;1;4;1;1;1;1;1;2;1;1;4;2;1;1;1;1;1;3;4;;;;400000;;;1;;;;;;;;;;2
20230310;03;2023;7373312;1;1;01;18;1;63.104344585;18;1;1;4;1;2;1;1;1;2;1;1;4;1;1;1;1;1;1;3;4;;;;400000;;;1;;;;;;;;;;1
20230310;03;2023;7373313;1;1;01;18;1;88.863514087;18;1;1;4;1;2;1;1;1;2;1;1;4;3;1;1;1;1;1;3;4;;;;500000;;;1;;;;;;;;;;4
20230310;03;2023;7373314;1;1;01;18;1;105.24851397;18;1;1;4;1;2;1;1;1;2;1;1;5;3;1;1;1;1;1;3;4;;;;1000000;;;1;;;;;1;;;;;4
20230310;03;2023;7373315;1;1;01;18;1;101.56082968;18;1;1;4;1;2;1;1;1;2;1;1;4;3;1;1;1;1;1;3;4;;;;400000;;;;;;;;;;1;;;3
20230310;03;2023;7373316;1;1;01;18;1;147.51870336;18;1;1;4;1;2;1;1;1;2;1;1;3;1;1;1;1;1;1;3;1;;;12000000;400000;;1;1;;;;;;;;;;1
20230310;03;2023;7373318;1;1;01;18;1;76.037792849;18;2;1;2;1;1;2;1;1;2;1;1;2;2;1;1;1;1;1;4;3;;;;;270000;;1;;;;;;;;;;4
20230310;03;2023;7373319;1;1;01;18;1;92.35711759;18;2;1;4;1;1;1;1;1;2;1;1;1;1;1;1;1;1;1;3;3;;;;;300000;;;;;;;;;1;;;2
20230310;03;2023;7373320;1;1;01;18;1;165.19857431;18;1;1;4;1;1;1;1;1;2;1;1;1;1;1;1;1;1;1;3;4;;;;300000;;;;;;;;;;1;;;3
20230310;03;2023;7373321;1;1;01;18;1;71.344377203;18;1;1;4;1;2;1;1;1;2;1;1;2;1;1;1;1;1;1;3;1;;;100000000;500000;;;;;;;;;;1;;;1
20230310;03;2023;7373322;1;1;01;18;1;76.027860211;18;2;1;4;1;1;1;1;1;2;1;1;2;1;1;1;1;1;1;3;3;;;;;430000;;;;;;;;;1;;;2
20230310;03;2023;7373323;1;1;01;18;1;144.54875252;18;2;1;4;1;2;2;1;1;5;1;1;2;1;1;1;1;1;1;4;3;;;;;650000;;;;;;;;;1;;;3
20230310;03;2023;7373324;1;1;01;18;1;103.36741594;18;1;1;4;1;2;1;1;1;2;1;1;3;2;1;1;1;1;1;3;3;;;;;600000;1;1;;;;;;;;;;3
20230310;03;2023;7373325;1;1;01;18;1;188.71119348;18;1;1;4;1;1;1;1;1;2;1;1;4;3;1;1;1;1;3;3;5;;;;250000;;;1;;;;;;;;;;4
20230310;03;2023;7373326;1;1;01;18;1;80.262424354;18;1;1;4;1;1;1;1;1;2;1;1;3;1;1;1;1;1;3;3;1;;;99;99;;;;;;;;;;1;;;1
20230310;03;2023;7373327;1;1;01;18;1;105.49883895;18;1;1;4;1;1;1;1;1;2;1;1;4;1;1;1;1;1;3;3;1;;;80000000;99;;;;;;;;;;1;;;1
20230310;03;2023;7373328;1;1;01;18;1;63.643189991;18;1;1;4;1;1;1;1;1;2;1;1;3;2;1;1;1;1;3;3;3;;;;;500000;;;;;;;;;1;;;2
20230310;03;2023;7373329;1;1;01;18;1;78.668090811;18;1;1;4;1;2;1;1;1;2;1;1;3;2;1;1;1;1;3;3;3;;;;;400000;;;;;;;;;1;;;3
20230310;03;2023;7373330;1;1;01;18;1;118.29874882;18;1;1;4;1;2;1;1;1;2;1;1;4;3;1;1;1;1;3;3;2;;800000;99;800000;;;1;;1;1;1;;;;;;4
20230310;03;2023;7373331;1;1;01;18;1;118.01496269;18;2;1;2;1;1;1;1;1;2;1;1;3;1;1;1;1;1;1;3;4;;;;300000;;;;;;;;;;1;;;1
20230310;03;2023;7373332;1;1;01;19;1;134.28105799;19;2;1;4;1;3;1;1;1;3;1;1;3;1;1;1;1;1;1;3;3;;;;;400000;;1;;;;;;;;;;1
20230310;03;2023;7373333;1;1;01;19;1;189.50077921;19;1;1;4;1;3;1;1;1;3;1;1;4;2;1;1;1;1;1;3;3;;;;;500000;;;;;;;;;1;;;3
20230310;03;2023;7373334;1;1;01;19;1;97.787831531;19;1;1;4;1;1;1;1;1;3;1;1;3;2;1;1;1;1;1;3;4;;;;400000;;;;;;;;;;1;;;3
20230310;03;2023;7373335;1;1;01;19;1;86.553427595;19;2;1;4;1;1;1;1;1;3;1;1;3;2;1;1;1;1;1;3;3;;;;;450000;;;;;;;;;1;;;5
20230310;03;2023;7373336;1;1;01;19;1;70.690930412;19;2;1;4;1;1;1;1;1;3;1;1;6;5;1;1;1;1;1;3;1;;;99;450000;;;;;;;;;;1;;;7
20230310;03;2023;7373337;1;1;01;19;1;121.72404103;19;2;1;2;1;1;1;1;1;3;1;1;4;1;1;1;1;1;3;3;3;;;;;400000;;;;;;;;1;;;BANCOLOMBIA A LA MANO;2
20230310;03;2023;7373338;1;1;01;19;1;208.95603687;19;1;7;1;1;1;2;1;1;3;1;1;4;1;1;1;1;1;5;5;5;;;;150000;;;;;;;;;;1;;;1
20230310;03;2023;7373339;1;1;01;19;1;129.92800666;19;2;1;4;1;3;2;1;1;3;1;1;3;2;1;1;1;1;3;4;3;;;;;500000;;1;;;;;;;;;;3
20230310;03;2023;7373340;1;1;01;19;1;118.24239184;19;2;1;4;1;1;1;1;1;3;1;1;4;1;1;1;1;1;1;3;3;;;;;450000;;;;;;;;;1;;;2
20230310;03;2023;7373342;1;1;01;19;1;150.92310951;19;1;1;4;1;6;2;1;1;3;1;1;8;2;1;1;1;1;1;4;1;;;800000000;2500000;;;1;;1;;;1;;;;;3
20230310;03;2023;7373343;1;1;01;19;1;296.48019497;19;1;1;4;1;6;1;1;1;3;1;1;7;1;1;1;1;1;1;3;1;;;1800000000;7000000;;1;1;;;;;;;;;;2
20230310;03;2023;7373344;1;1;01;19;1;172.9467804;19;1;1;4;1;2;1;1;1;3;1;1;5;1;1;1;1;1;1;3;1;;;500000000;700000;;;1;;;;;;;;;;2
20230310;03;2023;7373345;1;1;01;19;1;348.26006144;19;2;1;4;1;3;1;1;1;3;1;1;3;1;1;1;1;1;1;3;4;;;;300000;;;;;;;;;;1;;;1
20230310;03;2023;7373346;1;1;01;19;1;201.42158698;19;1;1;4;1;3;1;1;1;3;1;1;3;1;1;1;1;1;1;3;1;;;200000000;500000;;;;;;;;;;1;;;1
20230310;03;2023;7373347;1;1;01;19;1;146.55317918;19;1;1;4;1;3;1;1;1;3;1;1;5;3;1;1;1;1;1;3;3;;;;;650000;;;;;;;;;1;;;5
20230310;03;2023;7373348;1;1;01;19;1;147.26507445;19;1;1;4;1;2;1;1;1;3;1;1;4;1;1;1;1;1;1;3;2;;1100000;200000000;700000;;;1;;;;;;;;;;2
20230310;03;2023;7373349;1;1;01;19;1;96.127223902;19;2;1;4;1;4;1;1;1;3;1;1;1;1;1;1;1;1;2;3;3;;;;;400000;;1;;;;;;;;;;3
20230310;03;2023;7373351;1;1;01;19;1;129.7100853;19;1;1;4;1;4;1;1;1;3;1;1;5;1;1;1;1;1;1;3;1;;;200000000;2000000;;;1;;;;;;;;;;2
20230310;03;2023;7373353;1;1;01;19;1;83.602561053;19;2;1;2;1;1;1;1;1;3;1;1;4;3;1;1;1;1;1;3;1;;;99;450000;;;;;;;;;;1;;;5
20230310;03;2023;7373354;1;1;01;19;1;113.37717331;19;1;1;4;1;1;1;1;1;3;1;1;3;1;1;1;1;1;1;3;3;;;;;150000;;1;;;;;;;;;;1
20230310;03;2023;7373355;1;1;01;19;1;201.42158698;19;1;1;4;1;3;1;1;1;3;1;1;4;1;1;1;1;1;1;3;3;;;;;800000;;;;;;;;;1;;;1
20230310;03;2023;7373356;1;1;01;19;1;100.81611056;19;1;1;4;1;1;1;1;1;3;1;1;2;2;1;1;1;1;2;3;4;;;;100000;;;;;;;;;;1;;;2
20230310;03;2023;7373357;1;1;01;19;1;100.71079349;19;1;1;4;1;4;1;1;1;3;1;1;3;1;1;1;1;1;1;3;1;;;200000000;1500000;;;1;;;;;;;;;;1
20230310;03;2023;7373358;1;1;01;19;1;124.25692787;19;2;1;4;1;2;2;1;1;3;1;1;3;1;1;1;1;1;1;4;3;;;;;480000;;;;;;;;;1;;;2
20230310;03;2023;7373359;1;1;01;19;1;133.78789925;19;1;1;4;1;2;1;1;1;3;1;1;5;4;1;1;1;1;1;3;1;;;20000000;700000;;;1;;;;1;;;;;;4
20230310;03;2023;7373360;1;1;01;19;1;284.25116881;19;1;1;4;1;6;1;1;1;3;1;1;4;2;1;1;1;1;1;3;2;;850000;250000000;1000000;;1;1;;1;;;1;;;;;3
20230310;03;2023;7373361;1;1;01;19;1;156.78204337;19;1;1;4;1;6;1;1;1;3;1;1;5;2;1;1;1;1;1;3;1;;;99;1400000;;;1;;;;;;;;;;2
20230310;03;2023;7373362;1;1;01;19;1;120.51369862;19;1;1;4;1;5;1;1;1;3;1;1;7;3;1;1;1;1;1;3;2;;1500000;400000000;1500000;;;1;;1;;;1;;;;;4
20230310;03;2023;7373363;1;1;01;19;1;52.199466221;19;2;1;4;1;4;2;1;1;3;1;1;3;2;1;1;1;1;1;4;4;;;;800000;;;;;;;;;;1;;;2
20230310;03;2023;7373364;1;1;01;19;1;141.14255478;19;2;1;4;1;4;1;1;1;3;1;1;3;2;1;1;1;1;1;3;3;;;;;850000;;1;;;;;;;;;;2
20230310;03;2023;7373366;1;1;01;19;1;52.726733557;19;2;1;4;1;4;1;1;1;3;1;1;2;2;1;1;1;1;1;3;3;;;;;750000;;;;;;;;;1;;;4
20230310;03;2023;7373367;1;1;01;19;1;216.5723191;19;2;1;4;1;2;1;1;1;3;1;1;3;1;1;1;1;1;1;3;2;;1400000;320000000;600000;;;1;;;;1;;;;;;3
20230310;03;2023;7373368;1;1;01;19;1;70.388684184;19;2;1;4;1;4;2;1;1;3;1;1;5;4;1;1;1;1;1;4;1;;;99;700000;;;1;;;;;;;;;;5
20230310;03;2023;7373369;1;1;01;19;1;193.5271928;19;1;1;4;1;5;1;1;1;3;1;1;6;1;1;1;1;1;1;3;1;;;450000000;1500000;;;1;;1;;;1;;;;;2
20230310;03;2023;7373370;1;1;01;19;1;95.66015005;19;2;1;4;1;3;1;1;1;3;1;1;3;2;1;1;1;1;3;3;3;;;;;600000;;;;;;;;;1;;;3
20230310;03;2023;7373371;1;1;01;19;1;157.85205886;19;1;1;4;1;3;2;1;1;3;1;1;4;3;1;1;1;1;1;4;1;;;98;700000;;;1;;;;;;;;;;4
20230310;03;2023;7373372;1;1;01;19;1;208.95603687;19;1;1;4;1;5;1;1;1;3;1;1;7;1;1;1;1;1;1;3;3;;;;;1400000;;1;;;;1;;;;;;1
20230309;03;2023;7373373;1;1;01;20;1;221.23445047;20;1;1;4;1;1;1;1;1;3;1;1;4;3;1;1;1;1;1;3;1;;;90000000;400000;;;1;;;;;;;;;;4
20230310;03;2023;7373374;1;1;01;20;1;141.99861701;20;1;1;5;1;2;1;1;1;3;1;1;5;1;1;1;1;1;1;3;1;;;98;700000;;;1;;;;;;;;;;2
20230310;03;2023;7373375;1;1;01;20;1;181.98103073;20;2;1;4;1;2;1;1;1;3;1;1;3;1;1;1;1;1;1;3;3;;;;;430000;;;;;;;;;1;;;3
20230310;03;2023;7373376;1;1;01;20;1;141.99861701;20;1;1;2;1;2;1;1;1;3;1;1;3;2;1;1;1;1;1;3;4;;;;300000;;;;;;;;;;1;;;2
20230310;03;2023;7373377;1;1;01;20;1;189.7840023;20;2;1;4;1;2;1;1;1;3;1;1;3;2;1;1;1;1;1;3;3;;;;;450000;;;;;;;;;1;;;5
20230310;03;2023;7373378;1;1;01;20;1;341.84436179;20;1;1;4;1;2;1;1;1;3;1;1;4;3;1;1;1;1;1;3;1;;;99;600000;;;1;;;;;;;;;;13
20230310;03;2023;7373379;1;1;01;20;1;156.83467016;20;1;1;5;1;2;1;1;1;3;1;1;4;3;1;1;1;1;1;3;1;;;99;700000;;;1;;;;;;;;;;3
20230310;03;2023;7373380;1;1;01;20;1;197.16918621;20;1;1;4;1;2;1;1;1;3;1;1;3;1;1;1;1;1;1;3;3;;;;;750000;;;;;;;;;1;;;1
20230310;03;2023;7373381;1;1;01;20;1;139.5506015;20;1;1;4;1;2;1;1;1;3;1;1;2;1;1;1;1;1;1;3;3;;;;;400000;;;;;;;;;1;;;4
20230310;03;2023;7373382;1;1;01;20;1;314.66288717;20;2;1;4;1;4;1;1;1;3;1;1;2;1;1;1;1;1;1;3;3;;;;;510000;;;;;;;;;1;;;2
20230310;03;2023;7373383;1;1;01;20;1;292.74526807;20;1;1;4;1;4;1;1;1;3;1;1;4;1;1;1;1;1;1;3;1;;;600000000;1500000;;;1;;;;;1;;;;;1
20230310;03;2023;7373384;1;1;01;20;1;360.90858762;20;1;1;4;1;4;1;1;1;3;1;1;4;3;1;1;1;1;1;3;6;;;;99;;;1;;;;;;;;;;3
20230310;03;2023;7373385;1;1;01;20;1;292.46951367;20;2;1;2;1;1;1;1;1;3;1;1;2;1;1;1;1;1;3;3;3;;;;;300000;;1;;;;;;;;;;3
20230310;03;2023;7373386;1;1;01;20;1;281.77249103;20;2;1;2;1;1;1;1;1;3;1;1;2;1;1;1;1;1;3;3;3;;;;;300000;;;;;;;;;1;;;2
20230310;03;2023;7373387;1;1;01;20;1;313.74957655;20;1;1;2;1;1;1;1;1;3;1;1;3;2;1;1;1;1;1;3;4;;;;300000;;;1;;;;;;;;;;5
20230310;03;2023;7373388;1;1;01;20;1;207.58512693;20;2;1;4;1;1;1;1;1;3;1;1;2;1;1;1;1;1;1;3;3;;;;;300000;;;;;;;;;1;;;5
20230310;03;2023;7373389;1;1;01;20;1;278.21681136;20;2;1;2;1;1;2;2;1;3;1;1;2;1;2;1;1;1;3;4;3;;;;;200000;;;;;;;;;1;;;4
20230310;03;2023;7373390;1;1;01;20;1;237.49040081;20;1;1;2;1;1;2;2;1;3;1;1;3;2;2;1;1;1;3;4;3;;;;;200000;;1;;;;;;;;;;4
20230310;03;2023;7373391;1;1;01;20;1;268.49167484;20;2;1;4;1;1;2;2;1;3;1;1;2;1;2;1;1;1;4;4;3;;;;;280000;;1;;;;;;;;;;4
20230310;03;2023;7373392;1;1;01;20;1;309.08005539;20;2;1;4;1;1;1;1;1;3;1;1;4;3;1;1;1;1;1;3;4;;;;350000;;;;;;;;;;1;;;3
20230310;03;2023;7373393;1;1;01;20;1;282.93646888;20;1;1;2;1;1;1;1;1;3;1;1;2;2;1;1;1;1;1;3;3;;;;;300000;;;;;;;;;1;;;5
20230310;03;2023;7373394;1;1;01;20;1;253.86321707;20;1;1;2;1;1;1;1;1;3;1;1;3;2;1;1;1;1;1;3;2;;600000;99;400000;;;1;;;;;;;;;;5
20230310;03;2023;7373395;1;1;01;20;1;284.34536051;20;1;1;2;1;1;1;1;1;3;1;1;3;1;1;1;1;1;1;3;3;;;;;300000;;;;;;;;;1;;;3
20230310;03;2023;7373396;1;1;01;20;1;239.62691339;20;2;1;4;1;3;1;1;1;3;1;1;4;2;1;1;1;1;1;3;3;;;;;600000;;1;;;;;;;;;;3
20230310;03;2023;7373398;1;1;01;20;1;400.59771166;20;3;1;2;1;2;1;1;1;3;1;1;1;1;1;1;1;1;6;;3;;;;;150000;;;;;;;;;1;;;1
20230310;03;2023;7373399;1;1;01;20;1;400.59771166;20;2;1;2;1;2;2;1;1;3;1;1;2;1;1;1;1;1;2;4;3;;;;;350000;;;;;;;;;1;;;1
20230310;03;2023;7373400;1;1;01;20;1;321.20607086;20;2;1;1;1;2;1;1;1;3;1;1;2;1;1;1;1;1;1;3;3;;;;;550000;;;;;;;;;1;;;2
20230310;03;2023;7373401;1;1;01;20;1;328.86939473;20;3;1;2;1;2;2;1;1;3;1;1;1;1;1;1;1;1;6;;3;;;;;250000;;;;;;;;;1;;;1
20230310;03;2023;7373402;1;1;01;20;1;270.7280425;20;1;1;4;1;3;1;1;1;3;1;1;4;3;1;1;1;1;1;3;1;;;190000000;750000;;;1;;;;;;;;;;3
20230310;03;2023;7373403;1;1;01;20;1;180.56912711;20;1;1;4;1;3;1;1;1;3;1;1;3;2;1;1;1;1;1;3;3;;;;;800000;;1;;;;;;;;;;3
20230310;03;2023;7373404;1;1;01;20;1;260.15078465;20;1;1;3;1;3;1;1;1;3;1;1;4;2;1;1;1;1;1;3;3;;;;;800000;;1;;;;;;;;;;4
20230310;03;2023;7373405;1;1;01;20;1;287.76072039;20;1;1;4;1;2;1;1;1;3;1;1;3;1;1;1;1;1;1;3;3;;;;;600000;;;;;;;;;1;;;1
20230310;03;2023;7373406;1;1;01;20;1;358.62650578;20;1;1;4;1;2;1;1;1;3;1;1;3;2;1;1;1;1;1;3;3;;;;;700000;;;;;;;;;1;;;4
20230310;03;2023;7373407;1;1;01;23;1;251.34036325;23;2;1;2;1;1;1;1;1;3;1;1;3;2;1;1;1;1;1;3;4;;;;300000;;;;;;;;;;1;;;4
20230310;03;2023;7373408;1;1;01;23;1;307.19611329;23;1;1;2;1;1;1;1;1;3;1;1;3;2;1;1;1;1;1;3;3;;;;;250000;;;;;;;;;1;;;1
20230310;03;2023;7373409;1;1;01;23;1;370.48749634;23;2;1;4;1;1;1;1;1;3;1;1;3;2;1;1;1;1;1;3;1;;;35000000;250000;;;;;;;;;;1;;;4
20230310;03;2023;7373410;1;1;01;23;1;300.92639789;23;2;1;4;1;1;1;1;1;3;1;1;3;2;1;1;1;1;1;3;4;;;;200000;;;;;;;;;;1;;;4
20230310;03;2023;7373411;1;1;01;23;1;193.33874096;23;1;1;4;1;1;1;1;1;3;1;1;4;2;1;1;1;1;3;3;1;;;130000000;600000;;;1;;;;;;;;;;4
20230310;03;2023;7373412;1;1;01;23;1;89.217654037;23;2;1;2;1;1;1;1;1;3;1;1;3;2;1;1;1;1;1;3;1;;;70000000;600000;;;;;;;;;;1;;;2
20230310;03;2023;7373413;1;1;01;23;1;175.54063617;23;1;1;2;1;1;1;1;1;1;1;1;3;1;1;1;1;1;1;3;4;;;;400000;;;1;;;;;;;;;;1
20230310;03;2023;7373414;1;1;01;23;1;71.653403035;23;1;1;2;1;1;1;1;1;3;1;1;4;3;1;1;1;1;1;3;1;;;30000000;500000;;;;;;;;;;1;;;6
20230310;03;2023;7373415;1;1;01;23;1;175.54063617;23;1;1;4;1;1;1;1;1;3;1;1;3;1;1;1;1;1;1;3;3;;;;;500000;;1;;;;;;;;;;1
20230310;03;2023;7373416;1;1;01;23;1;160.59516997;23;1;1;2;1;1;1;1;1;3;1;1;4;3;1;1;1;1;1;3;4;;;;420000;;;1;;;;;;;;;;4
20230310;03;2023;7373417;1;1;01;23;1;70.745699623;23;1;1;4;1;1;1;1;1;3;1;1;3;2;1;1;1;1;1;3;3;;;;;450000;;1;;;;;;;;;;5
20230310;03;2023;7373418;1;1;01;23;1;166.77420045;23;1;1;4;1;1;1;1;1;3;1;1;4;3;1;1;1;1;1;3;1;;;80000000;600000;;;1;;;;;;;;;;5
20230310;03;2023;7373419;1;1;01;23;1;175.54063617;23;2;1;4;1;1;1;1;1;3;1;1;2;1;1;1;1;1;1;3;4;;;;400000;;;1;;;;;;;;;;1
20230310;03;2023;7373420;1;1;01;23;1;200.49849785;23;2;1;4;1;1;1;1;1;3;1;1;3;2;1;1;1;1;1;3;3;;;;;400000;;1;;;;;;;;;;2
20230310;03;2023;7373421;1;1;01;23;1;110.04886608;23;2;1;4;1;3;1;1;1;3;1;1;4;3;1;1;1;1;1;3;3;;;;;750000;;1;;;;;;;;;;6
20230310;03;2023;7373422;1;1;01;23;1;434.8381384;23;1;1;2;1;1;1;1;1;3;1;1;4;1;1;1;1;1;3;3;2;;444000;130000000;450000;;;1;;;;;;;;;;2
20230310;03;2023;7373423;1;1;01;23;1;396.55763634;23;1;1;4;1;1;1;1;1;3;1;1;3;1;1;1;1;1;1;3;3;;;;;450000;;1;;;;1;;;;;;2
20230310;03;2023;7373424;1;1;01;23;1;120.1267788;23;1;1;2;1;1;2;2;1;3;1;1;3;2;2;1;1;1;1;4;3;;;;;250000;;;;;;;;;1;;;6
20230310;03;2023;7373425;1;1;01;23;1;310.57702262;23;1;1;2;1;1;2;2;1;3;1;1;1;1;2;1;1;1;2;1;5;;;;200000;;;;;;;;;;1;;;3
20230310;03;2023;7373426;1;1;01;23;1;241.94348931;23;1;1;2;1;1;2;2;1;3;1;1;2;1;2;1;1;1;3;4;3;;;;;200000;;1;;;;;;;;;;3
20230310;03;2023;7373427;1;1;01;23;1;95.234595647;23;1;5;1;1;1;2;2;1;3;1;1;3;2;2;1;1;1;3;4;5;;;;100000;;;;;;;;;;1;;;5
20230310;03;2023;7373428;1;1;01;23;1;228.37515278;23;1;1;2;1;1;2;2;1;3;1;1;2;1;2;1;1;1;1;4;3;;;;;200000;;;;;;;;;1;;;3
20230310;03;2023;7373429;1;1;01;23;1;201.26829071;23;1;1;4;1;1;2;2;1;3;1;1;2;1;2;1;1;1;4;4;5;;;;200000;;;1;;;;;;;;;;2
20230310;03;2023;7373430;1;1;01;23;1;226.20276434;23;1;1;2;1;1;2;2;1;3;1;1;2;1;2;1;1;1;1;4;1;;;20000000;200000;;;;;;;;;;1;;;1
20230310;03;2023;7373431;1;1;01;23;1;201.26829071;23;1;1;2;1;1;2;2;1;3;1;1;2;1;2;1;1;1;4;1;5;;;;200000;;;;;;;;;;1;;;2
20230310;03;2023;7373432;1;1;01;23;1;226.93586245;23;1;5;1;1;1;2;2;1;3;1;1;2;1;2;1;1;1;1;4;5;;;;250000;;;1;;;;;;;;;;5
20230310;03;2023;7373434;1;1;01;23;1;297.0086861;23;1;1;1;1;1;2;2;1;4;1;1;3;2;2;1;1;1;3;4;1;;;15000000;200000;;;1;;;;;;;;;;3
20230310;03;2023;7373435;1;1;01;23;1;148.33512039;23;2;1;4;1;1;1;1;1;3;1;1;3;2;1;1;1;1;1;3;4;;;;450000;;;1;;;;;;;;;;2
20230310;03;2023;7373436;1;1;01;23;1;235.62515763;23;2;1;4;1;1;1;1;1;3;1;1;3;2;1;1;1;1;1;3;3;;;;;450000;;1;;;;;;;;;;3
20230310;03;2023;7373437;1;1;01;23;1;249.35624656;23;1;1;4;1;1;1;1;1;3;1;1;3;2;2;1;1;1;1;3;3;;;;;400000;;1;;;;;;;;;;5
20230310;03;2023;7373438;1;1;01;23;1;256.05254596;23;1;1;4;1;1;1;1;1;3;1;1;3;2;1;1;1;1;1;3;3;;;;;800000;;1;;;;;;;;;;5
20230310;03;2023;7373439;1;1;01;23;1;306.43753327;23;2;1;4;1;1;1;1;1;3;1;1;3;2;1;1;1;1;1;3;3;;;;;450000;;1;;;;;;;;;;3
20230310;03;2023;7373440;1;1;01;23;1;341.10123005;23;1;1;4;1;1;1;1;1;3;1;1;4;3;1;1;1;1;1;3;1;;;100000000;500000;;;1;;;;;;;;;;4
20230310;03;2023;7373441;1;1;01;23;1;415.32018971;23;2;1;2;1;1;1;1;1;3;1;1;3;1;1;1;1;1;1;1;5;;;;350000;;;;;;;;;;1;;;1
20230310;03;2023;7373442;1;1;01;23;1;127.40551463;23;1;1;4;1;1;1;1;1;3;1;1;6;5;1;1;1;1;1;3;1;;;90000000;500000;;;1;;;;;;;;;;5
20230310;03;2023;7373443;1;1;01;23;1;261.38986102;23;2;1;4;1;1;1;2;1;3;1;1;3;1;2;1;1;1;3;3;4;;;;250000;;;;;;;;;;1;;;1
20230310;03;2023;7373444;1;1;01;23;1;304.38669688;23;2;1;4;1;1;1;2;1;3;1;1;4;3;2;1;1;1;1;3;4;;;;400000;;;1;;;;;;;;;;2
20230310;03;2023;7373447;1;1;01;23;1;243.80643912;23;2;1;4;1;1;1;1;1;3;1;1;2;1;1;1;1;1;1;3;3;;;;;350000;;1;;;;;;;;;;1
20230310;03;2023;7373448;1;1;01;;1;1508.2572926;25;1;1;2;1;1;1;1;1;3;1;1;3;2;1;1;1;2;1;3;3;;;;;510000;;;;;;;;;1;;;4
20230310;03;2023;7373449;1;1;01;;1;1351.7011316;25;1;1;2;1;1;1;1;1;3;1;1;2;1;1;1;1;2;5;3;3;;;;;650000;;1;;;;;;;;;;2
20230310;03;2023;7373450;1;1;01;;1;1351.7011316;25;1;1;2;1;1;1;1;1;3;1;1;3;2;1;1;1;2;1;3;1;;;45000000;300000;;;1;;;;1;;;;;;2
20230310;03;2023;7373451;1;1;01;;1;963.64413623;25;1;1;4;1;3;1;1;1;3;1;1;5;3;1;1;1;1;1;3;1;;;150000000;800000;;;1;;;;;;;;;;3
20230310;03;2023;7373452;1;1;01;;1;2534.9107079;25;1;1;4;1;3;1;1;1;3;1;1;4;1;1;1;1;1;1;3;3;;;;;600000;;1;;;;;;;;;;1
20230310;03;2023;7373453;1;1;01;;1;1558.0554788;25;1;1;4;1;3;1;1;1;3;1;1;3;1;1;1;1;1;1;3;1;;;200000000;500000;;;1;;;;;;;;;;1
20230310;03;2023;7373454;1;1;01;;1;1585.6887105;25;1;1;4;1;3;1;1;1;3;1;1;2;1;1;1;1;1;1;3;3;;;;;500000;;1;;;;;;;;;;3
20230310;03;2023;7373455;1;1;01;;1;1773.4742083;25;2;1;4;1;3;1;1;1;3;1;1;5;4;1;1;1;1;1;3;3;;;;;600000;;1;;;;;;;;;;4
20230310;03;2023;7373456;1;1;01;;1;2103.640681;25;1;1;4;1;2;1;1;1;3;1;1;4;3;1;1;1;1;1;3;1;;;400000000;500000;;;1;;;;;;;;;;4
20230310;03;2023;7373457;1;1;01;;1;883.98146729;25;1;1;4;1;2;1;1;1;3;1;1;4;3;1;1;1;1;1;3;1;;;150000000;1000000;;;1;;;;;;;;;;2
20230310;03;2023;7373458;1;1;01;;1;883.98146729;25;1;1;4;1;2;1;1;1;3;1;1;3;2;1;1;1;1;1;3;1;;;100000000;700000;;;1;;;;;;;;;;2
20230310;03;2023;7373459;1;1;01;;1;1700.5007264;25;1;1;4;1;2;1;1;1;3;1;1;2;2;1;1;1;1;1;3;3;;;;;800000;;;;;;;;;1;;;4
20230310;03;2023;7373460;1;1;01;;1;1226.8631012;25;2;1;4;1;1;1;1;1;3;1;1;3;2;1;1;1;1;1;3;3;;;;;500000;;;;;;;;;1;;;3
20230310;03;2023;7373461;1;1;01;;1;1520.9464247;25;2;1;4;1;3;1;1;1;3;1;1;3;1;1;1;1;1;1;3;3;;;;;280000;;1;;;;;;;;;;1
20230310;03;2023;7373462;1;1;01;;1;1495.401752;25;2;1;4;1;2;1;1;1;3;1;1;3;2;1;1;1;1;1;3;2;;400000;85000000;400000;;;1;;;;;;;;;;2
20230310;03;2023;7373463;1;1;01;;1;902.6060453;25;2;1;4;1;3;1;1;1;3;1;1;3;2;1;1;1;1;1;3;2;;260000;80000000;500000;;;;;1;;;;;;;;2
20230310;03;2023;7373464;1;1;01;27;1;64.115699857;27;1;5;3;1;1;2;2;1;3;1;1;3;2;2;1;1;1;1;4;3;;;;;250000;;;;;;;;;1;;;4
20230310;03;2023;7373465;1;1;01;27;1;46.173464442;27;2;1;2;1;1;2;1;1;3;1;1;4;1;1;1;1;1;3;4;4;;;;200000;;;;;;;;;;1;;;1
20230310;03;2023;7373466;1;1;01;27;1;46.173464442;27;2;1;4;1;1;2;1;1;3;1;1;3;1;1;1;1;1;3;4;1;;;70000000;200000;;;1;;;;;;;;;;1
20230310;03;2023;7373467;1;1;01;27;1;35.057474433;27;2;1;4;1;1;2;1;1;3;1;1;3;2;1;1;1;1;3;4;3;;;;;200000;;;;;;;;;1;;;2
20230310;03;2023;7373468;1;1;01;27;1;32.971009701;27;2;1;2;1;1;2;1;1;3;1;1;4;3;1;1;1;1;3;1;1;;;60000000;200000;;;;;;;;;;1;;;6
20230310;03;2023;7373470;1;1;01;27;1;30.378206375;27;2;1;2;1;1;2;1;1;3;1;1;3;2;1;1;1;1;3;4;1;;;80000000;200000;;;;;;;;;;1;;;2
20230310;03;2023;7373473;1;1;01;27;1;27.616958679;27;2;1;2;1;1;2;1;1;3;1;1;3;2;1;1;1;1;3;4;1;;;70000000;200000;;;;;;;;;;1;;;5
20230310;03;2023;7373474;1;1;01;27;1;32.941111386;27;2;1;2;1;1;2;1;1;3;1;1;4;3;1;1;1;1;3;4;4;;;;300000;;;;;;;;;;1;;;2
20230310;03;2023;7373475;1;1;01;27;1;30.378206375;27;2;1;2;1;1;2;1;1;3;1;1;3;2;1;1;1;1;3;4;1;;;50000000;200000;;;;;;;;;;1;;;2
20230310;03;2023;7373477;1;1;01;27;1;58.472716519;27;1;1;2;1;1;2;2;1;3;2;1;3;1;3;1;1;5;1;4;5;;;;300000;;;1;;;;;;;;;;1
20230310;03;2023;7373478;1;1;01;27;1;88.327877029;27;1;1;2;1;1;2;2;1;3;2;1;3;1;3;1;1;5;1;4;1;;;70000000;300000;;;1;;;;;;;;;;3
20230310;03;2023;7373479;1;1;01;27;1;62.500415965;27;2;5;3;1;1;2;2;1;3;1;1;3;2;2;1;1;1;4;4;3;;;;;250000;;;;;;;;;1;;;3
20230310;03;2023;7373480;1;1;01;27;1;54.534337789;27;2;2;3;1;1;2;2;1;3;1;1;3;1;3;1;1;1;3;4;3;;;;;250000;;;;;;;;;1;;;1
20230310;03;2023;7373481;1;1;01;27;1;52.60309463;27;2;5;3;1;1;2;2;1;3;1;1;4;3;2;1;1;1;3;4;4;;;;250000;;;;;;;;;;1;;;4
20230310;03;2023;7373482;1;1;01;27;1;33.818286191;27;1;5;3;1;1;2;2;1;3;1;1;4;3;2;1;1;1;1;4;3;;;;;250000;;1;;;;;;;;;;7
20230310;03;2023;7373483;1;1;01;27;1;49.82766558;27;1;2;6;1;1;2;2;1;3;1;1;5;4;6;;1;1;4;4;3;;;;;250000;;;;;;;;;1;;;4
20230310;03;2023;7373484;1;1;01;27;1;83.885471138;27;2;5;3;1;1;2;2;1;3;1;1;3;2;2;1;1;1;1;4;3;;;;;250000;;;;;;;;;1;;;5
20230310;03;2023;7373485;1;1;01;27;1;51.433002549;27;1;5;4;1;1;2;2;1;3;1;1;3;2;2;1;1;1;1;4;3;;;;;250000;;;;;;;;;1;;;7
20230310;03;2023;7373487;1;1;01;27;1;44.776195923;27;1;2;3;1;1;2;2;1;3;1;1;5;4;6;;1;1;3;4;3;;;;;300000;;;;;;;;;1;;;8
20230310;03;2023;7373488;1;1;01;27;1;48.689645276;27;2;2;3;1;1;2;2;1;3;1;1;3;2;3;1;1;1;3;4;3;;;;;250000;;;;;;;;;1;;;6
20230310;03;2023;7373489;1;1;01;27;1;82.803826837;27;1;1;4;1;1;2;2;1;3;2;1;6;5;2;1;1;5;3;4;1;;;80000000;500000;;;1;1;1;;;;;;;;6
20230310;03;2023;7373490;1;1;01;27;1;53.301829043;27;1;1;2;1;1;2;2;1;3;2;1;4;3;3;1;1;5;1;4;3;;;;;100000;;;;;;;;;1;;;4
20230310;03;2023;7373491;1;1;01;27;1;56.316964729;27;1;1;4;1;1;2;2;1;3;2;1;4;2;2;1;1;5;1;4;1;;;35000000;350000;;;1;;;;;;;;;;4
20230310;03;2023;7373492;1;1;01;27;1;91.138024504;27;1;1;2;1;1;2;2;1;3;2;1;5;2;3;1;1;5;1;4;1;;;20000000;200000;;;;;;;;;;1;;;2
20230310;03;2023;7373493;1;1;01;27;1;50.599609496;27;1;1;2;1;1;2;2;1;3;2;1;4;3;3;1;1;5;1;4;1;;;55000000;350000;;;;;;;;;;1;;;5
20230310;03;2023;7373494;1;1;01;27;1;70.827218615;27;2;1;2;1;1;2;2;1;3;2;1;3;2;3;1;1;5;1;4;3;;;;;200000;;;;;;;;;1;;;4
20230310;03;2023;7373495;1;1;01;27;1;44.672616157;27;2;1;2;1;1;2;1;1;3;1;1;4;1;1;1;1;1;3;4;4;;;;150000;;;;;;;;;;1;;;1
20230310;03;2023;7373496;1;1;01;27;1;42.987294818;27;2;1;4;1;1;2;1;1;3;1;1;4;3;1;1;1;1;3;4;3;;;;;150000;;;;;;;;;1;;;4
20230310;03;2023;7373497;1;1;01;27;1;58.413370208;27;2;1;2;1;1;2;1;1;3;1;1;4;1;1;1;1;1;3;4;3;;;;;150000;;;;;;;;;1;;;1
20230310;03;2023;7373498;1;1;01;27;1;49.329865298;27;2;1;2;1;1;2;1;1;3;1;1;3;1;1;1;1;1;3;4;4;;;;200000;;;1;;;;;;;;;;2
20230310;03;2023;7373499;1;1;01;27;1;44.672616157;27;2;1;2;1;1;2;1;1;3;1;1;4;1;1;1;1;1;3;4;3;;;;;150000;;;;;;;;;1;;;1
20230310;03;2023;7373500;1;1;01;27;1;45.833638374;27;2;1;2;1;1;2;1;1;3;1;1;3;2;1;1;1;1;3;4;1;;;70000000;200000;;;;;;;;;;1;;;3
20230310;03;2023;7373501;1;1;01;27;1;57.716830553;27;2;1;2;1;1;2;1;1;3;1;1;3;1;1;1;1;1;3;4;4;;;;200000;;;1;;;;;;;;;;1
20230310;03;2023;7373502;1;1;01;27;1;57.764905574;27;1;5;3;1;1;2;2;1;3;1;1;3;2;2;1;1;1;4;1;4;;;;200000;;;;;;;;;;1;;;3
20230310;03;2023;7373503;1;1;01;27;1;43.406381218;27;1;1;2;1;1;2;2;1;3;2;1;4;3;3;1;1;5;1;4;4;;;;300000;;;;;;;;;;1;;;6
20230310;03;2023;7373504;1;1;01;27;1;47.59753794;27;1;1;2;1;1;2;2;1;3;2;1;4;3;2;1;1;5;3;4;1;;;80000000;500000;;;1;;1;;;;;;;;6
20230310;03;2023;7373505;1;1;01;27;1;46.173464442;27;1;1;4;1;1;2;2;1;3;2;1;4;1;3;1;1;5;3;4;1;;;6000000;400000;;;;;;;;;;1;;;1
20230310;03;2023;7373506;1;1;01;27;1;41.798373534;27;1;1;2;1;1;2;2;1;3;2;1;4;3;3;1;1;5;1;4;1;;;70000000;300000;;;1;;;;;;;;;;8
20230310;03;2023;7373507;1;1;01;27;1;33.888744603;27;1;1;4;1;1;2;2;1;3;2;1;3;2;2;1;1;5;1;4;3;;;;;100000;;;;;;;;;1;;;3
20230310;03;2023;7373509;1;1;01;27;1;41.761211109;27;1;1;4;1;1;2;2;1;3;2;1;6;2;3;1;1;5;1;4;3;;;;;400000;;;;;;;;;1;;;3
20230310;03;2023;7373510;1;1;01;27;1;52.938609047;27;1;1;2;1;1;2;2;1;3;2;1;3;2;3;1;1;5;1;4;5;;;;300000;;;;;;;;;;1;;;6
20230310;03;2023;7373511;1;1;01;27;1;29.47649127;27;1;2;3;1;1;2;2;1;3;2;1;3;2;3;1;1;5;1;4;1;;;60000000;300000;;;;;;;;;;1;;;5
20230310;03;2023;7373512;1;1;01;27;1;37.149186508;27;1;2;3;1;1;2;2;1;3;2;1;3;2;3;1;1;5;1;4;4;;;;250000;;;;;;;;;;1;;;5
20230310;03;2023;7373514;1;1;01;27;1;46.173464442;27;1;1;2;1;1;2;2;1;3;2;1;2;1;3;1;1;5;1;4;3;;;;;150000;;;;;;;;;1;;;1
20230310;03;2023;7373515;1;1;01;27;1;70.472043746;27;1;1;4;1;1;2;2;1;3;1;1;4;2;2;1;1;1;3;4;1;;;150000000;800000;;;1;;;;;;;;;;3
20230310;03;2023;7373516;1;1;01;27;1;72.093297517;27;2;1;4;1;1;2;2;1;3;1;1;6;4;2;1;1;1;1;4;4;;;;600000;;;1;;;;;;;;;;4
20230310;03;2023;7373517;1;1;01;27;1;68.872912692;27;1;5;3;1;1;2;2;1;3;1;1;3;1;3;1;1;1;4;4;3;;;;;320000;;;;;;;;;1;;;2
20230310;03;2023;7373518;1;1;01;27;1;78.721714219;27;1;1;4;1;1;2;2;1;3;1;1;3;2;2;1;1;1;3;4;3;;;;;900000;;1;;;;;;;;;;5
20230310;03;2023;7373519;1;1;01;27;1;67.746272592;27;1;1;4;1;1;2;2;1;3;1;1;6;3;3;1;1;1;3;4;4;;;;2000000;;;;;;;;;;1;;;4
20230310;03;2023;7373520;1;1;01;27;1;78.858049781;27;1;1;4;1;1;2;2;1;3;1;1;3;1;2;1;1;1;3;4;1;;;100000000;600000;;;;;;;;;;1;;;1
20230310;03;2023;7373522;1;1;01;27;1;45.625111094;27;2;1;4;1;1;2;2;1;3;1;1;4;2;2;1;1;1;3;4;4;;;;500000;;;;;;;;;;1;;;3
20230310;03;2023;7373523;1;1;01;27;1;39.470739943;27;1;1;4;1;1;2;2;1;3;1;1;4;3;2;1;1;1;3;4;3;;;;;760000;;1;;;;;;;;;;3
20230310;03;2023;7373524;1;1;01;27;1;76.100527567;27;1;1;4;1;1;2;2;1;3;1;1;5;3;2;1;1;1;1;4;1;;;170000000;500000;;;1;;;;;;;;;;3
20230310;03;2023;7373525;1;1;01;41;1;169.65552477;41;1;1;2;1;1;1;1;1;3;1;1;3;2;1;1;1;1;1;3;4;;;;150000;;;1;;;;;;;;;;4
20230310;03;2023;7373526;1;1;01;41;1;119.11185983;41;1;1;4;1;2;1;1;1;3;1;1;4;3;1;1;1;1;1;3;1;;;180000000;500000;;;;;;;;;;1;;;3
20230310;03;2023;7373527;1;1;01;41;1;156.92539923;41;1;1;4;1;2;1;1;1;3;1;1;5;4;1;1;1;1;1;3;4;;;;500000;;;;;;;;;;1;;;7
20230310;03;2023;7373528;1;1;01;41;1;124.10578506;41;1;1;4;1;2;1;1;1;3;1;1;4;3;1;1;1;1;1;3;2;;230000;180000000;500000;;;1;;;;;;;;;;4
20230310;03;2023;7373529;1;1;01;41;1;86.607701533;41;1;1;4;1;2;1;1;1;3;1;1;4;1;1;1;1;1;1;3;1;;;180000000;700000;;;1;;;;;;;;;;1
20230310;03;2023;7373530;1;1;01;41;1;108.57741876;41;1;1;4;1;2;1;1;1;3;1;1;3;2;1;1;1;1;1;3;3;;;;;300000;;1;;;;;;;;;;2
20230310;03;2023;7373531;1;1;01;41;1;317.52456262;41;1;1;4;1;4;1;1;1;3;1;1;3;2;1;1;1;1;1;3;2;;1920000;300000000;1500000;;;1;;;;;;;;;;3
20230310;03;2023;7373532;1;1;01;41;1;309.40251352;41;1;1;4;1;4;1;1;1;3;1;1;4;3;1;1;1;1;1;3;1;;;400000000;2000000;;1;1;;;;;;;;;;4
20230310;03;2023;7373533;1;1;01;41;1;251.73233956;41;1;1;4;1;3;1;1;1;3;1;1;7;2;1;1;1;1;1;3;1;;;350000000;1200000;;;1;;;;;;;;;;2
20230310;03;2023;7373534;1;1;01;41;1;310.29816837;41;1;1;4;1;3;1;1;1;3;1;1;4;3;1;1;1;1;1;3;1;;;200000000;1000000;;;1;;;;;;;;;;4
20230310;03;2023;7373535;1;1;01;41;1;258.95873381;41;2;1;4;1;4;1;1;1;3;1;1;2;1;1;1;1;1;1;3;1;;;220000000;1500000;;;1;;;;;;;;;;1
20230310;03;2023;7373536;1;1;01;41;1;216.48554812;41;2;1;4;1;4;1;1;1;3;1;1;3;1;1;1;1;1;1;3;3;;;;;1200000;;1;;;;;;;;;;1
20230310;03;2023;7373537;1;1;01;41;1;231.25363812;41;1;1;4;1;2;1;1;1;3;1;1;4;3;1;1;1;1;1;3;3;;;;;580000;;1;;;;;;;;;;5
20230310;03;2023;7373538;1;1;01;41;1;199.62015892;41;1;1;4;1;2;1;1;1;3;1;1;4;3;1;1;1;1;1;3;3;;;;;99;;1;;;;;;;;;;4
20230310;03;2023;7373539;1;1;01;41;1;226.83522351;41;2;1;4;1;2;1;1;1;3;1;1;4;3;1;1;1;1;1;3;4;;;;500000;;;1;;;;;;;;;;3
20230310;03;2023;7373540;1;1;01;41;1;179.88444253;41;2;1;4;1;2;1;1;1;3;1;1;2;1;1;1;1;1;3;3;3;;;;;400000;;1;;;;;;;;;;1
20230310;03;2023;7373541;1;1;01;41;1;166.42820793;41;2;1;4;1;2;1;1;1;3;1;1;3;1;1;1;1;1;1;3;3;;;;;450000;;1;;;;;;;;;;2
20230310;03;2023;7373542;1;1;01;41;1;97.444116187;41;1;1;4;1;2;1;1;1;3;1;1;4;2;1;1;1;1;1;3;3;;;;;500000;;1;;;;;1;;;;;3
20230310;03;2023;7373543;1;1;01;41;1;306.61152491;41;2;1;4;1;1;1;1;1;3;1;1;4;2;1;1;1;1;1;3;3;;;;;500000;;1;;;;;;;;;;4
20230310;03;2023;7373544;1;1;01;41;1;243.66547251;41;2;1;2;1;1;1;1;1;3;1;1;4;3;1;1;1;1;1;3;2;;400000;50000000;300000;;;;;;;;;;1;;;3
20230310;03;2023;7373545;1;1;01;41;1;222.09017473;41;2;1;4;1;1;1;1;1;3;1;1;4;2;1;1;1;1;1;3;1;;;80000000;500000;;;1;;;;;;;;;;2
20230310;03;2023;7373546;1;1;01;41;1;208.91468421;41;2;1;4;1;1;1;1;1;3;1;1;4;3;1;1;1;1;1;3;1;;;120000000;500000;;;1;;;;;1;;;;;3
20230310;03;2023;7373547;1;1;01;41;1;170.47922647;41;2;1;4;1;1;1;1;1;3;1;1;4;2;1;1;1;1;3;3;4;;;;99;;;1;;;;;1;;;;;2
20230310;03;2023;7373548;1;1;01;41;1;222.09017473;41;2;1;4;1;1;1;1;1;3;1;1;4;2;1;1;1;1;1;3;1;;;99;500000;;;1;;;;;1;;;;;2
20230310;03;2023;7373549;1;1;01;41;1;162.89823892;41;2;1;4;1;2;1;1;1;3;1;1;3;1;1;1;1;1;1;3;3;;;;;600000;;;;;;;;;1;;;4
20230310;03;2023;7373550;1;1;01;41;1;111.07306785;41;2;1;4;1;2;1;1;1;3;1;1;4;3;1;1;1;1;1;3;3;;;;;600000;;1;;;;;;;;;;3
20230310;03;2023;7373551;1;1;01;41;1;137.43676134;41;1;1;4;1;2;1;1;1;3;1;1;3;2;1;1;1;1;1;3;3;;;;;500000;;1;;;;;;;;;;3
20230310;03;2023;7373552;1;1;01;41;1;99.518584146;41;1;1;4;1;2;1;1;1;3;1;1;2;1;1;1;1;1;1;3;3;;;;;420000;;1;;;;;;;;;;1
20230310;03;2023;7373553;1;1;01;41;1;92.021308058;41;2;1;4;1;2;1;1;1;3;1;1;4;3;1;1;1;1;1;3;3;;;;;650000;;1;;;;;;;;;;3
20230310;03;2023;7373554;1;1;01;41;1;259.79282396;41;2;1;4;1;2;1;1;1;3;1;1;4;2;1;1;1;1;3;3;3;;;;;500000;;1;;;;;1;;;;;3
20230310;03;2023;7373555;1;1;01;41;1;119.5194156;41;1;1;4;1;2;1;1;1;3;1;1;4;1;1;1;1;1;1;3;4;;;;500000;;;1;;;;;;;;;;1
20230310;03;2023;7373556;1;1;01;41;1;99.518584146;41;2;1;4;1;2;1;1;1;3;1;1;1;1;1;1;1;1;4;3;3;;;;;450000;;1;;;;;;;;;;1
20230310;03;2023;7373557;1;1;01;41;1;118.57034393;41;2;1;4;1;2;1;1;1;3;1;1;2;1;1;1;1;1;1;3;4;;;;500000;;;1;;;;;;;;;;1
20230310;03;2023;7373558;1;1;01;41;1;126.32695607;41;2;1;2;1;0;2;1;1;3;1;1;2;1;1;1;1;1;1;4;5;;;;80000;;;1;;;;;;;;;;2
20230310;03;2023;7373559;1;1;01;41;1;124.88381435;41;1;1;2;1;0;2;1;1;3;1;1;2;1;1;1;1;1;1;4;5;;;;200000;;;;;;;;;;1;;;2
20230310;03;2023;7373560;1;1;01;41;1;125.28163703;41;1;1;2;1;0;2;1;1;3;1;1;2;1;1;1;1;1;1;4;5;;;;250000;;;;;;;;;;1;;;2
20230310;03;2023;7373561;1;1;01;41;1;188.79925467;41;2;1;2;1;1;1;1;1;3;1;1;4;2;1;1;1;1;1;3;1;;;50000000;250000;;;;;;;;;;1;;;2
20230310;03;2023;7373562;1;1;01;41;1;181.81193824;41;1;1;2;1;1;1;1;1;3;1;1;4;2;1;1;1;1;1;3;1;;;70000000;300000;;;;;;;;;;1;;;3
20230310;03;2023;7373563;1;1;01;41;1;150.85282858;41;1;5;2;1;1;1;1;1;3;1;1;2;1;1;1;1;1;2;3;1;;;50000000;250000;;;;;;;;;;1;;;3
20230310;03;2023;7373564;1;1;01;41;1;238.06316058;41;1;1;2;1;1;1;1;1;3;1;1;4;3;1;1;1;1;1;3;3;;;;;350000;;;;;;;;;1;;;4
20230310;03;2023;7373565;1;1;01;41;1;228.77981215;41;2;1;2;1;1;1;1;1;3;1;1;3;2;1;1;1;1;1;1;3;;;;;300000;;1;;;;;;;;;;2
20230310;03;2023;7373566;1;1;01;41;1;242.77865047;41;1;5;2;1;1;2;1;1;3;1;1;3;2;1;1;1;1;1;1;4;;;;200000;;;;;;;;;;1;;;4
20230310;03;2023;7373567;1;1;01;41;1;194.21905036;41;1;1;4;1;1;1;1;1;3;1;1;4;1;1;1;1;1;1;3;1;;;100000000;400000;;;1;;;;;;;;;;1
20230310;03;2023;7373568;1;1;01;41;1;139.83771626;41;1;1;4;1;2;1;1;1;3;1;1;4;1;1;1;1;1;1;3;1;;;90000000;450000;;;1;;;;;;;;;;1
20230310;03;2023;7373569;1;1;01;41;1;135.93546336;41;1;1;4;1;2;1;1;1;3;1;1;4;1;1;1;1;1;1;3;1;;;80000000;400000;;;1;;;;;;;;;;2
20230310;03;2023;7373570;1;1;01;41;1;161.89599828;41;2;1;4;1;2;1;1;1;3;1;1;2;1;1;1;1;1;1;3;3;;;;;300000;;1;;;;;;;;;;1
20230310;03;2023;7373571;1;1;01;41;1;155.37524028;41;1;1;4;1;2;1;1;1;3;1;1;3;1;1;1;1;1;1;3;1;;;180000000;500000;;;;;;;;;;1;;;1
20230310;03;2023;7373572;1;1;01;41;1;138.78791713;41;1;1;4;1;2;1;1;1;3;1;1;4;2;1;1;1;1;1;3;3;;;;;550000;;1;;;;;;;;;;3
20230310;03;2023;7373573;1;1;01;41;1;179.27258378;41;1;1;4;1;2;1;1;1;3;1;1;3;2;1;1;1;1;1;3;1;;;100000000;400000;;;1;;;;;;;;;;3
20230310;03;2023;7373574;1;1;01;41;1;191.87365233;41;2;1;4;1;2;1;1;1;3;1;1;4;3;1;1;1;1;1;3;3;;;;;600000;;1;;;;;;;;;;3
20230310;03;2023;7373575;1;1;01;41;1;133.34849433;41;1;1;4;1;2;1;1;1;3;1;1;5;2;1;1;1;1;1;3;1;;;80000000;500000;;;1;;;;;;;;;;3
20230310;03;2023;7373576;1;1;01;41;1;157.5399383;41;2;1;4;1;2;1;1;1;3;1;1;2;1;1;1;1;1;1;3;3;;;;;500000;;1;;;;;1;;;;;2
20230310;03;2023;7373577;1;1;01;41;1;154.14144711;41;2;1;4;1;2;1;1;1;3;1;1;2;1;1;1;1;1;1;3;3;;;;;380000;;1;;;;;1;;;;;1
20230310;03;2023;7373578;1;1;01;41;1;161.18698151;41;2;1;4;1;2;1;1;1;3;1;1;4;3;1;1;1;1;3;3;3;;;;;500000;;1;;;;;1;;;;;6
20230310;03;2023;7373579;1;1;01;41;1;103.58349352;41;2;1;4;1;2;1;1;1;3;1;1;2;1;1;1;1;1;3;3;3;;;;;450000;;1;;;;1;;;;;;1
20230310;03;2023;7373580;1;1;01;41;1;109.48336193;41;2;1;4;1;2;1;1;1;3;1;1;3;2;1;1;1;1;3;3;4;;;;250000;;;1;;;;;1;;;;;2
20230310;03;2023;7373581;1;1;01;41;1;122.01589981;41;1;1;4;1;2;1;1;1;3;1;1;3;2;1;1;1;1;1;3;1;;;70000000;350000;;;1;;;;;;;;;;2
20230310;03;2023;7373582;1;1;01;41;1;103.58349352;41;1;1;4;1;2;1;1;1;3;1;1;4;1;1;1;1;1;1;3;1;;;99;350000;;;1;;;;;1;;;;;1
20230310;03;2023;7373583;1;1;01;41;1;191.39835297;41;1;1;2;1;2;1;1;1;3;1;1;3;2;1;1;1;1;1;3;1;;;60000000;350000;;;;;;;;;;1;;;6
20230310;03;2023;7373584;1;1;01;41;1;122.40128779;41;1;1;4;1;2;1;1;1;3;1;1;3;2;1;1;1;1;3;3;4;;;;400000;;;1;;;;;;;;;;3
20230310;03;2023;7373585;1;1;01;41;1;201.38587165;41;2;1;4;1;2;1;1;1;3;1;1;4;3;1;1;1;1;1;3;1;;;300000000;600000;;;1;;;;;;;;;;2
20230310;03;2023;7373586;1;1;01;41;1;86.607701533;41;2;1;4;1;2;1;1;1;3;1;1;2;1;1;1;1;1;6;;3;;;;;200000;;;;;;;;;1;;;1
20230310;03;2023;7373587;1;1;01;41;1;216.51925383;41;1;1;4;1;4;1;1;1;3;1;1;4;1;1;1;1;1;1;3;4;;;;10000000;;;;;;;;;;1;;;1
20230310;03;2023;7373588;1;1;01;41;1;235.33745563;41;1;1;4;1;2;1;1;1;3;1;1;3;2;1;1;1;1;1;3;1;;;99;99;;;1;;;;;;;;;;2
20230310;03;2023;7373589;1;1;01;41;1;210.05325107;41;2;1;4;1;2;1;1;1;3;1;1;2;1;1;1;1;1;1;3;3;;;;;350000;;1;;;;;;;;;;2
20230310;03;2023;7373590;1;1;01;41;1;252.72614362;41;3;1;4;1;2;1;1;1;3;1;1;1;1;1;1;1;1;6;;4;;;;230000;;;1;;;;;;;;;;2
20230310;03;2023;7373591;1;1;01;44;1;47.12552867;44;2;1;4;1;3;1;1;1;6;1;1;2;1;1;1;1;1;1;3;3;;;;;300000;;;;;;;;;1;;;1
20230310;03;2023;7373592;1;1;01;44;1;67.595220796;44;2;1;4;1;3;1;1;1;6;1;1;3;2;1;1;1;1;1;3;3;;;;;700000;;1;;;;;;;;;;5
20230310;03;2023;7373593;1;1;01;44;1;36.801128423;44;1;1;4;1;3;1;1;1;6;1;1;2;1;1;1;1;10;1;3;4;;;;1000000;;;;;;;;;;1;;;2
20230310;03;2023;7373594;1;1;01;44;1;62.479073351;44;2;1;4;1;3;1;1;1;6;1;1;4;1;1;1;1;1;1;3;1;;;98;1000000;;;1;;;;;;;;;;1
20230310;03;2023;7373595;1;1;01;44;1;88.606685843;44;3;1;4;1;2;1;1;1;3;1;1;1;1;1;1;1;1;6;;4;;;;100000;;;;;;;;;;1;;;1
20230310;03;2023;7373596;1;1;01;44;1;34.21922149;44;1;1;4;1;1;1;1;1;3;1;1;3;2;1;1;1;1;1;3;4;;;;300000;;;;;;;;;;1;;;5
20230310;03;2023;7373597;1;1;01;44;1;80.877053025;44;1;1;2;1;1;1;1;1;3;1;1;2;1;1;1;1;1;1;3;3;;;;;240000;;;;;;;;;1;;;5
20230310;03;2023;7373598;1;1;01;44;1;55.69380661;44;1;1;2;1;1;2;2;1;3;1;1;3;1;2;1;1;1;5;5;1;;;98;300000;;;;;;;;;;1;;;1
20230310;03;2023;7373599;1;1;01;44;1;71.580636631;44;1;1;4;1;1;1;2;1;3;1;1;3;2;2;1;1;1;1;3;1;;;99;500000;;;1;;;;;;;;;;2
20230310;03;2023;7373600;1;1;01;44;1;82.163120475;44;2;1;4;1;1;1;1;1;3;1;1;3;2;1;1;1;1;1;3;3;;;;;450000;;;;;;;;;1;;;3
20230310;03;2023;7373601;1;1;01;44;1;58.331525913;44;1;1;2;1;1;1;1;1;3;1;1;4;3;1;1;1;1;1;3;1;;;150000000;400000;;;1;;;;;;;;;;3
20230310;03;2023;7373602;1;1;01;44;1;57.341681658;44;2;1;4;1;1;1;2;1;3;1;1;3;2;2;1;1;1;1;3;3;;;;;480000;;;;;;;;;1;;;5
20230310;03;2023;7373603;1;1;01;44;1;60.155287182;44;1;1;4;1;2;1;1;1;3;1;1;4;3;1;1;1;1;1;3;1;;;99;600000;;;1;;;;;;;;;;4
20230310;03;2023;7373604;1;1;01;44;1;92.540976881;44;2;1;4;1;2;1;1;1;3;1;1;4;3;1;1;1;1;1;3;3;;;;;600000;;;;;;;;;1;;;6
20230310;03;2023;7373605;1;1;01;44;1;59.677173532;44;1;1;2;1;1;1;2;1;3;1;1;3;1;2;1;1;1;1;3;5;;;;350000;;;;;;;;1;;;;;1
20230310;03;2023;7373606;1;1;01;44;1;67.655337848;44;1;1;2;1;1;1;2;1;3;1;1;3;2;2;1;1;10;1;3;3;;;;;350000;;1;;;;;;;;;;3
20230310;03;2023;7373607;1;1;01;44;1;103.18381744;44;2;1;4;1;2;1;1;1;3;1;1;4;3;1;1;1;1;1;3;3;;;;;520000;;1;;;;;;;;;;5
20230310;03;2023;7373608;1;1;01;44;1;92.543541029;44;2;1;4;1;2;1;1;1;3;1;1;2;1;1;1;1;1;1;3;3;;;;;380000;;;;;;;;;1;;;3
20230310;03;2023;7373609;1;1;01;44;1;136.55320248;44;2;1;4;1;2;1;1;1;3;1;1;3;2;1;1;1;1;1;3;3;;;;;450000;;1;;;;;;;;;;4
20230310;03;2023;7373610;1;1;01;44;1;80.817641759;44;2;1;4;1;2;1;1;1;3;1;1;2;1;1;1;1;1;1;3;3;;;;;450000;;1;;;;;;;;;;2
20230310;03;2023;7373611;1;1;01;44;1;63.278940835;44;2;1;4;1;2;1;1;1;3;1;1;3;2;1;1;1;1;1;3;1;;;98;600000;;;;;;;;;;1;;;3
20230310;03;2023;7373612;1;1;01;44;1;69.826163914;44;2;1;4;1;2;1;1;1;3;1;1;4;3;1;1;1;1;1;3;4;;;;700000;;;;;;;;;;1;;;3
20230310;03;2023;7373613;1;1;01;44;1;115.67066078;44;2;1;4;1;2;2;1;1;3;1;1;2;1;1;1;1;10;1;4;3;;;;;250000;;1;;;;;;;;;;1
20230310;03;2023;7373615;1;1;01;47;1;203.72350679;47;2;1;4;1;6;1;1;1;3;1;1;3;1;1;1;1;10;1;3;1;;;530000000;2000000;;;1;;;;;1;;;;;1
20230310;03;2023;7373616;1;1;01;47;1;159.18514964;47;2;1;4;1;6;1;1;1;3;1;1;3;1;1;1;1;10;1;3;3;;;;;1200000;;1;;;;;;;;;;1
20230310;03;2023;7373617;1;1;01;47;1;187.76543037;47;2;1;2;1;2;1;1;1;3;1;1;3;2;1;1;1;1;3;1;3;;;;;350000;;1;;;;;;;;;;5
20230310;03;2023;7373618;1;1;01;47;1;255.884127;47;1;1;2;1;3;1;1;1;3;1;1;4;3;1;1;1;10;1;3;3;;;;;400000;;;;;;;;;1;;;7
20230310;03;2023;7373619;1;1;01;47;1;274.78498315;47;1;1;2;1;1;1;1;1;3;1;1;4;2;1;1;1;1;1;3;3;;;;;360000;;1;;;;;;;;;;4
20230310;03;2023;7373620;1;1;01;47;1;165.3048959;47;1;1;4;1;1;1;1;1;3;1;1;3;1;1;1;1;1;1;3;1;;;180000000;400000;;;1;;;;;;;;;;2
20230310;03;2023;7373621;1;1;01;47;1;196.86168941;47;1;1;2;1;1;1;1;1;3;1;1;3;2;1;1;1;1;1;3;1;;;25000000;350000;;;;;;;;;;1;;;4
20230310;03;2023;7373622;1;1;01;47;1;258.31428923;47;1;1;2;1;1;1;1;1;3;1;1;4;2;1;1;1;1;1;3;6;;;;500000;;;1;;;;;;;;;;6
20230310;03;2023;7373623;1;1;01;47;1;197.0128602;47;1;1;2;1;1;1;1;1;3;1;1;3;2;1;1;1;1;1;3;3;;;;;300000;;;;;;;;;1;;;6
20230310;03;2023;7373624;1;1;01;47;1;199.20691011;47;1;1;4;1;1;1;1;1;3;1;1;4;2;1;1;1;1;1;3;6;;;;500000;;;1;;;;;;;;;;5
20230310;03;2023;7373625;1;1;01;47;1;184.22695815;47;1;1;4;1;1;1;1;1;3;1;1;3;2;1;1;1;1;1;3;4;;;;300000;;;1;;;;;;;;;;4
20230310;03;2023;7373626;1;1;01;47;1;276.11402762;47;1;1;4;1;1;1;1;1;3;1;1;4;2;1;1;1;1;1;3;3;;;;;370000;;1;;;;;;;;;;4
20230310;03;2023;7373627;1;1;01;47;1;244.83961837;47;1;1;2;1;1;1;1;1;3;1;1;3;2;1;1;1;1;1;3;3;;;;;350000;;;;;;;;;1;;;4
20230310;03;2023;7373628;1;1;01;47;1;145.99357628;47;1;1;4;1;3;1;1;1;3;1;1;4;1;1;1;1;1;1;3;1;;;65000000;600000;;;1;;;;;;;;;;2
20230310;03;2023;7373629;1;1;01;47;1;182.04985259;47;2;1;2;1;3;1;1;1;3;1;1;3;2;1;1;1;1;1;3;3;;;;;450000;;1;;;;;;;;;;4
20230310;03;2023;7373630;1;1;01;47;1;150.28650319;47;1;1;2;1;3;1;1;1;3;1;1;3;1;1;1;1;10;1;3;4;;;;400000;;;;;;;;;;1;;;2
20230310;03;2023;7373631;1;1;01;47;1;292.80946561;47;2;1;4;1;3;1;1;1;3;1;1;3;2;1;1;1;1;1;3;1;;;130000000;800000;;;1;;;;;;;;;;3
20230310;03;2023;7373632;1;1;01;47;1;392.3511;47;2;1;2;1;1;1;1;1;3;1;1;1;1;2;1;1;2;5;1;1;;;98;98;;;;;;;;;;1;;;5
20230310;03;2023;7373633;1;1;01;47;1;310.32720339;47;2;1;4;1;3;1;1;1;3;1;1;4;3;1;1;1;10;1;3;3;;;;;800000;;1;;;;;;;;;;4
20230310;03;2023;7373634;1;1;01;47;1;317.46937041;47;1;1;4;1;3;1;1;1;3;1;1;3;2;1;1;1;10;1;3;4;;;;900000;;;1;;;;;;;;;;3
20230310;03;2023;7373635;1;1;01;47;1;481.12953365;47;1;8;1;1;1;1;1;1;3;1;1;2;1;2;1;1;2;4;4;1;;;98;98;;;;;;;;;;1;;;3
20230310;03;2023;7373636;1;1;01;47;1;416.59534571;47;1;1;2;1;1;1;1;1;3;1;1;3;2;1;1;1;10;1;3;3;;;;;200000;;1;;;;;;;;;;3
20230310;03;2023;7373637;1;1;01;47;1;314.01729322;47;1;1;2;1;1;1;1;1;3;1;1;3;2;1;1;1;2;1;3;5;;;;400000;;;1;;;;;;;;;;2
20230310;03;2023;7373638;1;1;01;47;1;284.50744319;47;2;1;4;1;6;1;1;1;3;1;1;3;1;1;1;1;10;1;3;3;;;;;1600000;;1;;;;;1;;;;;2
20230310;03;2023;7373639;1;1;01;47;1;311.10841821;47;1;1;2;1;1;1;1;1;3;1;1;4;2;1;1;1;1;1;3;6;;;;300000;;;1;;;;;;;;;;6
20230310;03;2023;7373640;1;1;01;47;1;140.65616401;47;2;1;4;1;3;1;1;1;3;1;1;3;2;1;1;1;10;1;3;3;;;;;700000;;1;;;;;;;;;;3
20230310;03;2023;7373641;1;1;01;47;1;191.75026861;47;2;1;4;1;3;1;1;1;3;1;1;2;1;1;1;1;1;1;3;3;;;;;600000;;;;;;;;;1;;;4
20230310;03;2023;7373642;1;1;01;47;1;181.08756159;47;2;1;2;1;1;1;1;1;3;1;1;2;1;1;1;1;1;1;3;5;;;;200000;;;;;;;;;;1;;;1
20230310;03;2023;7373643;1;1;01;47;1;141.4979108;47;1;1;4;1;1;1;1;1;3;1;1;3;1;1;1;1;1;1;3;1;;;30000000;400000;;;;;;;;;;1;;;1
20230310;03;2023;7373644;1;1;01;47;1;239.68783577;47;1;1;2;1;1;1;1;1;3;1;1;4;2;1;1;1;1;1;3;6;;;;300000;;;1;;;;;;;;;;4
20230310;03;2023;7373645;1;1;01;47;1;307.51726552;47;2;1;4;1;1;1;1;1;3;1;1;3;2;1;1;1;1;1;3;3;;;;;400000;;;;;;;;;1;;;7
20230310;03;2023;7373646;1;1;01;47;1;213.30585426;47;2;1;4;1;1;1;1;1;3;1;1;4;2;1;1;1;1;1;3;4;;;;400000;;;1;;;;;;;;;;2
20230310;03;2023;7373647;1;1;01;50;1;188.45233261;50;1;1;4;1;3;1;1;1;3;1;1;4;2;1;1;1;1;1;3;3;;;;;350000;;1;;;;;;1;;;AHORRO A LA MANO;6
20230310;03;2023;7373648;1;1;01;50;1;241.27122436;50;1;1;4;1;4;1;1;1;3;1;1;4;3;1;1;1;1;1;3;4;;;;1500000;;;1;;;;;1;;;;;4
20230310;03;2023;7373649;1;1;01;50;1;295.63793211;50;1;1;4;1;3;1;1;1;3;1;1;4;3;1;1;1;1;1;3;1;;;100000000;700000;;;1;;;;;;;;;;3
20230310;03;2023;7373650;1;1;01;50;1;122.21598658;50;1;1;4;1;3;1;1;1;3;1;1;3;2;1;1;1;1;1;3;1;;;25000000;700000;;;;;;;;;1;;;NEQUI;5
20230310;03;2023;7373651;1;1;01;50;1;206.7716815;50;2;1;4;1;3;1;1;1;3;1;1;3;2;1;1;1;1;1;3;3;;;;;800000;;1;;;;;;;;;;2
20230310;03;2023;7373652;1;1;01;50;1;235.63571061;50;1;1;4;1;3;1;1;1;3;1;2;2;1;1;2;1;1;1;3;3;;;;;300000;;;;;;;;;1;;;1
20230310;03;2023;7373652;2;2;01;50;1;235.63571061;50;1;1;4;1;3;1;1;1;3;1;2;1;1;1;2;1;1;6;;3;;;;;280000;;1;;;;;;;;;;1
20230310;03;2023;7373653;1;1;01;50;1;183.60591541;50;1;1;4;1;3;1;1;1;3;1;1;5;4;1;1;1;1;1;3;3;;;;;800000;;1;;;;;1;1;;;NEQUI;8
20230310;03;2023;7373654;1;1;01;50;1;216.59552149;50;1;1;4;1;3;1;1;1;3;1;1;5;4;1;1;1;1;1;3;1;;;280000000;550000;;;1;;;;;;;;;;6
20230310;03;2023;7373655;1;1;01;50;1;162.75893156;50;1;1;4;1;3;1;1;1;3;1;1;5;2;1;1;1;1;1;3;1;;;270000000;800000;;;1;;;;;;;;;;2
20230310;03;2023;7373656;1;1;01;50;1;168.9470822;50;1;1;4;1;3;1;1;1;3;1;1;3;2;1;1;1;1;1;3;3;;;;;700000;;1;;;;;;;;;;3
20230310;03;2023;7373657;1;1;01;50;1;169.1236623;50;2;1;4;1;1;2;2;1;3;1;1;3;2;2;1;1;1;1;4;1;;;190000000;400000;;;;;;;;;;1;;;3
20230310;03;2023;7373658;1;1;01;50;1;166.03751308;50;2;1;4;1;1;2;2;1;3;1;1;4;1;2;1;1;1;1;4;3;;;;;300000;;1;;;;;;;;;;1
20230310;03;2023;7373659;1;1;01;50;1;182.25075062;50;1;1;4;1;1;2;2;1;3;1;1;3;1;2;1;1;1;1;4;3;;;;;380000;;;;;;;;;1;;;1
20230310;03;2023;7373660;1;1;01;50;1;249.74256487;50;1;1;4;1;3;1;1;1;3;1;1;5;2;1;1;1;1;1;3;1;;;220000000;1000000;;;1;;1;;;1;;;;;2
20230310;03;2023;7373661;1;1;01;50;1;154.69176196;50;1;1;2;1;1;2;2;1;3;1;1;3;2;2;1;1;1;1;4;3;;;;;400000;;1;;;;;;;;;;2
20230310;03;2023;7373662;1;1;01;50;1;185.70539942;50;2;1;4;1;1;2;2;1;3;1;1;4;2;2;1;1;1;1;4;3;;;;;400000;;;;;;;;;1;;;4
20230310;03;2023;7373663;1;1;01;50;1;148.5471137;50;1;1;2;1;1;2;2;1;3;1;1;4;3;2;1;1;1;1;4;3;;;;;400000;;;;;;;;;1;;;2
20230310;03;2023;7373664;1;1;01;50;1;150.40554944;50;2;1;4;1;1;2;2;1;3;1;1;4;2;2;1;1;1;1;4;3;;;;;350000;;1;;;;;;;;;;4
20230310;03;2023;7373665;1;1;01;50;1;156.38126593;50;1;1;4;1;1;2;2;1;3;1;1;3;2;2;1;1;1;1;4;3;;;;;350000;;;;;;;;;1;;;3
20230310;03;2023;7373666;1;1;01;50;1;210.94554547;50;1;1;4;1;3;1;1;1;3;1;1;4;2;1;1;1;1;1;3;4;;;;1000000;;;1;;;;;;1;;;AHORRO A LA MANO;2
20230310;03;2023;7373667;1;1;01;50;1;143.20967701;50;1;1;4;1;3;1;1;1;3;1;1;4;2;1;1;1;1;1;3;3;;;;;700000;;1;;;;1;1;;;;;4
20230310;03;2023;7373668;1;1;01;50;1;355.41033333;50;2;1;4;1;1;1;1;1;3;1;1;3;2;1;1;1;1;1;3;3;;;;;430000;;1;;;;;;;;;;3
20230310;03;2023;7373669;1;1;01;50;1;260.8913544;50;1;1;4;1;3;1;1;1;3;1;1;3;1;1;1;1;1;1;3;3;;;;;1100000;;1;;;;;1;1;;;NEQUI;2
20230310;03;2023;7373670;1;1;01;50;1;428.06546342;50;2;1;4;1;1;1;1;1;3;1;1;4;3;1;1;1;1;1;3;4;;;;400000;;;;;;;;;;1;;;1
20230310;03;2023;7373671;1;1;01;50;1;203.76834068;50;1;1;4;1;3;1;1;1;3;1;1;4;3;1;1;1;1;1;3;3;;;;;800000;;1;;;;1;1;;;;;3
20230310;03;2023;7373672;1;1;01;50;1;365.56374226;50;1;1;4;1;1;1;1;1;3;1;1;4;3;1;1;1;1;1;3;1;;;65000000;400000;;;;;;;;;;1;;;5
20230310;03;2023;7373673;1;1;01;50;1;220.07125632;50;1;1;4;1;1;1;1;1;3;1;1;3;1;1;1;1;1;1;3;1;;;100000000;500000;;;;;;;;;;1;;;1
20230310;03;2023;7373674;1;1;01;50;1;278.43864677;50;1;1;2;1;1;1;1;1;3;1;1;2;1;1;1;1;1;1;3;1;;;60000000;500000;;;;;;;;;;1;;;1
20230310;03;2023;7373675;1;1;01;50;1;263.26691358;50;3;1;4;1;2;1;1;1;3;1;1;2;2;1;2;1;1;5;3;3;;;;;450000;;;;;;;;;1;;;3
20230310;03;2023;7373676;1;1;01;50;1;358.7256123;50;3;1;4;1;2;1;1;1;3;1;1;2;1;1;2;1;1;5;3;3;;;;;500000;;;;;;;1;1;;;NEQUI;2
20230310;03;2023;7373677;1;1;01;50;1;438.54086867;50;2;1;2;1;2;2;1;1;3;1;1;1;1;1;1;1;1;1;4;1;;;50000000;200000;;;;;;;;;;1;;;1
20230310;03;2023;7373678;1;1;01;50;1;326.02753976;50;3;1;4;1;2;1;1;1;3;1;1;1;1;1;1;1;1;5;3;3;;;;;240000;;;;;;;;1;;;NEQUI;4
20230310;03;2023;7373679;1;1;01;50;1;354.41470941;50;3;1;4;1;2;1;1;1;3;1;1;1;1;1;2;1;1;5;3;3;;;;;300000;;;;;;;;;1;;;1
20230310;03;2023;7373680;1;1;01;50;1;301.57176963;50;2;1;4;1;2;1;1;1;3;1;1;3;2;1;1;1;1;1;3;1;;;120000000;400000;;;;;;;;;;1;;;2
20230310;03;2023;7373681;1;1;01;50;1;337.04622248;50;3;1;4;1;2;1;1;1;3;1;1;1;1;1;2;1;1;1;3;3;;;;;300000;;;;;;;;;1;;;3
20230310;03;2023;7373682;1;1;01;50;1;385.39248475;50;3;1;4;1;2;1;1;1;3;1;1;1;1;1;2;1;1;5;3;3;;;;;357000;;;;;;;;;1;;;2
20230310;03;2023;7373683;1;1;01;50;1;407.7606111;50;3;1;4;1;2;1;1;1;3;1;1;1;1;1;2;1;1;5;3;3;;;;;300000;;;;;;;;;1;;;1
20230310;03;2023;7373684;1;1;01;50;1;348.04830847;50;3;1;4;1;2;1;1;1;3;1;1;1;1;1;2;1;1;5;3;3;;;;;150000;;;;;;;;;1;;;1
20230310;03;2023;7373685;1;1;01;50;1;218.92586381;50;3;1;4;1;2;1;1;1;3;1;1;1;1;1;2;1;1;5;3;3;;;;;300000;;;;;;;;1;;;NEQUI;3
20230310;03;2023;7373686;1;1;01;50;1;261.88218123;50;1;1;4;1;3;1;1;1;3;1;1;3;2;1;1;1;1;1;3;3;;;;;850000;;1;;;;;1;1;;;NEQUI Y DAVIPLATA;3
20230310;03;2023;7373687;1;1;01;50;1;176.89133039;50;1;1;4;1;3;1;1;1;3;1;1;4;2;1;1;1;1;1;3;1;;;135000000;800000;;;1;;;;;;;;;;3
20230310;03;2023;7373688;1;1;01;50;1;258.38337296;50;1;1;4;1;1;1;1;1;3;1;1;3;2;1;1;1;1;1;3;1;;;80000000;400000;;;1;;;;;;1;;;NEQUI Y DAVIPLATA;3
20230310;03;2023;7373689;1;1;01;50;1;179.04089894;50;1;1;4;1;3;1;1;1;3;1;1;4;3;1;1;1;1;1;3;2;;720000;320000000;1200000;;;1;;1;1;1;1;;;;;4
20230310;03;2023;7373690;1;1;01;50;1;167.11176269;50;1;1;4;1;3;1;1;1;3;1;1;4;2;1;1;1;1;1;3;1;;;300000000;1200000;;;;;;;;;;1;;;2
20230310;03;2023;7373691;1;1;01;50;1;213.05218971;50;1;1;4;1;1;1;1;1;3;1;1;4;3;1;1;1;1;1;3;1;;;60000000;400000;;;;;;;;;1;;;NEQUI;4
20230310;03;2023;7373692;1;1;01;;1;312.48014805;52;1;1;2;1;1;2;2;1;3;1;1;4;2;2;1;1;1;3;4;6;;;;300000;;;;;;;;;;1;;;2
20230310;03;2023;7373693;1;1;01;;1;95.798528013;52;2;1;4;1;1;2;2;1;3;1;1;3;2;2;1;1;1;3;4;3;;;;;400000;;;;;;1;;;;;;4
20230310;03;2023;7373694;1;1;01;;1;95.798528013;52;1;1;4;1;1;2;2;1;3;1;1;3;2;2;1;1;1;4;4;1;;;40000000;300000;;;;;;;;;;1;;;5
20230310;03;2023;7373695;1;1;01;;1;95.798528013;52;2;1;2;1;1;2;2;1;3;1;1;3;2;2;1;1;1;3;4;3;;;;;350000;;;;;;;;;1;;;2
20230310;03;2023;7373696;1;1;01;;1;127.00562426;52;1;5;3;1;1;2;2;1;2;1;1;2;1;4;1;1;1;1;4;4;;;;200000;;;1;;;;;;;;;;4
20230310;03;2023;7373697;1;1;01;;1;127.00562426;52;1;1;2;1;1;2;2;1;2;1;1;4;3;2;1;1;1;1;4;6;;;;300000;;;;;;;;;;1;;;5
20230310;03;2023;7373698;1;1;01;;1;493.13683446;52;1;5;3;1;1;2;2;1;2;1;1;2;1;3;1;1;1;1;1;1;;;5000000;100000;;;;;;;;;;1;;;1
20230310;03;2023;7373699;1;1;01;;1;127.00562426;52;1;5;3;1;1;2;2;1;2;1;1;2;1;5;1;1;1;4;4;6;;;;250000;;;;;;;;;;1;;;2
20230310;03;2023;7373700;1;1;01;;1;155.05387612;52;1;1;4;1;1;2;2;1;2;1;1;3;2;3;1;1;1;1;4;4;;;;300000;;;1;;;;;;;;;;3
20230310;03;2023;7373701;1;1;01;;1;397.62056464;52;1;5;3;1;1;2;2;1;2;1;1;1;1;5;1;1;1;2;1;4;;;;100000;;;;;;;;;;1;;;2
20230310;03;2023;7373702;1;1;01;;1;223.14580454;52;1;1;2;1;1;2;2;1;2;1;1;3;2;3;1;1;1;1;4;1;;;12000000;120000;;;1;;;;;;;;;;4
20230310;03;2023;7373703;1;1;01;;1;546.62038177;52;1;5;3;1;1;2;2;1;2;1;1;3;2;5;1;1;1;1;5;6;;;;150000;;;;;;;;;;1;;;3
20230310;03;2023;7373704;1;1;01;;1;149.66788488;52;1;5;3;1;1;2;2;1;2;1;1;4;3;4;1;1;1;1;4;4;;;;200000;;;1;;;;;;;;;;4
20230310;03;2023;7373705;1;1;01;;1;155.05387612;52;1;5;3;1;1;2;2;1;2;1;1;3;2;5;1;1;1;1;4;1;;;25000000;200000;;;;;;;;;;1;;;3
20230310;03;2023;7373706;1;1;01;;1;647.72868372;52;1;5;3;1;1;2;2;1;2;1;1;4;3;4;1;1;1;1;4;6;;;;200000;;;;;;;;;;1;;;3
20230310;03;2023;7373707;1;1;01;52;1;167.7037568;52;1;1;4;1;3;1;1;1;3;1;2;2;1;1;2;1;1;1;3;3;;;;;300000;;;;;;;;;1;;;1
20230310;03;2023;7373707;2;2;01;52;1;167.7037568;52;1;1;4;1;3;1;1;1;3;1;2;2;1;1;1;1;1;1;3;4;;;;350000;;;;;;;;;;1;;;1
20230310;03;2023;7373708;1;1;01;52;1;142.64345915;52;1;1;4;1;3;2;1;1;3;1;1;4;2;1;1;1;1;1;4;3;;;;;600000;;1;;;;;;;;;;4
20230310;03;2023;7373709;1;1;01;52;1;108.45876213;52;1;1;4;1;3;1;1;1;3;1;1;5;3;1;1;1;1;1;3;3;;;;;700000;;1;;;;;;;;;;4
20230310;03;2023;7373710;1;1;01;52;1;97.079515974;52;1;1;4;1;3;1;1;1;3;1;1;4;2;1;1;1;1;1;3;2;;700000;98;400000;;;1;;1;;;;;;;;2
20230310;03;2023;7373711;1;1;01;52;1;113.84433595;52;2;1;4;1;3;2;1;1;3;1;1;4;3;1;1;1;1;1;4;3;;;;;900000;;1;;;;1;1;;;;;3
20230310;03;2023;7373712;1;1;01;52;1;242.01237762;52;2;1;4;1;3;2;1;1;3;1;1;1;1;1;1;1;1;1;4;3;;;;;450000;;1;;;;;;;;;;1
20230310;03;2023;7373713;1;1;01;52;1;138.42340631;52;2;1;4;1;1;2;1;1;3;1;1;3;1;1;1;1;1;1;4;6;;;;450000;;;1;;1;;;;;;;;1
20230310;03;2023;7373714;1;1;01;52;1;166.97729465;52;2;1;4;1;2;1;1;1;3;1;1;3;2;1;1;1;1;1;3;1;;;200000000;400000;;;;;;;;;;1;;;4
20230310;03;2023;7373715;1;1;01;52;1;193.6099021;52;2;1;4;1;2;2;1;1;3;1;1;3;1;1;1;1;1;1;4;3;;;;;350000;;1;;;;;;;;;;1
20230310;03;2023;7373716;1;1;01;52;1;169.18533054;52;2;1;4;1;1;2;1;1;3;1;1;3;2;1;1;1;1;1;4;3;;;;;450000;;1;;;;1;;;;;;4
20230310;03;2023;7373717;1;1;01;52;1;228.14125868;52;2;1;4;1;3;2;1;1;3;1;1;3;2;1;1;1;1;1;4;2;;400000;120000000;600000;;;1;;1;;1;;;;;;3
20230310;03;2023;7373718;1;1;01;52;1;162.41749342;52;2;1;4;1;3;2;1;1;3;1;1;4;3;1;1;1;1;1;4;2;;500000;140000000;550000;;;1;;;;;;;;;;4
20230310;03;2023;7373719;1;1;01;52;1;177.47574359;52;2;1;4;1;1;2;1;1;3;1;1;3;1;1;1;1;1;1;4;3;;;;;200000;;1;;;;;;;;;;1
20230310;03;2023;7373720;1;1;01;52;1;206.35483498;52;2;1;4;1;3;2;1;1;3;1;1;3;3;1;1;1;1;1;4;2;;800000;98;700000;;;;;1;;;;;;;;4
20230310;03;2023;7373721;1;1;01;52;1;203.00066349;52;2;1;4;1;3;2;1;1;3;1;1;4;3;1;1;1;1;1;4;3;;;;;550000;;1;;;;1;1;;;;;4
20230310;03;2023;7373722;1;1;01;52;1;270.36990843;52;1;1;4;1;3;1;1;1;3;1;1;5;1;1;1;1;1;1;3;3;;;;;700000;;1;;;;;;;;;;2
20230310;03;2023;7373723;1;1;01;52;1;155.39731624;52;3;1;4;1;2;2;1;1;3;1;1;1;1;1;1;1;1;6;;3;;;;;330000;;1;;;;;;;;;;1
20230310;03;2023;7373724;1;1;01;52;1;272.15871122;52;1;1;4;1;3;1;1;1;3;1;1;5;3;1;1;1;1;1;3;7;ANTICRES;;;600000;;;1;;;;;;;;;;4
20230310;03;2023;7373725;1;1;01;52;1;88.635576276;52;2;1;4;1;1;1;1;1;3;1;1;3;2;1;1;1;1;1;3;4;;;;300000;;;1;;;;;;;;;;4
20230310;03;2023;7373726;1;1;01;52;1;78.650615826;52;1;1;4;1;1;1;1;1;3;1;1;2;2;1;1;1;1;1;3;1;;;70000000;500000;;;1;;;;;;;;;;4
20230310;03;2023;7373727;1;1;01;52;1;96.811399988;52;1;1;4;1;1;1;1;1;3;1;1;4;2;1;1;1;1;1;3;1;;;98;98;;;;;;;;;;1;;;3
20230310;03;2023;7373728;1;1;01;52;1;104.4055141;52;1;1;4;1;1;1;1;1;3;1;1;3;3;1;1;1;1;1;3;3;;;;;200000;;;;;;;;;1;;;5
20230310;03;2023;7373729;1;1;01;52;1;145.97065464;52;1;1;4;1;1;1;1;1;3;1;1;3;3;1;1;1;1;1;3;3;;;;;550000;;1;;;;;;;;;;4
20230310;03;2023;7373730;1;1;01;52;1;153.69534188;52;2;1;4;1;3;2;1;1;3;1;1;4;1;1;1;1;1;1;4;2;;720000;120000000;700000;;;1;;1;;;1;;;;;2
20230310;03;2023;7373731;1;1;01;52;1;117.33933461;52;1;1;4;1;1;2;1;1;3;1;1;1;1;1;1;1;1;1;4;3;;;;;180000;;1;;;;;;;;;;1
20230310;03;2023;7373732;1;1;01;52;1;99.975739043;52;2;1;4;1;1;1;1;1;3;1;1;1;1;1;2;1;1;1;3;6;;;;300000;;;;;;;;;;1;;;2
20230310;03;2023;7373733;1;1;01;52;1;88.882658266;52;1;1;4;1;1;1;1;1;3;1;1;3;1;1;1;1;1;1;3;1;;;50000000;250000;;;1;;;;;;;;;;2
20230310;03;2023;7373734;1;1;01;52;1;89.517691615;52;1;1;2;1;1;2;1;1;3;1;1;1;1;1;1;1;1;1;5;3;;;;;200000;;;;;;;;;1;;;3
20230310;03;2023;7373735;1;1;01;52;1;116.78777969;52;1;1;4;1;1;1;1;1;3;1;1;4;3;1;1;1;1;1;3;1;;;60000000;300000;;;1;;;;;;;;;;3
20230310;03;2023;7373736;1;1;01;52;1;124.60237153;52;1;1;4;1;1;1;1;1;3;1;1;4;3;1;1;1;1;1;3;1;;;100000000;600000;;;;;;;;;;1;;;3
20230310;03;2023;7373737;1;1;01;52;1;64.144294199;52;2;1;4;1;1;1;1;1;3;1;1;4;3;1;1;1;1;1;3;1;;;50000000;300000;;;1;;;;;;;;;;5
20230310;03;2023;7373738;1;1;01;52;1;164.74202723;52;1;1;4;1;1;1;1;1;3;1;1;3;2;1;1;1;1;1;3;1;;;70000000;200000;;;1;;;;1;;;;;;4
20230310;03;2023;7373739;1;1;01;52;1;140.8474522;52;1;1;4;1;1;1;1;1;3;1;1;3;2;1;1;1;1;1;3;3;;;;;450000;;1;;;;;;;;;;5
20230310;03;2023;7373740;1;1;01;52;1;148.76910968;52;2;1;4;1;1;1;1;1;3;1;1;4;3;1;1;1;1;1;3;3;;;;;450000;;1;1;;;;;;;;;2
20230310;03;2023;7373741;1;1;01;52;1;173.21020234;52;2;1;4;1;4;1;1;1;3;1;1;4;1;1;1;1;1;1;3;3;;;;;1100000;;1;;;;1;1;;;;;2
20230310;03;2023;7373742;1;1;01;52;1;171.83330148;52;2;1;4;1;3;2;1;1;3;1;1;3;1;1;1;1;1;1;4;4;;;;500000;;;1;;;;;;;;;;2
20230310;03;2023;7373743;1;1;01;52;1;192.16719796;52;3;1;4;1;4;2;1;1;3;1;1;1;1;1;1;1;1;1;4;3;;;;;400000;;1;;;;;;;;;;1
20230310;03;2023;7373744;1;1;01;52;1;225.08648868;52;1;1;4;1;3;2;1;1;3;1;1;2;2;6;;1;1;1;4;4;;;;1000000;;;;;;;;;;1;;;2
20230310;03;2023;7373745;1;1;01;52;1;217.55624273;52;3;1;4;1;4;2;1;1;3;1;1;1;1;1;2;1;1;1;4;3;;;;;350000;;;;;;;;;1;;;1
20230310;03;2023;7373746;1;1;01;52;1;196.36720399;52;3;1;4;1;4;2;1;1;3;1;1;1;1;1;2;1;1;1;4;3;;;;;450000;;1;;;;;;;;;;1
20230310;03;2023;7373747;1;1;01;52;1;192.16719796;52;3;1;4;1;4;2;1;1;3;1;1;2;1;1;1;1;1;1;4;3;;;;;450000;;;;;;;;;1;;;1
20230310;03;2023;7373748;1;1;01;52;1;81.736059049;52;2;1;4;1;1;1;1;1;3;1;1;3;2;1;1;1;1;1;3;4;;;;550000;;;1;;;;;;;;;;3
20230310;03;2023;7373749;1;1;01;52;1;188.75919042;52;1;1;3;1;3;2;1;1;3;1;1;1;1;1;1;1;1;1;4;4;;;;150000;;;;;;;;;;1;;;1
20230310;03;2023;7373750;1;1;01;52;1;110.99808303;52;1;1;4;1;3;2;1;1;3;1;1;4;1;1;1;1;1;1;1;4;;;;700000;;;1;;;;1;1;;;;;1
20230310;03;2023;7373751;1;1;01;52;1;163.65215983;52;1;1;4;1;1;1;1;1;3;1;1;5;4;1;1;1;1;1;3;2;;800000;70000000;700000;;;;;;;;;;1;;;4
20230310;03;2023;7373752;1;1;01;52;1;124.01173051;52;1;1;4;1;1;1;1;1;3;1;1;4;2;1;1;1;1;1;3;1;;;75000000;500000;;;1;;;;;;;;;;4
20230310;03;2023;7373753;1;1;01;52;1;108.72529368;52;2;1;4;1;3;2;1;1;3;1;1;2;1;1;1;1;1;1;4;4;;;;300000;;;;;;;;;;1;;;1
20230310;03;2023;7373754;1;1;01;52;1;106.75283364;52;1;1;2;1;4;2;1;1;3;1;1;3;3;1;1;1;1;1;4;4;;;;200000;;;;;;;;;;1;;;4
20230310;03;2023;7373755;1;1;01;52;1;154.64997133;52;3;1;4;1;2;2;1;1;3;1;1;1;1;1;2;1;1;6;;4;;;;100000;;;;;;;;;;1;;;2
20230310;03;2023;7373756;1;1;01;52;1;155.39731624;52;1;1;4;1;3;2;1;1;3;1;1;3;1;1;1;1;1;1;4;3;;;;;450000;;1;;;;;;;;;;1
20230310;03;2023;7373757;1;1;01;52;1;139.39912951;52;4;1;4;1;4;2;1;1;3;1;1;2;1;1;1;1;1;1;4;3;;;;;850000;;1;;;;;;;;;;1
20230310;03;2023;7373758;1;1;01;52;1;193.6099021;52;3;1;4;1;3;2;1;1;3;1;1;1;1;1;1;1;1;6;;3;;;;;300000;;1;;;;;;;;;;1
20230310;03;2023;7373759;1;1;01;52;1;121.83537488;52;2;1;4;1;2;2;1;1;3;1;1;3;2;1;1;1;1;1;4;2;;500000;105000000;600000;;;1;;1;;;;;;;;2
20230310;03;2023;7373760;1;1;01;52;1;138.19464596;52;1;1;4;1;3;2;1;1;3;1;1;4;2;1;1;1;1;1;4;2;;200000;160000000;1000000;;;1;;1;;;;;;;;2
20230310;03;2023;7373761;1;1;01;52;1;121.56442096;52;1;1;4;1;3;1;1;1;3;1;1;6;2;1;1;1;1;1;3;4;;;;900000;;;1;;;;;1;;;;;2
20230310;03;2023;7373762;1;1;01;52;1;167.78594704;52;1;1;4;1;2;2;1;1;3;1;1;2;1;1;1;1;1;1;4;4;;;;500000;;;1;;;;;;;;;;1
20230310;03;2023;7373764;1;1;01;52;1;247.9117284;52;1;1;2;1;1;2;1;1;3;1;1;3;3;1;1;1;1;1;4;3;;;;;500000;;;;;;;;;1;;;3
20230310;03;2023;7373765;1;1;01;54;1;410.50569537;54;2;1;4;1;2;2;1;1;3;1;1;2;1;1;1;1;1;1;4;3;;;;;450000;;;;;;;;;1;;;3
20230310;03;2023;7373766;1;1;01;54;1;922.74975341;54;1;1;4;1;2;2;1;1;3;1;1;4;2;1;1;1;1;1;4;1;;;120000000;600000;;;1;;;;;;;;;;4
20230310;03;2023;7373767;1;1;01;54;1;371.73163174;54;2;1;2;1;2;2;1;1;3;1;1;3;3;1;1;1;1;3;4;3;;;;;480000;;;;;;;;;1;;;5
20230310;03;2023;7373768;1;1;01;54;1;591.07678435;54;3;1;4;1;2;2;1;1;3;1;1;2;2;1;1;1;1;1;4;3;;;;;350000;;;;;;;;;1;;;6
20230310;03;2023;7373769;1;1;01;54;1;225.18912301;54;1;1;4;1;2;1;1;1;3;1;1;3;3;1;1;1;1;1;3;3;;;;;450000;;1;;;;;;;;;;5
20230310;03;2023;7373770;1;1;01;54;1;331.44802912;54;1;1;4;1;2;1;1;1;3;1;1;5;4;1;1;1;1;1;3;1;;;98;600000;;;1;;;;;;;;;;6
20230310;03;2023;7373771;1;1;01;54;1;609.16161759;54;1;1;4;1;2;1;1;1;3;1;1;4;3;1;1;1;1;3;3;1;;;120000000;500000;;;1;;;;;;;;;;9
20230310;03;2023;7373772;1;1;01;54;1;406.75971973;54;1;1;4;1;2;1;1;1;3;1;1;2;1;1;1;1;1;3;3;3;;;;;400000;;1;;;;;;;;;;4
20230310;03;2023;7373773;1;1;01;54;1;394.29363514;54;2;1;4;1;2;1;1;1;3;1;1;3;2;1;1;1;1;1;3;1;;;100000000;430000;;;1;;;;;;;;;;3
20230310;03;2023;7373774;1;1;01;54;1;394.29363514;54;1;1;4;1;2;1;1;1;3;1;1;3;2;1;1;1;1;1;3;4;;;;550000;;1;;;;;;1;;;;;3
20230310;03;2023;7373775;1;1;01;54;1;197.68428196;54;1;1;4;1;2;1;1;1;3;1;1;3;2;1;1;1;1;1;3;3;;;;;450000;;1;;;;;;;;;;4
20230310;03;2023;7373776;1;1;01;54;1;348.62264628;54;1;1;4;1;3;1;1;1;3;1;1;3;2;1;1;1;1;1;3;1;;;100000000;600000;;;1;;;;1;;;;;;3
20230310;03;2023;7373777;1;1;01;54;1;453.66142473;54;1;1;4;1;2;1;1;1;3;1;1;6;4;1;1;1;1;1;3;1;;;60000000;500000;;;1;;;;;;;;;;6
20230310;03;2023;7373778;1;1;01;54;1;182.07662544;54;1;1;4;1;2;2;1;1;3;1;3;1;1;1;2;1;1;1;4;4;;;;400000;;;1;;;;;;;;;;4
20230310;03;2023;7373778;2;2;01;54;1;182.07662544;54;1;1;4;1;2;2;1;1;3;1;3;1;1;1;2;1;1;1;4;3;;;;;500000;;1;;;;;;;;;;5
20230310;03;2023;7373778;3;3;01;54;1;182.07662544;54;1;1;4;1;2;2;1;1;3;1;3;1;1;1;2;1;1;1;4;4;;;;300000;;;1;;;;;;;;;;2
20230310;03;2023;7373779;1;1;01;54;1;282.74412031;54;2;1;4;1;2;2;1;1;3;1;1;4;2;1;1;1;1;1;4;3;;;;;400000;;;;;;;;;1;;;3
20230310;03;2023;7373780;1;1;01;54;1;295.59101321;54;1;1;4;1;2;1;1;1;3;1;1;3;2;1;1;1;1;3;3;3;;;;;400000;;1;;;;;;;;;;2
20230310;03;2023;7373781;1;1;01;54;1;230.6000461;54;1;1;4;1;2;1;1;1;3;1;2;2;2;1;1;1;1;1;3;3;;;;;350000;;;;;;;;;1;;;4
20230310;03;2023;7373781;2;2;01;54;1;230.6000461;54;1;1;4;1;2;1;1;1;3;1;2;3;2;1;1;1;1;1;3;4;;;;500000;;;1;;;;;;;;;;2
20230310;03;2023;7373782;1;1;01;54;1;443.5223986;54;2;1;4;1;2;2;1;1;3;1;1;3;2;1;1;1;1;1;4;3;;;;;400000;;;;;;;;;1;;;4
20230310;03;2023;7373783;1;1;01;54;1;383.2959225;54;2;1;4;1;2;2;1;1;3;1;1;3;2;1;1;1;1;1;4;3;;;;;300000;;;;;;;;;1;;;3
20230310;03;2023;7373784;1;1;01;54;1;437.87274173;54;1;1;4;1;2;1;1;1;3;1;1;3;2;1;1;1;1;1;3;1;;;60000000;700000;;1;;;;;;1;;;;;3
20230310;03;2023;7373785;1;1;01;54;1;433.87703438;54;2;1;4;1;2;1;1;1;3;1;1;4;2;1;1;1;1;3;3;3;;;;;600000;;;;;;;;;1;;;4
20230310;03;2023;7373786;1;1;01;54;1;639.07798826;54;3;1;4;1;2;2;1;1;3;1;1;1;1;1;1;1;1;3;4;3;;;;;250000;;;;;;;;;1;;;4
20230310;03;2023;7373787;1;1;01;54;1;223.65644735;54;1;1;4;1;1;1;1;1;3;1;1;3;2;1;1;1;1;1;3;3;;;;;350000;;1;;;;;;;;;;3
20230310;03;2023;7373788;1;1;01;54;1;2185.0614451;54;1;1;4;1;2;1;1;1;3;1;1;3;2;1;1;1;1;3;3;1;;;235000000;850000;;;1;;;;;;;;;;1
20230310;03;2023;7373789;1;1;01;54;1;691.45586623;54;1;1;4;1;2;1;1;1;3;1;1;4;3;1;1;1;1;3;3;3;;;;;600000;;1;;;;;;;;;;3
20230310;03;2023;7373790;1;1;01;54;1;397.68160418;54;1;1;4;1;2;1;1;1;3;1;1;5;1;1;1;1;1;1;3;4;;;;400000;;;;;;;;;;1;;;2
20230310;03;2023;7373791;1;1;01;54;1;309.4720058;54;2;1;4;1;4;2;1;1;3;1;1;5;2;1;1;1;1;1;4;4;;;;800000;;;1;;;;;;;;;;2
20230310;03;2023;7373792;1;1;01;54;1;130.61886567;54;2;1;4;1;4;2;1;1;3;1;1;4;3;1;1;1;1;1;4;4;;;;600000;;;1;;;;;1;;;;;3
20230310;03;2023;7373793;1;1;01;54;1;1804.3623007;54;1;1;4;1;2;1;1;1;3;1;1;4;1;1;1;1;1;3;3;3;;;;;850000;;1;;;;;;;;;;2
20230310;03;2023;7373794;1;1;01;54;1;493.21848748;54;1;1;4;1;2;1;1;1;3;1;1;8;3;1;1;1;1;1;3;1;;;100000000;700000;;;1;;;;1;;;;;;4
20230310;03;2023;7373795;1;1;01;54;1;270.03328611;54;2;1;4;1;2;2;1;1;3;1;1;3;2;1;1;1;1;1;4;3;;;;;300000;;1;;;;;;;;;;3
20230310;03;2023;7373796;1;1;01;54;1;1878.1838047;54;1;1;4;1;2;1;1;1;3;1;1;4;2;1;1;1;1;3;3;3;;;;;900000;;1;;;;;1;;;;;2
20230310;03;2023;7373797;1;1;01;54;1;257.11583753;54;2;1;4;1;4;2;1;1;3;1;1;4;3;1;1;1;1;4;4;1;;;130000000;600000;;;1;;;;;;;;;;5
20230310;03;2023;7373798;1;1;01;54;1;222.37586931;54;2;1;4;1;4;2;1;1;7;1;1;3;2;1;1;1;1;1;4;3;;;;;900000;;1;;;;;;;;;;2
20230310;03;2023;7373799;1;1;01;54;1;204.72202755;54;2;1;4;1;4;2;1;1;7;1;1;3;1;1;1;1;1;1;4;3;;;;;1000000;;1;;;;;;;;;;1
20230310;03;2023;7373800;1;1;01;54;1;183.0214024;54;2;1;4;1;4;2;1;1;3;1;1;4;2;1;1;1;1;1;4;4;;;;550000;;;1;;;;;1;;;;;2
20230310;03;2023;7373801;1;1;01;54;1;291.16138746;54;2;1;4;1;2;1;1;1;3;1;1;3;2;1;1;1;1;1;3;3;;;;;200000;;;;;;;;;1;;;3
20230310;03;2023;7373802;1;1;01;54;1;242.07819424;54;1;1;4;1;1;1;1;1;3;1;1;5;3;1;1;1;1;1;3;1;;;80000000;600000;;;1;;;;;;;;;;3
20230310;03;2023;7373803;1;1;01;54;1;192.00196661;54;1;1;4;1;2;1;1;1;3;1;1;4;3;1;1;1;1;1;3;1;;;380000000;700000;;;1;;;;;;;;;;3
20230310;03;2023;7373804;1;1;01;54;1;303.41293361;54;1;1;4;1;2;1;1;1;3;1;1;4;3;1;1;1;1;1;3;2;;400000;80000000;600000;;;1;;;;;;;;;;4
20230310;03;2023;7373805;1;1;01;54;1;297.70915999;54;2;1;4;1;2;1;1;1;3;1;1;3;2;1;1;1;1;1;3;4;;;;350000;;;1;;;;;;;;;;4
20230310;03;2023;7373806;1;1;01;54;1;272.44360909;54;1;1;4;1;2;1;1;1;3;1;1;3;2;1;1;1;1;3;3;1;;;150000000;450000;;;1;;;;1;;;;;;4
20230310;03;2023;7373807;1;1;01;54;1;218.90353819;54;2;1;4;1;2;1;1;1;3;1;1;2;1;1;1;1;1;3;3;3;;;;;280000;;;;;;;;;1;;;2
20230310;03;2023;7373808;1;1;01;54;1;473.86265512;54;2;1;4;1;2;2;1;1;3;1;1;2;1;1;1;1;1;4;4;3;;;;;250000;;;;;;;;;1;;;2
20230310;03;2023;7373809;1;1;01;54;1;363.62643501;54;1;1;4;1;2;2;1;1;3;1;1;4;3;1;1;1;1;3;4;1;;;100000000;400000;;;1;;;;;;;;;;7
20230310;03;2023;7373810;1;1;01;54;1;315.26837405;54;1;1;4;1;2;1;1;1;3;1;1;3;2;1;1;1;1;3;3;2;;500000;120000000;500000;;;1;;1;;;;;;;;3
20230310;03;2023;7373811;1;1;01;54;1;255.12447833;54;2;1;2;1;2;2;1;1;3;1;1;3;2;1;1;1;1;1;4;3;;;;;650000;;1;;;;1;;;;;;4
20230310;03;2023;7373812;1;1;01;54;1;277.95678366;54;2;1;4;1;2;1;1;1;3;1;1;3;2;1;1;1;1;1;3;1;;;60000000;450000;;;1;;;;;;;;;;4
20230310;03;2023;7373813;1;1;01;54;1;498.10540151;54;2;1;4;1;2;2;1;1;3;1;1;4;3;1;1;1;1;1;4;3;;;;;500000;;1;;;;;;;;;;3
20230310;03;2023;7373814;1;1;01;54;1;688.23666105;54;1;1;4;1;2;2;1;1;3;1;1;2;2;1;1;1;1;1;4;3;;;;;400000;;1;;;;;;1;;;PRESTAMO PARA EDUCACION;2
20230310;03;2023;7373815;1;1;01;54;1;260.8193526;54;1;1;2;1;2;1;1;1;3;1;1;3;2;1;1;1;1;3;3;3;;;;;300000;;1;;;;1;;;;;;3
20230310;03;2023;7373816;1;1;01;54;1;277.95678366;54;1;1;4;1;2;2;1;1;3;1;1;2;2;1;2;1;1;1;4;6;;;;350000;;;;;;;;;;1;;;2
20230310;03;2023;7373817;1;1;01;54;1;735.16040144;54;2;1;4;1;2;1;1;1;3;1;1;4;3;1;1;1;1;1;3;1;;;80000000;500000;;;1;;;;;;;;;;7
20230310;03;2023;7373818;1;1;01;54;1;755.00687026;54;2;1;4;1;2;2;1;1;3;1;1;2;1;1;1;1;1;1;4;3;;;;;350000;;;;;;;;;1;;;2
20230310;03;2023;7373819;1;1;01;54;1;290.79833459;54;1;1;4;1;3;1;1;1;3;1;1;3;1;1;1;1;1;3;3;1;;;90000000;500000;;;;;;;;;;1;;;1
20230310;03;2023;7373820;1;1;01;54;1;448.67016459;54;1;1;2;1;2;1;1;1;3;1;1;2;1;1;1;1;1;3;3;3;;;;;300000;;1;;;;;;;;;;4
20230310;03;2023;7373821;1;1;01;54;1;771.58833615;54;1;1;4;1;3;1;1;1;3;1;1;5;3;1;1;1;1;1;3;4;;;;600000;;;1;;;;;;;;;;4
20230310;03;2023;7373822;1;1;01;54;1;412.1544053;54;1;1;4;1;3;2;1;1;3;1;1;2;2;1;1;1;1;1;4;4;;;;350000;;;;;;;;;;1;;;2
20230310;03;2023;7373823;1;1;01;54;1;422.98900112;54;2;1;4;1;3;1;1;1;3;1;1;3;3;1;1;1;1;1;3;3;;;;;900000;;1;;;;;;;;;;3
20230310;03;2023;7373824;1;1;01;54;1;337.14064286;54;2;1;3;1;3;1;1;1;3;1;1;3;3;1;1;1;1;1;3;1;;;110000000;900000;;;;;;;;;;1;;;4
20230310;03;2023;7373825;1;1;01;54;1;451.91091384;54;1;1;2;1;2;1;1;1;3;1;1;3;1;1;1;1;1;1;3;3;;;;;400000;;1;;;;;;;;;;2
20230310;03;2023;7373826;1;1;01;54;1;290.79833459;54;2;1;4;1;2;1;1;1;3;1;1;3;1;1;1;1;1;3;3;1;;;150000000;650000;;;;;;;;;;1;;;1
20230310;03;2023;7373827;1;1;01;54;1;526.11309646;54;1;1;4;1;3;1;1;1;3;1;1;3;2;1;1;1;1;1;3;1;;;90000000;800000;;;1;;;;;;;;;;3
20230310;03;2023;7373828;1;1;01;54;1;255.90253444;54;1;1;4;1;2;1;1;1;3;1;1;3;1;1;1;1;1;1;3;1;;;60000000;500000;;;;;;;;;;1;;;1
20230309;03;2023;7373829;1;1;01;63;1;132.24756262;63;2;1;4;1;2;1;1;1;3;1;1;4;2;1;1;1;1;1;3;3;;;;;700000;;1;;;;1;;1;;;NEQUI DAVIPLATA;2
20230309;03;2023;7373830;1;1;01;63;1;70.997319914;63;2;1;4;1;4;1;1;1;3;1;1;2;1;1;1;1;1;1;3;3;;;;;700000;;1;;;;;;;;;;1
20230310;03;2023;7373832;1;1;01;63;1;180.47701;63;1;1;4;1;2;1;1;1;3;1;1;5;4;1;1;1;1;1;3;3;;;;;550000;;1;;;;;;;;;;6
20230310;03;2023;7373833;1;1;01;63;1;110.33306025;63;1;1;4;1;2;1;1;1;3;1;1;4;1;1;1;1;1;1;3;4;;;;400000;;;1;;;;;;;;;;1
20230310;03;2023;7373834;1;1;01;63;1;61.684016024;63;1;1;4;1;2;1;1;1;3;1;1;4;3;1;1;1;1;1;3;1;;;98;300000;;;1;;;;;;;;;;3
20230310;03;2023;7373835;1;1;01;63;1;177.22337452;63;1;1;4;1;2;1;1;1;3;1;1;4;2;1;1;1;1;1;3;3;;;;;350000;;1;;;;;;;;;;2
20230310;03;2023;7373836;1;1;01;63;1;204.32972098;63;2;1;4;1;2;1;1;1;3;1;1;5;2;1;1;1;1;1;3;3;;;;;650000;;1;;;;;;;;;;3
20230310;03;2023;7373837;1;1;01;63;1;99.83998113;63;1;1;4;1;2;1;1;1;3;1;1;3;1;1;1;1;1;1;3;4;;;;350000;;;1;;;;;;;;;;1
20230310;03;2023;7373838;1;1;01;63;1;106.52767916;63;1;1;2;1;2;1;1;1;3;1;1;3;2;1;1;1;1;1;3;3;;;;;350000;;;;;;;;;1;;;2
20230310;03;2023;7373839;1;1;01;63;1;137.46162423;63;2;1;4;1;4;1;1;1;3;1;1;4;2;1;1;1;1;1;3;3;;;;;1300000;;1;;;;;;1;;;NEQUI;2
20230310;03;2023;7373840;1;1;01;63;1;125.27790899;63;1;1;4;1;2;1;1;1;3;1;1;4;2;1;1;1;1;1;3;4;;;;450000;;;;;;;;;1;;;NEQUI;3
20230310;03;2023;7373842;1;1;01;63;1;133.12577462;63;2;1;4;1;4;1;1;1;9;1;1;3;2;1;1;1;1;1;3;3;;;;;800000;;1;;;;;1;;;;;3
20230310;03;2023;7373843;1;1;01;63;1;103.77632447;63;2;1;4;1;4;1;1;1;3;1;1;3;1;1;1;1;1;1;3;3;;;;;98;;1;;;;;;;;;;1
20230310;03;2023;7373844;1;1;01;63;1;185.18228006;63;2;1;4;1;2;1;1;1;3;1;1;3;2;1;1;1;1;1;3;3;;;;;600000;;1;;;;;1;;;;;3
20230310;03;2023;7373845;1;1;01;63;1;133.43735827;63;1;1;4;1;1;1;1;1;3;1;1;3;1;1;1;1;1;1;3;3;;;;;250000;;1;;;;;;;;;;1
20230310;03;2023;7373846;1;1;01;63;1;106.52767916;63;1;1;4;1;2;1;1;1;3;1;1;4;3;1;1;1;1;3;3;1;;;99;450000;;;;;;;;;;1;;;2
20230310;03;2023;7373847;1;1;01;63;1;109.45740104;63;1;7;2;1;1;2;1;1;3;1;1;2;1;1;1;1;1;1;4;5;;;;200000;;;1;;;;;;;;;;1
20230310;03;2023;7373848;1;1;01;63;1;125.43890329;63;1;1;4;1;2;1;1;1;3;1;1;3;2;1;1;1;1;1;3;4;;;;98;;;1;;;;;;;;;;3
20230310;03;2023;7373849;1;1;01;63;1;142.6505446;63;1;1;2;1;1;2;1;1;3;1;1;2;1;1;1;1;1;1;4;5;;;;250000;;;1;;;;;;;;;;4
20230310;03;2023;7373850;1;1;01;63;1;113.60902732;63;1;7;1;1;1;2;1;1;3;1;1;2;1;1;1;1;1;1;4;5;;;;150000;;;;;;;;;;1;;;2
20230310;03;2023;7373851;1;1;01;63;1;119.14049846;63;1;7;2;1;1;2;1;1;3;1;1;1;1;1;1;1;1;2;4;5;;;;200000;;;;;;;;;;1;;;1
20230310;03;2023;7373852;1;1;01;63;1;145.49630187;63;1;1;4;1;2;1;1;1;3;1;1;4;1;1;1;1;1;1;3;4;;;;600000;;;1;;;;;1;;;;;2
20230310;03;2023;7373853;1;1;01;63;1;140.65347184;63;1;1;4;1;2;2;1;1;3;1;1;3;1;1;1;1;1;1;4;3;;;;;350000;;1;;;;;;;;;;2
20230310;03;2023;7373854;1;1;01;63;1;70.587435975;63;1;1;4;1;1;1;1;1;3;1;1;4;1;1;1;1;1;1;3;3;;;;;700000;;1;;;;;;1;;;DAVIPLATA;1
20230310;03;2023;7373855;1;1;01;63;1;109.45740104;63;2;7;2;1;1;2;1;1;3;1;1;2;1;1;1;1;1;1;4;5;;;;150000;;;1;;;;;;;;;;1
20230310;03;2023;7373856;1;1;01;63;1;180.05929137;63;1;1;4;1;2;1;1;1;3;1;1;5;3;1;1;1;1;1;3;1;;;98;98;;;1;;;;;;;;;;3
20230310;03;2023;7373857;1;1;01;63;1;149.9553142;63;2;7;2;1;1;2;1;1;3;1;1;3;2;1;1;1;1;1;4;4;;;;200000;;;1;;;;;;;;;;7
20230310;03;2023;7373858;1;1;01;63;1;153.24036146;63;1;1;4;1;2;1;1;1;3;1;1;4;1;1;1;1;1;1;3;4;;;;600000;;;1;;;;;;;;;;1
20230310;03;2023;7373859;1;1;01;63;1;152.79877016;63;2;1;4;1;3;1;1;1;3;1;1;3;1;1;1;1;1;1;3;3;;;;;420000;;;;;;1;;;;;;2
20230310;03;2023;7373860;1;1;01;63;1;278.06475703;63;1;1;4;1;2;1;1;1;3;1;1;5;3;1;1;1;1;1;3;3;;;;;600000;;1;;;;;;1;;;NEQUI;5
20230310;03;2023;7373861;1;1;01;63;1;123.99627891;63;2;1;4;1;2;1;1;1;3;1;1;2;1;1;1;1;1;1;3;3;;;;;350000;;;;;;;;;1;;;1
20230310;03;2023;7373862;1;1;01;63;1;92.444426972;63;1;1;4;1;3;1;1;1;3;1;1;6;1;1;1;1;1;1;3;1;;;98;800000;;;1;;;;;;;;;;1
20230310;03;2023;7373863;1;1;01;63;1;252.08999519;63;2;1;4;1;2;1;1;1;3;1;1;3;2;1;1;1;1;1;3;3;;;;;450000;;1;;;;;;1;;;NEQUI;4
20230310;03;2023;7373864;1;1;01;63;1;262.73010363;63;2;1;4;1;2;1;1;1;3;1;1;4;2;1;1;1;1;3;3;3;;;;;540000;;;;;;;;1;;;DAVIPLATA;3
20230310;03;2023;7373865;1;1;01;63;1;153.74222881;63;2;1;4;1;3;1;1;1;3;1;1;4;3;1;1;1;1;1;3;3;;;;;550000;;1;;;;;;;;;;4
20230310;03;2023;7373866;1;1;01;63;1;132.54386521;63;2;1;4;1;3;1;1;1;3;1;1;5;2;1;1;1;1;1;3;6;;;;600000;;;1;;;;;;;;;;2
20230310;03;2023;7373867;1;1;01;63;1;229.70260482;63;1;1;4;1;3;1;1;1;3;1;1;6;4;1;1;1;1;1;3;1;;;400000000;700000;;;1;;;;;;;;;;6
20230310;03;2023;7373868;1;1;01;63;1;127.70030122;63;1;1;4;1;3;1;1;1;3;1;1;4;1;1;1;1;1;1;3;6;;;;600000;;;1;;;;;;;;;;1
20230310;03;2023;7373869;1;1;01;63;1;158.82173094;63;3;1;4;1;4;1;1;1;3;1;1;1;1;1;1;1;1;1;3;3;;;;;450000;;1;;;;;;1;;;NEQUI;1
20230310;03;2023;7373870;1;1;01;63;1;181.12429693;63;2;1;4;1;4;1;1;1;3;1;1;3;2;1;1;1;1;1;3;4;;;;1200000;;;1;;;;;;;;;;3
20230310;03;2023;7373871;1;1;01;63;1;141.0514751;63;2;1;4;1;4;1;1;1;3;1;1;4;2;1;1;1;1;1;3;3;;;;;780000;;1;;;;;;1;;;NEQUI;2
20230310;03;2023;7373872;1;1;01;63;1;141.0514751;63;2;1;4;1;4;1;1;1;3;1;1;4;2;1;1;1;1;1;3;3;;;;;870000;;1;;;;;;;;;;2
20230310;03;2023;7373874;1;1;01;63;1;370.82568893;63;2;1;4;1;5;1;1;1;3;1;1;4;2;1;1;1;1;3;3;2;;1000000;500000000;2000000;;;1;;1;;;;;;;;3
20230310;03;2023;7373875;1;1;01;63;1;144.67992671;63;2;1;4;1;2;1;1;1;3;1;1;4;3;1;1;1;1;1;3;3;;;;;620000;;1;;;;;;;;;;4
20230310;03;2023;7373876;1;1;01;63;1;170.97959089;63;2;1;4;1;4;1;1;1;3;1;1;4;3;1;1;1;1;1;3;1;;;98;700000;;;1;;;;;;;;;;4
20230310;03;2023;7373877;1;1;01;63;1;153.24036146;63;2;1;4;1;4;1;1;1;3;1;1;4;1;1;1;1;1;1;3;4;;;;800000;;;1;;;;;;;;;;1
20230310;03;2023;7373878;1;1;01;63;1;159.05263825;63;2;1;4;1;4;1;1;1;3;1;1;4;2;1;1;1;1;1;3;3;;;;;720000;;1;;;;;;;;;;2
20230310;03;2023;7373880;1;1;01;63;1;157.03037087;63;2;1;4;1;4;1;1;1;3;1;1;4;2;1;1;1;1;1;3;3;;;;;750000;;1;;;;;;;;;;2
20230310;03;2023;7373881;1;1;01;63;1;177.05989899;63;2;1;4;1;4;1;1;1;3;1;1;4;2;1;1;1;1;1;3;2;;890000;120000000;800000;;;1;;1;;;;;;;;3
20230310;03;2023;7373882;1;1;01;63;1;119.03642775;63;2;1;4;1;2;1;1;1;3;1;1;3;1;1;1;1;1;1;3;3;;;;;470000;;1;;;;;;;;;;1
20230310;03;2023;7373883;1;1;01;63;1;268.45266213;63;2;1;4;1;5;1;1;1;3;1;1;4;2;1;1;1;1;1;3;2;;2500000;550000000;1500000;;;1;;1;1;1;1;;;;;3
20230310;03;2023;7373884;1;1;01;63;1;286.96281691;63;2;1;4;1;5;1;1;1;3;1;1;3;1;1;1;1;1;1;3;2;;3200000;400000000;3000000;;;1;;1;;1;1;;;;;1
20230310;03;2023;7373885;1;1;01;63;1;240.39668933;63;1;1;4;1;2;1;1;1;3;1;1;4;2;1;1;1;1;1;3;2;;540000;150000000;700000;;;1;;;;;;;;;;3
20230310;03;2023;7373886;1;1;01;63;1;236.03070125;63;1;1;4;1;2;1;1;1;3;1;1;5;3;1;1;1;1;1;3;2;;500000;123000000;500000;;;1;;;;;;;;;;4
20230310;03;2023;7373887;1;1;01;63;1;289.89837697;63;1;1;4;1;2;1;1;1;3;1;1;4;3;1;1;1;1;1;3;1;;;140000000;650000;;;1;;;;;;;;;;4
20230310;03;2023;7373888;1;1;01;63;1;159.76860995;63;2;1;4;1;1;1;1;1;3;1;1;3;2;1;1;1;1;1;3;3;;;;;450000;;1;;;;;;;;;;4
20230310;03;2023;7373889;1;1;01;63;1;127.21776971;63;1;7;2;1;1;2;1;1;3;1;1;4;3;1;1;1;1;3;4;5;;;;350000;;;;;;;;;;1;;;4
20230310;03;2023;7373890;1;1;01;63;1;103.54455668;63;1;5;2;1;1;2;1;1;3;1;1;4;3;1;1;1;1;1;4;1;;;70000000;450000;;;1;;;;;;1;;;NEQUI;9
20230310;03;2023;7373891;1;1;01;63;1;157.53188846;63;1;7;2;1;1;2;1;1;3;1;1;3;1;1;1;1;1;3;4;3;;;;;230000;;;;;;;;;1;;;2
20230310;03;2023;7373892;1;1;01;63;1;122.59228917;63;1;3;2;1;1;2;1;1;3;1;1;3;1;1;1;1;1;3;4;4;;;;200000;;;;;;;;;;1;;;1
20230309;03;2023;7373893;1;1;01;66;1;141.68067434;66;1;1;4;1;5;1;1;1;3;1;1;4;2;1;1;1;1;1;3;1;;;300000000;2000000;;;1;;;;;;;;;;2
20230309;03;2023;7373894;1;1;01;66;1;250.11309155;66;2;1;4;1;6;1;1;1;3;1;1;3;1;1;1;1;1;1;3;1;;;800000000;2500000;;;1;;;;;;;;;;2
20230310;03;2023;7373895;1;1;01;66;1;204.28074942;66;2;1;4;1;3;1;1;1;3;1;1;4;1;1;1;1;1;1;3;3;;;;;650000;;1;;;;;;;;;;1
20230310;03;2023;7373896;1;1;01;66;1;477.60021204;66;2;1;4;1;4;1;1;1;2;1;1;4;2;1;1;1;1;1;3;1;;;160000000;1000000;;;1;;;1;;1;;;;;3
20230310;03;2023;7373897;1;1;01;66;1;198.26627375;66;1;1;4;1;3;1;1;1;3;1;1;4;3;1;1;1;1;1;3;1;;;100000000;600000;;;1;;;;;;;;;;3
20230310;03;2023;7373898;1;1;01;66;1;181.58288837;66;1;1;4;1;3;1;1;1;3;1;1;3;2;1;1;1;1;1;3;4;;;;450000;;;1;;;;;;;;;;1
20230310;03;2023;7373899;1;1;01;66;1;148.66897232;66;2;1;4;1;3;1;1;1;3;1;1;2;1;1;1;1;1;3;3;3;;;;;400000;;1;;;;;;;;;;1
20230310;03;2023;7373900;1;1;01;66;1;145.48612867;66;1;1;4;1;3;1;1;1;3;1;1;4;3;1;1;1;1;1;3;1;;;75000000;700000;;;1;;;;;;;;;;3
20230310;03;2023;7373901;1;1;01;66;1;431.2746202;66;2;1;4;1;4;1;1;1;3;1;1;4;2;1;1;1;1;1;3;3;;;;;1100000;;1;;;;;;;;;;2
20230310;03;2023;7373903;1;1;01;66;1;165.65289005;66;2;1;4;1;1;1;1;1;3;1;1;3;2;1;1;1;1;1;3;1;;;50000000;400000;;;1;;;;1;;;;;;3
20230310;03;2023;7373904;1;1;01;66;1;178.96121649;66;2;1;4;1;3;1;1;1;3;1;1;4;1;1;1;1;1;1;3;1;;;98;600000;;;1;;;;;;;;;;2
20230310;03;2023;7373905;1;1;01;66;1;115.49538341;66;1;1;4;1;1;2;1;1;3;1;1;1;1;1;1;1;1;1;4;3;;;;;300000;;1;;;;;;;;;;1
20230310;03;2023;7373906;1;1;01;66;1;526.75831747;66;2;1;4;1;4;1;1;1;2;1;1;4;2;1;1;1;1;1;3;3;;;;;1100000;;1;;;;;1;;;;;2
20230310;03;2023;7373907;1;1;01;66;1;260.24912657;66;2;7;3;1;2;2;1;1;3;1;1;1;1;1;1;1;1;1;4;4;;;;250000;;;1;;;;;;;;;;3
20230310;03;2023;7373908;1;1;01;66;1;1082.036518;66;1;1;4;1;2;1;1;1;2;1;1;3;3;1;1;1;1;1;3;1;;;100000000;450000;;;1;;;;;;;;;;4
20230310;03;2023;7373909;1;1;01;66;1;885.00993788;66;1;1;2;1;2;1;1;1;2;1;1;4;3;1;1;1;1;1;3;4;;;;400000;;;;;;;;;;1;;;3
20230310;03;2023;7373910;1;1;01;66;1;221.91446235;66;1;1;4;1;3;1;1;1;3;1;1;7;4;1;1;1;1;1;3;1;;;300000000;1000000;;;1;;;;;;;;;;4
20230310;03;2023;7373911;1;1;01;66;1;601.72975444;66;1;1;2;1;2;1;1;1;2;1;1;4;3;1;1;1;1;1;3;1;;;60000000;400000;;;1;;;;;1;;;;;4
20230310;03;2023;7373913;1;1;01;66;1;873.41613392;66;2;1;4;1;1;1;1;1;2;1;1;4;3;1;1;1;1;1;3;3;;;;;400000;;;;;;;;;1;;;3
20230310;03;2023;7373914;1;1;01;66;1;140.50903223;66;1;1;4;1;3;1;1;1;3;1;1;2;1;1;1;1;1;1;3;3;;;;;600000;;1;;;;;;;;;;2
20230310;03;2023;7373915;1;1;01;66;1;736.55978815;66;1;1;2;1;2;1;1;1;2;1;1;3;1;1;1;1;1;1;3;1;;;55000000;600000;;;;;;;;;;1;;;1
20230310;03;2023;7373916;1;1;01;66;1;250.11309155;66;2;7;2;1;2;1;1;1;3;1;1;3;2;1;1;1;1;1;4;1;;;98;300000;;;1;;;;;;;;;;2
20230310;03;2023;7373917;1;1;01;66;1;137.62499152;66;2;1;4;1;3;1;1;1;3;1;1;2;1;1;1;1;1;1;3;4;;;;400000;;;1;;;;;;;;;;1
20230310;03;2023;7373918;1;1;01;66;1;277.45934023;66;1;1;3;1;2;1;1;1;3;1;1;1;1;1;1;1;1;1;3;3;;;;;350000;;1;;;;;;;;;;3
20230310;03;2023;7373919;1;1;01;66;1;165.61975133;66;2;1;4;1;4;1;1;1;3;1;1;4;3;1;1;1;1;1;3;1;;;180000000;1000000;;;1;;;;;;;;;;4
20230310;03;2023;7373920;1;1;01;66;1;730.13807439;66;1;1;4;1;3;1;1;1;2;1;1;5;3;1;1;1;1;1;3;1;;;90000000;600000;;;1;;;;;1;;;;;3
20230310;03;2023;7373922;1;1;01;66;1;516.93254142;66;1;1;4;1;3;1;1;1;2;1;1;4;3;1;1;1;1;1;3;1;;;70000000;700000;;;1;;;;;;;;;;5
20230310;03;2023;7373923;1;1;01;66;1;458.25080394;66;1;1;4;1;2;1;1;1;2;1;2;2;1;1;2;1;1;1;3;1;;;90000000;500000;;;;;;;;;;1;;;1
20230310;03;2023;7373923;2;2;01;66;1;458.25080394;66;1;1;4;1;2;1;1;1;2;1;2;1;1;1;2;1;1;1;3;3;;;;;200000;;;;;;;;;1;;;1
20230310;03;2023;7373924;1;1;01;66;1;607.66208581;66;1;1;4;1;2;1;1;1;2;1;1;4;2;1;1;1;1;1;3;1;;;80000;500000;;;;;;;;;;1;;;2
20230310;03;2023;7373925;1;1;01;66;1;318.87253739;66;1;1;4;1;3;1;1;1;2;1;1;3;1;1;1;1;1;1;3;1;;;140000000;800000;;;;;;;;1;;;;;2
20230310;03;2023;7373926;1;1;01;66;1;364.79658244;66;1;1;4;1;3;1;1;1;2;1;1;4;3;1;1;1;1;1;3;2;;268000;90000000;500000;;;1;;;;;;;;;;3
20230310;03;2023;7373927;1;1;01;66;1;151.02879728;66;2;1;4;1;4;1;1;1;3;1;1;4;1;1;1;1;1;1;3;4;;;;1000000;;;1;;;;;;;;;;1
20230310;03;2023;7373928;1;1;01;66;1;164.68351707;66;2;1;4;1;4;1;1;1;3;1;1;4;2;1;1;1;1;1;3;4;;;;1000000;;;1;;;;;;;;;;2
20230310;03;2023;7373929;1;1;01;66;1;148.66897232;66;2;1;4;1;3;1;1;1;3;1;1;1;1;1;1;1;1;1;3;3;;;;;350000;;1;;;;;;;;;;1
20230310;03;2023;7373930;1;1;01;66;1;260.9349313;66;2;1;4;1;2;1;1;1;3;1;1;3;1;1;1;1;1;1;3;3;;;;;450000;;;;;;;;;1;;;2
20230310;03;2023;7373931;1;1;01;66;1;204.22660535;66;2;1;5;1;4;1;1;1;3;1;1;4;3;1;1;1;1;1;3;3;;;;;850000;;1;;;;;;;;;;3
20230310;03;2023;7373932;1;1;01;66;1;253.7195198;66;2;1;3;1;1;1;1;1;3;1;1;2;2;1;1;1;1;1;3;3;;;;;500000;;;;;;;;;1;;;3
20230310;03;2023;7373933;1;1;01;66;1;212.52101151;66;2;1;4;1;2;1;1;1;3;1;1;3;2;1;1;1;1;1;3;3;;;;;450000;;1;;;;;;;;;;2
20230310;03;2023;7373934;1;1;01;66;1;194.53240454;66;2;1;4;1;5;1;1;1;3;1;1;5;1;1;1;1;1;1;3;4;;;;1000000;;;1;;;;;;;;;;2
20230310;03;2023;7373935;1;1;01;66;1;160.90875077;66;1;1;2;1;1;2;1;1;3;1;2;3;2;1;1;1;1;1;4;3;;;;;280000;;1;;;;;;;;;;6
20230310;03;2023;7373935;2;2;01;66;1;160.90875077;66;1;1;2;1;1;2;1;1;3;1;2;3;1;1;1;1;1;1;4;5;;;;200000;;;1;;;;;;;;;;1
20230310;03;2023;7373936;1;1;01;66;1;157.73455356;66;2;1;4;1;5;1;1;1;3;1;1;4;2;1;1;1;1;1;3;1;;;270000000;1000000;;;1;;;;;;;;;;2
20230310;03;2023;7373937;1;1;01;66;1;211.72664861;66;1;1;2;1;1;2;1;1;3;1;1;5;4;1;1;1;1;1;4;5;;;;500000;;;1;;;;;;;;;;4
20230310;03;2023;7373938;1;1;01;66;1;255.71175009;66;1;2;3;1;1;2;1;1;3;1;1;2;2;1;1;1;1;1;4;5;;;;250000;;;;;;;;;;1;;;3
20230310;03;2023;7373939;1;1;01;66;1;239.88841582;66;1;1;4;1;4;1;1;1;3;1;1;4;2;1;1;1;1;1;3;3;;;;;700000;;1;;;;1;1;;;;;3
20230310;03;2023;7373940;1;1;01;66;1;197.16819195;66;2;1;4;1;4;1;1;1;3;1;1;2;1;1;1;1;1;1;3;3;;;;;634000;;;;;;;;;1;;;2
20230310;03;2023;7373941;1;1;01;66;1;154.67574306;66;1;1;2;1;1;1;1;1;3;1;1;3;2;1;1;1;1;1;3;3;;;;;250000;;;;;;;;;1;;;3
20230310;03;2023;7373942;1;1;01;66;1;168.79825794;66;2;1;4;1;5;1;1;1;3;1;1;4;3;1;1;1;1;1;3;2;;1100000;280000000;1000000;;;1;;1;;;;;;;;3
20230310;03;2023;7373943;1;1;01;66;1;237.90920707;66;1;1;4;1;1;2;1;1;3;1;1;1;1;1;1;1;1;2;4;3;;;;;300000;;;;;;;;;1;;;5
20230310;03;2023;7373944;1;1;01;66;1;204.12234359;66;1;1;4;1;1;2;1;1;3;1;1;3;2;1;1;1;1;1;4;3;;;;;350000;;1;;;;;;;;;;4
20230310;03;2023;7373945;1;1;01;66;1;243.8635678;66;1;1;4;1;4;1;1;1;3;1;1;4;2;1;1;1;1;1;3;1;;;240000000;600000;;;1;;;;;1;;;;;3
20230310;03;2023;7373946;1;1;01;66;1;249.92652485;66;1;8;1;1;1;2;1;1;3;1;1;3;2;1;1;1;1;1;4;5;;;;250000;;;1;;;;;;;;;;8
20230310;03;2023;7373947;1;1;01;66;1;259.53070283;66;1;1;4;1;4;1;1;1;3;1;1;5;4;1;1;1;1;1;3;3;;;;;1000000;;1;;;;;;;;;;4
20230310;03;2023;7373948;1;1;01;66;1;206.43563838;66;2;1;4;1;1;2;1;1;3;1;1;2;2;1;1;1;1;1;4;3;;;;;400000;;1;;;;;;;;;;3
20230310;03;2023;7373949;1;1;01;66;1;131.93544277;66;2;1;4;1;4;1;1;1;3;1;1;4;2;1;1;1;1;1;3;2;;300000;120000000;800000;;;1;;1;;;;;;;;2
20230310;03;2023;7373950;1;1;01;66;1;139.5205132;66;2;1;4;1;4;1;1;1;3;1;1;3;2;1;1;1;1;1;3;3;;;;;750000;;1;;;;;;;;;;3
20230310;03;2023;7373951;1;1;01;66;1;198.32564901;66;2;1;4;1;4;1;1;1;3;1;1;4;3;1;1;1;1;1;3;4;;;;1000000;;;1;;;;;;;;;;4
20230310;03;2023;7373952;1;1;01;66;1;161.93278986;66;1;1;4;1;1;1;1;1;3;1;1;4;2;1;1;1;1;1;3;3;;;;;300000;;1;;;;;;;;;;3
20230310;03;2023;7373953;1;1;01;66;1;237.16957732;66;2;1;4;1;1;1;1;1;3;1;1;4;2;1;1;1;1;1;3;4;;;;500000;;;1;;;;;;;;;;3
20230310;03;2023;7373954;1;1;01;66;1;263.55619451;66;1;1;4;1;2;1;1;1;2;1;1;4;3;1;1;1;1;1;3;3;;;;;600000;;;;;;;;;1;;;4
20230310;03;2023;7373955;1;1;01;66;1;229.37173985;66;1;1;4;1;2;1;1;1;2;1;1;3;2;1;1;1;1;1;3;3;;;;;600000;;1;;;;;;;;;;3
20230310;03;2023;7373956;1;1;01;66;1;198.84579611;66;2;1;4;1;5;1;1;1;3;1;1;5;1;1;1;1;1;1;3;3;;;;;900000;;1;;;;;;;;;;2
20230310;03;2023;7373957;1;1;01;66;1;175.26061507;66;2;1;4;1;3;1;1;1;3;1;1;4;2;1;1;1;1;1;3;3;;;;;1000000;;1;;;;;;;;;;2
20230310;03;2023;7373958;1;1;01;66;1;162.11210541;66;2;1;4;1;4;1;1;1;3;1;1;3;2;1;1;1;1;1;3;3;;;;;897000;;1;;;;;;;;;;3
20230310;03;2023;7373959;1;1;01;66;1;115.82802992;66;1;1;4;1;1;1;1;1;3;1;1;3;1;1;1;1;1;1;3;4;;;;400000;;;;;;;;;;1;;;1
20230310;03;2023;7373960;1;1;01;66;1;160.87226378;66;2;1;4;1;3;1;1;1;3;1;1;3;1;1;1;1;1;3;3;3;;;;;500000;;1;;;;;;;;;;1
20230310;03;2023;7373961;1;1;01;66;1;271.42196852;66;2;1;4;1;4;1;1;1;3;1;1;3;2;1;1;1;1;1;3;4;;;;1000000;;;1;;;;;;;;;;3
20230310;03;2023;7373962;1;1;01;66;1;216.39400421;66;1;1;2;1;1;2;1;1;3;1;1;3;3;1;1;1;1;1;4;1;;;65000000;350000;;;1;;;;;;;;;;4
20230310;03;2023;7373963;1;1;01;66;1;187.70492734;66;1;1;4;1;3;1;1;1;3;1;1;4;3;1;1;1;1;1;3;3;;;;;550000;;1;;;;;;;;;;3
20230310;03;2023;7373964;1;1;01;66;1;132.39397094;66;2;1;4;1;3;1;1;1;3;1;1;4;1;1;1;1;1;1;3;4;;;;500000;;;1;;;;;;;;;;1
20230310;03;2023;7373965;1;1;01;66;1;245.1329276;66;2;1;4;1;4;1;1;1;3;1;1;3;2;1;1;1;1;3;3;3;;;;;750000;;1;;;;;1;;;;;3
20230310;03;2023;7373966;1;1;01;66;1;165.49246368;66;2;1;4;1;4;1;1;1;3;1;1;3;1;1;1;1;1;3;3;3;;;;;655000;;1;;;1;;1;;;;;1
20230310;03;2023;7373967;1;1;01;66;1;194.53240454;66;2;1;4;1;4;1;1;1;3;1;1;3;1;1;1;1;1;1;3;1;;;90000000;600000;;;1;;;;1;;;;;;2
20230310;03;2023;7373968;1;1;01;66;1;121.57580343;66;2;1;4;1;3;1;1;1;3;1;1;3;2;1;1;1;1;1;3;3;;;;;400000;;;;;;;;;1;;;3
20230310;03;2023;7373969;1;1;01;66;1;226.3885901;66;2;1;4;1;4;1;1;1;3;1;1;4;2;1;1;1;1;3;3;1;;;190000000;850000;;;1;;;;1;1;;;;;3
20230310;03;2023;7373970;1;1;01;66;1;144.7850374;66;2;1;4;1;4;1;1;1;3;1;1;3;1;1;1;1;1;1;3;4;;;;700000;;;1;;;;;;;;;;1
20230310;03;2023;7373971;1;1;01;66;1;181.58288837;66;2;1;4;1;4;1;1;1;3;1;1;3;1;1;1;1;1;1;3;4;;;;600000;;;1;;;;1;;;;;;1
20230310;03;2023;7373972;1;1;01;66;1;194.42700064;66;2;1;4;1;4;1;1;1;3;1;1;3;1;1;1;1;1;1;3;1;;;99;900000;;;1;;;;1;1;;;;;2
20230310;03;2023;7373973;1;1;01;66;1;112.55231378;66;2;1;4;1;4;1;1;1;3;1;1;3;2;1;1;1;1;1;3;2;;450000;110000000;800000;;;1;;1;1;1;1;;;;;2
20230310;03;2023;7373974;1;1;01;;1;397.21872137;68;2;1;4;1;1;1;1;1;3;1;1;2;1;1;1;1;1;1;3;3;;;;;250000;;;;;;;;;1;;;2
20230310;03;2023;7373975;1;1;01;;1;181.2496161;68;1;1;4;1;1;1;1;1;3;1;1;3;2;1;1;1;1;1;3;3;;;;;400000;;;;;;;;;1;;;4
20230310;03;2023;7373976;1;1;01;;1;181.2496161;68;1;1;4;1;1;1;1;1;3;1;1;4;3;1;1;1;1;1;3;3;;;;;500000;;;;;;;;;1;;;8
20230310;03;2023;7373977;1;1;01;;1;415.6033535;68;1;1;4;1;1;2;2;1;3;1;1;2;1;2;1;1;1;1;4;3;;;;;300000;;;;;;;;;1;;;3
20230310;03;2023;7373978;1;1;01;;1;582.51847175;68;1;1;4;1;1;2;2;1;3;1;1;3;1;2;1;1;1;1;4;3;;;;;300000;;1;;;;;;;;;;2
20230310;03;2023;7373979;1;1;01;;1;403.98513324;68;2;1;4;1;1;2;2;1;3;1;1;3;2;2;1;1;1;1;4;1;;;50000000;300000;;;1;;;;;;;;;;4
20230310;03;2023;7373980;1;1;01;;1;436.37534834;68;1;1;4;1;1;2;2;1;3;1;1;3;1;2;1;1;1;1;4;3;;;;;400000;;;;;;;;;1;;;1
20230310;03;2023;7373981;1;1;01;;1;816.54123218;68;2;1;4;1;2;1;1;1;3;1;1;3;2;1;1;1;1;1;3;3;;;;;600000;;1;;;;;;;;;;9
20230310;03;2023;7373982;1;1;01;;1;605.4852622;68;1;1;2;1;2;1;1;1;3;1;1;3;2;1;1;1;1;1;3;1;;;150000000;400000;;;;;;;;;;1;;;3
20230310;03;2023;7373983;1;1;01;;1;615.80243701;68;2;1;4;1;2;1;1;1;3;1;1;2;1;1;1;1;1;1;3;3;;;;;200000;;;;;;;;;1;;;1
20230310;03;2023;7373984;1;1;01;;1;276.1898912;68;1;1;2;1;2;1;1;1;3;1;1;2;1;1;1;1;1;1;3;5;;;;400000;;;;;;;;;;1;;;5
20230310;03;2023;7373985;1;1;01;;1;310.45915395;68;2;1;4;1;2;1;1;1;3;1;1;3;2;1;1;1;1;1;3;3;;;;;300000;;;;;;;;;1;;;3
20230310;03;2023;7373986;1;1;01;;1;605.28567066;68;1;1;4;1;2;1;1;1;3;1;1;3;1;1;1;1;1;1;3;1;;;98;98;;;;;;;;;;1;;;2
20230310;03;2023;7373987;1;1;01;68;1;330.26091895;68;2;1;4;1;1;1;1;1;3;1;1;5;3;1;1;1;1;1;3;1;;;10000000;500000;;;;;;;;;;1;;;4
20230310;03;2023;7373988;1;1;01;68;1;206.21036333;68;1;1;2;1;1;2;1;1;3;1;1;3;2;1;1;1;1;1;4;1;;;80000000;400000;;;1;;;;;;;;;;4
20230310;03;2023;7373989;1;1;01;68;1;344.4998707;68;1;1;4;1;4;1;1;1;3;1;1;4;3;1;1;1;1;1;3;1;;;350000000;1500000;;;1;;;;;1;;;;;5
20230310;03;2023;7373990;1;1;01;68;1;285.81455557;68;2;1;4;1;4;1;1;1;3;1;1;4;3;1;1;1;1;1;3;1;;;98;1500000;;;1;;;;1;1;;;;;3
20230310;03;2023;7373991;1;1;01;68;1;464.09435922;68;2;1;4;1;1;1;1;1;3;1;1;3;2;1;1;1;1;1;3;3;;;;;500000;;;;;;;;;1;;;4
20230310;03;2023;7373992;1;1;01;68;1;401.46968244;68;2;1;4;1;2;1;1;1;3;1;1;4;2;1;1;1;1;1;3;3;;;;;550000;;1;;;;;;;;;;4
20230310;03;2023;7373993;1;1;01;68;1;382.24495876;68;2;1;4;1;2;1;1;1;3;1;1;3;2;1;1;1;1;1;3;3;;;;;450000;;1;;;;;;;;;;3
20230310;03;2023;7373994;1;1;01;68;1;495.70025838;68;2;1;4;1;2;1;1;1;3;1;1;3;2;1;1;1;1;1;3;3;;;;;500000;;;;;;;;;1;;;5
20230310;03;2023;7373995;1;1;01;68;1;208.16578865;68;2;1;4;1;4;1;1;1;3;1;4;1;1;1;1;1;1;1;3;3;;;;;1100000;;1;;;;;;;;;;2
20230310;03;2023;7373995;2;2;01;68;1;208.16578865;68;2;1;4;1;4;1;1;1;3;1;4;1;1;1;1;1;1;1;3;3;;;;;150000;;1;;;;;;;;;;1
20230310;03;2023;7373995;3;3;01;68;1;208.16578865;68;2;1;4;1;4;1;1;1;3;1;4;1;1;1;2;1;1;1;3;3;;;;;450000;;1;;;;;;;;;;3
20230310;03;2023;7373995;4;4;01;68;1;208.16578865;68;2;1;4;1;4;1;1;1;3;1;4;1;1;1;2;1;1;1;3;3;;;;;350000;;;;;;;;;1;;;1
20230310;03;2023;7373996;1;1;01;68;1;442.58123724;68;2;1;4;1;3;1;1;1;3;1;1;4;3;1;1;1;1;1;3;3;;;;;600000;;1;;;;;;;;;;4
20230310;03;2023;7373997;1;1;01;68;1;332.14817176;68;2;1;4;1;4;1;1;1;3;1;1;3;1;1;1;1;1;1;3;4;;;;800000;;;;;;;;;;1;;;1
20230310;03;2023;7373998;1;1;01;68;1;1359.9579343;68;2;1;4;1;4;1;1;1;3;1;1;4;3;1;1;1;1;1;3;3;;;;;1080000;;1;;;;1;1;;;;;4
20230310;03;2023;7373999;1;1;01;68;1;1671.3913804;68;2;1;4;1;4;1;1;1;3;1;1;4;1;1;1;1;1;1;3;3;;;;;1150000;;1;;;;;1;;;;;2
20230310;03;2023;7374000;1;1;01;68;1;316.18507693;68;2;1;4;1;4;1;1;1;5;1;1;4;3;1;1;1;1;1;3;3;;;;;890000;;1;;;;;;;;;;3
20230310;03;2023;7374001;1;1;01;68;1;275.94656377;68;2;1;4;1;4;1;1;1;3;1;1;4;1;1;1;1;1;1;3;1;;;380000000;1200000;;;1;;;;;;;;;;1
20230310;03;2023;7374002;1;1;01;68;1;330.26091895;68;2;1;4;1;4;1;1;1;3;1;1;4;3;1;1;1;1;1;3;3;;;;;1200000;;1;;;;;;;;;;4
20230310;03;2023;7374003;1;1;01;68;1;1808.479324;68;2;1;4;1;3;1;1;1;3;1;1;4;3;1;1;1;1;1;3;3;;;;;750000;;1;;;;;;;;;;5
20230310;03;2023;7374004;1;1;01;68;1;1729.7521497;68;2;1;4;1;4;1;1;1;3;1;1;4;2;1;1;1;1;1;3;4;;;;1200000;;;1;;;;;;;;;;1
20230310;03;2023;7374005;1;1;01;68;1;1511.4759052;68;2;1;4;1;4;1;1;1;3;1;1;4;3;1;1;1;1;1;3;1;;;260000000;1200000;;;1;;;;;1;;;;;4
20230310;03;2023;7374006;1;1;01;68;1;2270.7640777;68;2;1;4;1;3;1;1;1;3;1;1;4;3;1;1;1;1;1;3;2;;1400000;160000000;1000000;;;1;;1;;;;;;;;5
20230310;03;2023;7374007;1;1;01;68;1;1439.9716908;68;2;1;4;1;4;1;1;1;3;1;1;4;3;1;1;1;1;1;3;3;;;;;1000000;;1;;;;;;;;;;3
20230310;03;2023;7374008;1;1;01;68;1;291.04311899;68;2;1;4;1;2;1;1;1;3;1;1;4;3;1;1;1;1;1;3;3;;;;;740000;;1;;;;;;;;;;5
20230310;03;2023;7374009;1;1;01;68;1;255.2930981;68;2;1;4;1;2;1;1;1;3;1;2;4;3;1;1;1;1;3;3;1;;;200000000;800000;;;1;;;;;;;;;;4
20230310;03;2023;7374009;2;2;01;68;1;255.2930981;68;2;1;4;1;2;1;1;1;3;1;2;3;3;1;1;1;1;3;3;3;;;;;700000;;1;;;;;;;;;;3
20230310;03;2023;7374010;1;1;01;68;1;384.66764552;68;1;1;2;1;1;1;1;1;3;1;1;4;3;1;1;1;1;1;3;5;;;;300000;;;1;;;;;;;;;;5
20230310;03;2023;7374011;1;1;01;68;1;364.43869172;68;2;1;4;1;4;1;1;1;3;1;1;3;1;1;1;1;1;1;3;3;;;;;960000;;1;;;;;;;;;;2
20230310;03;2023;7374012;1;1;01;68;1;250.86051252;68;1;1;2;1;1;1;1;1;3;1;1;2;1;1;1;1;1;1;3;4;;;;200000;;;1;;;;;;;;;;1
20230310;03;2023;7374013;1;1;01;68;1;221.07931603;68;2;1;4;1;1;1;1;1;3;1;1;3;1;1;1;1;1;1;3;4;;;;400000;;;1;;;;;;;;;;3
20230310;03;2023;7374014;1;1;01;68;1;367.31452912;68;2;1;4;1;2;1;1;1;3;1;1;4;3;1;1;1;1;1;3;3;;;;;800000;;1;;;;;;;;;;5
20230310;03;2023;7374015;1;1;01;68;1;338.32016507;68;2;1;2;1;1;1;1;1;3;1;1;3;1;1;1;1;1;1;3;5;;;;400000;;;1;;;;;1;;;;;2
20230310;03;2023;7374016;1;1;01;68;1;417.6849233;68;2;1;4;1;2;1;1;1;3;1;1;4;3;1;1;1;1;1;3;3;;;;;850000;;1;;;;;;;;;;4
20230310;03;2023;7374017;1;1;01;68;1;323.1886963;68;1;1;2;1;1;1;1;1;3;1;1;3;2;1;1;1;1;1;3;5;;;;450000;;;;;;;;;;1;;;3
20230310;03;2023;7374018;1;1;01;68;1;301.95288341;68;2;1;4;1;3;1;1;1;3;1;1;4;1;1;1;1;1;1;3;3;;;;;700000;;1;;;;;;;;;;1
20230310;03;2023;7374019;1;1;01;68;1;279.20819262;68;2;1;4;1;3;1;1;1;3;1;1;3;2;1;1;1;1;3;3;3;;;;;800000;;1;;;;;;;;;;4
20230310;03;2023;7374020;1;1;01;68;1;391.37690525;68;2;1;4;1;3;1;1;1;3;1;1;4;3;1;1;1;1;1;3;2;;1000000;180000000;800000;;;1;;1;;;;;;;;3
20230310;03;2023;7374021;1;1;01;68;1;275.97218009;68;2;1;4;1;3;1;1;1;3;1;1;3;2;1;1;1;1;1;3;3;;;;;850000;;1;;;;;;;;;;2
20230310;03;2023;7374022;1;1;01;68;1;301.95288341;68;2;1;4;1;3;1;1;1;3;1;1;3;1;1;1;1;1;1;3;3;;;;;700000;;1;;;;;;;;;;1
20230310;03;2023;7374023;1;1;01;68;1;296.91448127;68;2;1;4;1;3;1;1;1;3;1;1;4;3;1;1;1;1;1;3;1;;;120000000;900000;;;1;;;;;;;;;;4
20230310;03;2023;7374024;1;1;01;68;1;364.13312621;68;2;1;4;1;3;1;1;1;3;1;1;4;3;1;1;1;1;1;3;1;;;160000000;800000;;;1;;;;;;;;;;4
20230310;03;2023;7374025;1;1;01;68;1;382.24495876;68;2;1;4;1;3;1;1;1;3;1;1;4;2;1;1;1;1;1;3;3;;;;;600000;;1;;;;;;;;;;3
20230310;03;2023;7374026;1;1;01;68;1;275.97218009;68;2;1;4;1;3;1;1;1;3;1;1;3;2;1;1;1;1;1;3;3;;;;;700000;;1;;;;;;;;;;2
20230310;03;2023;7374027;1;1;01;68;1;439.38098445;68;2;1;4;1;3;1;1;1;3;1;1;4;3;1;1;1;1;1;3;3;;;;;600000;;1;;;;;;;;;;5
20230310;03;2023;7374028;1;1;01;68;1;269.92464047;68;1;1;4;1;3;1;1;1;3;1;1;4;3;1;1;1;1;1;3;2;;1500000;160000000;800000;;;1;;1;;;;;;;;3
20230310;03;2023;7374029;1;1;01;68;1;415.84384441;68;2;1;4;1;6;1;1;1;6;1;1;4;3;1;1;1;1;1;3;3;;;;;1000000;;1;;;;;1;;;;;4
20230310;03;2023;7374030;1;1;01;68;1;332.14817176;68;2;1;4;1;6;1;1;1;6;1;1;4;1;1;1;1;1;1;3;1;;;98;1500000;;;1;;;;;;;;;;1
20230310;03;2023;7374031;1;1;01;68;1;392.48445024;68;2;1;4;1;6;1;1;1;6;1;1;4;2;1;1;1;1;1;3;1;;;98;1500000;;;1;;;;;;;;;;2
20230310;03;2023;7374032;1;1;01;68;1;289.71781225;68;2;1;4;1;2;1;1;1;3;1;1;1;1;1;1;1;1;2;3;3;;;;;500000;;;;;;;;;1;;;2
20230310;03;2023;7374033;1;1;01;68;1;373.25972656;68;2;1;4;1;6;1;1;1;6;1;1;4;1;1;1;1;1;1;3;4;;;;1500000;;;1;;;;;;;;;;1
20230310;03;2023;7374034;1;1;01;68;1;248.84035316;68;2;1;4;1;6;1;1;1;6;1;1;5;4;1;1;1;1;1;3;6;;;;1350000;;;1;;;;;1;;;;;5
20230310;03;2023;7374035;1;1;01;68;1;295.17128745;68;2;1;4;1;6;1;1;1;6;1;1;5;1;1;1;1;1;1;3;3;;;;;1000000;;1;;;;;1;;;;;2
20230310;03;2023;7374036;1;1;01;68;1;396.61912074;68;1;1;4;1;4;1;1;1;3;1;1;6;3;1;1;1;1;1;3;4;;;;98;;;1;;;;;;;;;;3
20230310;03;2023;7374037;1;1;01;68;1;323.79390548;68;2;1;4;1;2;1;1;1;3;1;1;5;2;1;1;1;1;1;3;1;;;150000000;800000;;;1;;;;;;;;;;2
20230310;03;2023;7374038;1;1;01;68;1;188.05983161;68;2;1;4;1;2;1;1;1;3;1;1;3;2;1;1;1;1;1;3;4;;;;500000;;;1;;;;;;;;;;2
20230310;03;2023;7374039;1;1;01;68;1;349.86024788;68;2;1;4;1;6;1;1;1;6;1;2;3;1;1;1;1;1;1;3;3;;;;;1000000;;1;;;;;;;;;;1
20230310;03;2023;7374039;2;2;01;68;1;349.86024788;68;2;1;4;1;6;1;1;1;6;1;2;2;1;1;1;1;1;1;3;3;;;;;350000;;1;;;;;;;;;;1
20230310;03;2023;7374040;1;1;01;68;1;327.06455099;68;2;1;4;1;4;1;1;1;3;1;1;3;2;1;1;1;1;1;3;3;;;;;900000;;1;;;;;;;;;;2
20230310;03;2023;7374041;1;1;01;68;1;331.03011474;68;1;1;4;1;4;1;1;1;3;1;1;6;3;1;1;1;1;1;3;3;;;;;800000;;1;;;;;;;;;;4
20230310;03;2023;7374042;1;1;01;68;1;364.43869172;68;2;1;4;1;4;1;1;1;3;1;1;4;2;1;1;1;1;1;3;3;;;;;650000;;1;;;;;;;;;;2
20230310;03;2023;7374043;1;1;01;68;1;1668.2384133;68;2;1;4;1;3;1;1;1;3;1;1;4;3;1;1;1;1;1;3;3;;;;;98;;;;;;;;;1;;;3
20230310;03;2023;7374044;1;1;01;68;1;400.88256089;68;2;1;4;1;3;1;1;1;3;1;1;3;1;1;1;1;1;1;3;3;;;;;900000;;1;;;;;;;;;;2
20230310;03;2023;7374045;1;1;01;68;1;340.54628241;68;1;1;4;1;1;1;1;1;3;1;1;4;1;1;1;1;1;1;3;4;;;;500000;;;;;;;;;;1;;;1
20230310;03;2023;7374046;1;1;01;68;1;302.91140623;68;2;1;4;1;3;1;1;1;3;1;1;4;2;1;1;1;1;1;3;3;;;;;900000;;1;;;;;;;;;;2
20230310;03;2023;7374047;1;1;01;68;1;332.14817176;68;2;1;4;1;4;1;1;1;3;1;1;4;1;1;1;1;1;1;3;1;;;98;900000;;;1;;;;;;;;;;1
20230310;03;2023;7374048;1;1;01;68;1;349.17184269;68;2;1;4;1;3;1;1;1;3;1;1;4;3;1;1;1;1;1;3;3;;;;;200000;;1;;;;;;;;;;2
20230310;03;2023;7374049;1;1;01;68;1;382.24495876;68;2;1;4;1;4;1;1;1;3;1;1;4;2;1;1;1;1;1;3;3;;;;;600000;;1;;;;;;;;;;3
20230310;03;2023;7374050;1;1;01;68;1;340.77373204;68;2;1;4;1;4;1;1;1;3;1;1;3;2;1;1;1;1;3;3;3;;;;;1000000;;1;;;;;;;;;;2
20230310;03;2023;7374051;1;1;01;68;1;372.15218157;68;2;1;4;1;4;1;1;1;3;1;1;3;2;1;1;1;1;3;3;6;;;;1000000;;;1;;;;;;;;;;2
20230310;03;2023;7374052;1;1;01;68;1;238.96967946;68;1;1;4;1;4;1;1;1;3;1;1;6;2;1;1;1;1;1;3;1;;;560000000;1800000;;;1;;;;1;;;;;;2
20230310;03;2023;7374053;1;1;01;68;1;373.25972656;68;2;1;4;1;4;1;1;1;3;1;1;3;2;1;1;1;1;1;3;3;;;;;740000;;1;;;;;;;;;;1
20230310;03;2023;7374054;1;1;01;68;1;393.74603889;68;1;1;4;1;1;1;1;1;3;1;1;3;2;1;1;1;1;1;3;3;;;;;250000;;;;;;;;;1;;;5
20230310;03;2023;7374055;1;1;01;68;1;332.14817176;68;2;1;4;1;3;1;1;1;3;1;1;2;1;1;1;1;1;1;3;1;;;200000000;1000000;;;1;;;;;;;;;;1
20230309;03;2023;7374056;1;1;01;70;1;107.57912946;70;1;5;1;1;1;2;2;1;3;1;1;2;1;2;1;1;1;5;4;1;;;10000000;150000;;;1;;;;;;;;;;2
20230309;03;2023;7374057;1;1;01;70;1;122.00158969;70;1;1;2;1;1;2;2;2;;1;1;3;2;2;1;3;1;4;4;6;;;;150000;;;;;;;;;;1;;;3
20230310;03;2023;7374058;1;1;01;70;1;154.795034;70;1;1;4;1;1;1;1;1;3;1;1;3;2;1;1;1;1;1;3;4;;;;300000;;;;;;;;;;1;;;4
20230310;03;2023;7374059;1;1;01;70;1;172.42714076;70;1;1;4;1;1;1;1;1;3;1;1;3;2;1;1;1;1;1;3;4;;;;300000;;;;;;;;;;1;;;5
20230310;03;2023;7374060;1;1;01;70;1;163.95132888;70;1;1;2;1;1;1;1;1;3;1;1;2;1;1;1;1;1;1;3;4;;;;200000;;;;;;;;;;1;;;1
20230310;03;2023;7374061;1;1;01;70;1;159.83858374;70;1;1;4;1;1;1;1;1;3;1;1;4;1;1;1;1;1;1;3;1;;;40000000;300000;;;;;;;;;;1;;;2
20230310;03;2023;7374062;1;1;01;70;1;145.38706122;70;1;1;2;1;1;1;1;1;3;1;1;4;2;1;1;1;1;1;3;3;;;;;320000;;;;;;;;;1;;;5
20230310;03;2023;7374063;1;1;01;70;1;188.5311682;70;1;1;2;1;1;1;1;1;3;1;1;3;2;1;1;1;1;1;3;4;;;;300000;;;;;;;;;;1;;;5
20230310;03;2023;7374064;1;1;01;70;1;130.49031315;70;1;1;2;1;1;1;1;1;3;1;1;4;2;1;1;1;1;3;3;6;;;;350000;;;;;;;;;;1;;;4
20230310;03;2023;7374065;1;1;01;70;1;116.60177536;70;1;1;4;1;1;1;1;1;3;1;1;3;2;1;1;1;1;1;3;1;;;40000000;300000;;;;;;;;;;1;;;4
20230310;03;2023;7374066;1;1;01;70;1;291.95527144;70;2;1;4;1;2;1;1;1;3;1;1;3;1;1;1;1;1;1;3;1;;;120000000;500000;;;1;;;;;;;;;;1
20230310;03;2023;7374067;1;1;01;70;1;244.50854311;70;2;1;4;1;2;1;1;1;3;1;1;3;1;1;1;1;1;1;3;1;;;120000000;500000;;;1;;;;;;;;;;2
20230310;03;2023;7374068;1;1;01;70;1;242.99481413;70;1;1;4;1;5;1;1;1;3;1;1;6;4;1;1;1;1;1;3;1;;;700000000;1200000;;;1;;;;;;;;;;3
20230310;03;2023;7374069;1;1;01;70;1;245.91392302;70;1;1;4;1;5;1;1;1;3;1;1;4;3;1;1;1;1;1;3;1;;;800000000;2500000;;;1;;;;;;;;;;5
20230310;03;2023;7374070;1;1;01;70;1;306.15958159;70;1;1;4;1;5;1;1;1;3;1;1;6;5;1;1;1;1;1;3;1;;;800000000;1500000;;;1;;;;;;;;;;6
20230310;03;2023;7374071;1;1;01;70;1;150.50115079;70;1;1;2;1;1;1;1;1;3;1;1;3;2;1;1;1;1;1;3;6;;;;200000;;;1;;;;;;;;;;3
20230310;03;2023;7374072;1;1;01;70;1;165.1456597;70;1;1;2;1;1;1;1;1;3;1;1;3;2;1;1;1;1;1;3;5;;;;200000;;;;;;;;;;1;;;3
20230310;03;2023;7374073;1;1;01;70;1;162.94353431;70;1;1;2;1;1;1;1;1;3;1;1;4;3;1;1;1;1;1;3;6;;;;300000;;;1;;;;;;;;;;6
20230310;03;2023;7374074;1;1;01;70;1;158.83135047;70;1;1;2;1;1;1;1;1;3;1;1;3;2;1;1;1;1;1;3;3;;;;;250000;;1;;;;;;;;;;4
20230310;03;2023;7374075;1;1;01;70;1;167.99447717;70;1;1;2;1;1;1;1;1;3;1;1;3;2;1;1;1;1;1;3;6;;;;200000;;;1;;;;;;;;;;3
20230310;03;2023;7374076;1;1;01;70;1;99.296567221;70;1;1;4;1;3;1;1;1;3;1;1;4;2;1;1;1;1;1;3;3;;;;;600000;1;1;;;;;1;;;;;3
20230310;03;2023;7374077;1;1;01;70;1;93.918287623;70;2;1;4;1;3;1;1;1;3;1;1;3;1;1;1;1;1;1;3;4;;;;200000;;;1;;;;;;;;;;2
20230310;03;2023;7374078;1;1;01;70;1;93.918287623;70;1;1;4;1;3;1;1;1;3;1;1;4;1;1;1;1;1;1;3;4;;;;500000;;;1;;;;;;;;;;2
20230310;03;2023;7374079;1;1;01;73;1;279.57268745;73;2;1;4;1;3;1;1;1;3;1;1;4;2;1;1;1;1;1;3;3;;;;;600000;;1;;;;;;;;;;4
20230310;03;2023;7374080;1;1;01;73;1;306.02063024;73;2;1;4;1;3;1;1;1;3;1;1;3;2;1;1;1;1;1;3;3;;;;;600000;;1;;;;;;;;;;2
20230310;03;2023;7374081;1;1;01;73;1;201.00491071;73;2;1;4;1;2;1;1;1;3;1;1;4;3;1;1;1;1;1;3;3;;;;;750000;;1;;;;;;;;;;6
20230310;03;2023;7374082;1;1;01;73;1;264.62555744;73;2;1;4;1;2;1;1;1;3;1;1;5;2;1;1;1;1;1;3;3;;;;;99;;1;;;;;;;;;;5
20230310;03;2023;7374083;1;1;01;73;1;252.76840893;73;2;1;4;1;3;1;1;1;3;1;1;5;4;1;1;1;1;1;3;4;;;;500000;;;1;;;;;;;;;;7
20230310;03;2023;7374084;1;1;01;73;1;326.80485445;73;2;1;4;1;2;1;1;1;3;1;1;2;1;1;1;1;1;1;3;3;;;;;450000;;1;;;;;;;;;;1
20230310;03;2023;7374085;1;1;01;73;1;310.30092787;73;2;1;4;1;2;1;1;1;3;1;1;5;1;1;1;1;1;1;3;3;;;;;99;1;1;;;1;;;;;;;2
20230310;03;2023;7374086;1;1;01;73;1;610.9137849;73;2;1;4;1;1;1;1;1;3;1;1;2;1;1;1;1;1;1;3;3;;;;;400000;;1;;;;;;;;;;1
20230310;03;2023;7374087;1;1;01;73;1;269.58782037;73;2;1;4;1;2;1;1;1;3;1;1;3;2;1;1;1;1;1;3;3;;;;;450000;;1;;;;;;;;;;2
20230310;03;2023;7374088;1;1;01;73;1;230.18001727;73;2;1;4;1;3;1;1;1;3;1;1;5;2;1;1;1;1;1;3;3;;;;;99;;1;;;;;;;;;;3
20230310;03;2023;7374089;1;1;01;73;1;239.55031171;73;2;1;4;1;2;1;1;1;3;1;1;3;1;1;1;1;1;1;3;3;;;;;600000;;1;;;;;;;;;;1
20230310;03;2023;7374090;1;1;01;73;1;225.29091914;73;2;1;4;1;2;1;1;1;3;1;1;4;2;1;1;1;1;1;3;4;;;;98;;;;;;;;;;1;;;2
20230310;03;2023;7374091;1;1;01;73;1;232.62552706;73;2;1;4;1;2;1;1;1;3;1;1;4;1;1;1;1;1;1;4;3;;;;;600000;;1;;;;;;;;;;1
20230310;03;2023;7374092;1;1;01;73;1;200.70520655;73;2;1;4;1;2;1;1;1;3;1;1;4;2;1;1;1;1;1;3;3;;;;;650000;;;;;;;;;1;;;2
20230310;03;2023;7374093;1;1;01;73;1;267.55049132;73;2;1;4;1;2;1;1;1;3;1;1;4;3;1;1;1;1;1;3;3;;;;;750000;;1;;;;;1;;;;;3
20230310;03;2023;7374094;1;1;01;73;1;224.39369392;73;1;1;4;1;3;1;1;1;3;1;1;4;3;1;1;1;1;1;3;3;;;;;650000;;1;;;;;;;;;;4
20230310;03;2023;7374096;1;1;01;73;1;260.65654822;73;2;1;4;1;2;1;1;1;3;1;1;3;1;1;1;1;1;1;3;1;;;200000000;600000;;;;;;;;;;1;;;1
20230310;03;2023;7374097;1;1;01;73;1;168.28564698;73;1;1;4;1;3;1;1;1;3;1;1;4;1;1;1;1;1;1;3;1;;;180000000;800000;;;1;;;;1;;;;;;2
20230310;03;2023;7374098;1;1;01;73;1;255.9298202;73;2;1;4;1;1;1;1;1;3;1;1;3;2;1;1;1;1;1;3;3;;;;;300000;;;;;;;;;1;;;1
20230310;03;2023;7374099;1;1;01;73;1;251.8218903;73;2;1;4;1;2;1;1;1;3;1;1;3;2;1;1;1;1;1;3;3;;;;;420000;;;;;;;;;1;;;3
20230310;03;2023;7374100;1;1;01;73;1;216.8198224;73;2;1;4;1;1;1;1;1;3;1;1;3;2;1;1;1;1;1;3;3;;;;;450000;;;;;;;;;1;;;2
20230310;03;2023;7374101;1;1;01;73;1;291.12017048;73;1;1;2;1;2;1;1;1;3;1;1;2;1;1;1;1;1;1;3;3;;;;;400000;;;;;;;;;1;;;1
20230310;03;2023;7374102;1;1;01;73;1;239.53061212;73;2;1;3;1;1;1;1;1;3;1;1;4;2;1;1;1;1;1;3;3;;;;;500000;;;;;;;;;1;;;3
20230310;03;2023;7374103;1;1;01;73;1;208.84881423;73;2;1;4;1;1;1;1;1;3;1;1;3;2;1;1;1;1;1;3;3;;;;;450000;;1;;;;;;;;;;3
20230310;03;2023;7374104;1;1;01;73;1;218.30943876;73;2;1;4;1;2;1;1;1;3;1;1;3;2;1;1;1;1;1;3;3;;;;;500000;;1;;;;;;;;;;2
20230310;03;2023;7374105;1;1;01;73;1;210.48356568;73;2;1;4;1;1;1;1;1;3;1;1;3;2;1;1;1;1;1;3;3;;;;;500000;;1;;;;;;;;;;3
20230310;03;2023;7374106;1;1;01;73;1;213.88420688;73;2;1;4;1;3;1;1;1;3;1;1;4;3;1;1;1;1;1;3;4;;;;250000;;;;;;;;;;1;;;1
20230310;03;2023;7374107;1;1;01;73;1;210.51267309;73;2;1;4;1;3;2;1;1;3;1;1;4;2;1;1;1;1;1;4;4;;;;700000;;;1;;;;;;;;;;2
20230310;03;2023;7374108;1;1;01;73;1;232.72906091;73;3;1;2;1;3;2;1;1;3;1;1;1;1;1;2;1;1;6;;3;;;;;250000;;;;;;;;;1;;;1
20230310;03;2023;7374109;1;1;01;73;1;332.70876626;73;2;1;4;1;2;1;1;1;3;1;1;3;1;1;1;1;1;1;3;1;;;180000000;450000;;;1;;;;1;;;;;;1
20230310;03;2023;7374110;1;1;01;73;1;323.09100981;73;1;1;4;1;2;1;1;1;3;1;1;4;1;1;1;1;1;1;3;3;;;;;450000;;1;;;;;;;;;;1
20230310;03;2023;7374111;1;1;01;73;1;372.5063086;73;2;1;4;1;3;1;1;1;3;1;1;4;2;1;1;1;1;1;3;2;;800000;98;800000;;;;;1;;;;;;;;2
20230310;03;2023;7374112;1;1;01;;1;289.79799953;76;1;5;3;1;1;2;2;1;3;2;1;1;1;3;1;1;5;3;1;1;;;98;50000;;;;;;;;;;1;;;3
20230310;03;2023;7374113;1;1;01;;1;321.28085846;76;1;1;1;1;1;2;2;1;3;2;1;2;1;3;1;1;2;4;4;4;;;;98;;;;;;;;;;1;;;6
20230310;03;2023;7374114;1;1;01;;1;447.59473336;76;2;1;2;1;1;1;1;1;3;1;1;3;2;1;1;1;1;1;3;1;;;98;400000;;;1;;;;;;;;;;2
20230310;03;2023;7374115;1;1;01;;1;160.53617654;76;1;1;4;1;1;1;1;1;3;1;1;2;1;1;1;1;1;3;3;1;;;98;300000;;;1;;;;;;;;;;2
20230310;03;2023;7374116;1;1;01;;1;160.53617654;76;1;5;2;1;0;1;1;1;3;1;1;3;2;1;1;1;1;1;4;3;;;;;100000;;1;;;;;;;;;;3
20230310;03;2023;7374117;1;1;01;;1;315.3389182;76;2;1;4;1;3;1;1;1;3;1;1;3;2;1;1;1;1;1;3;3;;;;;350000;;1;;;;1;;;;;;2
20230310;03;2023;7374118;1;1;01;;1;315.3389182;76;2;1;4;1;2;1;1;1;3;1;1;3;1;1;1;1;1;1;3;3;;;;;200000;;1;;;;;;;;;;2
20230310;03;2023;7374119;1;1;01;;1;315.3389182;76;2;1;4;1;2;1;1;1;3;1;1;3;1;1;1;1;1;1;3;4;;;;400000;;;;;;;;;;1;;;1
20230310;03;2023;7374120;1;1;01;76;1;1541.2576978;76;1;1;4;1;3;1;1;1;3;1;1;4;3;1;1;1;1;1;3;3;;;;;450000;;1;;;;;;;;;;4
20230310;03;2023;7374121;1;1;01;76;1;1825.9691305;76;2;1;4;1;3;1;1;1;3;1;1;4;3;1;1;1;1;3;3;3;;;;;650000;;1;;;;;;;;;;5
20230310;03;2023;7374122;1;1;01;76;1;1216.2385162;76;2;1;4;1;3;1;1;1;3;1;1;3;1;1;1;1;1;3;3;3;;;;;500000;;1;;;;;;;;;;2
20230310;03;2023;7374123;1;1;01;76;1;1974.6996728;76;3;1;2;1;1;2;1;1;3;1;1;1;1;1;2;1;1;2;4;3;;;;;150000;;;;;;;;;1;;;5
20230310;03;2023;7374124;1;1;01;76;1;831.36543664;76;3;1;2;1;1;2;1;1;3;1;1;1;1;2;2;1;1;6;;3;;;;;150000;;;;;;;;;1;;;1
20230310;03;2023;7374125;1;1;01;76;1;1583.795039;76;3;1;2;1;1;2;1;1;3;1;1;2;1;1;2;1;1;3;4;3;;;;;250000;;;;;;;;;1;;;4
20230310;03;2023;7374126;1;1;01;76;1;1349.4122129;76;2;1;4;1;4;1;1;1;3;1;1;3;2;1;1;1;1;1;3;1;;;180000000;800000;;;1;;;;;;;;;;3
20230310;03;2023;7374127;1;1;01;76;1;1833.7278475;76;1;1;2;1;2;1;1;1;3;1;2;5;3;1;1;1;1;1;3;3;;;;;300000;;;;;;;;;1;;;6
20230310;03;2023;7374127;2;2;01;76;1;1833.7278475;76;1;1;2;1;2;1;1;1;3;1;2;1;1;1;1;1;1;1;3;4;;;;98;;;;;;;;;;1;;;2
20230310;03;2023;7374129;1;1;01;76;1;888.03811729;76;2;1;4;1;4;1;1;1;3;1;1;3;2;1;1;1;1;1;3;1;;;195000000;1000000;;1;1;;;;;;;;;;3
20230310;03;2023;7374130;1;1;01;76;1;877.07468375;76;2;1;4;1;5;1;1;1;3;1;1;5;2;1;1;1;1;1;3;1;;;320000000;1500000;;;1;;;;1;1;;;;;3
20230310;03;2023;7374131;1;1;01;76;1;572.68776096;76;2;1;4;1;4;1;1;1;3;1;1;3;1;1;1;1;1;3;3;1;;;130000000;850000;;;1;;;;;;;;;;1
20230310;03;2023;7374132;1;1;01;76;1;809.85369514;76;1;1;4;1;3;1;1;1;3;1;1;5;2;1;1;1;1;1;3;1;;;130000000;600000;;;1;;;;;;;;;;3
20230310;03;2023;7374133;1;1;01;76;1;909.55285264;76;1;1;4;1;3;1;1;1;3;1;1;4;3;1;1;1;1;1;3;1;;;250000000;1000000;;;1;;;;;;;;;;3
20230310;03;2023;7374134;1;1;01;76;1;790.33919768;76;1;1;4;1;3;1;1;1;3;1;1;5;1;1;1;1;1;1;3;1;;;380000000;1000000;;;1;;;;;;;;;;2
20230310;03;2023;7374135;1;1;01;76;1;981.11880182;76;2;1;2;1;2;2;1;1;3;1;1;2;1;1;1;1;1;1;4;3;;;;;300000;;;;;;;;;1;;;2
20230310;03;2023;7374136;1;1;01;76;1;1199.4775226;76;2;1;4;1;4;1;1;1;3;1;1;4;3;1;1;1;1;3;3;3;;;;;750000;;1;;;;;;;;;;3
20230310;03;2023;7374137;1;1;01;76;1;1025.3439439;76;1;1;2;1;2;1;1;1;3;1;1;4;2;1;1;1;1;1;3;1;;;80000000;600000;;;;;;;;;;1;;;2
20230310;03;2023;7374138;1;1;01;76;1;564.49709737;76;2;1;2;1;2;2;1;1;3;1;1;2;1;1;1;1;1;1;4;3;;;;;250000;;;;;;;;;1;;;1
20230310;03;2023;7374139;1;1;01;76;1;748.22889297;76;2;1;4;1;4;1;1;1;3;1;1;3;1;1;1;1;1;1;3;3;;;;;700000;;1;;;;;;1;;;NEQUI;1
20230310;03;2023;7374140;1;1;01;76;1;108.61516977;76;2;1;4;1;1;1;1;1;3;1;1;3;2;1;1;1;1;3;3;3;;;;;450000;;1;;;;;;;;;;3
20230310;03;2023;7374141;1;1;01;76;1;98.645982864;76;1;1;2;1;1;1;1;1;3;1;1;4;1;1;1;1;1;3;3;1;;;60000000;300000;;;;;;;;;;1;;;1
20230310;03;2023;7374142;1;1;01;76;1;421.51423877;76;1;1;4;1;1;2;1;1;3;1;1;3;1;1;1;1;1;1;4;3;;;;;750000;;;;;;;;;1;;;2
20230310;03;2023;7374143;1;1;01;76;1;748.22889297;76;2;1;4;1;4;1;1;1;3;1;1;3;1;1;1;1;1;1;3;3;;;;;850000;;1;;1;;;;;;;;1
20230310;03;2023;7374144;1;1;01;76;1;1643.7742559;76;2;1;4;1;4;1;1;1;3;1;1;4;3;1;1;1;1;1;3;3;;;;;940000;;1;;;;;;;;;;5
20230310;03;2023;7374145;1;1;01;76;1;1441.0249253;76;2;1;2;1;1;1;1;1;3;1;1;4;3;1;1;1;1;1;3;3;;;;;450000;;1;;;;;;1;;;NEQUI;5
20230310;03;2023;7374146;1;1;01;76;1;1123.2560496;76;2;1;4;1;1;1;1;1;3;1;1;3;2;1;1;1;1;3;3;4;;;;400000;;;;;;;;;1;;;NEQUI;3
20230310;03;2023;7374147;1;1;01;76;1;936.66566076;76;2;1;4;1;2;1;1;1;3;1;1;3;2;1;1;1;1;1;3;4;;;;500000;;;1;;;;;;;;;;2
20230310;03;2023;7374148;1;1;01;76;1;432.44036131;76;2;1;2;1;1;2;1;1;3;1;1;3;1;1;1;1;1;1;4;3;;;;;450000;;;;;;;;;1;;;2
20230310;03;2023;7374149;1;1;01;76;1;719.55165923;76;2;1;2;1;1;2;1;1;3;1;1;2;1;1;1;1;1;1;1;1;;;30000000;400000;;;1;;;;;;;;;;1
20230310;03;2023;7374150;1;1;01;76;1;883.00692164;76;2;1;4;1;1;1;1;1;3;1;1;2;1;1;1;1;1;1;3;4;;;;300000;;;1;;;;;;;;;;2
20230310;03;2023;7374151;1;1;01;76;1;1131.7473006;76;2;1;4;1;3;1;1;1;3;1;1;3;2;1;1;1;1;1;3;4;;;;700000;;;1;;;;;;;;;;3
20230310;03;2023;7374152;1;1;01;76;1;623.52407748;76;1;1;4;1;2;1;1;1;3;1;1;3;1;1;1;1;1;1;3;1;;;100000000;450000;;;1;;;;;1;;;;;1
20230310;03;2023;7374154;1;1;01;76;1;1395.0589986;76;2;1;4;1;3;1;1;1;3;1;1;3;2;1;1;1;1;1;3;4;;;;400000;;;1;;;;;;1;;;NEQUI;3
20230310;03;2023;7374155;1;1;01;76;1;191.7026337;76;2;1;4;1;2;1;1;1;3;1;1;3;2;1;1;1;1;1;3;3;;;;;300000;;;;;;;;;1;;;2
20230310;03;2023;7374156;1;1;01;76;1;666.25153633;76;1;1;2;1;2;1;1;1;3;1;1;2;1;1;1;1;1;1;3;3;;;;;500000;;;;;;;;;1;;;1
20230310;03;2023;7374157;1;1;01;76;1;1229.8043924;76;2;1;3;1;3;1;1;1;3;1;2;3;3;1;2;1;1;1;3;3;;;;;400000;;;;;;;;;1;;;3
20230310;03;2023;7374157;2;2;01;76;1;1229.8043924;76;2;1;3;1;3;1;1;1;3;1;2;1;1;1;2;1;1;6;;3;;;;;250000;;;;;;;;;1;;;1
20230310;03;2023;7374158;1;1;01;76;1;1995.3856518;76;2;1;4;1;3;1;1;1;3;1;1;3;2;1;1;1;1;5;3;3;;;;;600000;;;;;;;;;1;;;4
20230310;03;2023;7374159;1;1;01;76;1;1216.2385162;76;2;1;4;1;3;1;1;1;3;1;1;3;1;1;1;1;1;1;3;3;;;;;550000;;1;;;;;;;;;;2
20230310;03;2023;7374160;1;1;01;76;1;1199.2527654;76;2;1;4;1;3;1;1;1;3;1;1;4;1;1;1;1;1;1;3;1;;;99;700000;;;1;;;;1;;;;;;1
20230310;03;2023;7374161;1;1;01;76;1;2816.7444423;76;2;1;4;1;3;1;1;1;3;1;1;4;3;1;1;1;1;1;3;1;;;150000000;400000;;;;;;;;;;1;;;6
20230310;03;2023;7374162;1;1;01;76;1;529.40378787;76;2;1;4;1;2;1;1;1;3;1;1;4;2;1;1;1;1;1;3;1;;;98;450000;;;1;;;;1;1;;;;;2
20230310;03;2023;7374163;1;1;01;76;1;487.93274087;76;2;1;4;1;3;1;1;1;3;1;1;3;2;1;1;1;1;3;3;3;;;;;501000;;;;;;;;;1;;;3
20230310;03;2023;7374164;1;1;01;76;1;1599.3033634;76;2;1;2;1;2;1;1;1;3;1;1;3;2;1;1;1;1;3;3;3;;;;;400000;;;;;;;;;1;;;3
20230310;03;2023;7374165;1;1;01;76;1;1122.3433395;76;2;1;4;1;3;1;1;1;3;1;1;2;1;1;1;1;1;1;3;3;;;;;300000;;1;;;;;;;;;;1
20230310;03;2023;7374166;1;1;01;76;1;807.11768258;76;2;1;4;1;3;1;1;1;3;1;1;4;3;1;1;1;1;1;3;3;;;;;630000;;1;;;;;;;;;;4
20230310;03;2023;7374167;1;1;01;76;1;788.39105607;76;2;1;4;1;3;1;1;1;3;1;1;4;1;1;1;1;1;1;3;3;;;;;600000;;1;;;;;;;;;;2
20230310;03;2023;7374168;1;1;01;76;1;1227.835582;76;2;1;2;1;2;1;1;1;3;1;1;3;2;1;1;1;1;1;3;1;;;100000000;350000;;;1;;;;;;;;;;4
20230310;03;2023;7374169;1;1;01;76;1;974.07099329;76;2;1;4;1;2;1;1;1;3;1;1;3;2;1;1;1;1;1;3;4;;;;600000;;;1;;;;;1;;;;;2
20230310;03;2023;7374170;1;1;01;76;1;615.00141815;76;2;1;4;1;3;1;1;1;3;1;1;4;1;1;1;1;1;1;3;1;;;98;500000;;;1;;;;;;;;;;1
20230310;03;2023;7374171;1;1;01;76;1;1286.5444632;76;2;1;4;1;2;1;1;1;3;1;1;4;2;1;1;1;1;1;3;1;;;98;500000;;;1;;;;;;;;;;3
20230310;03;2023;7374172;1;1;01;76;1;699.65604049;76;2;1;4;1;3;1;1;1;3;1;1;5;2;1;1;1;1;1;3;1;;;140000000;600000;;;1;;;;1;1;1;;;NEQUI;3
20230310;03;2023;7374173;1;1;01;76;1;755.47018271;76;2;1;4;1;2;1;1;1;3;1;1;3;2;1;1;1;1;1;3;3;;;;;450000;;1;;;;;;;;;;2
20230310;03;2023;7374174;1;1;01;81;1;105.62854228;81;1;1;2;1;2;2;1;1;3;1;1;2;1;1;1;1;1;1;4;3;;;;;300000;;1;;;;;;;;;;4
20230310;03;2023;7374175;1;1;01;81;1;164.43590637;81;2;1;4;1;2;2;1;1;3;1;1;3;2;1;1;1;1;3;4;4;;;;400000;;;1;;;;;;;;;;2
20230310;03;2023;7374176;1;1;01;81;1;189.43375336;81;1;1;4;1;2;2;1;1;3;1;1;4;2;1;1;1;1;1;4;1;;;200000000;800000;;;1;;;;;;;;;;3
20230310;03;2023;7374177;1;1;01;81;1;85.148171674;81;2;1;4;1;2;2;1;1;3;1;1;3;2;1;1;1;1;1;4;3;;;;;550000;;1;;;;;;;;;;5
20230310;03;2023;7374178;1;1;01;81;1;309.44884741;81;3;1;4;1;1;2;1;1;3;1;1;1;1;1;1;1;1;2;4;3;;;;;300000;;;;;;;;;1;;;3
20230310;03;2023;7374179;1;1;01;81;1;200.97721889;81;1;8;1;1;1;2;2;1;1;2;1;2;1;2;1;1;3;1;4;3;;;;;150000;;;;;;;;;1;;;2
20230310;03;2023;7374180;1;1;01;81;1;215.1749405;81;1;1;4;1;1;2;2;1;1;2;1;4;3;2;1;1;3;1;4;3;;;;;350000;;1;;;;;;;;;;6
20230310;03;2023;7374181;1;1;01;81;1;104.0699876;81;1;1;2;1;1;2;2;1;1;2;1;3;2;2;1;1;3;1;4;3;;;;;250000;;;;;;;;;1;;;5
20230310;03;2023;7374182;1;1;01;81;1;237.05150301;81;1;1;4;1;1;2;2;1;1;2;1;3;2;2;1;1;3;1;4;3;;;;;300000;;;;;;;;;1;;;5
20230310;03;2023;7374183;1;1;01;81;1;199.39971811;81;1;1;2;1;1;2;2;1;1;2;1;2;1;2;1;1;3;1;4;3;;;;;200000;;1;;;;;;;;;;2
20230310;03;2023;7374184;1;1;01;81;1;183.04451562;81;1;1;2;1;1;2;2;1;1;2;1;3;2;2;1;1;3;1;4;4;;;;300000;;;1;;;;1;;;;;;5
20230310;03;2023;7374185;1;1;01;81;1;114.97625713;81;1;8;2;1;1;2;2;1;1;2;1;1;1;2;1;1;3;2;4;4;;;;100000;;;;;;;;;;1;;;5
20230310;03;2023;7374186;1;1;01;85;1;581.57074295;85;1;1;4;1;3;1;1;1;3;1;1;5;4;1;1;1;1;1;3;4;;;;600000;;;1;;;;;;;;;;4
20230310;03;2023;7374187;1;1;01;85;1;393.13329118;85;1;1;4;1;2;1;1;1;3;1;1;4;3;1;1;1;1;1;3;1;;;99;800000;;;1;;;;;;;;;;4
20230310;03;2023;7374188;1;1;01;85;1;291.43595209;85;2;1;4;1;2;1;1;1;3;1;1;2;1;1;1;1;1;1;3;3;;;;;250000;;1;;;;;;;;;;2
20230310;03;2023;7374189;1;1;01;85;1;314.59302447;85;1;1;4;1;2;1;1;1;3;1;1;4;3;1;1;1;1;1;3;3;;;;;800000;;1;;;;;;;;;;5
20230310;03;2023;7374190;1;1;01;85;1;377.30383863;85;1;1;2;1;2;1;1;1;3;1;1;4;3;1;1;1;1;1;3;1;;;160000000;500000;;;1;;;;;;;;;;3
20230310;03;2023;7374191;1;1;01;85;1;205.56806555;85;2;1;4;1;2;1;1;1;3;1;1;2;1;1;1;1;1;1;3;3;;;;;350000;;1;;;;;;;;;;1
20230310;03;2023;7374192;1;1;01;85;1;275.60649954;85;2;1;4;1;2;1;1;1;3;1;1;2;1;1;1;1;1;6;;3;;;;;320000;;1;;;;;;;;;;1
20230310;03;2023;7374193;1;1;01;85;1;205.56806555;85;2;1;4;1;2;1;1;1;3;1;1;5;1;1;1;1;10;1;3;3;;;;;800000;;1;;;;;;;;;;1
20230310;03;2023;7374194;1;1;01;85;1;275.60649954;85;2;1;4;1;2;1;1;1;3;1;1;2;1;1;1;1;1;1;3;3;;;;;250000;;;;;;;;;1;;;1
20230310;03;2023;7374195;1;1;01;85;1;205.56806555;85;2;1;4;1;2;1;1;1;3;1;1;3;1;1;1;1;10;1;3;3;;;;;500000;;1;;;;;;;;;;1
20230310;03;2023;7374196;1;1;01;86;1;111.84280142;86;2;1;4;1;1;2;1;1;2;1;1;2;1;1;1;1;1;3;4;3;;;;;99;;1;;;;;;;;;;1
20230310;03;2023;7374197;1;1;01;86;1;140.77358833;86;1;1;2;1;1;2;1;1;2;1;1;5;1;1;1;1;1;1;4;3;;;;;98;;;;;;;;;1;;;1
20230310;03;2023;7374198;1;1;01;86;1;106.9754458;86;2;1;4;1;1;1;1;1;2;1;1;5;1;1;1;1;1;1;3;3;;;;;98;;;;;;;;;1;;;2
20230310;03;2023;7374199;1;1;01;86;1;127.08682961;86;2;1;4;1;1;1;1;1;2;1;1;2;2;1;1;1;1;3;3;3;;;;;99;;1;;;;;;;;;;2
20230310;03;2023;7374200;1;1;01;86;1;144.31695503;86;1;1;2;1;1;2;1;1;2;1;1;5;2;1;1;1;1;1;4;3;;;;;300000;;;;;;;;;1;;;3
20230310;03;2023;7374201;1;1;01;86;1;128.59847124;86;2;1;4;1;1;1;1;1;2;1;1;4;4;1;1;1;1;3;3;3;;;;;450000;;1;;;;;;;;;;4
20230310;03;2023;7374202;1;1;01;86;1;262.01217151;86;2;1;4;1;1;1;1;1;2;1;1;3;3;1;1;1;1;3;3;3;;;;;99;;1;;;;;;;;;;3
20230310;03;2023;7374203;1;1;01;86;1;164.03610875;86;2;1;4;1;1;2;1;1;2;1;1;4;1;1;1;1;1;1;4;3;;;;;98;;;;;;;;;1;;;1
20230310;03;2023;7374205;1;1;01;88;1;36.014371761;88;2;1;4;1;2;2;2;1;3;2;1;2;1;2;1;1;10;1;4;1;;;99;800000;;;1;;;;;;;;;;3
20230310;03;2023;7374206;1;1;01;88;1;42.207017582;88;2;1;4;1;1;2;2;1;3;2;1;3;2;2;1;1;10;1;4;4;;;;99;;;1;;;;;;;;;;4
20230310;03;2023;7374207;1;1;01;88;1;23.568690789;88;2;1;2;1;2;2;2;1;3;2;1;2;1;2;1;1;10;4;4;4;;;;600000;;;;;;;;;;1;;;1
20230310;03;2023;7374208;1;1;01;88;1;36.014371761;88;1;1;2;1;2;2;2;1;3;2;1;3;2;2;1;1;10;4;4;4;;;;900000;;;1;;;;;;;;;;3
20230310;03;2023;7374209;1;1;01;88;1;44.191295228;88;2;1;4;1;1;2;2;1;3;2;1;2;1;2;2;1;10;1;4;3;;;;;350000;;1;;;;;;;;;;1
20230310;03;2023;7374210;1;1;01;88;1;21.133479269;88;2;1;4;1;1;2;2;1;7;2;1;2;1;2;1;1;10;4;4;1;;;99;300000;;;;;;;;;;1;;;1
20230310;03;2023;7374211;1;1;01;88;1;37.729910059;88;2;1;4;1;2;2;2;1;7;2;1;3;2;2;1;1;10;1;4;1;;;99;800000;;;1;;;;;;;;;;4
20230310;03;2023;7374212;1;1;01;88;1;36.79934127;88;2;1;4;1;5;2;1;1;7;1;1;3;1;1;1;1;10;3;4;4;;;;98;;1;1;;;;;1;;;;;2
20230310;03;2023;7374214;1;1;01;91;1;100.3933433;91;1;1;2;1;1;2;1;1;3;1;1;3;2;1;1;1;1;1;4;5;;;;500000;;;1;;;;;;;;;;5
20230310;03;2023;7374215;1;1;01;91;1;127.6652231;91;1;1;2;1;1;2;1;1;3;1;1;3;2;1;1;1;1;1;4;5;;;;500000;;;1;;;;;;;;;;5
20230310;03;2023;7374216;1;1;01;94;1;62.002737313;94;1;1;4;1;1;2;1;1;2;1;1;2;1;1;1;1;1;2;4;3;;;;;250000;;;;;;;;;1;;;3
20230310;03;2023;7374217;1;1;01;94;1;65.283819172;94;1;5;2;1;1;2;1;1;2;1;1;3;2;1;1;1;3;1;5;1;;;30000000;400000;;;;;;;;;;1;;;5
20230310;03;2023;7374218;1;1;01;94;1;54.567777775;94;1;5;2;1;1;2;1;1;2;1;1;3;1;1;1;1;3;6;;1;;;98;400000;;;;;;;;;;1;;;1
20230310;03;2023;7374219;1;1;01;94;1;70.066206961;94;1;1;2;1;1;2;1;1;2;1;1;3;2;1;1;1;3;1;5;3;;;;;150000;;;;;;;;;1;;;4
20230310;03;2023;7374220;1;1;01;94;1;63.524017617;94;1;5;1;1;1;2;1;1;2;1;1;1;1;1;1;1;1;5;4;4;;;;350000;;;1;;;;;;;;;;4
20230310;03;2023;7374221;1;1;01;95;1;146.09858467;95;2;1;4;1;2;2;1;1;2;1;1;1;1;1;1;1;1;6;;3;;;;;250000;;1;;;;;;;;;;1
20230310;03;2023;7374222;1;1;01;95;1;69.188248203;95;2;1;4;1;2;1;1;1;2;1;1;3;2;1;1;1;1;3;3;3;;;;;450000;;;;;;;;;1;;;2
20230310;03;2023;7374223;1;1;01;95;1;111.32328372;95;2;1;2;1;1;2;1;1;2;1;1;2;1;1;1;1;1;1;4;3;;;;;400000;;1;;;;;;;;;;3
20230310;03;2023;7374224;1;1;01;95;1;101.15786366;95;1;1;4;1;2;1;1;1;2;1;1;3;2;1;1;1;1;3;4;3;;;;;99;;;;;;1;;;;;;2
20230310;03;2023;7374225;1;1;01;95;1;96.09478917;95;2;1;4;1;2;2;1;1;2;1;1;1;1;1;1;1;1;1;4;3;;;;;260000;;;;;;;;;1;;;2
20230310;03;2023;7374226;1;1;01;95;1;199.01791552;95;2;1;2;1;2;2;1;1;2;1;1;4;2;1;1;1;3;3;4;3;;;;;500000;;1;;;;;;;;;;3
20230310;03;2023;7374227;1;1;01;95;1;130.44516489;95;3;1;4;1;2;2;1;1;2;1;1;1;1;1;1;1;10;6;;3;;;;;200000;;;;;;;;;1;;;1
20230310;03;2023;7374228;1;1;01;95;1;157.35667681;95;2;1;4;1;2;1;2;1;2;1;1;2;1;2;1;1;1;3;3;3;;;;;400000;;1;;;;1;;;;;;2
20230310;03;2023;7374229;1;1;01;95;1;150.53024412;95;2;1;4;1;2;1;1;1;2;1;1;5;4;1;1;1;1;3;3;1;;;50000000;700000;;;1;;;;;;;;;;4
20230310;03;2023;7374230;1;1;01;95;1;91.813288228;95;2;1;4;1;2;1;2;1;2;1;1;2;1;2;1;1;1;3;3;3;;;;;440000;;;;;;;;;1;;;1
20230310;03;2023;7374231;1;1;01;97;1;14.067595566;97;2;1;2;1;1;2;1;1;2;1;1;3;1;1;1;1;10;1;4;3;;;;;600000;;;;;;;;;1;;;2
20230310;03;2023;7374232;1;1;01;97;1;11.462519859;97;1;1;4;1;1;2;1;1;2;1;1;4;3;1;1;1;5;3;4;1;;;100000000;400000;;;1;;;;;;;;;;4
20230310;03;2023;7374233;1;1;01;97;1;13.26377298;97;1;1;2;1;1;2;2;2;;1;1;3;2;2;1;4;5;1;1;1;;;50000000;400000;;;1;;;;;;;;;;5
20230310;03;2023;7374234;1;1;01;97;1;75.603505984;97;1;5;2;1;1;2;2;2;;1;1;3;2;2;1;4;10;1;1;1;;;70000000;500000;;;1;;;;;;;;;;4
20230310;03;2023;7374235;1;1;01;97;1;13.26377298;97;1;1;2;1;1;2;2;1;2;1;1;3;2;2;1;1;5;1;1;1;;;20000000;300000;;;1;;;;;;;;;;4
20230310;03;2023;7374236;1;1;01;97;1;13.26377298;97;1;5;1;1;1;2;2;1;2;1;1;1;1;2;2;1;5;2;1;6;;;;200000;;;1;;;;;;;;;;3
20230310;03;2023;7374237;1;1;01;97;1;14.24344051;97;1;5;1;1;1;2;2;1;2;1;1;2;1;2;1;1;5;1;1;6;;;;200000;;;1;;;;;;;;;;2
20230310;03;2023;7374238;1;1;01;97;1;13.26377298;97;2;5;3;1;1;2;2;1;2;1;1;1;1;2;2;1;5;2;1;3;;;;;200000;;;;;;;;;1;;;4
20230310;03;2023;7374239;1;1;01;97;1;75.603505984;97;1;5;1;1;1;2;2;1;2;1;1;3;3;2;1;1;10;1;5;1;;;15000000;300000;;;;;;;;;;1;;;4
20230310;03;2023;7374240;1;1;01;97;1;13.26377298;97;1;1;2;1;1;2;1;1;2;1;1;5;3;1;1;1;5;1;1;1;;;40000000;1200000;;1;1;;;;;;;;;;6
20230310;03;2023;7374241;1;1;01;97;1;35.470165405;97;2;1;2;1;1;2;2;1;2;1;1;3;1;2;1;1;10;1;1;3;;;;;750000;1;;;;;;;;;;;1
20230310;03;2023;7374242;1;1;01;99;1;74.035877583;99;2;1;4;1;3;2;1;1;2;1;1;3;1;2;1;1;10;1;4;1;;;60000000;700000;;;1;;;;1;;;;;;1
20230313;03;2023;7374243;1;1;01;;1;1652.6723003;13;1;4;4;1;1;2;2;1;2;1;1;2;1;2;1;1;1;5;5;1;;;15000000;200000;;;;;;;;;;1;;;4
20230313;03;2023;7374244;1;1;01;;1;2396.8041251;13;1;4;2;1;1;2;2;2;;2;1;3;2;2;1;3;2;5;5;4;;;;50000;;;;;;;;;;1;;;3
20230313;03;2023;7374245;1;1;01;;1;1872.7126389;13;1;1;1;1;1;1;2;2;;1;1;3;2;2;1;3;1;1;3;4;;;;100000;;;;;;;;;;1;;;6
20230313;03;2023;7374246;1;1;01;;1;2114.8975067;13;1;1;4;1;1;1;2;2;;1;1;3;1;2;1;3;1;1;3;4;;;;100000;;;;;;;;;;1;;;4
20230313;03;2023;7374248;1;1;01;;1;3270.7333102;13;1;1;2;1;1;1;2;2;;1;1;5;4;2;1;3;1;1;1;4;;;;120000;;;;;;;;;;1;;;7
20230313;03;2023;7374249;1;1;01;;1;2867.1562201;13;1;1;2;1;1;1;2;2;;1;1;3;2;2;1;3;1;4;3;1;;;10000000;350000;;;;;;;;;;1;;;2
20230313;03;2023;7374250;1;1;01;;1;2741.5915321;13;1;1;4;1;1;1;2;2;;1;1;5;2;2;1;3;1;1;3;1;;;98;200000;;;;;;;;;;1;;;2
20230313;03;2023;7374251;1;1;01;;1;3133.2250932;13;1;1;1;1;1;2;2;2;;1;1;2;1;2;1;3;1;5;5;1;;;7000000;120000;;;;;;;;;;1;;;1
20230313;03;2023;7374252;1;1;01;;1;2526.2782282;13;1;1;4;1;1;2;2;2;;1;1;4;3;2;1;3;1;5;5;1;;;98;100000;;;;;;;;;;1;;;7
20230313;03;2023;7374254;1;1;01;;1;2358.130599;13;1;4;2;1;1;2;2;2;;1;1;2;1;2;1;3;1;5;5;1;;;3000000;50000;;;;;;;;;;1;;;5
20230313;03;2023;7374255;1;1;01;;1;1515.4077895;13;1;4;2;1;1;1;2;2;;1;1;3;1;2;1;3;1;1;3;1;;;3000000;150000;;;;;;;;;;1;;;2
20230313;03;2023;7374256;1;1;01;;2;1288.6532267;13;1;1;2;1;1;2;2;2;;1;1;3;2;2;1;3;1;5;5;1;;;99;50000;;;;;;;;;;1;;;3
20230313;03;2023;7374257;1;1;01;;2;688.68000298;13;1;4;1;1;1;2;2;2;;1;1;2;1;2;1;4;1;5;5;4;;;;80000;;;;;;;;;;1;;;3
20230313;03;2023;7374258;1;1;01;;2;1872.7327614;13;1;1;2;1;1;2;2;2;;1;1;4;4;2;1;3;1;5;5;1;;;99;100000;;;;;;;;;;1;;;6
20230313;03;2023;7374259;1;1;01;;2;943.26536543;13;1;1;4;1;1;2;2;2;;1;1;3;2;2;1;3;1;1;4;1;;;98;100000;;;;;;;;;;1;;;2
20230313;03;2023;7374260;1;1;01;;2;660.74262782;13;1;1;4;1;1;2;2;2;;1;1;2;1;2;1;3;1;5;4;1;;;10000000;60000;;;;;;;;;;1;;;4
20230313;03;2023;7374262;1;1;01;;2;1076.3580189;13;1;1;4;1;1;2;2;2;;1;1;3;2;2;1;3;1;5;5;1;;;1000000;80000;;;;;;;;;;1;;;3
20230313;03;2023;7374263;1;1;01;;2;1381.7545868;13;1;1;4;1;1;2;2;2;;1;1;3;1;2;1;3;1;5;5;4;;;;60000;;;;;;;;;;1;;;1
20230313;03;2023;7374264;1;1;01;;2;943.26536543;13;1;1;2;1;1;2;2;2;;1;1;4;1;2;1;3;1;5;5;1;;;99;50000;;;;;;;;;;1;;;2
20230313;03;2023;7374265;1;1;01;;2;759.36150648;13;1;1;4;1;1;2;2;2;;1;1;3;2;2;1;3;1;5;5;4;;;;80000;;;;;;;;;;1;;;2
20230313;03;2023;7374266;1;1;01;;2;943.26536543;13;1;1;4;1;1;2;2;2;;1;1;3;1;2;1;3;1;5;5;1;;;12000000;100000;;;;;;;;;;1;;;2
20230313;03;2023;7374267;1;1;01;;2;1134.4406342;13;1;1;4;1;1;2;2;2;;1;1;3;1;2;1;3;1;5;5;3;;;;;120000;;;;;;;;;1;;;5
20230313;03;2023;7374268;1;1;01;;2;943.26536543;13;1;1;4;1;1;2;2;2;;1;1;3;1;2;1;3;1;1;4;4;;;;60000;;;;;;;;;;1;;;2
20230313;03;2023;7374269;1;1;01;;1;2867.1562201;13;1;1;2;1;1;2;2;2;;1;1;3;2;2;1;3;1;5;5;3;;;;;100000;;;;;;;;;1;;;2
20230313;03;2023;7374270;1;1;01;;2;1558.8702382;44;5;5;1;2;;2;2;2;;2;1;1;1;6;;4;6;5;5;1;;;98;70000;;;;;;;;;;1;;;3
20230313;03;2023;7374271;1;1;01;;2;2529.1266734;44;1;1;2;2;;2;2;2;;1;1;4;3;2;1;4;6;1;5;1;;;98;120000;;;;;;;;;;1;;;5
20230313;03;2023;7374272;1;1;01;;2;1011.99787;44;5;4;1;2;;2;2;2;;1;1;1;1;6;;4;6;5;5;1;;;98;80000;;;;;;;;;;1;;;5
20230313;03;2023;7374273;1;1;01;;2;1146.2542672;44;5;4;1;2;;2;2;2;;2;1;1;1;6;;4;6;1;5;1;;;98;100000;;;;;;;;;;1;;;1
20230313;03;2023;7374274;1;1;01;;2;1465.5682179;44;5;4;1;2;;2;2;2;;2;1;1;1;6;;4;6;5;5;1;;;98;98;;;;;;;;;;1;;;5
20230313;03;2023;7374275;1;1;01;;2;1532.7409541;44;5;4;1;2;;2;2;2;;1;1;2;1;6;;4;6;1;5;1;;;98;100000;;;;;;;;;;1;;;4
20230313;03;2023;7374276;1;1;01;;2;1394.6580242;44;5;4;1;2;;2;2;2;;1;1;2;1;6;;4;6;1;5;1;;;98;200000;;;;;;;;;;1;;;4
20230313;03;2023;7374277;1;1;01;;2;958.21571855;44;5;4;1;2;;2;2;2;;2;1;2;2;6;;4;6;5;5;1;;;98;98;;;;;;;;;;1;;;4
20230313;03;2023;7374278;1;1;01;;2;1206.5304003;44;5;4;1;2;;2;2;2;;1;1;2;1;6;;4;6;1;5;1;;;98;200000;;;;;;;;;;1;;;5
20230313;03;2023;7374279;1;1;01;;2;1693.2157106;44;5;4;1;2;;2;2;2;;2;1;1;1;6;;4;6;5;5;1;;;4000000;200000;;;1;;;;;;;;;;1
20230313;03;2023;7374280;1;1;01;;2;1903.8506385;44;5;4;1;2;;2;2;2;;2;1;1;1;6;;4;6;5;5;1;;;98;98;;;1;;;;;;;;;;3
20230313;03;2023;7374281;1;1;01;;1;552.85773291;44;1;4;1;1;1;1;1;1;2;1;1;3;2;1;2;1;1;1;3;1;;;98;100000;;;1;;;;;;;;;;7
20230313;03;2023;7374282;1;1;01;;1;560.40017016;44;1;1;4;1;1;1;1;1;2;1;1;3;2;1;1;1;1;1;3;1;;;98;98;;;;;;;;;;1;;;3
20230313;03;2023;7374284;1;1;01;;1;575.45595662;44;1;4;1;1;1;1;1;1;2;1;1;2;2;1;1;1;1;1;3;1;;;98;200000;;;;;;;;;;1;;;5
20230313;03;2023;7374285;1;1;01;;1;506.1466927;44;1;1;2;1;1;1;1;1;2;1;1;5;3;1;1;1;1;1;3;1;;;98;200000;;;;;;;;;;1;;;4
20230313;03;2023;7374286;1;1;01;;1;633.3976698;44;1;1;2;1;1;1;1;1;2;1;1;3;2;1;1;1;1;1;3;1;;;98;200000;;;1;;;;;;;;;;6
20230313;03;2023;7374287;1;1;01;;1;565.37534295;44;1;1;2;1;1;1;1;1;2;1;1;3;1;1;1;1;1;1;3;1;;;98;400000;;;1;;;;;;;;;;2
20230313;03;2023;7374288;1;1;01;;1;651.40721677;44;1;5;2;1;1;2;1;1;2;1;1;2;1;1;1;1;1;1;1;3;;;;;80000;;;;;;;;;1;;;1
20230313;03;2023;7374289;1;1;01;;1;378.12683728;44;1;1;2;1;1;1;1;1;2;1;1;2;1;1;1;1;1;1;3;1;;;98;300000;;;;;;;;;;1;;;2
20230313;03;2023;7374290;1;1;01;;1;581.78779353;44;1;1;4;1;1;1;1;1;2;1;1;3;2;1;1;1;1;1;3;1;;;98;200000;;;;;;;;;;1;;;3
20230313;03;2023;7374291;1;1;01;;1;613.11888387;44;1;1;2;1;1;1;1;1;2;1;1;3;1;1;1;1;1;1;3;4;;;;200000;;;;;;;;;;1;;;3
20230313;03;2023;7374292;1;1;01;;1;444.51674379;44;1;1;4;1;1;1;1;1;2;1;1;3;1;1;1;1;1;1;3;1;;;98;300000;;;;;;;;;;1;;;1
20230313;03;2023;7374294;1;1;01;;1;755.02481472;44;1;1;2;1;1;1;1;1;2;1;1;1;1;1;2;1;1;6;;4;;;;150000;;;;;;;;;;1;;;2
20230313;03;2023;7374295;1;1;01;;1;599.59425689;44;1;1;4;1;1;1;1;1;2;1;1;2;1;1;2;1;1;1;3;1;;;98;150000;;;;;;;;;;1;;;3
20230313;03;2023;7374296;1;1;01;;1;983.69857365;44;1;4;1;1;1;1;1;1;2;1;1;1;1;1;2;1;1;1;3;1;;;98;300000;;;;;;;;;;1;;;2
20230313;03;2023;7374297;1;1;01;;1;953.61923546;44;1;1;4;1;1;1;1;1;2;1;1;3;2;1;1;1;1;1;3;1;;;98;450000;;;1;;;;;;;;;;5
20230313;03;2023;7374298;1;1;01;;1;867.25789932;44;1;1;2;1;1;2;1;1;2;1;1;3;2;1;1;1;1;1;4;3;;;;;150000;;;;;;;;;1;;;4
20230313;03;2023;7374299;1;1;01;;1;403.48372694;44;1;1;2;1;1;1;1;1;2;1;1;4;2;1;2;1;1;1;3;4;;;;300000;;;;;;;;;;1;;;4
20230313;03;2023;7374300;1;1;01;;1;611.21052272;44;1;1;4;1;1;1;1;1;2;1;1;4;1;1;1;1;1;1;3;1;;;98;200000;;;1;;;;;;;;;;1
20230313;03;2023;7374301;1;1;01;;1;423.20447491;44;1;1;4;1;1;1;1;1;2;1;1;3;2;1;1;1;1;1;3;4;;;;400000;;;;;;;;;;1;;;3
20230313;03;2023;7374302;1;1;01;;1;978.26476875;44;1;4;4;1;1;2;1;1;2;1;1;2;1;1;1;1;1;1;4;3;;;;;250000;;1;;;;;;;;;;2
20230313;03;2023;7374303;1;1;01;;1;1074.9846951;44;1;1;2;1;1;1;1;1;2;1;1;3;1;1;1;1;1;6;;4;;;;200000;;;;;;;;;;1;;;1
20230313;03;2023;7374304;1;1;01;;2;97.172159472;25;1;1;3;1;2;2;2;2;;1;1;3;1;2;1;4;1;1;4;4;;;;500000;;;;;;;;;;1;;;1
20230313;03;2023;7374305;1;1;01;;2;80.945039414;25;1;1;2;2;;2;2;2;;2;1;1;1;2;1;4;8;1;4;4;;;;300000;;;;;;;;;;1;;;2
20230313;03;2023;7374306;1;1;01;;2;78.958145292;25;1;1;2;1;2;2;2;2;;1;1;3;2;2;1;4;1;1;4;3;;;;;350000;;;;;;;;;1;;;3
20230313;03;2023;7374307;1;1;01;;2;87.415155829;25;1;1;4;1;2;2;2;2;;1;1;4;3;2;1;5;1;1;1;4;;;;500000;;;1;;;;;;;;;;5
20230313;03;2023;7374308;1;1;01;;2;78.041066173;25;1;1;3;1;2;2;2;2;;1;1;1;1;2;1;4;1;1;4;1;;;98;400000;;;1;;;;1;;;;;;1
20230313;03;2023;7374309;1;1;01;;2;55.964178601;25;1;1;2;1;2;2;2;2;;1;1;4;1;2;1;4;1;1;4;3;;;;;800000;;;;;;;;;1;;;2
20230313;03;2023;7374310;1;1;01;;2;182.76419994;25;1;1;2;1;2;2;2;2;;1;1;3;1;2;1;4;1;1;5;4;;;;500000;;;;;;;;;;1;;;2
20230313;03;2023;7374311;1;1;01;;2;154.22765493;25;2;1;3;1;2;1;1;1;1;1;1;2;2;1;1;1;1;1;3;1;;;98;250000;;;1;;;;;;;;;;3
20230313;03;2023;7374312;1;1;01;;2;55.964178601;25;1;1;4;1;2;1;1;1;1;1;1;3;2;1;1;1;1;3;3;1;;;90000000;400000;;;;;;;;;;1;;;3
20230313;03;2023;7374314;1;1;01;;2;80.945039414;25;2;1;3;1;2;1;1;1;1;1;1;3;1;1;1;1;1;1;3;1;;;98;600000;;;1;;;;;;;;;;2
20230313;03;2023;7374315;1;1;01;;2;134.55273299;25;1;1;4;1;2;1;1;1;1;1;1;4;3;1;1;1;1;1;3;1;;;150000000;700000;;;1;;;;;;;;;;4
20230313;03;2023;7374317;1;1;01;;1;3193.8764518;25;2;1;4;1;2;2;1;1;2;1;1;2;1;1;1;1;1;2;4;3;;;;;250000;;;;;;;;;1;;;2
20230313;03;2023;7374318;1;1;01;;1;2289.3820856;25;1;1;4;1;2;1;1;1;2;1;1;3;1;1;1;1;1;1;3;1;;;80000000;400000;;;;;;;;;;1;;;2
20230313;03;2023;7374319;1;1;01;;1;2289.3820856;25;1;1;4;1;2;1;1;1;2;1;1;2;1;1;1;1;1;1;3;3;;;;;600000;;;;;;;;;1;;;2
20230313;03;2023;7374320;1;1;01;;1;2103.3790661;25;1;1;2;1;2;1;1;1;2;1;1;6;2;1;1;1;1;1;3;1;;;180000000;1000000;;;;;;;;;;1;;;3
20230313;03;2023;7374321;1;1;01;;1;3458.3995658;25;1;1;2;1;2;1;1;1;2;1;1;3;1;1;1;1;1;1;3;3;;;;;400000;;1;;;1;;;;;;;2
20230313;03;2023;7374322;1;1;01;;1;3522.5553434;25;1;1;4;1;1;1;1;1;2;1;1;3;2;1;1;1;1;1;3;3;;;;;400000;;1;;;;;;;;;;4
20230313;03;2023;7374323;1;1;01;;1;3152.862475;25;1;1;2;1;1;1;1;1;2;1;1;4;3;1;1;1;1;1;3;1;;;80000000;450000;;;;;;;;;;1;;;5
20230313;03;2023;7374324;1;1;01;;1;3522.5553434;25;1;1;2;1;1;1;1;1;2;1;1;3;2;1;1;1;1;1;3;1;;;60000000;450000;;;1;;;;;;;;;;4
20230313;03;2023;7374326;1;1;01;;1;2599.4916684;25;1;1;2;1;1;1;1;1;2;1;1;3;1;1;1;1;1;1;3;3;;;;;250000;;1;;;;;;;;;;1
20230313;03;2023;7374328;1;1;01;;2;1963.3942418;25;1;1;2;1;2;1;1;1;2;1;1;2;1;1;1;1;1;1;3;1;;;50000000;350000;;;;;;;;;;1;;;1
20230313;03;2023;7374329;1;1;01;;2;1986.4665543;25;2;1;4;1;2;1;1;1;2;1;1;2;1;1;1;1;1;1;3;3;;;;;250000;;;;;;;;;1;;;3
20230313;03;2023;7374330;1;1;01;;2;3802.47768;25;1;1;2;1;2;1;1;1;2;1;1;3;2;1;1;1;1;1;3;3;;;;;330000;;;;;;;;;1;;;4
20230313;03;2023;7374331;1;1;01;;2;1407.9734094;25;2;1;4;1;2;1;1;1;2;1;1;2;2;1;1;1;1;1;3;1;;;40000000;300000;;;;;;;;;;1;;;3
20230313;03;2023;7374332;1;1;01;;2;2598.9168795;25;1;1;2;2;;2;2;2;;2;1;3;2;2;1;4;6;1;5;4;;;;350000;;;1;;;;;;;;;;4
20230313;03;2023;7374333;1;1;01;;2;1407.9734094;25;1;1;2;2;;2;2;2;;2;1;2;1;2;1;5;6;1;4;4;;;;300000;;;1;;;;;;;;;;2
20230313;03;2023;7374334;1;1;01;;2;5631.8936377;25;1;1;2;2;;2;2;2;;2;1;3;2;2;1;4;6;1;5;4;;;;350000;;;1;;;;;;;;;;4
20230313;03;2023;7374335;1;1;01;;2;2444.7033816;25;1;1;2;2;;2;2;2;;2;1;3;1;2;1;5;6;1;4;4;;;;300000;;;;;;;;;;1;;;1
20230313;03;2023;7374337;1;1;01;;2;2444.7033816;25;1;1;4;1;2;1;1;1;2;1;1;3;1;1;1;1;1;1;3;3;;;;;200000;;1;;;;;;;;;;1
20230313;03;2023;7374338;1;1;01;;2;4027.4776936;25;1;1;2;1;2;1;1;1;2;1;1;3;2;1;1;1;1;1;3;3;;;;;300000;;1;;;;;;;;;;5
20230313;03;2023;7374339;1;1;01;;2;3732.9974771;25;1;1;4;2;;2;2;2;;1;1;4;2;2;1;5;1;1;4;4;;;;400000;;;;;;;;;;1;;;6
20230313;03;2023;7374340;1;1;01;;2;2375.0901501;25;1;1;2;2;;2;2;2;;1;1;3;2;2;1;4;1;1;5;4;;;;350000;;;;;;;;;;1;;;5
20230313;03;2023;7374341;1;1;01;;2;1765.7480482;25;1;5;3;1;9;2;2;2;;1;1;2;2;2;1;4;1;1;4;3;;;;;150000;;1;;;;;;;;;;3
20230313;03;2023;7374342;1;1;01;;2;1812.7307554;25;1;1;4;2;;2;2;2;;1;1;3;2;2;1;5;2;1;4;4;;;;500000;;;;;;;;;;1;;;3
20230313;03;2023;7374343;1;1;01;;2;303.31959385;68;1;1;2;1;1;2;2;2;;2;1;3;2;2;1;4;6;1;4;1;;;99;300000;;;1;;;;;;;;;;3
20230313;03;2023;7374344;1;1;01;;2;183.79368532;68;2;1;4;1;1;1;2;2;;2;1;3;2;3;1;5;6;2;3;3;;;;;270000;;1;;;;;;;;;;4
20230313;03;2023;7374345;1;1;01;;2;191.17020236;68;2;1;4;1;1;1;2;2;;2;1;3;2;2;1;5;6;3;3;3;;;;;450000;;1;;;;;;;;;;4
20230313;03;2023;7374346;1;1;01;;2;188.05690877;68;1;1;1;1;1;2;2;2;;2;1;3;1;2;1;4;6;3;4;2;;350000;80000000;200000;;;;;;;;;;1;;;1
20230313;03;2023;7374347;1;1;01;;2;242.17920441;68;2;1;2;1;1;2;2;2;;2;1;3;2;2;1;4;6;1;4;3;;;;;350000;;1;;;;;;;;;;2
20230313;03;2023;7374348;1;1;01;;2;188.05690877;68;2;1;4;1;1;1;2;2;;2;1;3;1;3;1;5;6;1;3;4;;;;320000;;;;;;;;;;1;;;1
20230313;03;2023;7374349;1;1;01;;2;79.512939723;68;1;1;4;1;1;1;2;2;;2;1;3;1;2;1;5;6;1;3;3;;;;;400000;;1;;;;;;;;;;2
20230313;03;2023;7374350;1;1;01;;2;79.512939723;68;2;1;4;1;1;1;2;2;;2;1;3;2;3;1;5;6;1;3;1;;;70000000;500000;;;;;;;1;;;;;;5
20230313;03;2023;7374351;1;1;01;;2;138.06052822;68;1;1;4;1;1;1;2;2;;2;1;3;1;2;1;3;6;1;3;1;;;99;200000;;;1;;;;;;;;;;1
20230313;03;2023;7374352;1;1;01;;2;188.05690877;68;1;1;2;1;1;2;2;2;;2;1;3;1;2;1;4;6;1;4;3;;;;;350000;;1;;;;;;;;;;1
20230313;03;2023;7374354;1;1;01;;2;79.512939723;68;1;1;2;1;1;1;2;2;;2;1;4;3;2;1;4;6;2;3;1;;;99;300000;;;1;;;;;;;;;;4
20230313;03;2023;7374355;1;1;01;;1;1293.3762699;68;1;1;2;1;1;1;1;1;4;1;1;4;1;1;1;1;1;1;3;6;;;;300000;;;;;;;;;;1;;;1
20230313;03;2023;7374356;1;1;01;;1;1701.5489969;68;2;1;4;1;1;1;1;1;4;1;1;4;3;1;1;1;1;3;3;3;;;;;350000;;1;;;;;;;;;;4
20230313;03;2023;7374357;1;1;01;;1;1662.4085262;68;1;1;2;1;2;1;1;1;3;1;1;4;3;1;1;1;1;1;3;3;;;;;250000;;;;;;;;;1;;;5
20230313;03;2023;7374359;1;1;01;;1;1398.6778365;68;1;1;2;1;1;1;1;1;4;1;1;4;2;1;1;1;1;1;3;1;;;60000000;200000;;;1;;;;;;;;;;2
20230313;03;2023;7374360;1;1;01;;1;1795.3586886;68;1;1;4;1;2;1;1;1;4;1;1;4;2;1;1;1;1;3;3;3;;;;;350000;;1;;;;;;;;;;2
20230313;03;2023;7374361;1;1;01;;1;1439.5522956;68;2;1;4;1;1;1;1;1;4;1;1;3;2;1;1;1;1;1;3;3;;;;;200000;;;;;;;;;1;;;2
20230313;03;2023;7374362;1;1;01;;1;1149.1269865;68;2;1;3;1;2;1;1;1;3;1;1;4;3;1;1;1;1;1;3;3;;;;;300000;;;;;;1;;;;;;5
20230313;03;2023;7374363;1;1;01;;1;1884.1342155;68;1;1;2;1;2;1;1;1;4;1;1;4;2;1;1;1;1;1;3;3;;;;;300000;;1;;;;;;;;;;3
20230313;03;2023;7374364;1;1;01;;2;983.6334682;68;1;5;1;1;0;2;2;2;;2;1;3;1;3;1;3;6;5;5;1;;;150000000;300000;;;1;;;;;;;;;;2
20230313;03;2023;7374365;1;1;01;;2;680.06933459;68;1;1;2;1;2;2;2;2;;1;1;4;3;2;1;4;2;1;5;6;;;;250000;;;1;;;;;;;;;;4
20230313;03;2023;7374366;1;1;01;;2;1936.0706808;68;1;1;2;1;2;2;2;2;;1;1;6;4;2;1;3;1;1;5;1;;;90000000;500000;;;;;;;1;;;;;;7
20230313;03;2023;7374367;1;1;01;;2;1635.0671069;68;1;1;4;1;2;2;2;2;;2;1;4;2;2;1;4;6;3;4;4;;;;300000;;;1;;;;;;;;;;4
20230313;03;2023;7374368;1;1;01;;2;1370.3975006;68;1;5;1;1;2;2;2;2;;1;1;4;3;3;2;2;1;1;5;4;;;;400000;;;;;;;1;;;;;;4
20230313;03;2023;7374370;1;1;01;;2;680.06933459;68;1;1;3;1;2;2;2;2;;1;1;4;1;2;1;4;2;1;5;1;;;99;200000;;;1;;;;;;;;;;2
20230313;03;2023;7374371;1;1;01;;2;983.6334682;68;1;5;2;1;0;2;2;2;;2;1;3;1;3;1;4;6;1;5;5;;;;200000;;;1;;;;;;;;;;2
20230313;03;2023;7374372;1;1;01;;2;680.06933459;68;1;1;2;1;2;2;2;2;;1;1;5;3;3;1;3;1;1;5;6;;;;300000;;;1;;;;1;;;;;;4
20230313;03;2023;7374373;1;1;01;;2;1180.823296;68;1;1;2;1;2;2;2;2;;1;1;4;1;2;1;3;1;5;5;1;;;80000000;300000;;;1;;;;1;;;;;;1
20230313;03;2023;7374374;1;1;01;;2;1836.6458118;68;1;1;2;1;2;2;2;2;;1;1;3;2;2;1;4;2;1;5;4;;;;300000;;;1;;;;;;;;;;4
20230313;03;2023;7374375;1;1;01;;2;1037.3421927;68;1;1;2;1;2;1;2;2;;2;1;4;3;2;1;4;4;1;3;1;;;55000000;280000;;;1;;;;;;;;;;4
20230313;03;2023;7374376;1;1;01;;2;952.30454576;68;1;5;1;1;2;1;2;2;;2;1;4;2;2;1;2;4;5;3;1;;;52000000;100000;;;1;;;;;;;;;;4
20230313;03;2023;7374377;1;1;01;;2;686.9387218;68;1;1;2;1;2;1;2;2;;2;1;3;1;3;1;4;4;1;3;2;;200000;80000000;200000;;;1;;;;;;;;;;2
20230313;03;2023;7374378;1;1;01;;2;2353.1357788;68;1;1;2;1;2;1;2;2;;2;1;2;1;2;1;4;6;3;3;3;;;;;200000;;1;;;;;;;;;;3
20230313;03;2023;7374379;1;1;01;;2;886.24874601;68;1;1;2;1;2;1;2;2;;2;1;6;3;2;1;3;6;1;3;1;;;80000000;250000;;;;;;;;;;1;;;4
20230313;03;2023;7374380;1;1;01;;2;1372.9831068;68;1;1;2;1;2;1;2;2;;2;1;3;2;2;1;4;4;1;3;3;;;;;200000;;1;;;;;;;;;;2
20230313;03;2023;7374381;1;1;01;;2;686.9387218;68;1;1;2;1;2;1;2;2;;2;1;3;2;2;1;4;4;1;3;1;;;99;200000;;;1;;;;;;;;;;3
20230313;03;2023;7374382;1;1;01;;2;2079.8236186;68;1;5;1;1;2;2;2;2;;2;1;3;2;3;1;4;6;5;5;1;;;99;100000;;;1;;;;;;;;;;4
20230313;03;2023;7374383;1;1;01;;2;1624.6861578;68;1;1;2;1;2;1;2;2;;2;1;3;1;2;1;3;6;1;3;4;;;;250000;;;;;;;;;;1;;;1
20230313;03;2023;7374384;1;1;01;;2;969.18080027;68;1;1;2;1;2;2;2;2;;2;1;3;2;2;1;4;4;1;4;5;;;;250000;;;1;;;;;;;;;;3
20230313;03;2023;7374385;1;1;01;;2;1855.1977897;68;1;1;4;1;1;1;2;2;;2;1;3;2;2;1;4;6;3;3;1;;;99;350000;;;1;;;;;;;;;;4
20230313;03;2023;7374386;1;1;01;;1;1687.4452911;68;2;1;4;1;2;1;1;1;3;1;1;4;3;1;1;1;1;1;3;3;;;;;300000;;1;;;;;;;;;;3
20230313;03;2023;7374387;1;1;01;;1;2014.8726592;68;2;1;4;1;2;1;1;1;4;1;1;4;2;1;1;1;1;1;3;3;;;;;400000;;1;;;;;;;;;;2
20230313;03;2023;7374389;1;1;01;;1;1823.8564456;68;1;1;4;1;2;1;1;1;4;1;1;4;2;1;1;1;1;1;3;3;;;;;300000;;1;;;;;;;;;;2
20230313;03;2023;7374391;1;1;01;;1;1389.8376106;68;1;1;4;1;2;1;1;1;4;1;1;8;1;1;1;1;1;1;3;1;;;99;600000;;;1;;;;;;;;;;2
20230313;03;2023;7374392;1;1;01;;1;2099.5245045;68;3;1;2;1;3;1;1;1;3;1;1;1;1;1;1;1;1;5;3;3;;;;;200000;;1;;;;;;;;;;2
20230313;03;2023;7374393;1;1;01;;1;1313.9060519;68;1;1;4;1;2;1;1;1;4;1;1;5;1;1;1;1;1;1;3;1;;;99;99;;;1;;;;;;;;;;1
20230313;03;2023;7374394;1;1;01;;1;1389.8376106;68;2;1;4;1;3;1;1;1;3;1;1;3;1;1;1;1;1;1;3;3;;;;;500000;;;;;;;;;1;;;2
20230313;03;2023;7374395;1;1;01;;1;3163.1533303;76;1;1;4;1;2;1;1;1;2;1;1;2;1;1;1;1;1;1;3;3;;;;;200000;;;;;;;;;1;;;1
20230313;03;2023;7374396;1;1;01;;1;3163.1533303;76;1;1;4;1;2;1;1;1;2;1;1;3;1;1;1;1;1;1;3;4;;;;300000;;;;;;;;;;1;;;1
20230313;03;2023;7374397;1;1;01;;1;3436.1130185;76;1;1;4;1;2;1;1;1;3;1;1;3;2;1;1;1;1;1;3;3;;;;;350000;;;;;;;;;1;;;3
20230313;03;2023;7374398;1;1;01;;1;3163.1533303;76;3;3;2;1;2;1;1;1;2;1;1;1;1;1;2;1;1;1;3;3;;;;;130000;;;;;;;;;1;;;1
20230313;03;2023;7374399;1;1;01;;1;2277.4703978;76;1;1;2;1;2;1;1;1;2;1;1;3;1;1;1;1;1;1;3;4;;;;250000;;;;;;;;;;1;;;1
20230313;03;2023;7374400;1;1;01;;1;2127.8864679;76;1;1;4;1;1;1;1;1;2;1;1;3;1;1;1;1;1;1;3;3;;;;;500000;;;;;;;;;1;;;2
20230313;03;2023;7374401;1;1;01;;1;3609.2207078;76;1;1;4;1;2;1;1;1;2;1;1;4;1;1;1;1;1;1;3;1;;;150000000;700000;;;1;;;;;1;;;;;2
20230313;03;2023;7374402;1;1;01;;1;1770.8205938;76;2;1;2;1;1;1;1;1;2;1;1;3;2;1;1;1;1;1;3;1;;;99;500000;;;;;;;;;;1;;;2
20230313;03;2023;7374403;1;1;01;;1;3845.5110857;76;1;1;4;1;1;1;1;1;2;1;1;5;4;1;1;1;1;1;3;3;;;;;350000;;1;;;;;1;;;;;7
20230313;03;2023;7374404;1;1;01;;1;3886.4774303;76;2;1;2;1;2;1;1;1;2;1;1;2;1;1;1;1;1;3;3;4;;;;300000;;;;;;;;;;1;;;3
20230313;03;2023;7374405;1;1;01;;1;1924.1257742;76;4;1;2;1;2;2;1;1;2;1;1;1;1;1;2;1;1;6;;4;;;;300000;;;1;;;;;;;;;;1
20230313;03;2023;7374406;1;1;01;;1;2067.6925763;76;1;1;4;1;1;1;1;1;2;1;1;3;1;1;1;1;1;1;3;4;;;;200000;;;;;;;;;;1;;;2
20230313;03;2023;7374407;1;1;01;;1;3305.2388183;76;1;1;2;1;1;1;1;1;2;1;1;3;2;1;1;1;1;1;3;1;;;60000000;320000;;;;;;;;;;1;;;2
20230313;03;2023;7374408;1;1;01;;1;1897.8919982;76;1;1;2;1;1;1;1;1;2;1;1;2;1;1;1;1;1;1;3;1;;;98;300000;;;;;;;;;;1;;;1
20230313;03;2023;7374409;1;1;01;;1;3190.2627986;76;1;1;4;1;1;1;1;1;2;1;1;2;1;1;1;1;1;1;3;3;;;;;450000;;1;;;;;;;;;;2
20230313;03;2023;7374410;1;1;01;;1;3462.658466;76;1;1;2;1;1;1;1;1;2;1;1;3;2;1;1;1;1;1;3;3;;;;;150000;;;;;;;;;1;;;4
20230313;03;2023;7374411;1;1;01;;1;3583.9906509;76;1;1;2;1;1;1;1;1;2;1;1;3;2;1;1;1;1;1;3;3;;;;;350000;;;;;;;;;1;;;4
20230313;03;2023;7374412;1;1;01;;1;3309.0245747;76;1;1;2;1;1;1;1;1;2;1;1;3;2;1;1;1;1;1;3;3;;;;;160000;;1;;;;;;;;;;4
20230313;03;2023;7374413;1;1;01;;1;1603.4381452;76;1;1;2;1;1;1;1;1;2;1;1;3;1;1;1;1;1;1;3;4;;;;200000;;;1;;;;;;;;;;1
20230313;03;2023;7374414;1;1;01;;1;2164.9607628;76;1;1;2;1;1;1;1;1;2;1;1;4;3;1;1;1;1;1;3;3;;;;;250000;;;;;;;;;1;;;5
20230313;03;2023;7374415;1;1;01;;1;1603.4381452;76;1;1;2;1;1;1;1;1;2;1;1;5;1;1;1;1;1;6;;4;;;;400000;;;;;;;;;;1;;;1
20230313;03;2023;7374416;1;1;01;;1;1655.1616615;76;1;1;2;1;1;1;1;1;2;1;1;3;1;1;1;1;1;1;3;3;;;;;250000;;;;;;;;;1;;;2
20230313;03;2023;7374419;1;1;01;;2;3672.0045453;76;1;4;2;1;2;2;2;2;;2;1;3;1;3;1;4;2;1;4;1;;;98;98;;;;;;;;;;1;;;1
20230313;03;2023;7374420;1;1;01;;2;1571.3585382;76;1;4;4;1;1;2;2;2;;2;1;3;2;2;1;4;2;1;4;1;;;98;100000;;;;;;;;;;1;;;3
20230313;03;2023;7374421;1;1;01;;2;2815.1569461;76;1;1;2;1;9;2;2;2;;1;1;1;1;6;;5;1;1;4;4;;;;100000;;;;;;;;;;1;;;1
20230313;03;2023;7374422;1;1;01;;2;2815.1569461;76;1;1;2;1;1;2;2;2;;2;1;1;1;3;1;3;2;2;4;1;;;98;150000;;;1;;;;;1;;;;;1
20230313;03;2023;7374423;1;1;01;;2;2024.8057107;76;1;1;4;1;1;2;2;2;;1;1;3;2;2;1;4;1;1;5;4;;;;300000;;;;;;;;;;1;;;4
20230313;03;2023;7374425;1;1;01;;2;5355.0066286;76;1;3;1;1;0;2;2;2;;1;1;4;1;3;1;4;1;1;4;4;;;;60000;;;1;;;;;1;;;;;1
20230313;03;2023;7374426;1;1;01;;2;2060.8988265;76;1;7;3;1;1;2;2;2;;1;1;4;3;3;1;5;1;1;4;7;TIENEN DOCUMENTO DE COMPRAVENTA;;;200000;;;;;;;;;;1;;;5
20230313;03;2023;7374427;1;1;01;;2;4437.0640907;76;1;7;2;1;1;2;2;2;;1;1;2;1;3;1;4;1;1;4;3;;;;;100000;;;;;;;;;1;;;2
20230313;03;2023;7374428;1;1;01;;2;5070.7462191;76;1;7;2;1;0;2;2;2;;1;1;3;1;3;1;4;1;1;4;3;;;;;40000;;;;;;;;;1;;;2
20230313;03;2023;7374429;1;1;01;;2;3395.3360611;76;1;6;2;1;1;2;2;2;;1;1;3;2;3;1;5;1;1;5;1;;;98;100000;;;;;;;;;;1;;;3
20230313;03;2023;7374430;1;1;01;;2;5061.0697305;76;1;4;2;1;1;2;2;2;;1;1;3;2;3;2;4;1;1;4;4;;;;80000;;;;;;;;;;1;;;4
20230313;03;2023;7374431;1;1;01;;2;1719.2298249;76;1;4;2;1;1;2;2;2;;1;1;4;3;3;2;4;1;1;5;1;;;99;80000;;;;;;;;;;1;;;4
20230313;03;2023;7374432;1;1;01;;2;2463.2623279;76;1;4;3;1;1;2;2;2;;1;1;7;1;2;1;4;1;1;4;4;;;;280000;;;1;;;;;;;;;;1
20230313;03;2023;7374433;1;1;01;;2;1444.1384334;76;1;1;2;1;1;2;1;2;;1;1;4;1;1;1;4;1;1;5;1;;;99;600000;;;;;;;;;;1;;;2
20230313;03;2023;7374434;1;1;01;;2;2656.4325613;76;1;4;2;1;1;2;2;2;;1;1;4;3;2;1;4;1;1;4;4;;;;100000;;;;;;;;;;1;;;4
20230313;03;2023;7374435;1;1;01;;1;4346.1949195;76;1;1;4;1;1;1;1;1;3;1;1;4;2;1;1;1;1;1;3;4;;;;500000;;;1;;;;;;;;;;3
20230313;03;2023;7374436;1;1;01;;1;4109.9289449;76;1;1;4;1;1;1;1;1;3;1;1;3;1;1;1;1;1;1;3;3;;;;;500000;;;;;;;;;1;;;2
20230313;03;2023;7374437;1;1;01;;1;4483.1047943;76;1;1;4;1;1;1;1;1;3;1;1;4;2;1;1;1;1;1;3;3;;;;;480000;;1;;;;;;;;;;5
20230313;03;2023;7374438;1;1;01;;1;3201.758676;76;2;1;2;1;2;1;1;1;3;1;1;3;1;1;1;1;1;1;3;3;;;;;350000;;1;;;;;;;;;;1
20230313;03;2023;7374439;1;1;01;;1;3904.0797547;76;1;1;4;1;2;1;1;1;3;1;2;1;1;1;2;1;1;1;3;3;;;;;300000;;;;;;;;;1;;;1
20230313;03;2023;7374439;2;2;01;;1;3904.0797547;76;1;1;4;1;2;1;1;1;3;1;2;1;1;1;2;1;1;1;3;3;;;;;300000;;;;;;;;;1;;;2
20230313;03;2023;7374440;1;1;01;;1;2900.1332829;76;2;1;2;1;2;1;1;1;3;1;1;3;2;1;1;1;1;1;3;3;;;;;500000;;;;;;;;;1;;;3
20230313;03;2023;7374441;1;1;01;;1;3887.5377364;76;2;1;4;1;2;1;1;1;3;1;1;3;2;1;1;1;1;1;3;4;;;;300000;;;;;;;;;;1;;;2
20230313;03;2023;7374442;1;1;01;;1;4839.9832363;76;2;1;4;1;1;1;1;1;3;1;1;3;2;1;1;1;1;1;3;4;;;;400000;;;1;;;;;;;;;;2
20230313;03;2023;7374443;1;1;01;;1;2593.4245276;76;2;1;4;1;1;1;1;1;3;1;1;1;1;1;1;1;1;1;3;1;;;98;400000;;;;;;;;;;1;;;1
20230313;03;2023;7374444;1;1;01;;1;3485.7363197;76;2;1;4;1;2;2;1;1;3;1;1;2;1;1;1;1;1;1;4;3;;;;;500000;;;;;;;;;1;;;3
20230313;03;2023;7374446;1;1;01;;1;2208.9619449;76;2;1;4;1;3;1;1;1;3;1;1;3;2;1;1;1;1;1;3;1;;;99;500000;;;;;;;;;;1;;;3
20230313;03;2023;7374447;1;1;01;;1;6571.7234678;76;2;1;4;1;3;1;1;1;3;1;1;3;2;1;1;1;1;1;3;1;;;150000000;650000;;;1;;;;;;;;;;4
20230313;03;2023;7374448;1;1;01;;1;3601.9785105;76;1;1;4;1;3;1;1;1;3;1;1;6;1;1;1;1;1;1;3;1;;;300000000;1000000;;;;;;;;;;1;;;1
20230313;03;2023;7374449;1;1;01;;1;3725.3969102;76;2;1;4;1;3;1;1;1;3;1;1;3;2;1;1;1;1;1;3;3;;;;;1100000;;1;;;;;1;;;;;3
20230313;03;2023;7374450;1;1;01;;1;2593.4245276;76;1;1;4;1;1;1;1;1;3;1;1;4;1;1;1;1;1;1;3;3;;;;;450000;;;;;;;;;1;;;1
20230313;03;2023;7374451;1;1;01;;1;6118.9110496;76;1;1;4;1;2;1;1;1;3;1;1;4;2;1;1;1;1;1;3;4;;;;200000;;;;;;;;;;1;;;2
20230313;03;2023;7374452;1;1;01;;1;5532.9805597;76;3;1;4;1;2;1;1;1;3;1;1;1;1;1;2;1;1;6;;3;;;;;180000;;;;;;;;;1;;;1
20230313;03;2023;7374453;1;1;01;;1;7951.7817335;76;2;1;4;1;2;1;1;1;3;1;1;3;2;1;1;1;1;1;3;3;;;;;300000;;;;;;;;;1;;;2
20230313;03;2023;7374454;1;1;01;;2;2910.7591359;76;2;1;2;1;1;2;1;1;3;1;1;3;2;1;1;1;1;1;4;3;;;;;350000;;;;;;;;;1;;;4
20230313;03;2023;7374455;1;1;01;;2;3510.8832915;76;2;1;2;1;1;1;1;1;3;1;1;3;2;1;1;1;1;1;3;3;;;;;200000;;;;;;;;;1;;;3
20230313;03;2023;7374457;1;1;01;;1;5700.2303402;76;1;1;4;1;2;1;1;1;3;1;1;3;2;1;1;1;1;1;3;1;;;98;350000;;;1;;;;;;;;;;2
20230313;03;2023;7374459;1;1;01;;2;2241.6180287;76;2;1;3;1;1;2;1;2;;1;1;3;1;1;1;5;1;1;5;3;;;;;200000;;;;;;;;;1;;;3
20230313;03;2023;7374460;1;1;01;;1;264.47931207;66;1;1;4;1;3;1;1;1;2;1;1;4;2;1;1;1;1;1;3;3;;;;;950000;;1;;;;;1;;;;;3
20230313;03;2023;7374461;1;1;01;;1;229.20283272;66;2;1;4;1;3;1;1;1;2;1;1;4;2;1;1;1;1;1;3;1;;;98;400000;;;1;;;;;;;;;;2
20230313;03;2023;7374463;1;1;01;;1;192.53902567;66;2;1;4;1;3;1;1;1;2;1;1;3;1;1;1;1;1;3;3;3;;;;;550000;;1;;;;;;;;;;1
20230313;03;2023;7374464;1;1;01;;1;242.82229615;66;2;1;4;1;2;1;1;1;2;1;1;4;1;1;1;1;1;1;3;3;;;;;500000;;1;;;;;;;;;;1
20230313;03;2023;7374465;1;1;01;;1;180.16703446;66;2;1;4;1;2;1;1;1;2;1;1;3;2;1;1;1;1;1;3;3;;;;;700000;;1;;;;;;;;;;2
20230313;03;2023;7374466;1;1;01;;1;264.47931207;66;2;1;4;1;3;1;1;1;2;1;1;4;2;1;1;1;1;1;3;3;;;;;500000;;1;;;;;;;;;;3
20230313;03;2023;7374467;1;1;01;;1;621.70227555;66;2;1;4;1;2;1;1;1;2;1;1;4;3;1;1;1;1;1;3;1;;;99;450000;;;1;;;;;;;;;;3
20230313;03;2023;7374468;1;1;01;;1;639.46879197;66;1;1;4;1;1;1;1;1;2;1;1;3;3;1;1;1;1;3;3;4;;;;550000;;;1;;;;;;;;;;6
20230313;03;2023;7374469;1;1;01;;1;311.0766101;66;2;1;4;1;2;1;1;1;2;1;1;4;2;1;1;1;1;1;3;1;;;130000000;400000;;;1;;;;;;;;;;2
20230313;03;2023;7374470;1;1;01;;1;246.22816297;66;1;1;4;1;2;1;1;1;2;1;1;2;1;1;1;1;1;1;3;4;;;;450000;;;1;;;;;;;;;;2
20230313;03;2023;7374471;1;1;01;;1;361.01067312;66;2;1;4;1;2;1;1;1;2;1;1;4;1;1;1;1;1;1;3;4;;;;450000;;;;;;;;;;1;;;1
20230313;03;2023;7374472;1;1;01;;1;596.1657816;66;1;1;4;1;2;1;1;1;2;1;1;3;2;1;1;1;1;1;3;4;;;;500000;;;1;;;;;;;;;;4
20230313;03;2023;7374473;1;1;01;;1;474.42575249;66;1;1;4;1;1;1;1;1;2;1;1;3;2;1;1;1;1;1;3;4;;;;350000;;;;;;;;;;1;;;2
20230313;03;2023;7374474;1;1;01;;1;421.71177999;66;1;1;4;1;2;1;1;1;2;1;1;4;1;1;1;1;1;1;3;1;;;98;450000;;;1;;;;;;;;;;2
20230313;03;2023;7374475;1;1;01;;1;471.21533236;66;1;1;4;1;2;1;1;1;2;1;1;3;1;1;1;1;1;1;3;1;;;99;300000;;;1;;;;;;;;;;3
20230313;03;2023;7374478;1;1;01;;1;426.83069991;66;2;1;4;1;2;1;1;1;2;1;1;3;2;1;1;1;1;1;3;3;;;;;350000;;1;;;;;;;;;;3
20230313;03;2023;7374479;1;1;01;;1;246.22816297;66;2;1;4;1;3;1;1;1;2;1;1;2;1;1;1;1;1;1;3;3;;;;;400000;;1;;;;;;;;;;2
20230313;03;2023;7374480;1;1;01;;1;713.64439727;66;2;1;4;1;2;1;1;1;2;1;1;3;1;1;1;1;1;3;3;3;;;;;450000;;;;;;;;;1;;;3
20230313;03;2023;7374481;1;1;01;;1;359.64324234;66;2;1;2;1;2;1;1;1;2;1;1;4;2;1;1;1;1;1;3;1;;;99;400000;;;1;;;;;;;;;;3
20230313;03;2023;7374482;1;1;01;;1;424.49168947;66;2;1;4;1;2;1;1;1;2;1;1;3;2;1;1;1;1;1;3;1;;;170000000;500000;;;1;;;;;;;;;;3
20230313;03;2023;7374483;1;1;01;;1;359.64324234;66;2;1;2;1;2;1;1;1;2;1;1;4;2;1;1;1;1;1;3;1;;;90000000;400000;;;1;;;;;;;;;;3
20230313;03;2023;7374484;1;1;01;;1;425.42954606;66;2;1;4;1;2;1;1;1;2;1;1;3;2;1;1;1;1;1;3;3;;;;;450000;;1;;;;;;;;;;4
20230313;03;2023;7374485;1;1;01;;1;735.11735492;66;2;1;4;1;2;1;1;1;2;1;1;3;2;1;1;1;1;1;3;4;;;;350000;;;1;;;;;;;;;;4
20230313;03;2023;7374486;1;1;01;;1;495.89871014;66;2;1;4;1;2;1;1;1;2;1;1;5;2;1;1;1;1;1;3;1;;;98;450000;;;1;;;;1;;;;;;3
20230313;03;2023;7374487;1;1;01;;1;733.49889824;66;2;1;4;1;1;1;1;1;2;1;1;4;3;1;1;1;1;1;3;3;;;;;720000;;1;;;;;;;;;;5
20230313;03;2023;7374488;1;1;01;;1;503.85214981;66;2;1;4;1;2;1;1;1;2;1;1;4;2;1;1;1;1;1;3;3;;;;;730000;;1;;;;;;;;;;3
20230313;03;2023;7374489;1;1;01;;1;377.32594619;66;2;1;4;1;2;1;1;1;2;1;1;3;2;1;1;1;1;1;3;3;;;;;500000;;1;;;;;;;;;;3
20230313;03;2023;7374490;1;1;01;;1;232.12670851;66;2;1;4;1;1;1;1;1;2;1;1;3;2;1;1;1;1;1;3;3;;;;;450000;;1;;;;;;;;;;3
20230313;03;2023;7374491;1;1;01;;1;634.35057535;66;1;1;4;1;2;1;1;1;2;1;1;4;2;1;1;1;1;1;3;3;;;;;450000;;1;;;;;;;;;;3
20230313;03;2023;7374492;1;1;01;;1;340.71690681;66;1;1;4;1;2;1;1;1;2;1;1;4;2;1;1;1;1;1;3;2;;200000;99;500000;;;1;;;;;;;;;;3
20230313;03;2023;7374493;1;1;01;;1;281.19131731;66;1;1;4;1;2;1;1;1;2;1;1;3;1;1;1;1;1;1;3;3;;;;;200000;;1;;;;;;;;;;1
20230313;03;2023;7374494;1;1;01;;1;398.35997093;66;1;1;4;1;2;1;1;1;2;1;1;3;2;1;1;1;1;1;3;3;;;;;400000;;1;;;;;;;;;;3
20230313;03;2023;7374495;1;1;01;;1;256.03495201;66;1;1;4;1;2;1;1;1;2;1;1;3;3;1;1;1;1;1;3;1;;;99;300000;;;1;;;;;;;;;;6
20230313;03;2023;7374496;1;1;01;;1;226.18068513;66;2;1;4;1;4;1;1;1;2;1;1;4;2;1;1;1;1;1;3;4;;;;900000;;;;;;;;;;1;;;2
20230313;03;2023;7374497;1;1;01;;1;191.51079342;66;2;1;4;1;4;1;1;1;2;1;1;4;1;1;1;1;1;1;3;1;;;350000000;1500000;;;1;;;;;1;;;;;2
20230313;03;2023;7374498;1;1;01;;1;382.00472119;66;2;1;4;1;2;1;1;1;2;1;1;3;2;1;1;1;1;1;3;4;;;;500000;;;1;;;;;;;;;;2
20230313;03;2023;7374499;1;1;01;;1;572.95678848;66;2;1;4;1;2;1;1;1;2;1;1;3;1;1;1;1;1;1;3;3;;;;;420000;;1;;;;;;;;;;3
20230313;03;2023;7374500;1;1;01;;1;299.58423934;66;2;1;4;1;4;1;1;1;2;1;1;2;1;1;1;1;1;3;3;1;;;98;950000;;;1;;;1;;1;;;;;2
20230313;03;2023;7374501;1;1;01;;1;226.18068513;66;2;1;4;1;4;1;1;1;2;1;1;2;1;1;1;1;1;3;3;1;;;98;800000;;;;;;;;;;1;;;2
20230313;03;2023;7374502;1;1;01;;1;213.41557095;66;2;1;4;1;2;1;1;1;2;1;1;3;3;1;1;1;1;1;3;4;;;;450000;;;1;;;;;;;;;;4
20230313;03;2023;7374503;1;1;01;;1;609.05181501;66;1;1;4;1;2;1;1;1;2;1;1;4;3;1;1;1;1;3;3;2;;800000;90000000;450000;;;1;;1;;;;;;;;5
20230313;03;2023;7374504;1;1;01;;1;360.31799312;66;1;1;4;1;2;1;1;1;2;1;1;3;1;1;1;1;1;3;3;1;;;98;600000;;;1;;1;;;;;;;;2
20230313;03;2023;7374505;1;1;01;;1;246.04240265;66;2;1;4;1;4;1;1;1;2;1;1;2;1;1;1;1;1;1;3;4;;;;550000;;;1;;;;;;;;;;1
20230313;03;2023;7374506;1;1;01;;1;314.46619827;66;2;1;4;1;4;1;1;1;2;1;1;3;3;1;1;1;1;2;3;3;;;;;1200000;;1;;;;;1;;;;;3
20230313;03;2023;7374507;1;1;01;;1;474.42575249;66;2;1;4;1;2;1;1;1;2;1;1;4;1;1;1;1;1;1;3;4;;;;550000;;;1;;;;;;;;;;2
20230313;03;2023;7374509;1;1;01;;1;166.59816628;66;1;1;4;1;4;1;1;1;3;1;1;5;2;1;1;1;1;1;3;1;;;400000000;1500000;;;1;;1;;;1;;;;;3
20230313;03;2023;7374510;1;1;01;;1;191.51079342;66;2;1;4;1;5;1;1;1;2;1;1;4;1;1;1;1;1;1;3;3;;;;;950000;;1;;;;;1;;;;;2
20230313;03;2023;7374511;1;1;01;;1;131.32168692;66;1;1;4;1;5;1;1;1;2;1;1;3;2;1;1;1;1;1;3;3;;;;;800000;;1;;;;;;;;;;2
20230313;03;2023;7374512;1;1;01;;1;319.39300646;66;1;1;4;1;4;1;1;1;2;1;1;5;3;1;1;1;1;1;3;1;;;98;1500000;;;1;;;;;1;;;;;4
20230313;03;2023;7374513;1;1;01;;1;203.99126974;66;1;1;4;1;5;1;1;1;2;1;1;4;2;1;1;1;1;1;3;4;;;;1200000;;;1;;;;;1;;;;;2
20230313;03;2023;7374514;1;1;01;;1;522.52518388;66;2;1;4;1;2;1;1;1;2;1;1;3;2;1;1;1;1;1;3;3;;;;;450000;;1;;;;;;;;;;3
20230313;03;2023;7374516;1;1;01;;1;264.47931207;66;1;1;4;1;3;1;1;1;2;1;1;3;2;1;1;1;1;1;3;3;;;;;700000;;1;;;;;1;;;;;3
20230313;03;2023;7374517;1;1;01;;1;380.61034521;66;1;1;4;1;3;1;1;1;2;1;1;2;2;1;1;1;1;1;3;3;;;;;500000;;1;;;;;;;;;;3
20230313;03;2023;7374520;1;1;01;;1;470.36221619;66;1;1;4;1;2;1;1;1;2;1;1;4;3;1;1;1;1;1;3;3;;;;;330000;;1;;;;;;;;;;4
20230313;03;2023;7374521;1;1;01;;1;265.36211018;66;1;1;2;1;1;1;1;1;2;1;1;3;3;1;1;1;1;1;3;3;;;;;400000;;1;;;;;;;;;;3
20230313;03;2023;7374522;1;1;01;;1;258.576537;66;1;1;4;1;2;1;1;1;2;1;1;4;1;1;1;1;1;1;3;3;;;;;450000;;1;;;;;;;;;;2
20230313;03;2023;7374523;1;1;01;;1;269.10973598;66;1;1;4;1;5;1;1;1;2;1;1;4;4;1;1;1;1;1;3;1;;;180000000;1200000;;1;1;;;;;1;;;;;4
20230313;03;2023;7374524;1;1;01;;1;242.82229615;66;1;1;4;1;5;1;1;1;2;1;1;2;1;1;1;1;1;1;3;1;;;200000000;1000000;;;1;1;;;;1;;;;;1
20230313;03;2023;7374525;1;1;01;;2;367.87031924;66;1;1;4;1;2;2;1;2;;1;1;2;1;1;1;4;1;1;4;1;;;99;300000;;;1;;;;;;;;;;2
20230313;03;2023;7374526;1;1;01;;2;394.10713078;66;1;1;4;1;2;2;1;2;;1;1;4;2;1;1;5;1;1;5;1;;;99;100000;;;;;;;;;;1;;;3
20230313;03;2023;7374527;1;1;01;;2;290.87791801;66;1;1;4;1;2;2;1;2;;1;1;4;4;1;1;4;1;1;4;1;;;80000000;350000;;;1;;;;;;;;;;5
20230313;03;2023;7374528;1;1;01;;2;393.28592434;66;1;1;2;1;1;2;1;2;;1;1;1;1;1;1;5;1;1;4;1;;;99;50000;;;;;;;;;;1;;;1
20230313;03;2023;7374529;1;1;01;;2;467.29597557;66;2;1;2;1;1;2;1;2;;1;1;4;2;1;1;5;1;1;4;1;;;99;120000;;;1;;;;;;;;;;2
20230313;03;2023;7374530;1;1;01;;2;429.3142946;66;1;1;4;1;2;2;1;2;;1;1;2;2;1;1;4;1;1;4;1;;;90000000;100000;;;1;;;;;;;;;;4
20230313;03;2023;7374531;1;1;01;;2;492.71158067;66;2;1;2;1;1;2;1;2;;1;1;1;1;1;1;5;1;1;4;4;;;;80000;;;1;;;;;;;;;;1
20230313;03;2023;7374532;1;1;01;;2;524.12856045;66;2;1;2;1;1;2;1;2;;1;1;3;2;1;1;4;1;1;4;4;;;;80000;;;1;;;;;;;;;;4
20230313;03;2023;7374533;1;1;01;;2;409.91277656;66;1;1;4;1;2;2;1;2;;1;1;3;2;1;1;4;1;1;4;1;;;40000000;100000;;;;;;;;;;1;;;2
20230313;03;2023;7374534;1;1;01;;2;377.48027856;66;1;1;2;1;2;2;1;2;;1;1;5;2;1;1;5;1;1;4;1;;;99;200000;;;1;;;;;;;;;;2
20230313;03;2023;7374535;1;1;01;;2;351.24346702;66;1;1;2;1;1;2;1;2;;1;1;2;1;1;1;4;1;1;4;1;;;99;100000;;;;;;;;;;1;;;1
20230313;03;2023;7374536;1;1;01;;2;709.72776525;66;1;1;2;1;2;2;1;2;;1;1;1;1;1;1;4;1;1;4;3;;;;;60000;;1;;;;;;;;;;3
20230313;03;2023;7374537;1;1;01;;2;620.50161041;66;1;1;2;1;1;2;1;2;;1;1;1;1;1;1;4;1;1;4;1;;;35000000;80000;;;;;;;;;;1;;;2
20230313;03;2023;7374539;1;1;01;;1;392.06258929;66;1;1;3;1;5;1;1;1;2;1;1;4;3;1;1;1;1;1;3;3;;;;;1300000;;1;;;;;1;;;;;4
20230313;03;2023;7374540;1;1;01;;1;155.09532695;66;1;1;4;1;5;1;1;1;2;1;1;4;2;1;1;1;1;1;3;4;;;;1500000;;;1;;;;;1;;;;;2
20230313;03;2023;7374541;1;1;01;;1;385.69899677;66;2;1;4;1;4;1;1;1;2;1;1;3;2;1;1;1;1;1;3;1;;;99;1500000;;;1;;;;;1;;;;;3
20230313;03;2023;7374542;1;1;01;;2;356.70839744;66;1;1;4;1;1;2;2;2;;2;1;3;2;2;1;4;2;1;4;1;;;40000000;100000;;;1;;;;;;;;;;2
20230313;03;2023;7374543;1;1;01;;2;562.35340008;66;1;1;2;1;1;2;2;2;;1;1;3;3;2;1;4;1;1;5;4;;;;200000;;;;;;;;;;;1;;5
20230313;03;2023;7374544;1;1;01;;2;474.28549211;66;1;1;4;1;1;2;2;2;;1;1;4;3;2;1;4;1;1;5;1;;;99;400000;;;1;;;;;;;;;;5
20230313;03;2023;7374545;1;1;01;;2;410.51081556;66;1;5;3;1;1;2;2;2;;2;1;2;2;2;1;4;2;5;5;4;;;;50000;;;1;;;;;;;;;;5
20230313;03;2023;7374546;1;1;01;;2;338.90891643;66;1;4;2;1;1;2;2;2;;2;1;3;2;3;1;4;2;1;4;4;;;;80000;;;1;;;;;;;;;;3
20230313;03;2023;7374547;1;1;01;;2;345.06400262;66;1;4;2;1;1;2;2;2;;1;1;2;1;2;1;4;1;6;;4;;;;150000;;;;;;;;;;1;;;1
20230313;03;2023;7374548;1;1;01;;2;203.7124813;66;1;1;4;1;1;2;2;2;;1;1;3;1;2;1;5;1;1;4;3;;;;;200000;;1;;;;;;;;;;2
20230313;03;2023;7374549;1;1;01;;2;632.74318732;66;1;1;4;1;1;2;2;2;;2;1;2;1;2;1;3;2;1;4;4;;;;90000;;;;;;;;;;1;;;4
20230313;03;2023;7374550;1;1;01;;2;257.63308553;66;1;4;2;1;1;2;2;2;;1;1;3;1;2;1;4;1;1;4;1;;;2000000;200000;;;;;;;;;;1;;;2
20230313;03;2023;7374551;1;1;01;;2;649.20958495;66;1;4;2;1;2;2;2;2;;2;1;3;3;2;1;4;2;1;5;4;;;;400000;;;1;;;;;;;;;;5
20230313;03;2023;7374552;1;1;01;;2;264.36329273;66;1;8;3;1;1;2;2;2;;1;1;1;1;2;1;4;1;1;4;4;;;;150000;;;;;;;;;;1;;;2
20230313;03;2023;7374553;1;1;01;;1;246.04240265;66;2;1;4;1;4;1;1;1;2;1;1;3;1;1;1;1;1;1;3;1;;;170000000;700000;;1;1;1;;;;1;;;;;1
20230313;03;2023;7374554;1;1;01;;1;316.34023197;66;2;1;4;1;3;1;1;1;2;1;1;5;1;1;1;1;1;3;3;1;;;180000000;700000;;;1;;;;;;;;;;1
20230313;03;2023;7374555;1;1;01;;1;707.70764485;66;2;1;4;1;3;1;1;1;2;1;1;5;4;1;1;1;1;1;3;3;;;;;600000;;1;;;;;;;;;;6
20230313;03;2023;7374556;1;1;01;;1;240.09251732;66;1;1;4;1;3;1;1;1;2;1;1;4;2;1;1;1;1;1;3;1;;;190000000;650000;;;1;;;;;;;;;;3
20230313;03;2023;7374557;1;1;01;;1;359.64324234;66;1;1;4;1;3;1;1;1;2;1;1;3;2;1;1;1;1;1;3;4;;;;650000;;;;;;;;;;1;;;3
20230313;03;2023;7374558;1;1;01;;1;316.34023197;66;2;1;4;1;3;1;1;1;2;1;1;3;1;1;1;1;1;1;3;1;;;99;300000;;;1;;;;;;;;;;1
20230313;03;2023;7374560;1;1;01;;1;682.84428145;66;2;1;4;1;3;1;1;1;2;1;1;3;3;1;1;1;1;1;3;3;;;;;500000;;1;;;;;;;;;;5
20230313;03;2023;7374561;1;1;01;;1;478.95508311;66;2;1;4;1;2;1;1;1;2;1;1;3;1;1;1;1;1;1;3;3;;;;;600000;;1;;;;;;;;;;1
20230313;03;2023;7374565;1;1;01;;1;264.47931207;66;1;1;3;1;3;1;1;1;2;1;1;3;2;1;1;1;1;1;3;3;;;;;650000;;1;;;;;;;;;;3
20230313;03;2023;7374566;1;1;01;;1;311.0766101;66;1;1;4;1;3;1;1;1;2;1;1;2;2;1;1;1;1;1;3;3;;;;;700000;;1;;;;;;;;;;2
20230313;03;2023;7374567;1;1;01;;1;611.50410968;66;2;1;4;1;3;1;1;1;2;1;1;3;2;1;1;1;1;1;3;1;;;99;800000;;;1;;;;;1;;;;;3
20230313;03;2023;7374568;1;1;01;;1;320.12230288;66;1;1;4;1;4;1;1;1;2;1;1;3;1;1;1;1;1;1;3;1;;;98;98;;;1;;;;;1;;;;;2
20230313;03;2023;7374569;1;1;01;;2;989.964181;05;1;1;4;1;2;2;2;1;3;1;1;3;2;2;1;1;1;1;4;3;;;;;400000;;1;;;;;;;;;;4
20230313;03;2023;7374570;1;1;01;;2;797.55496303;05;2;1;4;1;2;2;2;1;3;1;1;3;1;2;1;1;1;1;1;3;;;;;400000;;1;;;;;;;;;;1
20230313;03;2023;7374571;1;1;01;;2;891.83376937;05;1;1;4;1;2;2;2;1;3;1;1;4;3;2;1;1;1;1;1;5;;;;500000;;;1;;;;1;;;;;;4
20230313;03;2023;7374572;1;1;01;;2;596.80301351;05;1;1;2;1;2;2;2;1;3;1;1;4;3;2;1;1;1;1;4;1;;;50000000;300000;;;1;;;;1;;;;;;4
20230313;03;2023;7374573;1;1;01;;2;470.84569603;05;1;1;2;1;2;2;2;1;3;1;1;3;2;2;1;1;1;1;4;1;;;50000000;300000;;;;;;;;;;1;;;3
20230313;03;2023;7374574;1;1;01;;2;897.01466607;05;1;1;4;1;2;2;2;1;3;1;1;2;2;3;1;1;1;1;1;4;;;;600000;;;1;;;;;;;;;;3
20230313;03;2023;7374575;1;1;01;;2;470.84569603;05;1;1;4;1;2;2;2;1;3;1;1;3;2;2;1;1;1;1;1;1;;;90000000;500000;;;;;;;;;;1;;;2
20230313;03;2023;7374576;1;1;01;;2;783.32856009;05;1;1;4;1;2;2;2;1;3;1;1;4;3;2;1;1;1;1;1;1;;;98;300000;;;1;;;;1;;;;;;3
20230313;03;2023;7374577;1;1;01;;2;470.84569603;05;1;1;4;1;2;2;2;1;3;1;1;4;1;2;1;1;1;1;4;1;;;100000000;1200000;;;1;;;;;;;;;;2
20230313;03;2023;7374578;1;1;01;;2;783.32856009;05;1;1;2;1;2;2;2;1;3;1;1;4;2;2;1;1;1;1;4;3;;;;;200000;;;;;;;;;1;;;3
20230313;03;2023;7374579;1;1;01;;1;1654.1301047;23;2;5;1;1;1;1;1;1;3;1;1;2;1;1;1;1;1;5;3;3;;;;;150000;;;;;;;;;1;;;4
20230313;03;2023;7374580;1;1;01;;1;772.50645696;23;1;1;2;1;1;1;1;1;3;1;1;6;5;1;1;1;1;1;3;1;;;50000000;350000;;;;;;;;;;1;;;9
20230313;03;2023;7374581;1;1;01;;1;2205.8919778;23;1;1;2;1;1;1;1;1;3;1;1;2;1;1;1;1;1;3;3;3;;;;;190000;;;;;;;;;1;;;5
20230313;03;2023;7374582;1;1;01;;1;2826.5467036;23;1;1;2;1;1;1;1;1;3;1;1;3;2;1;1;1;1;1;3;1;;;37000000;350000;;;;;;;;;;1;;;3
20230313;03;2023;7374583;1;1;01;;1;2147.4235745;23;1;1;2;1;1;1;1;1;3;1;1;3;1;1;1;1;1;1;3;1;;;30000000;250000;;;;;;;;;;1;;;2
20230313;03;2023;7374584;1;1;01;;1;2761.2343427;23;2;1;1;1;1;1;1;1;3;1;1;3;2;1;1;1;1;1;3;3;;;;;250000;;;;;;;;;1;;;2
20230313;03;2023;7374585;1;1;01;;1;1526.3438118;23;1;1;2;1;1;1;1;1;3;1;1;4;3;1;1;1;1;1;3;3;;;;;300000;;1;;;;;;;;;;7
20230313;03;2023;7374586;1;1;01;;1;2099.5726495;23;1;1;2;1;1;1;1;1;3;1;1;3;2;1;1;1;1;1;3;2;;245000;30000000;250000;;;;;1;;;;;;;;3
20230313;03;2023;7374587;1;1;01;;1;2355.8743038;23;1;1;2;1;1;1;1;1;3;1;1;3;2;1;1;1;1;1;3;1;;;4500000;400000;;;;;;;;;;1;;;4
20230313;03;2023;7374588;1;1;01;;2;4404.1569751;23;1;1;1;1;1;2;2;2;;2;1;3;2;2;1;4;3;5;4;4;;;;150000;;;;;;;;;;1;;;3
20230313;03;2023;7374589;1;1;01;;2;4117.0195677;23;2;1;2;1;1;2;2;2;;2;1;4;2;2;1;4;3;1;4;1;;;18000000;200000;;;;;;;;;;1;;;4
20230313;03;2023;7374590;1;1;01;;2;3205.2189388;23;1;1;1;1;1;2;2;2;;2;1;3;2;2;1;3;3;5;4;1;;;17000000;150000;;;;;;;;;;1;;;6
20230313;03;2023;7374591;1;1;01;;2;2133.4264148;23;1;1;1;1;1;2;2;2;;2;1;3;2;2;1;4;4;5;5;4;;;;100000;;;;;;;;;;1;;;5
20230313;03;2023;7374592;1;1;01;;2;2194.9420619;23;1;4;1;1;1;2;2;2;;2;1;2;1;2;1;4;4;5;5;1;;;12000000;100000;;;;;;;;;;1;;;1
20230313;03;2023;7374594;1;1;01;;2;819.63663588;23;1;1;4;1;1;2;2;2;;2;1;3;2;2;1;4;4;5;5;1;;;22000000;170000;;;;;;;;;;1;;;5
20230313;03;2023;7374595;1;1;01;;1;160.8943273;05;2;1;4;1;2;1;1;1;3;1;1;3;2;1;1;1;1;1;3;1;;;150000000;1200000;;;;;;;;;;1;;;4
20230313;03;2023;7374596;1;1;01;;1;81.031680695;05;1;1;4;1;2;1;1;1;3;1;1;6;4;1;1;1;1;1;3;4;;;;800000;;;;;;;1;;;;;;5
20230313;03;2023;7374597;1;1;01;;1;80.382838526;05;1;1;4;1;2;1;1;1;3;1;1;6;4;1;1;1;1;1;3;4;;;;1500000;;;1;;;;;;;;;;4
20230313;03;2023;7374598;1;1;01;;1;127.24451979;05;2;1;4;1;2;1;1;1;3;1;1;3;2;1;1;1;1;1;3;4;;;;1200000;;;;;;;;;;1;;;4
20230313;03;2023;7374599;1;1;01;;1;63.24776284;05;1;1;2;1;2;2;1;1;3;1;1;4;3;1;1;1;1;1;4;3;;;;;1000000;;1;;;;;1;;;;;6
20230313;03;2023;7374600;1;1;01;;1;63.24776284;05;1;1;4;1;2;1;1;1;3;1;2;5;4;1;1;1;1;1;3;4;;;;1800000;;;1;;;;;;;;;;6
20230313;03;2023;7374600;2;2;01;;1;63.24776284;05;1;1;4;1;2;1;1;1;3;1;2;3;2;1;1;1;1;1;3;4;;;;800000;;;1;;;;;;;;;;4
20230313;03;2023;7374601;1;1;01;;1;170.35358536;05;1;1;4;1;3;1;1;1;3;1;1;4;2;1;1;1;1;1;3;1;;;10000000;1000000;;;;;;;;;;1;;;2
20230313;03;2023;7374602;1;1;01;;1;83.386148324;05;2;1;2;1;2;1;1;1;3;1;1;4;3;1;1;1;1;1;3;4;;;;1000000;;;1;;;;;;;;;;4
20230309;03;2023;7374604;1;1;01;;1;195.29145039;05;2;1;4;1;3;2;1;1;3;1;1;3;1;1;1;1;1;1;4;3;;;;;800000;;1;;;;;;;;;;2
20230309;03;2023;7374605;1;1;01;;1;140.65323738;05;2;1;4;1;2;1;1;1;3;1;1;3;2;1;1;1;1;1;3;3;;;;;900000;;1;;;;;;;;;;5
20230309;03;2023;7374606;1;1;01;;1;102.36871711;05;2;1;4;1;3;1;1;1;3;1;1;2;1;1;1;1;1;1;3;3;;;;;665000;;1;;;;1;;;;;;5
20230309;03;2023;7374607;1;1;01;;1;203.08510705;05;2;1;4;1;3;1;1;1;3;1;1;3;1;1;1;1;1;1;3;1;;;250000000;1200000;;;;;;;;;;1;;;1
20230309;03;2023;7374608;1;1;01;;1;175.26213697;05;2;1;4;1;3;2;1;1;3;1;1;4;2;1;1;1;1;1;4;1;;;250000000;1200000;;;1;;;;1;;;;;;4
20230309;03;2023;7374609;1;1;01;;1;115.20359282;05;2;1;4;1;3;2;1;1;3;1;1;3;2;1;1;1;1;1;4;3;;;;;850000;;1;;;;;;;;;;3
20230309;03;2023;7374610;1;1;01;;1;182.33223999;05;2;1;4;1;3;2;1;1;3;1;1;4;3;1;1;1;1;1;4;3;;;;;1150000;;1;;;;;;;;;;5
20230309;03;2023;7374611;1;1;01;;1;137.01356998;05;2;1;4;1;3;2;1;1;3;1;1;3;2;1;1;1;1;1;4;3;;;;;850000;;1;;;;;;;;;;4
20230309;03;2023;7374612;1;1;01;;1;163.7997927;05;2;1;4;1;3;2;1;1;3;1;1;4;3;1;1;1;1;1;4;3;;;;;1055000;;1;;;;;;;;;;3
20230309;03;2023;7374613;1;1;01;;1;145.08446708;05;2;1;4;1;3;1;1;1;3;1;1;4;2;1;1;1;1;1;3;1;;;200000000;1000000;;;1;;;;;;;;;;3
20230313;03;2023;7374615;1;1;01;;1;185.79523827;05;2;1;4;1;2;1;1;1;3;1;1;4;1;1;1;1;1;1;3;3;;;;;1000000;;1;;;;;1;;;;;1
20230313;03;2023;7374616;1;1;01;;1;162.88757147;05;2;1;4;1;2;2;1;1;3;1;1;6;2;1;1;1;1;1;4;3;;;;;1060000;;1;;;;;;;;;;4
20230313;03;2023;7374617;1;1;01;;1;171.3602149;05;2;1;4;1;3;1;1;1;3;1;1;2;1;1;1;1;1;1;4;4;;;;600000;;;;;;;;;;1;;;1
20230312;03;2023;7374618;1;1;01;;1;248.07134923;05;2;1;4;1;3;2;1;1;3;1;1;3;2;1;2;1;1;1;4;3;;;;;1300000;;;;1;;;;;;;;3
20230312;03;2023;7374619;1;1;01;;1;248.09693536;05;2;1;4;1;3;1;1;1;3;1;1;5;4;1;1;1;1;1;3;4;;;;1000000;;;;;;;;;;1;;;4
20230312;03;2023;7374620;1;1;01;;1;329.12874668;05;1;1;4;1;3;2;1;1;3;1;2;4;2;1;1;1;1;1;4;4;;;;800000;;;1;;;;;;;;;;3
20230312;03;2023;7374620;2;2;01;;1;329.12874668;05;1;1;4;1;3;2;1;1;3;1;2;3;2;1;1;1;1;1;4;4;;;;830000;;;;;;;;;;1;;;2
20230312;03;2023;7374621;1;1;01;;1;154.28054705;05;2;1;4;1;3;2;1;1;3;1;1;4;3;1;1;1;1;2;4;3;;;;;800000;;1;;;;;;;;;;3
20230312;03;2023;7374622;1;1;01;;1;228.93839846;05;1;1;4;1;3;2;1;1;3;1;1;4;3;1;1;1;1;1;4;3;;;;;1100000;;1;;;;;;;;;;6
20230312;03;2023;7374623;1;1;01;;1;237.85578123;05;2;1;4;1;3;2;1;1;3;1;1;5;3;1;1;1;1;1;4;3;;;;;1200000;;1;;;;;;;;;;3
20230312;03;2023;7374624;1;1;01;;1;314.14727497;05;2;1;4;1;3;2;1;1;3;1;1;2;1;1;1;1;1;1;4;3;;;;;650000;;;;;;;;;1;;;1
20230312;03;2023;7374626;1;1;01;;1;388.16636618;05;2;1;4;1;3;1;1;1;3;1;1;3;2;1;1;1;1;1;3;3;;;;;1300000;;1;;;;;;;;;;2
20230312;03;2023;7374628;1;1;01;;1;368.93661004;05;2;1;4;1;3;2;1;1;3;1;1;3;2;1;1;1;1;1;4;1;;;300000000;1200000;;;1;;;;;;;;;;2
20230312;03;2023;7374629;1;1;01;;1;461.37429367;05;2;1;2;1;3;2;1;1;3;1;1;3;2;1;1;1;1;1;4;3;;;;;600000;;1;;;;;1;;;;;2
20230312;03;2023;7374630;1;1;01;;1;461.37429367;05;2;1;4;1;3;1;1;1;3;1;1;4;2;1;1;1;1;1;3;3;;;;;600000;;1;;;;;;;;;;2
20230312;03;2023;7374631;1;1;01;;1;264.00823354;05;2;1;4;1;3;1;1;1;3;1;1;4;2;1;1;1;1;1;3;3;;;;;800000;;1;;;;;;;;;;3
20230312;03;2023;7374632;1;1;01;;1;331.79610077;05;2;1;4;1;3;2;1;1;3;1;1;3;2;1;1;1;1;1;4;3;;;;;800000;;1;;;;;;;;;;3
20230312;03;2023;7374634;1;1;01;;1;388.16636618;05;2;1;4;1;3;1;1;1;3;1;1;3;1;1;1;1;1;1;3;3;;;;;870000;;1;;;;;1;;;;;2
20230312;03;2023;7374635;1;1;01;;1;275.42123887;05;2;1;4;1;3;2;1;1;3;1;1;4;1;1;1;1;1;1;4;3;;;;;1000000;;1;;;;;;;;;;2
20230310;03;2023;7374636;1;1;01;05;1;2249.2641941;05;2;1;4;1;5;2;1;1;2;1;3;2;2;1;1;1;1;1;4;3;;;;;800000;;1;;;;;;;;;;2
20230310;03;2023;7374636;2;2;01;05;1;2249.2641941;05;2;1;4;1;5;2;1;1;2;1;3;1;1;1;2;1;1;1;4;3;;;;;500000;;1;;;;;;;;;;1
20230310;03;2023;7374636;3;3;01;05;1;2249.2641941;05;2;1;4;1;5;2;1;1;2;1;3;3;1;1;2;1;1;1;4;3;;;;;450000;;1;;;;;;;;;;1
20230310;03;2023;7374637;1;1;01;05;1;833.0301408;05;2;1;4;1;1;2;1;1;2;1;1;3;2;1;1;1;1;1;4;1;;;60000000;600000;;;;;;;;;;1;;;3
20230310;03;2023;7374638;1;1;01;05;1;707.13416871;05;2;5;3;1;1;2;1;1;2;1;1;1;1;1;1;1;1;1;4;3;;;;;250000;;;;;;;;;1;;;4
20230310;03;2023;7374640;1;1;01;05;1;826.55744955;05;2;1;4;1;1;2;1;1;2;1;1;1;1;1;1;1;1;2;4;3;;;;;300000;;1;;;;;;;;;;3
20230310;03;2023;7374641;1;1;01;05;1;784.23967264;05;2;1;4;1;1;2;1;1;2;1;1;3;2;1;1;1;1;1;4;1;;;80000000;300000;;;1;;;;;;;;;;4
20230310;03;2023;7374642;1;1;01;05;1;1518.9006336;05;2;1;4;1;5;2;1;1;2;1;1;4;2;1;1;1;1;1;4;3;;;;;1600000;;1;;;;;1;;;;;3
20230310;03;2023;7374643;1;1;01;05;1;729.44382667;05;2;1;4;1;1;2;1;1;2;1;1;2;2;1;1;1;1;1;4;4;;;;450000;;;1;;;;;;;;;;5
20230310;03;2023;7374644;1;1;01;05;1;816.34619766;05;2;1;4;1;1;2;1;1;2;1;1;3;1;1;1;1;1;1;4;3;;;;;500000;;1;;;;1;1;;;;;3
20230310;03;2023;7374645;1;1;01;05;1;781.35941541;05;2;1;4;1;3;1;1;1;2;1;1;3;2;1;1;1;1;1;3;1;;;230000000;1200000;;;1;;;;;;;;;;3
20230310;03;2023;7374646;1;1;01;05;1;649.52501954;05;2;1;4;1;3;1;1;1;2;1;1;3;2;1;1;1;1;1;3;3;;;;;950000;;1;;;;;;;;;;3
20230310;03;2023;7374647;1;1;01;05;1;754.98977115;05;2;1;4;1;3;1;1;1;2;1;1;3;1;1;1;1;1;1;3;4;;;;800000;;;1;;;;;;;;;;2
20230310;03;2023;7374648;1;1;01;05;1;705.88306901;05;2;1;4;1;3;1;1;1;4;1;1;4;3;1;1;1;1;1;3;3;;;;;1000000;;1;;;;;1;;;;;5
20230310;03;2023;7374650;1;1;01;05;1;751.61203298;05;2;1;4;1;3;1;1;1;2;1;1;4;2;1;1;1;1;1;3;3;;;;;1000000;;1;;;;1;;;;;;4
20230310;03;2023;7374651;1;1;01;05;1;699.33846112;05;2;1;4;1;3;1;1;1;2;1;1;4;3;1;1;1;1;1;3;3;;;;;900000;;1;;;;;;;;;;4
20230310;03;2023;7374652;1;1;01;05;1;537.51566002;05;2;1;4;1;3;1;1;1;2;1;1;4;3;1;1;1;1;1;3;3;;;;;1008000;;1;;;;;1;;;;;3
20230310;03;2023;7374653;1;1;01;05;1;572.96600163;05;2;1;4;1;1;2;1;1;2;1;1;5;4;1;1;1;1;1;4;1;;;130000000;650000;;;1;;;;;;;;;;5
20230310;03;2023;7374655;1;1;01;05;1;765.75622577;05;2;1;4;1;2;2;1;1;2;1;1;3;2;1;1;1;1;1;4;4;;;;800000;;;1;;;;;;;;;;4
20230310;03;2023;7374656;1;1;01;05;1;821.27279607;05;2;5;3;1;2;2;1;1;2;1;1;1;1;1;2;1;1;2;4;3;;;;;250000;;1;;;;;;;;;;2
20230310;03;2023;7374657;1;1;01;05;1;838.83223273;05;2;1;4;1;2;1;1;1;3;1;1;6;3;1;1;1;1;1;3;2;;1000000;800000000;1500000;;;1;;;;;;;;;;4
20230310;03;2023;7374658;1;1;01;05;1;803.88731798;05;2;1;4;1;4;1;1;1;2;1;1;4;2;1;1;1;1;1;3;3;;;;;1000000;;1;;;;;;;;;;3
20230310;03;2023;7374659;1;1;01;05;1;658.07850485;05;2;1;4;1;3;1;1;1;2;1;1;4;3;1;1;1;1;1;3;4;;;;800000;;;1;;;;;;;;;;4
20230310;03;2023;7374660;1;1;01;05;1;871.72631755;05;2;1;4;1;3;1;1;1;2;1;1;4;2;1;1;1;1;1;3;1;;;110000000;850000;;;1;;;;;;;;;;2
20230310;03;2023;7374661;1;1;01;05;1;943.33338397;05;2;1;4;1;4;1;1;1;2;1;1;4;2;1;1;1;1;1;3;2;;800000;320000000;1600000;;;1;;1;1;;1;;;;;3
20230310;03;2023;7374664;1;1;01;05;1;1518.9006336;05;2;1;4;1;5;2;1;1;2;1;1;4;3;1;1;1;1;1;4;3;;;;;980000;;1;;;;;;;;;;3
20230310;03;2023;7374665;1;1;01;05;1;969.55215485;05;2;1;4;1;2;1;1;1;2;1;1;3;2;1;1;1;1;1;3;3;;;;;850000;;1;;;;;;;;;;3
20230310;03;2023;7374666;1;1;01;05;1;943.33338397;05;2;1;4;1;4;1;1;1;2;1;1;4;1;1;1;1;1;1;3;3;;;;;1616000;;1;;;;;;;;;;3
20230310;03;2023;7374668;1;1;01;05;1;1335.699516;05;2;1;4;1;3;1;1;1;2;1;1;3;2;1;1;1;1;3;3;3;;;;;900000;;1;;;;;;;;;;2
20230310;03;2023;7374669;1;1;01;05;1;1426.6216238;05;2;1;4;1;3;1;1;1;2;1;1;3;1;1;1;1;1;1;3;3;;;;;850000;;1;;;;;;;;;;4
20230310;03;2023;7374671;1;1;01;05;1;605.68037723;05;2;1;4;1;3;1;1;1;2;1;1;4;3;1;1;1;1;1;3;1;;;99;650000;;;1;;;;;;;;;;4
20230310;03;2023;7374672;1;1;01;05;1;754.98977115;05;2;1;4;1;3;1;1;1;2;1;1;3;2;1;1;1;1;1;3;3;;;;;950000;;1;;;;;;;;;;2
20230310;03;2023;7374673;1;1;01;05;1;537.51566002;05;2;1;4;1;3;1;1;1;2;1;1;4;3;1;1;1;1;1;3;3;;;;;800000;;1;;;;;;;;;;3
20230310;03;2023;7374674;1;1;01;05;1;759.25948978;05;2;1;4;1;3;1;1;1;2;1;1;3;1;1;1;1;1;1;3;6;;;;1200000;;;1;;;;;;;;;;1
20230310;03;2023;7374675;1;1;01;05;1;1375.6945183;05;2;1;4;1;4;1;1;1;2;1;1;4;2;1;1;1;1;1;3;3;;;;;1600000;;1;;;;;1;;;;;3
20230310;03;2023;7374676;1;1;01;05;1;1285.704677;05;2;1;4;1;4;1;1;1;2;1;1;3;2;1;1;1;1;1;3;1;;;180000000;1300000;;;1;;;;;;;;;;2
20230310;03;2023;7374678;1;1;01;05;1;742.57465557;05;2;1;4;1;2;2;2;1;2;1;1;3;2;3;1;1;1;1;4;3;;;;;550000;;1;;;;;;;;;;3
20230310;03;2023;7374679;1;1;01;05;1;707.47678028;05;1;1;2;1;2;1;2;1;2;1;1;3;2;3;1;1;1;1;3;3;;;;;450000;;;;;;;;;1;;;3
20230310;03;2023;7374680;1;1;01;05;1;703.89144914;05;2;1;4;1;2;2;2;1;2;1;1;2;2;3;1;1;1;1;4;3;;;;;600000;;1;;;;;;;;;;2
20230310;03;2023;7374681;1;1;01;05;1;906.2474694;05;2;1;4;1;2;1;2;1;2;1;2;4;3;3;1;1;1;1;3;4;;;;400000;;;1;;;;;;;;;;3
20230310;03;2023;7374681;2;2;01;05;1;906.2474694;05;2;1;4;1;2;1;2;1;2;1;2;2;2;3;1;1;1;1;3;4;;;;450000;;;1;;;;;;;;;;4
20230310;03;2023;7374682;1;1;01;05;1;610.81325003;05;2;1;2;1;2;2;2;1;2;1;1;3;2;3;1;1;1;1;4;4;;;;600000;;;;;;;;;;1;;;3
20230310;03;2023;7374683;1;1;01;05;1;982.01241043;05;1;1;4;1;2;1;1;1;2;1;1;2;1;1;1;1;1;1;3;3;;;;;600000;;1;;;;;;;;;;1
20230310;03;2023;7374684;1;1;01;05;1;2385.2512861;05;2;1;4;1;1;1;1;1;3;1;1;3;1;1;1;1;1;1;3;3;;;;;800000;;1;;;;;;;;;;2
20230310;03;2023;7374685;1;1;01;05;1;1065.3973901;05;2;1;4;1;2;1;1;1;2;1;1;3;3;1;1;1;1;1;3;1;;;98;300000;;;1;;;;;;;;;;4
20230310;03;2023;7374686;1;1;01;05;1;4569.1610473;05;2;1;4;1;1;1;1;1;3;1;1;3;2;1;1;1;1;1;3;3;;;;;700000;;1;;;;;;;;;;2
20230310;03;2023;7374688;1;1;01;05;1;678.09608145;05;2;1;4;1;6;1;1;1;2;1;1;4;3;1;1;1;1;1;3;1;;;1100000000;4500000;;;1;;;;;1;;;;;4
20230310;03;2023;7374689;1;1;01;05;1;955.93377913;05;2;1;4;1;6;1;1;1;2;1;1;7;2;1;1;1;1;1;3;2;;2500000;11000000000;5000000;;1;1;1;1;;1;1;;;;;4
20230310;03;2023;7374690;1;1;01;05;1;3708.6529494;05;2;1;4;1;1;1;1;1;2;1;1;3;2;1;1;1;1;1;3;1;;;100000000;700000;;;1;;;;;;;;;;1
20230310;03;2023;7374692;1;1;01;05;1;1124.8288737;05;2;1;4;1;6;1;1;1;2;1;1;2;1;1;1;1;1;3;3;3;;;;;2600000;;1;;;;;1;;;;;1
20230310;03;2023;7374695;1;1;01;05;1;1210.7309966;05;2;1;4;1;1;2;1;1;2;1;1;2;2;1;1;1;1;1;4;3;;;;;450000;;1;;;;;;;;;;2
20230310;03;2023;7374696;1;1;01;05;1;1059.3354381;05;2;1;2;1;1;2;1;1;2;1;1;3;3;1;1;1;1;1;1;1;;;80000000;400000;;;1;;;;;;;;;;5
20230310;03;2023;7374697;1;1;01;05;1;866.03335938;05;2;1;4;1;1;1;1;1;2;1;1;3;2;1;1;1;1;1;3;4;;;;500000;;;1;;;;;;;;;;3
20230310;03;2023;7374698;1;1;01;05;1;762.57965609;05;2;1;4;1;1;2;1;1;2;1;1;1;1;1;1;1;1;1;4;3;;;;;350000;;1;;;;;;;;;;3
20230310;03;2023;7374699;1;1;01;05;1;1406.0360922;05;2;1;2;1;1;2;1;1;2;1;1;1;1;1;1;1;1;1;1;3;;;;;500000;;1;;;;;;;;;;1
20230310;03;2023;7374700;1;1;01;05;1;931.71591372;05;2;1;2;1;1;1;1;1;2;1;1;3;2;1;1;1;1;1;3;2;;1500000;98;300000;;;;;;;;;;1;;;2
20230310;03;2023;7374701;1;1;01;05;1;1926.2870861;05;2;1;4;1;3;1;1;1;2;1;1;5;4;1;1;1;1;1;3;3;;;;;1800000;;1;;;;;;;;;;6
20230310;03;2023;7374702;1;1;01;05;1;596.23839686;05;2;1;4;1;2;1;1;1;2;1;1;3;2;1;1;1;1;1;3;3;;;;;500000;;1;;;;;;;;;;4
20230310;03;2023;7374703;1;1;01;05;1;894.77622973;05;2;1;2;1;2;1;1;1;2;1;1;4;3;1;1;1;1;1;3;3;;;;;600000;;1;;;;;;;;;;4
20230310;03;2023;7374704;1;1;01;05;1;834.47075009;05;2;1;2;1;2;1;1;1;2;1;1;3;2;1;1;1;1;1;3;3;;;;;480000;;1;;;;;;;;;;2
20230310;03;2023;7374705;1;1;01;05;1;903.88034497;05;2;1;4;1;2;1;1;1;2;1;1;1;1;1;1;1;1;2;3;3;;;;;450000;;1;;;;1;;;;;;1
20230310;03;2023;7374706;1;1;01;05;1;894.77622973;05;2;1;2;1;2;1;1;1;2;1;1;3;2;1;1;1;1;1;3;3;;;;;400000;;1;;;;;;;;;;4
20230310;03;2023;7374708;1;1;01;05;1;943.5204265;05;2;1;4;1;2;1;1;1;2;1;1;2;1;1;1;1;1;1;3;4;;;;500000;;;1;;;;;;;;;;2
20230310;03;2023;7374709;1;1;01;05;1;1446.9618804;05;2;1;4;1;1;2;1;1;2;1;1;3;2;1;1;1;1;1;4;1;;;80000000;450000;;;1;;;;;;;;;;3
20230310;03;2023;7374710;1;1;01;05;1;1406.0360922;05;2;1;4;1;1;2;1;1;2;1;1;1;1;1;1;1;1;2;4;3;;;;;300000;;1;;;;;;;;;;1
20230310;03;2023;7374711;1;1;01;05;1;936.45480837;05;2;1;4;1;2;1;1;1;2;1;1;3;3;1;1;1;1;1;3;3;;;;;700000;;1;;;;;;;;;;6
20230310;03;2023;7374712;1;1;01;05;1;1282.2549393;05;2;1;4;1;2;2;1;1;2;1;1;4;3;1;1;1;1;1;4;1;;;60000000;500000;;;1;;;;;;;;;;4
20230310;03;2023;7374713;1;1;01;05;1;1477.4714411;05;2;1;4;1;2;2;1;1;2;1;1;3;2;1;1;1;1;1;4;4;;;;450000;;;1;;;;;;;;;;3
20230310;03;2023;7374714;1;1;01;05;1;1577.2587254;05;2;1;4;1;2;2;1;1;2;1;1;4;3;1;1;1;1;1;4;4;;;;400000;;;1;;;;;;;;;;3
20230310;03;2023;7374715;1;1;01;05;1;1406.0360922;05;2;1;2;1;1;2;1;1;2;1;1;1;1;1;1;1;1;2;4;3;;;;;320000;;1;;;;;;;;;;1
20230310;03;2023;7374716;1;1;01;05;1;1550.199818;05;2;1;4;1;2;2;1;1;2;1;1;3;2;1;1;1;1;1;4;3;;;;;680000;;1;;;;;;;;;;4
20230310;03;2023;7374717;1;1;01;05;1;2399.7687672;05;2;1;4;1;3;1;1;1;3;1;1;3;2;1;1;1;1;1;3;1;;;150000000;850000;;;1;;;;;;;;;;2
20230310;03;2023;7374719;1;1;01;05;1;4048.602495;05;2;1;4;1;3;1;1;1;3;1;1;5;4;1;1;1;1;1;3;3;;;;;1100000;;1;;;;;;;;;;7
20230310;03;2023;7374720;1;1;01;05;1;2123.0443496;05;1;1;4;1;3;1;1;1;2;1;1;3;1;1;1;1;1;1;3;1;;;200000000;800000;;1;1;;;;;;;;;;1
20230310;03;2023;7374721;1;1;01;05;1;1222.2413052;05;2;1;2;1;1;2;1;1;2;1;1;2;1;1;1;1;1;3;4;3;;;;;300000;;;;;;;;;1;;;4
20230310;03;2023;7374722;1;1;01;05;1;1914.5102442;05;2;1;2;1;1;2;1;1;2;1;1;3;1;1;1;1;1;3;4;3;;;;;350000;;1;;;;;1;;;;;2
20230310;03;2023;7374723;1;1;01;05;1;2520.7668583;05;2;1;4;1;3;1;1;1;2;1;1;2;1;1;1;1;1;1;3;3;;;;;850000;;1;;;;;;;;;;1
20230310;03;2023;7374724;1;1;01;05;1;4645.2005537;05;2;1;4;1;3;1;1;1;2;1;1;5;4;1;1;1;1;1;3;1;;;250000000;1200000;;;1;;;;;;;;;;4
20230310;03;2023;7374725;1;1;01;05;1;2022.9626761;05;2;1;2;1;1;2;1;1;2;1;1;1;1;1;1;1;1;2;4;3;;;;;200000;;1;;;;;;;;;;2
20230310;03;2023;7374726;1;1;01;05;1;4006.0636246;05;2;1;4;1;3;1;1;1;2;1;1;6;3;1;1;1;1;1;3;3;;;;;1148000;;1;;;;;;;;;;4
20230310;03;2023;7374727;1;1;01;05;1;2506.5149901;05;2;1;4;1;3;1;1;1;2;1;1;6;5;1;1;1;1;1;3;1;;;400000000;1200000;;;1;;;;;;;;;;6
20230310;03;2023;7374728;1;1;01;05;1;3283.1172964;05;2;1;4;1;3;1;1;1;2;1;1;3;1;1;1;1;1;1;3;1;;;200000000;800000;;;1;;;;;;;;;;2
20230310;03;2023;7374729;1;1;01;05;1;3301.6774608;05;2;1;4;1;3;1;1;1;2;1;1;4;1;1;1;1;1;1;3;3;;;;;870000;;1;;;;;;;;;;2
20230310;03;2023;7374730;1;1;01;05;1;1944.5517976;05;2;1;4;1;1;2;1;1;2;1;1;4;3;1;1;1;1;1;4;3;;;;;600000;;1;;;;;;;;;;5
20230310;03;2023;7374731;1;1;01;05;1;3909.0372628;05;2;1;4;1;3;2;1;1;2;1;1;6;4;1;1;1;1;1;4;4;;;;1400000;;;1;;;;;;;;;;4
20230310;03;2023;7374732;1;1;01;05;1;4907.6890427;05;2;1;4;1;3;1;1;1;3;1;1;2;2;1;1;1;1;1;3;3;;;;;700000;;1;;;;;;;;;;2
20230310;03;2023;7374733;1;1;01;05;1;6574.112975;05;2;1;4;1;3;1;1;1;2;1;1;3;2;1;1;1;1;1;3;3;;;;;1050000;;1;;;;;;;;;;4
20230310;03;2023;7374734;1;1;01;05;1;3898.1631611;05;2;1;4;1;3;1;1;1;2;1;1;3;1;1;1;1;1;1;3;1;;;15000000;700000;;;1;;;;;;;;;;2
20230310;03;2023;7374735;1;1;01;05;1;1911.8287581;05;2;1;4;1;1;2;1;1;2;1;1;3;2;1;1;1;1;1;4;3;;;;;650000;;1;;;;;;;;;;3
20230310;03;2023;7374737;1;1;01;05;1;3311.6460461;05;2;1;4;1;3;1;1;1;3;1;1;2;1;1;1;1;1;1;3;3;;;;;680000;;1;;;;;;;;;;1
20230310;03;2023;7374738;1;1;01;05;1;1997.7544154;05;2;1;4;1;3;1;1;1;2;1;1;5;4;1;1;1;1;1;3;1;;;400000000;1600000;;;1;;;;;;;;;;3
20230310;03;2023;7374740;1;1;01;05;1;2520.7668583;05;2;1;4;1;3;1;1;1;2;1;1;3;1;1;1;1;1;1;3;3;;;;;800000;;1;;;;;;;;;;1
20230310;03;2023;7374741;1;1;01;05;1;1380.9132002;05;2;1;4;1;3;1;1;1;2;1;1;4;3;1;1;1;1;1;3;3;;;;;990000;;1;;;;;;;;;;3
20230310;03;2023;7374742;1;1;01;05;1;2520.7668583;05;2;8;4;1;3;1;1;1;2;1;1;5;1;1;1;1;1;1;3;1;;;250000000;1800000;;;1;;;;;;;;;;1
20230310;03;2023;7374743;1;1;01;05;1;1636.6873507;05;2;1;4;1;3;1;1;1;2;1;1;4;1;1;1;1;1;1;3;3;;;;;929000;;1;;;;;;;;;;1
20230310;03;2023;7374747;1;1;01;05;1;2022.9626761;05;2;1;4;1;3;1;1;1;2;1;1;3;1;1;1;1;1;1;3;1;;;270000000;1000000;;;1;;;;;;;;;;2
20230310;03;2023;7374748;1;1;01;05;1;2486.8936485;05;2;1;4;1;3;1;1;1;2;1;1;4;2;1;1;1;1;1;3;4;;;;550000;;;1;;;;;;;;;;2
20230310;03;2023;7374749;1;1;01;05;1;1788.5371187;05;2;1;4;1;3;1;1;1;2;1;1;4;1;1;1;1;1;1;3;1;;;250000000;2000000;;;1;;;;;;;;;;2
20230310;03;2023;7374754;1;1;01;05;1;751.38585021;05;2;1;2;1;2;2;2;1;2;1;1;2;1;3;1;1;1;1;4;4;;;;400000;;;;;;;;;;1;;;2
20230310;03;2023;7374755;1;1;01;05;1;1871.1129081;05;2;1;4;1;1;2;1;1;2;1;1;2;1;1;1;1;1;1;4;3;;;;;450000;;1;;;;;;;;;;1
20230310;03;2023;7374756;1;1;01;05;1;4694.0203116;05;2;1;4;1;1;1;1;1;2;1;1;3;1;1;1;1;1;3;3;3;;;;;650000;;1;;;;;;;;;;2
20230310;03;2023;7374757;1;1;01;05;1;3545.0918825;05;2;1;4;1;1;1;1;1;2;1;1;3;2;1;1;1;1;3;3;3;;;;;750000;;1;;;;;;;;;;3
20230310;03;2023;7374761;1;1;01;08;1;669.67314696;08;2;1;4;1;4;1;1;1;3;1;1;2;2;1;1;1;1;1;3;1;;;200000000;1500000;;;1;;;;;;;;;;3
20230310;03;2023;7374762;1;1;01;08;1;720.7758203;08;2;1;4;1;4;1;1;1;3;1;1;3;2;1;1;1;10;3;3;1;;;200000000;1500000;;;1;;;;;;;;;;3
20230310;03;2023;7374763;1;1;01;08;1;720.7758203;08;2;1;4;1;4;1;1;1;3;1;1;3;2;1;1;1;1;3;3;1;;;210000000;1300000;;;1;;;;;1;;;;;3
20230310;03;2023;7374765;1;1;01;08;1;780.70021467;08;2;1;4;1;4;1;1;1;3;1;1;3;2;1;1;1;1;1;3;1;;;350000000;1300000;;;1;;;;;1;;;;;2
20230310;03;2023;7374766;1;1;01;08;1;775.81121899;08;2;1;4;1;3;1;1;1;3;1;1;4;1;1;1;1;1;1;3;4;;;;1000000;;;1;;;;;;;;;;2
20230310;03;2023;7374767;1;1;01;08;1;598.49819872;08;2;1;4;1;3;1;1;1;3;1;1;4;3;1;1;1;1;1;3;1;;;200000000;1000000;;;1;;;;;1;;;;;4
20230310;03;2023;7374768;1;1;01;08;1;548.27450022;08;2;1;4;1;3;1;1;1;3;1;1;4;3;1;1;1;1;1;3;1;;;300000000;800000;;;1;;;;;;;;;;4
20230310;03;2023;7374769;1;1;01;08;1;1101.204228;08;2;1;4;1;4;1;1;1;3;1;1;3;2;1;1;1;1;1;3;1;;;220000000;1300000;;;1;;;;;1;;;;;3
20230310;03;2023;7374770;1;1;01;08;1;734.13615201;08;2;1;4;1;3;1;1;1;3;1;1;3;2;1;1;1;1;3;3;3;;;;;600000;;1;;;;;;;;;;3
20230310;03;2023;7374771;1;1;01;08;1;539.75449684;08;2;1;4;1;3;1;1;1;3;1;1;3;2;1;1;1;1;1;3;3;;;;;800000;;1;;;;;;1;;;NEQUI;4
20230310;03;2023;7374772;1;1;01;08;1;986.59423002;08;2;1;4;1;4;1;1;1;3;1;1;4;2;1;1;1;1;1;3;1;;;350000000;1700000;;;1;;;;;;;;;;2
20230310;03;2023;7374773;1;1;01;08;1;1101.204228;08;2;1;4;1;4;1;1;1;3;1;1;3;2;1;1;1;1;1;3;3;;;;;1000000;;1;;;;;;;;;;3
20230310;03;2023;7374774;1;1;01;08;1;942.29750368;08;2;1;4;1;4;1;1;1;3;1;1;4;3;1;1;1;1;1;3;1;;;180000000;1300000;;;1;;;;;;;;;;4
20230310;03;2023;7374776;1;1;01;08;1;927.3368477;08;2;1;4;1;4;1;1;1;3;1;1;3;1;1;1;1;1;1;3;3;;;;;1200000;;1;;;;1;1;;;;;2
20230310;03;2023;7374777;1;1;01;08;1;857.02956643;08;2;1;4;1;4;1;1;1;3;1;1;4;3;1;1;1;1;1;3;3;;;;;1500000;;1;;;;1;1;;;;;4
20230310;03;2023;7374778;1;1;01;08;1;480.32559457;08;2;1;4;1;3;1;1;1;3;1;1;6;3;1;1;1;1;1;3;4;;;;1000000;;;1;;;;;;;;;;3
20230310;03;2023;7374779;1;1;01;08;1;472.12758037;08;2;1;4;1;3;1;1;1;3;1;1;4;2;1;1;1;1;1;3;4;;;;1000000;;;1;;;;;;;;;;3
20230310;03;2023;7374780;1;1;01;08;1;1093.4504782;08;2;1;4;1;4;1;1;1;6;1;1;4;2;1;1;1;1;1;3;1;;;250000000;1700000;;;1;;;;;;;;;;3
20230310;03;2023;7374782;1;1;01;08;1;941.90771667;08;2;1;2;1;4;1;1;1;6;1;1;3;1;1;1;1;1;1;3;1;;;250000000;1600000;;;;;;;;;;1;;;1
20230310;03;2023;7374784;1;1;01;08;1;641.1598902;08;2;1;4;1;3;1;1;1;3;1;1;4;3;1;1;1;1;1;3;4;;;;1000000;;;1;;;;;;;;;;3
20230310;03;2023;7374786;1;1;01;08;1;664.45112278;08;2;1;4;1;5;1;1;1;3;1;1;4;4;1;1;1;1;1;3;3;;;;;1600000;;1;;;;;;;;;;4
20230310;03;2023;7374790;1;1;01;08;1;590.70485077;08;1;1;4;1;5;1;1;1;3;1;1;4;3;1;1;1;1;1;3;3;;;;;2200000;;1;;;;;1;;;;;4
20230310;03;2023;7374791;1;1;01;08;1;690.64928639;08;1;1;4;1;1;1;1;1;3;1;1;3;2;1;1;1;1;1;3;1;;;90000000;600000;;;1;;;;;;;;;;4
20230310;03;2023;7374792;1;1;01;08;1;478.9807136;08;2;1;2;1;1;1;1;1;3;1;1;4;2;1;1;1;1;1;3;1;;;30000000;450000;;;;;;;;;;1;;;6
20230310;03;2023;7374793;1;1;01;08;1;644.03261546;08;1;1;2;1;1;1;1;1;3;1;1;3;2;1;1;1;1;1;3;4;;;;400000;;;;;;;;;;1;;;4
20230310;03;2023;7374794;1;1;01;08;1;706.46658539;08;2;1;4;1;1;1;1;1;3;1;1;3;2;1;1;1;1;1;3;3;;;;;450000;;1;;;;;;;;;;3
20230310;03;2023;7374795;1;1;01;08;1;538.20093866;08;2;1;2;1;1;1;1;1;3;1;1;2;1;1;1;1;1;4;3;3;;;;;200000;;;;;;;;;1;;;4
20230310;03;2023;7374796;1;1;01;08;1;442.56135862;08;2;1;4;1;1;1;1;1;3;1;1;3;2;1;1;1;1;3;3;1;;;200000000;1000000;;;1;;;;;1;;;;;6
20230310;03;2023;7374797;1;1;01;08;1;627.7503256;08;1;1;4;1;1;1;1;1;3;1;1;4;3;1;1;1;1;1;3;1;;;40000000;350000;;;1;;;;;1;;;;;4
20230310;03;2023;7374798;1;1;01;08;1;638.68692286;08;2;1;4;1;1;1;1;1;3;1;1;4;3;1;1;1;1;1;3;3;;;;;600000;;1;;;;;1;;;;;5
20230310;03;2023;7374799;1;1;01;08;1;369.43180321;08;2;1;4;1;1;1;1;1;3;1;1;3;2;1;1;1;1;1;3;4;;;;400000;;;1;;;;;;;;;;7
20230310;03;2023;7374800;1;1;01;08;1;515.94293782;08;2;1;4;1;1;1;1;1;3;1;1;3;2;1;1;1;1;3;3;3;;;;;500000;;1;;;1;;;;;;;5
20230310;03;2023;7374801;1;1;01;08;1;727.32301781;08;2;1;4;1;1;1;1;1;3;1;1;2;1;1;1;1;1;1;3;3;;;;;370000;;1;;;;;;;;;;2
20230310;03;2023;7374802;1;1;01;08;1;738.07907281;08;2;1;2;1;1;1;1;1;3;1;1;2;1;1;1;1;1;3;3;1;;;50000000;300000;;;1;;;;;;;;;;3
20230310;03;2023;7374803;1;1;01;08;1;501.61226981;08;2;1;4;1;1;1;1;1;3;1;1;2;1;1;1;1;1;3;3;1;;;70000000;400000;;;;;;;;;;1;;;2
20230310;03;2023;7374804;1;1;01;08;1;361.01160847;08;1;1;2;1;1;1;1;1;3;1;1;6;3;1;1;1;1;1;3;1;;;40000000;1200000;;;1;;;;;;;;;;5
20230310;03;2023;7374805;1;1;01;08;1;465.93931267;08;1;1;2;1;1;1;1;1;3;1;1;4;1;1;1;1;1;1;3;4;;;;700000;;;;;;;;;;1;;;4
20230310;03;2023;7374806;1;1;01;08;1;328.36146683;08;1;1;2;1;2;1;1;1;3;1;1;3;3;1;1;1;1;1;3;4;;;;700000;;;;;;;;;;1;;;10
20230310;03;2023;7374807;1;1;01;08;1;807.51597808;08;1;1;4;1;1;2;1;1;3;1;1;4;3;1;1;1;1;3;4;4;;;;500000;;;1;;;;;;;;;;6
20230310;03;2023;7374808;1;1;01;08;1;981.20359082;08;2;1;2;1;1;2;1;1;3;1;1;2;1;1;1;1;1;1;1;1;;;40000000;300000;;;;;;;;;;1;;;3
20230310;03;2023;7374809;1;1;01;08;1;738.3508978;08;2;1;4;1;1;2;1;1;3;1;1;3;2;1;1;1;1;1;1;1;;;30000000;600000;;;1;;;;;;;;;;6
20230310;03;2023;7374810;1;1;01;08;1;776.14929073;08;2;1;2;1;1;2;1;1;3;1;1;1;1;1;1;1;1;5;1;4;;;;500000;;;;;;;;;;1;;;7
20230310;03;2023;7374811;1;1;01;08;1;673.79854485;08;2;1;2;1;1;1;1;1;3;1;1;5;4;1;1;1;1;1;3;1;;;50000000;400000;;;1;;;;;;;;;;7
20230310;03;2023;7374812;1;1;01;08;1;892.71459599;08;2;1;4;1;1;2;1;1;3;1;1;2;1;1;1;1;1;6;;1;;;30000000;500000;;;1;;;;;;;;;;4
20230310;03;2023;7374813;1;1;01;08;1;518.23011096;08;2;5;1;1;1;2;1;1;3;1;1;4;3;1;1;1;1;1;1;1;;;30000000;200000;;;;;;;;;;1;;;10
20230310;03;2023;7374814;1;1;01;08;1;820.14116421;08;2;1;2;1;1;1;1;1;3;1;1;3;2;1;1;1;1;3;3;1;;;80000000;500000;;;;;;;;;;1;;;6
20230310;03;2023;7374815;1;1;01;08;1;430.68351748;08;2;1;4;1;1;1;1;1;3;1;1;3;2;1;1;1;1;1;3;3;;;;;450000;;1;;;;;;;;;;8
20230310;03;2023;7374816;1;1;01;08;1;681.06768527;08;2;1;4;1;1;1;1;1;3;1;1;2;1;1;1;1;1;2;3;3;;;;;250000;;;;;;;;1;;;NEQUI;7
20230310;03;2023;7374817;1;1;01;08;1;622.07457476;08;2;1;2;1;1;1;1;1;3;1;1;3;2;1;1;1;1;1;3;3;;;;;500000;;;;;;;;;1;;;5
20230310;03;2023;7374818;1;1;01;08;1;547.51025335;08;2;1;4;1;2;1;1;1;3;1;1;3;3;1;1;1;1;3;3;3;;;;;380000;;;;;;;;;1;;;10
20230310;03;2023;7374819;1;1;01;08;1;461.24604059;08;1;1;2;1;2;1;1;1;3;1;1;3;2;1;1;1;1;1;3;3;;;;;300000;;;;;;;;;1;;;12
20230310;03;2023;7374820;1;1;01;08;1;554.27313548;08;1;1;4;1;1;1;1;1;3;1;1;4;3;1;1;1;1;3;3;1;;;60000000;600000;;;;;;;;;;1;;;7
20230310;03;2023;7374821;1;1;01;08;1;598.05470653;08;1;1;2;1;1;2;1;1;3;1;1;2;1;1;1;1;1;1;1;1;;;40000000;300000;;;;;;;;;;1;;;4
20230310;03;2023;7374822;1;1;01;08;1;615.25920126;08;1;1;2;1;2;1;1;1;3;1;1;4;2;1;1;1;1;1;3;4;;;;800000;;;1;;;;;;;;;;5
20230310;03;2023;7374823;1;1;01;08;1;616.96508171;08;1;1;4;1;1;1;1;1;3;1;1;4;3;1;1;1;1;3;3;5;;;;800000;;;;;;;;;;1;;;7
20230310;03;2023;7374824;1;1;01;08;1;441.61062208;08;1;1;2;1;2;1;1;1;3;1;1;3;3;1;1;1;1;1;1;4;;;;500000;;;1;;;;;;;;;;10
20230310;03;2023;7374825;1;1;01;08;1;268.9183261;08;1;1;2;1;2;1;1;1;3;1;1;3;3;1;1;1;1;1;3;1;;;90000000;500000;;;1;;;;;;;;;;7
20230310;03;2023;7374826;1;1;01;08;1;247.9788207;08;1;1;2;1;2;1;1;1;3;1;1;4;3;1;1;1;1;1;3;3;;;;;600000;;;;;;;;;1;;;19
20230310;03;2023;7374827;1;1;01;08;1;322.39910121;08;1;1;4;1;2;1;1;1;3;1;1;6;5;1;1;1;1;1;3;3;;;;;800000;;1;;;;;1;;;;;13
20230310;03;2023;7374828;1;1;01;08;1;661.01217324;08;1;1;2;1;2;1;1;1;3;1;1;4;2;1;1;1;1;1;3;1;;;25000000;700000;;;;;;;;;;1;;;3
20230310;03;2023;7374830;1;1;01;08;1;612.31389386;08;1;1;4;1;1;1;1;1;3;1;1;4;2;1;1;1;1;1;3;1;;;90000000;400000;;;1;;;;;;;;;;2
20230310;03;2023;7374831;1;1;01;08;1;768.02934301;08;2;5;1;1;1;2;1;1;3;1;1;4;3;1;2;1;1;1;1;1;;;10000000;200000;;;;;;;;;1;;;NEQUI;8
20230310;03;2023;7374832;1;1;01;08;1;688.25264251;08;1;1;4;1;1;1;1;1;3;1;1;3;2;1;1;1;1;3;3;1;;;50000000;500000;;;;;;;;;;1;;;3
20230310;03;2023;7374833;1;1;01;08;1;1055.5521703;08;2;1;2;1;1;2;1;1;3;1;1;3;1;1;1;1;1;4;1;1;;;20000000;400000;;;;;;;;;;1;;;1
20230310;03;2023;7374834;1;1;01;08;1;487.73791654;08;1;1;4;1;2;1;1;1;3;1;1;4;3;1;1;1;1;1;3;1;;;120000000;600000;;;1;;;;;;;;;;5
20230310;03;2023;7374835;1;1;01;08;1;546.88363382;08;1;1;2;1;2;1;1;1;3;1;1;3;2;1;1;1;1;1;3;4;;;;600000;;;;;;;;;;1;;;8
20230310;03;2023;7374836;1;1;01;08;1;719.7654305;08;1;1;2;1;2;1;1;1;3;1;1;3;2;1;1;1;1;1;3;4;;;;1200000;;;1;;;;;;;;;;2
20230310;03;2023;7374837;1;1;01;08;1;694.84976466;08;1;1;4;1;2;1;1;1;3;1;1;3;2;1;1;1;1;1;3;1;;;180000000;650000;;1;;;;;;1;;;;;4
20230310;03;2023;7374838;1;1;01;08;1;569.06335782;08;2;1;2;1;2;1;1;1;3;1;1;4;2;1;1;1;1;1;3;3;;;;;700000;;1;;;;;;;;;;4
20230310;03;2023;7374839;1;1;01;08;1;711.70300578;08;2;1;4;1;2;1;1;1;3;1;1;4;2;1;1;1;1;1;3;1;;;140000000;650000;;;1;;;;;1;;;;;2
20230310;03;2023;7374840;1;1;01;08;1;793.44329215;08;1;1;2;1;2;1;1;1;6;1;1;4;2;1;1;1;1;1;3;1;;;250000000;700000;;;;;;;;;;1;;;2
20230310;03;2023;7374841;1;1;01;08;1;450.1046184;08;2;1;4;1;2;1;1;1;3;1;1;3;2;1;1;1;1;1;3;3;;;;;550000;;1;;;;;;;;;;4
20230310;03;2023;7374842;1;1;01;08;1;555.27580997;08;1;1;4;1;2;1;1;1;3;1;1;4;2;1;1;1;1;1;3;1;;;130000000;500000;;;1;;;;;;;;;;2
20230310;03;2023;7374843;1;1;01;08;1;737.47199226;08;1;1;4;1;2;1;1;1;3;1;1;3;2;1;1;1;1;1;3;3;;;;;650000;;1;;;;;;;;;;3
20230310;03;2023;7374844;1;1;01;08;1;670.98038391;08;2;1;4;1;2;1;1;1;3;1;1;4;3;1;1;1;1;1;3;3;;;;;800000;;1;;;;1;1;;;;;4
20230310;03;2023;7374845;1;1;01;08;1;498.5291252;08;1;1;4;1;3;1;1;1;3;1;1;4;2;1;1;1;1;1;3;3;;;;;900000;;1;;;;;;;;;;5
20230310;03;2023;7374846;1;1;01;08;1;601.18091397;08;1;1;4;1;3;1;1;1;3;1;1;4;2;1;1;1;1;1;3;2;;1350000;185000000;1000000;;;1;;;;;;;;;;2
20230310;03;2023;7374847;1;1;01;08;1;495.75823473;08;1;1;4;1;3;1;1;1;3;1;1;4;3;1;1;1;1;1;3;4;;;;1000000;;;1;;;;;;;;;;5
20230310;03;2023;7374848;1;1;01;08;1;353.69900769;08;1;1;4;1;3;1;1;1;3;1;1;4;3;1;1;1;1;1;3;4;;;;1000000;;;1;;;;;;;;;;6
20230310;03;2023;7374849;1;1;01;08;1;370.73953563;08;1;1;4;1;3;1;1;1;3;1;1;4;3;1;1;1;1;1;3;3;;;;;1000000;;1;;;;;;;;;;7
20230310;03;2023;7374850;1;1;01;08;1;2401.5671271;08;2;1;4;1;2;1;1;1;3;1;1;4;2;1;1;1;1;1;3;2;;500000;120000000;600000;;;1;;;;;;;;;;3
20230310;03;2023;7374851;1;1;01;08;1;642.24235036;08;1;1;4;1;3;1;1;1;3;1;1;3;2;1;1;1;1;1;3;1;;;185000000;1000000;;;1;;;;;1;;;;;3
20230310;03;2023;7374852;1;1;01;08;1;1698.0828698;08;2;1;4;1;2;1;1;1;3;1;1;4;3;1;1;1;1;1;3;3;;;;;800000;;;;;;;;;1;;;3
20230310;03;2023;7374853;1;1;01;08;1;656.17889359;08;1;1;4;1;3;1;1;1;3;1;1;4;2;1;1;1;1;1;3;3;;;;;800000;;1;;;;;;;;;;3
20230310;03;2023;7374854;1;1;01;08;1;617.57980486;08;1;1;4;1;3;1;1;1;3;1;1;4;3;1;1;1;1;1;3;1;;;220000000;1000000;;;1;;;;;;1;;;DAVIPLATA;4
20230310;03;2023;7374855;1;1;01;08;1;648.55687603;08;1;1;4;1;3;1;1;1;3;1;1;4;3;1;1;1;1;1;3;1;;;200000000;900000;;;1;;;;;;;;;;5
20230310;03;2023;7374857;1;1;01;08;1;649.19233306;08;2;1;4;1;2;1;1;1;3;1;1;4;3;1;1;1;1;1;3;3;;;;;700000;;1;;;;;;;;;;9
20230310;03;2023;7374858;1;1;01;08;1;533.87966678;08;2;1;4;1;2;1;1;1;3;1;1;3;2;1;1;1;1;1;3;1;;;10000000;600000;;;1;;;;;;;;;;6
20230310;03;2023;7374860;1;1;01;08;1;732.63201448;08;2;1;4;1;2;1;1;1;3;1;1;2;1;1;1;1;1;1;3;3;;;;;450000;;1;;;;;;;;;;3
20230310;03;2023;7374862;1;1;01;08;1;434.57197738;08;1;1;4;1;3;1;1;1;3;1;1;4;2;1;1;1;1;1;3;1;;;180000000;900000;;;1;;;;;;;;;;3
20230310;03;2023;7374863;1;1;01;08;1;661.28566355;08;2;1;4;1;2;1;1;1;3;1;1;2;2;1;1;1;1;1;3;1;;;150000000;800000;;;1;;;;;1;;;;;2
20230310;03;2023;7374864;1;1;01;08;1;962.56919921;08;2;1;4;1;2;1;1;1;3;1;1;4;2;1;1;1;1;1;3;1;;;80000000;700000;;;1;;;;;;;;;;3
20230310;03;2023;7374865;1;1;01;08;1;545.45705559;08;2;1;4;1;2;1;1;1;3;1;1;3;3;1;1;1;1;1;3;4;;;;500000;;;1;;;;;1;;;;;8
20230310;03;2023;7374866;1;1;01;08;1;1472.548377;08;2;1;4;1;2;1;1;1;3;1;1;4;3;1;1;1;1;1;3;2;;520000;80000000;800000;;;1;;1;;;1;;;;;4
20230310;03;2023;7374868;1;1;01;08;1;1052.555041;08;2;1;4;1;2;1;1;1;3;1;1;4;2;1;1;1;1;1;3;3;;;;;550000;;1;;1;;;;;;;;2
20230310;03;2023;7374869;1;1;01;08;1;2571.5137273;08;2;1;4;1;2;1;1;1;3;1;1;4;1;1;1;1;1;1;3;3;;;;;600000;;1;;;;;1;;;;;1
20230310;03;2023;7374870;1;1;01;08;1;814.60177994;08;2;1;4;1;2;1;1;1;3;1;1;2;1;1;1;1;1;1;3;4;;;;600000;;;1;;;;;;;;;;2
20230310;03;2023;7374871;1;1;01;08;1;1834.6631299;08;2;1;4;1;2;1;1;1;3;1;1;4;2;1;1;1;1;1;3;1;;;97000000;600000;;;1;;;;;1;;;;;4
20230310;03;2023;7374873;1;1;01;08;1;2780.1134628;08;2;1;4;1;2;1;1;1;3;1;1;4;2;1;1;1;1;1;3;1;;;300000000;1000000;;;1;;;;;1;;;;;2
20230310;03;2023;7374874;1;1;01;08;1;2467.9130287;08;1;1;4;1;2;1;1;1;3;1;1;3;2;1;1;1;1;3;3;3;;;;;500000;;1;;;;;;;;;;5
20230310;03;2023;7374875;1;1;01;08;1;1026.7404792;08;1;1;4;1;2;1;1;1;3;1;1;4;2;1;1;1;1;1;3;1;;;20000000;1000000;;;1;;;;;;;;;;4
20230310;03;2023;7374876;1;1;01;08;1;3358.3093725;08;2;1;4;1;2;1;1;1;3;1;1;3;2;1;1;1;1;3;3;3;;;;;600000;;1;;;;;;;;;;2
20230310;03;2023;7374877;1;1;01;08;1;1026.7404792;08;1;1;4;1;2;1;1;1;3;1;1;4;3;1;1;1;1;3;3;1;;;200000000;800000;;;1;;;;;;;;;;4
20230310;03;2023;7374878;1;1;01;08;1;1352.2764082;08;2;1;4;1;2;1;1;1;3;1;1;4;3;1;1;1;1;1;3;3;;;;;800000;;1;;;;;1;;;;;5
20230310;03;2023;7374879;1;1;01;08;1;1424.1924952;08;1;1;4;1;2;1;1;1;3;1;1;5;4;1;1;1;1;1;3;1;;;50000000;300000;;;1;;;;;;;;;;4
20230310;03;2023;7374880;1;1;01;08;1;2107.3989186;08;1;1;4;1;2;1;1;1;3;1;1;5;4;1;1;1;1;1;3;1;;;200000000;900000;;;1;;;;;;;;;;11
20230310;03;2023;7374881;1;1;01;08;1;2415.9859914;08;2;1;4;1;2;1;1;1;3;1;1;3;1;1;1;1;1;1;3;3;;;;;600000;;1;;;;;;;;;;2
20230310;03;2023;7374884;1;1;01;11;1;4766.2730653;11;2;1;4;1;3;1;1;1;3;1;1;4;1;1;1;1;1;1;3;1;;;190000000;850000;;;1;;;;1;1;;;;;2
20230310;03;2023;7374885;1;1;01;11;1;3630.4762724;11;2;1;4;1;3;1;1;1;3;1;1;4;3;1;1;1;1;1;4;3;;;;;750000;;;;;;;;;1;;;3
20230310;03;2023;7374889;1;1;01;11;1;3484.3999276;11;2;1;4;1;2;1;1;1;3;1;1;4;3;1;1;1;1;1;3;3;;;;;870000;;1;;;;;1;;;;;5
20230310;03;2023;7374890;1;1;01;11;1;3689.210183;11;2;1;4;1;2;1;1;1;9;1;1;3;1;1;1;1;1;1;3;3;;;;;580000;;1;;;;;;;;;;2
20230310;03;2023;7374891;1;1;01;11;1;3456.9415145;11;2;1;4;1;3;1;1;1;3;1;1;4;3;1;1;1;1;1;3;3;;;;;700000;;1;;;;;;;;;;4
20230310;03;2023;7374892;1;1;01;11;1;4091.5375217;11;2;1;4;1;3;1;1;1;3;1;1;4;3;1;1;1;1;1;3;1;;;140000000;700000;;;;;;;;;;1;;;3
20230310;03;2023;7374893;1;1;01;11;1;3930.4921016;11;2;1;4;1;2;1;1;1;3;1;1;4;2;1;1;1;1;1;3;2;;600000;150000000;900000;;;1;;;1;1;;;;;;2
20230310;03;2023;7374894;1;1;01;11;1;4149.0054082;11;2;1;4;1;3;1;1;1;3;1;1;4;3;1;1;1;1;1;3;1;;;170000000;900000;;;1;;;;1;;;;;;4
20230310;03;2023;7374895;1;1;01;11;1;3804.0110302;11;2;1;4;1;3;1;1;1;3;1;1;4;2;1;1;1;1;1;3;1;;;128000000;850000;;;1;;;;;;;;;;2
20230310;03;2023;7374896;1;1;01;11;1;4299.2727116;11;2;1;4;1;2;1;1;1;3;1;1;3;1;1;1;1;1;1;3;3;;;;;700000;;1;;;;;;;;;;1
20230310;03;2023;7374898;1;1;01;11;1;3968.6740371;11;2;1;4;1;3;1;1;1;3;1;1;4;3;1;1;1;1;1;3;1;;;99;800000;;;1;;;;1;;;;;;5
20230310;03;2023;7374899;1;1;01;11;1;2907.4520963;11;2;1;4;1;2;1;1;1;3;1;1;3;2;1;1;1;1;1;3;3;;;;;600000;;1;1;;;;1;;;;;3
20230310;03;2023;7374900;1;1;01;11;1;2617.2495948;11;2;1;4;1;2;1;1;1;3;1;1;3;2;1;1;1;1;1;3;4;;;;700000;;;1;;;;;;;;;;4
20230310;03;2023;7374901;1;1;01;11;1;2330.7214885;11;2;1;4;1;2;1;1;1;3;1;1;3;2;1;1;1;1;1;3;4;;;;800000;;;;;;;1;1;;;;;3
20230310;03;2023;7374902;1;1;01;11;1;5527.6363435;11;2;1;4;1;2;1;1;1;3;1;1;2;1;1;1;1;1;1;3;3;;;;;300000;;;;;;;;;1;;;1
20230310;03;2023;7374903;1;1;01;11;1;2985.2591076;11;2;1;4;1;2;1;1;1;7;1;1;3;2;1;1;1;1;1;3;3;;;;;600000;;1;;;;;;;;;;3
20230310;03;2023;7374904;1;1;01;11;1;3244.8779522;11;3;1;2;1;2;1;1;1;3;1;1;1;1;1;1;1;1;1;3;3;;;;;280000;;1;;;;;1;;;;;1
20230310;03;2023;7374905;1;1;01;11;1;2433.1538893;11;1;1;4;1;2;1;1;1;3;1;1;6;5;1;1;1;1;1;3;1;;;300000000;700000;;;;;;;;;;1;;;8
20230310;03;2023;7374907;1;1;01;11;1;4317.2338884;11;2;1;4;1;2;1;1;1;3;1;1;2;1;1;1;1;1;1;3;3;;;;;550000;;;;;;;;;1;;;1
20230310;03;2023;7374908;1;1;01;11;1;4317.2338884;11;2;1;4;1;2;1;1;1;3;1;1;2;1;1;1;1;1;1;3;1;;;98;700000;;;;;;;;;;1;;;1
20230310;03;2023;7374909;1;1;01;11;1;5125.5117926;11;4;1;4;1;2;1;1;1;3;1;1;1;1;1;2;1;1;1;3;3;;;;;700000;;1;;;;;;;;;;2
20230310;03;2023;7374910;1;1;01;11;1;2516.6296334;11;2;1;4;1;2;1;1;1;3;1;1;3;2;1;1;1;1;1;3;4;;;;800000;;;1;;;;;;;;;;5
20230310;03;2023;7374911;1;1;01;11;1;2555.6485619;11;3;1;4;1;3;1;1;1;3;1;1;2;2;1;2;1;1;1;3;4;;;;700000;;;;;;;;;;1;;;2
20230310;03;2023;7374912;1;1;01;11;1;6257.9789078;11;2;1;4;1;2;1;1;1;3;1;1;2;1;1;1;1;1;1;3;3;;;;;450000;;;;;;;;;1;;;1
20230310;03;2023;7374913;1;1;01;11;1;3106.3074824;11;1;1;4;1;3;1;1;1;3;1;1;9;5;1;1;1;1;1;3;1;;;98;98;;;1;;;1;1;;;;;;6
20230310;03;2023;7374914;1;1;01;11;1;1830.1281061;11;2;1;4;1;2;1;1;1;3;1;1;3;2;1;1;1;1;1;4;4;;;;500000;;;;;;;;;;1;;;3
20230310;03;2023;7374916;1;1;01;11;1;5408.1299204;11;2;1;4;1;2;1;1;1;3;1;1;1;1;1;1;1;1;1;4;3;;;;;200000;;;;;;;;;1;;;1
20230310;03;2023;7374917;1;1;01;11;1;3888.8372327;11;2;1;4;1;2;1;1;1;3;1;1;4;2;1;1;1;1;1;3;3;;;;;950000;;;;;;;;;1;;;3
20230310;03;2023;7374919;1;1;01;11;1;4141.47964;11;2;1;4;1;4;1;1;1;3;1;1;3;2;1;1;1;1;1;3;4;;;;2500000;;;;1;;;;;;;;;2
20230310;03;2023;7374921;1;1;01;11;1;1838.1641935;11;2;1;4;1;2;1;1;1;3;1;1;4;3;1;1;1;1;1;3;1;;;300000000;550000;;;1;;;;1;1;;;;;6
20230310;03;2023;7374922;1;1;01;11;1;3147.2537832;11;2;1;4;1;2;1;1;1;3;1;1;2;1;1;1;1;1;1;3;3;;;;;400000;;;;;;;;;1;;;3
20230310;03;2023;7374923;1;1;01;11;1;3143.5036335;11;2;1;4;1;2;1;1;1;2;1;1;2;1;1;1;1;1;1;3;3;;;;;550000;;;;;;;;;1;;;3
20230310;03;2023;7374928;1;1;01;11;1;4776.9696795;11;2;1;4;1;2;1;1;1;3;1;1;2;1;1;1;1;1;1;3;3;;;;;200000;;1;;;;;1;;;;;1
20230310;03;2023;7374931;1;1;01;11;1;3183.5326002;11;3;1;4;1;2;1;1;1;3;1;1;1;1;1;2;1;1;1;3;3;;;;;300000;;;;;;;;;1;;;2
20230310;03;2023;7374932;1;1;01;11;1;3036.4737942;11;1;1;4;1;2;1;1;1;3;1;1;3;3;1;1;1;1;1;3;1;;;98;98;;;1;;;;;;;;;;3
20230310;03;2023;7374933;1;1;01;11;1;3298.6336585;11;2;1;4;1;3;1;1;1;3;1;1;3;2;1;1;1;1;1;3;3;;;;;600000;;;;;;;;;1;;;4
20230310;03;2023;7374934;1;1;01;11;1;3360.9584514;11;2;1;4;1;2;1;1;1;3;1;1;2;2;1;1;1;1;1;3;3;;;;;700000;;;;;;;;;1;;;3
20230310;03;2023;7374935;1;1;01;11;1;2988.8542305;11;2;1;4;1;2;1;1;1;3;1;1;2;1;1;1;1;1;1;3;3;;;;;300000;;1;;;;;1;;;;;1
20230310;03;2023;7374936;1;1;01;11;1;3143.5036335;11;3;1;4;1;2;1;1;1;3;1;1;1;1;1;2;1;1;1;3;3;;;;;270000;;;;;;;;;1;;;3
20230310;03;2023;7374937;1;1;01;11;1;4528.5845597;11;4;1;4;1;2;1;1;1;3;1;1;1;1;1;1;1;1;1;3;3;;;;;270000;;1;;;;;;;;;;2
20230310;03;2023;7374938;1;1;01;11;1;3621.9555907;11;3;1;4;1;2;1;1;1;3;1;1;1;1;1;2;1;1;1;3;3;;;;;300000;;1;;;;;;;;;;4
20230310;03;2023;7374941;1;1;01;11;1;5327.3154534;11;2;1;4;1;2;1;1;1;3;1;1;3;2;1;1;1;1;1;3;4;;;;400000;;;1;;;;;;;;;;2
20230310;03;2023;7374942;1;1;01;11;1;1871.2528959;11;1;1;4;1;2;1;1;1;3;1;1;4;3;1;1;1;1;1;3;3;;;;;6000000;;;;;;;;;1;;;5
20230310;03;2023;7374943;1;1;01;11;1;3996.5250853;11;1;1;6;1;3;1;1;1;3;1;1;4;1;1;1;1;1;1;3;1;;;150000000;1200000;;;1;;;;;1;;;;;1
20230310;03;2023;7374944;1;1;01;11;1;4113.7236918;11;2;1;4;1;3;1;1;1;3;1;1;2;1;1;1;1;1;1;3;4;;;;500000;;;1;;;;;;;;;;2
20230310;03;2023;7374945;1;1;01;11;1;3996.5250853;11;2;1;4;1;3;1;1;1;3;1;1;3;1;1;1;1;1;1;3;3;;;;;99;;;;;;;;;1;;;1
20230310;03;2023;7374946;1;1;01;11;1;2412.5427055;11;2;1;4;1;3;1;1;1;3;1;1;3;3;1;1;1;1;1;3;3;;;;;1000000;;;;;;;;;1;;;4
20230310;03;2023;7374949;1;1;01;11;1;2952.9329772;11;2;1;4;1;4;1;1;1;3;1;1;3;2;1;1;1;1;1;3;1;;;98;1500000;;;1;;;;;;;;;;2
20230310;03;2023;7374951;1;1;01;11;1;4321.6402128;11;2;1;4;1;3;1;1;1;3;1;1;3;2;1;1;1;1;1;3;1;;;99;800000;;;1;;;;;;;;;;3
20230310;03;2023;7374952;1;1;01;11;1;3552.6743392;11;1;1;4;1;3;1;1;1;3;1;1;5;3;1;1;1;1;1;3;4;;;;1200000;;;1;;;;;;;;;;3
20230310;03;2023;7374953;1;1;01;11;1;4321.6402128;11;2;1;4;1;3;1;1;1;1;1;1;3;2;1;1;1;1;1;3;1;;;99;800000;;;;;;;;;;1;;;3
20230310;03;2023;7374954;1;1;01;11;1;4440.5834281;11;2;1;6;1;3;1;1;1;3;1;1;4;1;1;1;1;1;1;3;1;;;99;1500000;;;;;;;;;;1;;;1
20230310;03;2023;7374955;1;1;01;11;1;4987.7915516;11;1;1;7;1;4;1;1;1;3;1;1;4;3;1;1;1;1;1;3;3;;;;;1200000;;;;;;;;;1;;;3
20230310;03;2023;7374956;1;1;01;11;1;3808.9454423;11;2;1;4;1;3;1;1;1;3;1;1;4;1;1;1;1;1;1;3;3;;;;;1300000;;1;;;;1;1;;;;;2
20230310;03;2023;7374957;1;1;01;11;1;4007.5714957;11;1;1;4;1;4;1;1;1;3;1;1;4;2;1;1;1;1;1;4;1;;;98;2100000;;;1;;;;;;;;;;2
20230310;03;2023;7374958;1;1;01;11;1;5973.5253211;11;1;1;4;1;4;1;1;1;3;1;1;4;1;1;1;1;1;1;1;4;;;;2500000;;;1;;;;;1;;;;;1
20230310;03;2023;7374961;1;1;01;11;1;3314.3896419;11;2;1;6;1;3;1;1;1;3;1;1;5;3;1;1;1;1;1;3;1;;;350000000;1300000;;;1;;;;;1;;;;;4
20230310;03;2023;7374963;1;1;01;11;1;2969.0263278;11;2;1;4;1;3;1;1;1;3;1;1;4;3;1;1;1;1;1;3;1;;;330000000;1200000;;1;1;1;;;1;1;;;;;5
20230310;03;2023;7374964;1;1;01;11;1;3842.435384;11;2;1;4;1;2;1;1;1;3;1;1;3;2;1;1;1;1;1;3;3;;;;;500000;;1;;;;;;;;;;2
20230310;03;2023;7374967;1;1;01;11;1;4181.9703741;11;2;1;4;1;2;1;1;1;3;1;1;3;2;1;1;1;1;1;3;2;;300000;150000000;700000;;;1;;1;;;;;;;;2
20230310;03;2023;7374968;1;1;01;11;1;4600.541213;11;2;1;4;1;2;1;1;1;3;1;1;3;2;1;1;1;1;1;3;1;;;1000000000;600000;;;1;;1;1;1;1;;;;;3
20230310;03;2023;7374969;1;1;01;11;1;3686.5873263;11;2;1;4;1;2;1;1;1;3;1;1;3;2;1;1;1;1;1;3;2;;64000;170000000;500000;;;1;;;;;;;;;;3
20230310;03;2023;7374970;1;1;01;11;1;4766.4501674;11;2;1;4;1;2;1;1;1;3;1;1;3;2;1;1;1;1;1;3;2;;220000;130000000;600000;;;1;;1;;;;;;;;3
20230310;03;2023;7374971;1;1;01;11;1;4440.5834281;11;2;1;4;1;3;1;1;1;3;1;1;3;1;1;1;1;1;1;3;1;;;99;800000;;;1;;;;;;;;;;1
20230310;03;2023;7374973;1;1;01;11;1;2788.7286822;11;2;1;6;1;3;1;1;1;3;1;1;4;3;1;1;1;1;1;3;1;;;220000000;1300000;;;1;;;;;;;;;;3
20230310;03;2023;7374975;1;1;01;11;1;5559.4550268;11;1;1;4;1;4;1;1;1;3;1;1;4;2;1;1;1;1;1;3;3;;;;;2220000;;1;;;1;;1;;;;;2
20230310;03;2023;7374978;1;1;01;11;1;4451.9457482;11;2;1;6;1;4;1;1;1;3;1;1;5;1;1;1;1;1;1;3;2;;1400000;500000000;1800000;;;1;1;;;1;1;;;;;1
20230310;03;2023;7374979;1;1;01;11;1;4587.0138593;11;2;1;4;1;3;1;1;1;3;1;1;4;3;1;1;1;1;1;3;1;;;180000000;900000;;;1;;;;1;1;;;;;2
20230310;03;2023;7374981;1;1;01;11;1;4657.9331023;11;2;1;4;1;2;1;1;1;9;1;1;4;1;1;1;1;1;1;3;2;;500000;98;700000;;;1;;;;;;1;;;LIBRANZA;1
20230310;03;2023;7374982;1;1;01;11;1;3653.0323714;11;2;1;4;1;2;1;1;1;3;1;1;4;2;1;1;1;1;1;3;1;;;1000000000;900000;;;1;;;;;;;;;;3
20230310;03;2023;7374983;1;1;01;11;1;5139.8310454;11;2;1;4;1;2;1;1;1;3;1;1;3;2;1;1;1;1;1;3;2;;480000;100000000;500000;;;1;;;;;;;;;;2
20230310;03;2023;7374984;1;1;01;11;1;5193.3599178;11;2;1;4;1;2;1;1;1;3;1;1;3;2;1;1;1;1;1;3;2;;270000;98;450000;;;;;;;;;;1;;;3
20230310;03;2023;7374986;1;1;01;11;1;2724.3698157;11;2;1;4;1;2;1;1;1;3;1;1;3;2;1;1;1;1;1;3;3;;;;;650000;;1;;;;;;;;;;3
20230310;03;2023;7374987;1;1;01;11;1;2724.3698157;11;2;1;4;1;3;1;1;1;3;1;1;4;1;1;1;1;1;1;3;3;;;;;1000000;;;;;;;1;;;;;3
20230310;03;2023;7374988;1;1;01;11;1;2424.8858607;11;2;1;4;1;2;1;1;1;3;1;1;2;2;1;1;1;1;1;3;3;;;;;600000;;1;;;;;;;;;;4
20230310;03;2023;7374989;1;1;01;13;1;308.9647948;13;1;5;1;1;1;2;1;1;3;1;1;4;3;1;1;1;1;1;4;3;;;;;180000;;;;;;;;;1;;;4
20230310;03;2023;7374990;1;1;01;13;1;378.16390194;13;1;1;2;1;1;2;1;1;3;1;1;2;1;1;1;1;1;4;4;3;;;;;150000;;1;;;;;;;;;;3
20230310;03;2023;7374991;1;1;01;13;1;317.51695591;13;1;8;2;1;1;2;1;1;3;1;1;3;2;1;1;1;1;1;4;1;;;98;98;;;;;;;;;;1;;;3
20230310;03;2023;7374992;1;1;01;13;1;406.47858807;13;2;1;4;1;1;2;1;1;3;1;1;3;2;1;1;1;1;1;4;3;;;;;250000;;1;;;;;;;;;;1
20230310;03;2023;7374993;1;1;01;13;1;526.13075579;13;2;1;4;1;6;1;1;1;7;1;1;2;1;1;1;1;1;1;3;3;;;;;3500000;;1;;;;;1;;;;;1
20230310;03;2023;7374994;1;1;01;13;1;332.17058445;13;1;1;4;1;1;2;1;1;3;1;1;4;3;1;1;1;1;1;4;4;;;;300000;;;;;;;;;;1;;;4
20230310;03;2023;7374995;1;1;01;13;1;477.34428586;13;2;1;4;1;6;1;1;1;7;1;1;2;1;1;1;1;1;1;3;3;;;;;3400000;;1;;;;;1;;;;;1
20230310;03;2023;7374996;1;1;01;13;1;477.34428586;13;2;1;4;1;6;1;1;1;7;1;1;2;1;1;1;1;1;1;3;3;;;;;3400000;;1;;;;;1;;;;;1
20230310;03;2023;7374998;1;1;01;13;1;254.1786383;13;1;1;4;1;1;1;1;1;3;1;1;4;3;1;1;1;1;3;3;3;;;;;7000000;;1;;;;;;;;;;5
20230310;03;2023;7374999;1;1;01;13;1;280.44328621;13;1;1;4;1;1;1;1;1;3;1;1;3;2;1;1;1;1;1;3;4;;;;500000;;;1;;;;;;;;;;2
20230310;03;2023;7375000;1;1;01;13;1;215.55729438;13;2;1;4;1;1;1;1;1;3;1;1;3;2;1;1;1;1;1;3;6;;;;500000;;;1;;;;;;;;;;4
20230310;03;2023;7375001;1;1;01;13;1;330.6740315;13;2;1;4;1;1;1;1;1;3;1;1;3;2;1;1;1;1;3;3;3;;;;;400000;;1;;;;;;;;;;3
20230310;03;2023;7375003;1;1;01;13;1;309.03474133;13;2;1;4;1;1;1;1;1;3;1;1;3;2;1;1;1;1;3;3;3;;;;;500000;;1;;;;;;;;;;3
20230310;03;2023;7375004;1;1;01;13;1;287.88117319;13;2;1;4;1;1;1;1;1;3;1;1;3;2;1;1;1;1;1;3;3;;;;;400000;;;;;;;;;1;;;4
20230310;03;2023;7375005;1;1;01;13;1;363.05711321;13;1;1;4;1;1;1;1;1;3;1;1;3;2;1;1;1;1;1;3;3;;;;;250000;;1;;;;;;;;;;4
20230310;03;2023;7375006;1;1;01;13;1;320.12790224;13;2;1;4;1;1;1;1;1;3;1;1;3;2;1;1;1;1;1;3;1;;;98;550000;;;1;;;;;;;;;;3
20230310;03;2023;7375007;1;1;01;13;1;300.5019399;13;2;1;4;1;1;1;1;1;3;1;1;4;3;1;1;1;1;1;3;3;;;;;400000;;1;;;;;;;;;;4
20230310;03;2023;7375008;1;1;01;13;1;431.18785121;13;2;1;4;1;2;1;1;1;3;1;1;3;2;1;1;1;1;1;3;3;;;;;560000;;1;;;;;;;;;;5
20230310;03;2023;7375009;1;1;01;13;1;351.55517856;13;2;1;4;1;2;1;1;1;3;1;1;5;3;1;1;1;1;1;3;6;;;;650000;;;1;;;;;;;;;;4
20230310;03;2023;7375010;1;1;01;13;1;524.70097617;13;5;1;4;1;2;1;1;1;3;1;1;3;2;1;1;1;1;1;3;3;;;;;560000;;1;;;;;;;;;;4
20230310;03;2023;7375011;1;1;01;13;1;456.01835775;13;1;1;4;1;2;1;1;1;3;1;1;3;2;1;1;1;1;1;3;6;;;;500000;;;1;;;;;;;;;;3
20230310;03;2023;7375012;1;1;01;13;1;504.73328653;13;2;1;4;1;2;1;1;1;3;1;1;3;2;1;1;1;1;3;3;3;;;;;600000;;1;;;;;;;;;;4
20230310;03;2023;7375013;1;1;01;13;1;415.69377857;13;1;1;4;1;2;1;1;1;3;1;1;3;2;1;1;1;1;1;3;1;;;120000000;550000;;;1;;;;;;;;;;2
20230310;03;2023;7375014;1;1;01;13;1;366.91422115;13;2;1;4;1;2;1;1;1;3;1;1;3;2;1;1;1;1;3;3;6;;;;500000;;;1;;;;;;;;;;3
20230310;03;2023;7375016;1;1;01;13;1;440.01245572;13;1;1;4;1;1;1;1;1;3;1;1;4;3;1;1;1;1;1;3;7;VIVIENDA FAMILIAR;;;400000;;;1;;;;;;;;;;3
20230310;03;2023;7375017;1;1;01;13;1;474.76279967;13;2;1;4;1;2;1;1;1;3;1;1;3;2;1;1;1;1;1;3;7;PROPIEDAD FAMILIAR;;;450000;;;;;;;;;;1;;;3
20230310;03;2023;7375018;1;1;01;13;1;323.65611517;13;1;1;4;1;4;1;1;1;3;1;1;6;5;1;1;1;1;1;3;6;;;;1000000;;;1;;;;;;;;;;6
20230310;03;2023;7375019;1;1;01;13;1;199.75587306;13;1;1;4;1;1;1;1;1;3;1;1;4;3;1;1;1;1;1;3;1;;;99;500000;;;1;;;;;;;;;;9
20230310;03;2023;7375020;1;1;01;13;1;332.58450194;13;1;1;4;1;1;1;1;1;3;1;1;3;2;1;1;1;1;1;3;5;;;;450000;;;;;;;;;;1;;;5
20230310;03;2023;7375021;1;1;01;13;1;337.18938028;13;1;1;4;1;1;1;1;1;3;1;1;4;3;1;1;1;1;1;3;1;;;99;98;;;1;;;;;;;;;;3
20230310;03;2023;7375022;1;1;01;13;1;449.76875359;13;1;1;2;1;1;1;1;1;3;1;1;3;2;1;1;1;1;1;3;3;;;;;300000;;1;;;;;;;;;;4
20230310;03;2023;7375023;1;1;01;13;1;489.38916236;13;1;1;2;1;1;1;1;1;3;1;3;4;1;1;1;1;1;3;3;6;;;;400000;;;;;;;;;;1;;;4
20230310;03;2023;7375023;2;2;01;13;1;489.38916236;13;1;1;2;1;1;1;1;1;3;1;3;4;1;1;1;1;1;3;3;6;;;;400000;;;;;;;;;;1;;;4
20230310;03;2023;7375023;3;3;01;13;1;489.38916236;13;1;1;2;1;1;1;1;1;3;1;3;4;1;1;1;1;1;3;3;6;;;;400000;;;;;;;;;;1;;;5
20230310;03;2023;7375025;1;1;01;13;1;315.67845348;13;2;1;2;1;1;1;1;1;3;1;1;4;2;1;1;1;1;1;3;1;;;99;500000;;;1;;;;;;;;;;1
20230310;03;2023;7375026;1;1;01;13;1;219.45540513;13;1;1;4;1;1;1;1;1;3;1;1;4;2;1;1;1;1;3;3;1;;;120000000;600000;;;1;;;;;;;;;;3
20230310;03;2023;7375028;1;1;01;13;1;273.62530865;13;2;1;4;1;1;1;1;1;3;1;1;4;3;1;1;1;1;3;3;6;;;;450000;;;1;;;;;;;;;;3
20230310;03;2023;7375029;1;1;01;13;1;203.11115731;13;2;1;2;1;1;1;1;1;3;1;1;5;3;1;1;1;1;1;3;4;;;;800000;;;1;;;;;;;;;;3
20230310;03;2023;7375030;1;1;01;13;1;276.75642198;13;2;1;4;1;1;1;1;1;3;1;1;3;2;1;1;1;1;3;3;3;;;;;700000;;1;;;;;;;;;;3
20230310;03;2023;7375031;1;1;01;13;1;222.71283735;13;2;1;2;1;1;1;1;1;3;1;1;4;2;1;1;1;1;1;3;3;;;;;500000;;1;;;;;;;;;;3
20230310;03;2023;7375032;1;1;01;13;1;252.39895758;13;2;1;4;1;1;1;1;1;3;1;1;3;1;1;1;1;1;1;3;6;;;;500000;;;1;;;;;;;;;;2
20230310;03;2023;7375033;1;1;01;13;1;281.67083954;13;2;1;4;1;1;1;1;1;3;1;1;3;1;1;1;1;1;3;3;3;;;;;560000;;1;;;;;;;;;;2
20230310;03;2023;7375034;1;1;01;13;1;262.88339517;13;2;1;4;1;1;1;1;1;3;1;1;3;1;1;1;1;1;1;3;6;;;;98;;;;;;;;;;1;;;1
20230310;03;2023;7375035;1;1;01;13;1;207.84688929;13;1;1;2;1;1;1;1;1;3;1;1;4;2;1;1;1;1;1;3;4;;;;300000;;;1;;;;;;;;;;2
20230310;03;2023;7375036;1;1;01;13;1;346.41148214;13;2;1;4;1;6;1;1;1;7;1;1;3;1;1;1;1;1;1;3;2;;99;99;99;;;1;;;;;;;;;;2
20230310;03;2023;7375037;1;1;01;13;1;477.34428586;13;2;1;4;1;6;1;1;1;7;1;1;2;1;1;1;1;1;1;3;1;;;99;99;;;1;;;;;;;;;;1
20230310;03;2023;7375038;1;1;01;13;1;281.83923896;13;2;1;4;1;6;1;1;1;7;1;1;4;3;1;1;1;1;1;3;1;;;700000000;3000000;;;1;;1;;;;;;;;4
20230310;03;2023;7375039;1;1;01;13;1;346.41148214;13;2;1;2;1;4;1;1;1;3;1;1;5;3;1;1;1;1;1;3;1;;;99;1550000;;;1;;;;;;;;;;2
20230310;03;2023;7375040;1;1;01;13;1;318.24800121;13;2;1;4;1;2;1;1;1;3;1;1;3;2;1;1;1;1;1;3;1;;;98;650000;;;1;;;;;;;;;;5
20230310;03;2023;7375041;1;1;01;13;1;477.34428586;13;2;1;2;1;4;1;1;1;3;1;1;5;2;1;1;1;1;1;3;3;;;;;1050000;;1;;;;;;;;;;1
20230310;03;2023;7375042;1;1;01;13;1;477.34428586;13;2;1;2;1;4;1;1;1;3;1;1;4;2;1;1;1;1;1;3;4;;;;1500000;;;1;;;;;1;;;;;1
20230310;03;2023;7375043;1;1;01;13;1;640.16099896;13;2;1;4;1;2;1;1;1;3;1;1;3;2;1;1;1;1;1;3;3;;;;;700000;;1;;;;;;;;;;2
20230310;03;2023;7375045;1;1;01;13;1;640.16099896;13;2;1;4;1;2;1;1;1;3;1;1;3;1;1;1;1;1;3;3;3;;;;;800000;;1;;;;;;;;;;2
20230310;03;2023;7375046;1;1;01;13;1;557.31824787;13;2;1;4;1;2;1;1;1;3;1;1;2;1;1;1;1;1;1;3;3;;;;;380000;;1;;;;;;;;;;2
20230310;03;2023;7375048;1;1;01;13;1;720.57567886;13;2;1;4;1;2;1;1;1;3;1;1;2;1;1;1;1;1;1;3;3;;;;;380000;;1;;;;;;;;;;1
20230310;03;2023;7375049;1;1;01;13;1;254.68397233;13;2;1;4;1;4;1;1;1;3;1;1;4;3;1;1;1;1;1;3;1;;;98;98;;;1;;;;;;;;;;3
20230310;03;2023;7375050;1;1;01;13;1;471.74280794;13;2;1;4;1;4;1;1;1;3;1;1;4;2;1;1;1;1;3;3;2;;780000;320000000;1200000;;;1;;;;;;;;;;2
20230310;03;2023;7375051;1;1;01;13;1;469.45139924;13;2;1;4;1;4;1;1;1;3;1;1;3;2;1;1;1;1;1;3;3;;;;;1500000;;1;;;;;1;;;;;2
20230310;03;2023;7375053;1;1;01;13;1;438.13899196;13;2;1;4;1;4;1;1;1;3;1;1;3;1;1;1;1;1;3;3;3;;;;;1000000;;1;;;;;;;;;;1
20230310;03;2023;7375054;1;1;01;13;1;357.44974558;13;2;1;4;1;4;1;1;1;3;1;1;4;2;1;1;1;1;3;3;3;;;;;1500000;;1;;;;;;;;;;3
20230310;03;2023;7375055;1;1;01;13;1;421.43161959;13;2;1;4;1;6;1;1;1;7;1;1;4;3;1;1;1;1;1;3;3;;;;;2000000;;1;;;;;;;;;;4
20230310;03;2023;7375056;1;1;01;13;1;526.13075579;13;2;1;4;1;6;1;1;1;7;1;1;2;1;1;1;1;1;1;3;3;;;;;3400000;;1;;;;;;;;;;1
20230310;03;2023;7375057;1;1;01;13;1;445.44150941;13;2;1;4;1;6;1;1;1;7;1;1;3;2;1;1;1;1;1;3;6;;;;3400000;;;1;;;;;;;;;;3
20230310;03;2023;7375060;1;1;01;15;1;119.18031816;15;2;1;4;1;3;1;1;1;3;1;1;3;2;1;1;1;1;1;3;1;;;99;1000000;;;1;;;;;;;;;;4
20230310;03;2023;7375061;1;1;01;15;1;48.144274432;15;2;1;4;1;3;1;1;1;3;1;1;5;4;1;1;1;1;1;3;3;;;;;600000;;1;;;;;;;;;;6
20230310;03;2023;7375062;1;1;01;15;1;115.47739774;15;2;1;2;1;3;1;1;1;3;1;1;4;3;1;1;1;1;1;3;4;;;;500000;;;;;;;;;;1;;;3
20230310;03;2023;7375063;1;1;01;15;1;95.609149234;15;2;1;2;1;3;2;1;1;3;1;1;2;2;1;1;1;1;1;4;4;;;;200000;;;;;;;;;;1;;;8
20230310;03;2023;7375064;1;1;01;15;1;78.392173981;15;1;1;2;1;3;2;1;1;3;1;1;4;3;1;1;1;1;1;4;3;;;;;350000;;1;;;;;;;;;;4
20230310;03;2023;7375065;1;1;01;15;1;80.888305498;15;2;1;4;1;3;1;1;1;3;1;1;4;3;1;1;1;1;1;3;4;;;;600000;;;1;;1;;;;;;;;5
20230310;03;2023;7375067;1;1;01;15;1;90.851069772;15;2;1;4;1;3;1;1;1;3;1;1;4;3;1;1;1;1;1;3;3;;;;;650000;;;;;;;;;1;;;5
20230310;03;2023;7375068;1;1;01;15;1;105.93806058;15;2;1;4;1;3;1;1;1;3;1;1;3;3;1;1;1;1;1;3;3;;;;;600000;;1;;1;;;;;;;;4
20230310;03;2023;7375069;1;1;01;15;1;100.8151111;15;1;1;4;1;2;1;1;1;3;1;1;3;2;1;1;1;1;1;3;1;;;100000000;500000;;;1;;;;;;;;;;3
20230310;03;2023;7375070;1;1;01;15;1;88.571921145;15;2;1;4;1;4;1;1;1;3;1;1;4;1;1;1;1;1;1;3;2;;950000;98;900000;;;1;;1;;;;;;;;2
20230310;03;2023;7375071;1;1;01;15;1;89.160759191;15;1;1;4;1;2;1;1;1;3;1;1;4;3;1;1;1;1;1;3;1;;;98;98;;;1;;;;;;;;;;3
20230310;03;2023;7375072;1;1;01;15;1;93.522978246;15;1;1;4;1;2;1;1;1;3;1;1;4;2;1;1;1;1;1;3;3;;;;;650000;;;;;;;;;1;;;2
20230310;03;2023;7375073;1;1;01;15;1;132.27048425;15;2;1;4;1;5;1;1;1;3;1;1;4;2;1;1;1;1;1;3;1;;;300000000;1500000;;;1;;;;;1;;;;;3
20230310;03;2023;7375074;1;1;01;15;1;111.40629494;15;1;1;2;1;2;2;1;1;3;1;1;4;3;1;1;1;1;1;4;3;;;;;400000;;1;;;;;;;;;;5
20230310;03;2023;7375075;1;1;01;15;1;124.92162813;15;1;1;4;1;2;1;1;1;3;1;1;3;2;1;1;1;1;1;3;1;;;150000000;700000;;;1;;;;1;;;;;;3
20230310;03;2023;7375076;1;1;01;15;1;113.76287727;15;2;1;4;1;3;1;1;1;3;1;1;3;2;1;1;1;1;1;3;3;;;;;99;;1;;;;;;;;;;1
20230310;03;2023;7375077;1;1;01;15;1;122.58819371;15;2;1;4;1;5;1;1;1;3;1;1;4;3;1;1;1;1;1;3;2;;1000000;300000000;1500000;;;1;;;1;;1;;;;;4
20230310;03;2023;7375078;1;1;01;15;1;124.16320545;15;1;1;4;1;2;1;1;1;3;1;1;5;3;1;1;1;1;1;3;2;;800000;150000000;700000;;;1;;;;1;;;;;;5
20230310;03;2023;7375079;1;1;01;15;1;94.643808855;15;2;1;4;1;5;1;1;1;3;1;1;4;3;1;1;1;1;1;3;2;;1230000;160000000;1200000;;;1;;1;;;;;;;;4
20230310;03;2023;7375080;1;1;01;15;1;145.22907236;15;1;1;4;1;2;1;1;1;3;1;1;3;2;1;1;1;1;1;3;3;;;;;400000;;;;;;;;;1;;;5
20230310;03;2023;7375081;1;1;01;15;1;110.89662221;15;2;1;4;1;5;1;1;1;3;1;1;3;2;1;1;1;1;1;3;3;;;;;1200000;;1;;;;;;;;;;3
20230310;03;2023;7375082;1;1;01;15;1;153.44800197;15;1;1;4;1;2;1;1;1;3;1;1;4;4;1;1;1;1;1;3;1;;;120000000;600000;;;1;;;;;;;;;;6
20230310;03;2023;7375083;1;1;01;15;1;114.81441952;15;1;1;4;1;2;1;1;1;3;1;1;3;1;1;1;1;1;1;3;1;;;100000000;400000;;;;;;;;;;1;;;2
20230310;03;2023;7375084;1;1;01;15;1;112.87728164;15;2;1;6;1;5;1;1;1;3;1;1;4;2;1;1;1;1;1;3;1;;;200000000;1400000;;;1;;;;;;;;;;3
20230310;03;2023;7375085;1;1;01;15;1;116.70930625;15;1;1;4;1;2;1;1;1;3;1;1;4;3;1;1;1;1;1;3;1;;;70000000;400000;;;;;;;;;;1;;;7
20230310;03;2023;7375086;1;1;01;15;1;122.58819371;15;2;1;4;1;5;1;1;1;3;1;1;3;2;1;1;1;1;1;3;3;;;;;1500000;;1;;;;;1;;;;;4
20230310;03;2023;7375087;1;1;01;15;1;112.87728164;15;2;1;4;1;5;1;1;1;3;1;1;4;2;1;1;1;1;1;3;3;;;;;1200000;;1;;;;;;;;;;3
20230310;03;2023;7375088;1;1;01;15;1;69.854614919;15;2;1;4;1;3;1;1;1;3;1;1;3;2;1;1;1;1;1;3;3;;;;;700000;;1;;;;;1;;;;;2
20230310;03;2023;7375089;1;1;01;15;1;69.214008863;15;2;1;4;1;3;1;1;1;3;1;1;3;3;1;1;1;1;1;3;1;;;100000000;500000;;;1;;;;;1;;;;;3
20230310;03;2023;7375090;1;1;01;15;1;76.478698145;15;2;1;4;1;3;1;1;1;3;1;1;3;2;1;1;1;1;1;4;4;;;;460000;;;1;;;;;;;;;;3
20230310;03;2023;7375091;1;1;01;15;1;151.87782687;15;2;1;4;1;3;1;1;1;3;1;1;4;3;1;1;1;1;1;3;3;;;;;800000;;1;;;;;;;;;;4
20230310;03;2023;7375092;1;1;01;15;1;98.413245717;15;2;1;4;1;3;1;1;1;3;1;1;3;2;1;1;1;1;1;3;3;;;;;850000;;1;;;;;1;;;;;2
20230310;03;2023;7375093;1;1;01;15;1;79.329510232;15;2;1;4;1;3;1;1;1;3;1;1;3;1;1;1;1;1;1;3;3;;;;;230000;;;;;;;;;1;;;1
20230310;03;2023;7375094;1;1;01;15;1;69.247277199;15;2;1;2;1;3;1;1;1;3;1;1;1;1;1;1;1;1;1;4;3;;;;;250000;;;;;;;;;1;;;1
20230310;03;2023;7375095;1;1;01;15;1;51.374793831;15;2;1;4;1;3;1;1;1;3;1;1;4;3;1;1;1;1;1;3;3;;;;;800000;;1;;;;;;;;;;3
20230310;03;2023;7375096;1;1;01;15;1;113.37055877;15;2;1;4;1;2;1;1;1;3;1;1;5;4;1;1;1;1;1;3;3;;;;;500000;;;;;;;;;1;;;4
20230310;03;2023;7375097;1;1;01;15;1;93.522978246;15;1;1;4;1;2;1;1;1;3;1;1;4;3;1;1;1;1;1;3;4;;;;150000000;;;1;;;;;;;;;;2
20230310;03;2023;7375098;1;1;01;15;1;54.216306566;15;2;1;4;1;3;1;1;1;3;1;1;4;3;1;1;1;1;1;3;3;;;;;650000;;1;;;;;;;;;;4
20230310;03;2023;7375099;1;1;01;15;1;48.876829955;15;2;1;4;1;2;1;1;1;3;1;1;3;2;1;1;1;1;1;3;3;;;;;600000;;1;;;;;;;;;;2
20230310;03;2023;7375100;1;1;01;15;1;85.548822846;15;2;1;4;1;3;1;1;1;3;1;1;4;2;1;1;1;1;1;3;3;;;;;1000000;;1;;;;;;;;;;3
20230310;03;2023;7375101;1;1;01;15;1;108.96728329;15;2;1;4;1;3;1;1;1;3;1;1;3;2;1;1;1;1;1;3;3;;;;;600000;;;;;;;;;1;;;4
20230310;03;2023;7375102;1;1;01;15;1;92.759751927;15;2;1;4;1;3;1;1;1;3;1;1;3;2;1;1;1;1;1;3;3;;;;;400000;;;;;;;;;1;;;5
20230310;03;2023;7375103;1;1;01;15;1;113.76287727;15;2;1;4;1;3;1;1;1;3;1;1;3;1;1;1;1;1;1;3;3;;;;;540000;;1;;;;1;1;;;;;1
20230310;03;2023;7375104;1;1;01;15;1;98.413245717;15;2;1;4;1;3;1;1;1;3;1;1;4;2;1;1;1;1;1;3;2;;950000;140000000;700000;;;1;1;;;;1;;;;;2
20230310;03;2023;7375108;1;1;01;15;1;71.396559209;15;2;1;4;1;4;1;1;1;3;1;1;3;1;1;1;1;1;1;3;3;;;;;850000;;1;;;;;1;;;;;1
20230310;03;2023;7375109;1;1;01;15;1;117.4886115;15;2;1;4;1;4;1;1;1;3;1;1;3;1;1;1;1;1;1;3;1;;;170000000;800000;;;1;;;;;1;;;;;1
20230310;03;2023;7375118;1;1;01;17;1;70.111095724;17;2;1;4;1;2;1;1;1;2;1;1;3;2;1;1;1;1;1;3;3;;;;;470000;;1;;;;;;;;;;4
20230310;03;2023;7375119;1;1;01;17;1;71.646189472;17;1;1;4;1;2;1;1;1;2;1;1;3;1;1;1;1;1;1;3;3;;;;;600000;;1;;;;;;;;;;2
20230310;03;2023;7375120;1;1;01;17;1;63.537095814;17;1;1;4;1;2;1;1;1;2;1;1;4;3;1;1;1;1;1;3;4;;;;600000;;;1;;;;;;;;;;4
20230310;03;2023;7375122;1;1;01;17;1;83.9451897;17;1;1;3;1;2;1;1;1;2;1;1;4;3;1;1;1;1;1;3;1;;;99;700000;;;1;;;;;;;;;;3
20230310;03;2023;7375125;1;1;01;17;1;66.956776655;17;1;1;4;1;2;1;1;1;2;1;1;5;2;1;1;1;1;1;3;2;;980000;99;700000;;;1;;;;1;;;;;;2
20230310;03;2023;7375126;1;1;01;17;1;128.00891263;17;1;1;4;1;3;1;1;1;2;1;1;4;3;1;1;1;1;1;3;3;;;;;800000;;1;;;;;;;;;;3
20230310;03;2023;7375128;1;1;01;17;1;176.30431355;17;2;1;4;1;3;2;1;1;2;1;1;3;2;1;1;1;1;1;4;3;;;;;520000;;1;;;;1;;;;;;4
20230310;03;2023;7375129;1;1;01;17;1;116.45739119;17;1;1;4;1;3;1;1;1;2;1;1;5;4;1;1;1;1;1;3;3;;;;;950000;;1;;;;;;;;;;4
20230310;03;2023;7375131;1;1;01;17;1;35.641897733;17;1;1;4;1;3;1;1;1;2;1;2;4;2;1;1;1;1;1;3;4;;;;700000;;;1;;;;;1;;;;;3
20230310;03;2023;7375131;2;2;01;17;1;35.641897733;17;1;1;4;1;3;1;1;1;2;1;2;5;2;1;1;1;1;1;3;4;;;;700000;;;1;;;;;;;;;;2
20230310;03;2023;7375132;1;1;01;17;1;76.425213422;17;1;1;4;1;3;1;1;1;2;1;1;3;1;1;1;1;1;1;3;1;;;280000000;800000;;;1;;;;1;1;;;;;3
20230310;03;2023;7375133;1;1;01;17;1;57.308097417;17;1;1;4;1;3;1;1;1;2;1;1;5;2;1;1;1;1;1;3;1;;;99;99;;;1;;;;;1;;;;;2
20230310;03;2023;7375134;1;1;01;17;1;59.582977322;17;1;1;4;1;3;1;1;1;2;1;1;5;1;1;1;1;1;1;3;2;;750000;300000000;1300000;;;1;;1;1;1;1;;;;;1
20230310;03;2023;7375135;1;1;01;17;1;100.06426322;17;1;1;4;1;3;1;1;1;2;1;1;5;3;1;1;1;1;1;3;2;;1200000;99;900000;;;1;;;;;1;;;;;4
20230310;03;2023;7375136;1;1;01;17;1;52.619653412;17;1;1;4;1;3;1;1;1;2;1;1;4;3;1;1;1;1;1;3;1;;;99;800000;;;1;;;;;1;;;;;4
20230310;03;2023;7375137;1;1;01;17;1;62.624642139;17;2;1;4;1;3;1;1;1;2;1;1;3;2;1;1;1;1;1;3;3;;;;;650000;;1;;;;;1;;;;;3
20230310;03;2023;7375138;1;1;01;17;1;155.36787233;17;2;1;4;1;3;1;1;1;2;1;1;4;3;1;1;1;1;1;3;3;;;;;670000;;1;;;;;1;;;;;5
20230310;03;2023;7375139;1;1;01;17;1;69.46281934;17;2;1;4;1;2;1;1;1;2;1;1;3;1;1;1;1;1;1;3;3;;;;;700000;;1;;;;;;;;;;1
20230310;03;2023;7375140;1;1;01;17;1;236.44113913;17;1;1;2;1;2;1;1;1;2;1;1;4;3;1;1;1;1;1;3;1;;;100000000;600000;;;1;;;;1;;;;;;4
20230310;03;2023;7375141;1;1;01;17;1;140.51327608;17;2;1;4;1;3;1;1;1;2;1;1;4;3;1;1;1;1;1;3;3;;;;;500000;;1;;;;;;;;;;5
20230310;03;2023;7375142;1;1;01;17;1;177.45440144;17;2;1;4;1;3;1;1;1;2;1;1;6;5;1;1;1;1;1;3;3;;;;;700000;;1;;;;;;;;;;8
20230310;03;2023;7375143;1;1;01;17;1;145.0652756;17;2;1;4;1;3;1;1;1;2;1;1;3;2;1;1;1;1;1;3;3;;;;;99;;1;;;;;;;;;;2
20230310;03;2023;7375144;1;1;01;17;1;279.03702077;17;2;1;2;1;6;1;1;1;2;1;1;3;1;1;1;1;1;1;3;3;;;;;1500000;;1;;;;;;;;;;1
20230310;03;2023;7375145;1;1;01;17;1;152.26067499;17;2;1;4;1;3;1;1;1;2;1;1;3;3;1;1;1;1;1;3;3;;;;;550000;;1;;;;;;;;;;4
20230310;03;2023;7375146;1;1;01;17;1;310.02441699;17;2;1;4;1;6;1;1;1;2;1;1;4;1;1;1;1;1;1;3;2;;1200000;250000000;1200000;;;1;;1;;1;1;;;;;1
20230310;03;2023;7375147;1;1;01;17;1;273.71742183;17;2;1;2;1;6;1;1;1;2;1;1;3;2;1;1;1;1;1;3;3;;;;;1000000;;1;;;;;;;;;;2
20230310;03;2023;7375148;1;1;01;17;1;210.5104066;17;3;1;4;1;3;1;1;1;2;1;1;1;1;1;2;1;1;6;;3;;;;;540000;;;;;;;;;1;;;1
20230310;03;2023;7375149;1;1;01;17;1;132.62028298;17;2;1;4;1;3;2;1;1;2;1;1;1;1;1;1;1;1;1;4;3;;;;;380000;;;;;;;;;1;;;1
20230310;03;2023;7375150;1;1;01;17;1;310.02441699;17;2;1;4;1;6;1;1;1;2;1;1;2;1;1;1;1;1;1;3;3;;;;;1000000;;1;;;;;1;;;;;1
20230310;03;2023;7375151;1;1;01;17;1;310.02441699;17;2;1;4;1;6;1;1;1;2;1;1;3;1;1;1;1;1;1;3;3;;;;;900000;;1;;;;;;;;;;1
20230310;03;2023;7375154;1;1;01;17;1;268.09679145;17;2;1;4;1;3;2;1;1;2;1;1;3;2;1;1;1;1;1;4;3;;;;;450000;;1;;;;;;;;;;5
20230310;03;2023;7375155;1;1;01;17;1;206.53310633;17;3;1;6;1;3;1;1;1;2;1;1;1;1;1;2;1;1;6;;3;;;;;360000;;;;;;;;;1;;;1
20230310;03;2023;7375156;1;1;01;17;1;206.89833325;17;1;1;4;1;4;1;1;1;2;1;1;5;2;1;1;1;1;1;3;3;;;;;1500000;;1;;;1;1;1;;;;;2
20230310;03;2023;7375157;1;1;01;17;1;386.60102023;17;2;1;4;1;3;1;1;1;2;1;1;2;1;1;1;1;1;1;3;4;;;;700000;;;1;;;;;;;;;;3
20230310;03;2023;7375159;1;1;01;17;1;200.39522174;17;2;1;4;1;2;1;1;1;2;1;1;5;4;1;1;1;1;1;3;3;;;;;450000;;1;;;1;;1;;;;;8
20230310;03;2023;7375160;1;1;01;17;1;301.45891163;17;3;1;4;1;3;1;1;1;2;1;1;1;1;1;1;1;1;6;;3;;;;;480000;;1;;;;;;;;;;1
20230310;03;2023;7375161;1;1;01;17;1;301.45891163;17;3;1;4;1;3;1;1;1;2;1;1;1;1;1;2;1;1;6;;3;;;;;400000;;;;;;;;;1;;;1
20230310;03;2023;7375162;1;1;01;17;1;332.44125659;17;2;1;4;1;3;1;1;1;2;1;1;3;1;1;1;1;1;1;3;3;;;;;550000;;1;;;1;;1;;;;;2
20230310;03;2023;7375163;1;1;01;17;1;303.92148183;17;3;1;4;1;3;1;1;1;2;1;1;1;1;1;2;1;1;1;3;3;;;;;375000;;1;;;;;1;;;;;1
20230310;03;2023;7375164;1;1;01;17;1;301.45891163;17;3;1;3;1;3;1;1;1;2;1;1;1;1;1;2;1;1;1;3;3;;;;;365000;;1;;;;;;;;;;1
20230310;03;2023;7375165;1;1;01;17;1;149.67423791;17;2;1;4;1;2;1;1;1;2;1;1;4;3;1;1;1;1;1;3;3;;;;;650000;;;;;;;;;1;;;4
20230310;03;2023;7375166;1;1;01;17;1;135.99853844;17;2;1;4;1;2;1;1;1;2;1;1;3;2;1;1;1;1;1;3;4;;;;400000;;;;;;;;;;1;;;4
20230310;03;2023;7375167;1;1;01;17;1;324.35210729;17;3;1;4;1;3;1;1;1;2;1;1;1;1;1;2;1;1;1;3;3;;;;;380000;;1;;;;;;;;;;1
20230310;03;2023;7375168;1;1;01;17;1;203.13654537;17;2;1;4;1;1;1;1;1;2;1;1;3;2;1;1;1;1;1;3;1;;;99;99;;;1;;;;;;;;;;2
20230310;03;2023;7375169;1;1;01;17;1;199.46475395;17;1;1;4;1;1;1;1;1;2;1;1;3;1;1;1;1;1;1;3;6;;;;700000;;;1;;;;;;;;;;2
20230310;03;2023;7375170;1;1;01;17;1;209.12834032;17;1;1;4;1;2;1;1;1;2;1;1;4;3;1;1;1;1;1;3;3;;;;;400000;;1;;;;;;;;;;6
20230310;03;2023;7375171;1;1;01;17;1;199.23155965;17;1;1;4;1;1;1;1;1;2;1;1;2;1;1;1;1;1;1;3;1;;;110000000;400000;;;1;;;;;;;;;;2
20230310;03;2023;7375173;1;1;01;17;1;142.48607612;17;2;1;4;1;2;1;1;1;2;1;1;3;2;1;1;1;1;1;3;3;;;;;450000;;1;;;;;;;;;;3
20230310;03;2023;7375174;1;1;01;17;1;79.816572844;17;2;1;4;1;3;1;1;1;2;1;1;4;3;1;1;1;1;1;3;3;;;;;99;;1;;;;;;;;;;3
20230310;03;2023;7375175;1;1;01;17;1;145.87676292;17;2;1;4;1;2;1;1;1;2;1;1;4;2;1;1;1;1;1;3;4;;;;400000;;;1;;;;;;;;;;4
20230310;03;2023;7375176;1;1;01;17;1;135.09507423;17;2;1;4;1;3;1;1;1;2;1;1;4;2;1;1;1;1;1;3;3;;;;;800000;;1;;;;;1;;;;;3
20230310;03;2023;7375177;1;1;01;17;1;200.40770215;17;2;1;4;1;1;1;1;1;2;1;1;3;2;1;1;1;1;1;3;3;;;;;500000;;1;;;;;;;;;;2
20230310;03;2023;7375178;1;1;01;17;1;206.68294466;17;2;1;4;1;1;1;1;1;2;1;1;2;1;1;1;1;1;1;3;4;;;;300000;;;1;;;;;;;;;;1
20230310;03;2023;7375179;1;1;01;17;1;173.65715627;17;2;1;4;1;1;1;1;1;2;1;1;3;2;1;1;1;1;1;3;3;;;;;450000;;1;;;;;;;;;;2
20230310;03;2023;7375181;1;1;01;17;1;205.16828593;17;1;1;3;1;1;2;1;1;2;1;1;3;2;1;1;1;1;1;4;4;;;;250000;;;;;;;;;;1;;;6
20230310;03;2023;7375182;1;1;01;17;1;157.34067237;17;1;1;4;1;2;1;1;1;2;1;1;4;3;1;1;1;1;1;3;1;;;1500000000;500000;;;1;;;;;;;;;;3
20230310;03;2023;7375183;1;1;01;17;1;134.80028773;17;2;1;4;1;2;1;1;1;2;1;1;3;2;1;1;1;1;1;3;2;;300000;99;450000;;;;;;;;;;1;;;4
20230310;03;2023;7375184;1;1;01;17;1;224.13550461;17;1;1;2;1;3;1;1;1;2;1;1;3;1;1;1;1;1;1;3;1;;;150000000;600000;;;1;;;1;;;;;;;2
20230310;03;2023;7375185;1;1;01;17;1;243.78976231;17;2;1;4;1;3;1;1;1;2;1;1;5;4;1;1;1;1;1;3;1;;;99;1000000;;;1;;;;;;;;;;4
20230310;03;2023;7375187;1;1;01;17;1;197.02653569;17;2;1;4;1;3;1;1;1;2;1;1;3;2;1;1;1;1;1;3;3;;;;;585000;;1;;;;;;;;;;2
20230310;03;2023;7375188;1;1;01;17;1;158.92402814;17;2;1;4;1;2;1;1;1;2;1;1;3;2;1;1;1;1;1;3;1;;;150000000;500000;;;1;;;;;;;;;;2
20230310;03;2023;7375189;1;1;01;17;1;131.66432993;17;2;1;4;1;3;1;1;1;2;1;1;4;3;1;1;1;1;1;3;3;;;;;720000;;1;;;;;1;;;;;4
20230310;03;2023;7375190;1;1;01;17;1;164.05259647;17;1;1;4;1;3;1;1;1;2;1;1;4;3;1;1;1;1;1;3;1;;;99;800000;;;1;;;;;1;;;;;4
20230310;03;2023;7375192;1;1;01;17;1;143.60980616;17;2;1;4;1;3;1;1;1;2;1;1;3;1;1;1;1;1;1;3;3;;;;;600000;;1;;;;;;;;;;1
20230310;03;2023;7375193;1;1;01;17;1;152.87562882;17;2;1;4;1;3;1;1;1;2;1;1;5;4;1;1;1;1;1;3;3;;;;;730000;;1;;;;;1;;;;;4
20230310;03;2023;7375194;1;1;01;17;1;135.53324312;17;2;1;3;1;3;1;1;1;2;1;1;4;3;1;1;1;1;1;3;3;;;;;720000;;1;;;;;1;;;;;6
20230310;03;2023;7375195;1;1;01;17;1;224.3978482;17;1;1;4;1;3;1;1;1;2;1;1;5;1;1;1;1;1;1;3;2;;750000;250000000;1500000;;;1;;1;;;;;;;;2
20230310;03;2023;7375196;1;1;01;17;1;122.1241866;17;2;1;3;1;3;1;1;1;2;1;1;5;1;1;1;1;1;1;3;1;;;130000000;700000;;;1;;;;;;;;;;2
20230310;03;2023;7375197;1;1;01;17;1;132.36960555;17;1;1;4;1;2;1;1;1;2;1;1;3;2;1;1;1;1;1;3;4;;;;600000;;;1;;;;;;;;;;3
20230310;03;2023;7375198;1;1;01;17;1;265.51238462;17;2;1;4;1;2;1;1;1;2;1;1;3;2;1;1;1;1;1;3;3;;;;;500000;;;;;;;;;1;;;3
20230310;03;2023;7375199;1;1;01;17;1;234.12561684;17;2;1;3;1;1;1;1;1;2;1;1;4;3;1;1;1;1;1;3;3;;;;;380000;;;;;;;;;1;;;3
20230310;03;2023;7375200;1;1;01;17;1;143.60529573;17;2;1;4;1;1;1;1;1;2;1;1;3;2;1;1;1;1;1;3;3;;;;;500000;;1;;;;;;;;;;4
20230310;03;2023;7375201;1;1;01;17;1;268.11308685;17;2;1;4;1;2;1;1;1;2;1;1;4;3;1;1;1;1;1;3;3;;;;;500000;;1;;;;;;;;;;3
20230310;03;2023;7375202;1;1;01;17;1;297.92926978;17;1;4;6;1;2;1;1;1;2;1;1;8;4;1;1;1;1;1;3;4;;;;500000;;;1;;;;;;;;;;5
20230310;03;2023;7375203;1;1;01;17;1;260.95568865;17;2;1;4;1;3;1;1;1;2;1;1;3;2;1;1;1;1;1;3;3;;;;;1000000;;1;;;;;;;;;;3
20230310;03;2023;7375204;1;1;01;17;1;232.51831274;17;2;1;2;1;3;1;1;1;2;1;1;2;1;1;1;1;1;1;3;3;;;;;400000;;1;;;;;;;;;;1
20230310;03;2023;7375205;1;1;01;17;1;243.38635257;17;2;1;2;1;3;2;1;1;2;1;1;4;2;1;1;1;1;1;4;1;;;98;800000;;;1;;;;1;;;;;;3
20230310;03;2023;7375206;1;1;01;17;1;222.13944183;17;1;1;4;1;3;1;1;1;2;1;1;5;4;1;1;1;1;1;3;3;;;;;700000;;1;;;;;;;;;;4
20230310;03;2023;7375209;1;1;01;17;1;307.93162244;17;2;1;2;1;1;1;1;1;2;1;1;5;2;1;1;1;1;1;3;3;;;;;500000;;1;;;;1;1;;;;;4
20230310;03;2023;7375210;1;1;01;17;1;228.30301699;17;2;4;3;1;2;1;1;1;2;1;1;1;1;1;2;1;1;6;;3;;;;;150000;;;;;;;;;1;;;1
20230310;03;2023;7375211;1;1;01;17;1;292.98518375;17;2;1;2;1;2;1;1;1;2;1;1;5;2;1;1;1;1;1;3;2;;303000;150000000;500000;;;1;;1;;;;;;;;5
20230310;03;2023;7375212;1;1;01;17;1;192.01336895;17;2;1;2;1;4;1;1;1;2;1;1;4;2;1;1;1;1;1;3;1;;;170000000;1000000;;;1;;;1;;1;;;;;3
20230310;03;2023;7375213;1;1;01;17;1;211.30234799;17;2;1;4;1;4;1;1;1;1;1;1;4;3;1;1;1;1;1;3;3;;;;;900000;;1;;;;;;;;;;3
20230310;03;2023;7375214;1;1;01;17;1;131.29408015;17;2;1;4;1;3;1;1;1;2;1;1;2;1;1;1;1;1;1;3;3;;;;;500000;;1;;;;;;;;;;1
20230310;03;2023;7375215;1;1;01;17;1;137.18579531;17;2;1;4;1;3;1;1;1;2;1;1;4;3;1;1;1;1;1;3;1;;;400000000;700000;;;1;;;;;;;;;;3
20230310;03;2023;7375216;1;1;01;17;1;133.93776997;17;1;1;4;1;2;2;1;1;2;1;1;3;1;1;1;1;1;1;4;1;;;120000000;500000;;;1;;;;;;;;;;1
20230310;03;2023;7375217;1;1;01;17;1;126.09698284;17;2;1;6;1;2;1;1;1;2;1;1;3;2;1;1;1;1;1;3;4;;;;500000;;;1;;;;;;;;;;2
20230310;03;2023;7375218;1;1;01;17;1;211.72312923;17;2;1;4;1;4;1;1;1;2;1;1;3;1;1;1;1;1;1;3;3;;;;;1250000;;1;;;;;;;;;;2
20230310;03;2023;7375219;1;1;01;17;1;225.93569904;17;2;1;4;1;4;1;1;1;2;1;1;5;4;1;1;1;1;1;3;3;;;;;1200000;;1;;;;;;;;;;5
20230310;03;2023;7375221;1;1;01;17;1;199.46475395;17;2;1;4;1;4;1;1;1;2;1;1;3;1;1;1;1;1;1;3;3;;;;;800000;;1;;;;;;;;;;2
20230310;03;2023;7375223;1;1;01;17;1;148.81974441;17;2;1;4;1;1;1;1;1;2;1;1;3;1;1;1;1;1;1;3;3;;;;;400000;;1;;;;;;;;;;1
20230310;03;2023;7375225;1;1;01;17;1;137.74369132;17;1;1;4;1;1;1;1;1;2;1;1;4;2;1;1;1;1;1;3;4;;;;500000;;;1;;;;;;;;;;2
20230310;03;2023;7375226;1;1;01;17;1;179.6073817;17;2;1;4;1;1;1;1;1;2;1;1;4;3;1;1;1;1;1;3;1;;;170000000;600000;;;1;;;;;;;;;;4
20230310;03;2023;7375227;1;1;01;17;1;166.20262803;17;1;1;4;1;2;1;1;1;2;1;1;3;2;1;1;1;1;1;3;4;;;;500000;;;1;;;;;;;;;;2
20230310;03;2023;7375228;1;1;01;17;1;149.19781835;17;2;1;4;1;2;1;1;1;2;1;1;4;1;1;1;1;1;1;3;1;;;80000000;400000;;;1;;;;;;;;;;1
20230310;03;2023;7375230;1;1;01;17;1;142.08312786;17;2;1;4;1;2;1;1;1;2;1;1;2;1;1;1;1;1;1;3;3;;;;;380000;;;;;;;;;1;;;2
20230310;03;2023;7375231;1;1;01;17;1;184.80514628;17;2;1;4;1;2;1;1;1;2;1;1;3;2;1;1;1;1;1;3;3;;;;;550000;;1;;;;;;;;;;3
20230310;03;2023;7375232;1;1;01;17;1;202.37285901;17;2;1;4;1;2;1;1;1;2;1;1;3;2;1;1;1;1;1;3;3;;;;;600000;;1;;;;;;;;;;3
20230310;03;2023;7375233;1;1;01;17;1;166.20262803;17;1;1;2;1;2;1;1;1;2;1;1;3;2;1;1;1;1;1;3;1;;;90000000;600000;;;1;;;;;;;;;;2
20230310;03;2023;7375234;1;1;01;17;1;196.0949589;17;2;1;2;1;2;1;1;1;2;1;1;2;2;1;1;1;1;1;3;3;;;;;500000;;1;;;;;;;;;;5
20230310;03;2023;7375235;1;1;01;17;1;152.20201133;17;2;1;4;1;2;2;1;1;2;1;1;1;1;1;1;1;1;1;4;3;;;;;250000;;;;;;;;;1;;;1
20230310;03;2023;7375236;1;1;01;17;1;176.71486752;17;2;1;4;1;2;1;1;1;2;1;1;2;2;1;1;1;1;1;3;3;;;;;470000;;1;;;;;;;;;;2
20230310;03;2023;7375237;1;1;01;17;1;168.67064819;17;2;1;4;1;2;1;1;1;2;1;1;1;1;1;1;1;1;1;3;3;;;;;420000;;;;;;;;;1;;;3
20230310;03;2023;7375238;1;1;01;17;1;163.00763971;17;2;1;4;1;2;1;1;1;2;1;1;4;1;1;1;1;1;1;3;6;;;;400000;;;1;;;;;;;;;;2
20230310;03;2023;7375239;1;1;01;17;1;147.73566936;17;1;1;4;1;2;2;1;1;2;1;1;3;1;1;1;1;1;1;4;1;;;80000000;500000;;;1;;;;;;;;;;2
20230310;03;2023;7375240;1;1;01;17;1;152.59985881;17;2;1;4;1;4;1;1;1;2;1;1;4;2;1;1;1;1;1;3;3;;;;;1350000;;1;;;;;;;;;;3
20230310;03;2023;7375241;1;1;01;17;1;135.21129567;17;2;1;4;1;4;1;1;1;2;1;1;3;2;1;1;1;1;1;3;3;;;;;500000;;1;;;;;;;;;;2
20230310;03;2023;7375242;1;1;01;17;1;132.97650264;17;2;1;4;1;3;1;1;1;2;1;1;3;1;1;1;1;1;1;3;1;;;150000000;500000;;;1;;;;;;;;;;2
20230310;03;2023;7375243;1;1;01;17;1;127.17934742;17;2;1;4;1;3;1;1;1;2;1;1;3;2;1;1;1;1;1;3;3;;;;;700000;;1;;;;1;;;;;;3
20230310;03;2023;7375244;1;1;01;17;1;151.87187941;17;2;1;4;1;2;1;1;1;2;1;1;3;2;1;1;1;1;1;3;3;;;;;300000;;1;;;;;;;;;;4
20230310;03;2023;7375245;1;1;01;17;1;149.67281809;17;2;1;4;1;3;1;1;1;2;1;1;3;2;1;1;1;1;1;3;3;;;;;8000000;;1;;;;;;;;;;4
20230310;03;2023;7375249;1;1;01;18;1;45.66040141;18;1;1;4;1;2;1;1;1;2;1;1;5;1;1;1;1;1;1;3;1;;;250000000;600000;;1;1;;;;;;;;;;1
20230310;03;2023;7375250;1;1;01;18;1;63.19183224;18;1;1;4;1;2;1;1;1;2;1;1;4;2;1;1;1;1;1;3;1;;;200000000;300000;;;1;;;;;;;;;;4
20230310;03;2023;7375252;1;1;01;18;1;77.792591231;18;2;1;4;1;2;1;1;1;2;1;1;4;2;1;1;1;1;1;3;3;;;;;350000;;1;;;;;;;;;;4
20230310;03;2023;7375253;1;1;01;18;1;71.344377203;18;1;1;4;1;1;1;2;1;2;1;1;4;1;2;1;1;1;1;3;5;;;;300000;;;;;;;;;;1;;;1
20230310;03;2023;7375254;1;1;01;18;1;118.01496269;18;1;1;4;1;1;2;2;1;2;1;1;4;2;2;1;1;1;1;4;3;;;;;350000;;;;;;;;;1;;;1
20230310;03;2023;7375255;1;1;01;18;1;72.870563092;18;1;1;4;1;1;2;2;1;2;1;1;5;3;2;1;1;1;3;4;1;;;120000000;300000;;;;;;;;;;1;;;3
20230310;03;2023;7375256;1;1;01;18;1;102.27916647;18;1;2;1;1;1;2;1;1;2;1;1;4;2;1;1;1;1;1;4;5;;;;200000;;;;;;;;;;1;;;2
20230310;03;2023;7375257;1;1;01;18;1;152.37014308;18;2;1;4;1;1;1;1;1;2;1;1;4;1;1;1;1;1;1;3;3;;;;;400000;;1;;;;;;;;;;6
20230310;03;2023;7375258;1;1;01;18;1;137.33690673;18;1;1;4;1;1;1;1;1;3;1;1;4;2;1;1;1;1;1;3;4;;;;300000;;;;;;;;;;1;;;3
20230310;03;2023;7375260;1;1;01;18;1;125.25593839;18;1;1;4;1;1;1;1;1;2;1;1;4;2;1;1;1;1;1;3;1;;;110000000;300000;;;;;;;;;;1;;;4
20230310;03;2023;7375262;1;1;01;18;1;75.147453414;18;2;1;4;1;1;1;1;1;2;1;1;4;1;1;1;1;1;1;3;1;;;100000000;400000;;;1;;;;;;;;;;1
20230310;03;2023;7375263;1;1;01;18;1;45.257379549;18;1;1;4;1;1;1;1;1;2;1;1;4;2;1;1;1;1;1;3;4;;;;250000;;;;;;;;;;1;;;2
20230310;03;2023;7375265;1;1;01;18;1;68.839597674;18;1;1;4;1;1;1;1;1;2;1;1;4;2;1;1;1;1;1;3;1;;;100000000;400000;;;;;;;;;;1;;;2
20230310;03;2023;7375266;1;1;01;18;1;74.00896129;18;2;1;4;1;1;1;1;1;2;1;1;4;2;1;1;1;1;1;3;3;;;;;250000;;1;;;;;;;;;;3
20230310;03;2023;7375267;1;1;01;18;1;38.567401105;18;2;1;4;1;2;1;1;1;2;1;1;3;2;1;1;1;1;1;3;3;;;;;400000;;1;;;;;;;;;;3
20230310;03;2023;7375270;1;1;01;18;1;61.351446125;18;2;1;4;1;1;1;1;1;2;1;1;3;1;1;1;1;1;1;3;3;;;;;350000;;;;;;;;;1;;;1
20230310;03;2023;7375272;1;1;01;18;1;70.115938428;18;2;1;2;1;1;2;2;1;2;1;1;2;1;2;1;1;1;1;4;3;;;;;220000;;;;;;;;;1;;;1
20230310;03;2023;7375273;1;1;01;18;1;79.421507852;18;2;1;4;1;1;1;1;1;2;1;1;4;2;1;1;1;1;1;3;1;;;60000000;300000;;;1;;;;;;;;;;2
20230310;03;2023;7375274;1;1;01;18;1;82.396185641;18;2;1;4;1;1;1;1;1;2;1;1;4;2;1;1;1;1;1;3;3;;;;;400000;;1;;;;;;;;;;1
20230310;03;2023;7375275;1;1;01;18;1;122.10029806;18;2;1;4;1;1;1;1;1;2;1;1;4;2;1;1;1;1;1;3;1;;;100000000;300000;;;;;;;;;;1;;;2
20230310;03;2023;7375277;1;1;01;18;1;89.180471504;18;1;1;4;1;2;1;1;1;2;1;1;4;1;1;1;1;1;1;3;3;;;;;500000;;;;;;;;;1;;;1
20230310;03;2023;7375279;1;1;01;18;1;82.994902759;18;2;1;4;1;1;1;1;1;2;1;1;3;2;1;1;1;1;3;3;3;;;;;400000;;1;;;;;;;;;;2
20230310;03;2023;7375280;1;1;01;18;1;106.93214971;18;2;1;4;1;1;1;1;1;2;1;1;4;3;1;1;1;1;3;3;3;;;;;400000;;1;;;;;;;;;;3
20230310;03;2023;7375281;1;1;01;18;1;82.615253116;18;2;1;4;1;2;1;1;1;2;1;1;2;1;1;1;1;1;3;3;3;;;;;350000;;1;;;;;;;;;;2
20230310;03;2023;7375282;1;1;01;18;1;77.294523511;18;2;1;4;1;2;1;1;1;2;1;1;3;1;1;1;1;1;1;3;3;;;;;350000;;;;;;;;;1;;;1
20230310;03;2023;7375284;1;1;01;18;1;89.180471504;18;2;1;4;1;2;1;1;1;6;1;1;3;1;1;1;1;1;1;3;3;;;;;600000;;1;;;;;;;;;;1
20230310;03;2023;7375285;1;1;01;18;1;147.51870336;18;2;1;4;1;2;1;1;1;2;1;1;3;1;1;1;1;1;1;3;3;;;;;600000;;1;;;;;1;;;;;1
20230310;03;2023;7375287;1;1;01;18;1;126.27602367;18;1;1;4;1;1;1;1;1;2;1;1;3;2;1;1;1;1;1;3;3;;;;;250000;;1;;;;;;;;;;3
20230310;03;2023;7375288;1;1;01;18;1;86.6312266;18;1;1;4;1;1;1;1;1;2;1;1;5;3;1;1;1;1;1;3;3;;;;;600000;;1;;;;;;;;;;4
20230310;03;2023;7375289;1;1;01;18;1;98.345802238;18;2;1;4;1;1;1;1;1;2;1;1;2;1;1;1;1;1;1;3;3;;;;;280000;;;;;;;;;1;;;1
20230310;03;2023;7375290;1;1;01;18;1;118.26528074;18;1;1;4;1;2;1;1;1;2;1;1;4;2;1;1;1;1;1;3;3;;;;;450000;;1;;;;;;;;;;3
20230310;03;2023;7375291;1;1;01;18;1;74.578558886;18;1;1;4;1;2;1;1;1;2;1;1;3;2;1;1;1;1;1;3;3;;;;;600000;;1;;;;;;;;;;2
20230310;03;2023;7375292;1;1;01;18;1;106.67684987;18;2;1;2;1;1;1;1;1;2;1;1;3;2;1;1;1;1;1;3;3;;;;;450000;;1;;;;;;;;;;3
20230310;03;2023;7375294;1;1;01;18;1;182.0897794;18;1;1;4;1;1;1;1;1;2;1;1;3;2;1;1;1;1;1;3;1;;;90000000;300000;;;;;;;1;;;;;;5
20230310;03;2023;7375295;1;1;01;18;1;76.027860211;18;2;1;2;1;2;1;1;1;2;1;1;2;2;1;1;1;1;1;3;3;;;;;500000;;;;;;;;;1;;;2
20230310;03;2023;7375296;1;1;01;18;1;106.21346642;18;2;1;4;1;1;1;1;1;2;1;1;2;1;1;1;1;1;6;;3;;;;;500000;;1;;;;;;;;;;1
20230310;03;2023;7375298;1;1;01;18;1;89.552655395;18;1;1;4;1;2;1;1;1;2;1;1;3;2;1;1;1;1;3;3;3;;;;;700000;;1;;;;;;;;;;3
20230310;03;2023;7375300;1;1;01;18;1;106.33343259;18;1;1;4;1;1;1;1;1;2;1;1;3;1;1;1;1;1;3;3;3;;;;;450000;;1;;;;1;;;;;;2
20230310;03;2023;7375302;1;1;01;18;1;88.611193826;18;1;1;4;1;1;1;1;1;2;1;1;3;1;1;1;1;1;3;3;1;;;99;99;;;;;;;;;;1;;;2
20230310;03;2023;7375303;1;1;01;18;1;107.58703372;18;1;1;4;1;2;1;1;1;2;1;1;4;2;1;1;1;1;3;3;1;;;80000000;99;;;1;;;;1;;;;;;3
20230310;03;2023;7375305;1;1;01;18;1;147.51870336;18;1;1;4;1;2;1;1;1;2;1;1;4;1;1;1;1;1;3;3;4;;;;800000;;;;;;;;;;1;;;1
20230310;03;2023;7375306;1;1;01;19;1;91.999628235;19;1;1;4;1;1;1;1;1;3;1;1;4;2;1;1;1;1;1;3;1;;;90000000;400000;;;;;;;;;;1;;;3
20230310;03;2023;7375307;1;1;01;19;1;160.2490909;19;1;1;4;1;3;1;1;1;3;1;1;4;3;1;1;1;1;1;3;4;;;;400000;;;;;;;;;;1;;;3
20230310;03;2023;7375308;1;1;01;19;1;91.456191965;19;2;1;4;1;2;2;1;1;3;1;1;2;1;1;1;1;1;1;4;4;;;;300000;;;;;;;;;;1;;;2
20230310;03;2023;7375309;1;1;01;19;1;218.24353981;19;1;1;4;1;2;1;1;1;3;1;2;3;2;1;1;1;1;1;3;5;;;;600000;;;;;;;;;;1;;;3
20230310;03;2023;7375309;2;2;01;19;1;218.24353981;19;1;1;4;1;2;1;1;1;3;1;2;2;2;1;1;1;1;1;3;5;;;;500000;;;1;;;;;;;;;;3
20230310;03;2023;7375310;1;1;01;19;1;38.365384554;19;1;1;4;1;2;1;1;1;3;1;1;4;3;1;1;1;1;1;3;1;;;100000000;400000;;;;;;;;;;1;;;5
20230310;03;2023;7375311;1;1;01;19;1;111.18007311;19;2;1;4;1;1;1;1;1;3;1;1;3;1;1;1;1;1;1;3;1;;;99;600000;;;1;;;;;;;;;;2
20230310;03;2023;7375312;1;1;01;19;1;55.657236151;19;1;1;4;1;2;1;1;1;3;1;1;3;2;1;1;1;1;1;3;1;;;90000000;450000;;;;;;;;;;1;;;4
20230310;03;2023;7375313;1;1;01;19;1;78.791893745;19;1;1;4;1;2;1;1;1;3;1;1;4;2;1;1;1;1;1;3;3;;;;;400000;;1;;;;;;;;;;3
20230310;03;2023;7375316;1;1;01;19;1;72.736197843;19;1;1;4;1;4;1;1;1;2;1;1;4;3;1;1;1;1;1;3;1;;;600000000;800000;;;1;;;;;;;;;;4
20230310;03;2023;7375317;1;1;01;19;1;120.85295219;19;1;2;2;1;1;2;1;1;3;1;1;3;1;1;1;1;1;1;4;4;;;;200000;;;;;;;;;;1;;;1
20230310;03;2023;7375318;1;1;01;19;1;73.516950984;19;1;5;2;1;2;1;1;1;3;1;2;3;2;1;2;1;1;1;3;1;;;98;150000;;;;;;;;;;1;;;4
20230310;03;2023;7375318;2;2;01;19;1;73.516950984;19;1;5;2;1;2;1;1;1;3;1;2;1;1;1;2;1;1;1;3;3;;;;;50000;;;;;;;;;1;;;1
20230310;03;2023;7375320;1;1;01;19;1;194.24224054;19;2;1;4;1;3;1;1;1;3;1;1;3;2;1;1;1;1;1;3;3;;;;;800000;;;;;;;;;1;;;3
20230310;03;2023;7375321;1;1;01;19;1;108.22240363;19;1;1;2;1;2;2;1;1;3;1;1;4;3;1;1;1;1;1;4;3;;;;;600000;;1;;;;;;;;;;4
20230310;03;2023;7375322;1;1;01;19;1;248.87102876;19;2;1;4;1;2;1;1;1;3;1;2;4;1;1;1;1;1;1;3;3;;;;;270000;;1;;;;;;;;;;1
20230310;03;2023;7375322;2;2;01;19;1;248.87102876;19;2;1;4;1;2;1;1;1;3;1;2;3;2;1;1;1;1;1;3;3;;;;;500000;;;;;;;;1;;;NEQUI;2
20230310;03;2023;7375324;1;1;01;19;1;153.40111921;19;2;1;4;1;2;1;1;1;3;1;1;4;2;1;1;1;1;1;3;3;;;;;650000;;;;;;1;;;;;;2
20230310;03;2023;7375325;1;1;01;19;1;95.425482189;19;2;1;4;1;2;1;1;1;3;1;1;4;3;1;1;1;1;1;3;1;;;99;500000;;;1;;;;;;;;;;3
20230310;03;2023;7375326;1;1;01;19;1;156.66031263;19;2;1;4;1;3;1;1;1;3;1;1;4;3;1;1;1;1;1;3;1;;;180000000;600000;;;;;;;;;;1;;;3
20230310;03;2023;7375327;1;1;01;19;1;180.15289625;19;1;1;4;1;3;1;1;1;3;1;1;3;1;1;1;1;1;1;3;1;;;98;400000;;;;;;;;;;1;;;2
20230310;03;2023;7375328;1;1;01;19;1;204.199298;19;2;1;4;1;3;2;1;1;3;1;1;3;2;1;1;1;1;1;4;1;;;99;700000;;;;;;;;;;1;;;2
20230310;03;2023;7375329;1;1;01;19;1;125.77947665;19;2;1;4;1;4;1;1;1;3;1;1;3;2;1;1;1;1;1;3;1;;;98;500000;;;;;;;;;;1;;;2
20230310;03;2023;7375330;1;1;01;19;1;180.15289625;19;1;1;4;1;2;1;1;1;3;1;1;3;2;1;1;1;1;1;3;3;;;;;650000;;;;;;;;;1;;;2
20230310;03;2023;7375331;1;1;01;19;1;153.02631397;19;1;1;4;1;1;2;1;1;3;1;1;3;2;1;1;1;1;1;4;3;;;;;750000;;;;;;;;;1;;;2
20230310;03;2023;7375332;1;1;01;19;1;140.2224436;19;2;1;4;1;2;1;1;1;3;1;1;2;1;1;1;1;1;1;3;3;;;;;350000;;1;;;;;;;;;;2
20230310;03;2023;7375333;1;1;01;19;1;95.972042974;19;1;1;4;1;4;1;1;1;3;1;1;4;3;1;1;1;1;1;3;3;;;;;950000;;;;;;;;;1;;;3
20230310;03;2023;7375334;1;1;01;19;1;72.499258641;19;1;1;4;1;2;1;1;1;3;1;1;3;2;1;1;1;1;1;3;2;;98;200000000;400000;;;1;;;;;;;;;;3
20230310;03;2023;7375335;1;1;01;19;1;180.15289625;19;1;1;4;1;2;1;1;1;3;1;1;5;2;1;1;1;1;1;3;1;;;98;700000;;;1;;;;;;;;;;2
20230310;03;2023;7375336;1;1;01;19;1;100.71079349;19;1;1;4;1;4;1;1;1;3;1;1;6;1;1;1;1;1;1;3;1;;;150000000;800000;;;1;;;;1;;;;;;1
20230310;03;2023;7375337;1;1;01;19;1;171.60654612;19;1;1;4;1;4;1;1;1;3;1;1;4;3;1;1;1;1;1;3;4;;;;700000;;;1;;;;1;;;;;;4
20230310;03;2023;7375338;1;1;01;19;1;52.726733557;19;2;1;4;1;4;1;1;1;3;1;1;4;3;1;1;1;1;1;3;3;;;;;850000;;;;;;;;;1;;;8
20230310;03;2023;7375340;1;1;01;19;1;80.816746352;19;2;1;4;1;4;1;1;1;3;1;1;5;3;1;1;1;1;1;3;3;;;;;850000;;;;;;;;;1;;;3
20230310;03;2023;7375342;1;1;01;19;1;98.187308893;19;1;1;4;1;4;1;1;1;3;1;1;4;3;1;1;1;1;1;3;1;;;300000000;900000;;;1;;;;;;;;;;4
20230310;03;2023;7375344;1;1;01;19;1;123.25628618;19;1;1;4;1;1;1;1;1;3;1;1;3;2;1;1;1;1;1;3;3;;;;;380000;;;;;;;;;1;;;5
20230310;03;2023;7375345;1;1;01;19;1;56.388312276;19;1;1;4;1;3;1;1;1;3;1;1;8;5;1;1;1;1;1;3;1;;;350000000;800000;;;;;;;;;;1;;;6
20230310;03;2023;7375346;1;1;01;19;1;79.551902899;19;1;1;4;1;2;1;1;1;3;1;1;3;2;1;1;1;1;1;3;3;;;;;500000;;;;;;;;;1;;;3
20230310;03;2023;7375347;1;1;01;19;1;200.5539513;19;2;1;4;1;3;1;1;1;3;1;1;3;1;1;1;1;1;1;3;2;;480000;80000000;450000;;;1;;;;;;;;;;1
20230310;03;2023;7375350;1;1;01;19;1;81.349706168;19;1;1;4;1;2;1;1;1;3;1;1;4;3;1;1;1;1;1;3;3;;;;;550000;;1;;;;;;;;;;4
20230310;03;2023;7375351;1;1;01;19;1;45.304223571;19;1;1;4;1;1;1;1;1;3;1;1;5;4;1;1;1;1;1;2;1;;;98;500000;;;1;;;;1;;;;;;5
20230310;03;2023;7375354;1;1;01;19;1;216.77508416;19;1;1;4;1;4;1;1;1;2;1;1;4;3;1;1;1;1;1;3;2;;800000;220000000;900000;;;1;;;;;;;;;;4
20230310;03;2023;7375355;1;1;01;19;1;284.02276241;19;1;1;4;1;4;1;1;1;3;1;1;4;1;1;1;1;1;1;3;2;;1400000;320000000;1000000;;;1;;;;;;;;;;2
20230310;03;2023;7375356;1;1;01;19;1;230.73852114;19;1;1;4;1;2;1;1;1;3;1;2;5;1;1;1;1;1;1;3;5;;;;800000;;;;;;;;;;1;;;2
20230310;03;2023;7375356;2;2;01;19;1;230.73852114;19;1;1;4;1;2;1;1;1;3;1;2;3;2;1;1;1;1;1;3;4;;;;500000;;;;;;;;;;1;;;2
20230310;03;2023;7375357;1;1;01;19;1;106.5427271;19;2;1;4;1;2;1;1;1;3;1;1;3;2;1;1;1;1;1;3;3;;;;;650000;;1;;;;1;;;;;;3
20230310;03;2023;7375359;1;1;01;19;1;326.22047433;19;1;1;4;1;5;1;1;1;3;1;1;5;3;1;1;1;1;1;3;1;;;98;1500000;;;1;;;;;;;;;;4
20230310;03;2023;7375360;1;1;01;19;1;155.65210236;19;1;1;4;1;5;1;1;1;3;1;1;5;1;1;1;1;1;1;3;1;;;300000000;1500000;;;1;;;;;;;;;;2
20230310;03;2023;7375362;1;1;01;19;1;54.37444398;19;1;1;4;1;4;1;1;1;3;1;1;5;4;1;1;1;1;1;3;1;;;99;99;;;1;;;;;;;;;;4
20230310;03;2023;7375363;1;1;01;19;1;100.71079349;19;1;1;4;1;4;1;1;1;3;1;1;4;2;1;1;1;1;1;3;1;;;300000000;900000;;;1;;;;;;;;;;1
20230310;03;2023;7375364;1;1;01;19;1;101.32436635;19;2;1;4;1;3;1;1;1;3;1;1;4;3;1;1;1;1;1;3;4;;;;500000;;;;;;;1;;;;;;4
20230310;03;2023;7375365;1;1;01;19;1;120.85295219;19;1;1;4;1;5;1;1;1;3;1;1;5;4;1;1;1;1;3;3;1;;;450000000;2000000;;;1;;;;;;;;;;1
20230310;03;2023;7375366;1;1;01;19;1;165.67994474;19;2;1;4;1;4;1;1;1;3;1;1;2;1;1;1;1;1;1;3;3;;;;;550000;;1;;;;;;;;;;2
20230310;03;2023;7375367;1;1;01;19;1;133.09764838;19;1;1;4;1;4;1;1;1;3;1;1;4;2;1;1;1;1;1;3;3;;;;;700000;;1;;;;;;;;;;4
20230310;03;2023;7375368;1;1;01;19;1;65.249332776;19;1;1;4;1;5;1;1;1;3;1;1;5;3;1;1;1;1;1;3;1;;;400000000;1500000;;;1;;;;;;;;;;3
20230310;03;2023;7375369;1;1;01;19;1;63.43685131;19;1;1;4;1;4;1;1;1;3;1;1;4;3;1;1;1;1;1;3;1;;;99;500000;;;1;;;;;;;;;;3
20230310;03;2023;7375370;1;1;01;19;1;160.16639592;19;2;1;4;1;4;1;1;1;3;1;1;2;1;1;1;1;1;3;3;3;;;;;700000;;1;;;;;;;;;;1
20230310;03;2023;7375371;1;1;01;19;1;117.49592574;19;1;1;4;1;4;2;1;1;3;1;1;4;1;1;1;1;1;1;4;1;;;98;98;;;;;;;;;;1;;;1
20230310;03;2023;7375372;1;1;01;19;1;123.32839787;19;1;1;4;1;4;2;1;1;3;1;1;4;3;1;1;1;1;1;4;2;;1800000;99;1000000;;;;;;;;1;;;;;4
20230310;03;2023;7375373;1;1;01;19;1;322.54532134;19;1;1;4;1;4;1;1;1;3;1;1;4;1;1;1;1;1;1;3;2;;850000;260000000;800000;;;1;;1;;1;1;;;;;2
20230310;03;2023;7375375;1;1;01;19;1;136.13768572;19;2;1;4;1;4;1;1;1;3;1;1;3;1;1;1;1;1;1;3;3;;;;;750000;;1;;;;;;;;;;2
20230310;03;2023;7375376;1;1;01;19;1;200.30943869;19;1;1;4;1;4;1;1;1;3;1;1;4;2;1;1;1;1;1;3;3;;;;;800000;;1;;;;1;1;;;;;2
20230310;03;2023;7375377;1;1;01;19;1;165.67994474;19;1;1;4;1;4;1;1;1;3;1;1;3;2;1;1;1;1;1;3;1;;;99;800000;;;1;;;;1;;;;;;2
20230310;03;2023;7375378;1;1;01;19;1;201.42158698;19;1;1;4;1;4;1;1;1;3;1;1;4;1;1;1;1;1;1;3;3;;;;;1000000;;1;;;;;;;;;;1
20230310;03;2023;7375379;1;1;01;19;1;194.33846605;19;1;1;4;1;2;1;1;1;3;1;1;4;3;1;1;1;1;3;3;1;;;60000000;400000;;;;;;;;;;1;;;3
20230310;03;2023;7375381;1;1;01;19;1;159.44309037;19;1;1;4;1;3;1;1;1;3;1;1;4;1;1;1;1;1;1;3;5;;;;1000000;;;1;;;;;;;;;;2
20230310;03;2023;7375382;1;1;01;19;1;66.815591242;19;1;1;4;1;5;1;1;1;3;1;1;5;4;1;1;1;1;1;3;3;;;;;1700000;1;1;;;;1;;;;;;5
20230310;03;2023;7375383;1;1;01;19;1;65.249332776;19;1;1;4;1;3;1;1;1;3;1;1;4;3;1;1;1;1;1;3;1;;;98;900000;;;1;;;;1;;;;;;3
20230310;03;2023;7375384;1;1;01;19;1;227.50523914;19;1;1;4;1;2;1;1;1;3;1;1;6;4;1;1;1;1;1;3;1;;;98;450000;;1;1;;;;1;1;;;;;5
20230310;03;2023;7375386;1;1;01;19;1;113.71788755;19;2;1;4;1;2;1;1;1;3;1;1;5;3;1;1;1;1;1;3;3;;;;;500000;;1;;;;;;;;;;6
20230310;03;2023;7375387;1;1;01;19;1;106.5427271;19;2;1;4;1;2;1;1;1;3;1;1;3;2;1;1;1;1;1;3;2;;300000;98;500000;;;1;;;;;;;;;;3
20230310;03;2023;7375388;1;1;01;19;1;100.71079349;19;1;1;4;1;4;1;1;1;3;1;1;4;1;1;1;1;1;1;3;1;;;400000000;1000000;;;1;;;;;;;;;;1
20230310;03;2023;7375389;1;1;01;19;1;119.09448342;19;1;1;4;1;5;1;1;1;3;1;1;5;2;1;1;1;1;1;3;4;;;;1500000;;;1;;;;;;;;;;4
20230310;03;2023;7375391;1;1;01;19;1;285.21450863;19;1;1;4;1;2;1;1;1;3;1;1;3;2;1;1;1;1;3;3;1;;;98;600000;;;1;;;;;;;;;;3
20230310;03;2023;7375392;1;1;01;19;1;296.48019497;19;1;1;4;1;5;1;1;1;3;1;1;5;1;1;1;1;1;1;3;1;;;98;1500000;;;1;;;;;;;;;;2
20230310;03;2023;7375393;1;1;01;19;1;108.74888796;19;1;1;4;1;4;1;1;1;2;1;1;4;3;1;1;1;1;1;3;2;;870000;240000000;1000000;;1;1;;;;1;1;;;;;4
20230310;03;2023;7375395;1;1;01;19;1;110.44880583;19;1;1;4;1;4;2;1;1;3;1;1;3;2;1;1;1;1;1;4;3;;;;;700000;1;1;;;;1;1;;;;;2
20230310;03;2023;7375396;1;1;01;19;1;266.24899632;19;2;1;4;1;2;1;1;1;3;1;1;4;2;1;1;1;1;1;3;1;;;98;550000;;;;;;;;;;1;;;2
20230310;03;2023;7375397;1;1;01;19;1;486.55390828;19;1;1;4;1;5;1;1;1;3;1;1;5;3;1;1;1;1;1;3;3;;;;;98;;1;;;;1;1;;;;;3
20230310;03;2023;7375398;1;1;01;19;1;152.42963873;19;2;1;4;1;4;2;1;1;3;1;1;2;1;1;1;1;1;1;4;3;;;;;98;;;;;;;;;1;;;1
20230310;03;2023;7375402;1;1;01;19;1;152.62879401;19;1;1;4;1;3;1;1;1;3;1;1;5;2;1;1;1;1;1;3;1;;;98;700000;;;1;;;;1;;;;;;3
20230310;03;2023;7375403;1;1;01;19;1;37.285333015;19;1;1;4;1;2;1;1;1;3;1;1;5;4;1;1;1;1;1;3;3;;;;;400000;;;;;;;;;1;;;5
20230310;03;2023;7375404;1;1;01;19;1;97.658951265;19;1;1;4;1;4;1;1;1;3;1;1;4;1;1;1;1;1;1;3;1;;;240000000;600000;;;1;;;;;;;;;;1
20230310;03;2023;7375406;1;1;01;19;1;217.30629229;19;2;1;4;1;2;1;1;1;3;1;1;3;2;1;1;1;1;3;3;3;;;;;400000;;1;;;;;;;;;;3
20230310;03;2023;7375407;1;1;01;19;1;113.96283286;19;1;1;4;1;2;2;1;1;3;1;1;4;3;1;1;1;1;1;4;1;;;99;450000;;;1;;;;;;;;;;3
20230310;03;2023;7375408;1;1;01;19;1;168.85336312;19;2;1;4;1;3;2;1;1;3;1;1;3;1;1;1;1;1;3;4;3;;;;;650000;;1;;;;;;;;;;1
20230310;03;2023;7375410;1;1;01;19;1;107.38253026;19;2;1;4;1;3;1;1;1;3;1;1;2;1;1;1;1;1;1;3;3;;;;;350000;;;;;;;;1;;;NEQUI;2
20230310;03;2023;7375411;1;1;01;19;1;71.132593751;19;2;1;4;1;3;1;1;1;3;1;1;3;2;1;1;1;1;1;3;3;;;;;600000;;1;;;;;;;;;;2
20230310;03;2023;7375412;1;1;01;19;1;147.27106199;19;2;1;4;1;2;2;1;1;3;1;1;2;1;1;1;1;1;1;4;3;;;;;450000;;1;;;;;;;;;;2
20230310;03;2023;7375413;1;1;01;19;1;63.43685131;19;1;1;4;1;4;2;1;1;3;1;1;4;2;1;1;1;1;1;4;3;;;;;700000;;1;;;;;;;;;;2
20230310;03;2023;7375414;1;1;01;19;1;149.14133206;19;2;1;4;1;1;1;1;1;3;1;1;5;3;1;1;1;1;1;3;3;;;;;400000;;;;;;;;;1;;;5
20230310;03;2023;7375415;1;1;01;19;1;113.37717331;19;2;1;2;1;1;2;1;1;3;1;1;3;1;1;1;1;1;1;4;3;;;;;350000;;;;;;;;;1;;;1
20230310;03;2023;7375416;1;1;01;19;1;367.73608613;19;2;1;4;1;3;1;1;1;3;1;1;3;2;1;1;1;1;1;3;3;;;;;550000;;;;;;;;;1;;;2
20230310;03;2023;7375418;1;1;01;19;1;201.55941922;19;2;1;4;1;2;1;1;1;3;1;1;3;1;1;1;1;1;1;3;3;;;;;400000;;1;;;;;;;;;;1
20230310;03;2023;7375419;1;1;01;19;1;131.91202298;19;2;1;4;1;3;2;1;1;3;1;2;3;2;1;2;1;1;1;4;3;;;;;400000;;1;;;;;;;;;;3
20230310;03;2023;7375419;2;2;01;19;1;131.91202298;19;2;1;4;1;3;2;1;1;3;1;2;2;2;1;2;1;1;1;4;3;;;;;400000;;1;;;;;;;;;;2
20230310;03;2023;7375421;1;1;01;19;1;104.93791515;19;1;1;4;1;2;1;1;1;3;1;1;4;3;1;1;1;1;1;3;4;;;;800000;;;1;;;;;1;;;;;4
20230310;03;2023;7375422;1;1;01;20;1;179.83494989;20;2;1;4;1;2;1;1;1;3;1;1;3;1;1;1;1;1;3;3;3;;;;;440000;;;;;;;;;1;;;6
20230310;03;2023;7375423;1;1;01;20;1;138.21144074;20;2;1;4;1;2;1;1;1;3;1;1;3;2;1;1;1;1;1;3;3;;;;;400000;;1;;;;;;;;;;6
20230310;03;2023;7375424;1;1;01;20;1;165.87777498;20;2;1;4;1;2;1;1;1;3;1;1;4;3;1;1;1;1;1;3;1;;;98;800000;;;1;;;;;;;;;;5
20230310;03;2023;7375426;1;1;01;20;1;224.33471853;20;2;1;4;1;2;1;1;1;3;1;1;3;1;1;1;1;1;6;;3;;;;;700000;;1;;;;;;;;;;1
20230310;03;2023;7375429;1;1;01;20;1;261.43081782;20;1;1;4;1;2;1;1;1;3;1;1;4;3;1;1;1;1;1;3;1;;;99;99;;;;;;;;;;1;;;6
20230310;03;2023;7375430;1;1;01;20;1;467.36399693;20;2;1;2;1;2;1;1;1;3;1;1;2;1;1;1;1;1;1;3;3;;;;;300000;;;;;;;;;1;;;1
20230310;03;2023;7375433;1;1;01;20;1;309.08005539;20;2;1;4;1;2;1;1;1;3;1;1;4;3;1;1;1;1;1;3;6;;;;500000;;;1;;;;;;;;;;3
20230310;03;2023;7375434;1;1;01;20;1;383.68096052;20;2;1;2;1;2;1;1;1;3;1;1;2;1;1;1;1;1;1;3;3;;;;;220000;;;;;;;;;1;;;1
20230310;03;2023;7375435;1;1;01;20;1;294.64714088;20;2;1;2;1;2;1;1;1;3;1;1;1;1;1;1;1;1;2;3;3;;;;;200000;;;;;;;;;1;;;2
20230310;03;2023;7375437;1;1;01;20;1;458.42345241;20;2;1;3;1;2;1;1;1;3;1;1;4;1;1;1;1;1;1;3;3;;;;;150000;;1;;;;;;;;;;2
20230310;03;2023;7375438;1;1;01;20;1;179.87365574;20;2;1;2;1;2;2;1;1;3;1;1;1;1;1;1;1;1;2;4;4;;;;100000;;;;;;;;;;1;;;3
20230310;03;2023;7375439;1;1;01;20;1;100.60307989;20;1;1;2;1;2;1;1;1;3;1;1;3;2;1;1;1;1;1;3;3;;;;;500000;;;;;;;;;1;;;3
20230310;03;2023;7375440;1;1;01;20;1;119.33608078;20;2;1;4;1;2;1;1;1;3;1;1;4;3;1;1;1;1;1;3;1;;;120000000;450000;;;1;;;;;;;;;;10
20230310;03;2023;7375441;1;1;01;20;1;160.10725296;20;2;1;2;1;2;1;1;1;3;1;1;4;2;1;1;1;1;1;3;6;;;;400000;;;;;;;;;;1;;;2
20230310;03;2023;7375442;1;1;01;20;1;178.85366445;20;1;1;2;1;2;1;1;1;3;1;1;2;1;1;1;1;1;1;3;3;;;;;250000;;;;;;;;;1;;;4
20230310;03;2023;7375443;1;1;01;20;1;128.37915828;20;1;1;4;1;2;1;1;1;3;1;1;4;2;1;1;1;1;1;3;1;;;99;600000;;;;;;;;;;1;;;2
20230310;03;2023;7375445;1;1;01;20;1;94.022362716;20;1;1;4;1;2;1;1;1;3;1;1;4;3;1;1;1;1;3;3;1;;;98;750000;;;1;;;;;;;;;;9
20230310;03;2023;7375446;1;1;01;20;1;152.67240052;20;2;1;2;1;2;2;1;1;3;1;1;1;1;1;1;1;1;2;4;3;;;;;250000;;;;;;;;;1;;;4
20230310;03;2023;7375447;1;1;01;20;1;97.103007344;20;2;1;4;1;2;1;1;1;3;1;1;3;1;1;1;1;1;1;3;3;;;;;200000;;1;;;;;;;;;;3
20230310;03;2023;7375448;1;1;01;20;1;498.64394834;20;2;1;3;1;4;1;1;1;3;1;1;2;1;1;1;1;1;1;3;3;;;;;1200000;;1;;;;;;;;;;4
20230310;03;2023;7375451;1;1;01;20;1;411.13978454;20;1;1;4;1;4;1;1;1;3;1;1;5;4;1;1;1;1;1;3;1;;;3000000000;1000000;;;1;;;;;1;;;;;3
20230310;03;2023;7375452;1;1;01;20;1;222.46970763;20;1;1;4;1;4;1;1;1;3;1;1;4;3;1;1;1;1;1;3;1;;;99;1000000;;;1;;;;;;;;;;4
20230310;03;2023;7375458;1;1;01;20;1;306.41564509;20;1;1;1;1;1;2;1;1;3;1;1;3;2;1;1;1;1;3;4;5;;;;400000;;;;;;;;;;1;;;6
20230310;03;2023;7375460;1;1;01;20;1;221.31507155;20;1;1;4;1;1;1;1;1;3;1;1;3;2;1;1;1;1;1;3;1;;;98;300000;;;1;;;;;;;;;;3
20230310;03;2023;7375461;1;1;01;20;1;295.98245526;20;1;1;2;1;1;1;1;1;3;1;1;3;1;1;1;1;1;1;3;3;;;;;400000;;;;;;;;;1;;;1
20230310;03;2023;7375464;1;1;01;20;1;251.79063034;20;2;1;2;1;1;2;2;1;3;1;1;3;1;2;1;1;1;1;1;3;;;;;400000;;1;;;;;;;;;;1
20230310;03;2023;7375466;1;1;01;20;1;280.27495881;20;2;5;1;1;1;2;2;1;3;1;1;5;3;2;1;1;1;1;5;5;;;;150000;;;1;;;;;;;;;;4
20230310;03;2023;7375468;1;1;01;20;1;204.13064795;20;1;1;3;1;1;2;2;1;3;1;1;5;3;2;1;1;1;1;4;5;;;;250000;;;1;;;;;;;;;;6
20230310;03;2023;7375471;1;1;01;20;1;315.01461047;20;2;1;2;1;1;1;1;1;3;1;1;3;1;1;1;1;1;1;3;3;;;;;400000;;1;;;;;;;;;;5
20230310;03;2023;7375473;1;1;01;20;1;432.88997136;20;1;1;2;1;1;1;1;1;3;1;1;4;2;1;1;1;1;1;3;3;;;;;400000;;1;;;;;;;;;;3
20230310;03;2023;7375475;1;1;01;20;1;451.63831056;20;1;1;4;1;1;1;1;1;3;1;1;4;3;1;1;1;1;1;3;1;;;100000000;700000;;;1;;;;;;;;;;6
20230310;03;2023;7375476;1;1;01;20;1;458.42345241;20;2;1;3;1;1;1;1;1;3;1;1;5;1;1;1;1;2;1;3;1;;;99;300000;;;1;;;;;;;;;;2
20230310;03;2023;7375477;1;1;01;20;1;303.91981181;20;2;1;4;1;1;1;1;1;3;1;1;4;1;1;1;1;1;1;3;3;;;;;600000;;;;;;;;;1;;;3
20230310;03;2023;7375478;1;1;01;20;1;323.33290737;20;2;1;4;1;1;1;1;1;3;1;1;3;2;1;1;1;1;1;3;1;;;99;450000;;;;;;;;;;1;;;3
20230310;03;2023;7375480;1;1;01;20;1;328.82527735;20;2;1;2;1;1;1;1;1;3;1;1;2;1;1;1;1;1;1;3;4;;;;350000;;;;;;;;;;1;;;5
20230310;03;2023;7375483;1;1;01;20;1;330.88982972;20;1;1;4;1;1;1;1;1;3;1;1;4;2;1;1;1;1;1;3;3;;;;;400000;;;;;;;;;1;;;3
20230310;03;2023;7375484;1;1;01;20;1;221.87283907;20;1;1;2;1;1;1;1;1;3;1;1;2;1;1;1;1;1;3;3;1;;;80000000;400000;;;;;;;;;;1;;;2
20230310;03;2023;7375485;1;1;01;20;1;227.69076405;20;2;1;2;1;1;1;1;1;3;1;1;2;1;1;1;1;1;1;3;3;;;;;250000;;;;;;;;;1;;;1
20230310;03;2023;7375486;1;1;01;20;1;283.34427772;20;1;1;2;1;1;1;1;1;3;1;1;3;2;1;1;1;1;3;3;1;;;98;450000;;;1;;;;;;;;;;6
20230310;03;2023;7375487;1;1;01;20;1;151.70356198;20;1;1;2;1;1;1;1;1;3;1;1;3;2;1;1;1;1;1;3;1;;;90000000;450000;;;;;;;;;;1;;;9
20230310;03;2023;7375490;1;1;01;20;1;165.61385527;20;1;1;4;1;3;1;1;1;3;1;1;3;3;1;1;1;1;3;3;1;;;180000000;750000;;;1;;;;;1;;;;;4
20230310;03;2023;7375491;1;1;01;20;1;238.24097328;20;1;1;5;1;3;1;1;1;3;1;1;4;3;1;1;1;2;1;3;2;;98;99;600000;;;1;;;;;1;;;;;5
20230310;03;2023;7375492;1;1;01;20;1;165.61385527;20;1;1;4;1;3;1;1;1;3;1;1;4;3;1;1;1;1;1;3;6;;;;400000;;;1;;;;;;;;;;4
20230310;03;2023;7375493;1;1;01;20;1;199.59597102;20;1;1;4;1;3;1;1;1;3;1;1;4;3;1;1;1;1;1;3;2;;480000;120000000;700000;;;1;;1;;;;;;;;5
20230310;03;2023;7375494;1;1;01;20;1;315.47069793;20;1;1;4;1;3;1;1;1;3;1;1;4;1;1;1;1;1;1;3;2;;1075000;99;700000;;;1;;1;;1;;;;;;1
20230310;03;2023;7375495;1;1;01;20;1;277.54880566;20;2;1;4;1;3;1;1;1;3;1;1;3;1;1;1;1;1;1;3;3;;;;;550000;;1;;;;;;;;;;2
20230310;03;2023;7375496;1;1;01;20;1;165.61385527;20;1;1;4;1;3;1;1;1;3;1;1;4;2;1;1;1;1;1;3;1;;;15000000;600000;;;1;;;;;;;;;;4
20230310;03;2023;7375498;1;1;01;20;1;225.39791406;20;1;1;4;1;3;1;1;1;3;1;1;3;2;1;1;1;1;1;3;3;;;;;600000;;1;;;;;;;;;;4
20230310;03;2023;7375499;1;1;01;20;1;277.54880566;20;2;1;4;1;3;1;1;1;3;1;1;3;2;1;1;1;1;1;3;3;;;;;600000;;1;;;;;;;;;;2
20230310;03;2023;7375501;1;1;01;20;1;306.43148847;20;2;1;2;1;2;1;1;1;3;1;1;3;2;1;1;1;1;1;3;6;;;;800000;;;1;;;;;;;;;;3
20230310;03;2023;7375505;1;1;01;20;1;335.17425728;20;1;1;4;1;2;1;1;1;3;1;1;4;3;1;1;1;1;1;3;1;;;98;500000;;;;;;;;;;1;;;6
20230310;03;2023;7375506;1;1;01;20;1;181.9732007;20;1;1;4;1;3;1;1;1;3;1;1;4;2;1;1;1;1;3;3;1;;;300000000;800000;;;1;;;1;;1;;;;;3
20230310;03;2023;7375507;1;1;01;20;1;208.79983049;20;1;1;5;1;3;1;1;1;3;1;1;4;2;1;1;1;1;1;3;1;;;99;1000000;;;1;;;;;;;;;;4
20230310;03;2023;7375508;1;1;01;20;1;186.29244332;20;1;1;4;1;3;1;1;1;3;1;1;3;1;1;1;1;1;3;3;1;;;98;1000000;;;1;;;;;;;;;;1
20230310;03;2023;7375510;1;1;01;20;1;242.40439417;20;1;1;4;1;3;1;1;1;3;1;1;4;3;1;1;1;1;3;3;2;;900000;180000000;800000;;;1;;1;;;;;;;;5
20230310;03;2023;7375512;1;1;01;20;1;186.29244332;20;1;1;4;1;3;1;1;1;3;1;1;4;1;1;1;1;1;1;3;6;;;;98;;;;;;;;;;1;;;1
20230310;03;2023;7375513;1;1;01;20;1;193.54149304;20;1;1;4;1;3;1;1;1;3;1;1;4;3;1;1;1;1;1;3;1;;;22000000;98;;;1;;;;;;;;;;4
20230310;03;2023;7375514;1;1;01;20;1;246.83085282;20;1;1;4;1;3;1;1;1;3;1;1;4;2;1;1;1;1;1;3;6;;;;98;;;1;;;;;;;;;;3
20230310;03;2023;7375517;1;1;01;20;1;196.94315433;20;1;1;4;1;2;1;1;1;3;1;1;4;3;1;1;1;1;1;3;3;;;;;800000;;1;;;;;1;;;;;3
20230310;03;2023;7375519;1;1;01;20;1;203.64856272;20;1;1;4;1;2;1;1;1;3;1;1;4;3;1;1;1;1;1;3;6;;;;700000;;;;;;;;;;1;;;2
20230310;03;2023;7375522;1;1;01;20;1;295.73318664;20;1;1;3;1;2;1;1;1;3;1;1;4;2;1;1;1;1;1;3;3;;;;;580000;;1;;;;;;;;;;4
20230310;03;2023;7375524;1;1;01;20;1;162.42434655;20;2;1;4;1;2;1;1;1;3;1;1;4;3;1;1;1;1;1;3;4;;;;600000;;;1;;;;;;;;;;4
20230310;03;2023;7375525;1;1;01;23;1;128.11235009;23;2;1;4;1;1;1;1;1;3;1;1;4;3;1;1;1;1;1;3;1;;;53000000;300000;;;1;;;;;;;;;;4
20230310;03;2023;7375526;1;1;01;23;1;123.80497434;23;1;1;2;1;1;1;1;1;3;1;1;3;2;1;1;1;1;1;3;1;;;50000000;300000;;;;;;;;;;1;;;3
20230310;03;2023;7375528;1;1;01;23;1;138.86364039;23;2;1;2;1;1;1;1;1;3;1;1;3;2;1;1;1;1;1;3;4;;;;400000;;;;;;;;;;1;;;4
20230310;03;2023;7375530;1;1;01;23;1;70.745699623;23;1;1;4;1;1;1;1;1;3;1;1;5;4;1;1;1;1;1;3;1;;;180000000;600000;;;1;;;;;;;;;;10
20230310;03;2023;7375531;1;1;01;23;1;145.29118409;23;2;1;4;1;1;1;1;1;3;1;1;4;3;1;1;1;1;1;3;3;;;;;500000;;1;;;;;;;;;;4
20230310;03;2023;7375532;1;1;01;23;1;369.81967384;23;2;1;4;1;1;1;1;1;3;1;1;3;2;1;1;1;1;3;3;3;;;;;360000;;1;;;;;1;;;;;2
20230310;03;2023;7375533;1;1;01;23;1;297.0086861;23;2;1;4;1;1;1;1;1;3;1;1;3;2;1;1;1;1;1;3;3;;;;;300000;;1;;;;;;;;;;3
20230310;03;2023;7375534;1;1;01;23;1;206.3416239;23;1;1;4;1;1;1;1;1;3;1;1;4;3;1;1;1;1;1;3;4;;;;600000;;;1;;;;;;;;;;5
20230310;03;2023;7375536;1;1;01;23;1;464.0663301;23;1;1;4;1;1;1;1;1;3;1;1;4;2;1;1;1;1;1;3;1;;;150000000;600000;;;1;;;;1;;;;;;2
20230310;03;2023;7375538;1;1;01;23;1;333.39128557;23;2;1;4;1;1;1;1;1;3;1;1;3;2;1;1;1;1;1;3;3;;;;;410000;;1;;;;;;;;;;2
20230310;03;2023;7375539;1;1;01;23;1;548.8375239;23;1;1;4;1;1;1;1;1;3;1;1;4;2;1;1;1;1;3;3;4;;;;550000;;;1;;;;;;;;;;2
20230310;03;2023;7375540;1;1;01;23;1;292.71334608;23;2;1;4;1;3;1;1;1;3;1;1;3;2;1;1;1;1;1;3;3;;;;;1000000;;1;;;;;1;;;;;2
20230310;03;2023;7375542;1;1;01;23;1;263.90017655;23;2;1;2;1;3;1;1;1;3;1;1;4;2;1;1;1;1;1;3;3;;;;;1500000;;1;;;;;1;;;;;3
20230310;03;2023;7375545;1;1;01;23;1;425.71247701;23;1;1;4;1;1;1;1;1;3;1;1;3;2;1;1;1;1;1;3;3;;;;;450000;;;;;;;;;1;;;3
20230310;03;2023;7375546;1;1;01;23;1;289.63458247;23;1;1;4;1;1;1;1;1;3;1;1;4;3;1;1;1;1;1;3;2;;458000;130000000;500000;;;1;;1;;;;;;;;4
20230310;03;2023;7375548;1;1;01;23;1;110.04886608;23;1;1;4;1;3;1;1;1;7;1;1;4;3;1;1;1;1;1;3;1;;;125000000;800000;;;1;;;;;;;;;;4
20230310;03;2023;7375549;1;1;01;23;1;415.32018971;23;1;1;4;1;3;1;1;1;7;1;1;3;1;1;1;1;1;1;3;4;;;;600000;;;1;;;;;;;;;;1
20230310;03;2023;7375550;1;1;01;23;1;193.33874096;23;1;2;1;1;1;2;2;1;3;1;1;3;2;2;1;1;1;4;4;5;;;;150000;;;;;;;;;;1;;;4
20230310;03;2023;7375551;1;1;01;23;1;261.97227428;23;1;2;2;1;1;2;2;1;3;1;1;3;2;2;1;1;1;4;4;5;;;;180000;;;;;;;;;;1;;;4
20230310;03;2023;7375552;1;1;01;23;1;310.57702262;23;1;1;2;1;1;2;2;1;3;1;1;2;1;2;1;1;1;3;4;5;;;;200000;;;1;;;;;;;;;;3
20230310;03;2023;7375553;1;1;01;23;1;268.35393193;23;1;1;2;1;1;1;1;1;3;1;2;4;3;1;2;1;1;1;3;1;;;55000000;400000;;;1;;;;;;;;;;5
20230310;03;2023;7375553;2;2;01;23;1;268.35393193;23;1;1;2;1;1;1;1;1;3;1;2;4;1;1;2;1;1;1;3;4;;;;400000;;;1;;;;;;;;;;2
20230310;03;2023;7375554;1;1;01;23;1;335.35129627;23;1;1;2;1;1;1;1;1;3;1;3;3;2;1;2;1;1;1;3;4;;;;400000;;;;;;;;;;1;;;3
20230310;03;2023;7375554;2;2;01;23;1;335.35129627;23;1;1;2;1;1;1;1;1;3;1;3;1;1;1;2;1;1;1;3;4;;;;200000;;;;;;;;;;1;;;3
20230310;03;2023;7375554;3;3;01;23;1;335.35129627;23;1;1;2;1;1;1;1;1;3;1;3;1;1;1;2;1;1;6;;4;;;;100000;;;;;;;;;;1;;;1
20230310;03;2023;7375555;1;1;01;23;1;98.257916143;23;1;1;2;1;1;1;1;1;3;1;1;4;3;1;1;1;1;1;3;4;;;;400000;;;1;;;;;;;;;;7
20230310;03;2023;7375556;1;1;01;23;1;271.7738365;23;2;1;2;1;1;1;1;1;3;1;1;2;1;1;1;1;1;1;3;4;;;;400000;;;;;;;;;;1;;;2
20230310;03;2023;7375557;1;1;01;23;1;134.9159414;23;1;5;1;1;1;1;1;1;3;1;1;3;2;1;1;1;1;1;3;1;;;60000000;300000;;;1;;;;;;;;;;6
20230310;03;2023;7375558;1;1;01;23;1;294.03769551;23;1;1;2;1;1;1;1;1;3;1;1;3;2;1;1;1;1;1;3;4;;;;400000;;;;;;;;;;1;;;4
20230310;03;2023;7375559;1;1;01;23;1;131.93264825;23;1;1;2;1;1;1;2;1;3;1;1;4;3;2;1;1;1;1;3;1;;;120000000;500000;;;;;;;;;;1;;;6
20230310;03;2023;7375560;1;1;01;23;1;110.04886608;23;1;1;4;1;1;1;1;1;2;1;1;4;3;1;1;1;1;1;3;1;;;98;450000;;;1;;;;;;;;;;6
20230310;03;2023;7375561;1;1;01;23;1;165.20228543;23;1;1;2;1;1;1;2;1;3;1;3;3;2;2;1;1;1;3;3;5;;;;250000;;;1;;;;;;;;;;6
20230310;03;2023;7375561;2;2;01;23;1;165.20228543;23;1;1;2;1;1;1;2;1;3;1;3;2;1;2;1;1;1;3;3;4;;;;150000;;;1;;;;;;;;;;3
20230310;03;2023;7375561;3;3;01;23;1;165.20228543;23;1;1;2;1;1;1;2;1;3;1;3;2;1;2;1;1;1;3;3;4;;;;150000;;;;;;;;;;1;;;4
20230310;03;2023;7375562;1;1;01;23;1;300.21320141;23;2;1;2;1;1;1;1;1;3;1;1;3;2;1;1;1;1;1;3;1;;;120000000;450000;;;;;;;;;;1;;;2
20230310;03;2023;7375563;1;1;01;23;1;110.04886608;23;1;1;2;1;1;1;2;1;3;1;1;3;2;2;1;1;1;3;3;5;;;;400000;;;;;;;;;;1;;;6
20230310;03;2023;7375564;1;1;01;23;1;197.55234008;23;1;1;4;1;1;1;2;1;3;1;1;5;4;2;1;1;1;1;3;1;;;170000000;800000;;;1;;;;;;;;;;7
20230310;03;2023;7375565;1;1;01;23;1;141.54420503;23;1;1;4;1;1;1;1;1;3;1;1;4;3;1;1;1;1;1;3;3;;;;;600000;;1;;;;;;;;;;6
20230310;03;2023;7375567;1;1;01;23;1;82.388012171;23;2;1;4;1;1;1;1;1;3;1;1;3;2;1;1;1;1;1;3;3;;;;;500000;;1;;;;;;;;;;5
20230310;03;2023;7375569;1;1;01;23;1;583.45303247;23;2;1;4;1;2;1;1;1;3;1;1;3;2;1;1;1;1;1;3;3;;;;;700000;;1;;;;;;;;;;2
20230310;03;2023;7375570;1;1;01;23;1;200.60991213;23;2;1;4;1;2;1;1;1;3;1;1;3;2;1;1;1;1;1;3;3;;;;;600000;;1;;;;;;;;;;4
20230310;03;2023;7375571;1;1;01;23;1;200.60991213;23;1;1;4;1;2;1;1;1;3;1;1;5;4;1;1;1;1;3;3;3;;;;;1470000;;1;;;;;;;;;;6
20230310;03;2023;7375573;1;1;01;23;1;200.60991213;23;1;1;4;1;2;1;1;1;3;1;1;5;3;1;1;1;1;1;3;1;;;180000000;900000;;;1;;;;1;;;;;;4
20230310;03;2023;7375576;1;1;01;23;1;352.71186615;23;1;1;2;1;2;1;1;1;3;1;1;3;2;1;1;1;1;1;3;3;;;;;280000;;1;;;;;;;;;;2
20230310;03;2023;7375577;1;1;01;23;1;261.24246278;23;2;1;4;1;2;1;1;1;3;1;1;4;2;1;1;1;1;1;3;1;;;98;500000;;;1;;;;;;;;;;3
20230310;03;2023;7375579;1;1;01;23;1;337.32077136;23;1;1;4;1;1;1;1;1;3;1;1;4;2;1;1;1;1;1;3;1;;;100000000;500000;;;1;;;;;;;;;;5
20230310;03;2023;7375580;1;1;01;23;1;319.16236603;23;1;1;4;1;1;1;1;1;3;1;1;3;2;1;1;1;1;1;3;3;;;;;460000;;1;;;;;;;;;;4
20230310;03;2023;7375582;1;1;01;23;1;121.90674269;23;2;1;4;1;1;1;1;1;3;1;1;4;3;1;1;1;1;1;3;3;;;;;450000;;;;;;;;;1;;;6
20230310;03;2023;7375583;1;1;01;23;1;153.87290103;23;2;1;4;1;1;1;1;1;3;1;1;2;1;1;1;1;1;1;3;3;;;;;200000;;;;;;;;;1;;;2
20230310;03;2023;7375585;1;1;01;23;1;494.81283103;23;2;1;2;1;1;1;1;1;3;1;1;3;2;1;1;1;1;1;3;3;;;;;300000;;;;;;;;;;1;;3
20230310;03;2023;7375586;1;1;01;23;1;436.08129654;23;2;1;4;1;1;1;1;1;3;1;1;3;1;1;1;1;1;1;3;3;;;;;450000;;1;;;;;;;;;;2
20230310;03;2023;7375588;1;1;01;23;1;228.37515278;23;2;1;4;1;1;1;1;1;3;1;1;2;1;1;1;1;1;3;3;4;;;;200000;;;1;;;;;;;;;;3
20230310;03;2023;7375590;1;1;01;23;1;370.25056217;23;1;1;4;1;1;1;1;1;3;1;1;4;2;1;1;1;1;1;3;2;;240000;130000000;500000;;;1;;1;;;;;;;;2
20230310;03;2023;7375591;1;1;01;;1;1019.3083999;25;1;1;2;1;1;1;1;1;3;1;2;2;1;1;2;1;2;1;3;3;;;;;350000;;1;;;;;;;;;;3
20230310;03;2023;7375591;2;2;01;;1;1019.3083999;25;1;1;2;1;1;1;1;1;3;1;2;2;1;1;2;1;2;1;3;1;;;50000000;400000;;;1;;;;;1;;;;;1
20230310;03;2023;7375592;1;1;01;;1;1190.6776929;25;2;1;4;1;1;1;1;1;3;1;1;2;1;1;1;1;2;3;3;3;;;;;300000;;;;;;;;;1;;;3
20230310;03;2023;7375594;1;1;01;;1;1382.6785679;25;2;1;4;1;1;1;1;1;4;1;1;2;1;1;1;1;2;1;3;3;;;;;300000;;1;;;;;;;;;;1
20230310;03;2023;7375597;1;1;01;;1;955.03957326;25;1;1;2;1;2;1;1;1;3;1;1;3;2;1;1;1;2;1;3;1;;;50000000;300000;;;1;;;;;;;;;;5
20230310;03;2023;7375598;1;1;01;;1;1404.5592227;25;1;1;4;1;1;1;1;1;3;1;1;3;2;1;1;1;2;1;4;3;;;;;300000;;;;;;;;;1;;;4
20230310;03;2023;7375599;1;1;01;;1;1396.8042162;25;1;1;2;1;1;1;1;1;3;1;1;3;2;1;1;1;2;1;3;3;;;;;250000;;1;;;;;;;;;;4
20230310;03;2023;7375600;1;1;01;;1;1386.6724656;25;1;1;4;1;1;1;1;1;3;1;2;2;1;1;1;1;2;1;3;3;;;;;250000;;;;;;;;;1;;;1
20230310;03;2023;7375600;2;2;01;;1;1386.6724656;25;1;1;4;1;1;1;1;1;3;1;2;2;1;1;1;1;2;1;3;3;;;;;200000;;;;;;;;;1;;;1
20230310;03;2023;7375601;1;1;01;;1;1028.643362;25;1;1;4;1;3;1;1;1;3;1;1;5;4;1;1;1;1;1;3;1;;;230000000;1000000;;;1;;;;;1;;;;;5
20230310;03;2023;7375604;1;1;01;;1;1899.0390937;25;1;1;4;1;2;1;1;1;3;1;1;4;1;1;1;1;1;1;3;1;;;150000000;700000;;;1;;;;;;;;;;2
20230310;03;2023;7375605;1;1;01;;1;722.73310217;25;1;1;4;1;2;1;1;1;3;1;1;4;2;1;1;1;1;1;3;1;;;200000000;1000000;;;1;;;;1;1;;;;;3
20230310;03;2023;7375606;1;1;01;;1;1128.2575566;25;1;1;2;1;2;1;1;1;3;1;1;4;2;1;1;1;1;1;3;1;;;90000000;600000;;;1;;;;;;;;;;2
20230310;03;2023;7375607;1;1;01;;1;1293.2138638;25;1;1;4;1;2;1;1;1;3;1;1;4;3;1;1;1;1;1;3;3;;;;;700000;;1;;;;;1;;;;;5
20230310;03;2023;7375608;1;1;01;;1;722.73310217;25;1;1;4;1;2;1;1;1;3;1;1;4;3;1;1;1;1;1;3;4;;;;500000;;;1;;;;;;;;;;5
20230310;03;2023;7375609;1;1;01;;1;1302.2758437;25;1;1;4;1;2;1;1;1;3;1;1;4;3;1;1;1;1;1;3;1;;;120000000;800000;;1;;;;;;;;;;;3
20230310;03;2023;7375610;1;1;01;;1;1714.6521464;25;2;1;4;1;2;1;1;1;3;1;1;4;1;1;1;1;1;1;3;2;;215000;120000000;450000;;;;;;;;;;1;;;2
20230310;03;2023;7375611;1;1;01;;1;1520.9464247;25;2;1;4;1;2;1;1;1;3;1;1;4;1;1;1;1;1;1;3;3;;;;;400000;;1;;;;;;;;;;1
20230310;03;2023;7375612;1;1;01;;1;1520.9464247;25;2;1;4;1;2;1;1;1;3;1;1;4;1;1;1;1;1;1;3;2;;300000;140000000;500000;;;1;;;;;;;;;;1
20230310;03;2023;7375613;1;1;01;;1;674.95793187;25;2;1;4;1;2;1;1;1;3;1;1;3;2;1;1;1;1;1;3;2;;280000;100000000;600000;;;1;;;;;;;;;;3
20230310;03;2023;7375614;1;1;01;;1;1486.8712448;25;2;1;4;1;2;1;1;1;3;1;1;3;2;1;1;1;1;4;3;2;;160000;90000000;400000;;;1;;;;;1;;;;;2
20230310;03;2023;7375615;1;1;01;;1;1318.2759694;25;2;1;4;1;2;1;1;1;3;1;1;3;2;1;1;1;1;3;3;2;;275000;85000000;500000;;;1;;;;;;;;;;3
20230310;03;2023;7375617;1;1;01;27;1;62.704704798;27;1;1;2;1;1;2;2;1;3;2;1;3;1;3;1;1;5;1;4;4;;;;700000;;;;;;;;;;1;;;1
20230310;03;2023;7375620;1;1;01;27;1;77.843343039;27;1;1;2;1;1;2;2;1;3;2;1;4;3;2;1;1;5;1;4;3;;;;;270000;;;;;;;;;1;;;3
20230310;03;2023;7375623;1;1;01;27;1;51.125483548;27;1;5;3;1;1;2;2;1;3;2;1;4;2;5;1;1;5;1;4;1;;;10000000;200000;;;;;;;;;;1;;;2
20230310;03;2023;7375624;1;1;01;27;1;39.991847712;27;2;1;2;1;1;2;1;1;3;1;1;3;1;1;1;1;1;3;4;1;;;10000000;400000;;;;;;;;;;1;;;1
20230310;03;2023;7375626;1;1;01;27;1;65.38409048;27;2;1;2;1;1;2;1;1;3;1;1;3;2;1;1;1;1;3;4;4;;;;200000;;;;;;;;;;1;;;3
20230310;03;2023;7375627;1;1;01;27;1;45.789777343;27;2;1;4;1;1;2;2;1;3;1;1;4;3;3;1;1;1;3;4;3;;;;;600000;;1;;;;;;;;;;3
20230310;03;2023;7375628;1;1;01;27;1;45.759476063;27;2;1;4;1;1;2;2;1;3;1;1;4;3;2;1;1;1;3;4;1;;;80000000;700000;;;1;;;;;;;;;;4
20230310;03;2023;7375629;1;1;01;27;1;53.77597429;27;2;1;4;1;1;2;2;1;3;1;1;4;3;2;1;1;1;3;4;3;;;;;560000;;1;;;;;;;;;;3
20230310;03;2023;7375630;1;1;01;27;1;25.597670749;27;2;1;2;1;1;2;2;1;3;1;1;4;3;2;1;1;1;1;4;3;;;;;600000;;;;;;;;;1;;;4
20230310;03;2023;7375631;1;1;01;27;1;48.233404684;27;1;1;4;1;1;2;2;1;3;1;1;3;1;2;1;1;1;3;4;1;;;30000000;450000;;;1;;;;;;;;;;2
20230310;03;2023;7375632;1;1;01;27;1;32.548078259;27;2;1;4;1;1;2;2;1;3;1;1;3;2;2;1;1;1;1;4;3;;;;;600000;;;;;;;;;1;;;2
20230310;03;2023;7375633;1;1;01;27;1;50.068603035;27;1;1;4;1;1;2;2;1;3;1;1;4;1;3;1;1;1;3;4;1;;;60000000;500000;;;1;;;;;;;;;;1
20230310;03;2023;7375634;1;1;01;27;1;36.546258445;27;2;1;4;1;1;2;2;1;3;1;1;3;1;2;1;1;1;3;4;3;;;;;600000;;1;;;;;;;;;;1
20230310;03;2023;7375636;1;1;01;27;1;55.494139488;27;1;1;4;1;1;2;2;1;3;1;1;4;3;3;1;1;1;3;4;3;;;;;700000;;1;;;;;;;;;;4
20230310;03;2023;7375637;1;1;01;27;1;37.062982526;27;2;1;4;1;1;2;2;1;3;1;1;4;3;2;1;1;1;3;4;3;;;;;900000;;1;;;;;;;;;;3
20230310;03;2023;7375639;1;1;01;27;1;53.622704002;27;1;1;4;1;2;2;1;1;3;1;1;5;4;1;1;1;1;3;1;1;;;500000000;3000000;;1;1;;;;;1;;;;;4
20230310;03;2023;7375640;1;1;01;27;1;54.675786875;27;1;1;4;1;2;2;1;1;3;1;1;4;1;1;1;1;1;3;4;1;;;100000000;550000;;;1;;;;;;;;;;1
20230310;03;2023;7375641;1;1;01;27;1;73.142891667;27;1;1;4;1;2;2;1;1;3;1;1;6;2;1;1;1;1;3;4;1;;;150000000;650000;;;1;;;;;;;;;;2
20230310;03;2023;7375642;1;1;01;27;1;61.587520538;27;2;1;4;1;2;2;1;1;3;1;1;4;2;1;1;1;1;3;4;3;;;;;950000;;1;;;;;;;;;;4
20230310;03;2023;7375644;1;1;01;27;1;45.683516071;27;1;1;2;1;1;2;2;1;3;2;1;4;2;3;1;1;5;3;4;4;;;;500000;;;1;;;;;;;;;;3
20230310;03;2023;7375645;1;1;01;27;1;45.683516071;27;1;1;4;1;1;2;2;1;3;2;1;4;3;2;1;1;5;1;4;3;;;;;350000;;;;;;;;;1;;;3
20230310;03;2023;7375646;1;1;01;27;1;66.713276242;27;2;1;4;1;2;2;1;1;3;1;1;4;2;1;1;1;1;3;4;3;;;;;800000;;1;;;;;;;;;;2
20230310;03;2023;7375647;1;1;01;27;1;59.519801092;27;1;1;2;1;1;2;2;1;3;2;1;2;1;3;1;1;5;1;4;1;;;70000000;300000;;;1;;;;;;;;;;2
20230310;03;2023;7375649;1;1;01;27;1;66.335223531;27;1;5;3;1;1;2;2;1;3;2;1;3;2;2;1;1;5;4;4;4;;;;250000;;;;;;;;;;1;;;4
20230310;03;2023;7375650;1;1;01;27;1;71.689136164;27;2;1;4;1;2;2;1;1;3;1;1;4;1;1;1;1;1;1;1;1;;;200000000;800000;;;1;;;;;;;;;;1
20230310;03;2023;7375651;1;1;01;27;1;56.984257353;27;1;1;2;1;1;2;2;1;3;2;1;4;3;3;1;1;5;1;4;1;;;80000000;300000;;;1;;;;;;;;;;4
20230310;03;2023;7375652;1;1;01;27;1;39.571412519;27;2;1;2;1;1;2;2;1;3;2;1;3;2;3;1;1;5;3;4;1;;;60000000;300000;;;;;;;;;;1;;;3
20230310;03;2023;7375653;1;1;01;27;1;60.838912566;27;2;1;4;1;2;2;1;1;3;1;1;5;2;1;1;1;1;1;4;1;;;2500000000;950000;;;1;;;;;1;;;;;3
20230310;03;2023;7375654;1;1;01;27;1;80.506443359;27;1;1;2;1;1;2;2;1;3;2;1;4;3;3;1;1;5;1;4;3;;;;;300000;;1;;;;;;;;;;7
20230310;03;2023;7375655;1;1;01;27;1;99.605649888;27;1;1;4;1;2;2;1;1;3;1;1;3;2;1;1;1;1;1;4;4;;;;800000;;;1;;;;;;;;;;3
20230310;03;2023;7375656;1;1;01;27;1;68.327453666;27;2;1;4;1;2;2;1;1;3;1;1;4;1;1;1;1;1;3;4;3;;;;;800000;;1;;;;;1;;;;;3
20230310;03;2023;7375657;1;1;01;27;1;60.988609157;27;1;1;4;1;2;2;1;1;3;1;1;7;3;1;1;1;1;3;4;1;;;200000000;700000;;;1;;;;;;;;;;3
20230310;03;2023;7375658;1;1;01;27;1;68.008382925;27;1;1;2;1;2;2;1;1;3;1;1;6;5;1;1;1;1;3;4;4;;;;1000000;;;1;;;;;;;;;;5
20230310;03;2023;7375659;1;1;01;27;1;80.19894774;27;1;1;4;1;1;2;2;1;3;2;1;4;2;2;1;1;5;3;4;4;;;;300000;;;;;;;;;;1;;;2
20230310;03;2023;7375660;1;1;01;27;1;80.389007807;27;2;1;4;1;2;2;1;1;7;1;1;5;1;1;1;1;1;3;4;1;;;1000000000;8000000;;;1;;;;;;;;;;2
20230310;03;2023;7375662;1;1;01;27;1;58.82341319;27;2;1;4;1;2;2;1;1;7;1;1;4;3;1;1;1;1;3;4;4;;;;700000;;;1;;;;;;;;;;2
20230310;03;2023;7375664;1;1;01;27;1;82.452615076;27;2;1;4;1;2;2;1;1;7;1;1;2;1;1;1;1;1;2;4;4;;;;450000;;;;;;;;;;1;;;1
20230310;03;2023;7375665;1;1;01;27;1;86.18781521;27;2;1;4;1;2;2;1;1;7;1;1;4;3;1;1;1;1;3;4;4;;;;2000000;;;1;;;;;1;;;;;4
20230310;03;2023;7375666;1;1;01;27;1;81.226804324;27;2;1;4;1;2;2;1;1;7;1;1;3;2;1;1;1;1;1;4;3;;;;;700000;;1;;;;;;;;;;4
20230310;03;2023;7375667;1;1;01;27;1;57.131211017;27;2;1;4;1;2;2;1;1;7;1;1;3;1;1;1;1;1;3;4;3;;;;;600000;;1;;;;;;;;;;1
20230310;03;2023;7375668;1;1;01;27;1;46.743718105;27;2;1;2;1;1;2;1;1;3;1;1;3;1;1;1;1;1;1;4;3;;;;;700000;;1;;;;;;;;;;1
20230310;03;2023;7375669;1;1;01;27;1;62.399285541;27;1;1;2;1;1;2;1;1;3;1;1;4;3;1;1;1;1;1;4;1;;;90000000;500000;;;1;;;;;;;;;;4
20230310;03;2023;7375670;1;1;01;27;1;52.072177976;27;1;1;2;1;1;2;1;1;3;1;1;3;1;1;1;1;1;1;4;1;;;90000000;600000;;;1;;;;;;;;;;1
20230310;03;2023;7375671;1;1;01;27;1;52.072177976;27;2;1;4;1;1;2;1;1;3;1;1;2;1;1;1;1;1;1;4;4;;;;500000;;;1;;;;;;;;;;1
20230310;03;2023;7375672;1;1;01;27;1;49.835806971;27;2;1;4;1;1;2;1;1;3;1;1;3;1;1;1;1;1;3;4;4;;;;400000;;;;;;;;;;1;;;1
20230310;03;2023;7375673;1;1;01;27;1;67.461230516;27;2;1;4;1;1;2;1;1;3;1;1;3;1;1;1;1;1;3;4;3;;;;;700000;;1;;;;;;;;;;1
20230310;03;2023;7375674;1;1;01;27;1;60.334851185;27;2;1;4;1;1;2;1;1;3;1;1;4;3;1;1;1;1;3;4;3;;;;;700000;;1;;;;;;;;;;4
20230310;03;2023;7375675;1;1;01;27;1;64.95868731;27;1;1;4;1;1;2;1;1;3;1;1;4;2;1;1;1;1;1;4;1;;;200000000;700000;;1;1;;;;;;;;;;2
20230310;03;2023;7375676;1;1;01;27;1;42.023768055;27;1;1;4;1;1;2;1;1;3;1;1;3;2;1;1;1;1;3;4;3;;;;;250000;;1;;;;;;;;;;3
20230310;03;2023;7375677;1;1;01;27;1;96.989381195;27;2;1;4;1;1;2;1;1;3;1;1;4;3;1;1;1;1;3;4;1;;;150000000;800000;;;1;;1;1;;;;;;;5
20230310;03;2023;7375678;1;1;01;27;1;68.275367775;27;1;1;4;1;1;2;1;1;3;1;1;4;1;1;1;1;1;1;4;1;;;120000000;700000;;;1;;;;;;;;;;1
20230310;03;2023;7375679;1;1;01;27;1;83.447671725;27;1;1;4;1;2;2;1;1;7;1;1;4;1;1;1;1;1;3;4;4;;;;600000;;;1;;;;;;;;;;1
20230310;03;2023;7375681;1;1;01;41;1;129.42057534;41;1;1;2;1;1;1;1;1;3;1;1;4;2;1;1;1;1;1;3;4;;;;250000;;;;;;;;;;1;;;4
20230310;03;2023;7375682;1;1;01;41;1;94.166619242;41;1;1;2;1;1;1;1;1;3;1;1;4;1;1;1;1;1;1;3;1;;;20000000;200000;;;;;;;;;;1;;;2
20230310;03;2023;7375683;1;1;01;41;1;153.93521445;41;1;1;2;1;1;1;1;1;3;1;1;4;3;1;1;1;1;1;3;1;;;99;350000;;;;;;;1;;;;;;4
20230310;03;2023;7375684;1;1;01;41;1;169.4600956;41;1;1;2;1;1;1;1;1;3;1;1;6;4;1;1;1;1;1;3;3;;;;;300000;;1;;;;;;;;;;6
20230310;03;2023;7375687;1;1;01;41;1;262.56656384;41;2;1;4;1;4;1;1;1;3;1;1;3;2;1;1;1;1;1;3;1;;;98;1500000;;;1;;;;;;;;;;2
20230310;03;2023;7375689;1;1;01;41;1;119.12534211;41;1;1;4;1;2;1;1;1;3;1;1;4;2;1;1;1;1;1;3;1;;;98;400000;;;;;;;;;;1;;;3
20230310;03;2023;7375690;1;1;01;41;1;297.81335529;41;1;1;2;1;2;1;1;1;3;1;1;4;3;1;1;1;1;1;3;1;;;98;700000;;;1;;;;;;;;;;3
20230310;03;2023;7375691;1;1;01;41;1;131.46656144;41;1;1;4;1;2;1;1;1;3;1;1;3;1;1;1;1;1;1;3;4;;;;450000;;;;;;;;;;1;;;3
20230310;03;2023;7375692;1;1;01;41;1;132.37456534;41;1;1;2;1;2;1;1;1;3;1;1;4;3;1;1;1;1;1;3;3;;;;;550000;;1;;;;;;;;;;4
20230310;03;2023;7375693;1;1;01;41;1;105.02662554;41;1;1;4;1;2;1;1;1;3;1;1;4;1;1;1;1;1;1;3;1;;;120000000;400000;;;1;;;;;1;;;;;2
20230310;03;2023;7375694;1;1;01;41;1;179.88444253;41;2;1;4;1;2;1;1;1;2;1;1;2;1;1;1;1;1;3;3;3;;;;;450000;;;;;;;;;1;;;1
20230310;03;2023;7375696;1;1;01;41;1;201.98895172;41;2;1;4;1;2;1;1;1;3;1;1;3;2;1;1;1;1;1;3;3;;;;;300000;;1;;;;;;;;;;2
20230310;03;2023;7375697;1;1;01;41;1;100.69293582;41;1;1;4;1;2;1;1;1;3;1;1;4;1;1;1;1;1;1;3;1;;;150000000;600000;;;1;;;;;;;;;;2
20230310;03;2023;7375698;1;1;01;41;1;163.83391358;41;2;1;4;1;1;1;1;1;3;1;1;4;3;1;1;1;1;1;3;2;;380000;99;650000;;;;;1;;;1;;;;;3
20230310;03;2023;7375699;1;1;01;41;1;315.90241209;41;2;1;4;1;1;1;1;1;3;1;1;5;3;1;1;1;1;1;3;1;;;99;600000;;;1;;;;;;;;;;5
20230310;03;2023;7375700;1;1;01;41;1;119.5194156;41;1;1;4;1;2;1;1;1;3;1;1;3;2;1;1;1;1;1;3;1;;;180000000;800000;;;1;;;;;;;;;;1
20230310;03;2023;7375701;1;1;01;41;1;261.64588954;41;2;1;4;1;1;1;1;1;3;1;1;4;2;1;1;1;1;1;3;2;;250000;100000000;500000;;;1;;1;;;;;;;;3
20230310;03;2023;7375702;1;1;01;41;1;261.64588954;41;2;1;4;1;1;1;1;1;3;1;1;4;1;1;1;1;1;1;3;3;;;;;450000;;1;;;;1;1;;;;;3
20230310;03;2023;7375703;1;1;01;41;1;179.88444253;41;2;1;4;1;2;1;1;1;3;1;1;3;1;1;1;1;1;1;3;3;;;;;380000;;1;;;;;;;;;;1
20230310;03;2023;7375704;1;1;01;41;1;126.32695607;41;1;1;2;1;0;2;1;1;3;1;1;1;1;1;1;1;1;1;4;5;;;;200000;;;1;;;;;;;;;;2
20230310;03;2023;7375705;1;1;01;41;1;193.40585728;41;1;1;2;1;0;2;1;1;3;1;1;1;1;1;1;1;1;1;4;5;;;;200000;;;1;;;;;;;;;;5
20230310;03;2023;7375706;1;1;01;41;1;125.28163703;41;1;1;2;1;0;2;1;1;3;1;1;2;1;1;1;1;1;1;4;5;;;;80000;;;1;;;;;;;;;;2
20230310;03;2023;7375707;1;1;01;41;1;125.28163703;41;2;1;2;1;0;2;1;1;3;1;1;3;2;1;1;1;1;1;4;5;;;;100000;;;1;;;;;;;;;;2
20230310;03;2023;7375708;1;1;01;41;1;151.69218628;41;1;1;2;1;0;2;1;1;3;1;1;3;2;1;1;1;1;1;4;5;;;;600000;;;;;;;;;;1;;;3
20230310;03;2023;7375709;1;1;01;41;1;140.58475877;41;1;1;2;1;0;2;1;1;3;1;1;1;1;1;1;1;1;1;4;5;;;;200000;;;1;;;;;;;;;;3
20230310;03;2023;7375710;1;1;01;41;1;171.51720566;41;2;1;2;1;0;2;1;1;3;1;1;1;1;2;1;1;1;2;4;5;;;;100000;;;;;;;;;;1;;;4
20230310;03;2023;7375711;1;1;01;41;1;125.9291334;41;2;1;2;1;0;2;2;1;3;2;1;1;1;6;;1;2;2;4;5;;;;100000;;;;;;;;;;1;;;2
20230310;03;2023;7375713;1;1;01;41;1;278.7154592;41;2;1;2;1;1;2;1;1;3;1;1;2;1;1;1;1;1;1;4;3;;;;;250000;;;;;;;;;1;;;4
20230310;03;2023;7375714;1;1;01;41;1;194.21905036;41;1;1;2;1;1;1;1;1;3;1;1;4;1;1;1;1;1;1;3;1;;;80000000;300000;;;;;;;;;;1;;;1
20230310;03;2023;7375715;1;1;01;41;1;162.89823892;41;3;1;2;1;0;2;1;1;3;1;1;1;1;1;1;1;1;2;4;5;;;;150000;;;;;;;;;;1;;;4
20230310;03;2023;7375716;1;1;01;41;1;181.1401971;41;1;1;2;1;1;1;1;1;3;1;1;3;2;1;1;1;1;1;3;3;;;;;350000;;;;;;;;;1;;;3
20230310;03;2023;7375718;1;1;01;41;1;189.36791625;41;1;1;4;1;2;1;1;1;3;1;1;2;2;1;1;1;1;1;3;1;;;99;400000;;;;;;;1;;;;;;4
20230310;03;2023;7375720;1;1;01;41;1;135.93546336;41;1;1;2;1;2;1;1;1;3;1;1;3;2;1;1;1;1;1;3;1;;;98;450000;;;1;;;;;;;;;;2
20230310;03;2023;7375721;1;1;01;41;1;135.93546336;41;1;1;4;1;2;1;1;1;3;1;1;3;2;1;1;1;1;1;3;1;;;98;500000;;;1;;;;;;;;;;2
20230310;03;2023;7375722;1;1;01;41;1;218.77283018;41;1;1;4;1;2;1;1;1;3;1;1;4;3;1;1;1;1;1;3;1;;;98;500000;;;1;;;;;;;;;;5
20230310;03;2023;7375723;1;1;01;41;1;147.17818026;41;2;1;4;1;2;1;1;1;3;1;1;2;1;1;1;1;1;1;3;3;;;;;480000;;1;;;;;;;;;;1
20230310;03;2023;7375724;1;1;01;41;1;114.14135666;41;1;1;4;1;2;1;1;1;3;1;1;4;3;1;1;1;1;1;3;1;;;98;500000;;;1;;;;;;;;;;2
20230310;03;2023;7375725;1;1;01;41;1;116.90219598;41;2;1;4;1;2;1;1;1;3;1;1;2;1;1;1;1;1;3;3;3;;;;;550000;;1;;;;;;;;;;1
20230310;03;2023;7375726;1;1;01;41;1;172.6862871;41;1;1;4;1;2;1;1;1;3;1;1;4;2;1;1;1;1;1;3;1;;;80000000;450000;;;1;;;;;;;;;;3
20230310;03;2023;7375727;1;1;01;41;1;118.10141118;41;1;1;4;1;2;1;1;1;3;1;1;3;1;1;1;1;1;4;3;3;;;;;400000;;;;;;;;;1;;;1
20230310;03;2023;7375728;1;1;01;41;1;143.21812573;41;1;1;4;1;2;1;1;1;3;1;1;4;1;1;1;1;1;1;3;2;;500000;80000000;450000;;;1;;1;;;;;;;;2
20230310;03;2023;7375729;1;1;01;41;1;144.86528495;41;1;1;4;1;2;1;1;1;3;1;1;2;2;1;1;1;1;3;3;3;;;;;400000;;;;;;;;;1;;;3
20230310;03;2023;7375730;1;1;01;41;1;154.14144711;41;2;1;3;1;2;1;1;1;3;1;1;2;1;1;1;1;1;2;3;3;;;;;200000;;;;;;;;;1;;;1
20230310;03;2023;7375731;1;1;01;41;1;161.89599828;41;2;1;4;1;2;1;1;1;3;1;1;2;1;1;1;1;1;1;3;3;;;;;400000;;1;;;;;;;;;;1
20230310;03;2023;7375732;1;1;01;41;1;158.01343974;41;1;1;4;1;2;1;1;1;3;1;1;4;3;1;1;1;1;1;3;1;;;99;99;;;1;;;;;;;;;;4
20230310;03;2023;7375733;1;1;01;41;1;118.10141118;41;1;1;4;1;2;1;1;1;3;1;1;3;1;1;1;1;1;1;3;1;;;99;99;;;1;;;;;;;;;;1
20230310;03;2023;7375734;1;1;01;41;1;142.45272903;41;2;1;4;1;2;1;1;1;3;1;1;2;2;1;1;1;1;4;3;3;;;;;620000;;;;;;;;;1;;;3
20230310;03;2023;7375735;1;1;01;41;1;158.27507946;41;1;1;4;1;2;1;1;1;3;1;1;6;5;1;1;1;1;1;3;1;;;100000000;600000;;;;;;;1;1;;;;;8
20230310;03;2023;7375736;1;1;01;41;1;100.69293582;41;2;1;2;1;2;1;1;1;3;1;1;4;1;1;1;1;1;1;3;1;;;80000000;400000;;;1;;;;1;;;;;;2
20230310;03;2023;7375737;1;1;01;41;1;101.7778059;41;1;1;2;1;2;1;1;1;3;1;1;4;2;1;1;1;1;1;3;3;;;;;400000;;;;;;;;;1;;;3
20230310;03;2023;7375740;1;1;01;41;1;145.74420492;41;2;1;4;1;2;1;1;1;3;1;1;2;1;1;1;1;1;1;3;3;;;;;300000;;;;;;;;;1;;;5
20230310;03;2023;7375742;1;1;01;41;1;201.38587165;41;2;1;4;1;2;1;1;1;3;1;1;4;3;1;1;1;1;1;3;1;;;98;700000;;;1;;;;;;;;;;2
20230310;03;2023;7375743;1;1;01;41;1;218.96672386;41;2;1;4;1;2;1;1;1;3;1;1;3;2;1;1;1;1;1;3;3;;;;;500000;;1;;;;;;;;;;2
20230310;03;2023;7375744;1;1;01;41;1;173.18843849;41;3;1;4;1;2;2;1;1;3;1;1;1;1;1;1;1;1;6;;3;;;;;230000;;1;;;;;;;;;;1
20230310;03;2023;7375750;1;1;01;41;1;207.16698705;41;2;1;4;1;2;1;1;1;3;1;1;3;1;1;1;1;1;1;3;1;;;170000000;600000;;;1;;;;;;;;;;1
20230310;03;2023;7375751;1;1;01;41;1;275.08853224;41;2;1;4;1;2;1;1;1;3;1;1;4;4;1;1;1;1;1;3;3;;;;;600000;;;;;;;;;1;;;4
20230310;03;2023;7375752;1;1;01;41;1;125.01809941;41;2;1;3;1;2;1;1;1;3;1;1;3;2;1;1;1;1;1;3;3;;;;;500000;;1;;;;;1;;;;;2
20230310;03;2023;7375754;1;1;01;44;1;40.060237626;44;2;1;2;1;1;1;1;1;3;1;1;3;2;1;1;1;1;1;3;5;;;;300000;;;;;;;;;;1;;;2
20230310;03;2023;7375755;1;1;01;44;1;37.215108472;44;2;1;4;1;1;1;1;1;3;1;1;3;2;1;1;1;1;1;3;4;;;;200000;;;1;;;;;;;;;;3
20230310;03;2023;7375756;1;1;01;44;1;55.607900774;44;2;1;2;1;1;1;1;1;3;1;1;3;2;1;1;1;1;1;3;3;;;;;250000;;1;;;;;;;;;;6
20230310;03;2023;7375757;1;1;01;44;1;93.693235228;44;3;1;4;1;1;2;1;1;3;1;1;1;1;1;1;1;1;6;;3;;;;;330000;;1;;;;;;;;;;1
20230310;03;2023;7375758;1;1;01;44;1;100.8946051;44;2;1;4;1;2;1;1;1;3;1;1;2;1;1;1;1;1;1;3;3;;;;;350000;;1;;;;;;;;;;3
20230310;03;2023;7375759;1;1;01;44;1;78.426396706;44;1;1;4;1;2;1;1;1;3;1;1;3;2;1;1;1;1;1;3;4;;;;350000;;;1;;;;;;;;;;2
20230310;03;2023;7375760;1;1;01;44;1;52.430908483;44;2;1;4;1;3;1;1;1;6;1;1;4;2;1;1;1;1;1;3;3;;;;;700000;;1;;;;;;;;;;3
20230310;03;2023;7375761;1;1;01;44;1;42.229203771;44;1;1;4;1;3;1;1;1;6;1;1;3;2;1;1;1;1;1;3;1;;;300000000;400000;;;1;;;;;;;;;;6
20230310;03;2023;7375762;1;1;01;44;1;98.451873159;44;3;1;2;1;2;2;1;1;3;1;1;1;1;1;1;1;1;6;;3;;;;;300000;;;;;;;;;1;;;1
20230310;03;2023;7375763;1;1;01;44;1;60.568230995;44;1;1;2;1;3;1;1;1;6;1;1;3;2;1;1;1;1;1;3;3;;;;;150000;;;;;;;;;1;;;2
20230310;03;2023;7375764;1;1;01;44;1;98.451873159;44;3;1;4;1;2;2;1;1;3;1;1;1;1;1;1;1;1;6;;3;;;;;420000;;;;;;;;;1;;;1
20230310;03;2023;7375765;1;1;01;44;1;65.22936447;44;1;1;2;1;1;1;2;1;3;1;1;3;2;2;1;1;1;1;3;3;;;;;200000;;1;;;;;;;;;;4
20230310;03;2023;7375766;1;1;01;44;1;46.873289508;44;1;1;4;1;1;1;2;1;3;1;1;4;2;2;1;1;1;1;3;3;;;;;200000;;1;;;;;;;;;;3
20230310;03;2023;7375767;1;1;01;44;1;69.937080905;44;1;1;4;1;1;1;2;1;3;1;1;3;2;2;1;1;1;1;3;3;;;;;200000;;1;;;;;;;;;;3
20230310;03;2023;7375768;1;1;01;44;1;40.171669665;44;1;1;4;1;1;1;2;1;3;1;1;3;2;2;1;1;1;1;3;1;;;99;300000;;;;;;;;;;1;;;2
20230310;03;2023;7375769;1;1;01;44;1;59.864919821;44;2;1;2;1;1;2;2;1;3;1;1;2;1;2;1;1;1;4;4;4;;;;200000;;;1;;;;;;;;;;2
20230310;03;2023;7375770;1;1;01;44;1;57.489803476;44;2;1;4;1;1;1;2;1;3;1;1;3;2;2;1;1;1;1;3;3;;;;;300000;;1;;;;;;;;;;3
20230310;03;2023;7375771;1;1;01;44;1;75.885572471;44;1;1;4;1;2;1;1;1;3;1;1;4;3;1;1;1;1;1;3;4;;;;600000;;;1;;;;;;;;;;3
20230310;03;2023;7375772;1;1;01;44;1;62.246299425;44;1;1;2;1;1;2;2;1;3;1;1;3;2;2;1;1;1;1;4;3;;;;;100000;;;;;;;;;1;;;3
20230310;03;2023;7375773;1;1;01;44;1;110.63295348;44;2;1;4;1;2;1;1;1;3;1;1;3;2;1;1;1;1;1;3;3;;;;;500000;;1;;;;;;;;;;4
20230310;03;2023;7375774;1;1;01;44;1;52.851691178;44;1;1;2;1;1;1;2;1;3;1;1;3;2;2;1;1;1;1;3;5;;;;300000;;;1;;;;;;;;;;3
20230310;03;2023;7375775;1;1;01;44;1;56.913009648;44;1;1;4;1;2;1;1;1;3;1;1;3;2;1;1;1;1;1;3;4;;;;500000;;;1;;;;;;;;;;5
20230310;03;2023;7375776;1;1;01;44;1;73.540804041;44;1;1;2;1;1;1;2;1;3;1;1;3;2;2;1;1;1;1;3;3;;;;;150000;;;;;;;;;1;;;3
20230310;03;2023;7375778;1;1;01;44;1;97.42122197;44;1;1;4;1;2;1;1;1;3;1;1;3;2;1;1;1;1;1;3;3;;;;;400000;;1;;;;;;;;;;3
20230310;03;2023;7375780;1;1;01;44;1;74.337619262;44;1;1;4;1;2;1;1;1;3;1;1;4;3;1;1;1;1;1;3;4;;;;500000;;;1;;;;;;;;;;5
20230310;03;2023;7375781;1;1;01;44;1;103.08522128;44;1;1;4;1;2;1;1;1;3;1;1;3;2;1;1;1;1;1;3;1;;;70000000;500000;;;;;;;;;;1;;;2
20230310;03;2023;7375782;1;1;01;44;1;141.08731671;44;1;1;4;1;2;1;1;1;3;1;1;4;2;1;1;1;1;1;3;2;;850000;150000000;600000;;;1;;;;;;;;;;3
20230310;03;2023;7375783;1;1;01;44;1;59.864919821;44;1;1;4;1;1;1;2;1;3;1;1;2;1;2;1;1;10;3;3;3;;;;;300000;;;;;;;;;1;;;2
20230310;03;2023;7375784;1;1;01;44;1;47.881916382;44;1;1;4;1;1;1;2;1;3;1;1;4;2;2;1;1;1;1;3;4;;;;300000;;;;;;;;;;1;;;2
20230310;03;2023;7375785;1;1;01;44;1;55.308095414;44;1;1;4;1;1;1;2;1;3;1;1;4;3;2;1;1;10;1;3;1;;;99;300000;;;1;;;;;;;;;;5
20230310;03;2023;7375786;1;1;01;44;1;65.117223097;44;1;1;4;1;1;1;2;1;3;1;1;3;2;2;1;1;10;1;3;3;;;;;300000;;;;;;;;;1;;;3
20230310;03;2023;7375787;1;1;01;44;1;120.30660334;44;2;1;4;1;2;1;1;1;3;1;1;3;2;1;1;1;10;3;3;3;;;;;400000;;;;;;;;;1;;;3
20230310;03;2023;7375788;1;1;01;44;1;111.56668604;44;2;1;4;1;2;2;1;1;3;1;1;1;1;1;1;1;10;6;;4;;;;500000;;;1;;;;;;;;;;3
20230310;03;2023;7375789;1;1;01;44;1;64.585980383;44;1;1;4;1;2;1;1;1;3;1;1;4;2;1;1;1;10;1;3;1;;;99;700000;;;;;;;;;;1;;;2
20230310;03;2023;7375790;1;1;01;44;1;42.412975803;44;2;1;2;1;1;2;1;1;3;1;1;3;1;1;1;1;1;6;;4;;;;150000;;;;;;;;;;1;;;1
20230310;03;2023;7375791;1;1;01;44;1;47.67666085;44;2;1;2;1;1;2;1;1;3;1;1;2;2;1;1;1;1;5;5;5;;;;200000;;;;;;;;;;1;;;3
20230310;03;2023;7375792;1;1;01;44;1;52.385684965;44;3;4;1;1;1;2;1;1;3;1;1;1;1;1;1;1;1;5;5;4;;;;100000;;;;;;;;;;1;;;1
20230310;03;2023;7375793;1;1;01;44;1;85.66913687;44;1;1;4;1;2;1;1;1;3;1;1;3;2;1;1;1;1;1;3;3;;;;;400000;;1;;;;;;;;;;2
20230310;03;2023;7375794;1;1;01;44;1;115.69878553;44;2;1;4;1;2;1;1;1;3;1;1;3;1;1;1;1;1;1;3;3;;;;;500000;;1;;;;;;;;;;3
20230310;03;2023;7375795;1;1;01;44;1;78.578527448;44;2;1;2;1;2;1;1;1;3;1;1;3;1;1;1;1;1;2;3;3;;;;;300000;;;;;;;;;1;;;1
20230310;03;2023;7375796;1;1;01;44;1;87.908251181;44;2;1;2;1;2;1;1;1;3;1;1;3;2;1;1;1;1;1;3;3;;;;;250000;;1;;;;;;;;;;3
20230310;03;2023;7375797;1;1;01;44;1;63.678616004;44;2;1;4;1;2;1;1;1;3;1;1;3;2;1;1;1;1;1;3;3;;;;;580000;;1;;;;;;;;;;4
20230310;03;2023;7375798;1;1;01;44;1;71.887909036;44;2;1;3;1;2;1;1;1;3;1;1;3;2;1;1;1;10;1;3;3;;;;;450000;;;;;;;;;1;;;4
20230310;03;2023;7375800;1;1;01;44;1;67.247297543;44;2;1;4;1;2;1;1;1;3;1;1;3;2;1;1;1;1;1;3;3;;;;;600000;;1;;;;;;;;;;4
20230310;03;2023;7375801;1;1;01;44;1;88.248964849;44;2;1;4;1;2;1;1;1;3;1;1;7;2;1;1;1;1;1;3;1;;;250000000;700000;;;1;;;;;;;;;;3
20230310;03;2023;7375802;1;1;01;44;1;68.290555411;44;1;1;4;1;2;1;1;1;3;1;1;3;2;1;1;1;1;1;3;3;;;;;300000;;1;;;;;;;;;;4
20230310;03;2023;7375803;1;1;01;44;1;78.415493261;44;3;1;4;1;2;2;1;1;3;1;1;2;1;1;1;1;10;4;4;4;;;;450000;;;;;;;;;;1;;;3
20230310;03;2023;7375805;1;1;01;44;1;85.285502415;44;2;1;4;1;2;1;1;1;3;1;1;4;2;1;1;1;1;1;3;1;;;150000000;600000;;;1;;;;;;;;;;3
20230310;03;2023;7375806;1;1;01;44;1;66.832567932;44;1;1;4;1;2;1;1;1;3;1;1;3;1;1;1;1;1;1;3;3;;;;;300000;;1;;;;;;;;;;1
20230310;03;2023;7375807;1;1;01;44;1;64.585980383;44;1;1;4;1;2;1;1;1;3;1;1;4;1;1;1;1;1;1;3;3;;;;;500000;;1;;;;;;;;;;2
20230310;03;2023;7375808;1;1;01;44;1;99.417945188;44;2;1;2;1;2;1;1;1;3;1;1;2;1;1;1;1;1;1;3;4;;;;300000;;;;;;;;;;1;;;4
20230310;03;2023;7375809;1;1;01;44;1;52.190691219;44;1;1;4;1;2;1;1;1;3;1;1;3;1;1;1;1;1;1;3;1;;;100000000;400000;;;;;;;;;;1;;;2
20230310;03;2023;7375811;1;1;01;44;1;92.507098704;44;1;1;4;1;2;1;1;1;3;1;1;3;2;1;1;1;1;1;3;1;;;90000000;350000;;;1;;;;;;;;;;4
20230310;03;2023;7375812;1;1;01;44;1;82.565997481;44;3;1;2;1;2;2;1;1;3;1;1;1;1;1;2;1;1;2;4;3;;;;;450000;;;;;;;;;1;;;2
20230310;03;2023;7375813;1;1;01;44;1;57.98965691;44;3;1;2;1;2;2;1;1;3;1;1;1;1;1;2;1;1;6;;3;;;;;300000;;;;;;;;;1;;;2
20230310;03;2023;7375814;1;1;01;44;1;77.584626571;44;3;1;2;1;2;2;1;1;3;1;1;1;1;1;1;1;1;1;4;3;;;;;450000;;;;;;;;;1;;;3
20230310;03;2023;7375815;1;1;01;44;1;54.123491917;44;1;1;2;1;1;1;1;1;3;1;1;3;2;1;1;1;1;1;3;4;;;;300000;;;;;;;;;;1;;;3
20230310;03;2023;7375816;1;1;01;44;1;53.878427839;44;1;1;2;1;1;1;1;1;3;1;1;2;1;1;1;1;1;2;3;1;;;40000000;250000;;;1;;1;;;1;;;;;2
20230310;03;2023;7375817;1;1;01;44;1;58.605500787;44;1;1;2;1;1;1;1;1;3;1;1;3;2;1;1;1;1;1;3;3;;;;;250000;;;;;;;;;1;;;3
20230310;03;2023;7375818;1;1;01;44;1;54.123491917;44;1;1;4;1;1;1;1;1;3;1;1;4;3;1;1;1;10;1;3;1;;;150000000;800000;;;1;;;;;1;;;;;3
20230310;03;2023;7375819;1;1;01;44;1;61.551557178;44;2;1;2;1;1;2;1;1;1;1;1;1;1;1;1;1;1;2;4;3;;;;;50000;;;;;;;;;1;;;3
20230310;03;2023;7375821;1;1;01;44;1;168.27932741;44;1;1;4;1;2;1;1;1;3;1;1;4;3;1;1;1;10;1;3;3;;;;;450000;;1;;;;;;;;;;6
20230310;03;2023;7375822;1;1;01;44;1;46.275457225;44;2;1;4;1;2;1;1;1;3;1;1;4;2;1;1;1;10;1;3;3;;;;;800000;;1;;;;;1;;;;;3
20230310;03;2023;7375823;1;1;01;44;1;55.833841639;44;1;1;2;1;1;1;1;1;3;1;1;3;2;1;1;1;1;1;3;4;;;;350000;;;;;;;;;;1;;;5
20230310;03;2023;7375824;1;1;01;44;1;66.013652786;44;1;1;4;1;2;1;1;1;3;1;1;4;1;1;1;1;1;1;3;1;;;100000000;700000;;;1;;;;;;;;;;3
20230310;03;2023;7375825;1;1;01;44;1;74.258408813;44;1;1;2;1;2;1;1;1;3;1;1;3;1;1;1;1;1;1;3;3;;;;;400000;;1;;;;;;;;;;1
20230310;03;2023;7375826;1;1;01;44;1;44.304423851;44;2;1;2;1;1;2;1;1;3;1;1;1;1;1;1;1;1;6;;3;;;;;200000;;;;;;;;;1;;;5
20230310;03;2023;7375828;1;1;01;44;1;101.72843639;44;2;1;4;1;1;1;1;1;3;1;2;3;1;1;2;1;1;3;3;3;;;;;220000;;;;;;;;;1;;;3
20230310;03;2023;7375828;2;2;01;44;1;101.72843639;44;2;1;4;1;1;1;1;1;3;1;2;2;1;1;2;1;1;3;3;3;;;;;220000;;;;;;;;;1;;;1
20230310;03;2023;7375829;1;1;01;44;1;89.403494147;44;2;1;4;1;1;2;1;1;3;1;1;1;1;1;1;1;10;4;4;3;;;;;300000;;1;;;;;;;;;;2
20230310;03;2023;7375830;1;1;01;44;1;50.496069911;44;1;1;4;1;3;1;1;1;6;1;1;4;1;1;1;1;10;1;3;1;;;99;99;;;1;;;;;;;;;;1
20230310;03;2023;7375831;1;1;01;44;1;45.389287506;44;1;1;4;1;2;1;1;1;3;1;1;3;2;1;1;1;1;1;3;3;;;;;450000;;;;;;;;;1;;;5
20230310;03;2023;7375832;1;1;01;44;1;70.139136585;44;3;1;4;1;2;2;1;1;3;1;1;2;1;1;1;1;10;4;4;4;;;;450000;;;;;;;;;;1;;;2
20230310;03;2023;7375833;1;1;01;44;1;84.124116928;44;3;1;4;1;2;2;1;1;3;1;1;1;1;1;1;1;1;4;4;3;;;;;450000;;;;;;;;;1;;;1
20230310;03;2023;7375834;1;1;01;44;1;63.631246877;44;1;1;4;1;2;1;1;1;3;1;1;4;3;1;1;1;10;1;3;1;;;105000000;800000;;;1;;;;1;1;;;;;7
20230310;03;2023;7375835;1;1;01;44;1;74.258408813;44;1;1;4;1;2;1;1;1;3;1;1;4;1;1;1;1;10;1;3;4;;;;500000;;;;;;;;;;1;;;1
20230310;03;2023;7375836;1;1;01;44;1;84.852484266;44;2;1;4;1;2;1;1;1;3;1;1;3;2;1;1;1;10;1;3;3;;;;;450000;;;;;;;;;1;;;4
20230310;03;2023;7375837;1;1;01;44;1;122.67889894;44;2;1;4;1;2;1;1;1;3;1;1;4;3;1;1;1;1;1;3;3;;;;;500000;;;;;;;;;1;;;7
20230310;03;2023;7375838;1;1;01;44;1;106.14095849;44;1;1;2;1;2;1;1;1;3;1;1;3;2;1;1;1;1;1;3;3;;;;;350000;;;;;;;;;1;;;4
20230310;03;2023;7375839;1;1;01;44;1;95.424253439;44;2;1;4;1;2;1;1;1;3;1;1;3;2;1;1;1;1;1;3;3;;;;;500000;;1;;;;;;;;;;3
20230310;03;2023;7375840;1;1;01;44;1;67.861703779;44;2;1;4;1;2;1;1;1;3;1;1;4;3;1;1;1;1;1;3;3;;;;;520000;;1;;;;;;;;;;4
20230310;03;2023;7375841;1;1;01;44;1;86.737673474;44;3;1;4;1;1;2;1;1;3;1;1;1;1;1;1;1;1;6;;3;;;;;300000;;;;;;;;;1;;;2
20230310;03;2023;7375842;1;1;01;44;1;98.451873159;44;3;1;4;1;1;2;1;1;3;1;1;1;1;1;1;1;1;6;;3;;;;;300000;;;;;;;;;1;;;1
20230310;03;2023;7375843;1;1;01;44;1;128.68872574;44;2;1;4;1;2;1;1;1;3;1;1;4;3;1;1;1;1;1;3;3;;;;;650000;;;;;;;;;1;;;5
20230310;03;2023;7375844;1;1;01;44;1;79.569564709;44;1;1;4;1;2;1;1;1;3;1;1;4;3;1;1;1;1;1;3;1;;;99;750000;;;1;;;;;;;;;;1
20230310;03;2023;7375845;1;1;01;44;1;82.183121255;44;1;1;4;1;2;1;1;1;3;1;1;4;3;1;1;1;1;1;3;6;;;;700000;;;1;;;;;;;;;;2
20230310;03;2023;7375846;1;1;01;44;1;80.407933293;44;2;1;2;1;1;1;1;1;3;1;1;1;1;1;1;1;1;1;3;4;;;;180000;;;;;;;;;;1;;;1
20230310;03;2023;7375847;1;1;01;44;1;131.29741977;44;2;1;4;1;1;1;1;1;3;1;1;3;2;1;1;1;1;1;3;3;;;;;350000;;1;;;;;;;;;;8
20230310;03;2023;7375848;1;1;01;44;1;74.742722699;44;2;1;4;1;2;1;1;1;3;1;1;4;3;1;1;1;1;1;3;1;;;80000000;700000;;;1;;;;;1;;;;;4
20230310;03;2023;7375849;1;1;01;44;1;73.530780988;44;2;1;2;1;1;1;2;1;3;1;1;3;2;2;1;1;1;1;3;5;;;;250000;;;;;;;;;;1;;;3
20230310;03;2023;7375850;1;1;01;44;1;36.801128423;44;2;1;2;1;1;1;2;1;3;1;1;3;2;2;1;1;1;1;3;5;;;;200000;;;;;;;;;;1;;;2
20230310;03;2023;7375851;1;1;01;44;1;70.209374326;44;2;1;2;1;1;1;2;1;3;1;1;3;2;2;1;1;1;1;3;3;;;;;200000;;;;;;;;;1;;;4
20230310;03;2023;7375852;1;1;01;44;1;91.531451298;44;1;1;4;1;2;1;1;1;3;1;1;3;2;1;1;1;1;1;3;1;;;99;600000;;;1;;;;;;;;;;2
20230310;03;2023;7375853;1;1;01;44;1;105.20870643;44;2;1;4;1;2;1;1;1;3;1;1;2;1;1;1;1;1;1;3;3;;;;;300000;;;;;;;;;1;;;5
20230310;03;2023;7375855;1;1;01;44;1;82.995065901;44;3;1;3;1;1;2;1;1;3;1;1;1;1;1;1;1;1;6;;3;;;;;450000;;;;;;;;;1;;;3
20230310;03;2023;7375856;1;1;01;44;1;124.26682944;44;1;1;4;1;2;1;1;1;3;1;1;4;3;1;1;1;1;1;3;3;;;;;600000;;1;;;;;;;;;;2
20230310;03;2023;7375857;1;1;01;44;1;43.818702675;44;1;1;2;1;1;1;2;1;3;1;1;3;2;2;1;1;1;1;3;4;;;;250000;;;;;;;;;;1;;;3
20230310;03;2023;7375858;1;1;01;44;1;95.737447069;44;2;1;4;1;2;1;1;1;3;1;1;4;2;1;1;1;1;1;3;3;;;;;500000;;1;;;;;;;;;;4
20230310;03;2023;7375859;1;1;01;44;1;83.329418502;44;1;1;4;1;2;1;1;1;3;1;1;4;3;1;1;1;10;1;3;4;;;;700000;;;1;;;;;;;;;;3
20230310;03;2023;7375860;1;1;01;44;1;63.262729737;44;2;1;4;1;2;1;1;1;3;1;1;3;2;1;1;1;1;1;3;3;;;;;450000;;1;;;;;;;;;;4
20230309;03;2023;7375863;1;1;01;47;1;101.72505559;47;2;1;4;1;3;1;1;1;3;1;1;5;4;1;1;1;10;1;3;1;;;99;800000;;;1;;;;;;;;;;5
20230310;03;2023;7375864;1;1;01;47;1;284.50744319;47;2;1;4;1;6;1;1;1;3;1;1;4;1;1;1;1;10;1;3;3;;;;;1500000;;1;;;;;1;;;;;2
20230310;03;2023;7375865;1;1;01;47;1;152.81641434;47;2;1;4;1;2;1;1;1;3;1;1;4;3;1;1;1;1;1;3;3;;;;;600000;;1;;;;;;;;;;4
20230310;03;2023;7375866;1;1;01;47;1;233.94414667;47;2;1;4;1;2;1;1;1;3;1;1;3;2;1;1;1;1;3;3;3;;;;;500000;;1;;;;;;;;;;4
20230310;03;2023;7375867;1;1;01;47;1;173.76221626;47;2;1;4;1;6;1;1;1;3;1;1;3;1;1;1;1;1;1;3;1;;;250000000;99;;;1;;;;;;;;;;1
20230310;03;2023;7375868;1;1;01;47;1;276.7507819;47;1;1;4;1;2;1;1;1;3;1;1;4;3;1;1;1;10;1;3;5;;;;450000;;;1;;;;;;;;;;8
20230310;03;2023;7375869;1;1;01;47;1;156.51367324;47;2;1;4;1;2;1;1;1;3;1;1;2;1;1;1;1;1;3;3;3;;;;;550000;;1;;;;;1;1;;;GOTA A GOTA;2
20230310;03;2023;7375870;1;1;01;47;1;139.43307886;47;1;1;4;1;1;1;1;1;3;1;1;3;2;1;1;1;1;3;3;5;;;;600000;;;;;;;;;;1;;;3
20230310;03;2023;7375871;1;1;01;47;1;145.51679057;47;1;1;2;1;1;1;1;1;3;1;1;2;1;1;1;1;10;1;3;1;;;98;300000;;;1;;;;;;;;;;1
20230310;03;2023;7375872;1;1;01;47;1;192.6062966;47;2;1;4;1;1;1;1;1;3;1;1;3;2;1;1;1;1;3;3;3;;;;;250000;;;;;;;;;1;;;4
20230310;03;2023;7375873;1;1;01;47;1;295.49336389;47;1;1;4;1;1;1;1;1;3;1;1;3;2;1;1;1;1;1;3;3;;;;;350000;;;;;;;;;1;;;6
20230310;03;2023;7375874;1;1;01;47;1;218.69911904;47;1;1;2;1;3;1;1;1;3;1;1;6;2;1;1;1;1;1;3;5;;;;700000;;;;;;;;;;1;;;3
20230310;03;2023;7375875;1;1;01;47;1;144.80184688;47;1;1;2;1;2;1;1;1;3;1;1;2;1;2;1;1;1;3;3;3;;;;;500000;;1;;;;;;;;;;1
20230310;03;2023;7375876;1;1;01;47;1;143.26663468;47;2;1;4;1;3;1;1;1;3;1;1;3;1;1;1;1;1;1;3;1;;;99;400000;;;;;;;;;;1;;;1
20230310;03;2023;7375877;1;1;01;47;1;228.91896552;47;1;1;4;1;3;1;1;1;3;1;1;4;3;1;1;1;1;1;3;1;;;80000000;700000;;;;;;;;;;1;;;7
20230310;03;2023;7375878;1;1;01;47;1;132.65429137;47;2;1;4;1;2;1;1;1;3;1;1;3;1;1;1;1;1;3;3;1;;;80000000;450000;;;1;;;;;;;;;;1
20230310;03;2023;7375879;1;1;01;47;1;173.24914112;47;1;1;4;1;2;1;1;1;3;1;1;4;3;1;1;1;1;1;3;3;;;;;700000;;;;;;;;;1;;;5
20230310;03;2023;7375880;1;1;01;47;1;167.71953909;47;2;1;4;1;2;1;1;1;3;1;1;5;3;1;1;1;1;1;3;3;;;;;600000;;1;;;;;;;;;;3
20230310;03;2023;7375881;1;1;01;47;1;416.59534571;47;2;1;4;1;3;1;1;1;3;1;1;3;1;1;1;1;10;1;3;3;;;;;550000;;;;;;;;;1;;;3
20230310;03;2023;7375882;1;1;01;47;1;172.95873776;47;1;1;4;1;3;1;1;1;3;1;1;3;2;1;1;1;1;3;3;3;;;;;500000;;;;;;;;;1;;;2
20230310;03;2023;7375884;1;1;01;47;1;248.78342516;47;1;1;4;1;3;1;1;1;3;1;1;3;2;1;1;1;10;1;3;3;;;;;450000;;1;;;;;;;;;;3
20230310;03;2023;7375886;1;1;01;47;1;174.45405179;47;2;1;4;1;2;1;1;1;3;1;1;3;1;1;1;1;1;3;3;4;;;;450000;;;;;;;;;;1;;;2
20230310;03;2023;7375887;1;1;01;47;1;230.35502329;47;2;1;4;1;2;1;1;1;3;1;1;3;2;1;1;1;1;1;3;3;;;;;400000;;1;;;;;;;;;;3
20230310;03;2023;7375889;1;1;01;47;1;229.99187233;47;1;1;4;1;2;1;1;1;3;1;1;6;2;1;1;1;1;1;3;6;;;;600000;;;1;;;;;;;;;;4
20230310;03;2023;7375890;1;1;01;47;1;528.88258608;47;1;1;2;1;3;1;1;1;3;1;1;5;3;1;1;1;10;1;3;1;;;200000000;800000;;;1;;;;;;;;;;6
20230310;03;2023;7375891;1;1;01;47;1;144.80184688;47;2;1;4;1;2;1;1;1;3;1;1;2;1;1;1;1;1;3;3;3;;;;;600000;;1;;;;;;;;;;1
20230310;03;2023;7375892;1;1;01;47;1;241.77399878;47;1;1;4;1;2;1;1;1;3;1;1;4;2;1;1;1;1;1;3;3;;;;;500000;;1;;;;;;;;;;3
20230310;03;2023;7375893;1;1;01;47;1;243.32262714;47;2;1;4;1;3;1;1;1;3;1;1;3;1;1;1;1;1;1;3;3;;;;;550000;;;;;;;;;1;;;2
20230310;03;2023;7375894;1;1;01;47;1;280.54677455;47;2;1;4;1;3;1;1;1;3;1;1;3;2;1;1;1;1;3;3;1;;;98;600000;;;1;;;;;;;;;;5
20230310;03;2023;7375895;1;1;01;47;1;169.769589;47;2;1;4;1;2;1;1;1;3;1;1;3;1;1;1;1;1;1;3;1;;;120000000;600000;;;1;;;;;;;;;;1
20230310;03;2023;7375896;1;1;01;47;1;260.64332439;47;2;1;4;1;3;1;1;1;3;1;1;3;1;1;1;1;1;1;3;3;;;;;550000;;1;;;;;;;;;;1
20230310;03;2023;7375897;1;1;01;47;1;443.62523084;47;1;1;4;1;3;1;1;1;3;1;1;4;3;1;1;1;10;1;3;4;;;;600000;;;1;;;;;;;;;;4
20230310;03;2023;7375899;1;1;01;47;1;231.20050428;47;2;1;4;1;3;1;1;1;3;1;1;3;2;1;1;1;10;1;3;3;;;;;450000;;;;;;;;;1;;;3
20230310;03;2023;7375900;1;1;01;47;1;436.91148896;47;2;1;4;1;1;1;1;1;3;1;1;3;2;1;1;1;2;3;3;3;;;;;450000;;;;;;;;;1;;;6
20230310;03;2023;7375903;1;1;01;47;1;223.58183708;47;2;1;4;1;6;1;1;1;3;1;1;5;4;1;1;1;10;1;3;1;;;99;2500000;;;1;;;;;;;;;;5
20230310;03;2023;7375904;1;1;01;47;1;264.53045475;47;2;1;4;1;1;1;1;1;3;1;1;2;1;1;1;1;1;1;3;3;;;;;400000;;;;;;;;;1;;;1
20230310;03;2023;7375906;1;1;01;47;1;203.72350679;47;2;1;4;1;6;1;1;1;3;1;1;3;1;1;1;1;10;1;3;1;;;500000000;1300000;;;1;;;;;1;;;;;1
20230310;03;2023;7375907;1;1;01;47;1;243.32262714;47;1;1;4;1;1;1;1;1;3;1;1;3;1;1;1;1;2;3;3;5;;;;350000;;;;;;;1;;;;;;2
20230310;03;2023;7375908;1;1;01;47;1;278.33272065;47;2;1;2;1;1;1;1;1;3;1;1;2;1;1;1;1;10;1;3;3;;;;;200000;;;;;;;;;1;;;7
20230310;03;2023;7375909;1;1;01;47;1;161.44521445;47;2;1;4;1;1;1;1;1;3;1;1;3;1;1;1;1;1;1;3;3;;;;;300000;;1;;;;;;;;;;2
20230310;03;2023;7375910;1;1;01;47;1;258.12794518;47;2;1;4;1;1;1;1;1;3;1;1;2;1;1;1;1;1;1;3;3;;;;;250000;;;;;;;;;1;;;3
20230310;03;2023;7375911;1;1;01;47;1;147.416754;47;2;1;2;1;1;1;1;1;3;1;1;1;1;1;1;1;10;1;3;3;;;;;250000;;;;;;;;;1;;;4
20230310;03;2023;7375912;1;1;01;47;1;256.05669887;47;2;1;2;1;1;1;1;1;3;1;1;2;1;1;1;1;10;1;3;3;;;;;250000;;;;;;;;;1;;;2
20230310;03;2023;7375913;1;1;01;47;1;191.61459977;47;2;1;2;1;2;1;1;1;3;1;1;2;1;1;1;1;1;3;3;3;;;;;300000;;;;;;;;;1;;;3
20230310;03;2023;7375915;1;1;01;47;1;173.8638285;47;2;1;2;1;1;1;1;1;3;1;1;1;1;1;1;1;10;1;3;3;;;;;250000;;;;;;;;;1;;;4
20230310;03;2023;7375916;1;1;01;47;1;266.1751385;47;1;1;4;1;1;1;1;1;3;1;1;3;2;1;1;1;10;1;3;3;;;;;400000;;1;;;;;;;;;;4
20230310;03;2023;7375917;1;1;01;47;1;113.29368443;47;1;1;4;1;3;1;1;1;3;1;1;5;4;1;1;1;1;1;3;1;;;300000000;800000;;;1;;;;1;;;;;;5
20230310;03;2023;7375918;1;1;01;47;1;177.25166467;47;2;1;2;1;1;1;1;1;3;1;1;2;1;1;1;1;1;1;3;3;;;;;300000;;1;;;;;;;;;;2
20230310;03;2023;7375919;1;1;01;47;1;145.99357628;47;2;1;4;1;1;1;1;1;3;1;1;3;1;1;1;1;10;1;3;5;;;;350000;;;;;;;;;;1;;;2
20230310;03;2023;7375920;1;1;01;47;1;197.96904956;47;1;1;4;1;3;1;1;1;3;1;1;4;3;1;1;1;10;1;3;1;;;98;98;;;1;;;;;;;;;;12
20230310;03;2023;7375922;1;1;01;47;1;248.36865434;47;1;1;4;1;3;1;1;1;3;1;1;4;3;1;1;1;1;3;3;1;;;98;300000;;;;;;;;;;1;;;6
20230310;03;2023;7375923;1;1;01;47;1;226.36459579;47;2;1;2;1;1;1;1;1;3;1;1;1;1;1;1;1;10;1;3;3;;;;;300000;;;;;;;;;1;;;1
20230310;03;2023;7375925;1;1;01;47;1;125.7188632;47;2;1;2;1;3;1;1;1;3;1;1;3;2;1;1;1;1;1;3;6;;;;500000;;;;;;;;;;1;;;2
20230310;03;2023;7375926;1;1;01;47;1;144.19118645;47;1;1;4;1;1;1;1;1;3;1;1;3;1;1;1;1;1;1;3;4;;;;400000;;;;;;;;;;1;;;2
20230310;03;2023;7375928;1;1;01;47;1;125.4070304;47;1;1;4;1;3;1;1;1;3;1;1;4;1;1;1;1;10;1;3;4;;;;700000;;;1;;;;;;;;;;1
20230310;03;2023;7375929;1;1;01;47;1;216.38649094;47;2;1;2;1;1;1;1;1;3;1;1;2;1;1;1;1;1;1;3;3;;;;;300000;;;;;;;;;1;;;2
20230310;03;2023;7375930;1;1;01;47;1;167.8798923;47;2;1;2;1;1;1;1;1;3;1;1;3;2;1;1;1;1;3;3;3;;;;;450000;;1;;;;;;;;;;3
20230310;03;2023;7375931;1;1;01;47;1;284.50744319;47;2;1;4;1;2;1;1;1;3;1;1;3;1;1;1;1;1;3;3;3;;;;;600000;;1;;;;;;;;;;2
20230310;03;2023;7375932;1;1;01;47;1;110.5335979;47;1;1;4;1;3;1;1;1;3;1;1;3;2;1;1;1;1;1;3;1;;;98;500000;;;;;;;;;;1;;;3
20230310;03;2023;7375934;1;1;01;47;1;254.54615266;47;1;1;4;1;2;1;1;1;3;1;1;3;2;1;1;1;1;1;3;3;;;;;600000;;1;;;;;;;;;;2
20230310;03;2023;7375935;1;1;01;47;1;268.48448376;47;2;1;4;1;2;1;1;1;3;1;1;3;2;1;1;1;1;1;3;1;;;200000000;730000;;;1;;;;;;;;;;5
20230310;03;2023;7375936;1;1;01;47;1;277.73023048;47;2;1;4;1;2;1;1;1;3;1;1;3;2;1;1;1;1;1;3;3;;;;;6200000;;1;;;;;;;;;;3
20230310;03;2023;7375937;1;1;01;47;1;273.96596806;47;2;1;4;1;2;1;1;1;3;1;1;4;2;1;1;1;1;1;3;3;;;;;850000;;1;;;;;;;;;;5
20230310;03;2023;7375938;1;1;01;47;1;284.50744319;47;1;1;4;1;2;1;1;1;3;1;1;3;1;1;1;1;1;1;3;3;;;;;550000;;1;;;;;;;;;;2
20230310;03;2023;7375939;1;1;01;47;1;162.21508476;47;1;1;4;1;2;1;1;1;3;1;1;4;1;1;1;1;1;1;3;6;;;;800000;;;1;;;;;;;;;;2
20230310;03;2023;7375941;1;1;01;47;1;290.12879854;47;2;1;4;1;2;1;1;1;3;1;1;3;2;1;1;1;1;1;3;7;CASA CON HIPOTECA;;;600000;;;1;;;;;;;;;;3
20230310;03;2023;7375942;1;1;01;47;1;269.64881524;47;1;1;4;1;2;1;1;1;3;1;1;3;2;1;1;1;1;1;3;1;;;120000000;700000;;;1;;;;;;;;;;4
20230310;03;2023;7375943;1;1;01;47;1;99.824667544;47;2;1;2;1;3;1;1;1;3;1;1;3;1;1;1;1;1;1;3;4;;;;400000;;;;;;;;;;1;;;2
20230310;03;2023;7375944;1;1;01;47;1;96.26772573;47;2;1;2;1;3;1;1;1;3;1;1;3;2;1;1;1;10;1;3;4;;;;500000;;;;;;;;1;;;;;4
20230310;03;2023;7375945;1;1;01;47;1;164.86697327;47;1;1;4;1;3;1;1;1;3;1;1;4;3;1;1;1;1;3;3;1;;;98;800000;;;;;;;1;;;;;;5
20230310;03;2023;7375946;1;1;01;47;1;274.31611198;47;1;1;2;1;2;1;1;1;3;1;1;3;2;1;1;1;10;1;3;3;;;;;220000;;;;;;;;;1;;;6
20230310;03;2023;7375947;1;1;01;47;1;132.10841972;47;2;1;2;1;3;1;1;1;3;1;1;3;2;1;1;1;10;1;3;4;;;;450000;;;1;;;;;;;;;;4
20230310;03;2023;7375948;1;1;01;47;1;154.77921079;47;2;1;4;1;3;1;1;1;3;1;1;2;1;1;1;1;1;1;3;4;;;;400000;;;1;;;;;;;;;;1
20230310;03;2023;7375949;1;1;01;47;1;99.824667544;47;2;1;4;1;3;1;1;1;3;1;1;2;1;1;1;1;1;3;3;1;;;98;800000;;;;;;;;;;1;;;2
20230310;03;2023;7375950;1;1;01;47;1;147.88587248;47;1;1;4;1;3;1;1;1;3;1;1;4;3;1;1;1;10;1;3;4;;;;550000;;;1;;;;;;;;;;6
20230310;03;2023;7375951;1;1;01;47;1;126.78454867;47;2;1;4;1;3;1;1;1;3;1;1;3;2;1;1;1;10;1;3;1;;;98;98;;;1;;;;;;;;;;2
20230310;03;2023;7375952;1;1;01;47;1;183.03577666;47;1;1;2;1;2;1;1;1;3;1;1;3;2;1;1;1;10;1;3;4;;;;400000;;;;;;;;;;1;;;9
20230310;03;2023;7375953;1;1;01;47;1;138.52951267;47;1;1;4;1;3;1;1;1;3;1;1;4;2;1;1;1;1;3;3;4;;;;500000;;;;;;;;;;1;;;4
20230310;03;2023;7375954;1;1;01;47;1;183.86467016;47;2;1;2;1;3;1;1;1;3;1;1;3;2;1;1;1;1;1;3;4;;;;250000;;;1;;;;;;;;;;5
20230310;03;2023;7375955;1;1;01;47;1;92.270401805;47;1;1;4;1;3;1;1;1;3;1;1;4;3;1;1;1;1;1;3;1;;;99;600000;;;;;;;;;;1;;;3
20230310;03;2023;7375956;1;1;01;47;1;121.19771943;47;2;1;4;1;3;1;1;1;3;1;1;3;2;1;1;1;1;1;3;3;;;;;500000;;;;;;;;;1;;;2
20230310;03;2023;7375957;1;1;01;47;1;405.61027701;47;1;1;2;1;2;1;1;1;3;1;1;3;2;1;1;1;10;1;3;5;;;;400000;;;;;;;;;;1;;;6
20230310;03;2023;7375958;1;1;01;47;1;238.68082005;47;1;1;2;1;2;1;1;1;3;1;3;1;1;1;1;1;10;1;3;3;;;;;400000;;;;;;;;;1;;;5
20230310;03;2023;7375958;2;2;01;47;1;238.68082005;47;1;1;2;1;2;1;1;1;3;1;3;1;1;1;1;1;10;1;3;4;;;;200000;;;;;;;;;;1;;;4
20230310;03;2023;7375958;3;3;01;47;1;238.68082005;47;1;1;2;1;2;1;1;1;3;1;3;1;1;1;1;1;10;1;3;4;;;;200000;;;;;;;;;;1;;;3
20230310;03;2023;7375959;1;1;01;47;1;132.10841972;47;2;1;4;1;3;1;1;1;3;1;1;2;1;1;1;1;1;3;3;3;;;;;500000;;;;;;;;;1;;;4
20230310;03;2023;7375960;1;1;01;47;1;258.12794518;47;1;1;4;1;2;2;1;1;3;1;1;2;1;1;1;1;1;1;1;4;;;;300000;;;;;;;;;;1;;;3
20230310;03;2023;7375961;1;1;01;47;1;175.03761077;47;1;1;4;1;2;1;1;1;3;1;1;3;1;1;1;1;10;1;3;3;;;;;400000;;;;;;;;;1;;;4
20230310;03;2023;7375962;1;1;01;47;1;150.50613436;47;2;1;4;1;2;2;1;1;3;1;1;1;1;1;1;1;10;2;1;3;;;;;280000;;;;;;;;;1;;;6
20230310;03;2023;7375964;1;1;01;47;1;163.48669648;47;2;1;2;1;2;2;1;1;3;1;1;1;1;1;1;1;1;1;1;4;;;;350000;;;;;;;;;;1;;;5
20230310;03;2023;7375965;1;1;01;47;1;145.99357628;47;2;8;2;1;2;2;1;1;3;1;1;1;1;1;1;1;10;2;2;5;;;;200000;;;;;;;;;;1;;;2
20230310;03;2023;7375966;1;1;01;47;1;242.68393371;47;2;1;4;1;2;1;1;1;3;1;1;3;2;1;1;1;1;1;3;5;;;;500000;;;;;;;;;;1;;;4
20230310;03;2023;7375968;1;1;01;47;1;426.76116478;47;1;1;4;1;3;1;1;1;3;1;1;3;1;1;1;1;10;1;3;4;;;;700000;;;1;;;;;;;;;;2
20230310;03;2023;7375969;1;1;01;50;1;229.60160177;50;1;1;4;1;4;1;1;1;3;1;1;4;3;1;1;1;1;1;3;1;;;400000000;1500000;;;1;;;;1;1;;;;;3
20230310;03;2023;7375970;1;1;01;50;1;277.16783494;50;1;1;4;1;3;1;1;1;3;1;1;4;2;1;1;1;1;1;3;3;;;;;650000;;1;;;;;;;;;;3
20230310;03;2023;7375971;1;1;01;50;1;172.03775689;50;1;1;4;1;3;1;1;1;3;1;1;3;2;1;1;1;1;1;3;3;;;;;500000;;;;;;;;;1;;;5
20230310;03;2023;7375972;1;1;01;50;1;318.05327665;50;1;1;4;1;4;1;1;1;3;1;1;4;1;1;1;1;1;1;3;3;;;;;1200000;;1;;;;;;;;;;1
20230310;03;2023;7375973;1;1;01;50;1;258.19539093;50;1;1;2;1;3;1;1;1;3;1;1;4;3;1;1;1;1;1;3;3;;;;;600000;;1;;;;;;;;;;5
20230310;03;2023;7375974;1;1;01;50;1;474.32643085;50;2;1;4;1;3;2;1;1;3;1;1;3;1;1;1;1;1;2;2;3;;;;;500000;;;;;;;;;1;;;3
20230310;03;2023;7375975;1;1;01;50;1;293.5027737;50;2;1;4;1;3;1;1;1;3;1;1;2;1;1;1;1;1;1;3;1;;;250000000;400000;;;1;;;;;;;;;;2
20230310;03;2023;7375976;1;1;01;50;1;190.44627951;50;2;1;4;1;3;1;1;1;3;1;1;2;1;1;1;1;1;1;3;4;;;;400000;;;1;;;;;;;;;;1
20230310;03;2023;7375977;1;1;01;50;1;282.29580768;50;1;1;4;1;3;1;1;1;3;1;1;4;1;1;1;1;1;1;3;3;;;;;800000;;1;;;;;1;1;;;NEQUI;1
20230310;03;2023;7375978;1;1;01;50;1;448.00074271;50;2;1;4;1;3;1;1;1;3;1;1;2;1;1;1;1;1;1;3;3;;;;;530000;;;;;;;;1;;;NEQUI;4
20230310;03;2023;7375979;1;1;01;50;1;261.88218123;50;1;1;4;1;3;1;1;1;3;1;1;3;2;1;1;1;1;1;3;3;;;;;650000;;1;;;;;;;;;;3
20230310;03;2023;7375981;1;1;01;50;1;258.28244086;50;2;1;4;1;3;1;1;1;3;1;1;4;1;1;1;1;1;1;3;3;;;;;600000;;1;;;;;;;;;;2
20230310;03;2023;7375983;1;1;01;50;1;226.5769821;50;2;1;4;1;3;1;1;1;3;1;1;3;2;1;1;1;1;1;3;3;;;;;600000;;1;;;;;;;;;;4
20230310;03;2023;7375985;1;1;01;50;1;261.88218123;50;1;1;4;1;3;1;1;1;3;1;1;4;3;1;1;1;1;1;3;1;;;200000000;600000;;;1;;;;;1;;;;;3
20230310;03;2023;7375987;1;1;01;50;1;170.65361838;50;1;1;4;1;3;1;1;1;3;1;1;4;3;1;1;1;1;1;3;2;;550000;165000000;1200000;;;1;;1;;;1;;;;;3
20230310;03;2023;7375989;1;1;01;50;1;187.84177517;50;1;1;2;1;1;2;2;1;3;1;1;3;1;2;1;1;1;1;4;1;;;150000000;400000;;;;;;;;;;1;;;2
20230310;03;2023;7375990;1;1;01;50;1;260.8913544;50;1;1;4;1;3;1;1;1;3;1;1;4;1;1;1;1;1;1;3;3;;;;;1100000;;1;;;;;1;;;;;2
20230310;03;2023;7375991;1;1;01;50;1;303.14522279;50;1;1;4;1;4;1;1;1;3;1;1;4;3;1;1;1;1;1;3;3;;;;;1250000;;1;;;;;;;;;;4
20230310;03;2023;7375992;1;1;01;50;1;194.94583976;50;2;1;4;1;3;1;1;1;3;1;1;4;2;1;1;1;1;1;3;3;;;;;1050000;;;;;;;;;1;;;2
20230310;03;2023;7375993;1;1;01;50;1;265.4819216;50;1;1;4;1;3;1;1;1;3;1;1;4;2;1;1;1;1;1;3;1;;;150000000;750000;;;1;;;;;1;;;;;4
20230310;03;2023;7375994;1;1;01;50;1;161.09653384;50;1;1;4;1;1;2;2;1;3;1;1;3;2;2;1;1;1;1;4;3;;;;;300000;;;;;;;;;1;;;3
20230310;03;2023;7375995;1;1;01;50;1;188.16793289;50;1;1;4;1;3;1;1;1;3;1;1;4;3;1;1;1;1;1;3;3;;;;;700000;;1;;;;;;1;;;NEQUI Y DAVIPLATA;4
20230310;03;2023;7375996;1;1;01;50;1;208.89659644;50;1;1;4;1;3;1;1;1;3;1;1;3;2;1;1;1;1;1;3;1;;;250000000;800000;;;1;;;;;;;;;;4
20230310;03;2023;7375997;1;1;01;50;1;361.86821505;50;2;1;4;1;1;1;1;1;3;1;1;3;2;1;1;1;1;1;3;3;;;;;380000;;;;;;;;;1;;;2
20230310;03;2023;7376000;1;1;01;50;1;318.23540871;50;1;1;4;1;3;1;1;1;3;1;1;4;3;1;1;1;1;1;3;1;;;210000000;800000;;;1;;;;;1;;;;;4
20230310;03;2023;7376001;1;1;01;50;1;169.1236623;50;1;1;4;1;1;2;2;1;3;1;1;4;2;2;1;1;1;1;4;3;;;;;400000;;1;;;;;;;;;;3
20230310;03;2023;7376003;1;1;01;50;1;557.22633818;50;2;1;4;1;1;1;1;1;3;1;1;2;1;1;1;1;1;1;3;3;;;;;350000;;;;;;;;;1;;;2
20230310;03;2023;7376008;1;1;01;50;1;436.02194188;50;1;1;4;1;1;1;1;1;3;1;1;4;2;1;1;1;1;1;3;3;;;;;500000;;1;;;;;;;;;;3
20230310;03;2023;7376009;1;1;01;50;1;168.57958881;50;1;1;4;1;1;1;1;1;3;1;1;4;2;1;1;1;1;1;3;1;;;120000000;400000;;1;;;;;;;;;;;2
20230310;03;2023;7376010;1;1;01;50;1;220.07125632;50;2;1;4;1;1;1;1;1;3;1;1;3;1;1;1;1;1;1;3;3;;;;;350000;;;;;;;;;1;;;1
20230310;03;2023;7376011;1;1;01;50;1;361.86821505;50;2;1;4;1;1;1;1;1;3;1;1;4;2;1;1;1;1;1;3;3;;;;;500000;;1;;;;;;;;;;2
20230310;03;2023;7376012;1;1;01;50;1;142.78841495;50;1;1;4;1;1;1;1;1;3;1;1;4;3;1;1;1;1;1;3;1;;;85000000;500000;;;1;;;;;;1;;;NEQUI Y DAVIPLATA;5
20230310;03;2023;7376013;1;1;01;50;1;244.3037685;50;1;1;2;1;1;1;1;1;3;1;1;3;1;1;1;1;1;1;3;3;;;;;270000;;1;;;;;;;;;;2
20230310;03;2023;7376014;1;1;01;50;1;550.47682498;50;2;1;4;1;1;2;1;1;3;1;1;2;1;1;1;1;1;6;;3;;;;;250000;;1;;;;;;;;;;1
20230310;03;2023;7376015;1;1;01;50;1;408.11270392;50;1;1;4;1;2;1;1;1;3;1;1;3;2;1;1;1;1;1;3;3;;;;;280000;;;;;;;;;1;;;6
20230310;03;2023;7376016;1;1;01;50;1;357.44149233;50;2;1;4;1;2;1;1;1;3;1;1;3;1;1;1;1;1;1;4;1;;;90000000;400000;;;;;;;;;;1;;;2
20230310;03;2023;7376017;1;1;01;50;1;361.31781938;50;3;1;4;1;2;1;1;1;3;1;1;2;2;1;1;1;1;5;3;3;;;;;600000;;;;;;;;;1;;;6
20230310;03;2023;7376018;1;1;01;50;1;305.37971062;50;3;1;4;1;2;1;1;1;3;1;1;1;1;1;2;1;1;5;3;3;;;;;300000;;;;;;;;1;;;AHORRO A LA MANO;2
20230310;03;2023;7376019;1;1;01;50;1;363.72525171;50;3;1;4;1;2;1;1;1;3;1;1;1;1;1;1;1;1;5;3;3;;;;;450000;;;;;;;;;1;;;3
20230310;03;2023;7376020;1;1;01;50;1;307.4339387;50;1;1;4;1;3;1;1;1;3;1;1;5;2;1;1;1;1;1;3;1;;;300000000;800000;;;1;;1;1;;;;;;;2
20230310;03;2023;7376021;1;1;01;50;1;495.42914248;50;1;1;4;1;3;1;1;1;3;1;1;4;1;1;1;1;1;1;3;3;;;;;650000;;1;;;;;1;;;;;1
20230310;03;2023;7376023;1;1;01;50;1;495.42914248;50;2;1;4;1;3;1;1;1;3;1;1;2;1;1;1;1;1;1;3;3;;;;;550000;;;;;;;;;1;;;1
20230310;03;2023;7376024;1;1;01;50;1;495.42914248;50;2;1;4;1;3;1;1;1;3;1;1;3;1;1;1;1;1;3;3;3;;;;;550000;;1;;;;;1;;;;;1
20230310;03;2023;7376025;1;1;01;50;1;176.31156455;50;1;1;4;1;3;1;1;1;3;1;1;4;2;1;1;1;1;1;3;3;;;;;850000;;1;;;;;;;;;;2
20230310;03;2023;7376026;1;1;01;50;1;279.8059776;50;1;1;4;1;4;1;1;1;3;1;1;4;1;1;1;1;1;1;3;3;;;;;1500000;;1;;;;1;1;;;;;2
20230310;03;2023;7376027;1;1;01;50;1;283.70569633;50;1;1;4;1;4;1;1;1;3;1;1;4;2;1;1;1;1;1;3;1;;;350000000;1200000;;;1;;;;;;;;;;3
20230310;03;2023;7376028;1;1;01;50;1;481.66722186;50;3;1;2;1;2;2;1;1;3;1;1;3;1;1;1;1;1;6;;3;;;;;250000;;;;;;;;;1;;;1
20230310;03;2023;7376029;1;1;01;50;1;370.44689058;50;2;1;4;1;2;1;1;1;3;1;1;3;2;1;1;1;1;1;3;1;;;90000000;450000;;;1;;;;;;;;;;4
20230310;03;2023;7376030;1;1;01;50;1;381.51919914;50;1;1;4;1;2;2;1;1;3;1;1;2;1;1;1;1;1;1;4;3;;;;;450000;;;;;;;;;1;;;3
20230310;03;2023;7376031;1;1;01;50;1;398.1358503;50;2;1;4;1;2;1;1;1;3;1;1;2;1;1;1;1;1;1;3;3;;;;;350000;;1;;;;;;;;;;3
20230310;03;2023;7376032;1;1;01;50;1;411.13206438;50;3;1;2;1;2;2;1;1;3;1;1;3;1;1;1;1;1;6;;3;;;;;220000;;;;;;;;;1;;;1
20230310;03;2023;7376033;1;1;01;50;1;286.10194901;50;1;1;4;1;2;1;1;1;3;1;1;4;3;1;1;1;1;1;3;3;;;;;600000;;;;;;;;;1;;;6
20230310;03;2023;7376036;1;1;01;50;1;343.05703741;50;2;1;4;1;2;1;1;1;3;1;1;2;1;1;1;1;1;1;3;3;;;;;350000;;;;;;;;1;;;NEQUI;1
20230310;03;2023;7376037;1;1;01;50;1;247.66274921;50;2;1;4;1;2;1;1;1;3;1;1;3;2;1;1;1;1;1;3;4;;;;350000;;;1;;;;;;1;;;NEQUI;4
20230310;03;2023;7376038;1;1;01;50;1;170.87518279;50;1;1;4;1;1;1;1;1;3;1;1;3;2;1;1;1;1;1;3;1;;;180000000;450000;;;1;;;;;;;;;;4
20230310;03;2023;7376039;1;1;01;50;1;355.0968499;50;2;1;4;1;2;1;1;1;3;1;1;3;2;1;1;1;1;1;3;3;;;;;300000;;1;;;;;;;;;;4
20230310;03;2023;7376040;1;1;01;50;1;308.17791239;50;1;1;4;1;1;2;1;1;3;1;1;3;1;1;1;1;1;1;4;3;;;;;450000;;;;;;;;;1;;;2
20230310;03;2023;7376041;1;1;01;50;1;312.47305715;50;1;1;4;1;1;2;1;1;3;1;1;4;2;1;1;1;1;1;4;3;;;;;350000;;1;;;;;;;;;;3
20230310;03;2023;7376042;1;1;01;50;1;285.25820091;50;2;1;4;1;1;2;1;1;3;1;1;3;2;1;1;1;1;1;4;3;;;;;450000;;;;;;;;;1;;;2
20230310;03;2023;7376043;1;1;01;50;1;350.30343408;50;1;1;2;2;;2;1;1;3;1;1;2;1;1;1;1;1;6;;4;;;;200000;;;;;;;;;;1;;;1
20230310;03;2023;7376045;1;1;01;50;1;333.8837244;50;1;1;4;1;1;1;1;1;3;1;1;3;2;1;1;1;1;1;3;3;;;;;420000;;;;;;;1;;;;;4
20230310;03;2023;7376047;1;1;01;50;1;322.49670053;50;2;1;4;1;1;2;1;1;3;1;2;5;4;1;2;1;1;1;4;3;;;;;470000;;;;;;;;;1;;;4
20230310;03;2023;7376047;2;2;01;50;1;322.49670053;50;2;1;4;1;1;2;1;1;3;1;2;1;1;1;2;1;1;1;4;3;;;;;470000;;;;;;;;;1;;;3
20230310;03;2023;7376048;1;1;01;50;1;299.00513773;50;1;1;4;1;1;2;1;1;3;1;1;2;1;1;1;1;1;1;4;3;;;;;350000;;1;;;;;;;;;;1
20230310;03;2023;7376051;1;1;01;50;1;243.71010841;50;2;1;4;1;1;1;1;1;3;1;1;2;1;1;1;1;1;1;3;3;;;;;400000;;1;;;;;;;;;;2
20230310;03;2023;7376052;1;1;01;50;1;160.82593862;50;2;1;4;1;3;1;1;1;3;1;1;3;2;1;1;1;1;1;3;3;;;;;450000;;1;;;;;;;;;;3
20230310;03;2023;7376053;1;1;01;50;1;249.49602721;50;2;1;4;1;1;1;1;1;3;1;1;2;1;1;1;1;1;1;3;4;;;;350000;;;;;;;;;;1;;;1
20230310;03;2023;7376054;1;1;01;50;1;277.46850847;50;1;1;4;1;1;2;1;1;3;1;1;3;2;1;1;1;1;1;4;3;;;;;350000;;1;;;;;;;;;;3
20230310;03;2023;7376057;1;1;01;50;1;238.53007681;50;1;1;4;1;3;1;1;1;3;1;1;4;3;1;1;1;1;1;3;2;;1200000;270000000;1200000;;;1;;1;;;1;;;;;4
20230310;03;2023;7376058;1;1;01;50;1;204.52035836;50;2;1;4;1;3;1;1;1;3;1;1;4;2;1;1;1;1;1;3;3;;;;;500000;;1;;;;;1;;;;;2
20230310;03;2023;7376063;1;1;01;50;1;216.4399847;50;1;1;4;1;3;1;1;1;3;1;1;4;3;1;1;1;1;1;3;3;;;;;860000;;1;;;;;;;;;;4
20230310;03;2023;7376064;1;1;01;50;1;192.99638136;50;1;1;4;1;3;1;1;1;3;1;1;4;2;1;1;1;1;1;3;1;;;140000000;700000;;;;;;;;1;;;;;2
20230310;03;2023;7376065;1;1;01;50;1;261.88218123;50;1;1;4;1;3;1;1;1;3;1;1;3;2;1;1;1;1;1;3;1;;;190000000;800000;;;1;;;;1;1;;;;;3
20230310;03;2023;7376070;1;1;01;;1;303.98208786;52;1;5;3;1;1;2;2;1;2;1;1;1;1;2;1;1;1;6;;1;;;20000000;100000;;;;;;;;;;1;;;1
20230310;03;2023;7376076;1;1;01;52;1;236.94950184;52;1;1;4;1;3;1;1;1;3;1;1;4;3;1;1;1;1;1;3;3;;;;;1200000;;1;;;;1;;;;;;2
20230310;03;2023;7376077;1;1;01;52;1;166.80130257;52;1;1;4;1;2;1;1;1;3;1;1;3;3;1;1;1;1;1;3;1;;;200000000;500000;;;1;;;;;;;;;;4
20230310;03;2023;7376078;1;1;01;52;1;169.54221991;52;1;1;4;1;1;1;1;1;3;1;1;3;2;1;1;1;1;1;4;4;;;;500000;;;;;;;;;;1;;;3
20230310;03;2023;7376079;1;1;01;52;1;199.70084281;52;1;1;4;1;3;2;1;1;3;1;1;3;3;1;1;1;1;1;4;4;;;;400000;;;1;;;;;;;;;;4
20230310;03;2023;7376080;1;1;01;52;1;244.46271988;52;1;1;4;1;2;2;1;1;3;1;1;3;2;1;1;1;1;1;4;3;;;;;750000;;1;;;;;;;;;;2
20230310;03;2023;7376081;1;1;01;52;1;147.6214428;52;2;1;4;1;1;1;1;1;3;1;1;2;2;1;1;1;1;1;3;2;;300000;100000000;500000;;;;;;;;;;1;;;5
20230310;03;2023;7376082;1;1;01;52;1;102.12235049;52;2;1;4;1;1;1;1;1;3;1;1;2;2;1;1;1;1;1;3;2;;130000;110000000;550000;;;;;;;;;;1;;;3
20230310;03;2023;7376084;1;1;01;52;1;239.64831197;52;2;1;4;1;3;1;1;1;3;1;1;3;3;1;1;1;1;1;3;1;;;160000000;1100000;;;1;;;;;;;;;;3
20230310;03;2023;7376085;1;1;01;52;1;114.40885632;52;2;1;4;1;4;1;1;1;3;1;1;4;3;1;1;1;1;1;3;3;;;;;900000;;1;;;;;;;;;;5
20230310;03;2023;7376087;1;1;01;52;1;98.225457614;52;2;1;4;1;3;1;1;1;3;1;1;5;3;1;1;1;1;1;3;3;;;;;900000;;1;;;;;;;;;;5
20230310;03;2023;7376088;1;1;01;52;1;101.92167131;52;2;1;2;1;1;1;1;1;3;1;1;4;4;1;1;1;1;1;3;3;;;;;250000;;;;;;;;;1;;;8
20230310;03;2023;7376089;1;1;01;52;1;94.180191658;52;2;1;4;1;1;2;1;1;3;1;1;3;2;1;1;1;1;1;4;4;;;;300000;;;1;;;;;;;;;;1
20230310;03;2023;7376090;1;1;01;52;1;87.854765395;52;2;1;4;1;2;1;1;1;3;1;1;3;2;1;1;1;1;1;3;4;;;;600000;;;1;;;;;;;;;;4
20230310;03;2023;7376091;1;1;01;52;1;132.76123017;52;2;1;4;1;1;1;1;1;3;1;1;3;2;1;1;1;1;1;4;4;;;;300000;;;;;;;;;;1;;;4
20230310;03;2023;7376092;1;1;01;52;1;101.07450771;52;1;1;4;1;1;1;1;1;3;1;1;4;2;1;1;1;1;1;3;4;;;;400000;;;;;;;;;;1;;;3
20230310;03;2023;7376093;1;1;01;52;1;234.85534573;52;2;1;4;1;4;2;1;1;3;1;1;4;2;1;1;1;1;1;4;2;;1200000;98;1200000;;;1;;1;;1;1;;;;;3
20230310;03;2023;7376094;1;1;01;52;1;144.02999703;52;1;1;4;1;3;2;1;1;3;1;1;7;4;1;1;1;1;1;4;1;;;500000000;1500000;;;1;;;;;;;;;;5
20230310;03;2023;7376095;1;1;01;52;1;112.63179993;52;2;1;4;1;3;2;1;1;3;1;1;4;4;1;1;1;1;1;4;1;;;200000000;700000;;;1;;;;;1;;;;;5
20230310;03;2023;7376096;1;1;01;52;1;242.01237762;52;2;1;4;1;3;2;1;1;3;1;1;2;1;1;1;1;1;1;4;1;;;200000000;500000;;;1;;;;;1;;;;;1
20230310;03;2023;7376097;1;1;01;52;1;132.79964114;52;1;1;4;1;3;2;1;1;3;1;1;5;4;1;1;1;1;1;4;1;;;100000000;450000;;;1;;;;;1;;;;;4
20230310;03;2023;7376098;1;1;01;52;1;200.33131279;52;2;1;4;1;3;2;1;1;3;1;1;4;3;1;1;1;1;1;4;3;;;;;800000;;;;;;;;;1;;;6
20230310;03;2023;7376099;1;1;01;52;1;138.66216144;52;1;1;4;1;3;2;1;1;3;1;1;5;2;1;1;1;1;1;4;3;;;;;700000;;1;;;;;;;;;;3
20230310;03;2023;7376101;1;1;01;52;1;137.16799045;52;1;1;4;1;4;2;1;1;3;1;1;6;3;1;1;1;1;1;4;3;;;;;1500000;;1;;;;;;;;;;4
20230310;03;2023;7376102;1;1;01;52;1;146.91730249;52;2;1;4;1;4;2;1;1;3;1;1;3;2;1;1;1;1;1;4;2;;2200000;98;800000;;;1;;1;1;1;1;;;;;3
20230310;03;2023;7376103;1;1;01;52;1;103.36145896;52;1;1;4;1;4;2;1;1;3;1;1;5;3;1;1;1;1;1;4;3;;;;;1200000;;1;;;;1;;;;;;5
20230310;03;2023;7376104;1;1;01;52;1;133.58183572;52;2;1;4;1;3;1;1;1;3;1;1;4;3;1;1;1;1;1;3;4;;;;98;;;;;;;;;;1;;;4
20230310;03;2023;7376106;1;1;01;52;1;255.06476126;52;2;1;4;1;3;2;1;1;3;1;1;3;2;1;1;1;1;1;4;4;;;;800000;;;1;;;;;1;;;;;3
20230310;03;2023;7376107;1;1;01;52;1;169.88327138;52;2;1;4;1;3;2;1;1;3;1;1;4;1;1;1;1;1;1;4;1;;;200000000;500000;;;1;;;;;;;;;;1
20230310;03;2023;7376108;1;1;01;52;1;211.60200472;52;2;1;4;1;3;2;1;1;3;1;1;3;1;1;1;1;1;1;4;3;;;;;850000;;1;;;;;;;;;;2
20230310;03;2023;7376109;1;1;01;52;1;191.46396301;52;1;1;4;1;3;1;1;1;3;1;1;4;2;1;1;1;1;1;3;1;;;20000000;600000;;;1;;;;;;;;;;2
20230310;03;2023;7376110;1;1;01;52;1;210.40172742;52;1;1;4;1;4;2;1;1;3;1;1;5;4;1;1;1;1;1;4;2;;2000000;400000000;2000000;;;1;;1;;;;;;;;4
20230310;03;2023;7376111;1;1;01;52;1;132.72822823;52;1;1;4;1;3;2;1;1;3;1;1;5;2;1;1;1;1;1;4;1;;;300000000;800000;;;;;;;;;;1;;;3
20230310;03;2023;7376112;1;1;01;52;1;174.82198076;52;2;1;4;1;3;1;1;1;3;1;1;2;1;1;1;1;1;1;3;3;;;;;650000;;1;;;;;1;;;;;1
20230310;03;2023;7376113;1;1;01;52;1;149.52523281;52;2;1;4;1;3;2;1;1;3;1;1;3;2;1;1;1;1;1;4;3;;;;;600000;;1;;;;;1;;;;;2
20230310;03;2023;7376114;1;1;01;52;1;244.46271988;52;1;1;4;1;3;1;1;1;3;1;1;3;2;1;1;1;1;1;3;1;;;150000000;1500000;;;1;;;;;;;;;;2
20230310;03;2023;7376115;1;1;01;52;1;148.26782451;52;1;1;4;1;2;2;1;1;3;1;1;4;3;1;1;1;1;1;4;3;;;;;500000;;1;;;;;;;;;;4
20230310;03;2023;7376116;1;1;01;52;1;164.48351769;52;3;1;4;1;3;2;1;1;3;1;1;1;1;1;1;1;1;6;;3;;;;;250000;;;;;;;;;1;;;1
20230310;03;2023;7376117;1;1;01;52;1;151.40714872;52;2;1;4;1;4;2;1;1;3;1;1;4;2;1;1;1;1;1;4;2;;873000;287000000;1500000;;;1;;1;;1;;;;;;2
20230310;03;2023;7376119;1;1;01;52;1;168.54378187;52;1;1;4;1;3;1;1;1;3;1;1;4;3;1;1;1;1;1;3;1;;;120000000;700000;;;1;;;;1;;;;;;3
20230310;03;2023;7376120;1;1;01;52;1;171.83330148;52;2;1;4;1;3;2;1;1;3;1;1;4;2;1;1;1;1;1;4;4;;;;500000;;;1;;;;;;;;;;2
20230310;03;2023;7376121;1;1;01;52;1;113.26005244;52;1;1;1;1;3;1;1;1;3;1;1;4;3;1;1;1;1;1;3;1;;;250000000;800000;;;;;;;;;;1;;;3
20230310;03;2023;7376122;1;1;01;52;1;146.91730249;52;2;1;4;1;4;2;1;1;3;1;1;3;2;1;1;1;1;1;4;1;;;200000000;1200000;;;1;;;;;;;;;;3
20230310;03;2023;7376123;1;1;01;52;1;103.1455693;52;2;1;2;1;1;2;1;1;3;1;1;2;1;1;1;1;1;1;4;3;;;;;250000;;;;;;;;;1;;;2
20230310;03;2023;7376124;1;1;01;52;1;171.83330148;52;2;1;4;1;3;2;1;1;3;1;1;3;1;1;1;1;1;1;4;1;;;300000000;1000000;;;1;;;;;;;;;;2
20230310;03;2023;7376125;1;1;01;52;1;101.07450771;52;3;1;2;1;1;2;1;1;3;1;1;2;2;1;2;1;1;1;4;3;;;;;200000;;1;;;;;;;;;;3
20230310;03;2023;7376126;1;1;01;52;1;123.66776303;52;3;1;2;1;1;1;1;1;3;1;1;1;1;1;2;1;1;1;3;3;;;;;300000;;;;;;;;;1;;;3
20230310;03;2023;7376127;1;1;01;52;1;196.36720399;52;4;1;4;1;4;2;1;1;3;1;1;1;1;1;2;1;1;1;4;3;;;;;550000;;1;;;;;;;;;;1
20230310;03;2023;7376128;1;1;01;52;1;193.6099021;52;3;1;4;1;2;2;1;1;3;1;1;1;1;1;1;1;1;6;;3;;;;;300000;;;;;;;;;1;;;1
20230310;03;2023;7376129;1;1;01;52;1;172.66368471;52;2;1;4;1;2;2;1;1;3;1;1;3;1;1;1;1;1;1;4;1;;;98;550000;;;1;;;;;;;;;;1
20230310;03;2023;7376130;1;1;01;52;1;127.75627;52;2;1;4;1;2;2;1;1;3;1;1;3;2;1;1;1;1;1;4;4;;;;500000;;;;;;;;;;1;;;3
20230310;03;2023;7376131;1;1;01;52;1;147.73671397;52;1;1;4;1;4;2;1;1;3;1;1;4;3;1;1;1;1;1;4;2;;600000;460000000;800000;;;;;1;;;;;;;;4
20230310;03;2023;7376132;1;1;01;52;1;66.851059391;52;1;1;4;1;1;2;1;1;3;1;1;3;2;1;1;1;1;1;4;6;;;;400000;;;;;;;;;;1;;;4
20230310;03;2023;7376133;1;1;01;52;1;102.13675566;52;2;1;4;1;4;2;1;1;3;1;1;4;2;1;1;1;1;1;4;3;;;;;800000;;;;;;;;;1;;;2
20230310;03;2023;7376142;1;1;01;52;1;169.93816334;52;1;1;4;1;3;1;1;1;3;1;1;5;3;1;1;1;1;1;3;3;;;;;740000;;1;;;;1;;;;;;4
20230310;03;2023;7376143;1;1;01;52;1;221.14425787;52;2;1;4;1;3;1;1;1;3;1;2;4;1;1;2;1;1;1;3;4;;;;600000;;;1;;;;;;;;;;1
20230310;03;2023;7376143;2;2;01;52;1;221.14425787;52;2;1;4;1;3;1;1;1;3;1;2;1;1;1;2;1;1;1;3;3;;;;;250000;;;;;;;;;1;;;1
20230310;03;2023;7376146;1;1;01;52;1;137.06260868;52;2;1;4;1;3;2;1;1;3;1;1;4;3;1;1;1;1;1;4;3;;;;;950000;;1;;;;1;;;;;;3
20230310;03;2023;7376151;1;1;01;52;1;136.29464917;52;2;1;4;1;2;1;1;1;3;1;1;3;2;1;1;1;1;1;3;3;;;;;450000;;;;;;;;;1;;;3
20230310;03;2023;7376157;1;1;01;54;1;645.20776659;54;4;1;4;1;2;2;1;1;3;1;1;3;2;1;1;1;1;4;4;3;;;;;350000;;;;;;;;;1;;;3
20230310;03;2023;7376158;1;1;01;54;1;414.82237017;54;1;1;4;1;1;1;1;1;3;1;1;3;2;1;1;1;1;1;3;5;;;;400000;;;;;;;;;;1;;;4
20230310;03;2023;7376161;1;1;01;54;1;504.23029583;54;1;1;2;1;1;1;1;1;3;1;1;4;2;1;1;1;1;1;3;3;;;;;300000;;1;;;;;;;;;;5
20230310;03;2023;7376162;1;1;01;54;1;305.5786981;54;1;1;4;1;2;1;1;1;3;1;1;4;2;1;1;1;1;1;3;1;;;110000000;500000;;;1;;;;;;;;;;3
20230310;03;2023;7376165;1;1;01;54;1;220.48742275;54;2;1;4;1;2;1;1;1;3;1;1;4;2;1;1;1;1;1;3;3;;;;;450000;;1;;;;;;;;;;3
20230310;03;2023;7376166;1;1;01;54;1;357.70766772;54;1;1;4;1;3;1;1;1;3;1;3;4;4;1;2;1;1;2;3;4;;;;400000;;;;;;;;;;1;;;7
20230310;03;2023;7376166;2;2;01;54;1;357.70766772;54;1;1;4;1;3;1;1;1;3;1;3;1;1;1;2;1;1;2;4;3;;;;;200000;;;;;;;;;1;;;1
20230310;03;2023;7376166;3;3;01;54;1;357.70766772;54;1;1;4;1;3;1;1;1;3;1;3;1;1;1;2;1;1;2;4;3;;;;;300000;;;;;;;;;1;;;3
20230310;03;2023;7376168;1;1;01;54;1;324.63273908;54;1;1;4;1;2;1;1;1;3;1;1;6;3;1;1;1;1;1;3;1;;;230000000;650000;;;1;;;;;;;;;;6
20230310;03;2023;7376169;1;1;01;54;1;236.64969262;54;1;1;4;1;2;1;1;1;3;1;1;4;2;1;1;1;1;3;3;2;;900000;99;1200000;;;1;;1;;;;;;;;5
20230310;03;2023;7376171;1;1;01;54;1;190.69326156;54;1;1;4;1;2;1;1;1;3;1;1;3;2;1;1;1;1;1;3;3;;;;;400000;;;;;;;;;1;;;2
20230310;03;2023;7376173;1;1;01;54;1;236.73015275;54;2;1;4;1;2;1;1;1;3;1;1;4;3;1;1;1;1;1;3;3;;;;;400000;;1;;;;;;;;;;12
20230310;03;2023;7376175;1;1;01;54;1;387.12465995;54;1;1;4;1;2;1;1;1;3;1;1;3;2;1;1;1;1;1;3;1;;;80000000;500000;;;;;;;;;;1;;;3
20230310;03;2023;7376177;1;1;01;54;1;403.80314813;54;1;1;4;1;2;1;1;1;3;1;1;4;2;1;1;1;1;1;3;2;;1200000;150000000;400000;;;;;1;;;;;;;;4
20230310;03;2023;7376178;1;1;01;54;1;1912.8259113;54;1;1;4;1;2;1;1;1;3;1;1;4;3;1;1;1;1;1;4;3;;;;;1100000;1;1;;;;;;;;;;4
20230310;03;2023;7376179;1;1;01;54;1;1191.9064429;54;1;1;4;1;2;1;1;1;3;1;1;4;3;1;1;1;1;1;4;2;;98;110000000;800000;;;1;;;;;1;;;;;3
20230310;03;2023;7376181;1;1;01;54;1;301.08686341;54;2;1;4;1;4;2;1;1;7;1;1;3;1;1;1;1;1;1;4;3;;;;;600000;;1;;;;;;;;;;2
20230310;03;2023;7376182;1;1;01;54;1;691.45586623;54;1;1;4;1;2;1;1;1;3;1;1;4;3;1;1;1;1;3;3;3;;;;;700000;;1;;;;;;;;;;4
20230310;03;2023;7376183;1;1;01;54;1;204.17118845;54;2;1;4;1;4;2;1;1;7;1;1;4;3;1;1;1;1;1;4;2;;2600000;250000000;1500000;;;1;;1;;;;;;;;4
20230310;03;2023;7376184;1;1;01;54;1;1912.8259113;54;1;1;4;1;2;1;1;1;3;1;1;4;3;1;1;1;1;1;4;3;;;;;900000;;1;;;;;;;;;;4
20230310;03;2023;7376187;1;1;01;54;1;339.84590849;54;2;1;4;1;4;2;1;1;3;1;1;3;1;1;1;1;1;1;4;4;;;;600000;;;1;;;;;;;;;;1
20230310;03;2023;7376189;1;1;01;54;1;336.9689992;54;2;1;4;1;4;1;1;1;7;1;1;4;2;1;1;1;1;1;3;1;;;180000000;1000000;;;1;;;;;1;;;;;2
20230310;03;2023;7376191;1;1;01;54;1;311.87875427;54;1;1;4;1;2;1;1;1;3;1;1;4;1;1;1;1;1;1;3;1;;;98;280000;;;1;;;;;;;;;;1
20230310;03;2023;7376192;1;1;01;54;1;447.3918047;54;1;1;4;1;2;1;1;1;3;1;1;4;1;1;1;1;1;1;3;3;;;;;450000;;1;;;;;;;;;;2
20230310;03;2023;7376193;1;1;01;54;1;264.05846671;54;2;1;4;1;2;1;1;1;3;1;1;4;3;1;1;1;1;1;3;3;;;;;500000;;1;;;;;;;;;;4
20230310;03;2023;7376194;1;1;01;54;1;196.09062851;54;2;1;4;1;2;1;1;1;3;1;3;1;1;1;1;1;1;1;3;4;;;;200000;;;;;;;;;;1;;;2
20230310;03;2023;7376194;2;2;01;54;1;196.09062851;54;2;1;4;1;2;1;1;1;3;1;3;1;1;1;1;1;1;1;3;4;;;;250000;;;1;;;;;1;;;;;3
20230310;03;2023;7376194;3;3;01;54;1;196.09062851;54;2;1;4;1;2;1;1;1;3;1;3;1;1;1;1;1;1;1;3;4;;;;250000;;;;;;;;;;1;;;3
20230310;03;2023;7376195;1;1;01;54;1;473.50178682;54;1;1;4;1;2;1;1;1;3;1;1;5;2;1;1;1;1;1;3;4;;;;500000;;;1;;;;;;;;;;3
20230310;03;2023;7376196;1;1;01;54;1;583.74216707;54;1;1;4;1;2;1;1;1;3;1;1;4;3;1;1;1;1;1;3;4;;;;500000;;;;;;;;;;1;;;4
20230310;03;2023;7376198;1;1;01;54;1;443.346151;54;1;1;4;1;2;1;1;1;3;1;1;3;1;1;1;1;1;1;3;3;;;;;350000;;1;;;;;;;;;;3
20230310;03;2023;7376201;1;1;01;54;1;425.68747874;54;1;1;4;1;2;1;1;1;3;1;1;4;3;1;1;1;1;3;3;3;;;;;400000;;1;;;;;;;;;;5
20230310;03;2023;7376202;1;1;01;54;1;456.51223037;54;2;1;2;1;2;1;1;1;3;1;1;3;2;1;1;1;1;3;3;3;;;;;350000;;;;;;;;;1;;;4
20230310;03;2023;7376203;1;1;01;54;1;294.94818121;54;1;1;4;1;2;1;1;1;3;1;1;4;2;1;1;1;1;1;3;3;;;;;400000;;;;;;;;;1;;;4
20230310;03;2023;7376204;1;1;01;54;1;185.53816147;54;1;1;4;1;2;1;1;1;3;1;1;4;2;1;1;1;1;1;3;4;;;;500000;;;1;;;;;;;;;;6
20230310;03;2023;7376205;1;1;01;54;1;431.41787955;54;1;1;4;1;2;1;1;1;3;1;1;4;1;1;1;1;1;3;3;3;;;;;500000;;1;;;;;;;;;;4
20230310;03;2023;7376206;1;1;01;54;1;416.99964332;54;1;1;4;1;2;1;1;1;3;1;1;3;2;1;1;1;1;3;3;3;;;;;350000;;1;;;;;;;;;;4
20230310;03;2023;7376207;1;1;01;54;1;218.55391553;54;2;1;4;1;2;1;1;1;3;1;1;3;2;1;1;1;1;3;3;3;;;;;300000;;1;;;;;;;;;;6
20230310;03;2023;7376208;1;1;01;54;1;408.76616569;54;1;1;4;1;2;1;1;1;3;1;1;3;2;1;1;1;1;1;3;3;;;;;500000;;1;;;;1;;;;;;3
20230310;03;2023;7376209;1;1;01;54;1;225.88118366;54;1;1;4;1;2;1;1;1;3;1;1;3;2;1;1;1;1;1;3;4;;;;300000;;;1;;;;;;;;;;3
20230310;03;2023;7376210;1;1;01;54;1;413.185667;54;2;1;4;1;2;1;1;1;3;1;1;3;2;1;1;1;1;1;3;1;;;95000000;500000;;;1;;;;;;;;;;5
20230310;03;2023;7376211;1;1;01;54;1;313.03631974;54;1;1;2;1;2;1;1;1;3;1;1;4;3;1;1;1;1;1;3;1;;;98;400000;;;1;;;;;;;;;;4
20230310;03;2023;7376212;1;1;01;54;1;669.26304144;54;2;1;4;1;2;2;1;1;3;1;1;3;2;1;1;1;1;1;4;4;;;;500000;;;1;;;;;;;;;;2
20230310;03;2023;7376213;1;1;01;54;1;365.62141755;54;1;1;4;1;2;1;1;1;3;1;1;4;3;1;1;1;1;3;3;1;;;60000000;300000;;;1;;;;;1;;;;;4
20230310;03;2023;7376214;1;1;01;54;1;259.97358296;54;1;1;4;1;2;1;1;1;3;1;1;3;1;1;1;1;1;3;3;1;;;80000000;300000;;;;;;;;;;1;;;2
20230310;03;2023;7376215;1;1;01;54;1;277.95678366;54;2;1;4;1;2;1;1;1;3;1;1;4;3;1;1;1;1;1;3;1;;;150000000;500000;;;1;;;;;;;;;;4
20230310;03;2023;7376216;1;1;01;54;1;310.94252583;54;2;1;4;1;2;2;1;1;3;1;1;1;1;1;1;1;1;2;4;3;;;;;250000;;;;;;;;;1;;;2
20230310;03;2023;7376219;1;1;01;54;1;577.22356505;54;1;1;4;1;2;1;1;1;3;1;1;4;2;1;2;1;1;1;4;4;;;;500000;;;1;;;;;;;;;;4
20230310;03;2023;7376220;1;1;01;54;1;622.29054614;54;1;1;4;1;2;1;1;1;3;1;1;3;2;1;1;1;1;1;3;3;;;;;300000;;1;;;;;;;;;;4
20230310;03;2023;7376221;1;1;01;54;1;284.20429309;54;2;1;4;1;2;1;1;1;3;1;1;3;2;1;1;1;1;1;3;4;;;;500000;;;1;;;;;;;;;;2
20230310;03;2023;7376222;1;1;01;54;1;427.39000423;54;1;1;4;1;3;1;1;1;3;1;2;2;1;1;2;1;1;1;3;3;;;;;300000;;1;;;;;;;;;;3
20230310;03;2023;7376222;2;2;01;54;1;427.39000423;54;1;1;4;1;3;1;1;1;3;1;2;2;1;1;1;1;1;1;3;3;;;;;300000;;;;;;;;;1;;;3
20230310;03;2023;7376223;1;1;01;54;1;365.63347415;54;2;1;4;1;2;1;1;1;3;1;1;2;1;1;1;1;1;3;3;1;;;80000000;700000;;;1;;;;;;;;;;2
20230310;03;2023;7376225;1;1;01;54;1;356.14178972;54;1;1;2;1;3;1;1;1;3;1;1;5;3;1;1;1;1;1;3;1;;;160000000;600000;;;1;;;;;1;;;;;7
20230310;03;2023;7376226;1;1;01;54;1;339.00133606;54;1;1;4;1;3;2;1;1;3;1;1;6;3;1;1;1;1;1;4;4;;;;1200000;;;;;;;;;;1;;;6
20230310;03;2023;7376227;1;1;01;54;1;347.46229579;54;2;1;4;1;3;1;1;1;3;1;1;4;2;1;1;1;1;1;3;3;;;;;600000;;1;;;;;;;;;;2
20230310;03;2023;7376228;1;1;01;54;1;1928.4872036;54;1;1;4;1;2;1;1;1;3;1;1;4;2;1;1;1;1;3;3;3;;;;;700000;;1;;;;;1;;;;;2
20230310;03;2023;7376229;1;1;01;63;1;92.837212634;63;1;1;4;1;2;1;1;1;3;1;1;3;2;1;1;1;1;1;3;3;;;;;390000;;1;;;;;;;;;;2
20230310;03;2023;7376231;1;1;01;63;1;160.56932982;63;1;1;4;1;2;1;1;1;3;1;1;4;3;1;1;1;1;1;3;3;;;;;530000;;1;;;;;;;;;;5
20230310;03;2023;7376232;1;1;01;63;1;177.22337452;63;1;1;4;1;2;1;1;1;3;1;1;4;1;1;1;1;1;1;3;1;;;165000000;600000;;;1;;;;;;;;;;2
20230310;03;2023;7376233;1;1;01;63;1;99.83998113;63;1;1;4;1;2;1;1;1;3;1;1;4;1;1;1;1;1;1;3;4;;;;500000;;;1;;;;;;;;;;1
20230310;03;2023;7376234;1;1;01;63;1;96.194155883;63;1;1;4;1;2;1;1;1;3;1;2;6;2;1;1;1;1;1;3;1;;;98;800000;;;1;;;;;;;;;;2
20230310;03;2023;7376234;2;2;01;63;1;96.194155883;63;1;1;4;1;2;1;1;1;3;1;2;3;2;1;1;1;1;1;3;3;;;;;150000;;1;;;;;;;;;;3
20230310;03;2023;7376236;1;1;01;63;1;156.03562056;63;2;1;4;1;4;1;1;1;9;1;1;3;1;1;1;1;1;1;3;3;;;;;950000;;1;;;;1;1;;;;;1
20230310;03;2023;7376237;1;1;01;63;1;186.67722398;63;1;1;4;1;2;1;1;1;3;1;1;3;2;1;1;1;1;1;3;3;;;;;550000;;1;;;;;;;;;;3
20230310;03;2023;7376238;1;1;01;63;1;262.78108657;63;1;1;4;1;2;1;1;1;3;1;1;5;4;1;1;1;1;1;3;2;;520000;130000000;550000;;;1;;1;;1;1;;;;;5
20230310;03;2023;7376240;1;1;01;63;1;250.99744646;63;1;1;4;1;2;1;1;1;3;1;1;3;1;1;1;1;1;1;3;2;;500000;110000000;500000;;;1;;1;;1;1;;;;;2
20230310;03;2023;7376241;1;1;01;63;1;109.07686216;63;1;1;4;1;2;1;1;1;3;1;1;5;3;1;1;1;1;1;3;1;;;99;400000;;;1;;;;;;;;;;3
20230310;03;2023;7376243;1;1;01;63;1;140.49157169;63;2;1;4;1;2;1;1;1;3;1;1;3;2;1;1;1;1;1;3;1;;;130000000;500000;;;1;;;;;;;;;;3
20230310;03;2023;7376244;1;1;01;63;1;144.00403526;63;1;1;4;1;2;1;1;1;3;1;1;3;2;1;1;1;1;1;3;1;;;100000000;450000;;;1;;;;;;;;;;6
20230310;03;2023;7376245;1;1;01;63;1;150.11702805;63;1;1;4;1;2;1;1;1;3;1;1;4;1;1;1;1;1;1;3;4;;;;500000;;;1;;;;;;;;;;1
20230310;03;2023;7376246;1;1;01;63;1;170.25372089;63;1;1;4;1;2;1;1;1;3;1;1;5;3;1;1;1;1;1;3;4;;;;500000;;;1;;;;;;1;;;NEQUI;3
20230310;03;2023;7376248;1;1;01;63;1;134.35768015;63;1;1;2;1;2;1;1;1;3;1;1;6;3;1;1;1;1;3;3;4;;;;500000;;;;;;;;;;1;;;3
20230310;03;2023;7376250;1;1;01;63;1;160.9949468;63;1;1;4;1;2;1;1;1;3;1;1;5;4;1;1;1;1;1;3;1;;;180000000;750000;;;1;;;;1;1;;;;;5
20230310;03;2023;7376251;1;1;01;63;1;170.97959089;63;1;1;4;1;1;1;1;1;3;1;1;4;2;1;1;1;1;3;3;3;;;;;300000;;1;;;;;;;;;;4
20230310;03;2023;7376252;1;1;01;63;1;153.24036146;63;1;1;4;1;2;1;1;1;3;1;1;4;1;1;1;1;1;1;3;3;;;;;450000;;1;;;;;;;;;;1
20230310;03;2023;7376253;1;1;01;63;1;128.67254179;63;1;1;4;1;2;1;1;1;3;1;1;5;4;1;1;1;1;1;3;1;;;250000000;600000;;;1;;1;;;;;;;;4
20230310;03;2023;7376254;1;1;01;63;1;125.64134028;63;1;1;4;1;2;1;1;1;3;1;1;5;3;1;1;1;1;1;3;1;;;98;600000;;;1;;;;;;;;;;3
20230310;03;2023;7376255;1;1;01;63;1;163.65708586;63;1;1;4;1;2;1;1;1;3;1;1;5;3;1;1;1;1;1;3;3;;;;;900000;;1;;;;;;1;;;NEQUI;3
20230310;03;2023;7376256;1;1;01;63;1;85.672244478;63;1;1;4;1;2;1;1;1;3;1;2;4;3;1;1;1;1;1;3;4;;;;500000;;;1;;;;;;;;;;4
20230310;03;2023;7376256;2;2;01;63;1;85.672244478;63;1;1;4;1;2;1;1;1;3;1;2;2;1;1;1;1;1;1;3;4;;;;400000;;;;;;;;;;1;;;1
20230310;03;2023;7376257;1;1;01;63;1;268.10810898;63;1;1;4;1;2;1;1;1;3;1;1;7;4;1;1;1;1;1;3;1;;;98;500000;;1;1;;;;1;1;;;;;6
20230310;03;2023;7376259;1;1;01;63;1;200.86239893;63;2;1;4;1;2;1;1;1;3;1;1;3;2;1;1;1;1;1;3;3;;;;;520000;;1;;;;;;;;;;2
20230310;03;2023;7376261;1;1;01;63;1;219.32576646;63;2;1;4;1;2;1;1;1;3;1;1;4;2;1;1;1;1;1;3;1;;;98;600000;;;1;;;;;;1;;;NEQUI;2
20230310;03;2023;7376262;1;1;01;63;1;230.0318967;63;2;1;4;1;2;1;1;1;3;1;1;3;2;1;1;1;1;1;3;3;;;;;600000;;1;;;;;;1;;;NEQUI;2
20230310;03;2023;7376264;1;1;01;63;1;196.82257719;63;3;1;4;1;5;1;1;1;3;1;1;2;1;1;1;1;1;1;3;3;;;;;450000;;1;;;;;;;;;;1
20230310;03;2023;7376267;1;1;01;63;1;323.61378323;63;2;1;4;1;5;1;1;1;3;1;1;5;2;1;1;1;1;1;3;1;;;300000000;99;;;1;;;;;1;;;;;2
20230310;03;2023;7376268;1;1;01;63;1;158.82173094;63;3;1;4;1;5;1;1;1;3;1;1;1;1;1;1;1;1;6;;3;;;;;470000;;;;;;;;1;;;NEQUI;1
20230310;03;2023;7376270;1;1;01;63;1;156.03562056;63;2;1;4;1;4;1;1;1;3;1;1;3;1;1;1;1;1;1;3;3;;;;;700000;;1;;;;;;;;;;1
20230310;03;2023;7376271;1;1;01;63;1;301.57250325;63;2;1;4;1;5;1;1;1;9;1;1;4;3;1;1;1;1;1;3;2;;99;99;98;;;1;;1;;;;;;;;4
20230310;03;2023;7376272;1;1;01;63;1;246.27915234;63;2;1;4;1;5;1;1;1;3;1;1;4;1;1;1;1;1;1;3;1;;;99;99;;;1;;;;;;;;;;1
20230310;03;2023;7376277;1;1;01;63;1;379.76437397;63;2;1;4;1;5;1;1;1;3;1;1;4;1;1;1;1;1;1;3;3;;;;;1800000;;1;;;;1;1;;;;;2
20230310;03;2023;7376278;1;1;01;63;1;286.96281691;63;2;1;4;1;5;1;1;1;3;1;1;3;1;1;1;1;1;1;3;2;;99;98;1300000;;;1;;1;;;1;;;;;1
20230310;03;2023;7376279;1;1;01;63;1;213.94281671;63;2;1;4;1;5;1;1;1;3;1;1;4;1;1;1;1;1;1;3;2;;99;98;98;;;1;;1;;;1;;;;;1
20230310;03;2023;7376281;1;1;01;63;1;85.00254876;63;2;1;4;1;2;1;1;1;3;1;1;3;2;1;1;1;1;1;3;3;;;;;450000;;1;;;;;;;;;;2
20230310;03;2023;7376284;1;1;01;63;1;231.47785008;63;2;1;4;1;4;1;1;1;3;1;1;4;2;1;1;1;1;1;3;4;;;;400000;;;1;;;;;;;;;;3
20230310;03;2023;7376285;1;1;01;63;1;345.04784505;63;2;1;4;1;5;1;1;1;3;1;1;4;2;1;1;1;1;1;3;3;;;;;1500000;;1;;;;;1;;;;;2
20230310;03;2023;7376287;1;1;01;63;1;224.02836642;63;1;1;4;1;2;1;1;1;3;1;1;3;2;1;1;1;1;1;3;2;;250000;80000000;350000;;;1;;;;;;;;;;3
20230310;03;2023;7376288;1;1;01;63;1;117.553389;63;2;1;4;1;1;1;1;1;3;1;1;3;1;1;1;1;1;1;3;3;;;;;350000;;1;;;;;;;;;;2
20230310;03;2023;7376291;1;1;01;63;1;181.74041209;63;2;5;3;1;1;2;1;1;3;1;1;3;2;1;1;1;1;1;4;3;;;;;160000;;1;;;;;;;;;;8
20230310;03;2023;7376292;1;1;01;63;1;82.089935817;63;2;5;3;1;1;2;1;1;3;1;1;2;1;1;1;1;1;1;4;3;;;;;100000;;1;;;;;;;;;;2
20230310;03;2023;7376296;1;1;01;63;1;106.78984725;63;1;7;2;1;1;2;1;1;3;1;2;2;1;1;2;1;1;1;5;3;;;;;150000;;;;;;;;;1;;;3
20230310;03;2023;7376296;2;2;01;63;1;106.78984725;63;1;7;2;1;1;2;1;1;3;1;2;1;1;1;2;1;1;6;;3;;;;;100000;;;;;;;;;1;;;1
20230310;03;2023;7376297;1;1;01;63;1;153.82398948;63;1;3;2;1;1;2;1;1;3;1;1;3;2;1;1;1;1;3;4;1;;;98;400000;;;1;;;;;;;;;;3
20230310;03;2023;7376298;1;1;01;63;1;90.947169227;63;1;7;3;1;1;2;1;1;3;1;1;1;1;1;2;1;1;1;5;3;;;;;150000;;;;;;;;;1;;;3
20230310;03;2023;7376299;1;1;01;66;1;155.62592363;66;1;1;4;1;1;1;1;1;3;1;1;3;1;1;1;1;1;1;3;1;;;200000000;900000;;;1;;;;;;;;;;2
20230310;03;2023;7376301;1;1;01;66;1;124.67899342;66;1;1;4;1;1;1;1;1;3;1;1;2;1;1;1;1;1;1;3;3;;;;;350000;;1;;;;;;;;;;2
20230310;03;2023;7376302;1;1;01;66;1;154.74044842;66;1;1;4;1;2;1;1;1;3;1;1;2;1;1;1;1;1;1;3;3;;;;;450000;;1;;;;;;;;;;1
20230310;03;2023;7376304;1;1;01;66;1;190.1251116;66;2;1;4;1;3;1;1;1;3;1;1;5;3;1;1;1;1;1;3;4;;;;800000;;;1;;;1;;1;;;;;2
20230310;03;2023;7376305;1;1;01;66;1;153.38066245;66;1;1;4;1;3;1;1;1;3;1;1;4;2;1;1;1;1;1;3;1;;;180000000;650000;;;1;;;;1;;;;;;4
20230310;03;2023;7376306;1;1;01;66;1;95.028982124;66;2;1;4;1;3;1;1;1;3;1;1;3;2;1;1;1;1;1;3;4;;;;98;;;1;;;;;;;;;;2
20230310;03;2023;7376308;1;1;01;66;1;99.191852998;66;2;1;4;1;4;1;1;1;3;1;1;5;4;1;1;1;1;1;3;3;;;;;800000;;1;;;;;;;;;;4
20230310;03;2023;7376309;1;1;01;66;1;143.82769251;66;1;1;4;1;4;2;1;1;3;1;1;3;2;1;1;1;1;6;;4;;;;360000;;;1;;;;;;;;;;2
20230310;03;2023;7376311;1;1;01;66;1;178.83328306;66;2;1;4;1;4;1;1;1;3;1;1;5;2;1;1;1;1;1;3;4;;;;1200000;;;1;;;;1;1;;;;;3
20230310;03;2023;7376312;1;1;01;66;1;178.32137082;66;2;1;4;1;4;1;1;1;3;1;1;6;2;1;1;1;1;1;3;4;;;;1200000;;;1;;;;;;;;;;2
20230310;03;2023;7376313;1;1;01;66;1;768.13194674;66;1;1;2;1;1;1;1;1;2;1;1;3;2;1;1;1;1;1;3;1;;;50000000;300000;;;;;;;;;;1;;;3
20230310;03;2023;7376314;1;1;01;66;1;111.69131456;66;2;4;4;1;3;2;1;1;3;1;1;2;1;1;1;1;1;1;1;3;;;;;400000;;1;;;;;;;;;;1
20230310;03;2023;7376315;1;1;01;66;1;176.77227778;66;1;1;4;1;2;1;1;1;3;1;1;3;2;1;1;1;1;1;3;1;;;85000000;500000;;;1;;;;;;;;;;3
20230310;03;2023;7376316;1;1;01;66;1;151.65553085;66;2;1;4;1;3;1;1;1;3;1;1;4;3;1;1;1;1;1;3;3;;;;;600000;;1;;;;;;;;;;5
20230310;03;2023;7376317;1;1;01;66;1;112.98372674;66;2;1;4;1;3;1;1;1;3;1;1;4;2;1;1;1;1;1;3;4;;;;450000;;;1;;;;;;;;;;4
20230310;03;2023;7376318;1;1;01;66;1;183.53792199;66;1;1;4;1;3;1;1;1;3;1;1;4;3;1;1;1;1;1;3;1;;;180000000;650000;;;1;;;;;;;;;;3
20230310;03;2023;7376320;1;1;01;66;1;265.27146073;66;2;4;3;1;2;1;1;1;3;1;1;3;1;1;1;1;1;1;3;1;;;70000000;450000;;;1;;;;;;;;;;2
20230310;03;2023;7376321;1;1;01;66;1;597.00026506;66;1;1;4;1;2;1;1;1;2;1;1;3;2;1;1;1;1;1;3;1;;;80000000;350000;;;1;;;;;;;;;;3
20230310;03;2023;7376322;1;1;01;66;1;217.20972794;66;2;1;4;1;2;1;1;1;3;1;1;3;2;1;1;1;1;1;3;3;;;;;400000;;1;;;;;;;;;;4
20230310;03;2023;7376324;1;1;01;66;1;291.12326726;66;2;1;4;1;1;1;1;1;3;1;1;3;3;1;1;1;1;1;3;3;;;;;400000;;1;;;;;;;;;;5
20230310;03;2023;7376325;1;1;01;66;1;178.40276679;66;1;1;4;1;4;1;1;1;3;1;1;3;1;1;1;1;1;1;3;3;;;;;1200000;;1;;;;;;;;;;1
20230310;03;2023;7376328;1;1;01;66;1;221.34795239;66;2;1;4;1;4;1;1;1;3;1;1;4;3;1;1;1;1;1;3;3;;;;;830000;;1;;;;;;;;;;6
20230310;03;2023;7376329;1;1;01;66;1;154.74044842;66;2;1;4;1;2;2;1;1;3;1;1;2;1;1;1;1;1;1;4;3;;;;;350000;;1;;;;;;;;;;1
20230310;03;2023;7376330;1;1;01;66;1;157.31874542;66;2;1;4;1;4;1;1;1;3;1;1;4;2;1;1;1;1;1;3;4;;;;900000;;;1;;;;;;;;;;2
20230310;03;2023;7376332;1;1;01;66;1;253.01998416;66;2;1;4;1;4;1;1;1;3;1;1;3;1;1;1;1;1;1;3;3;;;;;700000;;1;;;;;;;;;;3
20230310;03;2023;7376333;1;1;01;66;1;145.34348711;66;2;1;4;1;4;2;1;1;3;1;1;4;2;1;1;1;1;1;4;1;;;320000000;1500000;;;1;;;;;;;;;;2
20230310;03;2023;7376335;1;1;01;66;1;157.73455356;66;2;1;4;1;4;1;1;1;3;1;1;4;2;1;1;1;1;1;3;1;;;300000000;1500000;;;1;;;;;1;;;;;2
20230310;03;2023;7376336;1;1;01;66;1;143.1689732;66;1;1;4;1;1;1;1;1;3;1;1;2;1;1;1;1;1;1;3;1;;;30000000;600000;;;1;;;;;;;;;;2
20230310;03;2023;7376337;1;1;01;66;1;168.77616458;66;2;1;4;1;1;1;1;1;3;1;1;3;2;1;1;1;1;1;3;1;;;70000000;600000;;;1;;;;;;;;;;4
20230310;03;2023;7376339;1;1;01;66;1;107.44452591;66;2;1;4;1;4;1;1;1;3;1;1;3;2;1;1;1;1;1;3;3;;;;;1000000;;1;;;;;;;;;;2
20230310;03;2023;7376340;1;1;01;66;1;237.45229448;66;2;1;4;1;4;1;1;1;3;1;1;4;3;1;1;1;1;1;3;3;;;;;700000;;1;;;;;;;;;;4
20230310;03;2023;7376341;1;1;01;66;1;198.22529643;66;2;1;4;1;4;1;1;1;3;1;1;3;1;1;1;1;1;1;3;3;;;;;1000000;;1;;;;;;;;;;1
20230310;03;2023;7376342;1;1;01;66;1;239.19685369;66;2;7;3;1;1;2;1;1;3;1;1;3;2;1;1;1;1;1;4;5;;;;150000;;;1;;;;;;;;;;3
20230310;03;2023;7376343;1;1;01;66;1;223.00345849;66;2;1;4;1;4;1;1;1;3;1;1;2;1;1;1;1;1;1;3;3;;;;;650000;;1;;;;;;;;;;1
20230310;03;2023;7376344;1;1;01;66;1;181.67935888;66;2;1;4;1;4;1;1;1;3;1;1;4;1;1;1;1;1;1;3;1;;;250000000;650000;;;1;;;;;;;;;;2
20230310;03;2023;7376345;1;1;01;66;1;185.99115864;66;2;1;4;1;3;1;1;1;3;1;1;5;2;1;1;1;1;1;3;1;;;230000000;650000;;;1;;;;;;;;;;3
20230310;03;2023;7376346;1;1;01;66;1;249.96668038;66;2;1;4;1;3;1;1;1;3;1;1;2;1;1;1;1;1;1;3;3;;;;;500000;;1;;;;;;;;;;2
20230310;03;2023;7376347;1;1;01;66;1;242.36646326;66;2;1;4;1;3;1;1;1;3;1;1;3;2;1;1;1;1;1;3;3;;;;;550000;;1;;;;;;;;;;4
20230310;03;2023;7376348;1;1;01;66;1;253.01998416;66;2;1;4;1;4;1;1;1;3;1;1;4;2;1;1;1;1;1;3;3;;;;;850000;;1;;;;;;;;;;3
20230310;03;2023;7376349;1;1;01;66;1;201.75876486;66;2;1;4;1;4;1;1;1;3;1;1;3;1;1;1;1;1;1;3;3;;;;;1000000;;1;;;;;;;;;;1
20230310;03;2023;7376350;1;1;01;66;1;160.6020241;66;2;1;4;1;4;1;1;1;3;1;1;4;2;1;1;1;1;1;3;1;;;90000000;800000;;;1;;;;;;;;;;3
20230310;03;2023;7376351;1;1;01;66;1;124.55400642;66;1;1;4;1;3;1;1;1;3;1;1;3;2;1;1;1;1;1;3;3;;;;;650000;;1;;;;;;;;;;3
20230310;03;2023;7376352;1;1;01;66;1;192.58791191;66;1;5;2;1;1;2;1;1;3;1;1;2;1;1;1;1;1;1;4;5;;;;350000;;;;;;;;;;1;;;1
20230310;03;2023;7376353;1;1;01;66;1;214.68362293;66;1;1;4;1;1;2;1;1;3;1;1;2;2;1;1;1;1;1;4;3;;;;;200000;;1;;;;;;;;;;3
20230310;03;2023;7376354;1;1;01;66;1;192.58791191;66;2;1;2;1;1;2;1;1;3;1;1;3;1;1;1;1;1;1;4;5;;;;350000;;;;;;;;;;1;;;1
20230310;03;2023;7376356;1;1;01;66;1;191.35228295;66;2;1;4;1;4;1;1;1;3;1;1;4;2;1;1;1;1;1;3;1;;;180000000;850000;;;1;;;;;;;;;;2
20230310;03;2023;7376357;1;1;01;66;1;144.7850374;66;2;1;4;1;4;1;1;1;3;1;1;3;1;1;1;1;1;1;3;3;;;;;1000000;;1;;;;;;;;;;1
20230310;03;2023;7376359;1;1;01;66;1;661.43272695;66;2;1;4;1;4;1;1;1;2;1;1;4;2;1;1;1;1;1;3;3;;;;;1100000;;1;;;;;1;;;;;2
20230310;03;2023;7376361;1;1;01;66;1;123.88963595;66;2;1;4;1;4;1;1;1;3;1;1;3;2;1;1;1;1;1;3;3;;;;;850000;;1;;;;;;;;;;2
20230310;03;2023;7376362;1;1;01;66;1;158.03230626;66;2;1;4;1;4;1;1;1;3;1;1;3;2;1;1;1;1;1;3;3;;;;;550000;;1;;;;;;;;;;2
20230310;03;2023;7376363;1;1;01;66;1;157.73455356;66;2;1;4;1;4;1;1;1;3;1;1;3;2;1;1;1;1;1;3;1;;;150000000;700000;;;1;;;;;;;;;;2
20230310;03;2023;7376364;1;1;01;66;1;112.07955212;66;2;1;4;1;4;1;1;1;3;1;1;4;1;1;1;1;1;1;3;2;;700000;180000000;800000;;;1;;;;1;;;;;;1
20230310;03;2023;7376366;1;1;01;66;1;144.7850374;66;2;1;4;1;4;1;1;1;3;1;1;4;1;1;1;1;1;1;3;3;;;;;650000;;1;;;;1;;;;;;1
20230310;03;2023;7376367;1;1;01;66;1;193.82028984;66;2;1;4;1;4;1;1;1;3;1;1;3;1;1;1;1;1;3;3;3;;;;;770000;;1;;;;1;1;;;;;1
20230310;03;2023;7376370;1;1;01;66;1;677.9008262;66;1;1;4;1;2;1;1;1;2;1;1;3;2;1;1;1;1;1;3;4;;;;400000;;;;;;;;;;1;;;2
20230310;03;2023;7376374;1;1;01;;1;181.2496161;68;1;1;2;1;1;2;1;1;3;1;1;2;1;1;1;1;1;3;4;3;;;;;200000;;;;;;;;;1;;;3
20230310;03;2023;7376375;1;1;01;;1;317.90002342;68;2;1;4;1;1;2;1;1;3;1;1;3;2;1;1;1;1;1;4;3;;;;;470000;;1;;;;;;;;;;4
20230310;03;2023;7376376;1;1;01;;1;536.13888396;68;1;1;2;1;1;2;1;1;3;1;1;3;2;1;1;1;1;1;4;3;;;;;400000;;1;;;;;;;;;;3
20230310;03;2023;7376377;1;1;01;;1;181.2496161;68;1;1;4;1;1;2;1;1;3;1;1;4;2;1;1;1;1;1;4;1;;;100000000;500000;;;1;;;;;;;;;;2
20230310;03;2023;7376380;1;1;01;;1;372.6729197;68;1;1;4;1;1;1;1;1;3;1;1;2;1;1;1;1;1;4;3;3;;;;;350000;;;;;;;;;1;;;2
20230310;03;2023;7376381;1;1;01;;1;502.31908597;68;1;1;2;1;1;2;2;1;3;1;1;4;2;3;1;1;1;1;4;3;;;;;300000;;1;;;;;;;;;;4
20230310;03;2023;7376383;1;1;01;;1;241.6661548;68;1;1;4;1;1;2;2;1;3;1;1;4;3;2;1;1;1;1;4;5;;;;500000;;;1;;;;;;;;;;6
20230310;03;2023;7376384;1;1;01;;1;448.06720769;68;1;1;4;1;2;1;1;1;3;1;1;4;3;1;1;1;1;1;3;3;;;;;500000;;1;;;;;;;;;;4
20230310;03;2023;7376385;1;1;01;;1;304.99375747;68;2;1;4;1;2;1;1;1;3;1;1;2;1;1;1;1;1;1;3;3;;;;;300000;;1;;;;;;;;;;1
20230310;03;2023;7376386;1;1;01;;1;689.70802674;68;1;1;2;1;2;1;1;1;3;1;1;4;3;1;1;1;1;1;3;3;;;;;450000;;1;;;;;;;;;;3
20230310;03;2023;7376388;1;1;01;68;1;275.97218009;68;1;1;4;1;4;1;1;1;3;1;1;5;1;1;1;1;1;1;3;1;;;98;98;;;1;;;;;;;;;;2
20230310;03;2023;7376389;1;1;01;68;1;286.89844017;68;2;1;4;1;4;1;1;1;3;1;3;4;2;1;1;1;1;1;3;4;;;;1500000;;;1;;;;;;;;;;2
20230310;03;2023;7376389;2;2;01;68;1;286.89844017;68;2;1;4;1;4;1;1;1;3;1;3;1;1;1;1;1;1;6;;3;;;;;300000;;1;;;;;;;;;;1
20230310;03;2023;7376389;3;3;01;68;1;286.89844017;68;2;1;4;1;4;1;1;1;3;1;3;1;1;1;1;1;1;6;;3;;;;;250000;;;;;;;;;1;;;1
20230310;03;2023;7376390;1;1;01;68;1;283.81359853;68;1;1;4;1;4;1;1;1;3;1;1;6;3;1;1;1;1;1;3;1;;;98;98;;;1;;;;;;;;;;3
20230310;03;2023;7376391;1;1;01;68;1;400.88256089;68;2;1;4;1;3;1;1;1;3;1;1;4;3;1;1;1;1;3;3;1;;;160000000;1000000;;;1;;;;;1;;;;;2
20230310;03;2023;7376392;1;1;01;68;1;1732.4142539;68;2;1;4;1;4;1;1;1;3;1;1;4;1;1;1;1;1;1;3;4;;;;1200000;;;1;;;;;1;;;;;2
20230310;03;2023;7376394;1;1;01;68;1;342.25043948;68;1;1;2;1;1;1;1;1;3;1;1;4;3;1;1;1;1;1;3;5;;;;450000;;;;;;;;;;1;;;6
20230310;03;2023;7376395;1;1;01;68;1;348.02916392;68;2;1;4;1;1;1;1;1;3;1;1;3;2;1;1;1;1;1;3;3;;;;;200000;;1;;;;;;;;;;5
20230310;03;2023;7376396;1;1;01;68;1;212.30684819;68;1;1;2;1;1;1;1;1;3;1;1;4;3;1;1;1;1;1;3;3;;;;;300000;;;;;;;;;1;;;9
20230310;03;2023;7376397;1;1;01;68;1;211.77068742;68;1;2;1;1;1;1;1;1;3;1;1;5;4;1;1;1;1;1;3;5;;;;500000;;;;;;;;;;1;;;4
20230310;03;2023;7376398;1;1;01;68;1;367.72437086;68;2;1;4;1;3;1;1;1;3;1;1;4;3;1;1;1;1;1;3;1;;;99;750000;;;;;;;;;;1;;;6
20230310;03;2023;7376399;1;1;01;68;1;338.32016507;68;1;1;2;1;1;1;1;1;3;1;1;2;1;1;1;1;1;1;3;3;;;;;200000;;1;;;;;;;;;;2
20230310;03;2023;7376400;1;1;01;68;1;306.54764033;68;1;1;4;1;3;1;1;1;3;1;2;1;1;1;1;1;1;3;3;3;;;;;300000;;;;;;;;;1;;;1
20230310;03;2023;7376400;2;2;01;68;1;306.54764033;68;1;1;4;1;3;1;1;1;3;1;2;2;1;1;1;1;1;3;3;3;;;;;386000;;1;;;;;;;;;;1
20230310;03;2023;7376401;1;1;01;68;1;364.43869172;68;2;1;4;1;4;1;1;1;3;1;1;3;1;1;1;1;1;1;3;3;;;;;9500000;;;;;;;;;1;;;2
20230310;03;2023;7376402;1;1;01;68;1;320.82051866;68;2;1;4;1;6;1;1;1;6;1;1;5;3;1;1;1;1;1;3;3;;;;;2500000;;1;;;;;1;;;;;4
20230310;03;2023;7376405;1;1;01;68;1;358.48580816;68;2;1;4;1;4;1;1;1;3;1;2;4;2;1;1;1;1;1;3;3;;;;;800000;;1;;;;;;;;;;2
20230310;03;2023;7376405;2;2;01;68;1;358.48580816;68;2;1;4;1;4;1;1;1;3;1;2;2;1;1;2;1;1;1;3;3;;;;;400000;;;;;;;;;1;;;1
20230310;03;2023;7376406;1;1;01;68;1;400.88256089;68;2;1;4;1;4;1;1;1;3;1;1;4;1;1;1;1;1;1;3;3;;;;;700000;;1;;;;1;1;;;;;2
20230310;03;2023;7376407;1;1;01;68;1;285.81455557;68;1;1;4;1;4;1;1;1;3;1;1;4;3;1;1;1;1;1;3;4;;;;1800000;;;1;;;;;;;;;;3
20230310;03;2023;7376408;1;1;01;68;1;413.85085793;68;1;1;4;1;3;1;1;1;3;1;1;4;2;1;1;1;1;3;3;1;;;200000000;400000;;;1;;;;;;;;;;4
20230310;03;2023;7376409;1;1;01;68;1;309.58752946;68;2;1;4;1;4;1;1;1;3;1;1;2;1;1;1;1;1;1;3;4;;;;800000;;;1;;;;;;;;;;1
20230310;03;2023;7376410;1;1;01;68;1;339.32702415;68;2;1;4;1;4;1;1;1;3;1;1;2;1;1;1;1;1;1;3;3;;;;;660000;;1;;;;;;;;;;1
20230310;03;2023;7376411;1;1;01;68;1;292.31728033;68;2;1;4;1;4;1;1;1;3;1;1;2;1;1;1;1;1;1;3;3;;;;;99;;;;;;;;;1;;;1
20230310;03;2023;7376412;1;1;01;68;1;347.16844258;68;2;1;4;1;4;1;1;1;3;1;1;3;2;1;1;1;1;1;3;3;;;;;885000;;1;;;;;;;;;;2
20230310;03;2023;7376413;1;1;01;68;1;1776.0450648;68;2;1;4;1;3;1;1;1;3;1;1;4;1;1;1;1;1;1;3;3;;;;;630000;;1;;;;;;;;;;1
20230310;03;2023;7376414;1;1;01;68;1;300.48567324;68;2;1;4;1;3;1;1;1;3;1;1;4;2;1;1;1;1;1;3;3;;;;;500000;;;;;;;;;1;;;3
20230310;03;2023;7376428;1;1;01;70;1;151.20033865;70;1;1;2;1;1;1;1;1;3;1;1;3;2;1;1;1;1;1;3;4;;;;300000;;;1;;;;;;;;;;4
20230310;03;2023;7376429;1;1;01;70;1;177.94291876;70;1;1;4;1;1;1;1;1;3;1;1;3;2;1;1;1;1;1;3;3;;;;;300000;;;;;;;;;1;;;3
20230310;03;2023;7376430;1;1;01;70;1;132.80057639;70;1;1;4;1;1;1;1;1;3;1;1;2;1;1;1;1;1;1;3;4;;;;250000;;;;;;;;;;1;;;1
20230310;03;2023;7376431;1;1;01;70;1;152.88023096;70;1;1;1;1;1;1;1;1;3;1;1;2;1;1;1;1;1;1;3;4;;;;250000;;;1;;;;;;;;;;4
20230310;03;2023;7376432;1;1;01;70;1;124.80038953;70;1;1;4;1;1;1;1;1;3;1;1;3;2;1;1;1;1;1;3;4;;;;350000;;;1;;;;;;;;;;8
20230310;03;2023;7376434;1;1;01;70;1;176.4792783;70;1;1;2;1;1;1;1;1;3;1;1;3;1;1;1;1;1;1;3;3;;;;;300000;;1;;;;;;;;;;4
20230310;03;2023;7376435;1;1;01;70;1;127.74134869;70;1;1;2;1;1;1;1;1;3;1;1;3;2;1;1;1;1;3;3;4;;;;400000;;;1;;;;;;;;;;4
20230310;03;2023;7376436;1;1;01;70;1;119.1900429;70;1;1;2;1;1;1;1;1;3;1;1;4;3;1;1;1;1;1;3;1;;;30000000;250000;;;1;;;;;;;;;;5
20230310;03;2023;7376437;1;1;01;70;1;198.81740543;70;2;1;2;1;1;1;1;1;3;1;1;2;1;1;1;1;1;3;3;3;;;;;180000;;1;;;;;;;;;;3
20230310;03;2023;7376438;1;1;01;70;1;128.36698513;70;2;1;2;1;1;1;1;1;3;1;1;2;1;1;1;1;1;1;3;3;;;;;200000;;;;;;;;;1;;;2
20230310;03;2023;7376439;1;1;01;70;1;162.02298427;70;1;1;2;1;1;1;1;1;3;1;1;3;2;1;1;1;1;1;3;4;;;;350000;;;1;;;;;;;;;;2
20230310;03;2023;7376441;1;1;01;70;1;163.01615979;70;1;1;4;1;1;1;1;1;3;1;1;3;2;1;1;1;1;1;3;1;;;50000000;400000;;;1;;;;;;;;;;4
20230310;03;2023;7376442;1;1;01;70;1;151.61835622;70;1;1;4;1;1;1;1;1;3;1;1;3;2;1;1;1;1;1;3;1;;;120000000;500000;;;1;;;;1;1;;;;;6
20230310;03;2023;7376443;1;1;01;70;1;121.92745919;70;1;1;2;1;1;1;1;1;3;1;1;3;1;1;1;1;1;1;3;3;;;;;400000;;;;;;;;;1;;;2
20230310;03;2023;7376444;1;1;01;70;1;129.2265209;70;1;1;1;1;1;1;1;1;3;1;1;2;1;1;1;1;1;1;3;3;;;;;300000;;1;;;;;;;;;;3
20230310;03;2023;7376445;1;1;01;70;1;135.53176769;70;1;1;4;1;1;1;1;1;3;1;1;3;2;1;1;1;1;1;3;1;;;60000000;500000;;;1;;;;;;;;;;6
20230310;03;2023;7376446;1;1;01;70;1;145.38706122;70;1;1;4;1;1;1;1;1;3;1;1;3;2;1;1;1;1;1;3;3;;;;;380000;;1;;;;;;;;;;5
20230310;03;2023;7376448;1;1;01;70;1;137.30276481;70;2;1;4;1;1;1;1;1;3;1;1;3;2;1;1;1;1;3;3;3;;;;;280000;;;;;;;;;1;;;4
20230310;03;2023;7376450;1;1;01;70;1;190.17331131;70;1;1;4;1;1;1;1;1;3;1;1;4;1;1;1;1;1;1;3;1;;;80000000;500000;;;1;;;;;;;;;;2
20230310;03;2023;7376451;1;1;01;70;1;124.49004623;70;2;1;4;1;1;1;1;1;3;1;1;3;2;1;1;1;1;1;3;3;;;;;350000;;;;;;;;;1;;;4
20230310;03;2023;7376452;1;1;01;70;1;226.05502635;70;2;1;4;1;1;1;1;1;3;1;1;2;1;1;1;1;1;3;3;3;;;;;100000;;1;;;;;;;;;;2
20230310;03;2023;7376453;1;1;01;70;1;124.25901816;70;1;1;2;1;1;1;1;1;3;1;1;3;2;1;1;1;1;1;3;1;;;80000000;200000;;;1;;;;1;1;;;;;3
20230310;03;2023;7376454;1;1;01;70;1;87.890441299;70;1;1;2;1;1;1;1;1;3;1;1;3;2;1;1;1;1;1;3;3;;;;;350000;;1;;;;;;;;;;5
20230310;03;2023;7376455;1;1;01;70;1;109.71537191;70;1;1;2;1;1;1;1;1;3;1;1;3;1;1;1;1;1;1;3;3;;;;;350000;;1;;;;;;;;;;2
20230310;03;2023;7376456;1;1;01;70;1;276.00045922;70;2;1;2;1;2;1;1;1;3;1;1;3;2;1;1;1;1;1;3;3;;;;;340000;;1;;;;;;;;;;4
20230310;03;2023;7376457;1;1;01;70;1;244.50854311;70;2;1;4;1;2;1;1;1;3;1;1;3;1;1;1;1;1;1;3;1;;;120000000;600000;;;1;;;;;;;;;;2
20230310;03;2023;7376458;1;1;01;70;1;315.60024504;70;1;1;4;1;5;1;1;1;3;1;1;4;3;1;1;1;1;1;3;1;;;1500000000;6000000;;1;1;;;;;1;;;;;5
20230310;03;2023;7376459;1;1;01;70;1;215.53635992;70;1;1;4;1;5;1;1;1;3;1;1;4;3;1;1;1;1;1;3;4;;;;2000000;;;1;;;;;;;;;;3
20230310;03;2023;7376460;1;1;01;70;1;241.73549242;70;2;1;4;1;2;1;1;1;3;1;1;3;2;1;1;1;1;1;3;3;;;;;350000;;1;;;;;;;;;;2
20230310;03;2023;7376462;1;1;01;70;1;210.3904376;70;2;1;4;1;2;1;1;1;3;1;1;3;2;1;1;1;1;1;3;1;;;70000000;500000;;;1;;;;1;1;;;;;2
20230310;03;2023;7376466;1;1;01;70;1;150.46316311;70;1;1;2;1;1;1;1;1;3;1;1;3;2;1;1;1;1;1;3;1;;;50000000;380000;;;1;;;;;;;;;;4
20230310;03;2023;7376467;1;1;01;70;1;131.68007975;70;1;1;2;1;1;1;1;1;3;1;1;3;2;1;1;1;1;1;3;1;;;45000000;300000;;;;;;;;;;1;;;4
20230310;03;2023;7376468;1;1;01;70;1;136.01190823;70;2;1;4;1;1;1;1;1;3;1;1;3;2;1;1;1;1;3;3;3;;;;;400000;;;;;;;;;1;;;5
20230310;03;2023;7376469;1;1;01;70;1;144.05271654;70;1;1;2;1;1;1;1;1;3;1;1;3;2;1;1;1;1;1;3;4;;;;300000;;;1;;;;;;;;;;3
20230310;03;2023;7376470;1;1;01;70;1;132.26878539;70;1;1;2;1;1;1;1;1;3;1;1;3;2;1;1;1;1;1;3;4;;;;350000;;;;;;;;;;1;;;4
20230310;03;2023;7376471;1;1;01;70;1;129.36771802;70;1;1;2;1;1;1;1;1;3;1;1;2;1;1;1;1;1;3;3;3;;;;;200000;;1;;;;;;;;;;3
20230310;03;2023;7376472;1;1;01;70;1;111.10250807;70;2;1;4;1;1;1;1;1;3;1;1;3;2;1;1;1;1;1;3;3;;;;;400000;;1;;;;;;;;;;5
20230310;03;2023;7376473;1;1;01;70;1;103.64223766;70;2;1;4;1;1;1;1;1;3;1;1;3;2;1;1;1;1;1;3;1;;;90000000;350000;;;;;;;;;;1;;;3
20230310;03;2023;7376474;1;1;01;70;1;125.76849623;70;1;1;2;1;1;1;1;1;3;1;1;3;2;1;1;1;1;1;3;4;;;;350000;;;1;;;;;;;;;;4
20230310;03;2023;7376475;1;1;01;70;1;150.02128173;70;1;1;2;1;1;1;1;1;3;1;1;2;1;1;1;1;1;1;3;1;;;48000000;300000;;;1;;;;;;;;;;2
20230310;03;2023;7376476;1;1;01;70;1;103.52558608;70;2;1;2;1;1;1;1;1;3;1;1;2;2;1;1;1;1;3;4;1;;;60000000;300000;;;;;;;;;;1;;;7
20230310;03;2023;7376477;1;1;01;70;1;118.85831957;70;2;1;2;1;1;2;1;1;3;2;1;3;1;1;1;1;2;4;4;4;;;;200000;;;;;;;;;;1;;;2
20230310;03;2023;7376478;1;1;01;70;1;106.92314728;70;2;1;2;1;1;1;1;1;3;1;1;3;2;1;1;1;1;3;3;6;;;;400000;;;;;;;;;;1;;;6
20230310;03;2023;7376479;1;1;01;70;1;169.61209007;70;1;1;2;1;1;1;1;1;3;1;1;4;3;1;1;1;1;1;3;3;;;;;450000;;;;;;;;;1;;;3
20230310;03;2023;7376480;1;1;01;70;1;163.95494475;70;1;1;2;1;1;1;1;1;3;1;1;2;1;1;1;1;1;3;3;1;;;18000000;400000;;;1;;;;;;;;;;3
20230310;03;2023;7376481;1;1;01;70;1;124.45030314;70;1;1;2;1;1;1;1;1;3;1;1;4;3;1;1;1;1;4;3;1;;;25000000;250000;;;;;;;;;;1;;;7
20230310;03;2023;7376482;1;1;01;70;1;110.75973924;70;2;1;2;1;1;1;1;1;3;1;1;2;1;1;1;1;1;3;3;1;;;65000000;300000;;;;;;;;;;1;;;1
20230310;03;2023;7376483;1;1;01;70;1;141.93483188;70;1;1;2;1;1;1;1;1;3;1;1;3;2;1;1;1;1;1;3;3;;;;;250000;;;;;;;;;1;;;4
20230310;03;2023;7376484;1;1;01;70;1;99.899114835;70;1;1;4;1;1;1;1;1;3;1;1;3;1;1;1;1;1;1;3;1;;;100000000;450000;;;;;;;;;;1;;;2
20230310;03;2023;7376485;1;1;01;70;1;113.74643499;70;1;1;2;1;1;1;1;1;3;1;1;3;2;1;1;1;1;1;3;1;;;70000000;400000;;;1;;;;;;;;;;7
20230310;03;2023;7376486;1;1;01;70;1;170.30724168;70;2;1;2;1;1;1;1;1;3;1;1;2;1;1;1;1;1;1;3;4;;;;300000;;;;;;;;;;1;;;1
20230310;03;2023;7376487;1;1;01;70;1;152.1187637;70;1;1;2;1;1;1;1;1;3;1;1;3;2;1;1;1;1;1;3;1;;;70000000;450000;;;1;;;;;;;;;;3
20230310;03;2023;7376488;1;1;01;70;1;130.06651676;70;2;1;4;1;2;1;1;1;3;1;1;4;1;1;1;1;1;1;3;1;;;120000000;500000;;;;;;;;;;1;;;1
20230310;03;2023;7376489;1;1;01;70;1;128.36698513;70;2;1;4;1;2;1;1;1;3;1;1;3;1;1;1;1;1;1;3;3;;;;;550000;;;;;;;;;1;;;2
20230310;03;2023;7376490;1;1;01;70;1;134.19443824;70;1;1;2;1;1;1;1;1;3;1;1;3;2;1;1;1;1;1;3;1;;;40000000;400000;;;1;;;;;;;;;;6
20230310;03;2023;7376491;1;1;01;70;1;130.06651676;70;1;1;4;1;2;1;1;1;3;1;1;2;1;1;1;1;1;3;3;4;;;;700000;;;1;;;;;1;;;;;1
20230310;03;2023;7376492;1;1;01;70;1;100.71812518;70;1;1;4;1;2;1;1;1;3;1;1;4;3;1;1;1;1;1;3;1;;;150000000;600000;;;1;;;;;;;;;;4
20230310;03;2023;7376493;1;1;01;70;1;150.73066698;70;1;1;4;1;1;1;1;1;3;1;1;3;2;1;1;1;1;1;3;4;;;;350000;;;1;;;;;;;;;;3
20230310;03;2023;7376494;1;1;01;70;1;142.94821542;70;2;1;4;1;2;1;1;1;3;1;1;4;2;1;1;1;1;1;3;1;;;120000000;500000;;;1;;;;;;;;;;4
20230310;03;2023;7376495;1;1;01;70;1;118.33704241;70;1;1;4;1;2;1;1;1;3;1;1;3;2;1;1;1;1;1;3;1;;;160000000;500000;;;;;;;;;;1;;;2
20230310;03;2023;7376496;1;1;01;70;1;158.50569695;70;1;1;2;1;1;1;1;1;3;1;1;3;1;1;1;1;1;3;3;3;;;;;300000;;;;;;;;;1;;;2
20230310;03;2023;7376498;1;1;01;70;1;136.42407717;70;1;1;4;1;2;1;1;1;3;1;1;4;3;1;1;1;1;1;3;1;;;80000000;700000;;;1;;;;;;;;;;4
20230310;03;2023;7376499;1;1;01;70;1;121.07110204;70;2;1;4;1;2;1;1;1;3;1;1;3;1;1;1;1;1;1;3;4;;;;400000;;;1;;;;;;;;;;2
20230310;03;2023;7376500;1;1;01;70;1;190.39127631;70;1;1;2;1;1;1;1;1;3;1;1;3;2;1;1;1;1;1;3;3;;;;;250000;;;;;;;;;1;;;5
20230310;03;2023;7376501;1;1;01;70;1;168.62422469;70;2;1;4;1;2;1;1;1;3;1;1;2;1;1;1;1;1;1;3;3;;;;;360000;;1;;;;;;;;;;4
20230310;03;2023;7376502;1;1;01;70;1;104.53134794;70;1;1;4;1;2;1;1;1;3;1;1;3;2;1;1;1;1;1;3;1;;;170000000;600000;;;1;;;;1;1;;;;;4
20230310;03;2023;7376503;1;1;01;70;1;85.619866504;70;1;1;4;1;3;1;1;1;3;1;1;5;3;1;1;1;1;1;3;1;;;150000000;700000;;;1;;;;;;;;;;5
20230310;03;2023;7376504;1;1;01;70;1;165.67510961;70;1;1;1;1;1;1;1;1;3;1;1;4;3;1;1;1;1;1;3;4;;;;450000;;;1;;;;;;;;;;7
20230310;03;2023;7376505;1;1;01;70;1;144.51835195;70;1;1;4;1;3;1;1;1;3;1;1;4;1;1;1;1;1;1;3;1;;;140000000;900000;;;1;;;;;;;;;;1
20230310;03;2023;7376507;1;1;01;70;1;114.95272529;70;1;1;4;1;3;1;1;1;3;1;1;5;3;1;1;1;1;1;3;2;;1700000;280000000;1000000;;;1;;1;;;1;;;;;3
20230310;03;2023;7376509;1;1;01;70;1;131.48560267;70;1;1;4;1;3;1;1;1;3;1;1;5;1;1;1;1;1;1;3;1;;;200000000;700000;;;1;;;;;;;;;;2
20230310;03;2023;7376510;1;1;01;70;1;153.54149675;70;1;1;4;1;3;1;1;1;3;1;1;5;3;1;1;1;1;1;3;1;;;200000000;700000;;;1;;;;1;1;;;;;4
20230310;03;2023;7376511;1;1;01;70;1;160.21944719;70;2;1;4;1;3;1;1;1;3;1;1;4;3;1;1;1;1;1;3;1;;;150000000;700000;;;1;;;;1;;;;;;4
20230310;03;2023;7376512;1;1;01;70;1;100.77050044;70;1;1;4;1;3;1;1;1;3;1;1;4;2;1;1;1;1;1;3;1;;;150000000;700000;;;1;;;;;;;;;;3
20230310;03;2023;7376513;1;1;01;70;1;132.91168708;70;1;1;4;1;3;1;1;1;3;1;1;2;1;1;1;1;1;1;3;3;;;;;500000;;1;;;;;;;;;;1
20230310;03;2023;7376515;1;1;01;70;1;154.00713217;70;2;1;4;1;3;1;1;1;3;1;1;3;2;1;1;1;1;1;3;1;;;160000000;800000;;;1;;;;1;;;;;;2
20230310;03;2023;7376516;1;1;01;70;1;140.54673516;70;2;1;4;1;3;1;1;1;3;1;1;3;2;1;1;1;1;1;3;3;;;;;450000;;1;;;;1;;;;;;4
20230310;03;2023;7376517;1;1;01;70;1;101.87855963;70;2;1;4;1;3;1;1;1;3;1;1;3;1;1;1;1;1;1;4;3;;;;;500000;;1;;;;;;;;;;2
20230310;03;2023;7376518;1;1;01;70;1;70.466154133;70;1;1;4;1;3;1;1;1;3;1;1;4;3;1;1;1;1;1;3;1;;;95000000;600000;;;1;;;;;;;;;;4
20230310;03;2023;7376519;1;1;01;70;1;101.87855963;70;1;1;4;1;3;1;1;1;3;1;1;4;3;1;1;1;1;1;3;1;;;160000000;800000;;;1;;;;;;;;;;2
20230310;03;2023;7376520;1;1;01;70;1;96.185766897;70;1;1;4;1;3;1;1;1;3;1;1;4;3;1;1;1;1;1;3;4;;;;500000;;;1;;;;;;;;;;4
20230310;03;2023;7376521;1;1;01;70;1;115.54731414;70;1;1;4;1;3;1;1;1;3;1;1;3;2;1;1;1;1;1;3;3;;;;;500000;;1;;;;1;;;;;;3
20230310;03;2023;7376522;1;1;01;70;1;108.27307712;70;1;1;4;1;3;1;1;1;3;1;1;3;2;1;1;1;1;1;3;3;;;;;500000;;1;;;;;;;;;;4
20230310;03;2023;7376523;1;1;01;70;1;110.79543313;70;1;1;4;1;3;1;1;1;3;1;1;4;3;1;1;1;1;1;3;1;;;150000000;700000;;;;;;;;;;1;;;4
20230310;03;2023;7376524;1;1;01;70;1;115.54731414;70;2;1;4;1;3;1;1;1;3;1;1;4;3;1;1;1;1;1;3;4;;;;800000;;;1;;;;;;;;;;3
20230310;03;2023;7376525;1;1;01;70;1;121.33351663;70;1;1;4;1;3;1;1;1;3;1;1;4;3;1;1;1;1;3;3;3;;;;;650000;;1;;;;;;;;;;4
20230310;03;2023;7376526;1;1;01;70;1;89.903027543;70;1;1;4;1;3;1;1;1;3;1;1;4;3;1;1;1;1;1;3;4;;;;800000;;;1;;;;;;;;;;5
20230310;03;2023;7376527;1;1;01;70;1;95.95315724;70;1;1;4;1;3;1;1;1;3;1;1;3;1;1;1;1;1;1;3;4;;;;600000;;;1;;;;;;;;;;2
20230310;03;2023;7376528;1;1;01;70;1;224.77300838;70;1;1;4;1;5;1;1;1;3;1;1;3;1;1;1;1;1;1;3;1;;;600000000;2000000;;1;1;;;;;1;;;;;2
20230310;03;2023;7376532;1;1;01;73;1;244.55709121;73;2;1;4;1;2;1;1;1;3;1;1;3;2;1;1;1;1;1;3;3;;;;;700000;;1;;;;;;;;;;4
20230310;03;2023;7376535;1;1;01;73;1;326.80485445;73;2;1;4;1;3;1;1;1;3;1;1;6;2;1;1;1;1;1;3;3;;;;;650000;;1;;;;;;;;;;1
20230310;03;2023;7376536;1;1;01;73;1;203.49867151;73;2;1;4;1;2;1;1;1;3;1;1;4;2;1;1;1;1;1;3;3;;;;;750000;;1;;;;;;;;;;3
20230310;03;2023;7376537;1;1;01;73;1;445.24014033;73;1;1;4;1;2;1;1;1;3;1;1;4;3;1;1;1;1;1;3;1;;;200000000;600000;;;1;;;;;;;;;;7
20230310;03;2023;7376538;1;1;01;73;1;610.9137849;73;4;1;2;1;2;1;1;1;3;1;1;1;1;1;1;1;1;6;;3;;;;;150000;;;;;;;;;1;;;1
20230310;03;2023;7376540;1;1;01;73;1;568.82573086;73;2;1;2;1;2;1;1;1;3;1;1;4;1;1;1;1;1;1;3;4;;;;350000;;;;;;;;;;1;;;2
20230310;03;2023;7376541;1;1;01;73;1;436.98237653;73;1;1;4;1;1;1;1;1;3;1;1;4;3;1;1;1;1;1;3;3;;;;;350000;;1;;;;;;;;;;3
20230310;03;2023;7376542;1;1;01;73;1;553.54612774;73;1;1;2;1;2;1;1;1;3;1;1;3;2;1;1;1;1;1;3;4;;;;350000;;;1;;;;;;;;;;3
20230310;03;2023;7376543;1;1;01;73;1;685.31719719;73;1;1;2;1;2;1;1;1;3;1;1;3;2;1;1;1;1;1;3;3;;;;;350000;;;;;;1;;;;;;4
20230310;03;2023;7376545;1;1;01;73;1;321.79820768;73;2;1;2;1;1;1;1;1;3;1;1;1;1;1;1;1;1;2;3;3;;;;;250000;;;;;;;;;1;;;1
20230310;03;2023;7376546;1;1;01;73;1;346.12971057;73;2;1;4;1;3;1;1;1;3;1;1;3;2;1;1;1;1;1;3;1;;;500000000;1500000;;;1;;;;;;;;;;5
20230310;03;2023;7376547;1;1;01;73;1;168.9685994;73;2;1;4;1;2;1;1;1;3;1;1;3;2;1;1;1;1;1;3;3;;;;;500000;;1;;;;;;;;;;4
20230310;03;2023;7376548;1;1;01;73;1;310.82503265;73;1;1;4;1;2;1;1;1;3;1;1;2;1;1;1;1;1;1;3;6;;;;300000;;;1;;;;;;;;;;3
20230310;03;2023;7376549;1;1;01;73;1;202.24508768;73;2;1;4;1;2;1;1;1;3;1;1;3;2;1;1;1;1;1;3;3;;;;;400000;;1;;;;;;;;;;3
20230310;03;2023;7376550;1;1;01;73;1;221.5148013;73;2;1;4;1;2;1;1;1;3;1;1;3;2;1;1;1;1;1;3;3;;;;;500000;;;;;;;;;1;;;3
20230310;03;2023;7376551;1;1;01;73;1;283.86843383;73;2;1;4;1;2;1;1;1;3;1;1;3;2;1;1;1;1;1;3;3;;;;;400000;;1;;;;;;;;;;4
20230310;03;2023;7376553;1;1;01;73;1;193.63639885;73;2;1;4;1;2;1;1;1;3;1;1;4;3;1;1;1;1;1;3;1;;;220000000;700000;;;;;;;;;;1;;;4
20230310;03;2023;7376555;1;1;01;73;1;251.06148431;73;1;1;4;1;3;1;1;1;3;1;1;4;3;1;1;1;1;1;3;4;;;;99;;;1;;;;;;;;;;5
20230310;03;2023;7376556;1;1;01;73;1;334.35484912;73;1;1;4;1;3;1;1;1;3;1;1;3;2;1;1;1;1;1;3;6;;;;98;;;1;;;;;;;;;;4
20230310;03;2023;7376557;1;1;01;73;1;367.22475628;73;1;1;4;1;3;1;1;1;3;1;1;4;2;1;1;1;1;1;3;1;;;98;500000;;;1;;;;;;;;;;2
20230310;03;2023;7376558;1;1;01;73;1;267.96426357;73;2;1;4;1;3;1;1;1;3;1;1;6;2;1;1;1;1;1;3;6;;;;99;;;1;;;;;;;;;;4
20230310;03;2023;7376559;1;1;01;73;1;315.41194513;73;2;1;4;1;2;1;1;1;3;1;1;4;2;1;1;1;1;1;3;3;;;;;450000;;1;;;;;;;;;;4
20230310;03;2023;7376560;1;1;01;73;1;139.10928623;73;1;1;4;1;3;1;1;1;3;1;1;5;4;1;1;1;1;1;3;2;;1600000;250000000;1000000;;;1;;1;;1;1;;;;;5
20230310;03;2023;7376561;1;1;01;73;1;133.32011615;73;1;1;4;1;3;1;1;1;3;1;1;4;3;1;1;1;1;1;3;1;;;250000000;800000;;;1;;;;;1;;;;;5
20230310;03;2023;7376562;1;1;01;73;1;169.29210524;73;1;1;4;1;3;1;1;1;3;1;1;4;2;1;1;1;1;1;3;3;;;;;800000;;1;;;;;;;;;;3
20230310;03;2023;7376563;1;1;01;73;1;148.5766346;73;1;1;4;1;3;1;1;1;3;1;1;4;2;1;1;1;1;1;3;3;;;;;750000;;1;;;;1;;;;;;3
20230310;03;2023;7376564;1;1;01;73;1;195.98857282;73;1;1;4;1;3;1;1;1;3;1;1;5;4;1;1;1;1;1;3;3;;;;;700000;;1;;;;;1;;;;;5
20230310;03;2023;7376565;1;1;01;73;1;174.86960217;73;1;1;4;1;3;1;1;1;3;1;1;4;3;1;1;1;1;1;3;4;;;;700000;;;;;;;;;;1;;;3
20230310;03;2023;7376566;1;1;01;73;1;162.4964769;73;1;1;4;1;3;1;1;1;3;1;1;3;1;1;1;1;1;1;3;1;;;250000000;1200000;;;1;;;;;;;;;;2
20230310;03;2023;7376567;1;1;01;73;1;147.4226924;73;1;1;4;1;3;1;1;1;3;1;1;4;2;1;1;1;1;1;3;3;;;;;950000;1;;;;;;;;;;;3
20230310;03;2023;7376568;1;1;01;73;1;158.62678333;73;1;1;4;1;3;1;1;1;3;1;1;4;1;1;1;1;1;1;3;3;;;;;500000;;1;;;;;;;;;;2
20230310;03;2023;7376569;1;1;01;73;1;168.28564698;73;1;1;4;1;3;1;1;1;3;1;1;3;1;1;1;1;1;1;3;3;;;;;550000;;1;;;;;;;;;;2
20230310;03;2023;7376570;1;1;01;73;1;169.43958919;73;1;1;4;1;3;1;1;1;3;1;1;4;1;1;1;1;1;1;3;4;;;;750000;;;1;;;;1;1;;;;;2
20230310;03;2023;7376571;1;1;01;73;1;121.50085204;73;1;1;4;1;3;1;1;1;3;1;1;4;3;1;1;1;1;1;3;3;;;;;700000;;1;;;;;;;;;;4
20230310;03;2023;7376572;1;1;01;73;1;202.55820596;73;1;1;2;1;1;1;1;1;3;1;1;3;2;1;1;1;1;1;3;4;;;;300000;;;;;;;;;;1;;;4
20230310;03;2023;7376573;1;1;01;73;1;230.99128042;73;1;1;2;1;2;1;1;1;3;1;1;3;2;1;1;1;1;1;3;3;;;;;450000;;1;;;;;;;;;;3
20230310;03;2023;7376574;1;1;01;73;1;255.9298202;73;2;1;4;1;1;1;1;1;3;1;1;5;2;1;1;1;1;1;3;6;;;;350000;;;1;;;;;;;;;;1
20230310;03;2023;7376575;1;1;01;73;1;183.37276822;73;1;2;2;1;1;1;1;1;3;1;1;2;1;1;1;1;1;1;3;5;;;;98;;;1;;;;;;;;;;5
20230310;03;2023;7376576;1;1;01;73;1;295.56691326;73;2;1;4;1;1;1;1;1;3;1;1;2;2;1;1;1;1;1;3;6;;;;98;;;1;;;;;;;;;;2
20230310;03;2023;7376577;1;1;01;73;1;244.26974533;73;2;1;4;1;2;1;1;1;3;1;1;3;2;1;1;1;1;1;3;3;;;;;350000;;1;;;;;;;;;;5
20230310;03;2023;7376578;1;1;01;73;1;261.49308595;73;2;1;4;1;1;1;1;1;3;1;1;3;2;1;1;1;1;1;3;6;;;;98;;;1;;;;;;;;;;4
20230310;03;2023;7376579;1;1;01;73;1;259.8479138;73;2;1;4;1;1;1;1;1;3;1;1;5;1;1;1;1;1;1;3;3;;;;;99;;1;;;;;;;;;;3
20230310;03;2023;7376580;1;1;01;73;1;248.53154601;73;2;1;4;1;1;1;1;1;3;1;1;5;2;1;1;1;1;1;3;3;;;;;99;;1;;;;;;;;;;1
20230310;03;2023;7376583;1;1;01;73;1;222.08914198;73;1;1;4;1;2;1;1;1;3;1;1;4;2;1;1;1;1;1;3;4;;;;400000;;;1;;;;;;;;;;3
20230310;03;2023;7376584;1;1;01;73;1;235.28453144;73;1;1;2;1;2;1;1;1;3;1;1;4;3;1;1;1;1;1;3;1;;;150000000;600000;;;1;;;;;;;;;;6
20230310;03;2023;7376585;1;1;01;73;1;216.07381162;73;2;1;4;1;1;1;1;1;3;1;1;5;2;1;1;1;1;1;3;3;;;;;400000;;1;;;;;;;;;;3
20230310;03;2023;7376587;1;1;01;73;1;269.20201546;73;1;1;4;1;2;1;1;1;3;1;1;5;2;1;1;1;1;1;3;1;;;98;600000;;;1;;;;1;1;;;;;3
20230310;03;2023;7376588;1;1;01;73;1;315.0142551;73;2;1;4;1;2;1;1;1;3;1;1;3;2;1;1;1;1;1;3;2;;400000;98;450000;;;;;1;;;;;;;;4
20230310;03;2023;7376589;1;1;01;73;1;238.40466656;73;2;1;4;1;2;1;1;1;3;1;1;3;2;1;1;1;1;1;3;1;;;200000000;600000;;;1;;;;1;;;;;;2
20230310;03;2023;7376590;1;1;01;73;1;241.34865576;73;1;1;4;1;2;1;1;1;3;1;1;3;1;1;1;1;1;1;3;6;;;;500000;;;1;;;;;;;;;;1
20230310;03;2023;7376591;1;1;01;73;1;208.84881423;73;2;1;4;1;1;1;1;1;3;1;1;6;2;1;1;1;1;1;3;3;;;;;99;;1;;;;;;;;;;3
20230310;03;2023;7376592;1;1;01;73;1;198.76662717;73;2;1;4;1;2;1;1;1;3;1;1;3;2;1;1;1;1;1;3;3;;;;;380000;;1;;;;;;;;;;2
20230310;03;2023;7376593;1;1;01;73;1;218.30943876;73;2;1;4;1;2;1;1;1;3;1;1;4;2;1;1;1;1;1;3;4;;;;99;;;;;;;;;;1;;;2
20230310;03;2023;7376594;1;1;01;73;1;221.80584417;73;2;1;4;1;1;1;1;1;3;1;1;4;1;1;1;1;1;1;3;1;;;100000000;400000;;;1;;;;;;;;;;1
20230310;03;2023;7376595;1;1;01;73;1;264.67022189;73;1;1;4;1;2;1;1;1;3;1;1;5;4;1;1;1;1;1;3;1;;;125000000;500000;;;1;;;;1;;;;;;5
20230310;03;2023;7376596;1;1;01;73;1;307.46520359;73;2;1;4;1;2;1;1;1;3;1;1;6;2;1;1;1;1;1;3;3;;;;;98;;1;;;;;;;;;;3
20230310;03;2023;7376597;1;1;01;73;1;274.11406867;73;1;1;4;1;2;1;1;1;3;1;1;3;2;1;1;1;1;1;3;3;;;;;500000;;1;;;;;;;;;;3
20230310;03;2023;7376598;1;1;01;73;1;274.11406867;73;1;1;4;1;2;1;1;1;3;1;1;3;2;1;1;1;1;1;3;2;;850000;120000000;500000;;;1;;1;;;1;;;;;3
20230310;03;2023;7376599;1;1;01;73;1;307.46520359;73;2;1;4;1;1;1;1;1;3;1;1;5;2;1;1;1;1;1;3;3;;;;;99;;1;;;;;;;;;;3
20230310;03;2023;7376600;1;1;01;73;1;261.44388356;73;2;1;4;1;1;1;1;1;3;1;1;5;1;1;1;1;1;1;3;3;;;;;99;;1;;;;;;;;;;1
20230310;03;2023;7376601;1;1;01;73;1;217.00020101;73;2;1;4;1;1;1;1;1;3;1;1;3;2;1;1;1;1;1;3;3;;;;;350000;;1;;;;;;;;;;3
20230310;03;2023;7376602;1;1;01;73;1;232.72906091;73;3;1;2;1;2;2;1;1;3;1;1;1;1;1;2;1;1;6;;3;;;;;200000;;;;;;;;;1;;;1
20230310;03;2023;7376603;1;1;01;73;1;232.72906091;73;3;1;4;1;3;1;1;1;3;1;1;1;1;1;2;1;1;6;;3;;;;;210000;;;;;;;;;1;;;1
20230310;03;2023;7376604;1;1;01;73;1;258.26190834;73;2;1;4;1;3;1;1;1;3;1;1;3;3;1;1;1;1;1;3;3;;;;;98;;1;;;;;;;;;;3
20230310;03;2023;7376605;1;1;01;73;1;232.72906091;73;3;1;4;1;2;2;1;1;3;1;1;2;1;1;1;1;1;1;4;3;;;;;99;;1;;;;;;;;;;1
20230310;03;2023;7376606;1;1;01;73;1;232.72906091;73;3;1;2;1;2;2;1;1;3;1;1;1;1;1;2;1;1;6;;3;;;;;150000;;1;;;;;;;;;;1
20230310;03;2023;7376607;1;1;01;73;1;232.72906091;73;3;1;4;1;3;1;1;1;3;1;1;1;1;1;2;1;1;6;;3;;;;;180000;;;;;;;;;1;;;1
20230310;03;2023;7376609;1;1;01;73;1;231.26510805;73;2;1;4;1;3;1;1;1;3;1;1;3;2;1;1;1;1;1;3;3;;;;;600000;;1;;;;;;;;;;3
20230310;03;2023;7376610;1;1;01;73;1;188.6583275;73;2;1;4;1;2;1;1;1;3;1;1;5;2;1;1;1;1;1;3;3;;;;;99;;1;;;;;;;;;;4
20230310;03;2023;7376611;1;1;01;73;1;232.72906091;73;3;1;4;1;2;1;1;1;3;1;1;3;1;1;1;1;1;1;3;3;;;;;99;;1;;;;;;;;;;1
20230310;03;2023;7376612;1;1;01;73;1;354.92276985;73;1;1;4;1;2;1;1;1;3;1;1;4;2;1;1;1;1;1;3;1;;;150000000;400000;;;;;;;;;;1;;;2
20230310;03;2023;7376613;1;1;01;73;1;319.41592649;73;1;1;4;1;2;1;1;1;3;1;1;4;3;1;1;1;1;1;3;1;;;90000000;500000;;;1;;;;;;;;;;4
20230310;03;2023;7376614;1;1;01;73;1;327.46415814;73;1;1;4;1;2;1;1;1;3;1;1;4;2;1;1;1;1;1;3;1;;;200000000;500000;;;1;;;;;;;;;;2
20230310;03;2023;7376615;1;1;01;73;1;313.27322134;73;2;1;4;1;2;1;1;1;3;1;1;3;2;1;1;1;1;1;3;3;;;;;500000;;1;;;;;;;;;;3
20230310;03;2023;7376616;1;1;01;73;1;371.59790461;73;2;1;4;1;2;1;1;1;3;1;1;3;2;1;1;1;1;1;3;3;;;;;450000;;;;;;;;;1;;;3
20230310;03;2023;7376617;1;1;01;73;1;357.60699983;73;1;1;4;1;2;1;1;1;3;1;1;3;2;1;1;1;1;1;3;4;;;;500000;;;;;;;1;;;;;;2
20230310;03;2023;7376618;1;1;01;73;1;367.22475628;73;1;1;4;1;2;1;1;1;3;1;1;3;1;1;1;1;1;1;3;3;;;;;450000;;1;;;;;;;;;;2
20230310;03;2023;7376619;1;1;01;73;1;359.74572363;73;2;1;4;1;2;1;1;1;3;1;1;3;2;1;1;1;1;1;3;4;;;;400000;;;1;;;;1;;;;;;3
20230310;03;2023;7376620;1;1;01;73;1;263.87195783;73;2;1;4;1;3;1;1;1;3;1;1;4;3;1;1;1;1;1;3;2;;1140000;180000000;800000;;;1;;1;;;1;;;;;3
20230310;03;2023;7376621;1;1;01;73;1;298.30517384;73;2;1;4;1;3;1;1;1;3;1;1;4;3;1;1;1;1;1;3;3;;;;;800000;;1;;;;;1;;;;;5
20230310;03;2023;7376622;1;1;01;73;1;368.39819956;73;2;1;4;1;3;1;1;1;3;1;1;4;1;1;1;1;1;1;3;1;;;195000000;800000;;;1;;;;;1;;;;;1
20230310;03;2023;7376623;1;1;01;73;1;337.9429525;73;2;1;4;1;3;1;1;1;3;1;1;4;2;1;1;1;1;1;3;1;;;200000000;800000;;;1;;;;;;;;;;3
20230310;03;2023;7376624;1;1;01;73;1;305.51884066;73;2;1;4;1;3;1;1;1;3;1;1;4;2;1;1;1;1;1;3;3;;;;;800000;;1;;;;;;;;;;2
20230310;03;2023;7376625;1;1;01;73;1;307.61784552;73;2;1;4;1;3;1;1;1;3;1;1;4;1;1;1;1;1;1;3;3;;;;;780000;;1;;;;;;;;;;2
20230310;03;2023;7376626;1;1;01;73;1;238.43336454;73;2;1;4;1;3;1;1;1;3;1;1;4;3;1;1;1;1;1;3;3;;;;;500000;;1;;;;;;;;;;3
20230310;03;2023;7376627;1;1;01;73;1;261.86285366;73;2;1;4;1;3;1;1;1;3;1;1;4;2;1;1;1;1;1;3;1;;;210000000;800000;;;;;;;;;;1;;;2
20230310;03;2023;7376628;1;1;01;73;1;312.50435921;73;2;1;4;1;3;1;1;1;3;1;1;4;2;1;1;1;1;1;3;2;;600000;180000000;850000;;;;;1;;;;;;;;3
20230310;03;2023;7376629;1;1;01;;1;786.29964019;76;1;1;2;1;1;1;2;1;3;2;1;4;3;3;1;1;2;1;3;5;;;;350000;;;;;;;;;;1;;;4
20230310;03;2023;7376630;1;1;01;;1;327.96119219;76;1;1;2;1;0;2;2;1;3;2;1;1;1;2;1;1;5;3;4;1;;;98;100000;;;;;;;;;;1;;;3
20230310;03;2023;7376631;1;1;01;;1;196.57491005;76;1;5;2;1;0;2;2;1;3;2;1;2;1;3;1;1;2;1;4;4;;;;150000;;;;;;;;;;1;;;1
20230310;03;2023;7376632;1;1;01;;1;196.57491005;76;1;1;2;1;0;2;2;1;3;2;1;2;1;3;1;1;5;1;5;4;;;;100000;;;;;;;;;;1;;;2
20230310;03;2023;7376633;1;1;01;;1;196.57491005;76;1;1;2;1;0;2;2;1;3;2;1;2;1;6;;1;5;1;1;5;;;;150000;;;;;;;;;;1;;;2
20230310;03;2023;7376636;1;1;01;;1;367.89540457;76;2;1;2;1;2;2;1;1;3;1;1;2;1;1;1;1;5;4;1;3;;;;;120000;;;;;;;;;1;;;1
20230310;03;2023;7376637;1;1;01;;1;367.89540457;76;2;1;4;1;2;1;1;1;3;1;1;3;2;1;1;1;1;1;3;4;;;;350000;;;1;;;;;;;;;;3
20230310;03;2023;7376638;1;1;01;;1;391.57338488;76;2;1;2;1;2;2;1;1;3;1;1;1;1;1;1;1;1;1;4;3;;;;;250000;;;;;;;;;1;;;4
20230310;03;2023;7376643;1;1;01;;1;367.89540457;76;2;1;4;1;1;1;1;1;3;1;1;3;1;1;1;1;1;1;3;4;;;;450000;;;1;;;;;;;;;;2
20230310;03;2023;7376644;1;1;01;;1;587.88908635;76;1;1;2;1;1;1;1;1;3;1;1;4;2;1;1;1;1;3;3;1;;;98;300000;;;;;;;;;;1;;;4
20230310;03;2023;7376645;1;1;01;;1;160.53617654;76;1;1;4;1;1;1;1;1;3;1;1;3;2;1;1;1;1;1;3;4;;;;400000;;;1;;;;;;;;;;3
20230310;03;2023;7376646;1;1;01;;1;160.53617654;76;2;1;4;1;1;1;1;1;3;1;1;3;2;1;1;1;1;1;3;3;;;;;200000;;;;;;;;;1;;;4
20230310;03;2023;7376647;1;1;01;;1;291.92808697;76;1;1;2;1;1;1;1;1;3;1;1;4;3;1;1;1;1;1;3;1;;;98;300000;;;1;;;;;;;;;;5
20230310;03;2023;7376651;1;1;01;;1;160.53617654;76;1;1;4;1;1;1;1;1;3;1;1;3;1;1;1;1;1;1;3;3;;;;;170000;;;;;;;;;1;;;1
20230310;03;2023;7376653;1;1;01;;1;453.38869598;76;1;1;2;1;1;1;1;1;3;1;1;5;3;1;1;1;1;1;3;4;;;;200000;;;;;;;;;;1;;;6
20230310;03;2023;7376654;1;1;01;;1;160.53617654;76;1;1;2;1;1;2;1;1;3;1;1;4;3;1;1;1;1;1;4;3;;;;;150000;;;;;;;;;1;;;3
20230310;03;2023;7376655;1;1;01;;1;160.53617654;76;1;1;4;1;1;1;1;1;3;1;1;3;2;1;1;1;1;1;3;1;;;98;300000;;;;;;;;;;1;;;3
20230310;03;2023;7376656;1;1;01;;1;974.79601542;76;2;1;4;1;2;1;1;1;3;1;1;4;2;1;1;1;1;1;3;1;;;50000000;350000;;;1;;;;;;;;;;3
20230310;03;2023;7376657;1;1;01;;1;315.3389182;76;2;1;2;1;2;1;1;1;3;1;1;3;1;1;1;1;1;1;3;3;;;;;320000;;;;;;;;;1;;;2
20230310;03;2023;7376663;1;1;01;;1;406.47982122;76;2;1;4;1;2;1;1;1;3;1;1;5;3;1;1;1;1;1;3;4;;;;500000;;;1;;;1;;;;;;;3
20230310;03;2023;7376664;1;1;01;;1;196.57491005;76;1;1;2;1;1;2;2;1;3;2;1;4;2;3;1;1;2;1;4;3;;;;;250000;;;;;;;1;;;;;3
20230310;03;2023;7376665;1;1;01;;1;196.57491005;76;1;1;2;1;1;1;2;1;3;2;1;2;1;3;1;1;2;1;3;3;;;;;200000;;;;;;;;;1;;;2
20230310;03;2023;7376666;1;1;01;;1;196.57491005;76;1;5;2;1;1;2;2;1;3;2;1;3;1;3;1;1;2;1;4;3;;;;;150000;;;;;;;;;1;;;2
20230310;03;2023;7376667;1;1;01;;1;367.89540457;76;2;1;4;1;2;2;1;1;3;1;1;2;1;1;1;1;1;1;4;3;;;;;250000;;1;;;;1;1;;;;;1
20230310;03;2023;7376668;1;1;01;;1;548.63523208;76;2;1;4;1;2;1;1;1;3;1;1;3;2;1;1;1;1;1;3;4;;;;400000;;;;;;;;;;1;;;3
20230310;03;2023;7376669;1;1;01;76;1;1122.3433395;76;2;1;4;1;3;1;1;1;3;1;1;4;1;1;1;1;1;6;;3;;;;;500000;;;;;;;;;1;;;1
20230310;03;2023;7376670;1;1;01;76;1;761.45009672;76;2;1;4;1;2;1;1;1;3;1;1;3;2;1;1;1;1;1;3;3;;;;;300000;;;;;;;;;1;;;3
20230310;03;2023;7376671;1;1;01;76;1;899.68395028;76;1;1;4;1;4;1;1;1;3;1;1;5;4;1;1;1;1;1;3;1;;;280000000;1600000;;1;1;;;;;1;;;;;5
20230310;03;2023;7376672;1;1;01;76;1;1213.3225692;76;2;1;4;1;3;1;1;1;3;1;1;3;2;1;1;1;1;1;3;3;;;;;540000;;1;;;;;;;;;;4
20230310;03;2023;7376673;1;1;01;76;1;900.91741939;76;2;1;4;1;5;1;1;1;3;1;1;5;1;1;1;1;1;1;3;3;;;;;1400000;1;1;;;;;1;;;;;2
20230310;03;2023;7376674;1;1;01;76;1;888.33538177;76;3;1;4;1;1;2;1;1;3;1;1;1;1;1;2;1;1;6;;3;;;;;200000;;;;;;;;;1;;;1
20230310;03;2023;7376675;1;1;01;76;1;635.05923454;76;1;1;4;1;4;1;1;1;3;1;1;5;1;1;1;1;1;1;3;1;;;500000000;3000000;;;1;;;;1;1;;;;;1
20230310;03;2023;7376676;1;1;01;76;1;889.1315974;76;2;1;4;1;4;1;1;1;3;1;1;3;1;1;1;1;1;1;3;3;;;;;900000;;1;;;;;;;;;;2
20230310;03;2023;7376677;1;1;01;76;1;696.77097984;76;2;1;2;1;1;2;1;1;3;1;1;2;1;1;1;1;1;1;1;3;;;;;400000;;;;;;;;;1;;;2
20230310;03;2023;7376679;1;1;01;76;1;831.36543664;76;2;1;4;1;1;2;1;1;3;1;1;2;1;1;1;1;1;6;;3;;;;;230000;;1;;;1;;;;;;;1
20230310;03;2023;7376680;1;1;01;76;1;1715.9331074;76;2;1;4;1;5;1;1;1;3;1;1;5;3;1;1;1;1;1;3;3;;;;;1600000;;1;;;;;1;;;;;4
20230310;03;2023;7376682;1;1;01;76;1;789.36721537;76;1;1;4;1;3;1;1;1;3;1;1;5;2;1;1;1;1;1;3;1;;;200000000;800000;;;;;;;;;;1;;;3
20230310;03;2023;7376683;1;1;01;76;1;964.90834738;76;2;1;4;1;3;1;1;1;3;1;1;4;3;1;1;1;1;1;3;1;;;240000000;1500000;;;1;;;;;;;;;;3
20230310;03;2023;7376684;1;1;01;76;1;790.33919768;76;1;1;4;1;2;1;1;1;3;1;1;4;2;1;1;1;1;1;3;1;;;98;450000;;;1;;;;;;;;;;2
20230310;03;2023;7376685;1;1;01;76;1;698.85331224;76;2;1;4;1;4;1;1;1;3;1;1;4;2;1;1;1;1;1;3;3;;;;;900000;;;;;;;;;1;;;2
20230310;03;2023;7376686;1;1;01;76;1;1143.3921353;76;2;1;4;1;2;1;1;1;3;1;1;2;1;1;1;1;1;1;4;3;;;;;470000;;;;;;;;;1;;;3
20230310;03;2023;7376687;1;1;01;76;1;1250.7504732;76;1;1;4;1;3;1;1;1;3;1;1;4;2;1;1;1;1;1;3;1;;;300000000;1200000;;;1;;;;;1;;;;;3
20230310;03;2023;7376692;1;1;01;76;1;810.82567746;76;2;1;4;1;2;1;1;1;3;1;1;3;1;1;1;1;1;1;3;4;;;;350000;;;1;;;;1;;;;;;2
20230310;03;2023;7376693;1;1;01;76;1;617.93123594;76;2;1;4;1;2;1;1;1;3;1;1;3;2;1;1;1;1;1;3;4;;;;350000;;;1;;;;;;;;;;3
20230310;03;2023;7376694;1;1;01;76;1;810.82567746;76;2;1;2;1;2;2;1;1;3;1;1;2;1;1;1;1;1;3;4;3;;;;;230000;;;;;;;;;1;;;2
20230310;03;2023;7376695;1;1;01;76;1;816.158132;76;1;1;4;1;1;1;1;1;3;1;1;4;1;1;1;1;1;1;3;3;;;;;150000;;;;;;;;;1;;;1
20230310;03;2023;7376697;1;1;01;76;1;1476.1570025;76;1;1;4;1;3;1;1;1;3;1;1;4;3;1;1;1;1;1;3;3;;;;;600000;;1;;;;;;;;;;4
20230310;03;2023;7376699;1;1;01;76;1;572.68776096;76;2;1;4;1;2;2;1;1;3;1;1;2;1;1;1;1;1;2;4;3;;;;;480000;;1;;;;;;;;;;1
20230310;03;2023;7376700;1;1;01;76;1;1122.3433395;76;2;1;4;1;3;1;1;1;3;1;1;3;1;1;1;1;1;1;3;3;;;;;600000;;1;;;;;;;;;;1
20230310;03;2023;7376702;1;1;01;76;1;1216.2385162;76;2;1;4;1;3;1;1;1;3;1;1;3;1;1;1;1;1;1;3;3;;;;;560000;;1;;;;;;;;;;2
20230310;03;2023;7376703;1;1;01;76;1;1122.3433395;76;2;1;4;1;3;1;1;1;3;1;1;2;1;1;1;1;1;1;3;3;;;;;500000;;;;;;;;;1;;;1
20230310;03;2023;7376704;1;1;01;76;1;116.83862606;76;2;1;2;1;1;1;1;1;3;1;1;4;2;1;1;1;1;3;3;3;;;;;450000;;1;;;;;;;;;;4
20230310;03;2023;7376705;1;1;01;76;1;133.62642079;76;2;1;2;1;1;1;1;1;3;1;1;3;2;1;1;1;1;3;3;3;;;;;380000;;1;;;;;;;;;;4
20230310;03;2023;7376706;1;1;01;76;1;119.18962284;76;1;1;2;1;1;1;1;1;3;1;1;4;2;1;1;1;1;3;3;1;;;50000000;300000;;;1;;;;;;;;;;4
20230310;03;2023;7376708;1;1;01;76;1;122.24980802;76;2;1;2;1;1;1;1;1;3;1;2;3;2;1;1;1;1;3;3;1;;;70000000;400000;;;1;;;;;;;;;;3
20230310;03;2023;7376708;2;2;01;76;1;122.24980802;76;2;1;2;1;1;1;1;1;3;1;2;2;1;1;2;1;1;3;4;4;;;;350000;;;1;;;;;;;;;;4
20230310;03;2023;7376709;1;1;01;76;1;87.576714581;76;2;1;4;1;1;1;1;1;3;1;1;3;1;1;1;1;1;3;3;3;;;;;300000;;1;;;;;;;;;;2
20230310;03;2023;7376711;1;1;01;76;1;116.83862606;76;1;1;4;1;1;1;1;1;3;1;1;3;2;1;1;1;1;3;3;3;;;;;380000;;1;;;;;;;;;;4
20230310;03;2023;7376712;1;1;01;76;1;102.0180982;76;2;1;2;1;1;2;1;1;3;1;1;1;1;1;2;1;1;1;4;3;;;;;140000;;1;;;;;;;;;;2
20230310;03;2023;7376713;1;1;01;76;1;985.90125257;76;1;1;2;1;1;2;2;1;3;1;1;2;2;3;1;1;1;1;4;5;;;;300000;;;1;;;;;;;;;;5
20230310;03;2023;7376714;1;1;01;76;1;84.204599244;76;1;1;2;1;1;1;1;1;3;1;1;3;1;1;1;1;1;1;3;1;;;98;200000;;;;;;;;;;1;;;1
20230310;03;2023;7376715;1;1;01;76;1;85.826398289;76;2;1;4;1;1;1;1;1;3;1;1;2;1;1;1;1;1;1;3;4;;;;350000;;;1;;;;;;;;;;1
20230310;03;2023;7376716;1;1;01;76;1;112.5879656;76;2;1;2;1;1;1;1;1;3;1;1;3;2;1;1;1;1;1;3;2;;700000;70000000;400000;;;1;;1;;;1;;;;;3
20230310;03;2023;7376717;1;1;01;76;1;131.79585591;76;2;1;4;1;1;1;1;1;3;1;1;5;2;1;1;1;1;1;3;5;;;;500000;;;1;;;;;;;;;;3
20230310;03;2023;7376718;1;1;01;76;1;514.61778527;76;1;1;4;1;1;2;1;1;3;1;1;4;2;1;1;1;1;1;4;1;;;98;600000;;;;;;;;;;1;;;3
20230310;03;2023;7376719;1;1;01;76;1;1498.5606553;76;2;1;2;1;1;1;1;1;3;1;2;4;3;1;2;1;1;1;3;3;;;;;400000;;1;;;;;;;;;;7
20230310;03;2023;7376719;2;2;01;76;1;1498.5606553;76;2;1;2;1;1;1;1;1;3;1;2;1;1;1;2;1;1;1;3;3;;;;;150000;;;;;;;;;1;;;3
20230310;03;2023;7376720;1;1;01;76;1;1100.3046852;76;2;1;4;1;1;1;1;1;3;1;1;3;3;1;1;1;1;1;3;3;;;;;500000;;1;;;;;;;;;;5
20230310;03;2023;7376721;1;1;01;76;1;806.80459764;76;2;1;2;1;1;1;1;1;3;1;1;2;1;1;1;1;1;1;3;4;;;;100000;;;1;;;;;;;;;;2
20230310;03;2023;7376722;1;1;01;76;1;108.61516977;76;2;1;4;1;1;1;1;1;3;1;1;3;2;1;1;1;1;1;3;3;;;;;420000;;1;;;;;;;;;;3
20230310;03;2023;7376725;1;1;01;76;1;1110.8754745;76;1;1;2;1;1;1;1;1;3;1;1;4;4;1;1;1;1;1;3;4;;;;450000;;;;;;;;;;1;;;4
20230310;03;2023;7376727;1;1;01;76;1;605.81800309;76;2;1;4;1;1;2;1;1;3;1;1;3;1;1;1;1;1;1;4;3;;;;;450000;;;;;;;;;1;;;3
20230310;03;2023;7376728;1;1;01;76;1;301.0651186;76;3;1;4;1;1;1;1;1;3;1;1;1;1;1;2;1;1;1;3;3;;;;;120000;;;;;;;;;1;;;1
20230310;03;2023;7376729;1;1;01;76;1;431.92197074;76;2;1;2;1;1;2;1;1;3;1;1;3;2;1;1;1;1;1;4;3;;;;;500000;;;;;;;;;1;;;3
20230310;03;2023;7376730;1;1;01;76;1;427.55361682;76;1;1;2;1;1;2;1;1;3;1;1;5;2;1;1;1;1;1;4;3;;;;;830000;;1;;;;;;;;;;3
20230310;03;2023;7376731;1;1;01;76;1;116.83862606;76;2;1;2;1;1;1;1;1;3;1;1;2;1;1;1;1;1;1;3;3;;;;;350000;;1;;;;;;;;;;4
20230310;03;2023;7376732;1;1;01;76;1;137.37935714;76;2;1;4;1;1;1;1;1;3;1;1;2;1;1;1;1;1;6;;4;;;;300000;;;;;;;;;;1;;;2
20230310;03;2023;7376733;1;1;01;76;1;398.53701902;76;3;1;4;1;1;1;1;1;3;1;1;2;1;1;2;1;1;1;3;3;;;;;200000;;;;;;;;;1;;;2
20230310;03;2023;7376734;1;1;01;76;1;1040.1191564;76;2;1;2;1;1;2;1;1;3;1;1;3;2;1;2;1;1;3;1;4;;;;450000;;;1;;;;;;;;;;3
20230310;03;2023;7376735;1;1;01;76;1;543.11599251;76;1;1;4;1;1;2;1;1;3;1;1;5;3;1;1;1;1;1;4;1;;;98;1000000;;;1;;;;1;1;;;;;5
20230310;03;2023;7376736;1;1;01;76;1;515.41898487;76;3;1;4;1;1;2;1;1;3;1;1;1;1;1;2;1;1;1;1;4;;;;250000;;;;;;;;;;1;;;1
20230310;03;2023;7376737;1;1;01;76;1;432.59470446;76;3;1;4;1;1;2;1;1;3;1;1;3;2;1;1;1;1;1;4;3;;;;;420000;;;;;;;;;1;;;3
20230310;03;2023;7376738;1;1;01;76;1;92.428055533;76;2;1;4;1;1;1;1;1;3;1;1;3;2;1;1;1;1;1;3;3;;;;;250000;;1;;;;;;;;;;2
20230310;03;2023;7376739;1;1;01;76;1;841.32650209;76;1;1;4;1;1;1;1;1;3;1;2;3;2;1;1;1;1;1;3;3;;;;;350000;;1;;;;;;;;;;2
20230310;03;2023;7376739;2;2;01;76;1;841.32650209;76;1;1;4;1;1;1;1;1;3;1;2;3;2;1;1;1;1;1;3;4;;;;350000;;;;;;;;;;1;;;2
20230310;03;2023;7376740;1;1;01;76;1;546.61779887;76;2;1;4;1;1;1;1;1;3;1;1;2;1;1;1;1;1;1;3;3;;;;;300000;;;;;;;;;1;;;2
20230310;03;2023;7376746;1;1;01;76;1;159.01849282;76;2;1;2;1;1;1;1;1;3;1;1;3;1;1;1;1;10;1;3;3;;;;;350000;;;;;;;;;1;;;2
20230310;03;2023;7376748;1;1;01;76;1;399.05540959;76;2;1;4;1;1;2;1;1;3;1;1;3;1;1;1;1;1;1;4;3;;;;;450000;;1;;;;;;;;;;1
20230310;03;2023;7376750;1;1;01;76;1;85.826398289;76;2;1;2;1;1;1;1;1;3;1;1;2;1;1;1;1;1;3;3;3;;;;;430000;;1;;;;;;;;;;1
20230310;03;2023;7376751;1;1;01;76;1;990.47334418;76;2;1;4;1;1;1;1;1;3;1;1;3;2;1;1;1;1;1;3;4;;;;400000;;;1;;;;;;;;;;4
20230310;03;2023;7376753;1;1;01;76;1;869.71324985;76;1;1;4;1;1;1;1;1;3;1;1;3;2;1;1;1;1;1;3;1;;;98;450000;;;;;;;;;1;;;NEQUI;4
20230310;03;2023;7376754;1;1;01;76;1;805.81236569;76;2;1;2;1;1;1;1;1;3;1;1;4;2;1;1;1;1;1;3;1;;;98;450000;;;;;;;;;;1;;;3
20230310;03;2023;7376755;1;1;01;76;1;158.91553644;76;2;1;2;1;1;1;1;1;3;1;1;3;2;1;1;1;1;1;3;3;;;;;300000;;;;;;;;;1;;;6
20230310;03;2023;7376756;1;1;01;76;1;147.35312972;76;2;1;2;1;1;1;1;1;3;1;1;3;2;1;1;1;1;1;3;3;;;;;400000;;;;;;;;;1;;;4
20230310;03;2023;7376757;1;1;01;76;1;916.94371398;76;2;1;4;1;2;1;1;1;3;1;1;4;2;1;1;1;1;1;3;3;;;;;500000;;;;;;;;;1;;;3
20230310;03;2023;7376758;1;1;01;76;1;945.79948494;76;1;1;4;1;2;1;1;1;3;1;1;3;2;1;1;1;1;1;3;3;;;;;450000;;;;;;;;;1;;;4
20230310;03;2023;7376759;1;1;01;76;1;675.68806455;76;2;1;4;1;2;1;1;1;3;1;1;3;1;1;1;1;1;1;3;3;;;;;450000;;1;;;;;;;;;;2
20230310;03;2023;7376760;1;1;01;76;1;998.75461689;76;2;1;4;1;1;1;1;1;3;1;1;3;2;1;1;1;1;1;3;3;;;;;550000;;1;;;;;;1;;;BANCOLOMBIA A LA MANO;4
20230310;03;2023;7376761;1;1;01;76;1;998.16521352;76;1;1;4;1;2;1;1;1;3;1;1;4;2;1;1;1;1;1;3;3;;;;;550000;;1;;;;1;;1;;;NEQUI BANCOLOMBIA A LA MANO;4
20230310;03;2023;7376762;1;1;01;76;1;622.71409222;76;2;1;4;1;2;1;1;1;3;1;1;2;1;1;1;1;1;1;3;3;;;;;400000;;1;;;;;1;;;;;2
20230310;03;2023;7376763;1;1;01;76;1;85.826398289;76;2;1;2;1;1;1;1;1;3;1;1;2;1;1;1;1;1;1;4;3;;;;;230000;;;;;;;;;1;;;1
20230310;03;2023;7376764;1;1;01;76;1;143.98101438;76;2;1;4;1;1;1;1;1;3;1;1;3;2;1;1;1;1;1;3;3;;;;;350000;;1;;;;;;;;;;3
20230310;03;2023;7376765;1;1;01;76;1;90.948829918;76;1;1;2;1;1;1;1;1;3;1;1;3;2;1;1;1;1;1;3;7;COMPRA VENTA;;;300000;;;1;;;;1;;;;;;3
20230310;03;2023;7376766;1;1;01;76;1;167.24194911;76;2;1;4;1;1;1;1;1;3;1;1;2;1;1;1;1;1;1;3;3;;;;;250000;;1;;;;;;;;;;3
20230310;03;2023;7376767;1;1;01;76;1;243.40186844;76;1;1;2;1;2;2;1;1;3;1;1;3;2;1;1;1;1;1;4;3;;;;;500000;;;;;;;;;1;;;3
20230310;03;2023;7376768;1;1;01;76;1;636.25652776;76;2;1;4;1;2;1;1;1;3;1;1;3;1;1;1;1;1;1;3;3;;;;;300000;;;;;;;;;1;;;1
20230310;03;2023;7376769;1;1;01;76;1;674.87807928;76;2;1;4;1;2;1;1;1;3;1;1;3;2;1;1;1;1;1;3;3;;;;;500000;;1;;;;;1;;;;;3
20230310;03;2023;7376770;1;1;01;76;1;85.826398289;76;3;1;2;1;1;1;1;1;3;1;1;1;1;6;;1;1;2;4;3;;;;;130000;;1;;;;;;;;;;1
20230310;03;2023;7376771;1;1;01;76;1;135.16797124;76;2;1;4;1;1;1;1;1;3;1;1;4;3;1;1;1;1;1;3;4;;;;600000;;;1;;;;;;;;;;4
20230310;03;2023;7376772;1;1;01;76;1;863.88981481;76;1;1;4;1;2;1;1;1;3;1;1;3;2;1;1;1;1;1;3;1;;;60000000;400000;;;1;;;;;;;;;;3
20230310;03;2023;7376773;1;1;01;76;1;239.7715828;76;2;1;4;1;2;1;1;1;3;1;1;3;2;1;1;1;1;1;3;3;;;;;450000;;1;;;;;;;;;;2
20230310;03;2023;7376774;1;1;01;76;1;185.27087885;76;2;1;4;1;2;1;1;1;3;1;1;3;2;1;1;1;1;1;3;4;;;;500000;;;1;;;;;;;;;;3
20230310;03;2023;7376775;1;1;01;76;1;407.0689883;76;2;1;4;1;2;1;1;1;3;1;2;2;2;1;2;1;1;1;3;3;;;;;500000;;;;;;;;;1;;;6
20230310;03;2023;7376775;2;2;01;76;1;407.0689883;76;2;1;4;1;2;1;1;1;3;1;2;1;1;1;2;1;1;1;3;3;;;;;250000;;;;;;;;;1;;;2
20230310;03;2023;7376776;1;1;01;76;1;306.12429278;76;2;1;4;1;2;1;1;1;3;1;1;4;3;1;1;1;1;1;3;3;;;;;450000;;;;;;;;;1;;;6
20230310;03;2023;7376779;1;1;01;76;1;181.6405932;76;2;1;4;1;2;1;1;1;3;1;1;3;1;1;1;1;1;1;3;3;;;;;350000;;1;;;;;;;;;;2
20230310;03;2023;7376780;1;1;01;76;1;274.62191247;76;2;1;4;1;2;1;1;1;3;1;1;3;2;1;1;1;1;1;3;3;;;;;450000;;;;;;;;;1;;;6
20230310;03;2023;7376782;1;1;01;76;1;129.65362496;76;2;1;4;1;1;1;1;1;3;1;1;3;2;1;1;1;1;1;3;3;;;;;350000;;1;;;;;;;;;;4
20230310;03;2023;7376783;1;1;01;76;1;658.61599807;76;2;1;4;1;2;1;1;1;3;1;1;3;1;1;1;1;1;1;3;3;;;;;420000;;;;;;1;;;;;;2
20230310;03;2023;7376784;1;1;01;76;1;439.78136819;76;2;1;4;1;2;1;1;1;3;1;1;4;2;1;1;1;1;1;3;3;;;;;500000;;;;;;;;;1;;;2
20230310;03;2023;7376785;1;1;01;76;1;888.99073194;76;2;1;4;1;3;1;1;1;3;1;1;3;2;1;1;1;1;1;3;3;;;;;480000;;1;;;;;;;;;;3
20230310;03;2023;7376787;1;1;01;76;1;242.33196516;76;2;1;4;1;2;1;1;1;3;1;1;3;2;1;1;1;1;1;3;4;;;;500000;;;;;;;;;1;;;NEQUI;4
20230310;03;2023;7376788;1;1;01;76;1;1066.0024581;76;2;1;4;1;2;1;1;1;3;1;1;4;1;1;1;1;1;1;3;1;;;98;800000;;;1;;;;;;;;;;1
20230310;03;2023;7376789;1;1;01;76;1;1286.5444632;76;2;1;4;1;2;1;1;1;3;1;1;4;2;1;1;1;1;1;3;1;;;99;500000;;;1;;;;;;;;;;3
20230310;03;2023;7376790;1;1;01;76;1;1773.6761349;76;2;1;4;1;2;1;1;1;3;1;1;4;2;1;1;1;1;1;3;3;;;;;350000;;;;;;;;;1;;;4
20230310;03;2023;7376791;1;1;01;76;1;575.5606869;76;2;1;4;1;3;1;1;1;3;1;1;3;1;1;1;1;1;1;3;3;;;;;400000;;;;;;;;;1;;;1
20230310;03;2023;7376796;1;1;01;76;1;1062.7154245;76;2;1;4;1;3;1;1;1;3;1;1;4;3;1;1;1;1;1;3;3;;;;;500000;;;;;;;;;1;;;4
20230310;03;2023;7376797;1;1;01;76;1;851.00951599;76;2;1;3;1;3;1;1;1;3;1;1;4;3;1;1;1;1;1;3;3;;;;;600000;;1;;;;;;;;;;4
20230310;03;2023;7376798;1;1;01;76;1;1842.2980441;76;1;1;4;1;2;1;1;1;3;1;1;7;4;1;1;1;1;2;3;1;;;98;800000;;;1;;;;;1;;;;;5
20230310;03;2023;7376799;1;1;01;76;1;1360.8014822;76;2;1;4;1;2;1;1;1;3;1;1;7;4;1;1;1;1;1;3;4;;;;700000;;;1;;;;;;;;;;5
20230310;03;2023;7376800;1;1;01;76;1;626.12189954;76;2;1;4;1;2;1;1;1;3;1;1;4;2;1;1;1;1;1;3;1;;;99;600000;;;1;;;;;;1;;;NEQUI;3
20230310;03;2023;7376801;1;1;01;76;1;938.11239364;76;2;1;3;1;3;1;1;1;3;1;1;4;3;1;1;1;1;1;3;3;;;;;600000;;1;;;;1;;;;;;4
20230310;03;2023;7376802;1;1;01;76;1;574.0653295;76;2;1;4;1;3;1;1;1;3;1;1;3;2;1;1;1;1;1;3;3;;;;;560000;;1;;;;;;;;;;3
20230310;03;2023;7376803;1;1;01;76;1;717.99962736;76;1;1;2;1;2;1;1;1;3;1;2;1;1;1;2;1;1;1;3;3;;;;;200000;;;;;;;;;1;;;1
20230310;03;2023;7376803;2;2;01;76;1;717.99962736;76;1;1;2;1;2;1;1;1;3;1;2;1;1;1;2;1;1;1;3;3;;;;;250000;;;;;;;;;1;;;1
20230310;03;2023;7376804;1;1;01;76;1;1052.9220497;76;1;1;4;1;3;1;1;1;3;1;1;3;2;1;1;1;1;1;3;3;;;;;600000;;;;;;;;;1;;;4
20230310;03;2023;7376805;1;1;01;76;1;673.40600368;76;2;1;2;1;1;2;1;1;3;1;1;1;1;1;1;1;1;2;1;3;;;;;220000;;1;;;;;;1;;;NEQUI;1
20230310;03;2023;7376806;1;1;01;76;1;1332.7528029;76;2;1;4;1;5;1;1;1;3;1;1;4;1;1;1;1;1;1;3;3;;;;;1500000;;1;;1;;1;1;;;;;3
20230310;03;2023;7376807;1;1;01;76;1;1095.8298674;76;2;1;4;1;4;1;1;1;3;1;1;4;1;1;1;1;1;1;3;3;;;;;965000;;1;;;;;1;;;;;2
20230310;03;2023;7376809;1;1;01;76;1;1139.2710488;76;2;1;4;1;5;1;1;1;3;1;1;4;3;1;1;1;1;1;3;1;;;250000000;1000000;;;;;;;;;;1;;;2
20230310;03;2023;7376810;1;1;01;76;1;1518.9666963;76;1;1;2;1;2;1;1;1;3;1;1;4;4;1;1;1;1;1;3;5;;;;98;;;;;;;;;;1;;;6
20230310;03;2023;7376811;1;1;01;76;1;810.82567746;76;2;1;4;1;4;1;1;1;3;1;1;3;1;1;1;1;1;1;3;3;;;;;870000;;1;;;1;;1;1;;;NEQUI;2
20230310;03;2023;7376812;1;1;01;76;1;1137.7071006;76;2;1;4;1;5;1;1;1;3;1;1;4;3;1;1;1;1;1;3;3;;;;;1200000;;1;;1;;;;;;;;3
20230310;03;2023;7376813;1;1;01;76;1;974.07099329;76;2;1;4;1;4;1;1;1;3;1;1;3;2;1;1;1;1;1;3;4;;;;900000;;;1;;;;;1;;;;;2
20230310;03;2023;7376814;1;1;01;81;1;124.76584761;81;2;1;4;1;2;2;1;1;3;1;1;3;2;1;1;1;1;3;4;3;;;;;450000;;;;;;;;;1;;;4
20230310;03;2023;7376815;1;1;01;81;1;183.62559452;81;1;1;4;1;2;2;1;1;3;1;1;3;1;1;1;1;1;1;4;1;;;170000000;800000;;;1;;;;;1;;;;;1
20230310;03;2023;7376816;1;1;01;81;1;135.03222433;81;2;1;4;1;2;2;1;1;3;1;1;4;3;1;1;1;1;1;4;3;;;;;850000;1;1;;;;;1;;;;;3
20230310;03;2023;7376817;1;1;01;81;1;140.00782121;81;1;1;2;1;1;2;2;1;1;2;1;3;2;2;1;1;3;3;4;3;;;;;250000;;1;;;;;;;;;;4
20230310;03;2023;7376820;1;1;01;81;1;140.00782121;81;1;1;2;1;1;2;2;1;1;2;1;3;1;2;1;1;3;1;4;5;;;;400000;;;1;;;;;1;;;;;4
20230310;03;2023;7376822;1;1;01;81;1;200.97721889;81;1;8;4;1;1;2;2;1;1;2;1;1;1;2;1;1;3;2;4;5;;;;200000;;;1;;;;;;;;;;2
20230310;03;2023;7376825;1;1;01;85;1;370.02251799;85;3;1;4;1;3;1;1;1;3;1;1;1;1;1;2;1;1;6;;3;;;;;160000;;;;;;;;;1;;;1
20230310;03;2023;7376826;1;1;01;85;1;400.88218115;85;3;1;4;1;2;1;1;1;3;1;1;1;1;1;1;1;1;6;;1;;;98;300000;;;;;;;;;;1;;;1
20230310;03;2023;7376827;1;1;01;85;1;480.08890761;85;1;1;2;1;2;1;1;1;3;1;1;4;3;1;1;1;1;1;3;1;;;80000000;300000;;;;;;;;;;1;;;4
20230310;03;2023;7376828;1;1;01;85;1;423.9068394;85;2;1;4;1;2;1;1;1;3;1;1;3;2;1;1;1;1;1;3;4;;;;300000;;;1;;;;;;;;;;2
20230310;03;2023;7376829;1;1;01;85;1;467.19700105;85;2;1;4;1;2;1;1;1;3;1;1;3;2;1;1;1;1;1;3;3;;;;;250000;;1;;;;;;;;;;3
20230310;03;2023;7376830;1;1;01;85;1;457.06424936;85;2;1;4;1;2;1;1;1;3;1;1;3;1;1;1;1;1;1;3;3;;;;;400000;;1;;;;;;;;;;3
20230310;03;2023;7376831;1;1;01;85;1;434.0395911;85;2;1;4;1;2;1;1;1;3;1;1;3;1;1;1;1;10;1;3;3;;;;;400000;;1;;;;;;;;;;2
20230310;03;2023;7376832;1;1;01;85;1;434.0395911;85;2;1;4;1;2;1;1;1;3;1;1;3;1;1;1;1;1;1;3;3;;;;;400000;;1;;;;;;;;;;2
20230310;03;2023;7376833;1;1;01;85;1;446.93149766;85;1;1;4;1;2;1;1;1;3;1;1;3;2;1;1;1;1;1;3;1;;;98;400000;;;;;;;;;;1;;;3
20230310;03;2023;7376834;1;1;01;85;1;434.0395911;85;2;1;4;1;2;1;1;1;3;1;1;2;1;1;1;1;1;1;3;3;;;;;300000;;1;;;;;;;;;;2
20230310;03;2023;7376835;1;1;01;85;1;468.17429972;85;2;1;4;1;2;1;1;1;3;1;2;2;1;1;2;1;1;1;3;3;;;;;325000;;;;;;;;;1;;;5
20230310;03;2023;7376835;2;2;01;85;1;468.17429972;85;2;1;4;1;2;1;1;1;3;1;2;2;1;1;2;1;1;1;3;3;;;;;325000;;;;;;;;;1;;;3
20230310;03;2023;7376836;1;1;01;85;1;446.36218232;85;2;1;4;1;2;1;1;1;3;1;1;3;2;1;1;1;1;1;3;2;;1130000;250000000;1000000;;;1;;1;;1;1;;;;;4
20230310;03;2023;7376839;1;1;01;86;1;102.10809019;86;1;1;4;1;1;2;1;1;2;1;1;6;2;1;1;1;1;1;4;1;;;98;400000;;;;;;;;;;1;;;3
20230310;03;2023;7376840;1;1;01;86;1;121.47891837;86;1;1;4;1;1;2;1;1;2;1;1;3;2;1;1;1;1;3;4;4;;;;99;;;1;;;;;;;;;;3
20230310;03;2023;7376841;1;1;01;86;1;106.9754458;86;2;1;4;1;1;2;1;1;2;1;1;2;1;1;1;1;1;3;4;3;;;;;99;;1;;;;;;;;;;2
20230310;03;2023;7376842;1;1;01;86;1;111.84280142;86;1;1;4;1;1;1;1;1;2;1;1;5;1;1;1;1;1;1;3;7;CASA DE UN FAMILIAR;;;98;;;;;;;;;;1;;;1
20230310;03;2023;7376843;1;1;01;86;1;106.9754458;86;2;1;4;1;1;2;1;1;2;1;1;5;1;1;1;1;1;1;4;3;;;;;98;;;;;;;;;1;;;2
20230310;03;2023;7376844;1;1;01;86;1;167.23902294;86;1;1;4;1;1;2;1;1;2;1;1;3;2;1;1;1;1;3;4;4;;;;99;;;1;;;;;;;;;;1
20230310;03;2023;7376845;1;1;01;86;1;194.99973351;86;2;1;4;1;1;2;1;1;2;1;1;2;1;1;1;1;1;3;4;3;;;;;99;;1;;;;;;;;;;2
20230310;03;2023;7376847;1;1;01;86;1;167.23902294;86;1;1;4;1;1;2;1;1;2;1;1;5;2;1;1;1;1;1;4;1;;;98;98;;;;;;;;;;1;;;1
20230310;03;2023;7376848;1;1;01;86;1;108.91292839;86;2;1;4;1;1;1;1;1;2;1;1;6;3;1;1;1;1;1;4;3;;;;;400000;;;;;;;;;1;;;5
20230310;03;2023;7376849;1;1;01;86;1;127.08682961;86;1;1;4;1;1;2;1;1;2;1;1;5;2;1;1;1;1;1;4;3;;;;;98;;;;;;;;;1;;;2
20230310;03;2023;7376850;1;1;01;86;1;107.32671147;86;1;1;4;1;1;2;1;1;2;1;1;3;3;1;1;1;1;3;4;3;;;;;99;;1;;;;;;;;;;3
20230310;03;2023;7376851;1;1;01;86;1;156.89732051;86;1;5;2;1;1;2;1;1;2;1;1;2;2;1;1;1;1;3;4;3;;;;;99;;1;;;;;;;;;;2
20230310;03;2023;7376853;1;1;01;86;1;142.61974404;86;1;1;2;1;1;2;1;1;2;1;1;6;3;1;1;1;1;1;4;3;;;;;98;;;;;;;;;1;;;4
20230310;03;2023;7376855;1;1;01;86;1;185.30786852;86;2;1;4;1;1;2;1;1;2;1;1;5;1;1;1;1;1;1;4;3;;;;;98;;;;;;;;;1;;;2
20230310;03;2023;7376856;1;1;01;88;1;47.373683293;88;2;1;4;1;2;2;2;1;3;2;1;4;3;2;1;1;10;1;4;4;;;;400000;;;1;;;;;;;;;;5
20230310;03;2023;7376858;1;1;01;88;1;49.06578836;88;1;1;4;1;3;2;1;1;3;1;1;3;1;1;1;1;10;1;4;1;;;99;2000000;;;1;;;;;1;;;;;2
20230310;03;2023;7376859;1;1;01;88;1;70.345029303;88;1;1;4;1;3;2;1;1;3;1;1;3;2;1;1;1;10;1;4;1;;;98;2000000;;;1;;;;;1;;;;;4
20230310;03;2023;7376860;1;1;01;88;1;39.281151314;88;2;1;4;1;3;2;1;1;3;1;1;2;1;1;1;1;10;1;4;1;;;99;1500000;;;1;;;;;;;;;;1
20230310;03;2023;7376861;1;1;01;88;1;59.386864728;88;1;1;4;1;4;2;1;1;3;1;1;4;2;1;1;1;10;1;4;1;;;99;2600000;;;1;;;;;;;;;;3
20230310;03;2023;7376862;1;1;01;88;1;84.822135963;88;1;1;4;1;3;2;1;1;3;1;1;3;2;1;1;1;10;1;4;3;;;;;2000000;;1;;;;;1;;;;;5
20230310;03;2023;7376863;1;1;01;88;1;58.850425407;88;2;1;4;1;4;2;1;1;3;1;1;4;3;2;1;1;10;1;4;1;;;99;2000000;;;1;;;;;1;;;;;3
20230310;03;2023;7376864;1;1;01;88;1;60.023952935;88;1;1;4;1;3;2;1;1;3;1;1;3;2;1;1;1;10;1;4;1;;;99;1300000;;;1;;;;;;;;;;3
20230310;03;2023;7376865;1;1;01;88;1;29.460863486;88;2;1;4;1;5;2;1;1;7;1;1;4;1;1;1;1;10;3;4;3;;;;;4000000;;1;;;;;;;;;;1
20230310;03;2023;7376867;1;1;01;88;1;55.397978541;88;2;1;4;1;5;2;1;1;7;1;1;4;2;1;1;1;10;3;1;2;;98;99;4000000;;1;1;;1;;;1;;;;;4
20230310;03;2023;7376868;1;1;01;88;1;94.708178726;88;1;1;4;1;3;2;1;1;7;1;1;4;2;1;1;1;10;3;4;1;;;98;700000;;;1;;;;;;;;;;5
20230310;03;2023;7376869;1;1;01;88;1;21.133479269;88;2;1;4;1;3;2;2;1;7;2;1;3;1;2;1;1;10;3;4;4;;;;1500000;;;1;;;;;;;;;;1
20230310;03;2023;7376870;1;1;01;88;1;43.587800992;88;2;1;4;1;4;2;1;1;7;1;1;2;1;1;1;1;10;3;4;3;;;;;2500000;;1;;;;;1;;;;;1
20230310;03;2023;7376872;1;1;01;88;1;32.392835306;88;2;1;4;1;3;2;2;1;7;2;1;3;2;2;1;1;10;3;4;3;;;;;5000000;;1;;;;;1;;;;;3
20230310;03;2023;7376873;1;1;01;88;1;48.781916327;88;1;1;4;1;2;2;2;1;3;2;1;4;3;2;1;1;10;1;4;3;;;;;1000000;;1;;;;;;;;;;5
20230310;03;2023;7376874;1;1;01;88;1;32.392835306;88;2;1;4;1;4;2;2;1;7;2;1;3;2;2;1;1;10;3;4;3;;;;;600000;;1;;;;;;;;;;3
20230310;03;2023;7376875;1;1;01;88;1;26.763157288;88;1;1;4;1;3;2;2;1;7;2;1;3;2;2;1;1;10;3;4;1;;;99;2000000;;;1;;;;;;;;;;2
20230310;03;2023;7376876;1;1;01;88;1;36.79934127;88;2;1;4;1;5;2;1;1;7;1;1;4;1;1;1;1;10;3;4;1;;;98;4000000;;1;1;;;;;;;;;;2
20230310;03;2023;7376878;1;1;01;88;1;54.317283337;88;2;1;4;1;3;2;2;1;7;2;1;3;2;2;1;1;10;3;4;4;;;;800000;;;1;;;;;;;;;;4
20230310;03;2023;7376879;1;1;01;88;1;51.878626331;88;2;1;4;1;2;2;2;1;7;2;1;3;2;2;1;1;10;3;4;4;;;;2000000;;;1;;;;;;;;;;4
20230310;03;2023;7376880;1;1;01;88;1;43.587800992;88;2;1;4;1;4;2;1;1;7;1;1;2;1;1;1;1;10;6;;3;;;;;2000000;;1;;;;;1;;;;;1
20230310;03;2023;7376881;1;1;01;88;1;29.058533995;88;2;1;4;1;5;2;1;1;7;1;1;4;1;1;1;1;10;3;1;4;;;;4000000;;;1;;;;;;;;;;1
20230310;03;2023;7376883;1;1;01;88;1;29.460863486;88;1;1;4;1;3;2;2;1;7;2;1;4;1;2;1;1;10;3;4;1;;;98;1000000;;;1;;;;;;;;;;1
20230310;03;2023;7376886;1;1;01;88;1;29.439473016;88;2;1;4;1;2;2;2;1;3;2;1;3;1;2;1;1;10;1;4;1;;;99;800000;;;1;;;;;;;;;;2
20230310;03;2023;7376887;1;1;01;88;1;32.10023204;88;2;1;4;1;4;2;2;1;7;2;1;4;3;2;1;1;10;3;1;3;;;;;1500000;1;1;;;;;;;;;;3
20230310;03;2023;7376888;1;1;01;91;1;49.671246173;91;1;1;2;1;1;2;1;1;3;1;1;3;2;1;1;1;1;1;4;5;;;;500000;;;1;;;;;;;;;;4
20230310;03;2023;7376889;1;1;01;91;1;49.671246173;91;1;1;2;1;1;2;1;1;3;1;1;3;2;1;1;1;1;1;4;5;;;;500000;;;;;;;;;;1;;;4
20230310;03;2023;7376890;1;1;01;91;1;126.75309579;91;1;1;2;1;1;2;1;1;3;1;1;2;2;1;1;1;1;3;4;4;;;;300000;;;1;;;;;;;;;;1
20230310;03;2023;7376891;1;1;01;91;1;37.65232265;91;1;1;2;1;1;2;1;1;3;1;1;3;2;1;1;1;7;1;4;5;;;;500000;;;1;;;;;;;;;;5
20230310;03;2023;7376892;1;1;01;91;1;94.62481528;91;1;1;2;1;1;2;1;1;3;1;1;2;2;1;1;1;1;3;4;5;;;;300000;;;1;;;;;;;;;;3
20230310;03;2023;7376893;1;1;01;91;1;51.98743571;91;1;1;2;1;1;2;1;1;3;1;1;3;2;1;1;1;7;1;4;5;;;;500000;;;1;;;;;;;;;;3
20230310;03;2023;7376894;1;1;01;91;1;80.178224077;91;1;1;2;1;1;2;1;1;3;1;1;2;2;1;1;1;1;3;4;4;;;;300000;;;1;;;;;;;;;;4
20230310;03;2023;7376895;1;1;01;91;1;64.117837376;91;1;1;2;1;1;2;1;1;3;1;1;2;2;1;1;1;1;3;4;4;;;;300000;;;;;;;;;;1;;;3
20230310;03;2023;7376896;1;1;01;91;1;37.65232265;91;1;1;2;1;1;2;1;1;3;1;1;3;2;1;1;1;1;1;4;5;;;;500000;;;;;;;;;;1;;;3
20230310;03;2023;7376897;1;1;01;91;1;82.218224298;91;1;5;3;1;1;2;2;1;3;1;1;2;2;2;1;1;1;3;4;5;;;;300000;;;;;;;;;;1;;;1
20230310;03;2023;7376898;1;1;01;91;1;102.77278037;91;1;1;2;1;1;2;1;1;3;1;1;3;2;1;1;1;1;1;4;5;;;;500000;;;;;;;;;;1;;;1
20230310;03;2023;7376899;1;1;01;91;1;30.12185812;91;1;5;3;1;1;2;2;1;3;1;1;3;2;2;1;1;1;1;4;1;;;98;400000;;;;;;;;;;1;;;3
20230310;03;2023;7376900;1;1;01;91;1;126.75309579;91;1;1;2;1;1;2;1;1;3;1;1;3;1;1;1;1;1;1;4;5;;;;600000;;;;;;;;;;1;;;1
20230310;03;2023;7376901;1;1;01;91;1;98.02082622;91;1;1;2;1;1;2;2;1;3;1;1;2;2;3;1;1;1;3;4;4;;;;300000;;;;;;;;;;1;;;6
20230310;03;2023;7376903;1;1;01;91;1;54.610488229;91;1;1;2;1;1;2;1;1;3;1;1;3;2;1;1;1;10;3;4;5;;;;300000;;;1;;;;;;;;;;3
20230310;03;2023;7376904;1;1;01;91;1;35.289753046;91;1;1;3;1;1;2;2;1;3;1;1;2;2;2;1;1;1;3;5;4;;;;350000;;;1;;;;;;;;;;7
20230310;03;2023;7376905;1;1;01;91;1;53.650802587;91;1;5;3;1;1;2;2;1;3;1;1;4;3;3;1;1;1;1;4;1;;;98;400000;;;;;;;;;;1;;;6
20230310;03;2023;7376906;1;1;01;91;1;110.91729055;91;1;5;3;1;1;2;2;1;3;1;1;3;2;3;1;1;1;1;4;1;;;98;400000;;;;;;;;;;1;;;6
20230310;03;2023;7376907;1;1;01;91;1;94.279078317;91;1;5;3;1;1;2;2;1;3;1;1;3;2;3;1;1;1;1;4;1;;;98;400000;;;;;;;;;;1;;;4
20230310;03;2023;7376908;1;1;01;91;1;56.800900348;91;1;5;3;1;1;2;2;1;3;1;1;2;2;3;1;1;1;3;5;4;;;;300000;;;1;;;;;;;;;;4
20230310;03;2023;7376909;1;1;01;91;1;102.59818443;91;1;5;3;1;1;2;2;1;3;1;1;3;2;3;1;1;1;1;4;1;;;98;400000;;;;;;;;;;1;;;5
20230310;03;2023;7376910;1;1;01;91;1;107.98323822;91;1;1;3;1;1;2;2;1;3;1;1;2;2;2;1;1;1;3;4;4;;;;300000;;;;;;;;;;1;;;9
20230310;03;2023;7376914;1;1;01;94;1;62.336447555;94;2;1;4;1;2;2;1;1;2;1;1;3;2;1;1;1;3;1;4;3;;;;;600000;;1;;;;;;;;;;6
20230310;03;2023;7376915;1;1;01;94;1;60.778573789;94;2;1;4;1;1;2;1;1;2;1;1;3;2;1;1;1;3;1;4;3;;;;;650000;;1;;;;;;;;;;3
20230310;03;2023;7376917;1;1;01;94;1;53.894101506;94;2;1;4;1;1;2;1;1;2;1;1;2;1;1;1;1;3;1;4;3;;;;;600000;;1;;;;;;;;;;1
20230310;03;2023;7376919;1;1;01;94;1;53.894101506;94;2;1;4;1;1;2;1;1;2;1;1;3;1;1;1;1;3;1;4;1;;;6000000;550000;;;1;;;;;;;;;;1
20230310;03;2023;7376921;1;1;01;94;1;62.002737313;94;2;5;4;1;1;2;1;1;2;1;1;2;1;1;1;1;1;1;4;4;;;;500000;;;;;;;;;;1;;;3
20230310;03;2023;7376922;1;1;01;94;1;62.002737313;94;1;1;2;1;1;2;1;1;2;1;1;2;1;1;1;1;3;1;4;1;;;98;500000;;;;;;;;;;1;;;3
20230310;03;2023;7376923;1;1;01;94;1;60.630864194;94;2;1;2;1;1;2;1;1;2;1;1;2;1;1;1;1;3;1;4;3;;;;;500000;;1;;;;;;;;;;1
20230310;03;2023;7376924;1;1;01;94;1;68.375895512;94;1;1;4;1;1;2;1;1;2;1;1;4;2;1;1;1;3;1;4;1;;;30000000;500000;;;1;;;;;;;;;;3
20230310;03;2023;7376925;1;1;01;94;1;53.255202031;94;2;1;4;1;2;2;1;1;2;1;1;3;2;1;1;1;3;1;4;3;;;;;500000;;;;;;;;;1;;;3
20230310;03;2023;7376926;1;1;01;94;1;65.045297921;94;1;5;1;1;1;2;1;1;2;1;1;4;2;1;1;1;3;1;5;3;;;;;150000;;;;;;;;;1;;;5
20230310;03;2023;7376927;1;1;01;94;1;57.145907031;94;1;1;4;1;1;2;1;1;2;1;1;4;2;1;1;1;3;1;4;3;;;;;450000;;1;;;;;;;;;;3
20230310;03;2023;7376928;1;1;01;94;1;69.43769685;94;1;2;2;1;1;2;1;1;2;1;1;4;3;1;1;1;3;1;4;3;;;;;500000;;;;;;;;;1;;;5
20230310;03;2023;7376929;1;1;01;94;1;72.308815476;94;1;5;2;1;1;2;1;1;2;1;1;4;3;1;1;1;3;1;4;1;;;80000000;450000;;;;;;;;;;1;;;4
20230310;03;2023;7376931;1;1;01;94;1;71.363300244;94;1;5;2;1;1;2;1;1;2;1;1;4;3;1;1;1;3;1;5;1;;;130000000;350000;;;;;;;;;;1;;;4
20230310;03;2023;7376932;1;1;01;94;1;65.575443202;94;1;1;2;1;1;2;1;1;2;1;1;4;2;1;1;1;3;1;4;1;;;98;500000;;;1;;;;;;;;;;3
20230310;03;2023;7376934;1;1;01;94;1;58.221790836;94;1;1;4;1;1;2;1;1;2;1;1;3;2;1;1;1;3;1;4;1;;;100000000;500000;;;;;;;;;;1;;;2
20230310;03;2023;7376936;1;1;01;94;1;69.610692257;94;1;1;4;1;1;2;1;1;2;1;1;3;1;1;1;1;3;1;4;3;;;;;450000;;;;;;;;;1;;;1
20230310;03;2023;7376937;1;1;01;94;1;59.734772354;94;2;1;2;1;1;2;1;1;2;1;1;2;1;1;1;1;3;1;4;3;;;;;600000;;1;;;;;;;;;;2
20230310;03;2023;7376938;1;1;01;94;1;51.752702965;94;2;1;2;1;1;2;1;1;2;1;1;1;1;1;1;1;10;6;;3;;;;;400000;;;;;;;;;1;;;2
20230310;03;2023;7376939;1;1;01;94;1;60.630864194;94;1;1;4;1;1;2;1;1;2;1;1;3;2;1;1;1;1;1;4;4;;;;550000;;;;;;;;;;1;;;1
20230310;03;2023;7376943;1;1;01;95;1;171.40476508;95;4;1;2;1;2;2;2;1;2;2;1;3;2;2;2;1;3;3;4;3;;;;;150000;;1;;;;;;;;;;6
20230310;03;2023;7376944;1;1;01;95;1;229.92410952;95;1;1;4;1;2;1;1;1;2;2;1;4;3;1;1;1;3;3;3;3;;;;;500000;;1;;;;;;;;;;5
20230310;03;2023;7376945;1;1;01;95;1;164.38072094;95;2;1;2;1;2;1;1;1;2;2;1;3;2;2;1;1;3;1;3;3;;;;;350000;;;;;;;;;1;;;4
20230310;03;2023;7376946;1;1;01;95;1;164.6675398;95;1;1;2;1;2;2;1;1;2;2;1;5;2;1;1;1;10;1;4;1;;;200000000;800000;;;1;;;;;;;;;;4
20230310;03;2023;7376947;1;1;01;95;1;112.91066555;95;2;1;4;1;2;1;1;1;2;1;1;3;2;1;1;1;1;3;3;3;;;;;450000;;;;;;;;;1;;;5
20230310;03;2023;7376948;1;1;01;95;1;125.7979736;95;1;1;2;1;2;1;1;1;2;2;1;4;3;1;1;1;3;1;3;1;;;60000000;500000;;;;;;;;;;1;;;5
20230310;03;2023;7376949;1;1;01;95;1;51.997467534;95;2;1;2;1;1;2;1;1;2;1;1;2;2;2;1;1;1;1;4;3;;;;;300000;;;;;;;;;1;;;3
20230310;03;2023;7376950;1;1;01;95;1;140.49703286;95;1;1;2;1;2;1;1;1;2;2;1;4;2;1;1;1;3;3;3;1;;;120000000;500000;;;;;;;;;;1;;;2
20230310;03;2023;7376951;1;1;01;95;1;150.54890084;95;1;1;4;1;1;1;1;1;2;1;1;4;2;1;1;1;1;3;3;1;;;120000000;700000;;;1;;;;1;;;;;;3
20230310;03;2023;7376952;1;1;01;95;1;81.976150203;95;2;1;4;1;2;2;1;1;2;1;1;2;1;1;1;1;3;3;4;3;;;;;200000;;1;;;;;;;;;;1
20230310;03;2023;7376953;1;1;01;95;1;111.32328372;95;1;1;4;1;1;2;2;1;2;2;1;3;2;2;1;1;3;1;4;3;;;;;1000000;;;;;;;;;1;;;3
20230310;03;2023;7376954;1;1;01;95;1;91.813288228;95;2;1;4;1;2;1;2;1;2;1;1;2;1;2;1;1;1;3;3;3;;;;;450000;;1;;;;;;;;;;1
20230310;03;2023;7376955;1;1;01;95;1;81.976150203;95;3;1;4;1;2;2;1;1;2;1;1;1;1;1;1;1;10;6;;3;;;;;200000;;1;;;;;;;;;;1
20230310;03;2023;7376958;1;1;01;95;1;101.15786366;95;2;1;2;1;1;2;1;1;2;1;1;2;1;1;1;1;1;1;4;3;;;;;350000;;1;;;;;;;;;;2
20230310;03;2023;7376959;1;1;01;95;1;130.44516489;95;3;1;2;1;2;2;1;1;2;1;1;1;1;1;2;1;10;6;;3;;;;;120000;;1;;;;;;;;;;1
20230310;03;2023;7376960;1;1;01;95;1;95.507900551;95;1;1;4;1;2;2;1;1;2;1;1;3;2;1;1;1;10;6;;3;;;;;500000;;1;;;;;;;;;;3
20230310;03;2023;7376963;1;1;01;97;1;11.462519859;97;1;1;4;1;2;2;1;1;2;1;1;4;2;1;1;1;10;3;1;3;;;;;1000000;;1;;;;;;;;;;3
20230310;03;2023;7376967;1;1;01;97;1;30.018665813;97;1;5;2;1;1;2;1;1;2;1;2;4;3;1;1;1;5;1;5;6;;;;200000;;;1;;;;;;;;;;4
20230310;03;2023;7376967;2;2;01;97;1;30.018665813;97;1;5;2;1;1;2;1;1;2;1;2;2;1;1;1;1;5;1;5;6;;;;250000;;;1;;;;;;;;;;4
20230310;03;2023;7376968;1;1;01;97;1;11.462519859;97;2;1;2;1;1;2;1;1;2;1;1;2;1;1;1;1;10;3;4;3;;;;;800000;1;;;;;;;;;;;1
20230310;03;2023;7376970;1;1;01;97;1;13.26377298;97;1;1;2;1;1;2;1;1;2;1;1;3;2;1;1;1;10;1;1;1;;;80000000;800000;;;1;;;;;;;;;;2
20230310;03;2023;7376973;1;1;01;97;1;35.032262129;97;1;5;2;1;1;2;1;1;2;1;1;3;1;1;1;1;10;1;1;1;;;98;500000;;;1;;;;;;;;;;1
20230310;03;2023;7376974;1;1;01;99;1;44.947019427;99;1;1;2;1;2;2;2;1;2;1;1;3;2;2;1;1;10;1;4;1;;;98;400000;;;1;;;;;;;;;;2
20230310;03;2023;7376976;1;1;01;99;1;13.036250003;99;2;1;4;1;1;2;2;1;2;1;1;2;1;2;1;1;1;1;4;3;;;;;400000;;;;;;;;;1;;;4
20230310;03;2023;7376978;1;1;01;99;1;44.947019427;99;1;1;2;1;1;2;2;1;2;1;1;2;1;2;1;1;1;1;4;3;;;;;1000000;;1;;;;;;;;;;2
20230310;03;2023;7376979;1;1;01;99;1;43.075419685;99;4;1;4;1;2;2;2;1;2;1;1;1;1;2;1;1;1;6;;3;;;;;350000;;1;;;;;1;;;;;1
20230310;03;2023;7376981;1;1;01;99;1;38.112113095;99;1;1;4;1;1;2;2;1;2;1;1;2;1;2;1;1;1;1;4;7;PROPIEDAD DE VICARIATO LOS SACERDOTES NO PAGAN ARRIENDO;;;400000;;;1;;;;;;;;;;1
20230310;03;2023;7376983;1;1;01;99;1;23.324833909;99;1;1;4;1;1;2;2;1;2;1;2;5;1;2;2;1;1;1;4;3;;;;;300000;;1;;;;;;;;;;3
20230310;03;2023;7376983;2;2;01;99;1;23.324833909;99;1;1;4;1;1;2;2;1;2;1;2;5;3;2;2;1;1;1;4;3;;;;;300000;1;1;;;;;;;;;;3
20230310;03;2023;7376986;1;1;01;99;1;22.406054693;99;2;1;4;1;2;2;1;1;2;1;1;3;2;2;1;1;1;1;4;3;;;;;450000;;1;;;;;;;;;;3
20230310;03;2023;7376987;1;1;01;99;1;65.505194382;99;2;1;4;1;2;2;1;1;2;1;1;2;1;2;1;1;1;1;4;3;;;;;450000;;1;;;;;1;;;;;1
20230310;03;2023;7376989;1;1;01;99;1;77.25268964;99;1;1;4;1;2;2;1;1;2;1;1;3;2;2;1;1;1;1;4;4;;;;450000;;;1;;;;;1;;;;;2
20230310;03;2023;7376990;1;1;01;99;1;74.035877583;99;2;1;4;1;3;2;1;1;2;1;1;4;1;2;1;1;1;1;4;3;;;;;600000;;1;;;;;;;;;;1
20230310;03;2023;7376992;1;1;01;99;1;22.795337915;99;1;1;4;1;3;2;1;1;2;1;1;3;2;2;1;1;1;1;4;3;;;;;500000;;1;;;;;;;;;;4
20230310;03;2023;7376994;1;1;01;99;1;13.036250003;99;1;1;2;1;1;2;2;1;2;1;1;3;2;2;1;1;1;1;4;3;;;;;400000;;;;;;;;;1;;;5
20230310;03;2023;7376995;1;1;01;99;1;57.673577793;99;2;1;4;1;3;2;1;1;2;1;1;3;2;2;1;1;10;1;4;3;;;;;600000;;1;;;;;;;;;;3
20230310;03;2023;7376996;1;1;01;99;1;22.406054693;99;2;1;2;1;3;2;1;1;2;1;1;3;2;2;1;1;1;1;4;3;;;;;400000;;;;;;;;;1;;;6
20230313;03;2023;7376997;1;1;01;;2;28.422508362;08;1;1;2;1;0;2;2;2;;2;1;4;1;2;1;5;2;4;4;5;;;;400000;;;1;;;;;;;;;;2
20230313;03;2023;7376998;1;1;01;;2;44.252804172;08;1;1;2;1;0;2;2;2;;2;1;4;2;2;1;3;2;1;1;5;;;;300000;;;1;;;;;;;;;;2
20230313;03;2023;7376999;1;1;01;;2;29.812945696;08;1;1;2;1;0;2;2;2;;2;1;4;3;2;1;5;2;4;1;5;;;;450000;;;;;;;;;;1;;;5
20230313;03;2023;7377000;1;1;01;;2;31.418999812;08;1;1;2;1;0;2;2;2;;2;1;3;2;2;1;3;2;1;4;5;;;;350000;;;1;;;;;;;;;;5
20230313;03;2023;7377001;1;1;01;;2;44.131336662;08;1;1;2;1;0;2;2;2;;2;1;4;2;2;1;5;2;4;4;5;;;;400000;;;;;;;;;;1;;;5
20230313;03;2023;7377002;1;1;01;;2;35.690008155;08;1;1;2;1;0;2;2;2;;2;1;2;1;2;1;3;2;1;4;5;;;;200000;;;;;;;;;;1;;;3
20230313;03;2023;7377003;1;1;01;;2;38.807967114;08;1;1;2;1;0;2;2;2;;2;1;4;2;2;1;5;2;4;4;5;;;;200000;;;;;;;;;;1;;;3
20230313;03;2023;7377004;1;1;01;;2;28.422508362;08;1;1;2;1;0;2;2;2;;2;1;3;1;2;1;4;2;5;5;5;;;;300000;;;;;;;;;;1;;;2
20230313;03;2023;7377005;1;1;01;;2;27.732920586;08;1;1;2;1;0;2;2;2;;2;1;2;2;2;1;3;2;2;4;3;;;;;150000;;;;;;;;;1;;;4
20230313;03;2023;7377006;1;1;01;;2;33.175179606;08;1;1;1;2;;2;2;2;;2;1;1;1;6;;3;2;5;5;5;;;;100000;;;;;;;;;;1;;;1
20230313;03;2023;7377007;1;1;01;;2;1738.3013239;13;1;1;2;1;1;2;2;2;;2;1;3;2;2;1;3;6;5;5;4;;;;50000;;;;;;;;;;1;;;5
20230313;03;2023;7377008;1;1;01;;2;2029.3473835;13;1;1;2;1;1;2;2;2;;2;1;4;3;2;1;3;6;5;5;1;;;99;70000;;;;;;;;;;1;;;3
20230313;03;2023;7377009;1;1;01;;2;1097.6308685;13;1;1;1;1;1;2;2;2;;2;1;3;3;2;1;2;2;1;5;1;;;15000000;50000;;;;;;;;;;1;;;4
20230313;03;2023;7377010;1;1;01;;2;720.81013944;13;1;1;4;1;1;2;2;2;;2;1;3;2;2;1;3;2;5;5;1;;;98;100000;;;;;;;;;;1;;;7
20230313;03;2023;7377011;1;1;01;;2;1315.2783049;13;1;1;4;1;1;2;2;2;;2;1;3;2;2;1;2;2;5;5;4;;;;50000;;;;;;;;;;1;;;3
20230313;03;2023;7377012;1;1;01;;2;1021.0529891;13;1;4;1;1;1;2;2;2;;2;1;4;3;2;1;3;2;5;5;4;;;;300000;;;;;;;;;;1;;;5
20230313;03;2023;7377013;1;1;01;;2;2402.8812336;13;1;1;4;1;1;2;2;2;;2;1;4;3;2;1;3;2;5;5;1;;;20000000;150000;;;;;;;;;;1;;;9
20230313;03;2023;7377015;1;1;01;;2;1666.5079615;13;1;1;2;1;1;2;2;2;;2;1;3;2;2;1;3;6;5;5;1;;;8000000;30000;;;;;;;;;;1;;;3
20230313;03;2023;7377016;1;1;01;;2;1666.5079615;13;1;1;1;1;1;2;2;2;;2;1;3;1;2;1;3;6;5;5;1;;;20000000;80000;;;;;;;;;;1;;;3
20230313;03;2023;7377017;1;1;01;;2;1523.8331436;13;1;1;1;1;1;2;2;2;;2;1;4;3;2;1;3;6;5;5;4;;;;50000;;;;;;;;;;1;;;6
20230313;03;2023;7377018;1;1;01;;2;1029.0167623;13;1;1;2;1;1;2;2;2;;2;1;3;1;6;;3;6;5;5;1;;;10000000;30000;;;;;;;;;;1;;;2
20230313;03;2023;7377019;1;1;01;;2;699.29616534;70;1;1;2;1;1;1;2;1;3;1;1;3;2;2;1;1;1;1;3;1;;;50000000;400000;;;1;;;;;;;;;;3
20230313;03;2023;7377020;1;1;01;;1;711.93912844;70;2;1;2;1;1;2;2;1;1;1;1;3;2;2;2;1;1;1;4;4;;;;200000;;;;;;;;;;1;;;3
20230313;03;2023;7377021;1;1;01;;1;713.37252333;70;2;1;2;1;1;2;2;1;2;1;1;3;2;2;1;1;1;1;4;4;;;;450000;;;;;;;;;;1;;;3
20230313;03;2023;7377022;1;1;01;;1;932.55709444;70;2;1;2;1;1;2;2;1;2;1;1;3;1;2;1;1;1;6;;4;;;;400000;;;;;;;;;;1;;;1
20230313;03;2023;7377023;1;1;01;;1;518.84860346;70;1;1;2;1;1;2;2;1;2;1;1;3;1;2;1;1;1;5;5;3;;;;;150000;;;;;;;;;1;;;2
20230313;03;2023;7377025;1;1;01;;1;777.01322929;70;1;1;2;1;1;2;2;1;2;1;1;4;1;6;;1;1;6;;1;;;15000000;150000;;;;;;;;;;1;;;1
20230313;03;2023;7377026;1;1;01;;1;832.19797632;70;1;1;2;1;1;2;2;1;2;1;1;3;2;2;1;1;1;1;4;3;;;;;250000;;;;;;;;;1;;;5
20230313;03;2023;7377027;1;1;01;;2;957.47044398;70;1;5;1;1;1;2;2;2;;2;1;3;2;6;;4;3;5;5;5;;;;100000;;;;;;;;;;1;;;4
20230313;03;2023;7377028;1;1;01;;2;921.20838038;70;1;1;2;1;1;2;2;2;;1;1;3;2;2;1;4;1;1;5;4;;;;150000;;;;;;;;;;1;;;2
20230313;03;2023;7377029;1;1;01;;2;620.56091185;70;1;5;1;1;1;2;2;2;;1;1;3;2;2;1;4;1;5;5;1;;;5000000;100000;;;;;;;;;;1;;;3
20230313;03;2023;7377030;1;1;01;;2;880.73751967;70;1;7;1;1;1;2;2;2;;1;1;3;2;2;1;4;1;1;5;4;;;;100000;;;;;;;;;;1;;;3
20230313;03;2023;7377031;1;1;01;;2;1055.7229671;70;1;5;1;1;1;2;2;2;;1;1;3;3;2;1;4;1;5;5;5;;;;100000;;;;;;;;;;1;;;5
20230313;03;2023;7377032;1;1;01;;2;1257.8661193;70;1;5;1;1;1;2;2;2;;1;1;2;2;6;;4;1;5;5;5;;;;100000;;;;;;;;;;1;;;5
20230313;03;2023;7377033;1;1;01;;2;1051.2138364;70;1;5;2;1;1;2;2;2;;1;1;2;2;2;1;4;1;5;5;4;;;;100000;;;;;;;;;;1;;;3
20230313;03;2023;7377034;1;1;01;;2;390.01222991;70;1;5;2;1;1;2;2;2;;1;1;3;2;2;1;4;1;1;5;5;;;;150000;;;;;;;;;;1;;;4
20230313;03;2023;7377035;1;1;01;;2;796.63352835;70;1;5;1;2;;2;2;2;;1;1;2;1;6;;4;1;1;5;4;;;;100000;;;;;;;;;;1;;;1
20230313;03;2023;7377036;1;1;01;;2;543.82798754;70;1;5;1;1;1;2;2;2;;1;1;3;1;2;1;4;1;1;5;5;;;;100000;;;;;;;;;;1;;;2
20230313;03;2023;7377037;1;1;01;;1;979.27413305;70;1;1;2;1;1;2;2;1;2;1;1;3;2;2;1;1;1;1;4;3;;;;;250000;;;;;;;;;1;;;5
20230313;03;2023;7377038;1;1;01;;1;834.56067991;70;2;1;4;1;1;2;2;1;2;1;1;3;1;2;1;1;1;1;4;4;;;;350000;;;;;;;;;;1;;;2
20230313;03;2023;7377039;1;1;01;;1;1001.511412;70;1;1;2;1;1;2;2;1;2;1;1;3;2;2;1;1;1;1;4;3;;;;;200000;;;;;;;;;1;;;5
20230313;03;2023;7377040;1;1;01;;1;558.15980366;70;2;1;4;1;1;2;2;1;2;1;1;3;1;2;1;1;1;1;4;1;;;40000000;300000;;;;;;;;;;1;;;2
20230313;03;2023;7377041;1;1;01;;1;905.03577661;70;2;1;4;1;1;2;2;1;2;1;1;4;2;2;1;1;1;1;4;4;;;;450000;;;1;;;;;;;;;;3
20230313;03;2023;7377042;1;1;01;;2;497.81449399;70;1;4;1;1;1;2;2;2;;1;1;3;3;6;;4;1;5;5;1;;;7000000;70000;;;;;;;;;;1;;;7
20230313;03;2023;7377043;1;1;01;;2;1009.8293543;70;1;1;1;1;1;2;2;2;;1;1;2;1;6;;4;1;4;1;4;;;;100000;;;;;;;;;;1;;;3
20230313;03;2023;7377044;1;1;01;;2;762.14747129;70;1;1;2;1;1;2;2;2;;1;1;3;2;2;1;4;1;1;4;4;;;;150000;;;;;;;;;;1;;;5
20230313;03;2023;7377045;1;1;01;;2;739.58739408;70;1;1;1;1;1;2;2;2;;1;1;3;2;2;1;4;1;1;1;4;;;;100000;;;;;;;;;;1;;;2
20230313;03;2023;7377046;1;1;01;;2;863.25753944;70;1;1;2;1;1;2;2;2;;1;1;3;1;6;;4;1;5;5;1;;;10000000;100000;;;;;;;;;;1;;;1
20230313;03;2023;7377047;1;1;01;;2;476.17874399;70;1;1;2;1;1;2;2;2;;1;1;5;3;6;;4;1;1;4;1;;;10000000;150000;;;;;;;;;;1;;;6
20230313;03;2023;7377048;1;1;01;;2;462.88626614;70;1;4;1;1;1;2;2;2;;1;1;4;3;6;;4;1;5;5;1;;;8000000;80000;;;;;;;;;;1;;;4
20230313;03;2023;7377049;1;1;01;;2;620.56091185;70;1;5;1;1;1;2;2;2;;1;1;3;2;6;;4;1;5;5;4;;;;50000;;;;;;;;;;1;;;3
20230313;03;2023;7377050;1;1;01;;2;380.94299519;70;1;4;1;1;1;2;2;2;;1;1;1;1;6;;4;1;5;5;5;;;;50000;;;;;;;;;;1;;;7
20230313;03;2023;7377051;1;1;01;;2;1111.3593061;70;1;1;1;1;1;2;2;2;;1;1;3;2;2;1;4;1;5;5;3;;;;;50000;;;;;;;;;1;;;3
20230313;03;2023;7377052;1;1;01;;1;346.46671666;70;1;1;2;1;1;2;2;1;2;1;1;4;2;2;1;1;1;1;4;4;;;;250000;;;;;;;;;;1;;;3
20230313;03;2023;7377053;1;1;01;;1;714.90032075;70;1;1;1;1;1;2;2;1;2;1;1;3;2;2;1;1;1;5;5;1;;;10000000;100000;;;;;;;;;;1;;;2
20230313;03;2023;7377054;1;1;01;;1;490.63973154;70;1;1;2;1;1;2;2;1;2;1;1;5;4;2;1;1;1;5;5;1;;;12000000;100000;;;;;;;;;;1;;;7
20230313;03;2023;7377055;1;1;01;;1;531.58076539;70;1;1;2;1;1;2;2;1;2;1;1;4;1;2;1;1;1;1;4;5;;;;200000;;;;;;;;;;1;;;2
20230313;03;2023;7377057;1;1;01;;2;477.77227322;70;1;5;1;1;1;2;2;2;;1;1;3;3;2;1;3;1;5;5;1;;;5000000;150000;;;;;;;;;;1;;;6
20230313;03;2023;7377058;1;1;01;;2;949.52206131;70;1;5;1;1;1;2;2;2;;1;1;3;2;6;;4;1;1;5;1;;;5000000;50000;;;;;;;;;;1;;;5
20230313;03;2023;7377059;1;1;01;;2;959.17369482;70;1;5;1;1;1;2;2;2;;1;1;2;2;6;;4;1;4;1;1;;;4000000;50000;;;;;;;;;;1;;;2
20230313;03;2023;7377060;1;1;01;;2;1036.2000859;70;1;5;1;1;1;2;2;2;;1;1;4;4;2;1;4;1;5;5;5;;;;100000;;;;;;;;;;1;;;6
20230313;03;2023;7377061;1;1;01;;2;1275.1806208;70;1;1;2;1;1;2;2;2;;1;1;3;1;2;1;4;1;1;1;4;;;;100000;;;;;;;;;;1;;;1
20230313;03;2023;7377062;1;1;01;;1;875.90255083;70;1;1;4;1;1;2;2;1;2;1;1;5;1;2;1;1;1;1;4;4;;;;600000;;;;;;;;;;1;;;2
20230313;03;2023;7377064;1;1;01;;1;404.21116943;70;2;1;2;1;1;2;2;1;2;1;1;3;1;2;1;1;1;1;4;1;;;20000000;200000;;;;;;;;;;1;;;2
20230313;03;2023;7377065;1;1;01;;1;729.06570546;70;1;1;2;1;1;2;2;1;2;1;1;3;2;2;1;1;1;1;4;4;;;;150000;;;;;;;;;;1;;;1
20230313;03;2023;7377066;1;1;01;;1;620.17755962;70;1;1;4;1;1;2;2;1;2;1;1;4;1;2;1;1;1;1;4;1;;;25000000;300000;;;;;;;;;;1;;;2
20230313;03;2023;7377067;1;1;01;;2;55.964178601;25;1;1;2;1;2;2;2;2;;1;1;3;2;2;1;5;1;1;4;1;;;90000000;500000;;;;;;;;;;1;;;3
20230313;03;2023;7377068;1;1;01;;2;78.041066173;25;1;1;2;1;2;2;2;2;;1;1;2;1;2;1;5;1;5;5;4;;;;400000;;;;;;;;;;1;;;1
20230313;03;2023;7377069;1;1;01;;2;78.041066173;25;1;1;2;1;2;2;2;2;;1;1;2;1;2;1;5;1;1;4;1;;;70000000;700000;;;;;;;;;;1;;;1
20230313;03;2023;7377070;1;1;01;;2;134.55273299;25;2;1;2;1;2;1;1;1;1;1;1;3;2;1;1;1;1;1;3;2;;600000;30000000;600000;;;1;;;;;;;;;;4
20230313;03;2023;7377071;1;1;01;;2;62.645008266;25;1;1;2;1;2;1;1;1;1;1;1;3;2;1;1;1;1;1;3;4;;;;300000;;;1;;;;;;;;;;2
20230313;03;2023;7377072;1;1;01;;2;136.20326923;25;2;1;2;1;2;1;1;1;1;1;1;2;2;1;1;1;1;1;4;3;;;;;400000;;;;;;;;;1;;;5
20230313;03;2023;7377073;1;1;01;;2;2523.7786676;15;1;5;2;1;2;2;2;1;1;1;1;1;1;2;1;1;1;5;4;3;;;;;150000;;;;;;;;1;;;AHORRO A LA MANO;1
20230313;03;2023;7377074;1;1;01;;2;3458.6079488;15;1;8;1;2;;2;2;1;1;1;1;1;1;3;1;4;10;2;4;1;;;98;150000;;;1;;;;;;;;;;3
20230313;03;2023;7377075;1;1;01;;2;1969.6892711;15;1;5;1;1;1;2;2;1;1;1;1;1;1;2;1;1;6;1;5;2;;200000;8000000;250000;;;1;;;;;;1;;;NEQUI;4
20230313;03;2023;7377076;1;1;01;;2;4268.3475419;15;1;5;1;1;1;2;2;1;1;1;1;3;3;3;2;1;1;4;4;5;;;;300000;;;;;;;;;;1;;;6
20230313;03;2023;7377077;1;1;01;;2;2285.9834804;15;1;1;2;1;2;2;2;1;1;1;1;4;3;2;1;1;1;1;4;3;;;;;250000;;;;;;;;;1;;;4
20230313;03;2023;7377078;1;1;01;;2;2523.7786676;15;1;5;2;2;;2;2;1;1;1;1;1;1;2;1;1;1;1;5;3;;;;;150000;;;;;;;;1;;;NEQUI;1
20230313;03;2023;7377080;1;1;01;;2;1067.0868855;15;1;1;2;1;2;2;2;1;1;1;1;1;1;2;1;5;10;2;4;1;;;98;200000;;;;;;;;;;1;;;2
20230313;03;2023;7377082;1;1;01;;2;1178.6262729;15;1;1;2;1;2;2;2;1;1;1;1;2;1;2;1;1;1;1;5;4;;;;100000;;;;;;;;;;1;;;2
20230313;03;2023;7377083;1;1;01;;1;2803.8395264;15;2;1;4;1;2;1;1;1;2;1;1;3;2;1;1;1;1;1;3;3;;;;;450000;;;;;;;;;1;;;5
20230313;03;2023;7377084;1;1;01;;1;1595.7543689;15;2;1;4;1;2;1;1;1;2;1;1;3;1;1;1;1;10;1;3;3;;;;;400000;;;;;;;;;1;;;1
20230313;03;2023;7377085;1;1;01;;1;1674.9353878;15;2;1;4;1;2;2;1;1;2;1;1;3;2;1;1;1;1;1;4;3;;;;;400000;;;;;;;;1;;;BANCOLOMBIA A LA MANO;3
20230313;03;2023;7377086;1;1;01;;1;2162.3970359;15;2;1;4;1;3;1;1;1;2;1;1;4;3;1;1;1;1;1;3;3;;;;;530000;;1;;;;;;;;;;4
20230313;03;2023;7377087;1;1;01;;1;2349.9555886;15;2;1;4;1;2;1;1;1;2;1;1;4;2;1;1;1;1;1;3;3;;;;;520000;;;;;;;;;1;;;3
20230313;03;2023;7377088;1;1;01;;1;1908.2952532;15;2;1;4;1;2;1;1;1;2;1;1;3;2;1;1;1;1;1;3;3;;;;;450000;;1;;;;1;;;;;;2
20230313;03;2023;7377089;1;1;01;;1;2264.3566732;15;2;1;4;1;3;1;1;1;2;1;1;4;2;1;1;1;1;1;3;3;;;;;550000;;1;;;;;;;;;;3
20230313;03;2023;7377090;1;1;01;;1;1849.8561516;15;2;1;4;1;2;1;1;1;2;1;1;3;2;1;1;1;1;1;3;3;;;;;500000;;;;;;;;;1;;;3
20230313;03;2023;7377091;1;1;01;;1;1447.5792324;15;2;1;4;1;2;1;1;1;2;1;1;3;2;1;1;1;1;1;3;3;;;;;450000;;1;;;;;;;;;;4
20230313;03;2023;7377092;1;1;01;;1;1595.7543689;15;1;1;4;1;3;1;1;1;2;1;1;2;1;1;1;1;1;1;3;2;;500000;150000000;1000000;;;1;;;;;;;;;;1
20230313;03;2023;7377093;1;1;01;;1;1810.4727354;15;2;1;4;1;3;1;1;1;2;1;1;4;1;1;1;1;1;1;3;3;;;;;700000;;1;;;;1;1;;;;;1
20230313;03;2023;7377094;1;1;01;;2;1953.7537593;15;1;1;2;1;2;2;2;1;1;1;1;2;1;3;1;1;1;6;;4;;;;300000;;;1;;;;;;;;;;1
20230313;03;2023;7377095;1;1;01;;2;1204.4161597;15;1;1;2;1;2;2;2;1;1;2;1;1;1;2;1;1;2;1;4;1;;;35000000;150000;;;;;;;;;;1;;;3
20230313;03;2023;7377096;1;1;01;;2;1536.6475386;15;1;5;1;1;1;2;2;1;1;2;1;1;1;2;1;1;2;1;4;3;;;;;150000;;1;;;;;;1;;;NEQUI;3
20230313;03;2023;7377097;1;1;01;;2;1771.4967852;15;1;1;2;1;2;2;2;1;1;1;1;2;1;3;1;1;1;1;4;1;;;20000000;300000;;;1;;;;1;;;;;;2
20230313;03;2023;7377098;1;1;01;;2;1236.4630488;15;1;1;2;1;1;2;2;1;1;1;1;2;2;3;1;1;1;1;4;3;;;;;120000;;1;;;;;;;;;;3
20230313;03;2023;7377099;1;1;01;;2;853.66950838;15;1;1;4;1;2;2;2;1;1;2;1;3;2;2;1;1;10;1;4;4;;;;200000;;;1;;;;;1;1;;;CREDITO AGRARIO;2
20230313;03;2023;7377100;1;1;01;;2;1720.2166031;15;1;1;4;1;2;2;2;1;1;2;1;1;1;2;1;1;3;1;4;4;;;;200000;;;1;;;;;;;;;;4
20230313;03;2023;7377101;1;1;01;;2;1482.250105;15;1;1;2;1;2;2;2;1;1;1;1;2;1;2;1;1;1;1;4;4;;;;250000;;;;;;;;;;1;;;1
20230313;03;2023;7377102;1;1;01;;2;1953.7537593;15;1;5;3;1;2;2;1;1;1;1;1;2;1;1;1;1;1;1;4;4;;;;200000;;1;;;;;;;;;;;1
20230313;03;2023;7377103;1;1;01;;2;1794.8211884;15;1;1;4;1;2;2;2;1;1;2;1;3;3;3;1;1;2;1;4;4;;;;500000;;;1;;;;;;;;;;4
20230313;03;2023;7377104;1;1;01;;1;1645.6216929;15;1;1;4;1;2;1;1;1;2;1;1;2;1;1;1;1;1;1;3;3;;;;;450000;;1;;;;;;;;;;1
20230313;03;2023;7377105;1;1;01;;1;1645.6216929;15;2;1;4;1;2;1;1;1;2;1;1;2;1;1;1;5;1;3;3;3;;;;;350000;;1;;;;;;;;;;1
20230313;03;2023;7377106;1;1;01;;1;1673.6302509;15;1;1;2;1;2;1;1;1;2;1;1;1;1;1;1;1;1;1;3;4;;;;300000;;;;;;;;;;1;;;2
20230313;03;2023;7377107;1;1;01;;1;1995.9380379;15;1;1;2;1;2;1;1;1;2;1;1;1;1;1;1;1;1;1;3;3;;;;;300000;;;;;;;;;1;;;3
20230313;03;2023;7377108;1;1;01;;1;1496.1160418;15;1;1;4;1;2;1;1;1;2;1;1;3;2;1;1;1;1;1;3;1;;;99;450000;;;1;;;;;;1;;;NEQUI;3
20230313;03;2023;7377109;1;1;01;;1;1496.1160418;15;1;1;4;1;2;1;1;1;2;1;1;3;2;1;1;1;1;1;3;1;;;80000000;350000;;;1;;;;;;;;;;3
20230313;03;2023;7377110;1;1;01;;1;1692.4325228;15;2;1;4;1;2;1;1;1;2;1;1;3;2;1;1;1;1;1;3;4;;;;400000;;;;;;;;;;1;;;2
20230313;03;2023;7377111;1;1;01;;1;1841.0858975;15;2;1;4;1;2;1;1;1;2;1;1;3;2;1;1;1;1;1;3;3;;;;;350000;;;;;;;;;1;;;4
20230313;03;2023;7377112;1;1;01;;1;2066.0251086;15;2;1;4;1;2;1;1;1;2;1;1;2;2;1;1;1;1;3;3;1;;;98;400000;;;1;;;;;;1;;;CREDITO AGRICOLA;5
20230313;03;2023;7377113;1;1;01;;1;1437.338978;15;2;1;4;1;2;2;1;1;2;1;1;3;2;1;1;1;1;1;4;1;;;99;600000;;;1;;;;;;1;;;DAVIPLATA;2
20230313;03;2023;7377114;1;1;01;;1;1645.6216929;15;2;1;4;1;2;1;1;1;2;1;1;2;1;1;1;1;1;1;3;3;;;;;300000;;1;;;;1;1;;;;;1
20230313;03;2023;7377115;1;1;01;;1;1673.6302509;15;2;1;4;1;2;1;1;1;2;1;1;3;2;1;1;1;1;1;3;3;;;;;350000;;;;;;;;;1;;;2
20230313;03;2023;7377120;1;1;01;;2;3492.2843525;15;1;5;2;1;2;2;1;1;1;1;1;2;2;1;1;1;1;1;4;3;;;;;150000;;;;;;;;;1;;;5
20230313;03;2023;7377121;1;1;01;;2;1678.3165142;15;1;1;4;1;2;1;1;1;1;1;1;4;3;1;1;1;1;1;3;1;;;60000000;450000;;;1;;;;;;;;;;4
20230313;03;2023;7377122;1;1;01;;2;1678.3165142;15;1;5;2;1;1;2;1;1;1;1;1;3;2;1;1;1;1;1;4;3;;;;;250000;;;;;;;;;1;;;4
20230313;03;2023;7377123;1;1;01;;2;1792.0876624;15;1;5;2;1;2;1;1;1;1;1;1;4;4;1;1;1;1;1;3;1;;;35000000;150000;;;;;;;;;1;;;AHORRO A LA MANO;4
20230313;03;2023;7377124;1;1;01;;2;1231.7892543;15;1;1;4;1;2;1;1;1;1;1;1;3;2;1;1;1;1;1;3;4;;;;300000;;;;;;;;;1;;;AHORRO A LA MANO;3
20230313;03;2023;7377125;1;1;01;;2;1456.5980878;15;1;1;4;1;2;2;1;1;1;1;1;2;1;1;1;1;10;1;4;3;;;;;200000;;1;;;;;;;;;;3
20230313;03;2023;7377126;1;1;01;;2;1596.1184832;15;1;1;2;1;2;2;1;1;1;1;1;3;3;1;1;1;1;1;4;3;;;;;200000;;;;;;;;;1;;;4
20230313;03;2023;7377127;1;1;01;;2;1231.7892543;15;1;1;4;1;1;2;1;1;1;1;1;2;1;1;1;1;1;1;4;1;;;45000000;300000;;;1;;;;1;1;;;;;3
20230313;03;2023;7377128;1;1;01;;2;873.07108812;15;1;1;4;1;2;2;1;1;1;1;1;2;1;1;1;1;1;1;4;1;;;300000000;350000;;;;;;;;;;1;;;2
20230313;03;2023;7377131;1;1;01;;2;2549.9143043;15;1;1;4;1;1;2;1;1;1;1;1;3;2;1;1;1;1;1;4;3;;;;;300000;;;;;;;;;1;;;4
20230313;03;2023;7377132;1;1;01;;1;958.38269091;15;3;1;4;1;2;1;1;1;1;1;1;1;1;1;2;1;1;6;;3;;;;;100000;;;;;;;;;1;;;1
20230313;03;2023;7377133;1;1;01;;1;1284.4467781;15;3;1;4;1;2;1;1;1;1;1;1;1;1;1;2;1;1;1;3;3;;;;;150000;;1;;;;;;;;;;2
20230313;03;2023;7377134;1;1;01;;1;1363.9074011;15;3;1;4;1;2;1;1;1;1;1;1;1;1;1;2;1;1;1;4;3;;;;;150000;;;;;;;;;1;;;3
20230313;03;2023;7377135;1;1;01;;1;1033.90162;15;3;1;4;1;2;1;1;1;1;1;1;1;1;1;2;1;1;1;4;3;;;;;150000;;;;;;;;;1;;;2
20230313;03;2023;7377136;1;1;01;;1;1275.8328546;15;2;1;4;1;2;1;1;1;1;1;1;4;1;1;1;1;1;1;3;4;;;;200000;;;;;;;;;;1;;;1
20230313;03;2023;7377137;1;1;01;;1;745.74734432;15;3;1;4;1;2;1;1;1;1;1;1;1;1;1;2;1;1;1;3;3;;;;;150000;;1;;;;;;;;;;3
20230313;03;2023;7377138;1;1;01;;1;1012.4900005;15;2;1;4;1;2;1;1;1;1;1;1;4;2;1;1;1;1;1;3;6;;;;400000;;;;;;;;;;1;;;2
20230313;03;2023;7377139;1;1;01;;1;1954.6209036;15;1;1;4;1;1;1;1;1;1;1;1;6;3;1;1;1;1;1;3;4;;;;350000;;;1;;;;;;;;;;5
20230313;03;2023;7377140;1;1;01;;1;1099.1984491;15;1;5;2;1;1;2;1;1;1;1;1;2;1;1;1;1;1;1;4;4;;;;100000;;;;;;;;;;1;;;3
20230313;03;2023;7377141;1;1;01;;1;1371.5007944;15;3;1;2;1;1;1;1;1;1;1;1;1;1;1;2;1;1;1;3;3;;;;;250000;;;;;;;;;1;;;2
20230313;03;2023;7377142;1;1;01;;1;2090.3248097;15;1;1;4;1;2;1;1;1;1;1;1;5;4;1;1;1;1;1;3;3;;;;;600000;;1;;;;1;;;;;;7
20230313;03;2023;7377143;1;1;01;;1;988.33215;15;1;1;4;1;1;2;1;1;1;1;1;3;1;1;1;1;1;1;4;3;;;;;100000;;;;;;;;;1;;;1
20230313;03;2023;7377144;1;1;01;;1;1261.4976029;15;2;1;4;1;1;1;1;1;1;1;1;3;2;1;1;1;1;1;3;3;;;;;400000;;;;;;;;;1;;;5
20230313;03;2023;7377145;1;1;01;;1;1480.6230065;15;1;1;4;1;1;1;1;1;1;1;1;4;3;1;1;1;1;1;3;1;;;100000000;400000;;;1;;;;;;;;;;3
20230313;03;2023;7377146;1;1;01;;1;965.52139048;15;3;1;4;1;1;1;1;1;1;1;1;2;1;1;1;1;1;1;3;1;;;80000000;160000;;;1;;;;;;;;;;1
20230313;03;2023;7377147;1;1;01;;1;1203.9553528;15;1;1;2;1;2;2;1;1;1;1;1;4;1;1;1;1;1;1;4;3;;;;;300000;;;;;;;;;1;;;3
20230313;03;2023;7377148;1;1;01;;1;1542.8316324;15;3;1;2;1;1;1;1;1;1;1;1;1;1;1;2;1;1;1;3;3;;;;;300000;;;;;;;;;1;;;2
20230313;03;2023;7377149;1;1;01;;1;1159.6629881;15;3;1;2;1;1;1;1;1;1;1;1;1;1;1;2;1;1;6;;4;;;;200000;;;;;;;;;;1;;;1
20230313;03;2023;7377150;1;1;01;;1;1651.9538445;15;3;1;2;1;1;1;1;1;1;1;1;1;1;1;2;1;1;1;3;3;;;;;300000;;;;;;;;;1;;;3
20230313;03;2023;7377151;1;1;01;;2;885.34506404;15;1;5;1;1;1;2;2;2;;2;1;4;2;3;1;4;4;1;5;3;;;;;300000;;1;;;;;;;;;;2
20230313;03;2023;7377152;1;1;01;;2;2012.0148238;15;1;5;3;1;1;2;2;2;;2;1;4;2;3;1;4;6;5;5;4;;;;300000;;;;;;;;;;1;;;4
20230313;03;2023;7377153;1;1;01;;2;1326.4790324;15;1;5;1;1;1;2;2;2;;2;1;3;3;3;1;4;2;5;5;3;;;;;120000;;;;;;;;;1;;;3
20230313;03;2023;7377154;1;1;01;;2;1234.5981743;15;1;5;1;1;1;2;2;2;;2;1;3;1;3;1;3;2;5;5;1;;;20000000;200000;;;;;;;;;;1;;;1
20230313;03;2023;7377155;1;1;01;;2;1249.1062309;15;1;5;3;1;1;2;2;2;;2;1;2;1;3;1;4;6;5;5;4;;;;200000;;;;;;;;;;1;;;3
20230313;03;2023;7377156;1;1;01;;1;958.38269091;15;2;1;4;1;2;1;1;1;1;1;1;3;1;1;1;1;1;1;3;3;;;;;300000;;1;;;;;;;;;;1
20230313;03;2023;7377157;1;1;01;;1;1124.5216854;15;3;1;4;1;2;1;1;1;1;1;1;1;1;1;2;1;1;6;;3;;;;;120000;;;;;;;;;1;;;1
20230313;03;2023;7377158;1;1;01;;1;1230.3371638;15;2;1;4;1;1;2;1;1;1;1;1;3;1;1;1;1;1;1;4;3;;;;;400000;;;;;;;;;1;;;2
20230313;03;2023;7377159;1;1;01;;2;1280.5386034;15;1;5;1;1;1;2;2;2;;2;1;4;1;2;1;4;2;1;5;4;;;;100000;;;1;;;;;;;;;;2
20230313;03;2023;7377160;1;1;01;;2;1280.5386034;15;1;1;2;1;1;2;2;2;;2;1;2;1;3;1;4;6;1;5;5;;;;200000;;;;;;;;;;1;;;2
20230313;03;2023;7377161;1;1;01;;2;1933.8711315;15;1;1;2;1;1;2;2;2;;2;1;4;3;2;1;4;2;1;5;1;;;24000000;200000;;;;;;;;;;1;;;4
20230313;03;2023;7377162;1;1;01;;2;3377.3434384;15;1;5;2;1;0;2;2;2;;2;1;3;1;2;1;4;3;1;5;3;;;;;400000;;1;;;;1;;;;;;3
20230313;03;2023;7377163;1;1;01;;2;1523.0159443;15;1;5;1;1;1;2;2;2;;2;1;3;2;2;1;5;4;1;5;4;;;;200000;;;1;;;;;;;;;;4
20230313;03;2023;7377164;1;1;01;;2;1658.0987905;15;1;1;4;1;1;2;2;2;;1;1;4;2;2;1;4;1;1;5;3;;;;;100000;;;;;;;;;1;;;3
20230313;03;2023;7377165;1;1;01;;2;2168.9336759;15;1;1;4;1;2;2;2;2;;2;1;3;2;3;1;4;4;4;5;3;;;;;60000;;1;;;;;;;;;;4
20230313;03;2023;7377166;1;1;01;;2;2803.2048674;15;1;5;3;1;2;2;2;2;;2;1;2;2;2;1;4;2;1;4;4;;;;200000;;;;;;;;;;1;;;6
20230313;03;2023;7377167;1;1;01;;2;2674.8494505;15;1;5;1;1;1;2;2;2;;1;1;3;2;6;;3;1;1;5;5;;;;80000;;;;;;;;;;1;;;2
20230313;03;2023;7377168;1;1;01;;2;1921.5615663;15;1;5;3;1;9;2;2;2;;1;1;4;1;2;1;5;1;1;5;4;;;;100000;;;;;;;;;;1;;;1
20230313;03;2023;7377169;1;1;01;;2;1600.6732542;15;1;1;4;1;1;2;2;2;;1;1;3;2;2;1;3;1;1;5;4;;;;100000;;;1;;;;;;;;;;2
20230313;03;2023;7377170;1;1;01;;2;1222.3594058;15;1;1;4;1;2;2;2;2;;1;1;4;2;3;1;4;1;1;5;1;;;90000000;300000;;;;;;;;;;1;;;2
20230313;03;2023;7377171;1;1;01;;2;1106.68133;15;1;1;2;1;2;2;2;2;;2;1;3;2;3;1;4;6;1;5;3;;;;;100000;;1;;;;;;;;;;3
20230313;03;2023;7377172;1;1;01;;2;3107.2490226;15;1;1;2;1;2;2;2;2;;1;1;4;3;2;1;4;1;1;5;3;;;;;120000;;;;;;;;;;1;;4
20230313;03;2023;7377173;1;1;01;;2;2428.2308316;15;1;1;1;2;;2;2;2;;2;1;3;3;2;1;4;2;1;5;1;;;30000000;250000;;;;;;;;;;1;;;5
20230313;03;2023;7377174;1;1;01;;1;1143.661097;15;2;1;4;1;2;1;1;1;1;1;1;3;1;1;1;1;1;3;3;3;;;;;400000;;;;;;;;;1;;;2
20230313;03;2023;7377178;1;1;01;;1;553.3418301;68;1;1;4;1;2;2;1;1;3;1;1;3;1;1;1;1;1;1;4;3;;;;;450000;;1;;;;;;;;;;3
20230313;03;2023;7377179;1;1;01;;1;834.42477613;68;2;1;4;1;2;2;1;1;3;1;1;3;1;1;1;1;1;1;4;3;;;;;450000;;1;;;;;;;;;;3
20230313;03;2023;7377180;1;1;01;;1;663.32178299;68;2;1;4;1;2;2;1;1;3;1;1;4;3;1;1;1;1;1;4;3;;;;;500000;;;;;;;;;1;;;4
20230313;03;2023;7377181;1;1;01;;1;1362.0826859;68;2;1;4;1;3;1;1;1;3;1;1;3;2;1;1;1;1;1;3;3;;;;;550000;;1;;;;;;;;;;3
20230313;03;2023;7377183;1;1;01;;1;1295.706851;68;2;1;4;1;3;1;1;1;3;1;1;3;2;1;1;1;1;1;3;3;;;;;450000;;;;;;;;;1;;;4
20230313;03;2023;7377184;1;1;01;;1;499.02629304;68;1;1;4;1;2;2;1;1;3;1;1;4;1;1;1;1;1;1;4;1;;;150000000;600000;;;1;;;;;;;;;;2
20230313;03;2023;7377185;1;1;01;;1;1272.1083344;68;2;1;4;1;3;1;1;1;3;1;1;3;1;1;1;1;1;1;3;3;;;;;520000;;1;;;;;;;;;;2
20230313;03;2023;7377186;1;1;01;;1;965.89546341;68;2;1;4;1;4;2;1;1;6;1;1;4;2;1;1;1;1;1;4;1;;;180000000;700000;;;1;;;;;;;;;;3
20230313;03;2023;7377187;1;1;01;;1;1256.4902342;68;2;1;4;1;4;2;1;1;6;1;1;2;1;1;1;1;1;1;4;1;;;150000000;600000;;;;;;;;;;1;;;2
20230313;03;2023;7377188;1;1;01;;1;935.67429945;68;2;1;4;1;4;2;1;1;6;1;1;5;1;1;1;1;1;1;4;1;;;200000000;600000;;;;;;;1;;;;;;2
20230313;03;2023;7377189;1;1;01;;2;786.05836753;68;1;1;2;1;2;2;2;1;3;1;1;3;1;2;1;1;1;3;4;1;;;150000000;1000000;;;1;;;;;;;;;;2
20230313;03;2023;7377190;1;1;01;;2;879.89557182;68;1;1;4;1;2;2;2;1;3;1;1;4;2;2;1;1;1;1;4;1;;;350000000;1200000;;;1;;;;;;;;;;2
20230313;03;2023;7377191;1;1;01;;2;1136.9330728;68;1;1;4;1;2;2;2;1;3;1;1;5;1;2;1;1;1;3;4;1;;;300000000;2000000;;;1;;;;;;;;;;2
20230313;03;2023;7377192;1;1;01;;2;1816.9692222;68;1;1;4;1;2;2;2;1;3;1;1;4;3;2;1;1;1;3;4;1;;;80000000;200000;;;;;;;;;;1;;;4
20230313;03;2023;7377193;1;1;01;;2;2218.9943193;68;1;1;2;1;1;2;2;2;;2;1;4;3;2;1;4;6;1;5;3;;;;;100000;;;;;;;;;1;;;5
20230313;03;2023;7377194;1;1;01;;2;786.05836753;68;1;1;4;1;1;2;2;2;;2;1;3;1;2;1;4;6;1;4;6;;;;350000;;;1;;;;;;;;;;2
20230313;03;2023;7377195;1;1;01;;2;786.05836753;68;1;1;4;1;1;2;2;2;;2;1;1;1;2;1;4;2;1;4;1;;;120000000;800000;;;;;;;;;;1;;;2
20230313;03;2023;7377196;1;1;01;;2;1242.0491283;68;1;1;4;1;1;2;2;2;;2;1;4;2;2;1;4;2;1;5;1;;;80000000;300000;;;;;;;;;;1;;;3
20230313;03;2023;7377197;1;1;01;;2;2206.1132634;68;1;1;2;1;1;2;2;2;;2;1;3;2;2;1;4;6;1;5;1;;;60000000;200000;;;;;;;;;;1;;;3
20230313;03;2023;7377198;1;1;01;;2;1136.9330728;68;1;1;2;1;1;2;2;2;;2;1;2;1;2;1;5;2;1;4;2;;600000;200000000;400000;;;1;;1;;1;;;;;;2
20230313;03;2023;7377199;1;1;01;;2;1096.1446162;68;1;1;4;1;1;2;2;2;;2;1;3;1;2;1;4;4;1;4;4;;;;250000;;;;;;;;;;1;;;1
20230313;03;2023;7377200;1;1;01;;2;1096.1446162;68;1;1;4;1;1;2;2;2;;2;1;3;1;2;1;4;6;1;4;1;;;130000000;350000;;;;;;;;;;1;;;1
20230313;03;2023;7377201;1;1;01;;2;1859.1150978;68;1;1;3;1;1;2;2;2;;2;1;3;1;2;1;4;6;1;5;1;;;40000000;250000;;;;;;;;;;1;;;1
20230313;03;2023;7377202;1;1;01;;2;1188.2303688;68;1;1;4;1;1;2;2;2;;2;1;4;2;2;1;4;6;1;5;1;;;70000000;300000;;;;;;;;;;1;;;6
20230313;03;2023;7377203;1;1;01;;1;876.82980388;68;2;1;4;1;4;2;1;1;6;1;1;2;1;1;1;1;1;1;4;3;;;;;500000;;;;;;;;;1;;;1
20230313;03;2023;7377204;1;1;01;;2;1188.2909912;54;1;1;2;1;2;2;2;1;2;2;1;4;3;2;1;1;3;1;4;5;;;;200000;;;;;;;;;;1;;;4
20230313;03;2023;7377205;1;1;01;;2;372.40984175;54;1;7;1;1;2;2;2;1;2;2;1;3;1;3;1;1;3;1;1;5;;;;50000;;;;;;;;;;1;;;2
20230313;03;2023;7377206;1;1;01;;2;1085.237749;54;1;5;3;1;2;2;2;1;2;2;1;2;1;3;1;1;3;1;4;4;;;;50000;;;;;;;;;;1;;;2
20230313;03;2023;7377208;1;1;01;;1;2198.8837348;54;1;1;4;1;3;1;1;1;2;1;1;2;1;1;1;1;1;1;3;4;;;;300000;;;;;;;;;;1;;;3
20230313;03;2023;7377209;1;1;01;;1;2018.1477305;54;1;1;4;1;3;1;1;1;2;1;1;3;3;1;1;1;1;1;3;1;;;180000000;800000;;;1;;;;;;;;;;3
20230313;03;2023;7377210;1;1;01;;1;1016.0272475;54;1;1;4;1;2;1;1;1;2;1;1;3;2;1;1;1;1;1;3;1;;;150000000;400000;;;;;;;;;;1;;;4
20230313;03;2023;7377211;1;1;01;;1;964.56779444;54;1;1;4;1;2;1;1;1;2;1;1;4;2;1;1;1;1;1;3;4;;;;500000;;;1;;;;;;;;;;3
20230313;03;2023;7377212;1;1;01;;1;1562.716784;54;1;1;2;1;2;1;1;1;2;1;1;3;2;1;1;1;1;1;3;4;;;;250000;;;;;;;;;;1;;;6
20230313;03;2023;7377213;1;1;01;;1;818.24624714;54;1;1;2;1;2;1;1;1;2;1;1;5;1;1;1;1;1;1;3;1;;;99;300000;;;;;;;;;;1;;;2
20230313;03;2023;7377214;1;1;01;;1;818.24624714;54;1;1;4;1;2;1;1;1;2;1;1;4;1;1;1;1;1;1;3;1;;;80000000;250000;;;;;;;;;;1;;;2
20230313;03;2023;7377215;1;1;01;;1;1258.9937294;54;1;1;4;1;2;1;1;1;2;1;1;3;1;1;1;1;1;1;3;3;;;;;350000;;;;;;;;;1;;;4
20230313;03;2023;7377216;1;1;01;;1;773.54266994;54;1;1;2;1;2;1;1;1;2;1;1;3;1;1;1;1;1;1;3;4;;;;400000;;;;;;;;;;1;;;1
20230313;03;2023;7377217;1;1;01;;1;1000.2142239;54;1;1;4;1;2;1;1;1;2;1;1;4;2;1;1;1;1;1;3;4;;;;300000;;;;;;;;;;1;;;3
20230313;03;2023;7377218;1;1;01;;1;791.81786922;54;1;1;4;1;2;1;1;1;2;1;1;3;1;1;1;1;1;1;3;4;;;;300000;;;1;;;;;;;;;;1
20230313;03;2023;7377219;1;1;01;;1;1986.5312092;54;2;1;4;1;3;1;1;1;2;1;1;4;1;1;1;1;1;1;3;3;;;;;500000;;1;;;;;;;;;;2
20230313;03;2023;7377220;1;1;01;;1;1765.92771;54;1;1;2;1;3;1;1;1;2;1;1;5;2;1;1;1;1;1;3;4;;;;1000000;;;1;;;;;;;;;;2
20230313;03;2023;7377222;1;1;01;;1;1607.4871455;54;2;1;4;1;3;1;1;1;2;1;1;3;2;1;1;1;1;1;3;4;;;;350000;;;1;;;;;;;;;;3
20230313;03;2023;7377223;1;1;01;;2;881.34107782;54;1;1;4;1;2;2;2;2;;2;1;5;1;2;1;4;2;1;4;6;;;;400000;;;1;;;;;;;;;;2
20230313;03;2023;7377224;1;1;01;;2;609.3459197;54;1;1;2;1;2;2;2;2;;2;1;5;3;3;1;4;2;1;4;1;;;70000000;300000;;;;;;;;;;1;;;4
20230313;03;2023;7377225;1;1;01;;2;609.3459197;54;1;1;2;1;2;2;2;2;;2;1;5;3;2;1;4;2;1;4;2;;800000;30000000;600000;;;1;;1;;;1;;;;;4
20230313;03;2023;7377226;1;1;01;;2;1817.5219869;54;1;5;2;1;2;2;2;2;;2;1;3;2;2;1;4;2;1;5;5;;;;400000;;;;;;;;;;1;;;6
20230313;03;2023;7377227;1;1;01;;2;1230.8797031;54;1;1;2;1;2;2;2;2;;2;1;3;2;2;1;4;2;1;4;3;;;;;300000;;;;;;;;;1;;;3
20230313;03;2023;7377228;1;1;01;;2;1296.1062737;54;1;1;2;1;2;2;2;2;;2;1;4;2;3;1;4;2;1;4;1;;;80000000;400000;;;;;;;;;;1;;;3
20230313;03;2023;7377229;1;1;01;;2;1058.0242642;54;1;5;1;1;2;2;2;2;;2;1;3;1;6;;4;2;1;5;4;;;;200000;;;;;;;;;;1;;;1
20230313;03;2023;7377230;1;1;01;;2;609.3459197;54;1;1;2;1;2;2;2;2;;2;1;3;2;2;1;4;2;1;4;5;;;;400000;;;;;;;;;;1;;;2
20230313;03;2023;7377231;1;1;01;;2;609.3459197;54;2;1;2;1;2;2;2;2;;2;1;1;1;2;1;4;2;1;4;4;;;;150000;;;1;;;;;;;;;;1
20230313;03;2023;7377232;1;1;01;;2;609.3459197;54;1;5;3;1;2;2;2;2;;2;1;1;1;3;1;4;2;1;4;1;;;10000000;150000;;;1;;;;;;;;;;7
20230313;03;2023;7377234;1;1;01;;2;1319.9649406;54;1;1;2;1;2;2;2;2;;1;1;5;4;2;1;4;1;1;5;4;;;;300000;;;;;;;;;;1;;;6
20230313;03;2023;7377235;1;1;01;;2;609.3459197;54;1;1;4;1;2;2;2;2;;1;1;4;3;2;1;4;1;1;5;4;;;;300000;;;1;;;;;;;;;;3
20230313;03;2023;7377236;1;1;01;;2;1419.3769402;54;1;1;2;1;2;2;2;2;;1;1;3;3;3;1;4;1;1;5;4;;;;200000;;;;;;;;;;1;;;6
20230313;03;2023;7377237;1;1;01;;2;609.3459197;54;1;1;2;1;2;2;2;2;;1;1;3;2;2;1;4;1;1;5;4;;;;200000;;;;;;;;;;1;;;3
20230313;03;2023;7377238;1;1;01;;2;881.34107782;54;1;3;1;1;2;2;2;2;;1;1;3;1;2;1;4;1;1;5;5;;;;200000;;;;;;;;;;1;;;2
20230313;03;2023;7377239;1;1;01;;2;609.3459197;54;1;3;2;1;2;2;2;2;;1;1;2;1;2;1;4;1;1;5;4;;;;300000;;;1;;;;;;;;;;2
20230313;03;2023;7377240;1;1;01;;2;1441.1705872;54;1;1;2;1;2;2;2;2;;1;1;3;1;6;;4;1;1;5;4;;;;200000;;;;;;;;;;1;;;1
20230313;03;2023;7377241;1;1;01;;2;1408.4994544;54;1;3;2;1;2;2;2;2;;1;1;3;2;2;1;4;1;1;5;4;;;;200000;;;;;;;;;;1;;;4
20230313;03;2023;7377242;1;1;01;;2;609.3459197;54;1;1;4;1;2;2;2;2;;1;1;3;1;2;1;4;1;1;4;4;;;;400000;;;;;;;;;;1;;;2
20230313;03;2023;7377243;1;1;01;;2;609.3459197;54;1;1;2;1;2;2;2;2;;1;1;4;3;2;1;4;1;1;5;4;;;;300000;;;;;;;;;;1;;;2
20230313;03;2023;7377246;1;1;01;;2;609.3459197;54;1;1;2;1;2;2;2;1;1;1;1;2;1;2;1;1;1;1;5;4;;;;250000;;;;;;;;;;1;;;2
20230313;03;2023;7377247;1;1;01;;2;609.3459197;54;1;1;4;1;2;2;2;1;1;1;1;3;1;2;1;1;1;1;5;4;;;;300000;;;;;;;;;;1;;;1
20230313;03;2023;7377248;1;1;01;;2;859.70749261;54;1;1;2;1;2;2;2;1;1;1;1;6;1;2;1;1;1;1;5;5;;;;350000;;;;;;;;;;1;;;3
20230313;03;2023;7377249;1;1;01;;2;1645.6448989;54;1;1;2;1;2;2;2;1;1;1;1;3;2;2;1;1;1;1;5;4;;;;200000;;;;;;;;;;1;;;4
20230313;03;2023;7377250;1;1;01;;2;609.3459197;54;1;1;4;1;2;2;2;1;1;1;1;3;2;2;1;1;2;1;5;4;;;;150000;;;;;;;;;;1;;;3
20230313;03;2023;7377251;1;1;01;;2;609.3459197;54;1;1;2;1;2;2;2;1;1;1;1;3;1;2;1;1;1;1;5;4;;;;300000;;;;;;;;;;1;;;2
20230313;03;2023;7377252;1;1;01;;2;859.70749261;54;1;1;2;1;2;2;2;1;1;1;1;3;2;2;1;1;1;1;4;4;;;;300000;;;;;;;;;;1;;;3
20230313;03;2023;7377253;1;1;01;;2;2013.8212159;54;1;1;4;1;2;2;2;1;1;1;1;3;2;2;1;1;1;1;5;3;;;;;150000;;;;;;;;;1;;;5
20230313;03;2023;7377254;1;1;01;;2;1441.1705872;54;1;1;2;1;2;2;2;1;1;1;1;3;1;2;1;1;1;1;5;4;;;;200000;;;;;;;;;;1;;;1
20230313;03;2023;7377255;1;1;01;;2;704.65789148;54;1;1;2;1;2;2;2;1;1;1;1;3;2;2;1;1;1;1;4;5;;;;250000;;;;;;;;;;1;;;3
20230313;03;2023;7377256;1;1;01;;1;1765.92771;54;2;1;4;1;3;1;1;1;2;1;1;4;1;1;1;1;1;1;3;3;;;;;500000;;1;;;;;;;;;;2
20230313;03;2023;7377257;1;1;01;;1;1607.4871455;54;1;1;4;1;3;1;1;1;2;1;1;4;2;1;1;1;1;1;3;1;;;250000000;500000;;;1;;;;1;;;;;;3
20230313;03;2023;7377258;1;1;01;;1;989.36785546;54;1;1;4;1;2;2;1;1;2;1;1;6;1;1;1;1;1;1;4;1;;;100000000;400000;;;1;;;;;;;;;;2
20230313;03;2023;7377259;1;1;01;;1;913.69393141;54;1;1;4;1;2;2;1;1;2;1;1;3;2;1;1;1;1;1;4;3;;;;;300000;;1;;;;;;;;;;2
20230313;03;2023;7377260;1;1;01;;1;1107.7844937;54;1;1;4;1;2;2;1;1;2;1;1;4;3;1;1;1;1;3;4;3;;;;;350000;;1;;;;;;;;;;4
20230313;03;2023;7377261;1;1;01;;1;880.61737574;54;1;1;4;1;2;2;1;1;2;1;1;5;3;1;1;1;1;1;4;4;;;;250000;;;1;;;;;;;;;;3
20230313;03;2023;7377262;1;1;01;;1;883.2246286;54;1;1;2;1;2;2;1;1;2;1;1;5;3;1;1;1;1;1;4;1;;;120000000;300000;;;1;;;;;;;;;;4
20230313;03;2023;7377263;1;1;01;;1;668.90513953;54;1;1;4;1;2;2;1;1;2;1;1;5;2;1;1;1;1;3;4;3;;;;;350000;;1;;;;;;;;;;3
20230313;03;2023;7377264;1;1;01;;1;724.91561739;54;1;1;2;1;2;2;1;1;2;1;1;3;2;1;1;1;1;1;4;1;;;90000000;350000;;;1;;;;;;;;;;3
20230313;03;2023;7377265;1;1;01;;1;774.66474795;54;1;1;4;1;2;2;1;1;2;1;1;4;1;1;1;1;1;1;4;3;;;;;200000;;;;;;;;;1;;;4
20230313;03;2023;7377266;1;1;01;;1;895.24517553;54;1;1;2;1;1;2;1;1;2;1;1;5;2;1;1;1;1;1;4;3;;;;;180000;;1;;;;;;;;;;3
20230313;03;2023;7377267;1;1;01;;1;949.47548252;54;2;1;4;1;1;2;1;1;2;1;1;3;2;1;1;1;1;3;4;2;;1200000;150000000;400000;;;1;;1;;;;;;;;3
20230313;03;2023;7377268;1;1;01;;1;1095.1274639;54;1;1;4;1;2;2;1;1;2;1;1;5;2;1;1;1;1;1;4;4;;;;300000;;;1;;;;;;;;;;3
20230313;03;2023;7377269;1;1;01;;1;756.31126887;54;1;1;2;1;1;2;1;1;2;1;1;3;1;1;1;1;1;1;4;3;;;;;250000;;1;;;;;;;;;;2
20230313;03;2023;7377270;1;1;01;;1;764.80799033;54;1;1;2;1;1;2;1;1;2;1;1;4;2;1;1;1;1;3;4;3;;;;;250000;;;;;;;;;1;;;2
20230313;03;2023;7377271;1;1;01;;1;917.70795233;54;1;1;2;1;1;2;1;1;2;1;1;5;3;1;1;1;1;1;4;5;;;;250000;;;1;;;;;;;;;;4
20230313;03;2023;7377272;1;1;01;;1;727.14946744;54;1;1;2;1;1;2;1;1;2;1;1;4;2;1;1;1;1;3;4;1;;;50000000;250000;;;1;;;;;;;;;;5
20230313;03;2023;7377273;1;1;01;;1;1091.0181661;54;1;1;4;1;1;2;1;1;2;1;1;3;2;1;1;1;1;1;4;5;;;;150000;;;1;;;;;;;;;;4
20230313;03;2023;7377275;1;1;01;;1;792.09281998;54;1;3;2;1;2;2;1;1;2;1;1;3;2;1;1;1;1;1;4;4;;;;99;;;1;;;;;;;;;;3
20230313;03;2023;7377276;1;1;01;;1;1055.236615;54;1;1;2;1;1;2;1;1;2;1;1;3;2;1;1;1;1;1;4;5;;;;250000;;;;;;;;;;1;;;3
20230313;03;2023;7377277;1;1;01;;1;743.65423901;54;2;1;4;1;1;2;1;1;2;1;1;4;1;1;1;1;1;1;4;4;;;;300000;;;1;;;;;;;;;;1
20230313;03;2023;7377278;1;1;01;;1;814.55559678;54;1;1;4;1;1;2;1;1;2;1;1;3;2;1;1;1;1;3;4;1;;;50000000;300000;;;1;;1;;1;;;;;;4
20230313;03;2023;7377280;1;1;01;;2;2553.6146018;54;2;1;2;1;2;2;1;1;2;1;1;4;2;1;1;1;1;1;4;3;;;;;300000;;1;;;;;;;;;;5
20230313;03;2023;7377281;1;1;01;;2;2012.4839088;54;1;1;4;1;2;2;1;1;2;1;1;4;3;1;1;1;1;3;4;1;;;80000000;500000;;;1;;;;;;;;;;4
20230313;03;2023;7377282;1;1;01;;2;1108.6049897;54;1;1;2;1;2;2;1;1;2;1;1;2;1;1;1;1;1;1;4;5;;;;150000;;;;;;;;;;1;;;1
20230313;03;2023;7377283;1;1;01;;2;794.99384981;54;2;1;4;1;2;2;1;1;2;1;1;3;1;1;1;1;1;3;4;5;;;;200000;;;1;;;;;;;;;;2
20230313;03;2023;7377284;1;1;01;;2;794.99384981;54;1;1;4;1;2;2;1;1;2;1;1;3;2;1;1;1;1;1;4;5;;;;200000;;;1;;;;;;;;;;2
20230313;03;2023;7377285;1;1;01;;2;1296.4928431;54;1;1;4;1;2;2;1;1;2;1;1;3;2;1;1;1;1;3;4;3;;;;;500000;;1;;;;;;;;;;3
20230313;03;2023;7377286;1;1;01;;2;1933.7280606;54;1;1;2;1;2;2;1;1;1;1;1;4;2;1;1;1;1;1;4;3;;;;;350000;;1;;;;;;;;;;5
20230313;03;2023;7377287;1;1;01;;2;889.8977442;54;1;1;4;1;1;2;1;1;1;1;1;4;2;1;1;1;1;1;4;5;;;;200000;;;1;;;;;;;;;;2
20230313;03;2023;7377289;1;1;01;;2;997.00664038;54;1;1;2;1;1;2;2;1;1;1;1;3;1;3;1;1;1;1;4;3;;;;;300000;;;;;;;;;1;;;3
20230313;03;2023;7377290;1;1;01;;2;2060.4188716;54;1;2;3;1;1;2;2;1;1;1;1;4;2;2;1;1;1;1;4;5;;;;300000;;;1;;;;;;;;;;5
20230313;03;2023;7377291;1;1;01;;2;1983.281026;54;1;1;2;1;1;2;2;1;1;1;1;3;2;2;1;1;1;3;4;4;;;;200000;;;;;;;;;;1;;;3
20230313;03;2023;7377292;1;1;01;;2;2059.2780421;54;1;1;2;1;1;2;2;1;1;1;1;4;2;3;1;1;1;3;4;5;;;;98;;;;;;;;;;1;;;2
20230313;03;2023;7377293;1;1;01;;2;1939.6908474;54;1;1;2;1;1;2;2;1;1;1;1;3;1;2;1;1;1;1;4;4;;;;100000;;;1;;;;;;;;;;2
20230313;03;2023;7377294;1;1;01;;2;1513.8559484;54;1;5;2;1;1;2;2;1;1;1;1;2;2;2;1;1;1;1;5;3;;;;;250000;;;;;;;;;1;;;4
20230313;03;2023;7377295;1;1;01;;2;2420.6959078;54;1;1;2;1;1;2;2;1;1;1;1;2;1;3;1;1;1;2;4;3;;;;;150000;;;;;;;;;1;;;3
20230313;03;2023;7377296;1;1;01;;2;1671.3320027;54;1;1;2;1;1;2;2;1;1;1;1;4;1;2;1;1;1;1;4;3;;;;;250000;;1;;;;;;;;;;1
20230313;03;2023;7377297;1;1;01;;2;1671.3320027;54;1;1;4;1;1;2;2;1;1;1;1;3;1;3;1;4;1;1;4;1;;;70000000;250000;;;;;;;;;;1;;;1
20230313;03;2023;7377298;1;1;01;;2;1217.9959455;54;1;1;2;1;1;2;2;1;1;1;1;2;1;3;1;1;1;1;4;3;;;;;150000;;;;;;;;;1;;;3
20230313;03;2023;7377299;1;1;01;;2;1478.0117009;54;1;1;2;1;2;2;2;2;;2;1;3;2;3;1;4;6;1;4;5;;;;200000;;;1;;;;;;;;;;4
20230313;03;2023;7377300;1;1;01;;2;1178.9662565;54;1;1;2;1;2;2;2;2;;2;1;3;2;6;;3;6;3;4;3;;;;;150000;;;;;;;;;1;;;3
20230313;03;2023;7377301;1;1;01;;2;942.97730831;54;1;1;4;1;2;2;2;2;;2;1;2;1;3;1;2;6;1;4;3;;;;;300000;;;;;;;;;1;;;3
20230313;03;2023;7377302;1;1;01;;2;1272.0252775;54;1;1;2;1;2;2;2;2;;2;1;2;1;3;1;4;6;1;4;4;;;;100000;;;1;;;;;;;;;;3
20230313;03;2023;7377303;1;1;01;;2;942.97730831;54;1;1;2;1;2;2;2;2;;2;1;1;1;6;;4;6;2;4;3;;;;;150000;;;;;;;;;1;;;3
20230313;03;2023;7377304;1;1;01;;2;1423.9823688;54;1;1;2;1;2;2;2;2;;2;1;3;2;3;1;4;6;1;4;4;;;;150000;;;;;;;;;;1;;;4
20230313;03;2023;7377305;1;1;01;;2;997.00664038;54;1;1;2;1;2;2;2;2;;2;1;2;1;3;1;4;6;1;4;3;;;;;300000;;;;;;;;;1;;;3
20230313;03;2023;7377306;1;1;01;;2;2059.2780421;54;1;1;2;1;2;2;2;2;;2;1;2;1;3;1;4;6;1;4;4;;;;100000;;;1;;;;;;;;;;2
20230313;03;2023;7377307;1;1;01;;2;1908.4617804;54;1;1;2;1;2;2;2;2;;2;1;3;2;3;1;4;6;1;4;3;;;;;250000;;;;;;;;;1;;;4
20230313;03;2023;7377308;1;1;01;;2;2420.6959078;54;1;1;2;1;2;2;2;2;;2;1;2;1;3;1;4;6;3;4;5;;;;200000;;;;;;;;;;1;;;3
20230313;03;2023;7377309;1;1;01;;2;3714.5268377;76;1;4;2;1;1;2;2;2;;1;1;3;2;3;1;5;1;5;5;4;;;;100000;;;1;;;;;;;;;;4
20230313;03;2023;7377310;1;1;01;;1;4665.4099838;76;2;1;4;1;1;1;1;1;3;1;1;3;2;1;1;1;1;1;3;1;;;90000000;450000;;;1;;;;;;;;;;3
20230313;03;2023;7377311;1;1;01;;1;3215.7714351;76;1;1;4;1;1;1;1;1;3;1;1;4;3;1;1;1;1;1;3;1;;;100000000;480000;;;1;;;;;;;;;;6
20230313;03;2023;7377312;1;1;01;;1;5220.8910226;76;1;1;4;1;1;1;1;1;3;1;1;4;3;1;1;1;1;1;3;1;;;80000000;500000;;;1;;;;;;;;;;4
20230313;03;2023;7377313;1;1;01;;1;3007.7932297;76;2;1;2;1;2;1;1;1;3;1;1;3;1;1;1;1;1;1;4;4;;;;190000;;;1;;;;;;;;;;1
20230313;03;2023;7377314;1;1;01;;1;3978.1597503;76;2;1;4;1;2;1;1;1;3;1;2;2;1;1;2;1;1;1;3;3;;;;;250000;;1;;;;;;;;;;2
20230313;03;2023;7377314;2;2;01;;1;3978.1597503;76;2;1;4;1;2;1;1;1;3;1;2;2;1;1;2;1;1;1;3;3;;;;;250000;;1;;;;;;;;;;2
20230313;03;2023;7377315;1;1;01;;1;2881.7238187;76;2;1;2;1;2;1;1;1;3;1;1;3;2;1;1;1;1;1;3;3;;;;;500000;;1;;;;;;;;;;3
20230313;03;2023;7377316;1;1;01;;1;2781.5477952;76;2;1;4;1;2;1;1;1;3;1;1;3;2;1;1;1;1;1;3;4;;;;800000;;;1;;;;;;;;;;2
20230313;03;2023;7377317;1;1;01;;1;2305.2662467;76;2;1;4;1;3;1;1;1;3;1;1;2;1;1;1;1;1;1;3;3;;;;;500000;;;;;;;;;1;;;1
20230313;03;2023;7377318;1;1;01;;1;2360.1042219;76;2;1;4;1;3;1;1;1;3;1;1;3;2;1;1;1;1;1;3;3;;;;;800000;;1;;;;;;;;;;3
20230313;03;2023;7377319;1;1;01;;1;2305.2662467;76;2;1;4;1;3;2;1;1;3;1;1;2;1;1;1;1;1;1;4;4;;;;300000;;;;;;;;;;1;;;1
20230313;03;2023;7377320;1;1;01;;1;2305.2662467;76;2;1;4;1;3;2;1;1;3;1;1;3;1;1;1;1;1;1;4;1;;;120000000;500000;;;;;;;;;;1;;;1
20230313;03;2023;7377321;1;1;01;;1;2511.5137792;76;1;1;4;1;3;1;1;1;3;1;1;3;2;1;1;1;1;1;3;1;;;190000000;800000;;;1;;;;;;;;;;2
20230313;03;2023;7377322;1;1;01;;1;4069.5319053;76;1;1;4;1;3;1;1;1;3;1;1;4;3;1;1;1;1;1;3;1;;;100000000;700000;;;1;;;;;;;;;;4
20230313;03;2023;7377323;1;1;01;;1;2153.8566895;76;2;1;4;1;3;1;1;1;3;1;1;3;1;1;1;1;1;1;3;3;;;;;600000;;1;;;;;;;;;;2
20230313;03;2023;7377325;1;1;01;;1;3601.9785105;76;2;1;4;1;3;1;1;1;3;1;1;2;1;1;1;1;1;1;4;3;;;;;320000;;1;;;;;;;;;;1
20230313;03;2023;7377326;1;1;01;;1;3921.4533597;76;2;1;4;1;3;1;1;1;3;1;1;3;2;1;1;1;1;1;3;3;;;;;500000;;1;;;;;;;;;;3
20230313;03;2023;7377327;1;1;01;;1;3365.4010773;76;1;1;4;1;3;1;1;1;3;1;1;4;1;1;1;1;1;1;3;1;;;200000000;800000;;;1;;;;;;;;;;2
20230313;03;2023;7377328;1;1;01;;1;3117.0528089;76;2;1;4;1;3;1;1;1;3;1;1;5;3;1;1;1;1;1;3;4;;;;800000;;;1;;;;;;;;;;3
20230313;03;2023;7377329;1;1;01;;1;3706.0291528;76;2;1;4;1;3;1;1;1;3;1;1;4;2;1;1;1;1;1;3;3;;;;;500000;;1;;;;;;;;;;2
20230313;03;2023;7377330;1;1;01;;1;5800.2220249;76;2;1;4;1;3;1;1;1;3;1;1;4;2;1;1;1;1;1;3;3;;;;;900000;;1;;;;;;;;;;3
20230313;03;2023;7377331;1;1;01;;1;2861.0642367;76;2;1;4;1;3;1;1;1;3;1;1;5;4;1;1;1;1;1;3;3;;;;;550000;;1;;;;;;;;;;6
20230313;03;2023;7377332;1;1;01;;1;3117.0528089;76;1;1;4;1;3;1;1;1;3;1;1;5;3;1;1;1;1;1;3;1;;;98;600000;;;;;;;;;;1;;;3
20230313;03;2023;7377333;1;1;01;;1;5102.839772;76;1;1;4;1;2;1;1;1;3;1;1;2;1;1;1;1;1;1;3;3;;;;;210000;;1;;;;;;;;;;2
20230313;03;2023;7377334;1;1;01;;2;2219.8411157;76;1;1;2;1;1;1;1;1;3;1;1;2;1;1;1;1;1;1;3;4;;;;200000;;;1;;;;;;;;;;2
20230313;03;2023;7377335;1;1;01;;2;3228.906629;76;2;1;2;1;1;1;1;1;3;1;1;4;2;1;1;1;1;1;3;4;;;;300000;;;;;;;;;;1;;;4
20230313;03;2023;7377336;1;1;01;;1;2261.7392634;76;1;1;4;1;1;1;1;1;3;1;1;3;2;1;1;1;1;1;3;3;;;;;300000;;1;;;;;;;;;;2
20230313;03;2023;7377337;1;1;01;;1;2692.3208618;76;2;1;4;1;3;1;1;1;3;1;1;3;1;1;1;1;1;1;3;2;;98;98;700000;;;1;;;;;;;;;;2
20230313;03;2023;7377338;1;1;01;;2;2382.3036135;76;2;1;2;1;1;1;1;1;3;1;1;3;2;1;1;1;1;1;3;3;;;;;450000;;;;;;;;;1;;;5
20230313;03;2023;7377339;1;1;01;;2;2526.6042191;76;3;1;2;1;1;2;1;2;;1;1;3;2;1;2;4;1;1;5;1;;;98;150000;;;;;;;;;;1;;;3
20230313;03;2023;7377340;1;1;01;;2;2590.425954;76;2;1;2;1;1;2;1;2;;1;1;3;1;1;1;4;1;1;4;4;;;;120000;;;;;;;;;;1;;;2
20230313;03;2023;7377341;1;1;01;;2;2271.825554;76;3;1;2;1;1;2;1;2;;1;1;2;1;1;2;4;1;1;4;3;;;;;140000;;;;;;;;;1;;;1
20230313;03;2023;7377343;1;1;01;;2;1096.4810872;52;1;1;2;1;1;2;2;1;8;2;1;3;3;2;1;1;2;1;4;5;;;;200000;;;;;;;;;;1;;;4
20230313;03;2023;7377344;1;1;01;;1;1246.2649758;17;2;1;4;1;3;1;1;1;2;1;1;4;3;1;1;1;1;1;3;3;;;;;400000;;1;;;;;;;;;;5
20230313;03;2023;7377345;1;1;01;;1;958.86760534;17;1;1;4;1;3;1;1;1;2;1;1;4;2;1;1;1;1;1;3;1;;;60000000;400000;;;;;;;;;;1;;;3
20230313;03;2023;7377346;1;1;01;;1;1687.6202117;17;1;1;4;1;3;1;1;1;2;1;1;3;2;1;1;1;1;1;3;1;;;95000000;600000;;;;;;;;;;1;;;4
20230313;03;2023;7377348;1;1;01;;1;724.5689481;17;2;1;4;1;3;1;1;1;2;1;1;3;1;1;1;1;1;1;3;3;;;;;550000;;;;;;;;;1;;;1
20230313;03;2023;7377349;1;1;01;;1;1959.9428955;17;2;1;4;1;2;1;1;1;2;1;1;2;2;1;1;1;1;1;3;3;;;;;600000;;1;;;;;;;;;;4
20230313;03;2023;7377350;1;1;01;;1;1019.7638102;17;2;1;4;1;2;1;1;1;2;1;1;4;1;1;1;1;1;1;3;3;;;;;600000;;1;;;;;;;;;;2
20230313;03;2023;7377351;1;1;01;;1;1687.6202117;17;2;1;4;1;3;1;1;1;2;1;1;3;2;1;1;1;1;1;3;3;;;;;550000;;;;;;;;;1;;;4
20230313;03;2023;7377356;1;1;01;;1;735.2043212;17;2;1;4;1;2;1;1;1;2;1;1;2;2;1;1;1;1;1;3;3;;;;;600000;;1;;;;;;;;;;2
20230313;03;2023;7377357;1;1;01;;1;469.98321138;17;2;1;4;1;2;1;1;1;2;1;1;3;1;1;1;1;1;1;3;1;;;300000000;400000;;;1;;;;;;;;;;2
20230313;03;2023;7377358;1;1;01;;1;459.93637562;17;2;1;4;1;2;1;1;1;2;1;1;3;2;1;1;1;1;1;3;3;;;;;700000;;1;;;;;;;;;;3
20230313;03;2023;7377359;1;1;01;;1;1638.8015017;17;2;1;4;1;2;1;1;1;2;1;1;3;2;1;1;1;1;1;3;3;;;;;400000;;1;;;;;;;;;;4
20230313;03;2023;7377360;1;1;01;;1;469.98321138;17;1;1;4;1;2;1;1;1;2;1;1;3;2;1;1;1;1;1;3;1;;;160000000;500000;;;1;;;;;;;;;;2
20230313;03;2023;7377361;1;1;01;;1;469.98321138;17;2;1;4;1;2;1;1;1;2;1;1;3;1;1;1;1;1;1;3;3;;;;;400000;;;;;;;;;1;;;2
20230313;03;2023;7377362;1;1;01;;1;905.55091677;17;2;1;4;1;2;1;1;1;2;1;1;3;2;1;1;1;1;1;3;3;;;;;450000;;1;;;;;;;;;;2
20230313;03;2023;7377363;1;1;01;;1;686.46203564;17;2;1;4;1;2;1;1;1;2;1;1;3;2;1;1;1;1;1;3;3;;;;;450000;;;;;;;;;1;;;3
20230313;03;2023;7377364;1;1;01;;1;593.76142206;17;2;1;4;1;2;1;1;1;2;1;1;3;2;1;1;1;1;1;3;3;;;;;380000;;1;;;;;;;;;;2
20230313;03;2023;7377365;1;1;01;;1;1818.7587768;17;2;1;2;1;2;1;1;1;2;1;1;2;2;1;1;1;1;1;3;3;;;;;400000;;;;;;;;;1;;;4
20230313;03;2023;7377366;1;1;01;;1;1138.7294645;17;2;1;4;1;2;1;1;1;2;1;1;5;4;1;1;1;1;1;3;3;;;;;550000;;1;;;;;;;;;;8
20230313;03;2023;7377367;1;1;01;;1;965.57813863;17;1;1;2;1;2;1;1;1;2;1;1;3;2;1;1;1;1;1;3;1;;;60000000;500000;;;;;;;;;;1;;;4
20230313;03;2023;7377368;1;1;01;;1;925.50285085;17;1;1;2;1;2;1;1;1;2;1;1;4;3;1;1;1;1;1;3;3;;;;;400000;;1;;;;;;;;;;3
20230313;03;2023;7377369;1;1;01;;1;1371.9600269;17;2;1;4;1;2;1;1;1;2;1;1;4;3;1;1;1;1;1;3;3;;;;;450000;;;;;;;;;1;;;4
20230313;03;2023;7377370;1;1;01;;1;713.83466712;17;1;1;4;1;2;1;1;1;2;1;1;5;2;1;1;1;1;1;3;1;;;99;450000;;;;;;;;;;1;;;2
20230313;03;2023;7377371;1;1;01;;1;459.53914002;17;1;1;4;1;2;1;1;1;2;1;1;3;2;1;1;1;1;1;3;1;;;80000000;300000;;;;;;;;;;1;;;2
20230313;03;2023;7377372;1;1;01;;1;1331.8847391;17;2;1;4;1;2;1;1;1;2;1;1;3;2;1;1;1;1;1;3;3;;;;;400000;;;;;;;;;1;;;3
20230313;03;2023;7377373;1;1;01;;1;1053.8019518;17;2;1;4;1;2;1;1;1;2;1;1;3;2;1;1;1;1;1;3;1;;;99;600000;;;1;;;;;;;;;;4
20230313;03;2023;7377375;1;1;01;;1;1247.145238;17;2;1;2;1;2;1;1;1;2;1;1;2;2;1;1;1;1;1;3;3;;;;;300000;;;;;;;;;1;;;3
20230313;03;2023;7377377;1;1;01;;1;1778.3419151;17;1;1;4;1;2;1;1;1;2;1;1;4;2;1;1;1;1;1;3;3;;;;;350000;;;;;;;;;1;;;4
20230313;03;2023;7377378;1;1;01;;2;423.31067868;17;1;1;2;1;1;2;2;2;;1;1;3;2;3;1;4;1;1;4;1;;;100000000;400000;;;;;;;;;;1;;;3
20230313;03;2023;7377379;1;1;01;;2;429.52882672;17;1;1;4;1;1;2;2;2;;1;1;5;4;3;1;4;1;1;4;1;;;60000000;200000;;;;;;;;;;1;;;4
20230313;03;2023;7377380;1;1;01;;2;423.31067868;17;1;1;2;1;1;2;2;2;;1;1;4;2;3;1;4;1;1;4;2;;460000;50000000;460000;;;1;;1;;;;;;;;3
20230313;03;2023;7377381;1;1;01;;2;548.87069059;17;1;1;2;1;1;2;2;2;;1;1;1;1;3;1;4;1;5;5;4;;;;100000;;;;;;;;;;1;;;3
20230313;03;2023;7377382;1;1;01;;2;435.53467067;17;1;1;2;1;1;2;2;2;;1;1;4;3;3;1;4;1;1;5;1;;;90000000;300000;;;;;;;;;;1;;;5
20230313;03;2023;7377383;1;1;01;;2;367.41905964;17;1;1;4;1;2;2;2;2;;1;1;2;1;2;1;4;1;1;4;4;;;;98;;;1;;;;;;;;;;2
20230313;03;2023;7377384;1;1;01;;2;548.87069059;17;1;1;4;1;1;2;2;2;;1;1;3;2;2;1;5;1;1;4;2;;400000;70000000;400000;;;;;1;;;;;;;;3
20230313;03;2023;7377385;1;1;01;;2;454.84084247;17;1;1;2;1;1;2;2;2;;1;1;3;2;3;1;4;1;1;5;4;;;;300000;;;;;;;;;;1;;;2
20230313;03;2023;7377386;1;1;01;;2;367.41905964;17;1;1;2;1;1;2;2;2;;1;1;1;1;3;1;4;1;1;4;1;;;80000000;250000;;;1;;;;;;;;;;2
20230313;03;2023;7377387;1;1;01;;2;548.87069059;17;1;1;2;1;1;2;2;2;;1;1;1;1;3;1;4;1;2;4;1;;;5000000;200000;;;1;;;;;;;;;;3
20230313;03;2023;7377388;1;1;01;;2;341.88155431;17;1;1;2;1;1;2;2;2;;1;1;1;1;3;1;5;1;1;4;4;;;;300000;;;;;;;;;;1;;;1
20230313;03;2023;7377389;1;1;01;;1;1817.2129463;17;2;1;4;1;3;1;1;1;2;1;1;4;2;1;1;1;1;1;3;3;;;;;700000;;;;;;;;;1;;;4
20230313;03;2023;7377390;1;1;01;;1;581.60422408;17;1;1;4;1;3;1;1;1;2;1;1;3;1;1;1;1;1;1;3;4;;;;900000;;;;;;;;;;1;;;2
20230313;03;2023;7377391;1;1;01;;1;1015.1052641;17;2;1;4;1;2;1;1;1;2;1;1;3;2;1;1;1;1;1;3;1;;;99;500000;;;1;;;;;;;;;;2
20230313;03;2023;7377392;1;1;01;;1;1120.6192595;17;2;1;4;1;3;1;1;1;2;1;1;4;3;1;1;1;1;1;3;3;;;;;680000;;1;;;;;;;;;;2
20230313;03;2023;7377393;1;1;01;;1;849.49676911;17;2;1;4;1;3;1;1;1;2;1;1;4;3;1;1;1;1;1;3;3;;;;;600000;;;;;;;;;1;;;3
20230313;03;2023;7377394;1;1;01;;1;581.60422408;17;1;1;4;1;3;1;1;1;2;1;1;3;1;1;1;1;1;1;3;1;;;400000000;700000;;;1;;;1;;;;;;;2
20230313;03;2023;7377395;1;1;01;;1;581.60422408;17;2;1;4;1;3;1;1;1;2;1;1;6;1;1;1;1;1;1;3;1;;;250000000;700000;;;1;;;;;;;;;;2
20230313;03;2023;7377396;1;1;01;;1;1120.6192595;17;2;1;4;1;3;1;1;1;2;1;1;4;1;1;1;1;1;1;3;3;;;;;600000;;1;;;;;1;;;;;2
20230313;03;2023;7377402;1;1;01;;2;404.1609656;17;1;1;4;1;1;2;2;2;;1;1;3;1;2;1;4;1;1;4;1;;;99;250000;;;;;;;;;;1;;;2
20230313;03;2023;7377403;1;1;01;;2;518.12698163;17;1;1;4;1;2;2;2;2;;1;1;4;2;2;1;4;1;1;4;1;;;100000000;300000;;;1;;;;;;;;;;3
20230313;03;2023;7377404;1;1;01;;2;518.12698163;17;1;1;4;1;1;2;2;2;;1;1;3;3;2;1;5;1;1;4;1;;;98;200000;;;1;;;;;;;;;;3
20230313;03;2023;7377405;1;1;01;;2;550.2540835;17;1;1;2;1;1;2;2;2;;1;1;3;3;2;1;4;1;1;4;3;;;;;150000;;;;;;;;;1;;;5
20230313;03;2023;7377406;1;1;01;;2;778.18057777;17;1;1;2;1;1;2;2;2;;1;1;2;1;2;1;4;1;1;4;3;;;;;350000;;;;;;;;;1;;;3
20230313;03;2023;7377407;1;1;01;;2;864.30337647;17;1;1;4;1;2;2;2;2;;1;1;3;3;2;1;4;1;1;4;1;;;80000000;300000;;;;;;;;;;1;;;6
20230313;03;2023;7377408;1;1;01;;2;421.08377038;17;1;5;3;1;1;2;2;2;;1;1;2;1;3;1;4;1;5;5;1;;;45000000;150000;;;;;;;;;;1;;;1
20230313;03;2023;7377409;1;1;01;;2;603.75775965;17;1;1;2;1;1;2;2;2;;1;1;3;2;2;1;4;1;1;5;4;;;;300000;;;;;;;;;;1;;;3
20230313;03;2023;7377410;1;1;01;;2;1053.998199;17;1;1;2;1;1;2;2;2;;1;1;3;2;2;1;4;1;1;5;4;;;;500000;;;;;;;;;;1;;;6
20230313;03;2023;7377411;1;1;01;;2;348.85770402;17;1;4;2;1;2;2;2;2;;1;1;3;2;2;1;4;1;1;5;1;;;50000000;150000;;;;;;;;;;1;;;2
20230313;03;2023;7377412;1;1;01;;2;776.14254798;17;1;4;2;1;2;2;2;2;;1;1;3;2;2;1;4;1;1;4;1;;;100000000;150000;;;1;;;;;;;;;;5
20230313;03;2023;7377413;1;1;01;;2;411.67381957;17;1;4;4;1;2;2;2;2;;1;1;4;3;2;1;4;1;1;5;1;;;20000000;150000;;;;;;;;;;1;;;3
20230313;03;2023;7377414;1;1;01;;2;792.92062403;17;1;3;1;1;2;2;2;2;;1;1;3;1;2;1;4;1;1;4;1;;;30000000;20000;;;;;;;;;;1;;;4
20230313;03;2023;7377415;1;1;01;;2;393.87176466;17;1;1;4;1;2;2;2;2;;1;1;3;2;3;1;4;1;1;5;1;;;10000000;300000;;;;;;;;;;1;;;2
20230313;03;2023;7377416;1;1;01;;2;421.08377038;17;1;4;4;1;2;2;2;2;;1;1;4;1;2;1;4;1;1;5;1;;;80000000;100000;;;;;;;;;;1;;;1
20230313;03;2023;7377417;1;1;01;;2;376.06970974;17;1;1;2;1;2;2;2;2;;1;1;4;1;3;1;4;1;1;5;1;;;20000000;200000;;;;;;;;;;1;;;1
20230313;03;2023;7377418;1;1;01;;2;527.53693244;17;1;4;2;1;1;2;2;2;;1;1;2;1;3;1;4;1;1;4;2;;500000;60000000;200000;;;;;;;;;;1;;;1
20230313;03;2023;7377419;1;1;01;;2;1171.2463528;17;1;4;4;1;2;2;2;2;;1;1;3;2;2;1;4;1;1;5;3;;;;;180000;;;;;;;;;1;;;6
20230313;03;2023;7377420;1;1;01;;2;393.87176466;17;1;1;4;1;2;2;2;2;;1;1;3;1;2;1;4;1;5;5;4;;;;200000;;;;;;;;;;1;;;2
20230313;03;2023;7377421;1;1;01;;2;376.06970974;17;1;1;4;1;2;2;2;2;;1;1;4;1;2;1;4;1;1;4;4;;;;300000;;;;;;;;;;1;;;1
20230313;03;2023;7377422;1;1;01;;2;788.61450743;17;1;1;4;1;2;2;2;2;;1;1;3;2;2;1;4;1;1;4;4;;;;600000;;;;;;;;;;1;;;3
20230313;03;2023;7377423;1;1;01;;2;563.14104227;17;1;1;2;1;2;2;2;2;;1;1;4;3;2;1;4;1;1;4;4;;;;200000;;;;;;;;;;1;;;3
20230313;03;2023;7377424;1;1;01;;2;489.40451416;17;1;1;2;1;2;2;2;2;;1;1;4;3;2;1;5;1;1;4;1;;;50000000;250000;;;1;;;;;;;;;;3
20230313;03;2023;7377425;1;1;01;;2;656.70724556;17;1;1;4;1;2;2;2;2;;1;1;5;3;2;1;4;1;1;4;1;;;200000000;150000;;;;;;;;;;1;;;5
20230313;03;2023;7377426;1;1;01;;2;311.43746281;17;1;1;4;1;2;2;2;2;;1;1;4;1;2;1;4;1;1;4;1;;;50000000;400000;;;;;;;;;;1;;;2
20230313;03;2023;7377427;1;1;01;;2;311.43746281;17;1;1;2;1;2;2;2;2;;1;1;3;2;2;1;4;1;1;5;1;;;60000000;150000;;;;;;;;;;1;;;3
20230313;03;2023;7377428;1;1;01;;2;589.01771338;17;1;1;2;1;2;2;2;2;;1;1;1;1;2;1;4;1;1;4;4;;;;100000;;;;;;;;;;1;;;2
20230313;03;2023;7377429;1;1;01;;2;517.49577002;17;1;1;4;1;2;2;2;2;;1;1;3;2;2;1;4;1;1;5;1;;;99;100000;;;;;;;;;;1;;;4
20230313;03;2023;7377430;1;1;01;;2;813.74300808;17;1;1;2;1;2;2;2;2;;1;1;4;2;2;1;4;1;1;5;1;;;50000000;400000;;;;;;;;;;1;;;4
20230313;03;2023;7377431;1;1;01;;2;792.92062403;17;1;1;4;1;2;2;2;2;;1;1;3;2;2;1;5;1;1;4;3;;;;;300000;;;;;;;;;1;;;4
20230313;03;2023;7377432;1;1;01;;2;765.70861832;17;1;1;2;1;2;2;2;2;;1;1;3;2;2;1;4;1;1;4;4;;;;300000;;;;;;;;;;1;;;5
20230313;03;2023;7377433;1;1;01;;2;393.87176466;17;1;1;4;1;2;2;2;2;;1;1;3;2;3;1;4;1;1;4;4;;;;200000;;;;;;;;;;1;;;2
20230313;03;2023;7377434;1;1;01;;2;366.65975894;17;1;4;2;1;2;2;2;2;;1;1;3;2;2;1;4;1;1;4;4;;;;200000;;;;;;;;;;1;;;3
20230313;03;2023;7377435;1;1;01;;2;393.87176466;17;1;1;4;1;2;2;2;2;;1;1;4;2;2;1;4;1;5;5;1;;;50000000;200000;;;;;;;;;;1;;;2
20230313;03;2023;7377436;1;1;01;;2;393.87176466;17;1;1;2;1;2;2;2;2;;1;1;4;1;2;1;4;1;1;4;1;;;40000000;150000;;;1;;;;;;;;;;2
20230313;03;2023;7377437;1;1;01;;2;537.3893568;17;1;7;2;1;2;2;2;2;;1;1;5;4;2;1;4;1;1;5;1;;;400000000;500000;;;;;;;;;;1;;;4
20230313;03;2023;7377438;1;1;01;;2;874.73730613;17;1;4;2;1;1;2;2;2;;1;1;3;2;2;1;4;1;1;5;1;;;40000000;200000;;;;;;;;;;1;;;6
20230313;03;2023;7377439;1;1;01;;2;393.87176466;17;1;1;4;1;2;2;2;2;;1;1;3;1;2;1;4;1;1;5;1;;;70000000;200000;;;;;;;;;;1;;;2
20230313;03;2023;7377440;1;1;01;;2;311.43746281;17;1;1;4;1;2;2;2;2;;1;1;4;1;2;1;4;1;1;4;1;;;75000000;250000;;;;;;;;;;1;;;2
20230313;03;2023;7377441;1;1;01;;2;411.67381957;17;1;4;4;1;2;2;2;2;;1;1;3;3;2;1;4;1;1;4;1;;;47000000;160000;;;;;;;;;;1;;;3
20230313;03;2023;7377442;1;1;01;;2;267.65801849;63;1;1;4;1;1;2;2;2;;1;1;3;2;2;1;4;1;1;4;4;;;;200000;;;1;;;;;;;;;;3
20230313;03;2023;7377443;1;1;01;;2;224.18626237;63;1;1;2;1;1;2;2;2;;1;1;1;1;2;2;4;1;6;;4;;;;100000;;;1;;;;;;;;;;2
20230313;03;2023;7377444;1;1;01;;2;181.44823201;63;1;1;2;1;1;2;2;2;;1;1;1;1;2;2;4;1;6;;4;;;;100000;;;1;;;;;;;;;;1
20230313;03;2023;7377445;1;1;01;;2;266.92429274;63;1;4;2;1;1;2;2;2;;1;1;3;2;2;1;4;1;5;5;4;;;;200000;;;1;;;;;;;;;;3
20230313;03;2023;7377446;1;1;01;;2;168.33244911;63;1;4;2;1;1;2;2;2;;1;1;4;2;2;1;4;1;1;4;4;;;;200000;;;1;;;;;;;;;;3
20230313;03;2023;7377447;1;1;01;;2;187.57131305;63;1;4;2;1;1;2;2;2;;1;1;3;2;2;1;4;1;1;5;4;;;;200000;;;1;;;;;;;;;;2
20230313;03;2023;7377448;1;1;01;;2;228.81119715;63;1;1;4;1;1;2;2;2;;1;1;4;3;2;1;4;1;1;4;6;;;;300000;;;1;;;;;;;;;;4
20230313;03;2023;7377449;1;1;01;;2;136.66707945;63;1;1;4;1;2;2;1;1;2;1;1;3;2;1;1;1;1;1;4;4;;;;300000;;;1;;;;;;;;;;3
20230313;03;2023;7377450;1;1;01;;2;132.29805854;63;2;1;4;1;1;2;1;1;2;1;1;2;1;1;1;1;1;3;4;3;;;;;200000;;;;;;;;;1;;;1
20230313;03;2023;7377451;1;1;01;;1;264.21422241;63;2;1;4;1;3;1;1;1;2;1;1;3;1;1;1;1;1;1;3;1;;;250000000;700000;;;1;;;;;;;;;;1
20230313;03;2023;7377452;1;1;01;;1;802.12190999;63;2;1;4;1;3;1;1;1;7;1;1;3;2;1;1;1;1;3;3;3;;;;;420000;;;;;;;;;1;;;5
20230313;03;2023;7377453;1;1;01;;1;338.56357758;63;2;1;4;1;3;1;1;1;2;1;1;2;1;1;1;1;1;1;3;3;;;;;380000;;1;;;;;;;;;;2
20230313;03;2023;7377454;1;1;01;;1;226.98373538;63;2;1;4;1;3;1;1;1;2;1;1;2;1;1;1;1;1;1;3;3;;;;;350000;;1;;;;;;;;;;1
20230313;03;2023;7377455;1;1;01;;1;264.21422241;63;2;1;4;1;3;1;1;1;7;1;1;3;2;1;1;1;1;1;3;3;;;;;400000;;1;;;;;;;;;;1
20230313;03;2023;7377457;1;1;01;;1;380.26958996;63;2;1;4;1;3;1;1;1;3;1;1;2;1;1;1;1;1;3;3;3;;;;;500000;;1;;;;;;;;;;1
20230313;03;2023;7377458;1;1;01;;1;205.65510182;63;2;1;4;1;3;1;1;1;7;1;1;4;3;1;1;1;1;1;3;1;;;98;700000;;;1;;;;;;;;;;2
20230313;03;2023;7377459;1;1;01;;1;205.65510182;63;2;1;4;1;2;1;1;1;2;1;1;3;1;1;1;1;1;1;3;3;;;;;430000;;1;;;;;;;;;;2
20230313;03;2023;7377460;1;1;01;;1;319.45862357;63;2;1;4;1;2;1;1;1;2;1;1;3;2;1;1;1;1;1;3;3;;;;;380000;;;;;;;;;1;;;2
20230313;03;2023;7377461;1;1;01;;1;443.63744378;63;2;1;2;1;2;1;1;1;2;1;1;3;1;1;1;1;1;1;3;3;;;;;380000;;;;;;;;;1;;;2
20230313;03;2023;7377462;1;1;01;;1;360.29212146;63;2;1;4;1;2;1;1;1;2;1;1;3;2;1;1;1;1;1;3;4;;;;600000;;;1;;;;;;;;;;1
20230313;03;2023;7377463;1;1;01;;1;280.4387752;63;1;1;4;1;2;1;1;1;2;1;1;4;1;1;1;1;1;1;3;1;;;120000000;450000;;;1;;;;;;;;;;2
20230313;03;2023;7377464;1;1;01;;1;280.4387752;63;2;1;4;1;1;1;1;1;2;1;1;4;3;1;1;1;1;1;3;1;;;70000000;500000;;;1;;;;;;;;;;2
20230313;03;2023;7377465;1;1;01;;1;432.59310547;63;2;1;4;1;2;1;1;1;2;1;1;3;2;1;1;1;1;1;3;3;;;;;350000;;;;;;;;1;;;NEQUI;3
20230313;03;2023;7377466;1;1;01;;1;535.71371454;63;2;1;4;1;2;1;1;1;2;1;1;4;3;1;1;1;1;1;3;3;;;;;300000;;1;;;;;;;;;;4
20230313;03;2023;7377467;1;1;01;;1;726.84086166;63;2;1;4;1;2;1;1;1;2;1;1;4;3;1;1;1;1;3;3;3;;;;;500000;;;;;;;;;1;;;5
20230313;03;2023;7377468;1;1;01;;1;507.92637979;63;1;1;3;1;2;1;1;1;2;1;1;4;3;1;1;1;1;1;3;3;;;;;300000;;;;;;;;;1;;;4
20230313;03;2023;7377469;1;1;01;;1;360.29212146;63;1;1;4;1;2;1;1;1;2;1;1;3;1;1;1;1;1;1;3;3;;;;;350000;;;;;;;;;1;;;1
20230313;03;2023;7377470;1;1;01;;1;409.61159428;63;1;1;4;1;2;1;1;1;2;1;1;4;2;1;1;1;1;1;3;3;;;;;490000;;1;;;;;;;;;;3
20230313;03;2023;7377471;1;1;01;;1;518.54944086;63;2;1;4;1;2;1;1;1;2;1;1;3;1;1;1;1;1;1;3;1;;;140000000;300000;;;1;;;;;;;;;;1
20230313;03;2023;7377472;1;1;01;;1;411.16901407;63;1;1;4;1;2;1;1;1;2;1;1;3;1;1;1;1;1;1;3;4;;;;320000;;;;;;;;;;1;;;1
20230313;03;2023;7377473;1;1;01;;1;777.82416129;63;1;1;4;1;3;1;1;1;2;1;1;4;3;1;1;1;1;1;3;3;;;;;700000;;1;;;;;;;;;;1
20230313;03;2023;7377474;1;1;01;;1;654.8439245;63;1;1;4;1;3;1;1;1;2;1;1;4;3;1;1;1;1;1;3;1;;;98;800000;;;1;;;;;;;;;;3
20230313;03;2023;7377475;1;1;01;;1;732.94294175;63;1;7;2;1;3;2;1;1;2;1;1;2;1;1;1;1;1;1;4;4;;;;200000;;;1;;;;;;;;;;2
20230313;03;2023;7377476;1;1;01;;1;540.43818219;63;1;1;4;1;2;1;1;1;2;1;1;3;1;1;1;1;1;1;3;4;;;;600000;;;1;;;;;;;;;;1
20230313;03;2023;7377477;1;1;01;;1;487.81901801;63;1;1;4;1;3;1;1;1;3;1;1;4;3;1;1;1;1;1;3;3;;;;;800000;;1;;;;;;;;;;3
20230313;03;2023;7377478;1;1;01;;1;722.0047797;63;1;1;4;1;3;1;1;1;2;1;1;5;4;1;1;1;1;1;3;2;;700000;280000000;800000;;;1;;;;;1;;;;;4
20230313;03;2023;7377479;1;1;01;;1;777.82416129;63;1;1;4;1;3;1;1;1;2;1;1;4;1;1;1;1;1;1;3;1;;;200000000;700000;;;1;;;;;;;;;;1
20230313;03;2023;7377480;1;1;01;;1;905.65654757;63;1;1;4;1;3;1;1;1;2;1;1;4;2;1;1;1;1;1;3;3;;;;;800000;;;;;;;;;1;;;3
20230313;03;2023;7377481;1;1;01;;1;1627.8788414;63;1;1;4;1;3;1;1;1;2;1;1;4;3;1;1;1;1;1;3;1;;;180000000;800000;;;1;;;;;;;;;;4
20230313;03;2023;7377482;1;1;01;;1;1453.3815573;63;1;1;4;1;3;1;1;1;2;1;1;4;3;1;1;1;1;1;3;3;;;;;1000000;;1;;;;;1;;;;;4
20230313;03;2023;7377483;1;1;01;;1;297.24100021;63;1;1;4;1;1;1;1;1;2;1;1;4;3;1;1;1;1;1;3;1;;;100000000;450000;;;1;;;;;;;;;;1
20230313;03;2023;7377484;1;1;01;;1;314.02399102;63;2;1;4;1;2;1;1;1;2;1;1;3;2;1;1;1;1;1;3;4;;;;300000;;;;;;;;;;1;;;4
20230313;03;2023;7377485;1;1;01;;1;604.34314165;63;2;1;4;1;2;1;1;1;2;1;1;3;2;1;1;1;1;1;3;3;;;;;520000;;;;;;;;;1;;;4
20230313;03;2023;7377486;1;1;01;;1;292.29517267;63;2;1;4;1;2;1;1;1;2;1;1;3;2;1;1;1;1;1;3;3;;;;;600000;;;;;;;;;1;;;2
20230313;03;2023;7377487;1;1;01;;1;484.71045785;63;1;1;4;1;2;1;1;1;2;1;1;4;3;1;1;1;1;1;3;3;;;;;400000;;1;;;;;;;;;;5
20230313;03;2023;7377488;1;1;01;;1;339.21443661;63;2;1;4;1;2;1;1;1;2;1;1;3;1;1;1;1;1;1;3;3;;;;;300000;;;;;;;;;1;;;1
20230313;03;2023;7377489;1;1;01;;1;231.36198954;63;1;1;4;1;1;1;1;1;2;1;1;3;2;1;1;1;1;1;3;3;;;;;250000;;;;;;;;;1;;;2
20230313;03;2023;7377490;1;1;01;;1;403.11861797;63;2;1;4;1;1;1;1;1;2;1;1;3;2;1;1;1;1;1;3;3;;;;;330000;;;;;;;;;1;;;2
20230313;03;2023;7377491;1;1;01;;2;618.49943879;73;2;1;4;1;1;1;1;1;3;1;1;4;3;1;1;1;1;1;3;3;;;;;400000;;1;;;;;;;;;;4
20230313;03;2023;7377492;1;1;01;;2;246.10618576;73;2;1;4;1;1;1;1;1;2;1;1;3;2;1;1;1;1;1;3;3;;;;;500000;;1;;;;;;;;;;3
20230313;03;2023;7377493;1;1;01;;2;618.49943879;73;2;1;2;1;1;1;1;1;3;1;1;3;2;1;2;1;1;1;3;3;;;;;300000;;1;;;;;;;;;;4
20230313;03;2023;7377494;1;1;01;;2;832.9587719;73;2;1;4;1;1;1;1;1;3;1;1;4;3;1;1;1;1;1;3;3;;;;;300000;;;;;;;;;1;;;5
20230313;03;2023;7377495;1;1;01;;2;593.4220926;73;1;1;4;1;1;1;1;1;3;1;1;4;3;1;1;1;1;1;3;3;;;;;480000;;1;;;;;1;;;;;5
20230313;03;2023;7377496;1;1;01;;2;913.60369492;73;2;1;4;1;1;1;1;1;3;1;1;3;2;1;1;1;1;1;3;3;;;;;300000;;1;;;;;;;;;;6
20230313;03;2023;7377497;1;1;01;;2;464.78503292;73;1;1;4;1;1;1;1;1;3;1;1;3;2;1;1;1;1;1;3;3;;;;;500000;;;;;;;;;1;;;3
20230313;03;2023;7377498;1;1;01;;2;947.29480766;73;1;1;4;1;1;1;1;1;3;1;1;4;3;1;1;1;1;1;3;3;;;;;400000;;1;;;;;;;;;;7
20230313;03;2023;7377499;1;1;01;;2;315.25643656;73;2;1;4;1;1;1;1;1;3;1;1;2;1;1;1;1;1;3;3;3;;;;;300000;;;;;;;;;1;;;2
20230313;03;2023;7377500;1;1;01;;1;1567.5665881;73;1;1;4;1;1;1;1;1;1;1;1;4;3;1;1;1;1;1;3;1;;;90000000;300000;;;1;;;;;;;;;;4
20230313;03;2023;7377501;1;1;01;;1;824.16235466;73;2;1;2;1;1;1;1;1;1;1;1;2;1;1;2;1;1;1;3;1;;;98;300000;;;;;;;;;;1;;;1
20230313;03;2023;7377502;1;1;01;;1;959.34369617;73;1;1;4;1;1;1;1;1;1;1;1;3;1;1;1;1;1;1;3;4;;;;3500000;;;1;;;;;;;;;;1
20230313;03;2023;7377503;1;1;01;;1;1877.3205527;73;1;1;2;1;1;1;1;1;1;1;1;5;3;1;1;1;1;3;3;1;;;98;300000;;;;;;;;;;1;;;4
20230313;03;2023;7377504;1;1;01;;1;1840.7314947;73;1;1;4;1;1;1;1;1;1;1;1;4;3;1;1;1;1;1;3;1;;;8500000;500000;;;1;;;;;;;;;;4
20230313;03;2023;7377505;1;1;01;;1;746.71955096;73;1;1;2;1;1;1;1;1;1;1;1;3;1;1;1;1;1;1;3;1;;;75000000;200000;;;1;;;;;;;;;;2
20230313;03;2023;7377506;1;1;01;;1;1618.0258623;73;1;1;4;1;2;1;1;1;1;1;1;3;2;1;1;1;1;1;3;3;;;;;400000;;1;;;;1;1;;;;;3
20230313;03;2023;7377507;1;1;01;;1;1030.2029433;73;1;1;4;1;1;1;1;1;1;1;1;3;1;1;1;1;1;1;3;4;;;;250000;;;1;;;;;;;;;;1
20230313;03;2023;7377508;1;1;01;;1;2533.1567298;73;2;1;4;1;2;1;1;1;1;1;1;2;1;1;1;1;1;3;3;4;;;;300000;;;;;;;;;;1;;;3
20230313;03;2023;7377509;1;1;01;;1;1199.1796202;73;1;1;4;1;2;1;1;1;1;1;1;3;1;1;1;1;1;1;3;1;;;98000000;400000;;;;;;;;;;1;;;1
20230313;03;2023;7377510;1;1;01;;1;1363.3322707;73;1;1;4;1;2;1;1;1;1;1;1;4;2;1;1;1;1;1;3;3;;;;;600000;;;;;;;;;1;;;3
20230313;03;2023;7377511;1;1;01;;1;1919.5868814;73;1;1;2;1;1;1;1;1;1;1;1;3;2;1;1;1;1;1;3;1;;;60000000;250000;;;;;;;;;;1;;;4
20230313;03;2023;7377512;1;1;01;;1;1303.2899618;73;1;1;4;1;1;1;1;1;1;1;1;3;1;1;1;1;1;1;4;1;;;80000000;300000;;;1;;;;;;;;;;2
20230313;03;2023;7377513;1;1;01;;1;1919.5868814;73;1;1;2;1;1;1;1;1;1;1;1;2;2;1;1;1;1;1;3;4;;;;200000;;;;;;;;;;1;;;4
20230313;03;2023;7377514;1;1;01;;1;1438.7589973;73;1;1;2;1;1;1;1;1;1;1;1;1;1;1;1;1;1;2;3;3;;;;;80000;;;;;;;;;1;;;2
20230313;03;2023;7377515;1;1;01;;1;2106.1950231;73;1;1;2;1;1;2;1;1;1;1;1;1;1;1;1;1;1;1;4;3;;;;;120000;;;;;;;;;1;;;2
20230313;03;2023;7377516;1;1;01;;1;746.71955096;73;1;1;4;1;1;1;1;1;1;1;1;3;2;1;1;1;1;1;3;1;;;75000000;400000;;;;;;;;;;1;;;2
20230313;03;2023;7377517;1;1;01;;1;1303.2899618;73;1;1;4;1;1;1;1;1;1;1;1;3;2;1;1;1;1;1;3;1;;;70000000;300000;;;;;;;;;;1;;;2
20230313;03;2023;7377518;1;1;01;;1;959.34369617;73;1;1;2;1;1;1;1;1;1;1;1;3;1;1;1;1;1;1;3;1;;;100000000;250000;;;;;;;;;;1;;;1
20230313;03;2023;7377519;1;1;01;;1;213.41557095;66;1;1;4;1;2;1;1;1;2;1;1;4;3;1;1;1;1;1;3;4;;;;700000;;;1;;;;;;;;;;3
20230313;03;2023;7377520;1;1;01;;2;124.62234859;66;1;7;3;1;1;2;2;2;;1;1;1;1;2;2;5;2;1;4;3;;;;;150000;;1;;;;;;;;;;2
20230313;03;2023;7377521;1;1;01;;2;453.90013875;66;1;1;2;1;1;2;2;2;;2;1;2;1;2;1;5;6;1;4;1;;;60000000;300000;;;;;;;;;;1;;;4
20230313;03;2023;7377522;1;1;01;;2;238.41163616;66;2;2;2;1;1;2;2;2;;2;1;2;1;2;1;5;6;1;4;1;;;50000000;450000;;;;;;;;;;1;;;3
20230313;03;2023;7377523;1;1;01;;2;265.0265783;66;2;2;3;1;1;2;2;2;;2;1;1;1;2;2;5;6;2;4;4;;;;120000;;;;;;;;;;1;;;2
20230313;03;2023;7377524;1;1;01;;2;222.5399082;66;1;4;2;1;1;2;2;2;;2;1;3;1;2;1;4;6;1;4;1;;;50000000;300000;;;;;;;;;;1;;;2
20230313;03;2023;7377525;1;1;01;;2;547.05162541;66;1;1;2;1;1;2;2;2;;2;1;4;3;2;1;4;6;1;4;1;;;60000000;350000;;;1;;;;;;;;;;6
20230313;03;2023;7377528;1;1;01;;2;433.01862458;66;2;4;3;1;1;2;1;1;1;1;1;1;1;1;2;1;1;1;4;3;;;;;100000;;;;;;;;;1;;;3
20230313;03;2023;7377529;1;1;01;;2;412.05644047;66;1;1;4;1;1;2;1;1;1;1;1;3;2;1;1;1;1;1;4;1;;;80000000;350000;;;1;;;;;;;;;;3
20230313;03;2023;7377530;1;1;01;;2;365.1463175;66;1;4;4;1;1;2;1;1;1;1;1;4;1;1;1;1;1;1;4;1;;;70000000;260000;;;1;;;;;;;;;;2
20230313;03;2023;7377531;1;1;01;;2;349.94975933;66;1;4;2;1;1;2;1;1;1;1;1;3;2;1;1;1;1;1;4;1;;;35000000;150000;;;;;;;;;;1;;;2
20230313;03;2023;7377532;1;1;01;;2;307.31466674;66;1;1;2;1;1;2;1;1;1;1;1;3;1;1;1;1;1;1;4;4;;;;150000;;;;;;;;;;1;;;1
20230313;03;2023;7377533;1;1;01;;2;578.68802947;66;1;1;2;1;1;2;1;1;1;1;1;2;2;1;1;1;1;1;4;3;;;;;120000;;;;;;;;;1;;;4
20230313;03;2023;7377534;1;1;01;;2;575.54534652;66;1;1;2;1;1;2;1;1;1;1;1;3;2;1;1;1;1;1;4;3;;;;;160000;;;;;;;;;1;;;3
20230313;03;2023;7377535;1;1;01;;2;318.87171173;66;2;1;2;1;1;2;1;1;1;1;1;3;2;1;1;1;1;1;4;3;;;;;200000;;;;;;;;;1;;;3
20230313;03;2023;7377536;1;1;01;;2;307.31466674;66;2;1;2;1;1;2;1;1;1;1;1;3;1;1;1;1;1;1;4;1;;;90000000;150000;;;1;;;;;;;;;;1
20230313;03;2023;7377537;1;1;01;;2;402.04620265;66;1;1;4;1;1;2;1;1;1;1;1;5;3;1;1;1;1;1;4;1;;;85000000;250000;;;;;;;;;;;1;;4
20230313;03;2023;7377538;1;1;01;;2;329.62926812;66;1;4;2;1;1;2;1;1;1;1;1;3;3;1;1;1;1;1;4;3;;;;;200000;;;;;;;;;1;;;4
20230313;03;2023;7377539;1;1;01;;1;837.48705588;66;2;1;4;1;2;1;1;1;2;1;1;3;1;1;1;1;1;1;3;3;;;;;330000;;;;;;;;;1;;;4
20230313;03;2023;7377540;1;1;01;;1;462.08717683;66;1;4;3;1;3;2;1;1;2;1;1;5;2;1;1;1;1;1;4;4;;;;500000;;;;;;;;;;1;;;3
20230313;03;2023;7377541;1;1;01;;1;763.72626697;66;2;1;4;1;3;1;1;1;2;1;1;4;2;1;1;1;1;1;3;3;;;;;440000;;1;;;;;;;;;;3
20230313;03;2023;7377542;1;1;01;;1;361.54295706;66;2;1;4;1;3;1;1;1;2;1;1;2;1;1;1;1;1;1;3;1;;;120000000;200000;;;;;;;;;;1;;;1
20230313;03;2023;7377543;1;1;01;;1;325.14848085;66;2;1;4;1;2;1;1;1;2;1;1;4;3;1;1;1;1;1;3;3;;;;;460000;;1;;;;;;;;;;4
20230313;03;2023;7377544;1;1;01;;1;461.67905545;66;2;4;3;1;2;2;1;1;2;1;1;2;2;1;1;1;1;1;4;3;;;;;300000;;1;;;;;;;;;;3
20230313;03;2023;7377545;1;1;01;;1;281.41238185;66;1;1;4;1;2;1;1;1;2;1;1;3;1;1;1;1;1;1;3;3;;;;;380000;;1;;;;;;;;;;2
20230313;03;2023;7377546;1;1;01;;1;685.99773463;66;2;1;2;1;2;1;1;1;2;1;1;4;2;1;1;1;1;1;3;3;;;;;260000;;;;;;;;;1;;;2
20230313;03;2023;7377547;1;1;01;;1;520.34970254;66;2;1;4;1;2;1;1;1;2;1;1;2;1;1;1;1;1;1;3;3;;;;;340000;;1;;;;;;;;;;1
20230313;03;2023;7377550;1;1;01;;1;412.5964803;66;1;1;4;1;2;1;1;1;2;1;1;3;1;1;1;1;1;1;3;3;;;;;350000;;1;;;;;;;;;;1
20230313;03;2023;7377551;1;1;01;;1;840.16029395;66;1;1;2;1;2;1;1;1;2;1;1;3;2;1;1;1;1;1;3;3;;;;;250000;;1;;;;;;;;;;4
20230313;03;2023;7377552;1;1;01;;1;332.46590509;66;1;1;4;1;2;1;1;1;2;1;1;4;1;1;1;1;1;1;3;3;;;;;350000;;1;;;;1;;;;;;2
20230313;03;2023;7377553;1;1;01;;1;412.5964803;66;1;1;4;1;2;1;1;1;2;1;1;4;1;1;1;1;1;1;3;4;;;;350000;;;1;;;;;;;;;;1
20230313;03;2023;7377554;1;1;01;;1;281.41238185;66;1;1;4;1;2;1;1;1;2;1;1;5;1;1;1;1;1;1;3;3;;;;;280000;;1;;;;;;;;;;2
20230313;03;2023;7377557;1;1;01;;1;566.75903962;66;1;1;4;1;2;1;1;1;2;1;1;4;2;1;1;1;1;1;3;3;;;;;400000;;1;;;;;;;;;;3
20230313;03;2023;7377558;1;1;01;;1;815.61900637;66;1;1;4;1;2;1;1;1;3;1;1;4;2;1;1;1;1;1;3;3;;;;;300000;;1;;;;1;1;;;;;3
20230313;03;2023;7377559;1;1;01;;1;710.53902221;66;1;1;2;1;2;1;1;1;2;1;1;4;3;1;1;1;1;1;3;3;;;;;370000;;;;;;;;;1;;;3
20230313;03;2023;7377560;1;1;01;;1;412.5964803;66;1;1;2;1;2;1;1;1;2;1;1;4;1;1;1;1;1;1;3;4;;;;200000;;;;;;;;;;1;;;1
20230313;03;2023;7377561;1;1;01;;1;408.08944372;66;2;4;3;1;2;1;1;1;2;1;1;5;2;1;1;1;1;1;3;3;;;;;300000;;1;;;;;;;;;;2
20230313;03;2023;7377562;1;1;01;;1;284.71507868;66;2;1;2;1;2;1;1;1;2;1;1;2;1;1;1;1;1;1;3;3;;;;;200000;;;;;;;;;1;;;1
20230313;03;2023;7377563;1;1;01;;1;344.24599221;66;2;1;4;1;2;1;1;1;2;1;1;3;1;1;1;1;1;1;3;3;;;;;350000;;1;;;;;;;;;;2
20230313;03;2023;7377564;1;1;01;;1;597.35791069;66;2;1;4;1;2;1;1;1;2;1;1;4;2;1;1;1;1;1;3;3;;;;;400000;;;;;;;;;1;;;4
20230313;03;2023;7377565;1;1;01;;1;864.35999031;66;2;1;4;1;2;1;1;1;2;1;1;4;2;1;1;1;1;1;3;4;;;;300000;;;1;;;;;;;;;;4
20230313;03;2023;7377566;1;1;01;;1;426.99647973;66;2;1;3;1;2;1;1;1;2;1;1;3;1;1;1;1;1;1;3;3;;;;;350000;;1;;;;;;;;;;2
20230313;03;2023;7377567;1;1;01;;1;279.97767141;66;2;1;4;1;2;1;1;1;2;1;1;2;2;1;1;1;1;1;3;3;;;;;200000;;;;;;;;;1;;;2
20230313;03;2023;7377568;1;1;01;;1;455.07650964;66;2;1;4;1;2;1;1;1;2;1;1;4;3;1;1;1;1;1;3;1;;;80000000;350000;;;1;;;;;;;;;;3
20230313;03;2023;7377569;1;1;01;;1;221.6122507;66;1;1;4;1;2;1;1;1;2;1;1;4;1;1;1;1;1;1;3;2;;500000;40000000;400000;;;;;;;;;;1;;;2
20230313;03;2023;7377571;1;1;01;;1;284.71507868;66;2;1;2;1;2;1;1;1;2;1;1;2;1;1;1;1;1;1;3;3;;;;;250000;;;;;;;;;1;;;1
20230313;03;2023;7377573;1;1;01;;2;274.001909;66;1;1;2;1;1;2;2;2;;2;1;3;2;2;1;5;2;1;4;1;;;60000000;200000;;;1;;;;;;;;;;2
20230313;03;2023;7377575;1;1;01;;2;342.3348859;66;1;1;2;1;1;2;2;2;;2;1;3;2;2;1;4;2;1;4;4;;;;120000;;;;;;;;;;1;;;2
20230313;03;2023;7377576;1;1;01;;2;365.1463175;66;1;4;2;1;1;2;2;2;;2;1;2;2;2;1;5;2;1;4;1;;;40000000;170000;;;;;;;;;;1;;;2
20230313;03;2023;7377577;1;1;01;;2;378.13858403;66;1;1;2;1;1;2;2;2;;2;1;3;2;2;1;4;6;1;5;1;;;80000000;140000;;;;;;;;;;1;;;3
20230313;03;2023;7377578;1;1;01;;2;307.31466674;66;1;1;2;1;1;2;2;2;;2;1;4;1;2;1;5;2;1;4;4;;;;150000;;;1;;;;;;;;;;1
20230313;03;2023;7377579;1;1;01;;2;339.83389584;66;1;1;2;1;1;2;2;2;;2;1;3;2;2;1;4;2;1;4;4;;;;100000;;;;;;;;;;1;;;3
20230313;03;2023;7377580;1;1;01;;2;287.45484535;66;1;1;4;1;2;2;2;2;;2;1;5;1;2;1;3;2;1;4;1;;;40000000;250000;;;1;;;;;;;;;;2
20230313;03;2023;7377582;1;1;01;;2;378.13858403;66;1;1;2;1;1;2;2;2;;2;1;3;2;2;1;5;2;1;4;1;;;200000000;300000;;;;;;;;;;1;;;3
20230313;03;2023;7377583;1;1;01;;1;5888.5151298;05;2;1;4;1;3;1;1;1;3;1;1;5;2;1;1;1;1;1;3;4;;;;600000;;;1;;;;1;1;;;;;3
20230313;03;2023;7377584;1;1;01;;1;2634.8005915;05;2;1;2;1;3;1;1;1;3;1;1;4;1;1;1;1;1;1;3;4;;;;200000;;;;;;;;;;1;;;2
20230313;03;2023;7377585;1;1;01;;1;2908.0575924;05;2;1;4;1;3;2;1;1;3;1;1;1;1;1;1;1;1;1;4;3;;;;;300000;;;;;;;;;1;;;1
20230313;03;2023;7377586;1;1;01;;1;4615.1476235;05;2;1;4;1;2;2;2;1;2;1;1;3;1;3;1;1;1;1;4;1;;;98;300000;;;;;;;;;;1;;;2
20230313;03;2023;7377587;1;1;01;;1;7172.426342;05;2;1;2;1;2;2;2;1;2;1;1;3;2;2;1;1;1;1;4;3;;;;;250000;;;;;;;;;1;;;3
20230313;03;2023;7377588;1;1;01;;1;4824.0335639;05;2;1;4;1;2;2;2;1;2;1;1;3;2;3;1;1;1;1;4;3;;;;;250000;;;;;;;;;1;;;3
20230313;03;2023;7377589;1;1;01;;1;2395.273265;05;2;1;2;1;2;2;2;1;2;1;1;3;2;2;1;1;1;1;4;1;;;150000000;500000;;;;;;;;;;1;;;2
20230313;03;2023;7377590;1;1;01;;1;3077.3137043;05;2;1;2;1;2;2;2;1;2;1;1;3;1;3;1;1;1;1;4;1;;;98;250000;;;;;;;;;;1;;;1
20230313;03;2023;7377591;1;1;01;;1;4867.4439643;05;1;1;2;1;2;2;1;1;2;1;1;2;2;1;1;1;1;1;4;1;;;99;250000;;;;;;;;;;1;;;4
20230313;03;2023;7377592;1;1;01;;1;3863.0476856;05;3;1;4;1;3;1;1;1;3;1;1;2;1;1;1;1;1;1;3;3;;;;;250000;;1;;;;;;;;;;1
20230313;03;2023;7377593;1;1;01;;1;4871.9167759;05;2;1;4;1;3;2;1;1;3;1;1;3;1;1;1;1;1;3;4;3;;;;;400000;;1;;;;;;;;;;1
20230313;03;2023;7377594;1;1;01;;1;2908.0575924;05;2;1;4;1;3;1;1;1;3;1;1;5;1;1;1;1;1;1;3;1;;;98;600000;;;;;;;;;;1;;;1
20230313;03;2023;7377595;1;1;01;;1;2634.8005915;05;2;1;4;1;3;2;1;1;3;1;1;1;1;1;1;1;1;1;4;7;Vive en arriendo hace seis años no le reciben el pago de doscientos mil pesos pues quieren desalojarlos;;;400000;;;;;;;;;;1;;;2
20230313;03;2023;7377596;1;1;01;;1;4089.8665002;05;1;1;4;1;2;2;2;1;2;1;1;3;3;2;1;1;1;1;4;1;;;100000000;350000;;;1;;;;;;;;;;5
20230313;03;2023;7377597;1;1;01;;1;3385.0450747;05;2;1;4;1;3;2;1;1;3;1;1;2;1;1;1;1;1;1;4;3;;;;;250000;;;;;;;;;1;;;1
20230313;03;2023;7377598;1;1;01;;1;5705.1315386;05;1;1;2;1;2;2;2;1;2;1;1;5;4;3;1;1;1;1;4;4;;;;250000;;;;;;;;;;1;;;5
20230313;03;2023;7377600;1;1;01;;1;2395.273265;05;1;1;4;1;2;1;2;1;2;1;1;4;3;3;1;1;1;1;3;1;;;100000000;600000;;;;;;;;;;1;;;2
20230313;03;2023;7377601;1;1;01;;1;3511.8615323;05;2;1;4;1;2;1;2;1;2;1;1;3;1;3;1;1;1;6;;4;;;;200000;;;;;;;;;;1;;;1
20230313;03;2023;7377602;1;1;01;;1;3088.3674675;05;2;1;2;1;3;1;1;1;3;1;1;3;2;1;1;1;1;1;3;4;;;;400000;;;1;;;;;;;;;;2
20230313;03;2023;7377603;1;1;01;;1;3261.7510543;05;2;1;4;1;3;2;1;1;3;1;1;3;2;1;1;1;1;1;4;3;;;;;250000;;;;;;;;;1;;;3
20230313;03;2023;7377604;1;1;01;;1;2511.790846;05;2;1;4;1;3;1;1;1;3;1;1;3;2;1;1;1;1;1;4;3;;;;;300000;;1;;;;;;;;;;2
20230313;03;2023;7377605;1;1;01;;1;4025.9082592;05;2;1;2;1;3;2;1;1;3;1;1;3;3;1;1;1;1;1;4;1;;;99;400000;;;;;;;;;;1;;;3
20230313;03;2023;7377606;1;1;01;;1;7136.2108195;05;2;1;4;1;3;2;1;1;3;1;1;3;1;1;1;1;1;1;4;3;;;;;200000;;;;;;;;;1;;;4
20230313;03;2023;7377607;1;1;01;;1;2554.2920075;05;2;1;4;1;3;1;1;1;3;1;1;2;1;1;1;1;1;1;3;3;;;;;300000;;1;;;;;;;;;;1
20230313;03;2023;7377608;1;1;01;;1;1988.1714848;05;2;1;4;1;3;1;1;1;3;1;1;2;2;1;1;1;1;1;3;4;;;;400000;;;;;;;;;;1;;;2
20230313;03;2023;7377610;1;1;01;;2;1962.9959453;05;1;1;2;1;1;2;2;2;;1;1;3;2;3;1;4;1;1;4;4;;;;250000;;;;;;;;;;1;;;2
20230313;03;2023;7377611;1;1;01;;2;2392.2111654;05;1;1;4;1;4;2;2;1;2;1;1;4;1;2;1;1;1;1;4;4;;;;200000;;;;;;;;;;1;;;1
20230313;03;2023;7377612;1;1;01;;2;2970.5804007;05;1;5;2;1;1;2;2;2;;1;1;2;1;3;1;4;1;1;4;4;;;;150000;;;;;;;;;;1;;;2
20230313;03;2023;7377613;1;1;01;;2;2426.3162914;05;1;1;4;1;1;2;2;2;;1;1;4;3;3;1;4;1;1;4;4;;;;500000;;;1;;;;;;;;;;3
20230313;03;2023;7377614;1;1;01;;2;2162.4266086;05;1;1;2;1;1;2;2;2;;1;1;2;1;3;1;4;1;1;4;4;;;;200000;;;;;;;;;;1;;;1
20230313;03;2023;7377615;1;1;01;;2;2264.7896447;05;1;1;4;1;1;2;2;2;;1;1;9;1;3;1;4;1;1;4;4;;;;350000;;;1;;;;;;;;;;2
20230313;03;2023;7377616;1;1;01;;2;2392.2111654;05;1;1;4;1;4;2;2;1;2;1;1;3;1;2;1;1;1;1;4;4;;;;400000;;;;;;;;;;1;;;1
20230313;03;2023;7377617;1;1;01;;2;1909.4801428;05;1;1;4;1;4;2;2;1;2;1;1;3;1;2;1;1;1;1;4;4;;;;300000;;;;;;;;;;1;;;1
20230313;03;2023;7377618;1;1;01;;2;1786.0824053;05;1;1;4;1;4;2;2;1;2;1;1;3;1;2;1;1;1;1;4;4;;;;350000;;;;;;;;;;1;;;2
20230313;03;2023;7377619;1;1;01;;2;1909.4801428;05;1;1;4;1;4;2;2;1;2;1;1;3;1;2;1;1;1;1;4;4;;;;500000;;;1;;;;;;;;;;1
20230313;03;2023;7377620;1;1;01;;2;2472.9377874;05;1;1;4;1;4;2;2;1;2;1;1;3;1;2;1;1;1;1;4;4;;;;300000;;;;;;;;;;1;;;2
20230313;03;2023;7377621;1;1;01;;2;2392.2111654;05;1;1;4;1;4;2;2;1;2;1;1;2;1;2;1;1;1;1;4;4;;;;450000;;;;;;;;;;1;;;1
20230313;03;2023;7377622;1;1;01;;2;2349.5400499;05;1;1;2;1;4;2;2;1;2;2;1;3;2;3;1;1;2;1;4;4;;;;200000;;;;;;;;;;1;;;3
20230313;03;2023;7377623;1;1;01;;2;2737.8482246;05;1;1;4;1;4;2;2;1;2;1;1;3;2;2;1;1;1;1;4;4;;;;300000;;;;;;;;;;1;;;3
20230313;03;2023;7377624;1;1;01;;2;1832.7406388;05;1;1;4;1;4;2;2;1;2;1;1;3;1;2;1;1;1;1;4;4;;;;500000;;;1;;;;;;;;;;2
20230313;03;2023;7377625;1;1;01;;1;1724.5967508;05;2;1;4;1;2;1;1;1;2;1;1;2;1;1;1;1;1;2;3;3;;;;;200000;;;;;;;;;1;;;2
20230313;03;2023;7377626;1;1;01;;1;1724.5967508;05;2;1;4;1;2;2;1;1;2;1;1;2;1;1;1;1;1;2;4;2;;1500000;98;350000;;;;;;;;;;1;;;2
20230313;03;2023;7377627;1;1;01;;1;1696.7999479;05;1;1;2;1;2;1;1;1;2;1;1;2;1;1;1;1;1;1;3;1;;;80000000;200000;;;;;;;;;;1;;;4
20230313;03;2023;7377628;1;1;01;;1;1724.5967508;05;1;1;4;1;2;1;1;1;2;1;1;3;2;1;1;1;1;1;3;4;;;;500000;;;1;;;;;;;;;;2
20230313;03;2023;7377629;1;1;01;;1;2215.6658671;05;1;1;4;1;2;1;1;1;2;1;1;2;1;1;1;1;1;1;4;2;;600000;120000000;500000;;;1;;1;;;1;;;;;1
20230313;03;2023;7377630;1;1;01;;1;2037.471187;05;2;1;2;1;2;1;1;1;2;1;1;3;1;1;1;1;1;3;3;1;;;65000000;320000;;;;;;;;;;1;;;2
20230313;03;2023;7377631;1;1;01;;1;4433.409162;05;2;1;4;1;2;2;1;1;2;1;1;3;2;1;1;1;1;1;4;3;;;;;250000;;;;;;;;;1;;;4
20230313;03;2023;7377632;1;1;01;;1;1724.5967508;05;1;1;4;1;2;1;1;1;2;1;1;4;2;1;1;1;1;1;3;4;;;;400000;;;;;;;;;;1;;;2
20230313;03;2023;7377633;1;1;01;;1;3322.9062889;05;1;1;2;1;2;2;1;1;2;1;1;2;1;1;1;1;1;1;4;3;;;;;220000;;;;;;;;;1;;;2
20230313;03;2023;7377634;1;1;01;;1;1903.4558787;05;2;1;2;1;2;1;1;1;2;1;1;2;1;1;1;1;1;1;3;1;;;99;350000;;;;;;;;;;1;;;1
20230313;03;2023;7377635;1;1;01;;1;1938.6291596;05;2;1;4;1;3;1;1;1;3;1;1;4;2;1;1;1;1;3;3;1;;;120000000;400000;;;1;;;;1;1;;;;;3
20230313;03;2023;7377636;1;1;01;;1;3830.7549444;05;2;1;4;1;3;2;1;1;3;1;1;4;1;1;1;1;1;1;4;3;;;;;600000;;1;;;;;;;;;;2
20230313;03;2023;7377637;1;1;01;;1;4368.5914647;05;2;1;4;1;3;1;1;1;3;1;1;3;2;1;1;1;1;3;3;3;;;;;400000;;1;;;;;;;;;;4
20230313;03;2023;7377638;1;1;01;;1;5935.7115993;05;2;1;4;1;3;1;1;1;3;1;1;3;2;1;1;1;1;1;3;3;;;;;450000;;1;;;;;;;;;;4
20230313;03;2023;7377639;1;1;01;;1;4871.9167759;05;2;1;4;1;3;1;1;1;3;1;1;3;1;1;1;1;1;1;3;3;;;;;350000;;1;;;;;;;;;;1
20230313;03;2023;7377640;1;1;01;;1;5306.4369203;05;2;1;4;1;3;2;1;1;3;1;1;3;2;1;1;1;1;1;4;3;;;;;250000;;1;;;;;;;;;;3
20230313;03;2023;7377641;1;1;01;;2;3362.861865;05;1;1;2;1;1;1;2;1;2;1;1;2;1;2;1;1;1;1;3;3;;;;;350000;;;;;;;;;1;;;1
20230313;03;2023;7377642;1;1;01;;2;1790.7867586;05;1;2;6;1;1;2;2;2;;1;1;4;1;2;1;4;1;1;4;1;;;60000000;500000;;;1;;;;1;;1;;;Prestamo banco agrario inversion para cultivo;2
20230313;03;2023;7377643;1;1;01;;2;2970.5804007;05;1;1;2;1;1;2;2;2;;1;1;3;2;2;1;4;1;1;5;3;;;;;208000;;1;;;;;;;;;;2
20230313;03;2023;7377644;1;1;01;;2;5622.2869095;05;1;1;2;1;1;2;2;2;;1;1;4;3;2;1;4;1;1;4;3;;;;;120000;;1;;;;1;;;;;;4
20230313;03;2023;7377645;1;1;01;;2;3825.1672071;05;1;1;2;1;1;2;2;2;;1;1;3;2;2;1;4;1;1;5;1;;;50000000;500000;;;;;;;;;;1;;;4
20230313;03;2023;7377646;1;1;01;;2;2264.7896447;05;1;1;2;1;1;2;2;2;;1;1;3;1;2;1;4;1;1;5;1;;;50000000;400000;;;;;;;;;;1;;;2
20230313;03;2023;7377647;1;1;01;;2;5798.3833457;05;1;1;2;1;1;2;2;2;;1;1;3;3;2;1;3;1;1;5;3;;;;;666000;;1;;;;1;;1;;;Banco agrario prestamo para inversion agraria;5
20230313;03;2023;7377648;1;1;01;;2;2540.7057789;05;1;1;2;1;1;2;2;2;;1;1;2;2;3;1;4;1;1;5;4;;;;200000;;;;;;;;;;1;;;3
20230313;03;2023;7377649;1;1;01;;2;2323.9532554;05;1;1;2;1;1;2;2;2;;1;1;2;1;3;1;4;1;1;5;4;;;;300000;;;1;;;;1;1;;;;;2
20230313;03;2023;7377650;1;1;01;;2;2876.9026233;05;1;1;2;1;1;2;2;2;;1;1;2;2;2;1;4;1;1;5;4;;;;150000;;;;;;;;;;1;;;2
20230313;03;2023;7377651;1;1;01;;2;3966.8604983;05;1;1;2;1;1;2;2;2;;1;1;3;3;2;1;4;1;1;5;1;;;80000000;200000;;;1;;;;1;1;;;;;6
20230313;03;2023;7377652;1;1;01;;2;8935.8129336;05;1;1;2;1;1;2;2;1;2;1;1;3;2;2;1;1;1;5;5;3;;;;;130000;;;;;;;;;1;;;6
20230313;03;2023;7377653;1;1;01;;2;3227.7128547;05;1;1;2;1;1;2;2;1;2;1;1;2;2;2;1;1;1;3;4;3;;;;;300000;;;;;;;;;1;;;2
20230313;03;2023;7377654;1;1;01;;2;4137.8689713;05;1;1;2;1;1;2;2;1;2;1;1;3;2;3;1;1;1;1;4;4;;;;250000;;;1;;;;;;;;;;3
20230313;03;2023;7377655;1;1;01;;2;5565.5982929;05;1;1;2;1;1;2;2;1;2;1;1;3;3;2;1;1;1;3;4;3;;;;;300000;;;;;;;;;1;;;4
20230313;03;2023;7377656;1;1;01;;2;4213.0187798;05;1;1;2;1;1;2;2;1;2;1;1;3;1;3;1;1;1;1;4;4;;;;280000;;;;;;;;;;1;;;1
20230313;03;2023;7377657;1;1;01;;2;3670.9289096;05;1;1;2;1;1;2;2;1;2;1;1;2;2;3;1;1;1;3;4;4;;;;300000;;;;;;;;;;1;;;4
20230313;03;2023;7377658;1;1;01;;2;4597.3914663;05;1;1;2;1;1;2;2;1;2;1;1;2;2;3;1;1;1;1;4;4;;;;250000;;;;;;;;;;1;;;2
20230313;03;2023;7377659;1;1;01;;2;3362.861865;05;1;1;4;1;1;2;2;1;2;1;1;2;1;3;1;1;1;2;4;3;;;;;145000;;;;;;;;;1;;;1
20230313;03;2023;7377660;1;1;01;;2;1790.7867586;05;1;4;2;1;1;2;2;2;;1;1;1;1;2;1;4;1;5;5;5;;;;50000;;;;;;;;;;1;;;2
20230313;03;2023;7377661;1;1;01;;2;2757.1724878;05;1;1;2;1;1;2;2;2;;1;1;2;1;2;1;4;1;3;4;1;;;99;150000;;;;;;;;;;1;;;2
20230313;03;2023;7377662;1;1;01;;2;2876.9026233;05;1;1;2;1;1;2;2;2;;1;1;3;1;2;1;4;1;1;5;5;;;;300000;;;;;;;;;;1;;;2
20230313;03;2023;7377663;1;1;01;;2;2264.7896447;05;1;1;2;1;1;2;2;2;;1;1;2;1;2;1;4;1;1;4;1;;;99;99;;;;;;;;;;1;;;2
20230313;03;2023;7377664;1;1;01;;2;3061.6356612;05;1;1;2;1;1;2;2;2;;1;1;2;2;2;1;4;1;3;4;3;;;;;150000;;;;;;;;;1;;;4
20230310;03;2023;7377665;1;1;01;;1;200.30635554;05;2;1;4;1;3;1;1;1;3;1;1;2;1;1;1;1;1;1;3;2;;1500000;150000000;800000;;;1;;1;;;;;;;;2
20230310;03;2023;7377666;1;1;01;;1;192.72003891;05;2;1;4;1;4;2;1;1;3;1;1;4;2;1;1;1;1;1;4;3;;;;;1000000;;1;;1;;;;;;;;3
20230309;03;2023;7377667;1;1;01;;1;130.67026633;05;2;1;4;1;3;1;1;1;3;1;1;4;3;1;1;1;1;1;3;3;;;;;1000000;;;;;;;;;1;;;3
20230312;03;2023;7377668;1;1;01;;1;294.34308785;05;2;1;4;1;3;1;1;1;3;1;1;4;3;1;1;1;1;1;3;1;;;400000000;900000;;;1;;;;;;;;;;4
20230312;03;2023;7377669;1;1;01;;1;408.03146499;05;2;1;4;1;3;1;1;1;3;1;1;4;2;1;1;1;1;1;3;3;;;;;800000;;1;;;;;1;;;;;2
20230309;03;2023;7377670;1;1;01;05;1;1758.0757984;05;2;1;4;1;2;1;1;1;2;1;1;4;3;1;1;1;1;1;3;3;;;;;750000;;1;;;;;;;;;;4
20230309;03;2023;7377671;1;1;01;05;1;794.1294306;05;2;1;4;1;2;1;1;1;2;1;1;5;4;1;1;1;1;1;3;3;;;;;750000;;1;;;;;;;;;;5
20230309;03;2023;7377672;1;1;01;05;1;940.60362629;05;2;1;4;1;2;1;1;1;2;1;1;5;4;1;1;1;1;1;3;1;;;98;800000;;;1;;;;;;;;;;5
20230309;03;2023;7377673;1;1;01;05;1;932.45128149;05;2;1;2;1;1;1;1;1;2;1;1;4;3;1;1;1;1;1;3;2;;450000;90000000;500000;;;1;;1;;;;;;;;4
20230310;03;2023;7377674;1;1;01;05;1;527.92914155;05;2;1;4;1;3;1;1;1;2;1;1;3;2;1;1;1;1;1;3;3;;;;;900000;;1;;;;;;;;;;4
20230310;03;2023;7377675;1;1;01;05;1;1009.6862139;05;2;1;4;1;3;1;1;1;2;1;1;4;3;1;1;1;1;1;3;3;;;;;800000;;1;;;;;;;;;;4
20230310;03;2023;7377676;1;1;01;05;1;939.25455097;05;2;1;2;1;2;2;2;1;2;1;1;2;1;3;1;1;1;1;1;4;;;;800000;;;;;;;;;;1;;;3
20230310;03;2023;7377677;1;1;01;05;1;2520.7668583;05;2;1;4;1;3;1;1;1;2;1;1;3;1;1;1;1;1;1;3;4;;;;600000;;;;;;;;;;1;;;1
20230311;03;2023;7377678;1;1;01;05;1;1276.0845242;05;2;1;4;1;0;2;2;1;2;2;1;2;1;3;1;1;2;1;4;3;;;;;470000;;1;;;;;;;;;;5
20230311;03;2023;7377679;1;1;01;05;1;1581.7906037;05;2;1;4;1;0;2;2;1;2;2;1;2;1;3;1;1;2;1;4;1;;;45000000;500000;;;1;;;;;;;;;;1
20230311;03;2023;7377680;1;1;01;05;1;1097.3331212;05;2;1;4;1;0;2;2;1;2;2;1;4;3;3;1;1;2;1;4;3;;;;;700000;;1;;;;;;;;;;6
20230311;03;2023;7377681;1;1;01;05;1;1559.2607568;05;2;1;4;1;0;2;2;1;2;2;1;1;1;3;1;1;2;1;4;3;;;;;380000;;1;;;;;;;;;;1
20230311;03;2023;7377682;1;1;01;05;1;3945.0074798;05;2;1;4;1;4;1;1;1;2;1;1;4;3;1;1;1;1;1;1;1;;;450000000;2000000;;1;1;1;;1;1;1;;;;;4
20230311;03;2023;7377683;1;1;01;05;1;3805.3945694;05;2;1;4;1;4;1;1;1;2;1;1;5;3;1;1;1;1;1;3;2;;600000;600000000;3000000;;;1;;;;;;;;;;3
20230311;03;2023;7377684;1;1;01;05;1;2448.9910705;05;2;1;4;1;4;1;1;1;2;1;1;5;2;1;1;1;1;1;3;1;;;500000000;2000000;;;1;;;;;;;;;;2
20230311;03;2023;7377685;1;1;01;05;1;3891.8794998;05;2;1;4;1;4;1;1;1;2;1;1;5;2;1;1;1;1;1;3;1;;;98;1800000;;;1;;;;;;;;;;3
20230311;03;2023;7377686;1;1;01;05;1;2642.464199;05;2;1;4;1;6;1;1;1;2;1;1;4;1;1;1;1;1;1;3;2;;1300000;1500000000;6000000;;1;1;;1;1;1;1;;;;;2
20230311;03;2023;7377687;1;1;01;08;1;945.89742308;08;1;1;4;1;6;1;1;1;3;1;1;4;1;1;1;1;1;1;3;1;;;1000000000;3000000;;;1;;;;;1;;;;;2
20230311;03;2023;7377688;1;1;01;08;1;844.44173624;08;2;1;4;1;4;1;1;1;3;1;1;4;1;1;1;1;1;1;3;3;;;;;1200000;;1;;;;;1;;;;;1
20230311;03;2023;7377689;1;1;01;08;1;601.93472378;08;2;1;4;1;4;1;1;1;3;1;1;4;1;1;1;1;1;1;3;1;;;250000000;1200000;;;1;;;;;;;;;;2
20230311;03;2023;7377690;1;1;01;08;1;824.69098764;08;2;1;4;1;4;1;1;1;3;1;1;4;2;1;1;1;1;1;3;3;;;;;1300000;;1;;;;;;;;;;2
20230309;03;2023;7377692;1;1;01;11;1;4443.8373213;11;2;1;4;1;5;1;1;1;3;1;1;5;1;1;1;1;1;1;3;1;;;98;2000000;;;1;;;1;;1;;;;;2
20230310;03;2023;7377694;1;1;01;11;1;3595.3392735;11;2;1;4;1;3;1;1;1;3;1;1;4;3;1;1;1;1;1;3;2;;500000;99;600000;;;1;;1;;;;;;;;4
20230310;03;2023;7377695;1;1;01;11;1;3801.7656566;11;2;1;4;1;3;1;1;1;3;1;1;4;4;1;1;1;1;1;3;3;;;;;850000;;1;;;;;;;;;;10
20230310;03;2023;7377696;1;1;01;11;1;2938.459112;11;2;1;4;1;3;1;1;1;3;1;1;3;2;1;1;1;1;1;3;2;;500000;100000000;600000;;;1;;1;;;;;;;;4
20230310;03;2023;7377697;1;1;01;11;1;4015.8490209;11;1;1;4;1;2;1;1;1;3;1;1;4;2;1;1;1;1;1;3;1;;;150000000;500000;;;1;;;;;;;;;;6
20230310;03;2023;7377699;1;1;01;11;1;3289.3220895;11;2;1;4;1;2;1;1;1;3;1;1;2;2;1;2;1;1;1;3;3;;;;;600000;;1;;;;;;1;;;DAVIPLATA;5
20230310;03;2023;7377700;1;1;01;11;1;4112.0537613;11;1;1;4;1;2;1;1;1;3;1;1;4;2;1;1;1;1;1;3;3;;;;;1200000;;1;;;;;1;;;;;4
20230310;03;2023;7377701;1;1;01;11;1;2988.8542305;11;2;1;4;1;2;1;1;1;3;1;1;3;1;1;1;1;1;1;3;1;;;98;500000;;;;;;;;;;1;;;1
20230310;03;2023;7377702;1;1;01;11;1;3320.9294847;11;3;1;4;1;2;1;1;1;3;1;1;1;1;1;2;1;1;1;3;3;;;;;300000;;;;;;;;;1;;;4
20230310;03;2023;7377703;1;1;01;11;1;3836.2683733;11;2;1;4;1;3;1;1;1;3;1;1;2;2;1;1;1;1;1;3;1;;;200000000;800000;;;1;;;;;;;;;;2
20230310;03;2023;7377704;1;1;01;11;1;3409.0864888;11;2;1;4;1;3;1;1;1;3;1;1;3;2;1;1;1;1;1;3;3;;;;;1300000;;1;;;;;;;;;;4
20230310;03;2023;7377706;1;1;01;11;1;4605.8283375;11;2;1;4;1;3;1;1;1;3;1;1;3;2;1;1;1;1;1;3;2;;1000000;300000000;500000;;;1;;1;;1;1;;;;;3
20230310;03;2023;7377708;1;1;01;11;1;4908.420314;11;1;1;4;1;4;1;1;1;3;1;1;5;1;1;1;1;1;1;3;1;;;99;1600000;;;1;;;;;1;;;;;2
20230310;03;2023;7377709;1;1;01;11;1;3814.9407287;11;1;1;4;1;4;1;1;1;3;1;1;3;2;1;1;1;1;1;3;1;;;99;2000000;;;1;;;;;;;;;;2
20230310;03;2023;7377710;1;1;01;11;1;3842.435384;11;2;1;4;1;2;1;1;1;3;1;1;3;1;1;1;1;1;1;3;2;;60000;98;700000;;;;;;;;;1;;;NEQUI;2
20230310;03;2023;7377712;1;1;01;11;1;4147.4107421;11;1;1;4;1;4;1;1;1;3;1;1;4;2;1;1;1;1;1;3;1;;;99;99;;;1;;;;;;;;;;3
20230310;03;2023;7377713;1;1;01;11;1;3999.4535892;11;2;1;4;1;3;1;1;1;3;1;1;4;1;1;1;1;1;1;3;1;;;300000000;1500000;;;1;;;;1;1;;;;;2
20230310;03;2023;7377714;1;1;01;11;1;4282.7720643;11;2;1;4;1;2;1;1;1;3;1;1;3;2;1;1;1;1;1;3;2;;150000;98;450000;;;;;;;;;;1;;;4
20230311;03;2023;7377715;1;1;01;11;1;4174.1429469;11;2;1;4;1;4;1;1;1;3;1;1;4;3;1;1;1;1;1;3;2;;2000000;350000000;1500000;;;1;;1;1;;1;;;;;4
20230311;03;2023;7377716;1;1;01;11;1;3157.2175411;11;2;1;4;1;4;1;1;1;2;1;1;4;2;1;1;1;1;1;3;1;;;320000000;1600000;;;1;;;;;;;;;;2
20230311;03;2023;7377717;1;1;01;11;1;2757.1667474;11;2;1;3;1;4;1;1;1;3;1;1;4;2;1;1;1;1;1;3;1;;;98;1800000;;;1;;;;;1;;;;;2
20230311;03;2023;7377718;1;1;01;11;1;3556.7435282;11;1;1;4;1;1;1;1;1;3;1;1;2;1;1;1;1;1;2;3;1;;;90000000;350000;;;;;;;;;;1;;;6
20230311;03;2023;7377719;1;1;01;11;1;3866.9180901;11;2;1;4;1;4;1;1;1;9;1;1;3;2;1;1;1;1;1;3;1;;;280000000;1600000;;;1;;;;;;;;;;2
20230311;03;2023;7377720;1;1;01;11;1;3549.0852602;11;3;1;4;1;2;1;1;1;3;1;1;1;1;1;2;1;1;1;3;3;;;;;250000;;;;;;;;;1;;;1
20230311;03;2023;7377721;1;1;01;11;1;3405.5112825;11;2;1;6;1;4;1;1;1;3;1;1;3;2;1;1;1;1;1;3;1;;;280000000;1300000;;;1;;;;;1;;;;;2
20230311;03;2023;7377723;1;1;01;11;1;4480.1880401;11;1;1;2;1;1;2;1;1;3;1;1;2;1;1;1;1;1;3;4;1;;;140000000;350000;;;1;;;;;;;;;;1
20230311;03;2023;7377724;1;1;01;11;1;3457.6668198;11;2;1;4;1;3;1;1;1;3;1;1;4;3;1;1;1;1;1;3;3;;;;;1000000;;1;;;;1;1;;;;;4
20230311;03;2023;7377725;1;1;01;11;1;3506.9551228;11;2;1;4;1;4;1;1;1;3;1;1;3;2;1;1;1;1;1;3;2;;1500000;280000000;1200000;;;1;;1;;;1;;;;;3
20230311;03;2023;7377726;1;1;01;11;1;4506.7464658;11;2;1;4;1;2;1;1;1;3;1;1;3;2;1;1;1;1;1;3;2;;330000;80000000;200000;;;;;;;;;;;1;;3
20230311;03;2023;7377727;1;1;01;11;1;3607.9740353;11;2;1;4;1;4;1;1;1;3;1;1;4;1;1;1;1;1;1;3;4;;;;2300000;;;1;;;;;;;;;;1
20230311;03;2023;7377728;1;1;01;11;1;3270.6444042;11;2;1;4;1;4;1;1;1;3;1;1;3;2;1;1;1;1;1;3;1;;;430000000;2000000;;;1;;;;;1;;;;;2
20230311;03;2023;7377731;1;1;01;11;1;3628.2540291;11;2;1;4;1;5;1;1;1;3;1;1;4;2;1;1;1;1;1;3;3;;;;;1800000;;1;;1;;;;;;;;2
20230310;03;2023;7377732;1;1;01;13;1;369.37834874;13;1;5;2;1;1;2;1;1;3;1;1;3;2;1;1;1;1;3;4;5;;;;200000;;;;;;;;;;1;;;3
20230311;03;2023;7377733;1;1;01;13;1;514.10253436;13;2;1;4;1;1;1;1;1;3;1;1;3;2;1;1;1;1;1;3;3;;;;;350000;;;;;;;;;1;;;4
20230311;03;2023;7377734;1;1;01;13;1;251.69240005;13;1;1;2;1;1;1;1;1;3;1;1;5;3;1;1;1;1;1;3;4;;;;400000;;;;;;;;;;1;;;8
20230311;03;2023;7377735;1;1;01;13;1;553.2771329;13;1;1;4;1;1;1;1;1;3;1;1;4;2;1;1;1;1;1;3;1;;;98;400000;;;;;;;;;;1;;;2
20230311;03;2023;7377736;1;1;01;13;1;357.88314612;13;2;1;2;1;1;1;1;1;3;1;1;3;2;1;1;1;1;1;3;3;;;;;400000;;1;;;;;;;;;;6
20230311;03;2023;7377737;1;1;01;13;1;374.01126583;13;2;1;4;1;1;1;1;1;3;1;1;4;2;1;1;1;1;1;3;1;;;98;400000;;;1;;;;;;;;;;6
20230311;03;2023;7377738;1;1;01;13;1;484.976075;13;2;1;2;1;1;1;1;1;3;1;1;5;3;1;1;1;1;1;3;1;;;99;500000;;;;;;;;;;1;;;2
20230311;03;2023;7377739;1;1;01;13;1;608.16454437;13;1;1;2;1;1;1;1;1;3;1;1;2;1;1;1;1;1;4;3;1;;;99;200000;;;;;;;;;;1;;;2
20230311;03;2023;7377740;1;1;01;13;1;478.22004092;13;1;1;2;1;1;1;1;1;3;1;1;3;2;1;1;1;1;1;3;3;;;;;250000;;1;;;;;;;;;;7
20230311;03;2023;7377741;1;1;01;13;1;630.91660817;13;1;1;4;1;1;1;1;1;3;1;1;3;2;1;1;1;1;1;3;3;;;;;300000;;1;;;;;;;;;;4
20230311;03;2023;7377742;1;1;01;13;1;618.63056426;13;2;1;4;1;1;1;1;1;3;1;1;3;2;1;1;1;1;3;3;6;;;;400000;;;1;;;;;;;;;;5
20230311;03;2023;7377743;1;1;01;13;1;592.7969281;13;1;5;2;1;1;2;1;1;3;1;1;1;1;1;2;1;1;2;4;5;;;;99;;;;;;;;;;1;;;2
20230311;03;2023;7377744;1;1;01;13;1;643.20265208;13;2;1;2;1;1;1;1;1;3;1;1;4;3;1;1;1;1;1;3;6;;;;400000;;;1;;;;;;;;;;3
20230311;03;2023;7377745;1;1;01;13;1;655.87622022;13;2;1;4;1;1;1;1;1;3;1;1;3;2;1;1;1;1;3;3;6;;;;400000;;;1;;;;;;;;;;4
20230311;03;2023;7377746;1;1;01;13;1;594.90177344;13;2;1;4;1;1;1;1;1;3;1;1;3;2;1;1;1;1;1;3;6;;;;500000;;;1;;;;;;;;;;5
20230311;03;2023;7377747;1;1;01;13;1;398.58335365;13;2;1;4;1;1;1;1;1;3;1;1;3;2;1;1;1;1;3;3;1;;;100000000;400000;;;1;;;;;;;;;;4
20230311;03;2023;7377748;1;1;01;13;1;442.91961947;13;2;1;4;1;1;1;1;1;3;1;1;3;2;1;1;1;1;1;3;4;;;;300000;;;;;;;;;;1;;;4
20230311;03;2023;7377749;1;1;01;13;1;536.35246892;13;2;1;4;1;1;1;1;1;3;1;1;3;2;1;1;1;1;1;3;3;;;;;400000;;;;;;;;;1;;;4
20230311;03;2023;7377750;1;1;01;13;1;367.40611742;13;2;1;4;1;3;1;1;1;3;1;1;3;2;1;1;1;1;3;3;1;;;180000000;750000;;;1;;;;;;;;;;2
20230311;03;2023;7377751;1;1;01;13;1;514.90422307;13;2;1;4;1;3;1;1;1;3;1;1;3;2;1;1;1;1;3;3;1;;;380000000;780000;;;1;;;;;;;;;;2
20230311;03;2023;7377752;1;1;01;13;1;429.32471933;13;2;1;4;1;3;1;1;1;3;1;1;4;3;1;1;1;1;1;3;3;;;;;750000;;1;;;;;1;;;;;4
20230311;03;2023;7377753;1;1;01;13;1;411.6765088;13;2;1;4;1;3;1;1;1;3;1;1;3;2;1;1;1;1;3;3;3;;;;;700000;;1;;;;;;;;;;4
20230311;03;2023;7377754;1;1;01;13;1;466.67987728;13;2;1;2;1;3;1;1;1;3;1;1;5;3;1;1;1;1;1;3;3;;;;;660000;;1;;;;;1;;;;;3
20230311;03;2023;7377755;1;1;01;13;1;341.94108277;13;2;1;4;1;3;1;1;1;3;1;1;4;2;1;1;1;1;1;3;1;;;150000000;800000;;;1;;;;;1;;;;;3
20230311;03;2023;7377756;1;1;01;13;1;367.40611742;13;2;1;2;1;3;1;1;1;3;1;1;5;3;1;1;1;1;1;3;1;;;150000000;1100000;;;1;;;;;;;;;;2
20230311;03;2023;7377757;1;1;01;13;1;397.66832966;13;1;1;4;1;1;1;1;1;3;1;1;4;3;1;1;1;1;1;3;6;;;;800000;;;1;;;;;;;;;;4
20230311;03;2023;7377758;1;1;01;13;1;385.63185911;13;1;1;4;1;1;1;1;1;3;1;1;3;2;1;1;1;1;1;3;6;;;;700000;;;;;;;;;;1;;;7
20230311;03;2023;7377759;1;1;01;13;1;624.00384885;13;1;1;2;1;1;1;1;1;3;1;1;3;2;1;1;1;1;1;3;4;;;;300000;;;;;;;;;;1;;;4
20230311;03;2023;7377760;1;1;01;13;1;382.02595849;13;2;1;4;1;1;1;1;1;3;1;1;3;2;1;1;1;1;1;3;1;;;80000000;500000;;;;;;;;;;1;;;3
20230311;03;2023;7377761;1;1;01;13;1;265.91124066;13;2;1;2;1;1;1;1;1;3;1;1;3;2;1;1;1;1;1;3;1;;;50000000;300000;;;;;;;;;;1;;;3
20230311;03;2023;7377762;1;1;01;13;1;655.87622022;13;2;1;3;1;1;1;1;1;3;1;1;3;2;1;1;1;1;1;3;7;VIVIENDA FAMILIAR;;;450000;;;;;;;;;;1;;;4
20230311;03;2023;7377763;1;1;01;13;1;522.34663306;13;1;1;2;1;1;1;1;1;3;1;1;3;2;1;1;1;1;1;3;1;;;98;500000;;;;;;;;;;1;;;6
20230311;03;2023;7377764;1;1;01;13;1;643.20265208;13;2;1;4;1;1;1;1;1;3;1;1;3;2;1;1;1;1;1;3;3;;;;;450000;;;;;;;;;1;;;3
20230311;03;2023;7377765;1;1;01;13;1;497.90299919;13;2;1;2;1;3;1;1;1;3;1;1;5;3;1;1;1;1;1;3;3;;;;;660000;;1;;;;;;;;;;2
20230311;03;2023;7377766;1;1;01;13;1;394.59806684;13;2;1;2;1;1;1;1;1;3;1;1;3;1;1;1;1;1;1;3;7;VIVIENDA FAMILIAR;;;300000;;;;;;;;;;1;;;1
20230311;03;2023;7377767;1;1;01;13;1;230.63303137;13;1;1;4;1;1;1;1;1;3;1;1;5;4;1;1;1;1;1;3;1;;;35000000;350000;;;;;;;;;;1;;;8
20230311;03;2023;7377768;1;1;01;13;1;285.58649131;13;2;1;4;1;1;1;1;1;3;1;1;2;1;1;1;1;1;1;3;7;VIVIENDA FAMILIAR;;;300000;;;;;;;;;;1;;;5
20230311;03;2023;7377769;1;1;01;13;1;352.08854943;13;1;1;4;1;1;1;1;1;3;1;1;3;1;1;1;1;1;1;3;1;;;98;300000;;;;;;;;;;1;;;2
20230311;03;2023;7377770;1;1;01;13;1;321.60132604;13;1;1;4;1;1;1;1;1;3;1;1;2;1;1;1;1;1;1;3;3;;;;;250000;;;;;;;;;1;;;3
20230311;03;2023;7377771;1;1;01;13;1;275.37167908;13;1;1;2;1;1;1;1;1;3;1;1;4;3;1;1;1;1;1;3;1;;;50000000;200000;;;;;;;;;;1;;;6
20230311;03;2023;7377772;1;1;01;13;1;293.37909645;13;1;1;4;1;1;1;1;1;3;1;1;4;3;1;1;1;1;1;3;1;;;60000000;400000;;;1;;;;;;;;;;5
20230311;03;2023;7377774;1;1;01;13;1;438.13899196;13;2;1;4;1;4;1;1;1;3;1;1;3;1;1;1;1;1;1;3;3;;;;;1420000;;1;;;;;1;;;;;1
20230311;03;2023;7377775;1;1;01;13;1;289.73212559;13;2;1;4;1;4;1;1;1;3;1;1;4;3;1;1;1;1;3;3;1;;;390000000;1800000;;;1;;;;;;;;;;3
20230311;03;2023;7377776;1;1;01;13;1;347.81471236;13;2;1;4;1;4;1;1;1;3;1;1;4;3;1;1;1;1;3;3;3;;;;;1800000;;1;;;;;;;;;;5
20230311;03;2023;7377778;1;1;01;15;1;66.133105644;15;2;1;4;1;4;1;1;1;7;1;1;4;3;1;1;1;1;1;3;1;;;350000000;1600000;;;1;;;;;1;;;;;2
20230311;03;2023;7377779;1;1;01;15;1;152.55419661;15;1;1;4;1;3;1;1;1;3;1;1;4;3;1;1;1;1;1;3;2;;1600000;230000000;1000000;;;1;;1;;;1;;;;;4
20230311;03;2023;7377780;1;1;01;15;1;128.59214986;15;1;1;2;1;3;1;1;1;3;1;1;3;1;1;1;1;1;1;3;1;;;100000000;600000;;;;;;;;;;1;;;2
20230311;03;2023;7377781;1;1;01;15;1;58.427383183;15;1;1;4;1;3;2;1;1;3;1;1;4;1;1;1;1;1;1;4;1;;;200000000;1000000;;;1;;;;;;;;;;1
20230311;03;2023;7377782;1;1;01;15;1;60.591360338;15;1;1;4;1;4;1;1;1;3;1;1;4;1;1;1;1;1;1;3;1;;;350000000;1000000;;;1;;;;;;;;;;1
20230311;03;2023;7377783;1;1;01;15;1;80.370093665;15;1;1;4;1;4;1;1;1;3;1;1;4;1;1;1;1;1;1;3;4;;;;800000;;;1;;;;;;;;;;2
20230311;03;2023;7377784;1;1;01;15;1;122.58819371;15;1;1;4;1;3;1;1;1;3;1;1;4;3;1;1;1;1;1;3;2;;750000;230000000;800000;;;1;;1;;1;;;;;;4
20230311;03;2023;7377785;1;1;01;15;1;89.245699011;15;2;1;4;1;5;1;1;1;3;1;1;3;1;1;1;1;1;1;3;3;;;;;700000;;1;;;;;;;;;;1
20230311;03;2023;7377786;1;1;01;15;1;110.89662221;15;1;1;4;1;3;1;1;1;3;1;1;4;2;1;1;1;1;1;3;3;;;;;700000;;1;;;1;1;;;;;;3
20230311;03;2023;7377787;1;1;01;15;1;71.896076977;15;1;1;4;1;3;1;1;1;3;1;1;3;2;1;1;1;1;1;3;3;;;;;450000;;1;;;;;;;;;;2
20230311;03;2023;7377788;1;1;01;15;1;77.903177577;15;1;1;4;1;3;1;1;1;3;1;1;3;1;1;1;1;1;1;3;3;;;;;800000;;1;;;;;;;;;;1
20230311;03;2023;7377789;1;1;01;15;1;77.903177577;15;1;1;4;1;3;1;1;1;3;1;1;7;1;1;1;1;1;1;3;1;;;200000000;800000;;;1;;;;;;;;;;1
20230311;03;2023;7377790;1;1;01;15;1;85.09950478;15;2;1;4;1;3;1;1;1;3;1;1;3;2;1;1;1;1;1;3;1;;;200000000;1500000;;;1;;1;;;;;;;;3
20230311;03;2023;7377791;1;1;01;15;1;148.40689422;15;2;1;4;1;2;1;1;1;3;1;1;3;2;1;1;1;1;1;3;3;;;;;400000;;1;;;;;;;;;;3
20230311;03;2023;7377792;1;1;01;15;1;88.868941642;15;2;1;4;1;3;1;1;1;3;1;1;2;1;1;1;1;1;1;3;3;;;;;350000;;;;;;;;;1;;;1
20230311;03;2023;7377793;1;1;01;15;1;54.216306566;15;2;1;4;1;3;1;1;1;3;1;1;3;2;1;1;1;1;1;3;3;;;;;600000;;;;;;;;;1;;;2
20230311;03;2023;7377794;1;1;01;15;1;66.21644093;15;2;1;4;1;4;1;1;1;7;1;1;4;2;1;1;1;1;1;3;4;;;;1200000;;;1;;;;;;;;;;4
20230311;03;2023;7377795;1;1;01;15;1;61.096037443;15;1;1;4;1;3;1;1;1;3;1;1;4;2;1;1;1;1;1;3;2;;2000000;230000000;800000;;;1;;1;;1;1;;;;;2
20230309;03;2023;7377796;1;1;01;17;1;175.15871424;17;1;1;4;1;2;1;1;1;2;1;1;3;2;1;1;1;1;1;3;1;;;90000000;800000;;;1;;;;;;;;;;4
20230309;03;2023;7377797;1;1;01;17;1;228.05562642;17;2;1;4;1;4;1;1;1;2;1;1;4;2;1;1;1;1;1;3;1;;;200000000;1000000;;;1;;;;;;;;;;3
20230310;03;2023;7377798;1;1;01;17;1;83.9451897;17;2;1;4;1;3;1;1;1;2;1;1;4;2;1;1;1;1;1;3;1;;;200000000;800000;;;1;;;;;1;;;;;3
20230310;03;2023;7377799;1;1;01;17;1;122.1210965;17;1;1;4;1;4;1;1;1;2;1;1;6;3;1;1;1;1;1;3;1;;;4000000000;1200000;;;1;;;;;;;;;;3
20230310;03;2023;7377800;1;1;01;17;1;99.576045427;17;2;1;4;1;3;1;1;1;2;1;1;4;3;1;1;1;1;1;3;3;;;;;700000;;1;;;;;;;;;;3
20230310;03;2023;7377801;1;1;01;17;1;185.56848971;17;2;1;4;1;1;1;1;1;2;1;1;3;2;1;1;1;1;1;3;4;;;;600000;;;1;;;;;;;;;;3
20230310;03;2023;7377802;1;1;01;17;1;147.47487923;17;2;1;4;1;4;1;1;1;4;1;1;4;1;1;1;1;1;1;3;4;;;;500000;;;1;;;;;;;;;;1
20230310;03;2023;7377803;1;1;01;17;1;147.47487923;17;2;1;4;1;4;1;1;1;2;1;1;2;1;1;1;1;1;1;3;3;;;;;40000;;1;;;;;;;;;;1
20230311;03;2023;7377804;1;1;01;17;1;253.67001888;17;1;1;4;1;5;1;1;1;2;1;1;5;2;1;1;1;1;1;3;1;;;99;2000000;;;1;;;;;;;;;;1
20230311;03;2023;7377805;1;1;01;17;1;186.02468051;17;2;1;4;1;3;1;1;1;2;1;1;5;1;1;1;1;1;1;3;3;;;;;500000;;1;;;;;;;;;;1
20230311;03;2023;7377806;1;1;01;17;1;178.80648981;17;2;1;4;1;3;1;1;1;2;1;1;3;2;1;1;1;1;1;3;3;;;;;700000;;1;;;;;;;;;;2
20230311;03;2023;7377807;1;1;01;17;1;133.93776997;17;2;1;4;1;4;1;1;1;2;1;1;3;1;1;1;1;1;1;3;3;;;;;830000;;1;;;;;;;;;;1
20230311;03;2023;7377808;1;1;01;17;1;178.08811593;17;2;1;4;1;4;1;1;1;2;1;1;4;2;1;1;1;1;1;3;3;;;;;800000;;1;;;;;;;;;;3
20230311;03;2023;7377809;1;1;01;17;1;155.55025792;17;2;1;4;1;4;1;1;1;2;1;1;4;3;1;1;1;1;1;3;1;;;300000000;1600000;;;1;;;;;;;;;;3
20230311;03;2023;7377810;1;1;01;17;1;144.29354555;17;2;1;4;1;4;1;1;1;2;1;1;3;2;1;1;1;1;1;3;1;;;170000000;1000000;;;1;;;;;;;;;;2
20230311;03;2023;7377811;1;1;01;17;1;300.01851023;17;2;1;3;1;1;2;1;1;2;1;1;2;1;1;1;1;1;1;4;3;;;;;350000;;;;;;;;;1;;;4
20230311;03;2023;7377812;1;1;01;17;1;318.47930222;17;2;4;3;1;1;2;1;1;2;1;1;2;1;1;1;1;1;1;4;3;;;;;350000;;1;;;;;;;;;;4
20230311;03;2023;7377813;1;1;01;17;1;188.45950405;17;2;1;4;1;4;1;1;1;2;1;1;3;2;1;1;1;1;1;3;3;;;;;700000;;1;;;;;;;;;;4
20230311;03;2023;7377814;1;1;01;17;1;101.55264864;17;1;1;2;1;1;1;1;1;2;1;1;2;1;1;1;1;1;1;3;1;;;99;280000;;;;;;;;;;1;;;1
20230311;03;2023;7377815;1;1;01;17;1;155.98936282;17;1;1;4;1;4;1;1;1;2;1;1;5;3;1;1;1;1;1;4;4;;;;1600000;;;1;;;;1;1;;;;;3
20230311;03;2023;7377816;1;1;01;17;1;165.88934657;17;1;1;4;1;4;1;1;1;2;1;1;5;2;1;1;1;1;1;3;1;;;200000000;1500000;;;1;;;;;;;;;;2
20230311;03;2023;7377817;1;1;01;17;1;182.18882014;17;2;1;4;1;4;1;1;1;2;1;1;6;1;1;1;1;1;1;3;4;;;;1600000;;;1;;;;;;;;;;2
20230311;03;2023;7377818;1;1;01;17;1;173.42977141;17;2;1;4;1;4;1;1;1;2;1;1;3;2;1;1;1;1;1;3;4;;;;800000;;;1;;;;;;;;;;2
20230311;03;2023;7377819;1;1;01;17;1;176.80031619;17;2;1;6;1;3;1;1;1;2;1;1;3;1;1;1;1;1;1;3;1;;;250000000;800000;;;1;;;;;;;;;;1
20230311;03;2023;7377820;1;1;01;17;1;122.1241866;17;1;1;4;1;3;1;1;1;2;1;1;3;1;1;1;1;1;1;3;1;;;99;800000;;;1;;;;;1;;;;;2
20230310;03;2023;7377822;1;1;01;18;1;89.080142553;18;1;1;4;1;1;1;1;1;2;1;1;4;3;1;1;1;1;1;3;1;;;90000000;400000;;;1;;;;;;;;;;4
20230310;03;2023;7377823;1;1;01;18;1;123.07599778;18;1;1;4;1;2;1;1;1;2;1;1;4;2;1;1;1;1;1;3;1;;;150000000;500000;;;1;;;;;;;;;;3
20230310;03;2023;7377824;1;1;01;18;1;106.75231182;18;1;1;4;1;2;1;1;1;2;1;1;4;2;1;1;1;1;1;3;4;;;;500000;;;1;;;;1;1;;;;;2
20230311;03;2023;7377825;1;1;01;18;1;70.18873186;18;1;1;2;1;1;1;1;1;2;1;1;3;2;1;1;1;1;3;3;3;;;;;120000;;;;;;;;;1;;;4
20230311;03;2023;7377826;1;1;01;18;1;63.030601534;18;1;1;2;1;1;1;1;1;2;1;1;3;2;1;1;1;1;3;3;4;;;;250000;;;1;;;;1;;;;;;3
20230311;03;2023;7377827;1;1;01;18;1;51.886819784;18;1;1;2;1;1;1;1;1;2;1;1;2;1;1;1;1;1;3;3;4;;;;200000;;;;;;;;;;1;;;1
20230311;03;2023;7377828;1;1;01;18;1;47.562918136;18;1;1;4;1;2;1;1;1;6;1;1;4;1;1;1;1;1;3;3;1;;;500000000;300000;;;;;;;;;;1;;;1
20230311;03;2023;7377829;1;1;01;18;1;70.585065622;18;1;1;4;1;2;1;1;1;6;1;1;4;3;1;1;1;1;1;3;3;;;;;700000;;;;;;;;;1;;;5
20230311;03;2023;7377830;1;1;01;18;1;83.262676883;18;1;5;2;1;1;1;1;1;2;1;1;2;1;1;1;1;1;1;3;3;;;;;100000;;;;;;;;;1;;;1
20230311;03;2023;7377831;1;1;01;18;1;64.53712282;18;1;1;4;1;1;1;1;1;2;1;1;3;2;1;1;1;1;1;3;3;;;;;300000;;;;;;;;;1;;;2
20230311;03;2023;7377832;1;1;01;18;1;89.180471504;18;1;1;2;1;1;1;1;1;2;1;1;2;1;1;1;1;1;3;3;4;;;;200000;;;;;;;;;;1;;;1
20230311;03;2023;7377833;1;1;01;18;1;39.100042394;18;2;1;4;1;1;1;1;1;2;1;1;3;2;1;1;1;1;1;3;3;;;;;460000;;1;;;;;;;;;;2
20230311;03;2023;7377834;1;1;01;18;1;82.646922031;18;1;1;4;1;2;1;1;1;2;1;1;4;2;1;1;1;1;1;3;3;;;;;650000;;1;;;;;;;;;;4
20230311;03;2023;7377835;1;1;01;18;1;142.55092675;18;1;1;4;1;2;1;1;1;2;1;1;4;2;1;1;1;1;1;3;1;;;160000000;500000;;;1;;;;;;;;;;3
20230311;03;2023;7377836;1;1;01;18;1;100.70635448;18;2;1;4;1;2;1;1;1;2;1;1;4;2;1;1;1;1;1;3;1;;;180000000;300000;;;;;;;;;;1;;;4
20230311;03;2023;7377837;1;1;01;18;1;90.710635605;18;1;1;4;1;2;1;1;1;2;1;1;4;2;1;1;1;1;1;3;1;;;120000000;300000;;;;;;;;;;1;;;5
20230311;03;2023;7377838;1;1;01;18;1;121.38681876;18;1;1;4;1;2;1;1;1;2;1;1;3;1;1;1;1;1;1;3;1;;;12000000;3000000;;;1;;;;;;;;;;1
20230311;03;2023;7377839;1;1;01;18;1;82.693932754;18;1;1;4;1;2;1;1;1;2;1;1;4;2;1;1;1;1;1;3;1;;;120000000;400000;;;1;;;;;;;;;;3
20230311;03;2023;7377840;1;1;01;18;1;95.787090444;18;2;1;4;1;1;1;1;1;2;1;1;4;2;1;1;1;1;1;3;3;;;;;320000;;;;;;;;;1;;;3
20230311;03;2023;7377841;1;1;01;18;1;71.344377203;18;1;1;4;1;1;1;1;1;2;1;1;4;1;1;1;1;1;1;3;4;;;;300000;;;;;;;;;;1;;;1
20230311;03;2023;7377842;1;1;01;18;1;49.941064042;18;1;1;4;1;1;1;1;1;2;1;1;4;2;1;1;1;1;1;3;1;;;50000000;200000;;;;;;;;;;1;;;1
20230311;03;2023;7377843;1;1;01;18;1;52.416236821;18;1;1;4;1;1;1;1;1;2;1;1;4;2;1;1;1;1;1;3;3;;;;;250000;;1;;;;;;;;;;4
20230311;03;2023;7377844;1;1;01;18;1;45.902338224;18;1;5;2;1;1;1;1;1;2;1;1;4;3;1;1;1;1;1;3;4;;;;250000;;;;;;;;;;1;;;3
20230311;03;2023;7377845;1;1;01;18;1;87.461200007;18;1;1;4;1;1;1;1;1;2;1;1;4;3;1;1;1;1;1;3;3;;;;;300000;;;;;;;;;1;;;4
20230311;03;2023;7377847;1;1;01;18;1;73.65189954;18;1;1;4;1;2;1;1;1;2;1;1;5;4;1;1;1;1;1;3;4;;;;600000;;;1;;;;;;;;;;4
20230311;03;2023;7377848;1;1;01;18;1;82.095215636;18;1;1;2;1;2;1;1;1;2;1;1;5;2;1;1;1;1;1;3;4;;;;500000;;;1;;;;;;;;;;2
20230311;03;2023;7377849;1;1;01;18;1;55.595055497;18;1;2;2;1;1;1;1;1;2;1;1;2;2;1;1;1;1;1;3;5;;;;200000;;;;;;;;;;1;;;2
20230311;03;2023;7377850;1;1;01;18;1;67.947025908;18;1;1;4;1;2;1;1;1;2;1;1;4;1;1;1;1;1;1;3;4;;;;400000;;;1;;;;;;;;;;1
20230311;03;2023;7377851;1;1;01;18;1;107.57505795;18;2;1;2;1;2;1;1;1;2;1;1;4;3;1;1;1;1;1;3;4;;;;200000;;;;;;;;;;1;;;3
20230311;03;2023;7377852;1;1;01;18;1;136.09678493;18;1;1;2;1;2;1;1;1;2;1;1;4;2;1;1;1;1;1;3;6;;;;400000;;;1;;;;;;;;;;2
20230311;03;2023;7377853;1;1;01;18;1;78.185919653;18;2;1;4;1;2;1;1;1;2;1;1;3;1;1;1;1;1;3;3;3;;;;;400000;;1;;;;;;;;;;2
20230311;03;2023;7377854;1;1;01;18;1;106.9003375;18;1;1;2;1;2;1;1;1;2;1;1;5;1;1;1;1;1;1;3;3;;;;;600000;;1;;;;;;;;;;3
20230311;03;2023;7377855;1;1;01;18;1;83.323654411;18;1;1;2;1;2;1;1;1;2;1;1;4;1;1;1;1;1;1;3;3;;;;;300000;;;;;;;;;1;;;2
20230311;03;2023;7377856;1;1;01;18;1;79.421507852;18;2;1;2;1;2;1;1;1;2;1;1;3;1;1;1;1;1;3;3;3;;;;;350000;;1;;;;;;;;;;2
20230311;03;2023;7377857;1;1;01;18;1;69.675405693;18;1;1;2;1;1;1;1;1;2;1;1;4;3;1;1;1;1;3;3;3;;;;;380000;;;;;;;;;1;;;3
20230311;03;2023;7377858;1;1;01;18;1;85.704330252;18;1;1;2;1;1;1;1;1;2;1;1;4;4;1;1;1;1;1;3;6;;;;500000;;;;;;;;;;1;;;2
20230311;03;2023;7377859;1;1;01;18;1;119.54114857;18;1;1;2;1;2;1;1;1;2;1;1;4;1;1;1;1;1;1;3;6;;;;300000;;;1;;;;;;;;;;3
20230311;03;2023;7377860;1;1;01;18;1;143.14964387;18;1;1;2;1;2;1;1;1;2;1;1;4;3;1;1;1;1;1;3;6;;;;400000;;;1;;;;;1;;;;;4
20230311;03;2023;7377861;1;1;01;18;1;80.947301411;18;1;1;2;1;1;1;1;1;2;1;1;1;1;1;1;1;1;2;3;5;;;;100000;;;1;;;;;;;;;;3
20230311;03;2023;7377862;1;1;01;18;1;107.01656581;18;2;1;4;1;2;1;1;1;2;1;1;4;1;1;1;1;1;1;3;4;;;;400000;;;1;;;;;;;;;;1
20230311;03;2023;7377863;1;1;01;18;1;159.50014889;18;1;1;4;1;2;1;1;1;2;1;1;4;3;1;1;1;1;1;3;6;;;;500000;;;1;;;;;;;;;;2
20230311;03;2023;7377864;1;1;01;18;1;124.98548162;18;1;1;4;1;2;1;1;1;2;1;1;4;1;1;1;1;1;1;3;6;;;;500000;;;1;;;;;;;;;;2
20230311;03;2023;7377865;1;1;01;18;1;173.45850302;18;2;1;4;1;2;1;1;1;2;1;1;4;2;1;1;1;1;1;3;3;;;;;350000;;1;;;;;;;;;;3
20230311;03;2023;7377866;1;1;01;18;1;173.45850302;18;2;1;4;1;2;1;1;1;3;1;1;4;2;1;1;1;1;1;3;3;;;;;550000;1;;;;;;;;;;;3
20230309;03;2023;7377867;1;1;01;19;1;83.025620504;19;1;1;4;1;4;1;1;1;3;1;1;6;3;1;1;1;1;1;3;1;;;99;800000;;;1;;;;1;1;;;;;3
20230310;03;2023;7377868;1;1;01;19;1;124.28444338;19;1;1;4;1;5;1;1;1;3;1;1;6;4;1;1;1;1;1;3;1;;;98;2000000;;;1;;;;;;;;;;5
20230310;03;2023;7377869;1;1;01;19;1;73.209224708;19;1;1;4;1;3;2;1;1;3;1;1;4;3;2;1;2;2;3;2;2;;1300000;300000000;1000000;;;1;;1;;;;;;;;4
20230311;03;2023;7377870;1;1;01;19;1;134.28105799;19;1;1;4;1;3;1;1;1;3;1;1;5;1;1;1;1;1;1;3;3;;;;;1000000;;1;;1;;;;;;;;1
20230311;03;2023;7377871;1;1;01;19;1;265.73848395;19;1;5;2;1;1;2;1;1;3;1;1;3;2;2;1;1;1;1;4;3;;;;;120000;;;;;;;;;1;;;2
20230311;03;2023;7377872;1;1;01;19;1;201.42158698;19;1;5;2;1;1;2;1;1;3;1;1;2;1;3;1;1;1;1;4;1;;;98;200000;;;;;;;;;;1;;;1
20230311;03;2023;7377873;1;1;01;19;1;147.26507445;19;1;1;4;1;3;1;1;1;3;1;1;4;2;1;1;1;1;1;3;1;;;98;500000;;;;;;;;;;1;;;2
20230311;03;2023;7377874;1;1;01;19;1;134.28105799;19;2;1;4;1;3;2;1;1;3;1;1;1;1;1;1;1;1;2;1;3;;;;;380000;;;;;;;;;1;;;1
20230311;03;2023;7377875;1;1;01;19;1;108.74888796;19;2;1;2;1;1;2;1;1;3;1;1;3;2;3;1;1;2;3;4;1;;;98;350000;;;1;;;;1;;;;;;6
20230311;03;2023;7377876;1;1;01;19;1;176.36449182;19;2;1;4;1;3;1;1;1;3;1;1;5;1;1;1;1;1;1;3;6;;;;800000;;;;;;;1;;;;;;1
20230311;03;2023;7377877;1;1;01;19;1;216.54667776;19;1;1;4;1;4;1;1;1;3;1;1;5;2;1;1;1;1;1;3;3;;;;;700000;;1;;;;1;1;;;;;3
20230311;03;2023;7377878;1;1;01;19;1;198.4908057;19;1;1;4;1;4;1;1;1;3;1;1;5;3;1;1;1;1;1;3;4;;;;1000000;;;1;;;;;;;;;;4
20230311;03;2023;7377879;1;1;01;19;1;80.719353268;19;1;1;4;1;3;2;1;1;3;1;1;5;2;1;1;1;1;3;4;1;;;450000000;1000000;;;1;;;;;;;;;;3
20230311;03;2023;7377880;1;1;01;19;1;188.1221246;19;2;1;4;1;4;1;1;1;3;1;1;2;1;1;1;1;1;1;3;3;;;;;1100000;;1;;;;;1;;;;;1
20230311;03;2023;7377881;1;1;01;19;1;188.1221246;19;2;1;4;1;4;1;1;1;3;1;1;2;1;1;1;1;1;3;3;3;;;;;600000;;1;;;;;;;;;;1
20230311;03;2023;7377882;1;1;01;19;1;147.26747007;19;2;1;4;1;4;1;1;1;3;1;1;2;1;1;1;1;1;3;3;3;;;;;850000;;1;;;;;;;;;;2
20230311;03;2023;7377883;1;1;01;19;1;247.65159925;19;2;1;4;1;3;1;1;1;3;1;1;2;1;1;1;1;1;1;3;3;;;;;800000;;1;;;;;;;;;;1
20230311;03;2023;7377884;1;1;01;19;1;201.97174216;19;2;1;4;1;4;1;1;1;3;1;1;3;1;1;1;1;1;1;3;3;;;;;1300000;;1;;;;;;;;;;2
20230311;03;2023;7377885;1;1;01;19;1;247.65159925;19;2;1;4;1;4;1;1;1;3;1;1;1;1;1;1;1;1;3;3;3;;;;;500000;;1;;1;1;1;1;;;;;1
20230311;03;2023;7377886;1;1;01;19;1;109.86632017;19;1;1;4;1;2;1;1;1;3;1;1;3;1;1;1;1;1;1;3;1;;;80000000;300000;;;;;;;;;;1;;;1
20230310;03;2023;7377887;1;1;01;20;1;426.36718397;20;2;1;3;1;2;1;1;1;3;1;1;2;1;1;1;1;1;1;3;3;;;;;250000;;1;;;;;;;;;;3
20230310;03;2023;7377888;1;1;01;20;1;433.42920631;20;2;1;2;1;2;1;1;1;3;1;1;4;2;1;1;1;1;1;3;3;;;;;400000;;1;;;;;;;;;;4
20230310;03;2023;7377889;1;1;01;20;1;92.063063329;20;1;1;4;1;2;1;1;1;3;1;1;3;2;1;1;1;1;1;3;3;;;;;350000;;1;;;;;;;;;;7
20230310;03;2023;7377890;1;1;01;20;1;358.47924608;20;1;1;3;1;4;1;1;1;3;1;1;6;2;1;1;1;1;1;3;1;;;350000000;1200000;;;1;;;;;;;;;;3
20230310;03;2023;7377891;1;1;01;20;1;214.86682153;20;2;1;2;1;1;2;2;1;3;1;1;2;1;2;1;1;1;1;4;3;;;;;80000;;;;;;;;;1;;;6
20230310;03;2023;7377892;1;1;01;20;1;267.37651606;20;1;5;1;1;1;2;2;1;3;1;1;3;2;2;1;1;1;1;4;4;;;;300000;;;;;;;;;;1;;;6
20230310;03;2023;7377893;1;1;01;20;1;449.48290788;20;1;1;4;1;1;1;1;1;3;1;1;4;3;1;1;1;1;1;3;1;;;99;500000;;;1;;;;;;;;;;3
20230310;03;2023;7377894;1;1;01;20;1;589.80226326;20;1;1;4;1;2;1;1;1;3;1;1;4;3;1;1;1;1;3;3;3;;;;;600000;;1;;;;;;;;;;6
20230310;03;2023;7377895;1;1;01;20;1;108.18193524;20;1;1;5;1;3;1;1;1;3;1;1;4;3;1;1;1;1;1;3;3;;;;;800000;;1;;;;;;;;;;5
20230310;03;2023;7377896;1;1;01;20;1;288.75439386;20;1;1;3;1;2;1;1;1;3;1;1;4;2;1;1;1;1;1;3;3;;;;;700000;;1;;;;;;;;;;4
20230310;03;2023;7377897;1;1;01;20;1;330.88982972;20;1;1;4;1;2;1;1;1;3;1;1;3;2;1;1;1;1;1;3;1;;;99;800000;;;;;;;;;;1;;;3
20230310;03;2023;7377898;1;1;01;20;1;268.66640308;20;1;1;3;1;2;1;1;1;3;1;1;4;2;1;1;1;1;1;3;4;;;;500000;;;1;;;;;;;;;;4
20230311;03;2023;7377900;1;1;01;20;1;216.96475651;20;2;1;4;1;2;1;1;1;3;1;1;2;1;1;1;1;1;1;3;3;;;;;500000;;;;;;;;;1;;;4
20230311;03;2023;7377901;1;1;01;20;1;305.61563494;20;2;1;4;1;2;1;1;1;3;1;1;3;1;1;1;1;1;1;3;1;;;300000000;600000;;;1;;;;;;;;;;2
20230311;03;2023;7377902;1;1;01;20;1;135.8749811;20;1;1;4;1;2;1;1;1;3;1;1;5;4;1;1;1;1;1;3;1;;;180000000;600000;;;1;;;;;;;;;;4
20230311;03;2023;7377904;1;1;01;20;1;253.212627;20;2;1;2;1;3;1;1;1;3;1;1;3;2;1;1;1;1;1;3;3;;;;;600000;;1;;;;;;;;;;3
20230311;03;2023;7377906;1;1;01;20;1;144.24990373;20;1;1;4;1;2;1;1;1;3;1;1;4;3;1;1;1;1;1;3;6;;;;500000;;;1;;;;;;;;;;8
20230311;03;2023;7377907;1;1;01;20;1;363.60697764;20;2;1;4;1;3;1;1;1;3;1;1;3;2;1;1;1;1;1;3;3;;;;;500000;;1;;;;;;;;;;5
20230311;03;2023;7377910;1;1;01;20;1;164.43469737;20;1;1;2;1;2;1;1;1;3;1;1;2;1;1;1;1;1;1;3;1;;;40000000;200000;;;;;;;;;;1;;;1
20230311;03;2023;7377911;1;1;01;20;1;219.02586304;20;2;1;4;1;2;1;1;1;3;1;1;3;2;1;1;1;1;1;3;3;;;;;400000;;1;;;;;;;;;;2
20230311;03;2023;7377912;1;1;01;20;1;189.74230338;20;2;1;4;1;2;1;1;1;3;1;1;3;1;1;1;1;1;1;3;3;;;;;400000;;;;;;;;;1;;;1
20230309;03;2023;7377913;1;1;01;23;1;471.95476103;23;1;1;2;1;1;1;1;1;3;1;1;3;1;1;1;1;1;1;3;1;;;55000000;300000;;;;;;;;;;1;;;1
20230309;03;2023;7377914;1;1;01;23;1;328.22238482;23;1;1;4;1;1;1;1;1;3;1;1;4;3;1;1;1;1;1;3;1;;;70000000;380000;;;;;;;;;;1;;;5
20230311;03;2023;7377916;1;1;01;23;1;102.01314962;23;1;1;4;1;1;1;1;1;3;1;1;3;2;1;1;1;1;3;3;4;;;;450000;;;1;;;;;;;;;;6
20230311;03;2023;7377917;1;1;01;23;1;237.62714638;23;1;1;2;1;1;1;1;1;3;1;1;3;2;1;1;1;1;1;3;1;;;20000000;450000;;;;;;;;;;1;;;1
20230311;03;2023;7377918;1;1;01;23;1;209.92137414;23;4;1;2;1;1;1;1;1;3;1;1;2;1;1;1;1;1;4;3;4;;;;250000;;;;;;;;;;1;;;4
20230311;03;2023;7377920;1;1;01;23;1;186.75433307;23;2;1;4;1;1;1;1;1;3;1;1;3;2;1;1;1;1;1;3;3;;;;;450000;;;;;;;;;1;;;3
20230311;03;2023;7377921;1;1;01;23;1;294.31453036;23;1;1;4;1;1;1;1;1;3;1;1;4;3;1;1;1;1;1;3;3;;;;;600000;;1;;;;;;;;;;4
20230311;03;2023;7377922;1;1;01;23;1;147.39243831;23;1;1;4;1;1;1;1;1;3;1;1;3;2;1;1;1;1;1;3;3;;;;;500000;;;;;;;;;1;;;4
20230311;03;2023;7377923;1;1;01;23;1;258.53041145;23;2;1;4;1;1;1;1;1;3;1;1;4;1;1;1;1;1;1;3;1;;;72000000;600000;;;1;;;;;;;;;;2
20230311;03;2023;7377924;1;1;01;23;1;110.71437662;23;1;1;4;1;1;1;2;1;3;1;1;3;2;2;1;1;1;1;3;3;;;;;470000;;1;;;;;;;;;;4
20230311;03;2023;7377925;1;1;01;23;1;142.34705565;23;1;1;4;1;1;1;2;1;3;1;1;3;2;2;1;1;1;3;3;3;;;;;380000;;;;;;;;;1;;;4
20230311;03;2023;7377928;1;1;01;23;1;222.75294108;23;2;1;2;1;1;1;2;1;3;1;1;2;1;2;1;1;1;1;3;3;;;;;250000;;;;;;;;;1;;;4
20230311;03;2023;7377929;1;1;01;23;1;380.4833711;23;2;1;4;1;1;1;2;1;3;1;1;3;1;2;1;1;1;1;3;4;;;;200000;;;;;;;;;;1;;;2
20230311;03;2023;7377930;1;1;01;23;1;302.178403;23;1;1;4;1;1;1;1;1;3;1;1;3;2;1;1;1;1;1;3;1;;;76000000;450000;;;1;;;;;;;;;;2
20230311;03;2023;7377931;1;1;01;23;1;469.55676836;23;1;1;1;1;1;1;2;1;3;1;1;3;2;2;1;1;1;3;3;3;;;;;250000;;;;;;;;;1;;;5
20230311;03;2023;7377932;1;1;01;23;1;424.75928493;23;4;1;2;1;1;1;1;1;3;1;1;1;1;1;1;1;1;1;3;3;;;;;700000;;1;;;;;;;;;;1
20230311;03;2023;7377933;1;1;01;23;1;237.86252538;23;2;1;2;1;1;1;1;1;3;1;1;2;1;1;1;1;1;3;3;3;;;;;350000;;;;;;;;;1;;;2
20230311;03;2023;7377934;1;1;01;23;1;311.30457635;23;3;1;2;1;1;1;1;1;3;1;1;2;1;1;2;1;1;1;3;3;;;;;250000;;1;;;;;;;;;;2
20230311;03;2023;7377935;1;1;01;23;1;311.30457635;23;1;1;2;1;1;1;1;1;3;1;1;4;1;1;1;1;1;1;3;4;;;;400000;;;1;;;;;;;;;;2
20230311;03;2023;7377936;1;1;01;23;1;178.60258235;23;1;1;4;1;1;1;1;1;3;1;1;5;3;1;1;1;1;3;3;5;;;;650000;;;;;;;;;;1;;;4
20230311;03;2023;7377937;1;1;01;23;1;241.7427224;23;2;1;2;1;2;1;1;1;3;1;1;2;1;1;1;1;1;3;3;1;;;50000000;500000;;;1;;;;;;;;;;2
20230311;03;2023;7377939;1;1;01;23;1;202.05532459;23;1;1;4;1;1;1;1;1;3;1;1;3;2;1;1;1;1;1;3;4;;;;500000;;;1;;;;;;;;;;2
20230311;03;2023;7377940;1;1;01;;1;1928.9836647;25;1;1;4;1;2;1;1;1;3;1;1;3;2;1;1;1;1;3;3;4;;;;600000;;;;;;;;;;1;;;2
20230311;03;2023;7377941;1;1;01;;1;1051.6874482;25;1;1;4;1;2;1;1;1;3;1;1;3;1;1;1;1;1;1;3;2;;400000;200000000;450000;;;;;;;;;;1;;;1
20230311;03;2023;7377942;1;1;01;;1;1210.3796439;25;2;1;4;1;2;1;1;1;3;1;1;4;3;1;1;1;1;1;3;1;;;500000000;1200000;;;;;;1;;1;;;;;3
20230309;03;2023;7377943;1;1;01;27;1;52.320252299;27;1;1;4;1;2;2;1;1;7;1;1;5;4;1;1;1;1;1;4;4;;;;1000000;;;1;;;;;;;;;;4
20230309;03;2023;7377944;1;1;01;27;1;45.017844372;27;2;1;4;1;2;2;1;1;7;1;1;4;1;1;1;1;1;1;4;3;;;;;1350000;;1;;;;1;1;;;;;2
20230309;03;2023;7377945;1;1;01;27;1;26.699511673;27;1;1;2;1;1;2;2;1;3;2;1;4;3;3;1;1;5;1;4;3;;;;;250000;;;;;;;;;1;;;13
20230309;03;2023;7377946;1;1;01;27;1;72.131475659;27;1;5;3;1;1;2;2;1;3;2;1;5;4;3;1;1;5;4;4;1;;;20000000;150000;;;;;;;;;;1;;;6
20230309;03;2023;7377947;1;1;01;27;1;63.754518037;27;1;2;3;1;1;2;2;1;3;2;1;2;1;3;1;1;5;1;4;5;;;;200000;;;;;;;;;;1;;;4
20230311;03;2023;7377948;1;1;01;27;1;35.520355913;27;2;1;4;1;1;2;2;1;3;2;1;3;2;2;1;1;5;1;4;3;;;;;350000;;;;;;;;;1;;;3
20230311;03;2023;7377949;1;1;01;27;1;29.970606744;27;1;1;2;1;1;2;2;1;3;2;1;4;3;2;1;1;5;1;4;3;;;;;500000;;1;;;;;;;;;;5
20230311;03;2023;7377950;1;1;01;27;1;50.502226734;27;2;1;2;1;1;2;2;1;3;2;1;3;1;3;1;1;5;1;4;3;;;;;350000;;;;;;;;;1;;;1
20230311;03;2023;7377951;1;1;01;27;1;33.760034997;27;2;1;2;1;1;2;2;1;3;2;1;2;1;3;1;1;5;1;4;3;;;;;300000;;;;;;;;;1;;;2
20230311;03;2023;7377952;1;1;01;27;1;44.639850819;27;1;1;2;1;1;2;2;1;3;2;1;3;2;3;1;1;5;1;4;4;;;;500000;;;1;;;;;;;;;;2
20230311;03;2023;7377953;1;1;01;27;1;39.088539137;27;2;1;2;1;1;2;2;1;3;2;1;3;1;3;1;1;5;1;4;4;;;;250000;;;;;;;;;;1;;;1
20230311;03;2023;7377955;1;1;01;27;1;35.937443331;27;2;1;4;1;2;2;2;1;3;1;1;3;2;2;1;1;1;3;4;3;;;;;450000;;1;;;;;;;;;;2
20230311;03;2023;7377956;1;1;01;27;1;42.409576414;27;1;1;4;1;2;2;2;1;3;1;1;4;2;2;1;1;1;1;4;4;;;;500000;;;1;;;;;;;;;;2
20230311;03;2023;7377957;1;1;01;27;1;37.850782969;27;1;1;2;1;2;2;2;1;3;1;1;3;1;2;1;1;5;1;4;3;;;;;300000;;;;;;;;;1;;;2
20230311;03;2023;7377958;1;1;01;27;1;33.918353588;27;1;1;2;1;2;2;2;1;3;1;1;4;3;2;1;1;1;1;4;4;;;;500000;;;1;;;;;;;;;;3
20230311;03;2023;7377959;1;1;01;27;1;67.063903136;27;1;1;4;1;2;2;2;1;3;1;1;6;5;2;1;1;1;1;5;1;;;200000000;700000;;;1;;1;;;;;;;;5
20230311;03;2023;7377960;1;1;01;27;1;51.713512019;27;1;1;2;1;2;2;2;1;3;1;1;4;2;2;1;1;1;1;4;1;;;180000000;500000;;;;;;;;;;1;;;2
20230311;03;2023;7377961;1;1;01;27;1;48.147109505;27;1;5;2;1;2;2;2;1;3;1;1;4;3;2;1;1;1;1;4;4;;;;300000;;;;;;;;;;1;;;4
20230311;03;2023;7377962;1;1;01;27;1;49.344995406;27;1;1;2;1;1;2;2;1;3;2;1;4;2;3;1;1;5;1;4;1;;;60000000;350000;;;1;;;;;;;;;;2
20230311;03;2023;7377963;1;1;01;27;1;57.865412384;27;1;1;4;1;1;2;2;1;3;1;1;4;2;3;1;1;1;3;4;3;;;;;550000;;1;;;;;;;;;;2
20230311;03;2023;7377964;1;1;01;27;1;52.282197227;27;1;1;4;1;1;2;2;1;3;1;1;4;3;3;1;1;1;3;4;1;;;40000000;300000;;;;;;;;;;1;;;3
20230311;03;2023;7377965;1;1;01;27;1;31.643964974;27;1;1;4;1;1;2;2;1;3;1;1;4;2;3;1;1;1;3;4;3;;;;;350000;;;;;;;;;1;;;2
20230311;03;2023;7377966;1;1;01;27;1;46.395184588;27;2;1;4;1;1;2;2;1;3;1;1;3;2;3;1;1;1;3;1;3;;;;;500000;;1;;;;;;;;;;3
20230311;03;2023;7377967;1;1;01;27;1;39.627797944;27;1;1;4;1;1;2;2;1;3;1;1;6;4;2;1;1;1;3;4;1;;;100000000;600000;;;1;;;;;;;;;;4
20230311;03;2023;7377968;1;1;01;27;1;48.097358794;27;1;1;4;1;1;2;2;1;3;1;1;4;1;3;1;1;1;3;1;3;;;;;450000;;1;;;;;;;;;;1
20230309;03;2023;7377970;1;1;01;41;1;161.42849013;41;1;1;4;1;1;1;1;1;3;1;1;3;1;1;1;1;1;1;3;1;;;98;98;;;;;;;;;;1;;;2
20230310;03;2023;7377971;1;1;01;41;1;121.18456793;41;2;1;2;1;0;2;1;1;3;1;1;1;1;1;1;1;1;2;4;5;;;;100000;;;;;;;;;;;1;;2
20230311;03;2023;7377972;1;1;01;41;1;201.38587165;41;2;1;4;1;2;1;1;1;3;1;1;3;2;1;1;1;1;1;3;1;;;98;600000;;;1;;;;;;;;;;2
20230311;03;2023;7377973;1;1;01;41;1;234.61234441;41;1;1;4;1;2;1;1;1;3;1;1;4;3;1;1;1;1;1;3;3;;;;;650000;;1;;;;;;;;;;5
20230311;03;2023;7377974;1;1;01;41;1;172.22083457;41;1;1;4;1;2;1;1;1;3;1;1;4;3;1;1;1;1;1;3;3;;;;;650000;;1;;;;;;;;;;3
20230311;03;2023;7377975;1;1;01;41;1;201.35890708;41;1;1;4;1;2;1;1;1;3;1;1;4;2;1;1;1;1;1;3;1;;;98;600000;;;1;;;;;;;;;;2
20230311;03;2023;7377976;1;1;01;41;1;279.30385465;41;2;1;4;1;2;1;1;1;3;1;1;3;2;1;1;1;1;1;3;3;;;;;500000;;1;;;;;;;;;;3
20230311;03;2023;7377977;1;1;01;41;1;169.42362022;41;2;1;4;1;2;1;1;1;3;1;1;4;2;1;1;1;1;1;3;3;;;;;500000;;1;;;;;;;;;;3
20230311;03;2023;7377978;1;1;01;41;1;165.73358964;41;2;1;4;1;2;1;1;1;3;1;1;4;1;1;1;1;1;3;3;1;;;120000000;400000;;;;;;;;;;1;;;1
20230311;03;2023;7377979;1;1;01;41;1;229.42954623;41;1;1;4;1;2;1;1;1;3;1;1;5;4;1;1;1;1;3;3;1;;;120000000;600000;;;1;;;;;;;;;;7
20230311;03;2023;7377980;1;1;01;41;1;430.6774931;41;1;1;5;1;2;1;1;1;3;1;1;4;3;1;1;1;1;1;3;3;;;;;600000;;1;;;;;;;;;;5
20230311;03;2023;7377981;1;1;01;41;1;173.18843849;41;2;1;4;1;2;1;1;1;3;1;1;4;1;1;1;1;1;1;4;3;;;;;600000;;1;;;;;;;;;;1
20230311;03;2023;7377982;1;1;01;41;1;236.5786621;41;2;1;4;1;2;1;1;1;3;1;1;3;2;1;1;1;1;1;3;3;;;;;450000;;1;;;;;;;;;;3
20230311;03;2023;7377984;1;1;01;41;1;287.39382507;41;1;1;4;1;2;1;1;1;3;1;1;3;1;1;1;1;1;1;3;3;;;;;360000;;1;;;;;;;;;;2
20230309;03;2023;7377986;1;1;01;44;1;102.68120995;44;1;1;4;1;2;1;1;1;3;1;1;4;2;1;1;1;10;1;3;1;;;99;1500000;;;1;;;;;;;;;;4
20230311;03;2023;7377987;1;1;01;44;1;91.320246529;44;2;1;4;1;1;1;1;1;3;1;1;3;2;1;1;1;1;1;3;3;;;;;600000;;1;;;;;;;;;;5
20230311;03;2023;7377988;1;1;01;44;1;62.398506221;44;2;1;4;1;1;1;1;1;3;1;1;3;2;1;1;1;1;1;3;3;;;;;100000;;;;;;;;;1;;;4
20230311;03;2023;7377989;1;1;01;44;1;69.338141313;44;1;1;4;1;1;1;1;1;3;1;1;4;3;1;1;1;1;1;3;4;;;;800000;;;;;;;;;;1;;;4
20230311;03;2023;7377990;1;1;01;44;1;42.304534224;44;1;1;2;1;1;2;1;1;3;1;1;2;1;1;1;1;1;3;4;4;;;;300000;;;;;;;;;;1;;;7
20230311;03;2023;7377991;1;1;01;44;1;73.671531661;44;2;1;2;1;1;1;2;1;3;1;1;3;2;2;1;1;1;1;3;3;;;;;340000;;1;;;;;;;;;;2
20230311;03;2023;7377992;1;1;01;44;1;77.9143423;44;1;1;2;1;2;1;1;1;3;1;1;3;2;1;1;1;1;1;3;3;;;;;450000;;;;;;;;;1;;;4
20230311;03;2023;7377993;1;1;01;44;1;102.20981188;44;2;1;2;1;1;2;2;1;3;1;1;3;2;2;1;1;1;1;4;4;;;;200000;;;1;;;;;;;;;;4
20230311;03;2023;7377994;1;1;01;44;1;129.70732628;44;2;1;4;1;2;1;1;1;3;1;1;2;1;1;1;1;1;1;3;3;;;;;400000;;1;;;;;;;;;;2
20230311;03;2023;7377995;1;1;01;44;1;135.37132559;44;2;1;4;1;2;1;1;1;3;1;1;2;1;1;1;1;1;1;3;3;;;;;400000;;1;;;;;;;;;;1
20230311;03;2023;7377996;1;1;01;44;1;82.70437634;44;1;5;1;1;0;2;1;1;3;1;1;2;2;1;1;1;1;1;4;3;;;;;200000;;;;;;;;;1;;;4
20230311;03;2023;7377997;1;1;01;44;1;85.146184902;44;1;8;1;1;0;2;1;1;3;1;1;2;1;1;1;1;1;1;4;3;;;;;180000;;;;;;;;;1;;;2
20230311;03;2023;7377998;1;1;01;44;1;86.937328294;44;1;5;2;1;0;2;1;1;3;1;1;3;2;1;1;1;1;1;4;5;;;;200000;;;1;;;;;;;;;;5
20230309;03;2023;7377999;1;1;01;47;1;282.5910511;47;1;1;4;1;1;1;1;1;3;1;1;3;2;1;1;1;1;3;3;3;;;;;400000;;;;;;1;;;;;;3
20230310;03;2023;7378001;1;1;01;47;1;411.37737723;47;1;1;4;1;1;1;1;1;3;1;1;3;2;1;1;1;2;3;3;5;;;;500000;;;;;;;;;;1;;;6
20230310;03;2023;7378002;1;1;01;47;1;232.27284395;47;1;1;4;1;2;1;1;1;3;1;1;3;2;1;1;1;1;1;4;3;;;;;450000;;1;;;;;;;;;;4
20230310;03;2023;7378003;1;1;01;47;1;115.35294916;47;1;1;4;1;3;1;1;1;3;1;1;3;1;1;1;1;1;1;3;1;;;75000000;550000;;;;;;;;;;1;;;2
20230311;03;2023;7378004;1;1;01;47;1;260.85488679;47;1;1;2;1;1;1;1;1;3;2;1;3;2;1;1;1;2;3;3;3;;;;;450000;;1;;;;;;;;;;4
20230311;03;2023;7378005;1;1;01;47;1;221.16256838;47;1;1;2;1;1;1;1;1;3;2;1;2;1;1;1;1;2;3;3;4;;;;300000;;;1;;;;;;;;;;3
20230311;03;2023;7378006;1;1;01;47;1;258.12794518;47;1;1;2;1;1;1;1;1;3;2;1;3;2;1;1;1;2;1;3;3;;;;;300000;;1;;;;;;;;;;3
20230311;03;2023;7378007;1;1;01;47;1;313.82349116;47;1;1;2;1;1;1;1;1;3;2;1;3;2;1;1;1;2;3;3;6;;;;400000;;;1;;;;;;;;;;6
20230311;03;2023;7378008;1;1;01;47;1;231.4238156;47;2;1;4;1;1;2;1;1;3;2;1;2;1;1;1;1;2;1;1;5;;;;200000;;;;;;;;;;1;;;2
20230311;03;2023;7378009;1;1;01;47;1;227.60595455;47;2;1;2;1;4;1;1;1;3;1;1;2;1;1;1;1;1;1;3;4;;;;400000;;;1;;;;;;;;;;2
20230311;03;2023;7378010;1;1;01;47;1;201.21297403;47;1;1;4;1;4;1;1;1;3;1;1;2;1;1;1;1;1;3;3;4;;;;600000;;;1;;;;;;;;;;1
20230311;03;2023;7378011;1;1;01;47;1;368.56803727;47;1;1;2;1;1;1;2;1;3;1;1;3;1;2;1;1;2;1;3;3;;;;;380000;;;;;;;;;1;;;3
20230311;03;2023;7378012;1;1;01;47;1;231.68295501;47;2;1;2;1;1;1;2;1;3;1;1;1;1;2;1;1;1;6;;3;;;;;200000;;;;;;;;;1;;;1
20230311;03;2023;7378013;1;1;01;47;1;404.89719205;47;1;1;4;1;1;1;2;1;3;1;1;3;2;2;1;1;1;1;3;3;;;;;450000;;1;;;;;;;;;;6
20230311;03;2023;7378014;1;1;01;47;1;245.70183552;47;1;1;2;1;1;1;2;1;3;1;1;2;1;2;1;1;2;4;1;3;;;;;350000;;;;;;;;;1;;;3
20230311;03;2023;7378015;1;1;01;47;1;139.56324143;47;1;1;4;1;1;1;1;1;3;1;1;2;1;1;1;1;1;3;3;5;;;;300000;;;;;;;1;;;;;;2
20230311;03;2023;7378016;1;1;01;47;1;159.97939069;47;1;1;4;1;1;1;1;1;3;1;1;2;1;1;1;1;2;4;3;5;;;;400000;;;;;;;;;;1;;;2
20230311;03;2023;7378017;1;1;01;47;1;155.46124888;47;1;1;4;1;1;1;1;1;3;1;1;3;2;1;1;1;1;3;3;5;;;;600000;;;;;;;;;;1;;;3
20230311;03;2023;7378018;1;1;01;47;1;339.54689368;47;2;1;2;1;1;1;1;1;3;2;1;3;1;1;1;1;2;3;3;3;;;;;350000;;;;;;;;;1;;;1
20230311;03;2023;7378019;1;1;01;47;1;197.45706393;47;2;1;4;1;3;1;1;1;3;1;1;4;1;1;1;1;1;1;3;1;;;340000000;600000;;;1;;;;;;;;;;1
20230311;03;2023;7378020;1;1;01;47;1;231.50398499;47;2;1;2;1;3;1;1;1;3;1;1;2;1;1;1;1;10;1;3;3;;;;;500000;;1;;;;;;;;;;1
20230311;03;2023;7378021;1;1;01;47;1;184.33532359;47;1;1;4;1;3;1;1;1;3;1;1;3;1;1;1;1;1;1;3;1;;;300000000;800000;;;1;;;;;;;;;;2
20230311;03;2023;7378022;1;1;01;47;1;184.33532359;47;1;1;4;1;3;1;1;1;3;1;1;4;1;1;1;1;10;1;3;1;;;320000000;800000;;;1;;;;;;;;;;2
20230311;03;2023;7378023;1;1;01;50;1;122.84475883;50;1;1;4;1;1;1;1;1;3;1;1;4;2;1;1;1;1;1;3;1;;;30000000;500000;;;1;;;;;;;;;;2
20230311;03;2023;7378024;1;1;01;50;1;127.31763806;50;1;1;4;1;1;1;1;1;3;1;1;4;3;1;1;1;1;1;3;1;;;200000000;500000;;;1;;;;;;;;;;4
20230311;03;2023;7378025;1;1;01;50;1;158.26729422;50;1;1;4;1;1;1;1;1;3;1;1;3;2;1;1;1;1;1;3;1;;;180000000;450000;;;1;;1;;;;;;;;3
20230311;03;2023;7378026;1;1;01;50;1;134.29504735;50;2;1;4;1;1;1;1;1;3;1;1;3;1;1;1;1;1;1;3;3;;;;;370000;;1;;;;;;;;;;1
20230311;03;2023;7378027;1;1;01;50;1;87.093428238;50;2;1;4;1;1;1;1;1;3;1;1;4;2;1;1;1;1;1;3;1;;;100000000;500000;;;1;;;;;;;;;;3
20230311;03;2023;7378028;1;1;01;50;1;84.240986476;50;1;1;4;1;1;1;1;1;3;1;1;4;2;1;1;1;1;1;3;1;;;160000000;400000;;;1;;;;;;;;;;4
20230311;03;2023;7378029;1;1;01;50;1;105.00875067;50;1;1;4;1;1;1;1;1;3;1;1;4;3;1;1;1;1;1;3;3;;;;;400000;;1;;;;;;;;;;3
20230311;03;2023;7378030;1;1;01;50;1;117.16737176;50;1;1;2;1;1;2;1;1;3;1;1;3;2;1;1;1;1;1;4;1;;;80000000;400000;;;;;;;;;;1;;;3
20230311;03;2023;7378031;1;1;01;50;1;147.40869535;50;1;1;2;1;1;1;1;1;3;1;1;3;1;1;1;1;1;1;3;3;;;;;400000;;1;;;;;;;;;;1
20230311;03;2023;7378032;1;1;01;50;1;208.36821265;50;2;1;4;1;1;2;2;1;3;1;1;4;2;5;1;1;1;1;4;4;;;;500000;;;;;;;;;;1;;;2
20230311;03;2023;7378033;1;1;01;50;1;224.69968958;50;1;1;4;1;2;1;1;1;3;1;1;4;3;1;1;1;1;1;3;3;;;;;150000;;;;;;;;;1;;;4
20230311;03;2023;7378034;1;1;01;50;1;241.90227073;50;1;1;4;1;2;1;1;1;3;1;1;4;2;1;1;1;1;1;3;1;;;200000000;600000;;;1;;;;;;;;;;3
20230311;03;2023;7378035;1;1;01;50;1;284.76679784;50;1;1;4;1;2;1;1;1;3;1;1;4;1;1;1;1;1;1;3;4;;;;500000;;;;;;;;;;1;;;1
20230311;03;2023;7378036;1;1;01;50;1;297.0076607;50;4;1;1;1;2;1;1;1;3;1;1;3;1;1;2;1;1;1;3;5;;;;200000;;;;;;;;;;1;;;2
20230311;03;2023;7378037;1;1;01;50;1;246.51803976;50;2;1;4;1;2;1;1;1;3;1;1;3;2;1;1;1;1;1;3;3;;;;;300000;;;;;;;;;1;;;4
20230311;03;2023;7378038;1;1;01;50;1;293.5027737;50;2;1;4;1;1;1;1;1;3;1;1;2;1;1;1;1;1;1;3;3;;;;;300000;;;;;;;;;1;;;2
20230311;03;2023;7378039;1;1;01;50;1;166.65213704;50;1;1;4;1;1;1;1;1;3;1;1;4;3;1;1;1;1;1;3;1;;;80000000;500000;;;1;;;;;;;;;;3
20230311;03;2023;7378040;1;1;01;50;1;362.06454272;50;1;1;4;1;2;1;1;1;3;1;1;4;3;1;1;1;1;1;3;1;;;180000000;400000;;;1;;;;;;;;;;5
20230311;03;2023;7378041;1;1;01;50;1;235.64554665;50;1;1;2;1;1;1;1;1;3;1;1;3;2;1;1;1;1;1;3;3;;;;;300000;;;;;;;;1;;;NEQUI;4
20230311;03;2023;7378042;1;1;01;50;1;286.95674598;50;2;1;4;1;1;1;1;1;3;1;1;4;3;1;1;1;1;1;3;3;;;;;300000;;1;;;;;;;;;;11
20230311;03;2023;7378043;1;1;01;50;1;196.07593474;50;1;1;4;1;2;1;1;1;3;1;1;4;2;1;1;1;1;1;3;4;;;;400000;;;1;;;;;;;;;;4
20230311;03;2023;7378044;1;1;01;50;1;333.62231817;50;2;1;4;1;2;1;1;1;3;1;1;2;1;1;1;1;1;1;3;4;;;;250000;;;;;;;;;;1;;;1
20230311;03;2023;7378045;1;1;01;50;1;237.61526401;50;2;1;4;1;1;1;1;1;3;1;1;3;1;1;1;1;1;1;3;3;;;;;300000;;1;;;;;;;;;;1
20230311;03;2023;7378046;1;1;01;50;1;166.03871198;50;1;1;4;1;1;2;1;1;3;2;1;2;1;1;1;1;4;1;4;2;;350000;65000000;400000;;;1;;;;;;;;;;2
20230311;03;2023;7378047;1;1;01;50;1;138.40044619;50;2;1;4;1;1;2;1;1;3;2;1;3;1;1;1;1;3;1;4;4;;;;300000;;;1;;;;;;;;;;2
20230311;03;2023;7378048;1;1;01;50;1;247.77389941;50;2;1;4;1;2;1;1;1;3;1;1;4;4;1;1;1;1;1;3;1;;;80000000;500000;;;;;;;;;;1;;;9
20230311;03;2023;7378049;1;1;01;50;1;170.21023444;50;1;1;4;1;3;1;1;1;3;1;1;4;1;1;1;1;1;1;3;4;;;;1000000;;;;;;;;1;;;;;2
20230311;03;2023;7378050;1;1;01;50;1;180.36665392;50;1;1;4;1;3;1;1;1;3;1;1;4;3;1;1;1;1;1;3;1;;;225000000;1000000;;;1;;;;;;1;;;NEQUI;4
20230311;03;2023;7378051;1;1;01;50;1;197.1066373;50;1;1;4;1;3;1;1;1;3;1;1;5;2;1;1;1;1;1;3;3;;;;;700000;1;1;;;;;;1;;;NEQUI;3
20230311;03;2023;7378052;1;1;01;50;1;220.07125632;50;2;1;4;1;3;1;1;1;3;1;1;2;1;1;1;1;1;1;3;1;;;120000000;400000;;;1;;;;1;1;;;;;1
20230311;03;2023;7378053;1;1;01;50;1;273.08570029;50;2;1;4;1;3;1;1;1;3;1;1;4;3;1;1;1;1;1;3;1;;;240000000;800000;;;1;;;;;;1;;;NEQUI Y DAVIPLATA;4
20230311;03;2023;7378054;1;1;01;50;1;222.82214703;50;1;1;4;1;2;1;1;1;3;1;1;4;1;1;1;1;1;1;3;3;;;;;400000;;1;;;;;;;;;;1
20230311;03;2023;7378055;1;1;01;50;1;119.64440964;50;1;1;4;1;3;1;1;1;3;1;1;3;1;1;1;1;1;1;3;1;;;120000000;500000;;;1;;;;;;1;;;NEQUI Y DAVIPLATA;2
20230311;03;2023;7378056;1;1;01;50;1;172.94819028;50;1;1;4;1;3;1;1;1;3;1;1;4;2;1;1;1;1;1;3;3;;;;;500000;;;;;;;;1;;;NEQUI;3
20230311;03;2023;7378057;1;1;01;50;1;142.55622555;50;1;1;4;1;3;1;1;1;3;1;1;4;3;1;1;1;1;1;3;1;;;140000000;700000;;;1;;;;;1;1;;;NEQUI;3
20230311;03;2023;7378058;1;1;01;50;1;123.6787828;50;1;1;4;1;3;1;1;1;3;1;1;4;2;1;1;1;1;1;3;1;;;150000000;500000;;;;;;;1;;1;;;NEQUI;2
20230311;03;2023;7378059;1;1;01;50;1;105.16711922;50;1;1;4;1;3;1;1;1;3;1;1;3;2;1;1;1;1;1;3;3;;;;;600000;;1;;;;;;;;;;3
20230311;03;2023;7378060;1;1;01;50;1;114.89190825;50;1;1;4;1;3;1;1;1;3;1;1;3;1;1;1;1;1;1;3;1;;;110000000;600000;;;;;;;;;;1;;;2
20230311;03;2023;7378061;1;1;01;50;1;142.55622555;50;1;1;4;1;3;1;1;1;3;1;1;4;2;1;1;1;1;1;3;1;;;160000000;700000;;;1;;;;;;;;;;3
20230311;03;2023;7378062;1;1;01;50;1;126.45922861;50;1;1;4;1;2;1;1;1;3;1;1;3;2;1;1;1;1;1;3;3;;;;;550000;;;;;;;;;1;;;4
20230311;03;2023;7378063;1;1;01;50;1;284.76679784;50;1;1;2;1;2;2;1;1;3;1;1;2;1;1;1;1;1;1;4;1;;;150000000;250000;;;;;;;;;;1;;;1
20230311;03;2023;7378064;1;1;01;50;1;131.305038;50;1;1;2;1;1;2;1;1;3;2;1;2;1;1;1;1;4;1;4;4;;;;300000;;;;;;;;;;1;;;2
20230311;03;2023;7378065;1;1;01;50;1;108.60883856;50;1;1;2;1;1;2;1;1;3;2;1;4;3;1;1;1;10;1;4;1;;;56000000;350000;;;1;;;;;;;;;;3
20230311;03;2023;7378066;1;1;01;50;1;162.61029592;50;2;1;2;1;1;2;1;1;3;2;1;4;3;1;1;1;3;1;4;4;;;;450000;;;1;;;;;;;;;;4
20230311;03;2023;7378067;1;1;01;50;1;202.8578138;50;1;1;4;1;2;1;1;1;3;1;1;4;2;1;1;1;1;1;3;1;;;250000000;1000000;;;1;;;;;;1;;;NEQUI Y DAVIPLATA;3
20230311;03;2023;7378068;1;1;01;50;1;161.09664563;50;1;8;2;1;1;2;1;1;3;2;1;1;1;2;1;1;3;1;4;4;;;;200000;;;;;;;;;;1;;;1
20230311;03;2023;7378069;1;1;01;50;1;166.03871198;50;1;1;4;1;1;2;1;1;3;2;1;3;1;1;1;1;4;1;4;3;;;;;550000;;;;;;;;1;;;AHORRO A LA MANO;2
20230311;03;2023;7378070;1;1;01;;1;203.28405622;52;1;5;3;1;1;2;2;1;2;1;1;3;1;3;1;1;1;1;4;4;;;;200000;;;;;;;;;;1;;;1
20230311;03;2023;7378071;1;1;01;;1;88.602472331;52;1;5;3;1;1;2;2;1;2;1;1;4;3;2;1;1;1;1;4;1;;;40000000;300000;;;1;;;;;1;;;;;5
20230311;03;2023;7378072;1;1;01;;1;105.36179208;52;1;5;3;1;1;2;2;1;2;1;1;2;1;4;1;1;1;1;4;4;;;;150000;;;1;;;;;;;;;;3
20230311;03;2023;7378073;1;1;01;;1;146.97352611;52;1;5;2;1;1;2;2;1;2;1;1;4;3;2;1;1;1;4;4;1;;;35000000;200000;;;1;;;;;;;;;;4
20230311;03;2023;7378074;1;1;01;;1;77.614548159;52;1;1;2;1;1;2;2;1;2;1;1;3;2;2;1;1;1;1;4;1;;;100000000;300000;;;1;;;;;;;;;;3
20230311;03;2023;7378075;1;1;01;;1;298.06995975;52;3;1;2;1;1;2;2;1;2;1;1;1;1;2;1;1;1;2;4;3;;;;;120000;;1;;;;;;;;;;2
20230311;03;2023;7378076;1;1;01;;1;395.83419561;52;1;5;3;1;1;2;2;1;2;1;1;3;2;3;1;1;1;1;4;1;;;10000000;150000;;;1;;;;;;;;;;3
20230311;03;2023;7378077;1;1;01;;1;84.148500957;52;1;5;3;1;1;2;2;1;2;1;1;4;2;5;1;1;1;4;4;1;;;20000000;250000;;;;;;;;;;1;;;3
20230311;03;2023;7378078;1;1;01;;1;105.36179208;52;3;1;2;1;1;2;2;1;2;1;1;1;1;6;;1;1;6;;3;;;;;120000;;;;;;;;;1;;;3
20230311;03;2023;7378079;1;1;01;;1;77.614548159;52;1;5;3;1;1;2;2;1;2;1;1;3;2;5;1;1;1;1;4;4;;;;150000;;;;;;;;;;1;;;2
20230311;03;2023;7378080;1;1;01;;1;246.28178415;52;1;1;2;1;1;2;2;1;2;1;1;3;1;3;1;1;1;1;1;1;;;80000000;350000;;;1;;;;;;;;;;1
20230311;03;2023;7378081;1;1;01;;1;256.45822571;52;1;5;3;1;1;2;2;1;2;1;1;2;1;5;1;1;1;1;4;1;;;20000000;150000;;;;;;;;;;1;;;1
20230310;03;2023;7378082;1;1;01;52;1;149.75513436;52;1;1;4;1;3;1;1;1;3;1;1;5;3;1;1;1;1;1;3;1;;;150000000;700000;;;1;;;;;;;;;;3
20230311;03;2023;7378083;1;1;01;52;1;154.64997133;52;2;1;4;1;1;2;1;1;3;1;1;4;1;1;1;1;1;1;4;3;;;;;350000;;1;;;;;;;;;;2
20230311;03;2023;7378084;1;1;01;52;1;163.65619927;52;1;1;4;1;1;2;1;1;3;1;1;4;3;1;1;1;1;1;4;1;;;100000000;300000;;;1;;;;;;;;;;5
20230311;03;2023;7378085;1;1;01;52;1;157.79507463;52;2;1;4;1;2;2;1;1;3;1;1;2;1;1;1;1;1;1;4;3;;;;;450000;;1;;;;;;;;;;1
20230311;03;2023;7378086;1;1;01;52;1;229.55828513;52;1;1;4;1;1;2;1;1;3;1;1;3;2;1;1;1;1;1;4;4;;;;500000;;;;;;;;;;1;;;3
20230311;03;2023;7378087;1;1;01;52;1;220.99400707;52;1;1;4;1;2;1;1;1;3;1;1;3;2;1;1;1;1;1;3;1;;;100000000;600000;;;1;;;;;;;;;;2
20230311;03;2023;7378088;1;1;01;52;1;146.03735319;52;2;1;4;1;1;1;1;1;3;1;1;4;2;1;1;1;1;1;3;3;;;;;450000;;;;;;;;;1;;;4
20230311;03;2023;7378089;1;1;01;52;1;197.63019646;52;1;1;4;1;2;2;1;1;3;1;1;4;3;1;1;1;1;1;4;3;;;;;440000;;1;;;;;;;;;;4
20230311;03;2023;7378090;1;1;01;52;1;90.290175532;52;1;1;4;1;1;1;1;1;3;1;1;4;3;1;1;1;1;1;3;1;;;98;400000;;;;;;;;;;1;;;6
20230311;03;2023;7378091;1;1;01;52;1;136.72579156;52;2;1;4;1;2;1;1;1;3;1;1;3;2;1;1;1;1;1;3;3;;;;;480000;;;;;;;;;1;;;3
20230311;03;2023;7378092;1;1;01;52;1;121.47381358;52;2;1;2;1;1;1;1;1;3;1;1;5;3;1;1;1;1;1;3;1;;;80000000;450000;;;;;;;;;;1;;;4
20230311;03;2023;7378093;1;1;01;52;1;159.58868071;52;1;1;4;1;1;2;1;1;3;1;1;3;2;1;1;1;1;1;4;4;;;;300000;;;1;;;;;;;;;;2
20230311;03;2023;7378094;1;1;01;52;1;107.11375897;52;2;1;4;1;1;2;1;1;3;1;1;3;2;1;1;1;1;1;4;7;ANTICRES;;;300000;;;;;;;;;;1;;;2
20230311;03;2023;7378095;1;1;01;52;1;102.62950013;52;2;1;4;1;2;1;1;1;3;1;1;4;2;1;1;1;1;1;3;1;;;98;400000;;;1;;;;;;;;;;3
20230311;03;2023;7378096;1;1;01;52;1;80.960219177;52;2;1;4;1;2;2;1;1;3;1;1;3;2;1;1;1;1;1;4;3;;;;;500000;;;;;;;;;1;;;3
20230311;03;2023;7378097;1;1;01;52;1;84.594856113;52;1;1;4;1;3;1;1;1;3;1;1;3;1;1;1;1;1;1;3;1;;;180000000;800000;;;;;;;;;;1;;;2
20230311;03;2023;7378098;1;1;01;52;1;86.647232416;52;1;1;2;1;2;2;1;1;3;1;1;2;2;1;1;1;1;1;4;4;;;;400000;;;;;;;;;;1;;;2
20230311;03;2023;7378099;1;1;01;52;1;55.940766086;52;1;1;4;1;2;1;1;1;3;1;1;6;3;1;1;1;1;1;3;1;;;300000000;500000;;;1;;;;1;;;;;;4
20230311;03;2023;7378100;1;1;01;52;1;58.082780215;52;1;1;4;1;3;2;1;1;3;1;1;4;2;1;1;1;1;1;4;1;;;400000000;700000;;;1;;;;;;;;;;3
20230311;03;2023;7378101;1;1;01;52;1;83.785939369;52;1;1;2;1;2;1;1;1;3;1;1;4;1;1;1;1;1;1;3;3;;;;;350000;;;;;;;;;1;;;2
20230311;03;2023;7378102;1;1;01;52;1;99.970988909;52;2;1;4;1;2;2;1;1;3;1;1;1;1;1;1;1;1;1;4;1;;;150000000;400000;;;;;;;;;;1;;;1
20230311;03;2023;7378103;1;1;01;52;1;59.249963106;52;2;1;4;1;2;1;1;1;3;1;1;3;2;1;1;1;1;1;3;3;;;;;600000;;1;;;;;;;;;;3
20230311;03;2023;7378104;1;1;01;52;1;95.31564411;52;2;1;4;1;2;2;1;1;3;1;1;2;1;1;1;1;1;6;;3;;;;;150000;;;;;;;;;1;;;1
20230311;03;2023;7378105;1;1;01;52;1;120.80588187;52;2;1;4;1;1;2;1;1;3;1;1;2;1;1;1;1;1;1;4;3;;;;;250000;;;;;;;;;1;;;1
20230311;03;2023;7378106;1;1;01;52;1;151.00735234;52;1;1;4;1;3;2;1;1;3;1;1;4;1;1;1;1;1;1;4;1;;;350000000;800000;;;1;;;;;;;;;;1
20230311;03;2023;7378107;1;1;01;52;1;229.55828513;52;2;1;4;1;1;2;1;1;3;1;1;3;2;1;1;1;1;1;4;3;;;;;480000;;;;;;;;;1;;;3
20230311;03;2023;7378108;1;1;01;52;1;126.43546634;52;1;1;4;1;1;2;1;1;3;1;1;4;3;1;1;1;1;1;4;4;;;;600000;;;;;;;;;;1;;;3
20230311;03;2023;7378109;1;1;01;52;1;176.66443558;52;2;1;4;1;2;2;1;1;3;1;1;2;1;1;1;1;1;1;4;3;;;;;250000;;;;;;;;;1;;;2
20230311;03;2023;7378110;1;1;01;52;1;206.19996178;52;2;1;4;1;2;1;1;1;3;1;1;3;1;1;1;1;1;1;3;1;;;30000000;400000;;;;;;;;;;1;;;2
20230311;03;2023;7378111;1;1;01;52;1;137.85715848;52;3;1;4;1;2;2;1;1;3;1;1;1;1;1;1;1;1;1;4;4;;;;200000;;;;;;;;;;1;;;3
20230311;03;2023;7378112;1;1;01;52;1;122.72950249;52;2;1;4;1;2;2;1;1;3;1;1;2;1;1;1;1;1;1;4;3;;;;;400000;;;;;;;;;1;;;1
20230311;03;2023;7378113;1;1;01;52;1;97.754055953;52;1;1;4;1;2;2;1;1;3;1;1;3;2;1;1;1;1;1;4;2;;800000;98;500000;;;;;;;1;;;;;;2
20230311;03;2023;7378114;1;1;01;52;1;85.902437275;52;1;1;4;1;2;2;1;1;3;1;1;3;3;1;1;1;1;1;4;3;;;;;550000;;1;;;;1;;;;;;4
20230311;03;2023;7378115;1;1;01;52;1;131.54351108;52;2;1;4;1;2;2;1;1;3;1;1;2;2;1;1;1;1;1;4;7;ANTICRES;;;600000;;;;;;;;;;1;;;3
20230311;03;2023;7378116;1;1;01;52;1;120.72742544;52;2;1;4;1;2;2;1;1;3;1;1;2;2;1;1;1;1;1;4;3;;;;;385000;;1;;;;;;;;;;3
20230311;03;2023;7378117;1;1;01;52;1;155.39731624;52;1;1;4;1;3;2;1;1;3;1;1;4;1;1;1;1;1;1;4;2;;1000000;400000000;1200000;;;1;;1;;;;;;;;1
20230311;03;2023;7378118;1;1;01;52;1;150.70419547;52;2;1;4;1;4;1;1;1;3;1;1;3;2;1;1;1;1;1;3;3;;;;;1300000;;1;;;;;;;;;;3
20230311;03;2023;7378119;1;1;01;52;1;167.09436718;52;2;1;4;1;3;2;1;1;3;1;1;3;1;1;1;1;1;1;4;1;;;290000000;800000;;;1;;;;;;;;;;1
20230311;03;2023;7378120;1;1;01;52;1;193.6099021;52;2;1;4;1;4;2;1;1;3;1;1;5;2;1;1;1;1;1;4;2;;530000;500000000;1000000;;1;1;;1;;;1;;;;;1
20230309;03;2023;7378121;1;1;01;54;1;359.61274738;54;1;1;2;1;1;1;1;1;3;1;1;3;2;1;1;1;1;1;3;3;;;;;400000;;1;;;;;;;;;;5
20230309;03;2023;7378122;1;1;01;54;1;498.03235183;54;2;1;4;1;3;1;1;1;3;1;1;3;2;1;1;1;1;1;3;2;;550000;120000000;700000;;;1;;1;1;1;1;;;;;3
20230309;03;2023;7378123;1;1;01;54;1;493.53718105;54;1;1;4;1;3;1;1;1;3;1;1;4;2;1;1;1;1;3;3;2;;700000;110000000;800000;;;1;;1;;;;;;;;4
20230309;03;2023;7378124;1;1;01;54;1;299.07272623;54;1;1;4;1;3;2;1;1;3;1;1;4;1;1;1;1;1;1;4;2;;1200000;200000000;700000;;;1;;1;;;;;;;;2
20230310;03;2023;7378125;1;1;01;54;1;253.48505619;54;1;1;2;1;2;2;1;1;3;1;1;4;3;1;1;1;1;1;4;1;;;98;400000;;;1;;;;;1;;;;;6
20230311;03;2023;7378126;1;1;01;54;1;320.83037181;54;1;1;4;1;3;1;1;1;3;1;1;4;3;1;1;1;1;1;3;1;;;180000000;600000;;;1;;;;;1;;;;;4
20230311;03;2023;7378127;1;1;01;54;1;375.54304043;54;1;1;4;1;3;1;1;1;3;1;1;4;1;1;1;1;1;1;3;1;;;90000000;450000;;;;;;;;;;1;;;2
20230311;03;2023;7378128;1;1;01;54;1;601.57608681;54;1;1;4;1;2;1;1;1;3;1;1;3;1;1;1;1;1;1;3;4;;;;700000;;;1;;;;;;;;;;1
20230311;03;2023;7378129;1;1;01;54;1;1494.7898144;54;2;1;4;1;2;2;1;1;3;1;1;4;1;1;1;1;1;1;4;3;;;;;300000;;1;;;;;1;;;;;1
20230311;03;2023;7378130;1;1;01;54;1;455.37348042;54;1;1;2;1;2;1;1;1;3;1;1;3;2;1;1;1;1;3;3;1;;;25000000;500000;;;;;;;;;;1;;;8
20230311;03;2023;7378131;1;1;01;54;1;409.88721615;54;1;1;4;1;3;1;1;1;3;1;1;5;3;1;1;1;1;1;3;3;;;;;480000;;;;;;;;;1;;;3
20230311;03;2023;7378132;1;1;01;54;1;409.39093157;54;2;1;4;1;2;2;1;1;3;1;1;3;3;1;1;1;1;1;4;3;;;;;550000;;1;;;;;;;;;;4
20230311;03;2023;7378133;1;1;01;54;1;492.60683445;54;1;1;4;1;3;1;1;1;3;1;1;4;2;1;1;1;1;1;3;3;;;;;600000;;1;;;;;;;;;;3
20230311;03;2023;7378134;1;1;01;54;1;539.79440859;54;1;1;4;1;1;1;1;1;3;1;1;4;1;1;1;1;1;1;3;1;;;80000000;450000;;;;;;;;;;1;;;1
20230311;03;2023;7378135;1;1;01;54;1;464.27020284;54;1;1;4;1;2;1;1;1;3;1;1;3;2;1;1;1;1;1;3;1;;;80000000;350000;;;1;;;;;;;;;;3
20230311;03;2023;7378136;1;1;01;54;1;459.70696984;54;1;1;4;1;2;1;1;1;3;1;1;3;2;1;1;1;1;1;3;1;;;80000000;500000;;;1;;;;;;;;;;2
20230311;03;2023;7378137;1;1;01;54;1;339.72495781;54;2;1;4;1;2;2;1;1;3;1;1;3;2;1;1;1;1;1;4;6;;;;600000;;;1;;;;;;;;;;2
20230311;03;2023;7378138;1;1;01;54;1;339.72495781;54;2;1;4;1;2;2;1;1;3;1;1;1;1;1;1;1;1;1;4;3;;;;;350000;;;;;;;;;1;;;1
20230311;03;2023;7378139;1;1;01;54;1;436.10404836;54;2;3;4;1;2;2;1;1;3;1;1;1;1;1;1;1;1;1;4;3;;;;;400000;;;;;;;;;1;;;1
20230311;03;2023;7378140;1;1;01;54;1;339.72495781;54;2;1;4;1;2;2;1;1;3;1;1;5;3;1;1;1;1;1;4;3;;;;;450000;;;;;;;;;1;;;3
20230311;03;2023;7378141;1;1;01;54;1;375.54304043;54;2;1;2;1;2;1;1;1;3;1;1;3;1;1;1;1;1;3;3;3;;;;;300000;;;;;;;;;1;;;2
20230311;03;2023;7378142;1;1;01;54;1;497.10200522;54;1;1;2;1;1;1;1;1;3;1;1;1;1;1;1;1;1;1;3;3;;;;;300000;;;;;;;;;1;;;2
20230311;03;2023;7378143;1;1;01;54;1;398.13859972;54;1;1;4;1;2;1;1;1;3;1;1;6;4;1;1;1;1;1;3;1;;;150000000;600000;;;1;;;;;;;;;;5
20230311;03;2023;7378144;1;1;01;54;1;406.75971973;54;1;5;2;1;1;1;1;1;3;1;1;1;1;1;1;1;1;2;3;5;;;;350000;;;;;;;;;;1;;;4
20230311;03;2023;7378145;1;1;01;54;1;498.03235183;54;1;1;4;1;2;2;1;1;3;1;1;2;1;1;1;1;1;2;4;3;;;;;300000;;;;;;;;;1;;;3
20230311;03;2023;7378146;1;1;01;54;1;343.89747162;54;1;1;4;1;1;1;1;1;3;1;1;2;1;1;1;1;1;3;3;3;;;;;350000;;;;;;;;;1;;;4
20230311;03;2023;7378147;1;1;01;54;1;299.07272623;54;2;1;2;1;2;1;1;1;3;1;1;3;2;1;1;1;1;1;3;1;;;100000000;300000;;;1;;;;;;;;;;2
20230311;03;2023;7378148;1;1;01;54;1;249.63584139;54;1;5;1;1;0;2;2;1;3;2;1;1;1;2;1;1;2;2;4;3;;;;;150000;;1;;;;;1;;;;;4
20230311;03;2023;7378149;1;1;01;54;1;281.02555929;54;2;1;4;1;1;2;1;1;3;1;1;1;1;1;1;1;1;2;4;3;;;;;320000;;;;;;;;;1;;;3
20230311;03;2023;7378150;1;1;01;54;1;442.35729002;54;2;1;4;1;1;1;1;1;3;1;1;3;2;1;1;1;1;3;3;3;;;;;400000;;1;;;;;;;;;;4
20230311;03;2023;7378151;1;1;01;54;1;337.50345693;54;2;1;4;1;1;1;1;1;3;1;1;4;3;1;1;1;1;3;3;2;;210000;90000000;500000;;;1;;1;;;;;;;;3
20230311;03;2023;7378152;1;1;01;54;1;375.54304043;54;1;1;4;1;4;1;1;1;3;1;1;3;1;1;1;1;1;1;3;1;;;150000000;700000;;;1;;;;;;;;;;2
20230311;03;2023;7378153;1;1;01;54;1;252.06371446;54;1;1;4;1;4;1;1;1;3;1;1;5;2;1;1;1;1;1;3;1;;;280000000;1200000;;;;;;;;;;1;;;3
20230311;03;2023;7378154;1;1;01;54;1;389.05424075;54;2;1;4;1;4;1;1;1;3;1;1;4;2;1;1;1;1;1;3;3;;;;;720000;;1;;;;;;;;;;3
20230311;03;2023;7378155;1;1;01;54;1;468.65719139;54;1;1;4;1;4;1;1;1;3;1;1;4;3;1;1;1;1;1;3;4;;;;800000;;;1;1;;;1;;;;;;4
20230311;03;2023;7378156;1;1;01;54;1;319.87816805;54;1;1;4;1;4;1;1;1;3;1;1;4;1;1;1;1;1;1;3;1;;;120000000;500000;;;1;;;;1;;;;;;1
20230311;03;2023;7378157;1;1;01;54;1;285.97094126;54;1;1;4;1;4;1;1;1;3;1;1;4;2;1;1;1;1;1;3;1;;;250000000;1000000;;;1;;;;1;1;;;;;2
20230309;03;2023;7378158;1;1;01;63;1;155.51968644;63;2;1;4;1;4;1;1;1;3;1;1;6;5;1;1;1;1;1;3;1;;;400000000;700000;;;1;;;;;1;;;;;4
20230310;03;2023;7378159;1;1;01;63;1;116.3970415;63;2;1;4;1;2;1;1;1;3;1;1;3;1;1;1;1;1;1;3;2;;350000;139000000;500000;;;1;;;;;;;;;;2
20230311;03;2023;7378160;1;1;01;63;1;138.9972482;63;2;1;4;1;2;1;1;1;3;1;1;5;1;1;1;1;1;1;3;3;;;;;600000;;1;;;;;;1;;;NEQUI DAVIPLATA;1
20230311;03;2023;7378161;1;1;01;63;1;225.73441056;63;1;1;4;1;4;1;1;1;1;1;1;4;3;1;1;1;1;1;3;3;;;;;1200000;;1;;;;1;;1;;;NEQUI;4
20230311;03;2023;7378162;1;1;01;63;1;224.21257301;63;1;1;4;1;4;1;1;1;1;1;1;5;2;1;1;1;1;1;3;3;;;;;1200000;;1;;;;1;1;1;;;DAVIPLATA;3
20230311;03;2023;7378163;1;1;01;63;1;205.88838802;63;1;1;4;1;4;1;1;1;3;1;1;4;3;1;1;1;1;1;3;1;;;98;1000000;;1;1;;;1;1;;;;;;4
20230311;03;2023;7378164;1;1;01;63;1;167.07650761;63;1;1;4;1;4;1;1;1;3;1;1;5;3;1;1;1;1;1;3;3;;;;;1300000;;1;;;;;;;;;;4
20230311;03;2023;7378165;1;1;01;63;1;107.13818592;63;2;1;4;1;4;1;1;1;3;1;1;5;1;1;1;1;1;1;3;1;;;200000000;700000;;;1;;;;;;;;;;2
20230311;03;2023;7378166;1;1;01;63;1;109.567621;63;2;1;4;1;4;1;1;1;3;1;1;4;1;1;1;1;1;1;3;1;;;99;800000;;;1;;;;;;;;;;1
20230311;03;2023;7378167;1;1;01;63;1;70.28236953;63;2;1;4;1;4;1;1;1;3;1;1;4;3;1;1;1;1;1;3;4;;;;98;;;1;;;;;;;;;;3
20230311;03;2023;7378168;1;1;01;63;1;81.687257288;63;2;1;4;1;4;1;1;1;3;1;1;4;1;1;1;1;1;1;3;3;;;;;765000;;1;;;;;;;;;;1
20230311;03;2023;7378169;1;1;01;63;1;122.59228917;63;2;1;4;1;3;1;1;1;3;1;1;4;1;1;1;1;1;1;3;1;;;60000000;400000;;;1;;;;;;;;;;1
20230311;03;2023;7378170;1;1;01;63;1;94.266006112;63;2;1;4;1;3;1;1;1;3;1;1;3;2;1;1;1;1;1;3;4;;;;400000;;;1;;;;;;;;;;2
20230311;03;2023;7378171;1;1;01;63;1;143.68752105;63;2;1;4;1;2;1;1;1;3;1;1;4;3;1;1;1;1;1;3;3;;;;;500000;;;;;;;;1;;;DAVIPLATA;4
20230311;03;2023;7378172;1;1;01;63;1;122.06843528;63;2;1;4;1;3;1;1;1;3;1;1;3;2;1;1;1;1;1;3;1;;;80000000;500000;;;1;;;;;;;;;;2
20230311;03;2023;7378173;1;1;01;63;1;116.3970415;63;2;1;4;1;3;1;1;1;3;1;1;3;1;1;1;1;1;1;3;1;;;85000000;500000;;;1;;;;1;1;;;;;2
20230311;03;2023;7378174;1;1;01;63;1;122.59228917;63;2;1;4;1;3;1;1;1;3;1;1;4;1;1;1;1;1;1;3;3;;;;;500000;;1;;;;;;;;;;1
20230311;03;2023;7378175;1;1;01;63;1;88.746649893;63;2;1;4;1;3;1;1;1;3;1;1;3;1;1;1;1;1;1;3;4;;;;500000;;;;;;;;1;;;;;1
20230311;03;2023;7378176;1;1;01;63;1;92.444426972;63;1;1;4;1;2;1;1;1;3;1;1;3;1;1;1;1;1;1;3;3;;;;;400000;;1;;;;;;;;;;1
20230311;03;2023;7378177;1;1;01;63;1;212.75503886;63;1;1;4;1;1;1;1;1;3;1;1;4;3;1;1;1;1;1;3;3;;;;;500000;;1;;;;;;;;;;6
20230311;03;2023;7378178;1;1;01;63;1;218.24445281;63;2;1;4;1;5;2;1;1;3;1;1;6;1;1;1;1;1;1;4;1;;;99;2000000;;1;1;1;1;1;1;1;;;;;2
20230311;03;2023;7378179;1;1;01;63;1;299.56614366;63;2;1;4;1;5;1;1;1;3;1;1;4;3;1;1;1;1;1;3;3;;;;;1400000;;1;;;;;1;;;;;4
20230311;03;2023;7378180;1;1;01;63;1;206.62836342;63;2;1;4;1;5;1;1;1;3;1;1;4;3;1;1;1;1;1;3;1;;;99;99;;;;;;;;;;1;;;3
20230311;03;2023;7378181;1;1;01;63;1;206.62836342;63;2;1;4;1;5;1;1;1;3;1;1;4;3;1;1;1;1;1;3;1;;;98;1200000;;;1;;;;;;;;;;3
20230311;03;2023;7378183;1;1;01;63;1;291.86896378;63;2;1;4;1;5;1;1;1;3;1;1;4;3;1;1;1;1;1;3;2;;2560000;400000000;1500000;;;1;;1;;;1;;;;;4
20230311;03;2023;7378184;1;1;01;63;1;154.78387917;63;2;1;4;1;5;1;1;1;3;1;1;4;2;1;1;1;1;1;3;1;;;400000000;1500000;;;1;;;;;;;;;;2
20230311;03;2023;7378185;1;1;01;63;1;100.84846579;63;2;1;4;1;3;1;1;1;3;1;1;4;1;1;1;1;1;1;3;1;;;90000000;600000;;;;;;;;;;1;;;1
20230311;03;2023;7378186;1;1;01;63;1;100.84846579;63;2;1;4;1;3;1;1;1;3;1;1;4;1;1;1;1;1;1;3;1;;;150000000;600000;;;1;;;;;;;;;;1
20230311;03;2023;7378187;1;1;01;63;1;132.26936534;63;2;1;4;1;3;1;1;1;3;1;1;4;1;1;1;1;1;1;3;1;;;150000000;600000;;;;;;;;;;1;;;2
20230311;03;2023;7378188;1;1;01;63;1;181.77444371;63;2;1;4;1;2;1;1;1;3;1;1;4;2;1;1;1;1;1;3;2;;240000;100000000;500000;;;1;;;;;;;;;;2
20230311;03;2023;7378189;1;1;01;63;1;211.57721266;63;2;1;4;1;5;1;1;1;3;1;1;4;2;1;1;1;1;1;3;3;;;;;1300000;;1;;;;;;;;;;2
20230311;03;2023;7378190;1;1;01;63;1;271.18871642;63;2;1;4;1;2;1;1;1;3;1;1;4;3;1;1;1;1;1;3;2;;250000;100000000;500000;;;1;;;;;;;;;;4
20230311;03;2023;7378191;1;1;01;63;1;170.97959089;63;1;1;4;1;1;1;1;1;3;1;1;3;2;1;1;1;1;1;3;4;;;;300000;;;1;;;;;;;;;;4
20230311;03;2023;7378192;1;1;01;63;1;197.7985208;63;1;1;4;1;1;1;1;1;3;1;1;3;2;1;1;1;1;1;3;4;;;;500000;;;1;;;;;;;;;;6
20230311;03;2023;7378193;1;1;01;63;1;114.72332177;63;1;1;4;1;1;1;1;1;3;1;1;3;2;1;1;1;1;1;3;3;;;;;380000;;1;;;;;;;;;;2
20230311;03;2023;7378195;1;1;01;63;1;247.98887738;63;2;1;4;1;3;1;1;1;3;1;1;4;3;1;1;1;1;1;3;3;;;;;1100000;;1;;;;;;;;;;5
20230311;03;2023;7378196;1;1;01;63;1;145.49630187;63;1;1;4;1;2;1;1;1;3;1;1;4;1;1;1;1;1;1;3;1;;;98;500000;;;1;;;;;;;;;;2
20230311;03;2023;7378197;1;1;01;63;1;178.93421803;63;1;1;4;1;3;1;1;1;3;1;1;7;2;1;1;1;1;1;3;1;;;99;1000000;;;1;;;;;;;;;;2
20230311;03;2023;7378198;1;1;01;63;1;124.79997641;63;2;1;4;1;3;1;1;1;3;1;1;3;1;1;1;1;1;1;3;3;;;;;600000;;;;;;;;;1;;;1
20230311;03;2023;7378199;1;1;01;63;1;229.54606728;63;1;1;4;1;3;1;1;1;3;1;1;5;4;1;1;1;1;1;3;1;;;170000000;600000;;;1;;;;;;1;;;DAVIPLATA;5
20230311;03;2023;7378200;1;1;01;63;1;163.6833396;63;2;1;4;1;3;1;1;1;3;1;1;3;1;1;1;1;1;1;3;1;;;98;98;;;1;;;;;;;;;;2
20230311;03;2023;7378201;1;1;01;63;1;255.96427489;63;1;1;4;1;3;1;1;1;3;1;1;4;3;1;1;1;1;1;3;4;;;;400000;;;;;;;;;;1;;;5
20230311;03;2023;7378202;1;1;01;63;1;127.06648027;63;1;1;4;1;2;2;1;1;3;1;1;3;2;1;1;1;9;1;5;1;;;98;700000;;;;;;;;;;1;;;3
20230311;03;2023;7378203;1;1;01;63;1;95.619768755;63;2;1;4;1;1;2;1;1;3;1;1;3;2;1;1;1;1;1;4;3;;;;;300000;;;;;;;;;1;;;3
20230311;03;2023;7378204;1;1;01;63;1;127.2421106;63;2;1;4;1;4;1;1;1;7;1;1;5;2;1;1;1;1;1;3;1;;;99;1000000;;;1;;;;;;;;;;2
20230311;03;2023;7378205;1;1;01;63;1;114.12043568;63;2;1;4;1;3;1;1;1;3;1;1;4;2;1;1;1;1;1;3;3;;;;;480000;;1;;;;;;1;;;NEQUI;4
20230311;03;2023;7378206;1;1;01;63;1;63.390464209;63;1;1;4;1;2;1;1;1;3;1;1;4;1;1;1;1;1;1;3;1;;;98;500000;;;1;;;;;;;;;;1
20230311;03;2023;7378207;1;1;01;63;1;115.32852878;63;2;1;4;1;3;1;1;1;7;1;1;4;2;1;1;1;1;1;3;3;;;;;800000;;1;;;;;;;;;;2
20230311;03;2023;7378208;1;1;01;63;1;154.8925022;63;2;1;4;1;4;1;1;1;7;1;1;5;3;1;1;1;1;1;3;3;;;;;700000;;1;;;;;;;;;;3
20230311;03;2023;7378209;1;1;01;63;1;247.77227096;63;2;1;4;1;4;1;1;1;7;1;1;5;4;1;1;1;1;1;3;3;;;;;850000;;1;;;;;;;;;;5
20230311;03;2023;7378210;1;1;01;63;1;85.333317205;63;2;1;4;1;1;1;1;1;3;1;1;3;1;1;1;1;1;1;3;3;;;;;500000;;1;;;;;;;;;;1
20230311;03;2023;7378211;1;1;01;63;1;140.96419076;63;2;1;4;1;3;1;1;1;3;1;1;2;1;1;1;1;1;1;3;3;;;;;550000;;1;;;;1;;;;;;1
20230311;03;2023;7378212;1;1;01;63;1;182.15998755;63;2;1;4;1;3;1;1;1;3;1;1;4;1;1;1;1;1;1;3;3;;;;;780000;;1;;;;;1;;;;;3
20230311;03;2023;7378213;1;1;01;63;1;105.09471698;63;2;1;4;1;3;1;1;1;3;1;1;3;1;1;1;1;1;3;3;1;;;98;500000;;;1;;;;;;;;;;1
20230311;03;2023;7378214;1;1;01;63;1;92.444426972;63;1;1;4;1;2;1;1;1;3;1;1;4;1;1;1;1;1;1;3;1;;;99;600000;;;1;;;;;;;;;;1
20230311;03;2023;7378215;1;1;01;63;1;132.26936534;63;2;1;4;1;3;2;1;1;3;1;1;4;2;1;1;1;1;1;4;1;;;99;98;;;1;;;;;;;;;;2
20230311;03;2023;7378216;1;1;01;63;1;129.98880551;63;2;1;4;1;3;1;1;1;3;1;1;5;3;1;1;1;1;3;3;3;;;;;500000;;1;;;;;;;;;;4
20230311;03;2023;7378217;1;1;01;63;1;134.98386426;63;2;1;4;1;3;1;1;1;3;1;1;5;3;1;1;1;1;1;3;3;;;;;600000;;1;;;;;;1;;;NEQUI;3
20230311;03;2023;7378218;1;1;01;63;1;90.887221857;63;1;1;4;1;2;1;1;1;3;1;1;4;2;1;1;1;1;1;3;1;;;150000000;700000;;;1;;;;;;1;;;NEQUI;2
20230311;03;2023;7378219;1;1;01;63;1;82.377520555;63;1;1;4;1;3;1;1;1;3;1;1;4;2;1;1;1;1;1;3;4;;;;500000;;;1;;;;;;1;;;AHORRO A LA MANO;2
20230311;03;2023;7378220;1;1;01;63;1;61.131006962;63;2;1;4;1;3;1;1;1;3;1;1;4;2;1;1;1;1;1;3;3;;;;;400000;;1;;;;;;;;;;3
20230311;03;2023;7378221;1;1;01;63;1;186.55092055;63;2;1;4;1;3;1;1;1;3;1;1;4;2;1;1;1;1;3;3;3;;;;;670000;;1;;;;;;1;;;DAVIPLATA;2
20230309;03;2023;7378222;1;1;01;66;1;530.33617109;66;2;1;2;1;1;1;1;1;2;1;1;3;2;1;1;1;1;1;3;4;;;;400000;;;1;;;;;;;;;;4
20230310;03;2023;7378223;1;1;01;66;1;131.02571655;66;1;1;4;1;1;1;1;1;3;1;1;3;2;1;1;1;1;1;3;3;;;;;450000;;1;;;;;;;;;;3
20230310;03;2023;7378224;1;1;01;66;1;160.38184139;66;1;1;4;1;3;1;1;1;3;1;1;3;2;1;1;1;1;1;4;3;;;;;650000;;1;;;;;;;;;;4
20230310;03;2023;7378225;1;1;01;66;1;884.25796572;66;1;1;4;1;2;1;1;1;2;1;1;3;3;1;1;1;1;1;3;2;;457000;100000000;500000;;;1;;;;;;;;;;5
20230310;03;2023;7378226;1;1;01;66;1;1012.1647293;66;1;1;4;1;3;1;1;1;2;1;1;3;3;1;1;1;1;1;3;3;;;;;430000;;1;;;;;;;;;;5
20230310;03;2023;7378227;1;1;01;66;1;180.98129675;66;2;1;4;1;4;1;1;1;3;1;1;3;1;1;1;1;1;1;3;3;;;;;600000;;1;;;;;;;;;;1
20230310;03;2023;7378228;1;1;01;66;1;207.62456227;66;2;1;4;1;4;1;1;1;3;1;1;5;3;1;1;1;1;1;3;3;;;;;1100000;;1;;;;1;1;;;;;4
20230311;03;2023;7378229;1;1;01;66;1;222.05399972;66;1;1;4;1;2;1;1;1;3;1;1;4;3;1;1;1;1;1;3;3;;;;;750000;;1;;;;;;;;;;5
20230311;03;2023;7378230;1;1;01;66;1;208.6400501;66;2;1;4;1;1;1;1;1;3;1;1;3;2;1;1;1;1;1;3;3;;;;;400000;;;;;;;;;1;;;4
20230311;03;2023;7378231;1;1;01;66;1;207.90329371;66;2;1;4;1;6;1;1;1;3;1;1;4;3;1;1;1;1;1;3;2;;2000000;400000000;1000000;;1;1;;;;;;;;;;3
20230311;03;2023;7378232;1;1;01;66;1;182.14133808;66;1;1;1;1;1;1;1;1;2;1;1;3;1;1;1;1;1;1;3;1;;;99;450000;;;1;;;;;;;;;;2
20230311;03;2023;7378233;1;1;01;66;1;193.26966402;66;2;1;4;1;6;1;1;1;3;1;1;3;1;1;1;1;1;1;4;1;;;600000000;3000000;;;1;;;;;1;;;;;1
20230311;03;2023;7378234;1;1;01;66;1;111.11125787;66;2;1;4;1;2;1;1;1;3;1;1;4;3;1;1;1;1;1;3;3;;;;;650000;;1;;;;;;;;;;3
20230311;03;2023;7378235;1;1;01;66;1;156.59106443;66;1;1;4;1;2;1;1;1;3;1;1;3;1;1;1;1;1;1;3;3;;;;;400000;;1;;;;1;1;;;;;2
20230311;03;2023;7378236;1;1;01;66;1;144.7850374;66;1;1;4;1;1;1;1;1;3;1;1;3;1;1;1;1;1;1;3;1;;;50000000;450000;;;1;;;;;;;;;;1
20230311;03;2023;7378237;1;1;01;66;1;219.56111291;66;1;1;4;1;1;1;1;1;2;1;1;3;2;1;1;1;1;1;3;3;;;;;350000;;;;;;;;;1;;;4
20230311;03;2023;7378238;1;1;01;66;1;170.87909969;66;2;1;4;1;6;1;1;1;3;1;1;4;2;1;1;1;1;1;3;1;;;800000000;1500000;;1;1;;;;;;;;;;2
20230311;03;2023;7378239;1;1;01;66;1;196.71479574;66;2;1;4;1;6;1;1;1;3;1;1;4;1;1;1;1;1;1;3;1;;;350000000;1500000;;;1;;;;;1;;;;;1
20230311;03;2023;7378240;1;1;01;66;1;142.82073398;66;2;1;4;1;2;1;1;1;3;1;1;3;2;1;1;1;1;1;3;3;;;;;450000;;1;;;;;;;;;;2
20230311;03;2023;7378241;1;1;01;66;1;144.7850374;66;1;1;4;1;1;1;1;1;2;1;1;3;1;1;1;1;1;1;3;1;;;99;350000;;;1;;;;;;;;;;1
20230311;03;2023;7378242;1;1;01;66;1;156.85045718;66;2;1;4;1;6;1;1;1;3;1;1;3;1;1;1;1;1;1;3;1;;;99;99;;;1;;;;;;;;;;1
20230311;03;2023;7378243;1;1;01;66;1;170.87909969;66;2;1;4;1;6;1;1;1;3;1;1;4;2;1;1;1;1;1;3;1;;;98;98;;;1;;;;;;;;;;2
20230311;03;2023;7378244;1;1;01;66;1;205.93748334;66;1;1;4;1;2;1;1;1;3;1;1;3;2;1;1;1;1;1;3;3;;;;;500000;;1;;;;;;;;;;4
20230311;03;2023;7378245;1;1;01;66;1;131.62276127;66;1;1;2;1;2;1;1;1;3;1;1;3;1;1;1;1;1;1;3;1;;;130000000;600000;;;;;;;;;;1;;;1
20230311;03;2023;7378246;1;1;01;66;1;181.58288837;66;1;1;4;1;2;1;1;1;3;1;1;2;1;1;1;1;1;1;3;4;;;;450000;;;;;;;;;;1;;;1
20230311;03;2023;7378247;1;1;01;66;1;202.8399929;66;2;1;4;1;6;1;1;1;3;1;1;5;4;1;1;1;1;1;3;1;;;600000000;3000000;;1;1;;;;;;;;;;4
20230311;03;2023;7378248;1;1;01;66;1;194.53240454;66;2;1;4;1;2;1;1;1;3;1;1;3;1;1;1;1;1;1;3;3;;;;;380000;;1;;;;;;;;;;2
20230311;03;2023;7378249;1;1;01;66;1;191.65218369;66;1;1;4;1;2;1;1;1;3;1;1;3;1;1;1;1;1;1;3;4;;;;550000;;;1;;;;;;;;;;3
20230311;03;2023;7378250;1;1;01;66;1;149.4648077;66;2;1;4;1;2;1;1;1;3;1;1;3;2;1;1;1;1;1;3;3;;;;;500000;;1;;;;;;;;;;3
20230311;03;2023;7378251;1;1;01;66;1;120.86583695;66;2;1;4;1;2;1;1;1;3;1;1;3;2;1;1;1;1;1;3;1;;;350000000;700000;;;1;;;;;;;;;;2
20230311;03;2023;7378252;1;1;01;66;1;194.53240454;66;2;1;4;1;2;1;1;1;3;1;1;3;1;1;1;1;1;1;3;2;;316000;180000000;400000;;;1;;1;;;;;;;;2
20230311;03;2023;7378253;1;1;01;66;1;241.30839566;66;1;1;4;1;3;1;1;1;3;1;1;3;1;1;1;1;1;1;3;4;;;;600000;;;1;;;;;;;;;;1
20230311;03;2023;7378254;1;1;01;66;1;351.36233677;66;1;1;4;1;3;1;1;1;3;1;1;4;2;1;1;1;1;1;3;3;;;;;600000;;1;;;;;;;;;;3
20230311;03;2023;7378255;1;1;01;66;1;219.76428247;66;1;1;4;1;2;1;1;1;3;1;1;4;3;1;1;1;1;1;3;4;;;;500000;;;;;;;;;;1;;;4
20230311;03;2023;7378256;1;1;01;66;1;351.40825935;66;1;1;4;1;1;2;2;1;3;1;1;3;2;3;1;1;1;1;4;3;;;;;400000;;;;;;;;;1;;;4
20230311;03;2023;7378257;1;1;01;66;1;247.6130296;66;2;1;4;1;2;1;1;1;3;1;1;1;1;1;1;1;1;2;3;3;;;;;320000;;1;;;;;;;;;;1
20230311;03;2023;7378258;1;1;01;66;1;427.44377428;66;3;1;4;1;2;1;1;1;2;1;1;1;1;1;2;1;1;1;3;3;;;;;200000;;;;;;;;;1;;;1
20230311;03;2023;7378259;1;1;01;66;1;243.27650017;66;2;1;4;1;2;1;1;1;3;1;1;3;1;1;1;1;1;1;3;3;;;;;420000;;1;;;;;;;;;;1
20230311;03;2023;7378260;1;1;01;66;1;217.39151845;66;1;1;2;1;1;2;1;1;3;1;1;3;2;1;1;1;1;1;4;3;;;;;150000;;1;;;;;;;;;;2
20230311;03;2023;7378261;1;1;01;66;1;810.22833607;66;2;1;4;1;2;1;1;1;3;1;1;6;4;1;1;1;1;1;3;1;;;99;99;;;1;;;;;;;;;;3
20230311;03;2023;7378262;1;1;01;66;1;134.62439134;66;1;1;4;1;5;1;1;1;3;1;1;3;2;1;1;1;1;1;3;3;;;;;1200000;;1;;;;;;;;;;2
20230311;03;2023;7378263;1;1;01;66;1;240.69873935;66;1;1;4;1;5;1;1;1;3;1;1;4;2;1;1;1;1;1;3;1;;;160000000;1400000;;;1;;1;;;1;;;;;3
20230311;03;2023;7378264;1;1;01;66;1;215.02796856;66;1;1;4;1;5;1;1;1;3;1;1;3;1;1;1;1;1;1;3;1;;;280000000;1100000;;;1;;;;;;;;;;2
20230311;03;2023;7378265;1;1;01;66;1;264.47378056;66;2;1;4;1;4;1;1;1;3;1;1;3;3;1;1;1;1;1;3;3;;;;;650000;;1;;;;;;;;;;4
20230311;03;2023;7378266;1;1;01;66;1;247.9605524;66;1;1;4;1;3;1;1;1;2;1;1;4;3;1;1;1;1;1;3;3;;;;;600000;;1;;1;;;;;;;;8
20230311;03;2023;7378267;1;1;01;66;1;291.7986068;66;1;1;4;1;4;1;1;1;3;1;1;4;3;1;1;1;1;1;3;4;;;;450000;;;;;;;;;;1;;;2
20230311;03;2023;7378268;1;1;01;66;1;315.38842853;66;2;1;4;1;4;1;1;1;3;1;1;3;2;1;1;1;1;1;3;3;;;;;600000;;1;;;;;;;;;;2
20230311;03;2023;7378269;1;1;01;66;1;178.96121649;66;2;1;4;1;1;1;1;1;3;1;1;3;1;1;1;1;1;1;3;3;;;;;300000;;1;;;;;;;;;;2
20230311;03;2023;7378270;1;1;01;66;1;141.68067434;66;2;1;4;1;2;2;1;1;3;1;1;3;2;1;1;1;1;1;4;3;;;;;500000;;1;;;;;;;;;;2
20230311;03;2023;7378271;1;1;01;66;1;162.692015;66;2;1;4;1;2;1;1;1;3;1;1;3;1;1;1;1;1;1;3;3;;;;;480000;;1;;;;;;;;;;2
20230311;03;2023;7378272;1;1;01;66;1;131.62276127;66;2;1;4;1;2;1;1;1;3;1;1;3;1;1;1;1;1;1;3;3;;;;;350000;;;;;;;;;1;;;1
20230311;03;2023;7378273;1;1;01;66;1;184.01453394;66;1;1;4;1;2;1;1;1;3;1;1;2;1;1;1;1;1;1;3;4;;;;550000;;;1;;;;;;;;;;3
20230311;03;2023;7378274;1;1;01;66;1;127.74708341;66;1;1;4;1;5;1;1;1;3;1;1;4;3;1;1;1;1;1;3;4;;;;12000000;;;1;;;;;;;;;;4
20230311;03;2023;7378275;1;1;01;66;1;352.86105289;66;2;1;4;1;3;1;1;1;2;1;1;5;2;1;1;1;1;1;3;1;;;180000000;800000;;;1;;;;;;;;;;2
20230311;03;2023;7378276;1;1;01;66;1;520.21886226;66;1;1;4;1;3;1;1;1;3;1;1;4;1;1;1;1;1;1;3;1;;;250000000;650000;;;1;;;;;;;;;;2
20230311;03;2023;7378277;1;1;01;66;1;153.55998691;66;1;1;2;1;1;1;1;1;3;1;1;4;2;1;1;1;1;1;3;1;;;55000000;400000;;;;;;;;;;1;;;4
20230311;03;2023;7378278;1;1;01;66;1;130.26594996;66;1;1;4;1;1;1;1;1;3;1;1;3;2;1;1;1;1;1;3;3;;;;;350000;;;;;;;;;1;;;4
20230311;03;2023;7378279;1;1;01;66;1;147.62364051;66;1;1;4;1;1;1;1;1;3;1;1;3;2;1;1;1;1;1;3;4;;;;450000;;;;;;;;;;1;;;3
20230311;03;2023;7378280;1;1;01;66;1;87.719060422;66;1;1;4;1;1;1;1;1;3;1;1;4;2;1;1;1;1;1;3;3;;;;;450000;;;;;;;;;1;;;2
20230311;03;2023;7378281;1;1;01;66;1;126.34627424;66;1;1;4;1;1;1;1;1;3;1;1;3;2;1;1;1;1;1;3;3;;;;;400000;;;;;;;;;1;;;2
20230311;03;2023;7378282;1;1;01;;1;282.22349925;68;1;1;4;1;2;1;1;1;3;1;1;2;1;1;1;1;1;1;3;3;;;;;500000;;1;;;;;;;;;;2
20230311;03;2023;7378283;1;1;01;;1;438.92555014;68;1;1;4;1;2;1;1;1;3;1;1;4;2;1;1;1;1;1;3;1;;;98;500000;;;1;;;;;;;;;;3
20230311;03;2023;7378284;1;1;01;;1;434.77872874;68;1;1;4;1;2;1;1;1;3;1;1;3;1;1;1;1;1;1;3;1;;;98;500000;;;1;;;;;;;;;;2
20230311;03;2023;7378285;1;1;01;;1;476.66246565;68;1;1;4;1;2;1;1;1;3;1;1;4;1;1;1;1;1;1;3;1;;;98;300000;;;;;;;1;;;;;;2
20230311;03;2023;7378286;1;1;01;;1;347.82805838;68;1;1;4;1;2;1;1;1;3;1;1;5;1;1;1;1;1;1;3;2;;1000000;98;800000;;;1;;1;;;;;;;;2
20230311;03;2023;7378287;1;1;01;;1;190.1562318;68;2;1;4;1;2;1;1;1;3;1;1;4;2;1;1;1;1;1;3;3;;;;;500000;;1;;;;;;;;;;3
20230311;03;2023;7378288;1;1;01;;1;370.73747328;68;1;1;4;1;2;1;1;1;3;1;1;4;1;1;1;1;1;1;3;1;;;98;700000;;;1;;;;1;;;;;;2
20230311;03;2023;7378289;1;1;01;;1;702.98212922;68;1;8;1;1;1;2;2;2;;1;1;2;1;2;1;5;1;4;4;5;;;;80000;;;;;;;;;;1;;;4
20230311;03;2023;7378290;1;1;01;;1;341.52527303;68;1;5;1;1;1;2;2;2;;1;1;2;1;2;1;5;1;4;4;5;;;;100000;;;;;;;;;;1;;;3
20230311;03;2023;7378291;1;1;01;;1;564.8674407;68;1;5;2;1;1;2;2;2;;1;1;3;1;2;1;5;1;1;4;5;;;;450000;;;;;;;;;;1;;;4
20230309;03;2023;7378292;1;1;01;68;1;298.60778125;68;2;1;4;1;4;1;1;1;3;1;1;2;1;1;1;1;1;1;3;3;;;;;700000;;1;;;;;;;;;;1
20230309;03;2023;7378293;1;1;01;68;1;320.16814176;68;2;1;4;1;1;1;1;1;3;1;1;3;2;1;1;1;1;1;3;3;;;;;450000;;1;;;;;;;;;;3
20230311;03;2023;7378294;1;1;01;68;1;271.46161932;68;3;1;2;1;1;1;1;1;3;1;1;1;1;1;2;1;1;6;;3;;;;;150000;;;;;;;;;1;;;1
20230311;03;2023;7378295;1;1;01;68;1;314.53706186;68;3;1;2;1;1;1;1;1;3;1;1;1;1;1;2;1;1;1;3;3;;;;;200000;;;;;;;;;1;;;3
20230311;03;2023;7378296;1;1;01;68;1;234.11540384;68;3;1;2;1;1;2;1;1;3;1;1;1;1;1;2;1;1;1;5;3;;;;;200000;;1;;;;;;;;;;2
20230311;03;2023;7378297;1;1;01;68;1;334.79181383;68;3;1;2;1;1;1;1;1;3;1;1;1;1;1;2;1;1;1;3;3;;;;;250000;;;;;;;;;1;;;5
20230311;03;2023;7378298;1;1;01;68;1;283.69219927;68;3;1;2;1;1;2;1;1;3;1;1;1;1;1;2;1;1;1;5;3;;;;;200000;;;;;;;;;1;;;8
20230311;03;2023;7378299;1;1;01;68;1;363.60735663;68;2;1;4;1;2;1;1;1;3;1;1;3;2;1;1;1;1;1;3;2;;205000;70000000;450000;;;1;;;;;;;;;;4
20230311;03;2023;7378300;1;1;01;68;1;241.56230673;68;3;1;2;1;1;1;1;1;3;1;1;1;1;1;2;1;1;1;3;3;;;;;150000;;;;;;;;;1;;;1
20230311;03;2023;7378301;1;1;01;68;1;270.65613205;68;3;1;2;1;1;2;1;1;3;1;1;1;1;1;2;1;1;1;5;3;;;;;200000;;;;;;;;;1;;;2
20230311;03;2023;7378302;1;1;01;68;1;444.44718392;68;2;1;4;1;1;1;1;1;3;1;1;3;2;1;1;1;1;1;3;1;;;150000000;500000;;;;;;;;;;1;;;4
20230311;03;2023;7378303;1;1;01;68;1;369.05352417;68;2;1;4;1;1;1;1;1;3;1;1;3;1;1;1;1;1;3;3;1;;;60000000;300000;;;;;;;;;;1;;;1
20230311;03;2023;7378304;1;1;01;68;1;351.31675214;68;2;1;4;1;1;1;1;1;3;1;1;3;2;1;1;1;1;1;3;1;;;90000000;600000;;;1;;;;;;;;;;3
20230311;03;2023;7378305;1;1;01;68;1;207.65012183;68;3;1;2;1;1;1;1;1;3;1;1;1;1;1;2;1;1;1;3;1;;;99;99;;;1;;;;;;;;;;5
20230311;03;2023;7378306;1;1;01;68;1;336.96786461;68;2;1;2;1;1;1;1;1;3;1;1;3;1;1;1;1;1;3;3;3;;;;;280000;;1;;;;;;;;;;3
20230311;03;2023;7378307;1;1;01;68;1;504.68549058;68;2;1;4;1;2;1;1;1;3;1;1;3;2;1;1;1;1;1;3;2;;280000;98;350000;;;1;;1;;;;;;;;7
20230311;03;2023;7378308;1;1;01;68;1;387.9687141;68;2;1;4;1;1;1;1;1;3;1;1;3;2;1;1;1;1;1;3;1;;;90000000;900000;;;1;;;;;;;;;;2
20230311;03;2023;7378309;1;1;01;68;1;311.29347994;68;2;1;4;1;1;1;1;1;3;1;1;3;2;1;1;1;1;1;3;1;;;80000000;500000;;;1;;;;;;;;;;2
20230311;03;2023;7378310;1;1;01;68;1;332.14817176;68;2;1;4;1;4;1;1;1;6;1;1;2;1;1;1;1;1;1;3;3;;;;;500000;;;;;;;1;;;;;1
20230311;03;2023;7378311;1;1;01;68;1;383.11456771;68;2;1;4;1;3;1;1;1;3;1;1;3;1;1;1;1;1;1;3;3;;;;;800000;;1;;;;;;;;;;1
20230311;03;2023;7378312;1;1;01;68;1;332.14817176;68;2;3;4;1;2;2;1;1;3;1;1;1;1;1;1;1;1;2;4;4;;;;200000;;;;;;;;;;1;;;1
20230311;03;2023;7378313;1;1;01;68;1;295.17128745;68;2;1;4;1;4;1;1;1;6;1;1;2;1;1;1;1;1;1;3;3;;;;;520000;;;;;;;;;1;;;2
20230311;03;2023;7378314;1;1;01;68;1;275.94656377;68;1;1;4;1;2;1;1;1;3;1;1;2;1;1;1;1;1;1;3;4;;;;650000;;;;;;;;;;1;;;1
20230311;03;2023;7378315;1;1;01;68;1;351.37289543;68;1;3;4;1;2;1;1;1;3;1;1;4;2;1;1;1;1;1;3;4;;;;900000;;;1;;;;;;;;;;2
20230311;03;2023;7378316;1;1;01;68;1;295.17128745;68;1;1;4;1;2;1;1;1;3;1;1;4;1;1;1;1;1;1;3;4;;;;700000;;;1;;;;;;;;;;2
20230311;03;2023;7378317;1;1;01;68;1;293.5568343;68;2;1;4;1;3;1;1;1;3;1;1;2;1;1;1;1;1;1;3;3;;;;;600000;;1;;;;;;;;;;1
20230311;03;2023;7378318;1;1;01;68;1;279.53928699;68;2;1;4;1;2;1;1;1;3;1;1;3;2;1;1;1;1;1;3;2;;650000;95000000;600000;;;1;;1;;;;;;;;3
20230311;03;2023;7378319;1;1;01;68;1;332.65428402;68;2;1;4;1;2;1;1;1;3;1;1;3;2;1;1;1;1;1;3;1;;;100000000;600000;;;1;;;;;;;;;;3
20230311;03;2023;7378320;1;1;01;68;1;445.42506766;68;2;1;4;1;2;1;1;1;3;1;1;3;2;1;1;1;1;1;3;1;;;99;600000;;;1;;;;;;;;;;2
20230311;03;2023;7378321;1;1;01;68;1;393.21514971;68;2;1;2;1;2;1;1;1;3;1;1;4;3;1;1;1;1;1;3;1;;;99;500000;;;;;;;;;;1;;;5
20230311;03;2023;7378322;1;1;01;68;1;368.67561279;68;2;1;4;1;4;1;1;1;3;1;1;4;3;1;1;1;1;1;3;3;;;;;920000;;;;;;;;;1;;;5
20230311;03;2023;7378323;1;1;01;68;1;224.78037003;68;1;1;4;1;4;1;1;1;3;1;1;5;2;1;1;1;1;1;3;1;;;99;900000;;;1;;;;;;;;;;3
20230311;03;2023;7378324;1;1;01;68;1;268.33753404;68;2;1;4;1;6;1;1;1;3;1;1;4;1;1;1;1;1;1;3;1;;;500000000;1800000;;;1;;;;;;;;;;2
20230311;03;2023;7378325;1;1;01;68;1;286.4461616;68;1;1;4;1;4;1;1;1;3;1;1;5;4;1;1;1;1;1;3;3;;;;;1200000;;1;;;;;;;;;;8
20230311;03;2023;7378326;1;1;01;68;1;1404.9418934;68;1;1;4;1;4;1;1;1;3;1;1;4;1;1;1;1;1;1;3;1;;;500000000;1200000;;;1;;;;;;;;;;2
20230311;03;2023;7378327;1;1;01;68;1;268.33753404;68;2;1;4;1;6;1;1;1;3;1;1;4;1;1;1;1;1;1;3;1;;;98;2200000;;;1;;;;;1;;;;;2
20230311;03;2023;7378328;1;1;01;68;1;1328.2005887;68;1;1;4;1;4;1;1;1;3;1;1;5;1;1;1;1;1;1;3;3;;;;;1300000;;1;;;;;;;;;;1
20230311;03;2023;7378329;1;1;01;68;1;282.58880417;68;1;1;4;1;4;1;1;1;3;1;1;4;2;1;1;1;1;1;3;1;;;98;98;;;1;;;;;;;;;;2
20230311;03;2023;7378330;1;1;01;68;1;255.96544747;68;1;1;4;1;4;1;1;1;3;1;1;5;4;1;1;1;1;1;3;2;;700000;99;1200000;;;1;;1;;;;;;;;3
20230311;03;2023;7378331;1;1;01;68;1;152.59636668;68;1;1;4;1;4;1;1;1;3;1;3;2;1;1;2;1;1;1;3;3;;;;;1138000;;1;;;;;;;;;;1
20230311;03;2023;7378331;2;2;01;68;1;152.59636668;68;1;1;4;1;4;1;1;1;3;1;3;1;1;1;2;1;1;1;3;3;;;;;300000;;1;;;;;;;;;;1
20230311;03;2023;7378331;3;3;01;68;1;152.59636668;68;1;1;4;1;4;1;1;1;3;1;3;1;1;1;2;1;1;1;3;3;;;;;300000;;1;;;;;;;;;;1
20230311;03;2023;7378332;1;1;01;68;1;1237.9518424;68;1;1;4;1;4;1;1;1;3;1;1;4;3;1;1;1;1;1;3;3;;;;;960000;;1;;;;;;;;;;3
20230311;03;2023;7378333;1;1;01;68;1;198.68152592;68;2;1;4;1;4;1;1;1;3;1;1;2;1;1;1;1;1;1;3;3;;;;;700000;;1;;;;;;;;;;1
20230311;03;2023;7378334;1;1;01;68;1;432.48846005;68;2;1;4;1;4;1;1;1;6;1;1;2;1;1;1;1;1;1;3;3;;;;;600000;;1;;;;;;;;;;3
20230311;03;2023;7378335;1;1;01;68;1;1958.440282;68;2;1;4;1;3;1;1;1;3;1;1;3;2;1;1;1;1;1;3;3;;;;;650000;;1;;;;;;;;;;5
20230311;03;2023;7378336;1;1;01;68;1;2763.7739842;68;2;1;4;1;3;1;1;1;3;1;1;3;2;1;1;1;1;1;3;3;;;;;500000;;1;;;;;;;;;;2
20230311;03;2023;7378337;1;1;01;68;1;301.17086771;68;2;1;2;1;1;2;1;1;3;1;1;3;1;1;1;1;2;3;4;3;;;;;330000;;1;;;;;;;;;;3
20230311;03;2023;7378338;1;1;01;68;1;183.13658758;68;3;1;2;1;1;1;1;1;3;1;1;1;1;1;2;1;1;1;3;3;;;;;300000;;;;;;;;;1;;;4
20230311;03;2023;7378339;1;1;01;68;1;310.43988424;68;2;1;4;1;3;1;1;1;3;1;1;3;1;1;1;1;1;1;3;1;;;18000000;1200000;;;1;;;;;;;;;;1
20230311;03;2023;7378340;1;1;01;68;1;1819.7618016;68;2;1;5;1;6;1;1;1;6;1;1;4;1;1;1;1;1;1;3;3;;;;;2000000;;1;;;;;;;;;;1
20230311;03;2023;7378341;1;1;01;68;1;2607.572234;68;2;1;4;1;6;1;1;1;6;1;1;4;3;1;1;1;1;1;3;3;;;;;1100000;;1;;;;1;1;;;;;4
20230311;03;2023;7378342;1;1;01;68;1;321.1236411;68;1;1;4;1;4;1;1;1;3;1;1;5;2;1;1;1;1;3;3;6;;;;1200000;;;1;;;;;;;;;;2
20230311;03;2023;7378343;1;1;01;68;1;1577.232641;68;2;1;4;1;6;1;1;1;6;1;1;4;3;1;1;1;1;1;3;1;;;600000000;1800000;;;1;;;;;1;;;;;4
20230311;03;2023;7378344;1;1;01;68;1;1661.7305513;68;2;1;5;1;6;1;1;1;6;1;1;5;2;1;1;1;1;1;3;4;;;;2000000;;;1;;;;;;;;;;3
20230311;03;2023;7378345;1;1;01;68;1;1330.7531832;68;2;1;4;1;6;1;1;1;6;1;1;4;3;1;1;1;1;1;3;4;;;;1500000;;;1;;;;;1;;;;;4
20230311;03;2023;7378346;1;1;01;68;1;419.91719238;68;2;1;4;1;3;1;1;1;3;1;1;1;1;1;1;1;1;1;3;1;;;136000000;900000;;;1;;;;;;;;;;1
20230311;03;2023;7378347;1;1;01;68;1;371.44638972;68;2;1;4;1;3;1;1;1;3;1;1;4;2;1;1;1;1;1;3;3;;;;;900000;;;;;;;;;1;;;2
20230311;03;2023;7378348;1;1;01;68;1;373.66669322;68;2;1;4;1;3;1;1;1;3;1;1;3;2;1;1;1;1;1;3;1;;;130000000;800000;;;1;;;;;;;;;;1
20230311;03;2023;7378349;1;1;01;68;1;255.30836197;68;2;1;4;1;3;1;1;1;3;1;2;3;1;1;1;1;1;1;3;3;;;;;425000;;1;;;;;;;;;;1
20230311;03;2023;7378349;2;2;01;68;1;255.30836197;68;2;1;4;1;3;1;1;1;3;1;2;2;1;1;1;1;1;1;3;3;;;;;425000;;1;;;;;;;;;;1
20230309;03;2023;7378351;1;1;01;70;1;72.665841136;70;1;2;4;1;3;1;1;1;3;1;1;4;3;1;1;1;1;1;3;4;;;;2000000;;;1;;;;1;;;;;;3
20230310;03;2023;7378352;1;1;01;70;1;290.8069836;70;2;1;4;1;2;1;1;1;3;1;1;3;2;1;1;1;1;1;3;1;;;60000000;500000;;;1;;;;1;1;;;;;4
20230311;03;2023;7378353;1;1;01;70;1;158.85438646;70;1;1;2;1;1;1;1;1;3;1;1;3;2;1;1;1;1;1;3;3;;;;;350000;;1;;;;;;;;;;3
20230311;03;2023;7378354;1;1;01;70;1;191.10028869;70;1;1;2;1;1;1;1;1;3;1;1;2;1;1;1;1;1;1;3;6;;;;200000;;;1;;;;;;;;;;4
20230311;03;2023;7378355;1;1;01;70;1;140.33608163;70;2;1;1;1;1;1;1;1;3;1;1;3;2;1;1;1;1;4;3;1;;;20000000;100000;;;1;;;;;;;;;;3
20230311;03;2023;7378356;1;1;01;70;1;83.963540729;70;1;7;2;1;1;1;1;1;3;1;1;4;3;1;1;1;1;1;3;4;;;;250000;;;1;;;;;;;;;;6
20230311;03;2023;7378357;1;1;01;70;1;167.96765539;70;2;1;2;1;1;1;1;1;3;1;1;3;2;1;1;1;1;1;3;1;;;40000000;200000;;;;;;;;;;1;;;4
20230311;03;2023;7378358;1;1;01;70;1;191.59564689;70;1;1;2;1;1;1;1;1;3;1;1;2;1;1;1;1;1;1;3;1;;;35000000;250000;;;1;;;;;;;;;;1
20230311;03;2023;7378359;1;1;01;70;1;144.02043046;70;1;1;4;1;1;1;1;1;3;1;1;4;2;1;1;1;1;1;3;4;;;;400000;;;1;;;;;;;;;;2
20230311;03;2023;7378360;1;1;01;70;1;120.07637499;70;1;1;4;1;1;1;1;1;3;1;1;3;2;1;1;1;1;1;3;1;;;100000000;450000;;;1;;;;;;;;;;7
20230309;03;2023;7378361;1;1;01;73;1;207.43502436;73;2;1;4;1;2;1;1;1;3;1;1;4;3;1;1;1;1;1;3;3;;;;;450000;;;;;;;;;1;;;2
20230310;03;2023;7378362;1;1;01;73;1;252.7385816;73;2;1;4;1;3;1;1;1;2;1;1;4;2;1;1;1;1;1;3;3;;;;;1000000;;1;;;;1;;;;;;2
20230311;03;2023;7378363;1;1;01;73;1;323.09100981;73;3;1;2;1;3;1;1;1;3;1;1;2;1;1;1;1;1;1;3;3;;;;;280000;;;;;;;;;1;;;1
20230311;03;2023;7378364;1;1;01;73;1;392.16582534;73;4;1;4;1;2;1;1;1;3;1;1;1;1;1;1;1;1;6;;3;;;;;270000;;;;;;;;;1;;;1
20230311;03;2023;7378365;1;1;01;73;1;323.09100981;73;4;1;4;1;2;1;1;1;3;1;1;1;1;1;1;1;1;1;3;3;;;;;200000;;;;;;;;;1;;;1
20230311;03;2023;7378366;1;1;01;73;1;499.06314939;73;2;1;4;1;2;1;1;1;3;1;1;4;2;1;1;1;1;1;3;5;;;;99;;;1;;;;;;;;;;1
20230311;03;2023;7378367;1;1;01;73;1;499.06314939;73;2;1;4;1;2;1;1;1;3;1;1;3;1;1;1;1;1;1;3;4;;;;700000;;;;;;;;;;1;;;1
20230311;03;2023;7378368;1;1;01;73;1;441.18655351;73;2;1;4;1;3;1;1;1;3;1;1;3;1;1;1;1;1;1;3;3;;;;;600000;;1;;;;;;;;;;1
20230311;03;2023;7378369;1;1;01;73;1;330.15207313;73;1;1;4;1;3;1;1;1;3;1;1;4;3;1;1;1;1;1;3;1;;;98;1000000;;;;;;;;1;;;;;4
20230311;03;2023;7378370;1;1;01;73;1;332.70876626;73;2;1;4;1;3;1;1;1;3;1;1;4;3;1;1;1;1;1;3;1;;;99;750000;;;1;;;;;;;;;;1
20230311;03;2023;7378371;1;1;01;73;1;362.02298364;73;2;1;4;1;3;1;1;1;3;1;1;3;1;1;1;1;1;1;3;4;;;;99;;;;;;;;;;1;;;1
20230311;03;2023;7378372;1;1;01;73;1;410.2927148;73;2;1;4;1;2;1;1;1;3;1;1;3;1;1;1;1;1;1;3;4;;;;800000;;;1;;;;;;;;;;1
20230311;03;2023;7378373;1;1;01;73;1;260.65654822;73;3;1;2;1;2;2;1;1;3;1;1;1;1;1;2;1;1;6;;3;;;;;180000;;;;;;;;;1;;;1
20230311;03;2023;7378374;1;1;01;73;1;260.65654822;73;3;1;4;1;2;1;1;1;3;1;1;1;1;1;2;1;1;1;3;1;;;98;98;;;;;;;;;;1;;;1
20230311;03;2023;7378375;1;1;01;;1;419.3722917;76;1;1;2;1;1;1;2;1;3;1;1;4;3;3;1;1;1;1;3;4;;;;400000;;;1;;;;;;;;;;4
20230311;03;2023;7378376;1;1;01;;1;632.33092936;76;2;1;4;1;1;1;2;1;3;1;1;4;3;3;1;1;1;1;3;3;;;;;250000;;1;;;;;;;;;;5
20230311;03;2023;7378377;1;1;01;;1;180.19366754;76;2;1;4;1;1;2;2;1;3;1;1;3;1;3;1;1;1;1;4;5;;;;250000;;;;;;;;;;1;;;2
20230311;03;2023;7378378;1;1;01;;1;180.19366754;76;1;1;2;1;1;1;2;1;3;1;1;3;1;3;1;1;1;1;3;1;;;98;300000;;;;;;;;;;1;;;1
20230311;03;2023;7378379;1;1;01;;1;456.20762694;76;1;1;4;1;1;1;1;1;3;1;1;3;2;1;1;1;1;1;3;3;;;;;300000;;1;;;;;;;;;;4
20230311;03;2023;7378380;1;1;01;;1;245.26360305;76;1;1;4;1;1;1;1;1;3;1;1;3;2;1;1;1;1;1;3;3;;;;;350000;;;;;;;;;1;;;2
20230311;03;2023;7378381;1;1;01;;1;245.26360305;76;1;1;2;1;1;1;1;1;3;1;1;3;3;1;1;1;1;1;3;3;;;;;200000;;;;;;;;;1;;;4
20230311;03;2023;7378382;1;1;01;;1;823.31689176;76;2;1;2;1;1;2;1;1;3;1;1;4;3;1;1;1;1;1;4;3;;;;;250000;;;;;;;;;1;;;4
20230311;03;2023;7378383;1;1;01;;1;224.82496946;76;2;1;2;1;1;1;1;1;3;1;1;3;2;1;1;1;1;1;3;1;;;98;300000;;;1;;;;;;;;;;2
20230311;03;2023;7378384;1;1;01;;1;566.73987902;76;1;2;2;1;1;2;1;1;3;1;1;3;2;1;1;1;1;1;4;5;;;;200000;;;1;;;;;;;;;;3
20230311;03;2023;7378385;1;1;01;;1;356.78964158;76;2;1;2;1;1;2;1;1;3;1;1;3;2;1;1;1;1;1;4;4;;;;300000;;;1;;;;;;;;;;4
20230311;03;2023;7378386;1;1;01;;1;224.82496946;76;1;1;4;1;1;1;1;1;3;1;1;3;2;1;1;1;1;1;3;3;;;;;300000;;;;;;;;;1;;;2
20230311;03;2023;7378387;1;1;01;;1;201.81690765;76;1;2;3;1;1;2;2;2;;2;1;2;1;5;1;3;2;1;4;5;;;;150000;;;;;;;;;;1;;;1
20230309;03;2023;7378388;1;1;01;76;1;705.35342297;76;2;1;4;1;5;1;1;1;3;1;1;4;2;1;1;1;1;1;3;3;;;;;1500000;;1;;;;1;1;;;;;2
20230310;03;2023;7378389;1;1;01;76;1;1733.5319273;76;2;1;4;1;3;1;1;1;3;1;1;2;1;1;1;1;1;1;3;3;;;;;500000;;1;;;;;;;;;;3
20230311;03;2023;7378390;1;1;01;76;1;630.64219358;76;2;1;4;1;3;1;1;1;3;1;1;2;1;1;1;1;1;1;3;3;;;;;500000;;;;;;;;;1;;;2
20230311;03;2023;7378391;1;1;01;76;1;823.56793635;76;1;1;4;1;3;1;1;1;3;1;1;5;3;1;1;1;1;1;3;1;;;280000000;1000000;;;1;;;;;;;;;;4
20230311;03;2023;7378392;1;1;01;76;1;1503.4379436;76;2;1;4;1;3;1;1;1;3;1;1;3;2;1;1;1;1;1;3;3;;;;;500000;;1;;;;;;1;;;NEQUI;5
20230311;03;2023;7378393;1;1;01;76;1;812.92031762;76;1;1;4;1;3;1;1;1;3;1;1;7;2;1;1;1;1;1;3;1;;;200000000;600000;;;1;;;;;;;;;;2
20230311;03;2023;7378394;1;1;01;76;1;1073.6828906;76;2;1;3;1;5;1;1;1;3;1;1;2;1;1;1;1;1;1;3;3;;;;;700000;;1;;;;;;;;;;1
20230311;03;2023;7378395;1;1;01;76;1;1349.1593611;76;1;1;4;1;5;1;1;1;3;1;1;4;1;1;1;1;1;1;3;1;;;200000000;1200000;;;1;;;;;;;;;;1
20230311;03;2023;7378396;1;1;01;76;1;1137.2479762;76;2;1;4;1;2;1;1;1;3;1;1;3;2;1;1;1;1;1;3;1;;;99;400000;;;1;;1;1;;1;1;;;NEQUI;3
20230311;03;2023;7378397;1;1;01;76;1;1223.4000467;76;2;1;4;1;2;1;1;1;3;1;1;3;1;1;1;1;1;1;3;3;;;;;600000;;1;;;;;;;;;;2
20230311;03;2023;7378398;1;1;01;76;1;615.78473434;76;1;1;4;1;3;1;1;1;3;1;1;4;2;1;1;1;1;1;3;3;;;;;655000;;1;;;;;;;;;;2
20230311;03;2023;7378399;1;1;01;76;1;689.22024813;76;1;1;4;1;3;1;1;1;3;1;1;4;2;1;1;1;1;1;3;3;;;;;700000;;1;;;;;;;;;;3
20230311;03;2023;7378400;1;1;01;76;1;718.49017971;76;1;1;4;1;4;1;1;1;3;1;1;5;1;1;1;1;1;1;3;1;;;300000000;1200000;;;1;;;;;1;;;;;2
20230311;03;2023;7378401;1;1;01;76;1;1306.4298582;76;2;1;4;1;3;1;1;1;3;1;1;3;2;1;1;1;1;1;3;3;;;;;1100000;;1;;;;;1;;;;;3
20230311;03;2023;7378402;1;1;01;76;1;718.49017971;76;1;1;4;1;4;1;1;1;3;1;1;4;1;1;1;1;1;1;3;2;;1650000;420000000;1500000;;1;1;;1;;1;1;;;;;2
20230311;03;2023;7378403;1;1;01;76;1;893.42691912;76;2;1;4;1;3;1;1;1;3;1;1;4;1;1;1;1;1;2;3;1;;;250000000;1100000;;;1;;;;;;;;;;2
20230311;03;2023;7378404;1;1;01;76;1;732.0774092;76;1;1;4;1;3;1;1;1;3;1;1;4;2;1;1;1;1;1;3;1;;;98;600000;;;1;;;;;;;;;;2
20230311;03;2023;7378405;1;1;01;76;1;777.05504508;76;1;1;4;1;3;1;1;1;3;1;1;3;2;1;1;1;1;1;3;1;;;98;700000;;;1;;;;;;;;;;2
20230311;03;2023;7378406;1;1;01;76;1;571.20115007;76;2;1;4;1;3;1;1;1;3;1;1;5;2;1;1;1;1;1;3;1;;;99;800000;;;1;;;;;;;;;;2
20230311;03;2023;7378407;1;1;01;76;1;739.06624706;76;2;1;3;1;2;1;1;1;3;1;1;3;2;1;1;1;1;1;3;4;;;;500000;;;;;;;;;;1;;;2
20230311;03;2023;7378408;1;1;01;76;1;799.50184359;76;2;1;4;1;2;1;1;1;3;1;1;6;1;1;1;1;1;1;3;1;;;180000000;700000;;;;;;;;;;1;;;1
20230311;03;2023;7378409;1;1;01;81;1;109.26914804;81;1;1;4;1;1;2;1;1;3;1;1;3;2;1;1;1;1;1;4;3;;;;;400000;;1;;;;;;;;;;5
20230311;03;2023;7378410;1;1;01;81;1;159.77277637;81;1;1;2;1;1;2;1;1;3;1;1;3;1;1;1;1;1;1;4;1;;;80000000;600000;;;;;;;;;;1;;;1
20230311;03;2023;7378411;1;1;01;81;1;159.77277637;81;1;1;2;1;1;2;1;1;3;1;1;3;1;1;1;1;1;1;4;1;;;99;99;;;;;;;;;;1;;;1
20230311;03;2023;7378412;1;1;01;81;1;102.61396604;81;2;1;2;1;1;2;1;1;3;1;1;3;2;1;1;1;1;3;4;3;;;;;350000;;1;;;;;;;;;;3
20230311;03;2023;7378413;1;1;01;81;1;154.72442371;81;2;1;2;1;1;2;1;1;3;1;1;2;1;1;1;1;1;3;4;3;;;;;350000;;;;;;;;;1;;;3
20230311;03;2023;7378414;1;1;01;81;1;112.83859373;81;2;1;2;1;1;2;1;1;3;1;1;2;1;1;1;1;1;3;4;3;;;;;300000;;;;;;;;;1;;;3
20230311;03;2023;7378415;1;1;01;81;1;223.71469106;81;1;1;2;1;1;2;1;1;3;1;1;3;2;1;1;1;1;1;4;1;;;99;300000;;;1;;;;;;;;;;5
20230311;03;2023;7378416;1;1;01;81;1;71.720790191;81;1;1;2;1;1;2;1;1;3;1;1;4;3;1;1;1;1;3;4;1;;;74000000;400000;;;1;;;;;;;;;;9
20230311;03;2023;7378417;1;1;01;81;1;171.60423339;81;2;1;2;1;1;2;1;1;3;1;1;3;2;1;1;1;1;1;4;3;;;;;450000;;1;;;;;;;;;;5
20230311;03;2023;7378418;1;1;01;81;1;75.577429036;81;1;1;2;1;1;2;1;1;3;1;1;3;2;1;1;1;1;1;4;4;;;;300000;;;1;;;;;;;;;;6
20230311;03;2023;7378419;1;1;01;81;1;136.30568505;81;2;1;2;1;1;2;1;1;3;1;1;3;2;1;1;1;1;1;4;3;;;;;550000;;1;;;;;;;;;;2
20230311;03;2023;7378420;1;1;01;81;1;164.94905139;81;2;1;2;1;1;2;1;1;3;1;1;3;1;1;1;1;1;1;4;3;;;;;300000;;;;;;;;;1;;;3
20230311;03;2023;7378421;1;1;01;81;1;293.24275803;81;2;1;4;1;1;2;1;1;3;1;1;4;2;1;1;1;1;1;4;4;;;;600000;;;1;;;;;;;;;;3
20230311;03;2023;7378422;1;1;01;81;1;127.50362701;81;2;1;2;1;1;2;1;1;3;1;1;4;3;1;1;1;1;3;4;1;;;60000000;300000;;;1;;;;;;;;;;5
20230311;03;2023;7378423;1;1;01;81;1;235.97553665;81;2;1;2;1;1;2;1;1;3;1;1;3;2;1;1;1;1;3;4;4;;;;400000;;;1;;;;;;;;;;4
20230311;03;2023;7378424;1;1;01;81;1;314.15574764;81;2;1;2;1;1;2;1;1;3;1;1;4;2;1;1;1;1;3;4;4;;;;300000;;;1;;;;;;;;;;2
20230311;03;2023;7378425;1;1;01;81;1;205.86028034;81;2;1;2;1;1;2;1;1;3;1;1;4;2;1;1;1;1;1;4;1;;;98;700000;;;1;;;;;;;;;;3
20230311;03;2023;7378426;1;1;01;81;1;224.14410198;81;2;1;4;1;1;2;1;1;3;1;1;4;2;1;1;1;1;1;4;1;;;40000000;400000;;;1;;;;;;;;;;2
20230309;03;2023;7378427;1;1;01;85;1;770.04572551;85;2;1;4;1;1;1;1;1;3;1;1;4;2;1;1;1;10;1;3;3;;;;;500000;;1;;;;;;;;;;4
20230311;03;2023;7378428;1;1;01;85;1;299.98517026;85;2;1;4;1;3;1;1;1;7;1;1;3;2;1;1;1;1;1;3;3;;;;;550000;;1;;;;1;;;;;;4
20230311;03;2023;7378429;1;1;01;85;1;195.77911005;85;2;1;4;1;3;1;1;1;7;1;1;2;1;1;1;1;1;3;3;3;;;;;550000;;1;;;;;;;;;;1
20230311;03;2023;7378430;1;1;01;85;1;292.63371871;85;2;1;4;1;3;1;1;1;7;1;1;3;2;1;1;1;1;1;3;3;;;;;550000;;1;;;;;;;;;;3
20230311;03;2023;7378431;1;1;01;85;1;381.04719807;85;2;1;4;1;3;1;1;1;7;1;1;3;2;1;1;1;1;3;3;3;;;;;650000;;;;;;;;;1;;;4
20230311;03;2023;7378432;1;1;01;85;1;262.48238051;85;2;1;4;1;3;1;1;1;7;1;1;2;1;1;1;1;1;1;3;3;;;;;600000;;1;;;;;;;;;;1
20230311;03;2023;7378433;1;1;01;85;1;262.48238051;85;2;1;4;1;3;1;1;1;7;1;1;2;1;1;1;1;1;1;3;3;;;;;600000;;1;;;;;;;;;;1
20230311;03;2023;7378434;1;1;01;85;1;351.61277162;85;2;1;4;1;3;1;1;1;7;1;1;3;2;1;1;1;1;1;3;3;;;;;600000;;1;;;;;;;;;;3
20230311;03;2023;7378435;1;1;01;85;1;262.48238051;85;2;1;4;1;3;1;1;1;7;1;1;2;1;1;1;1;10;1;3;3;;;;;550000;;1;;;;;1;;;;;1
20230311;03;2023;7378436;1;1;01;85;1;195.77911005;85;2;1;4;1;3;1;1;1;7;1;1;2;1;1;1;1;1;1;3;3;;;;;750000;;1;;;;;;;;;;1
20230309;03;2023;7378437;1;1;01;86;1;98.06082532;86;2;1;4;1;1;2;1;1;2;1;1;5;2;1;1;1;1;1;4;7;CASA DE UN FAMILIAR;;;98;;;;;;;;;;1;;;2
20230311;03;2023;7378438;1;1;01;86;1;105.90569135;86;2;1;2;1;1;2;1;1;2;1;1;2;2;1;1;1;1;3;4;4;;;;99;;;1;;;;;;;;;;2
20230311;03;2023;7378439;1;1;01;86;1;139.36585245;86;1;1;4;1;1;1;1;1;2;1;1;3;1;1;1;1;1;3;3;3;;;;;99;;1;;;;;;;;;;1
20230311;03;2023;7378440;1;1;01;86;1;134.62256703;86;2;1;4;1;1;2;1;1;2;1;1;5;2;1;1;1;1;1;4;3;;;;;98;1;;;;;;;;;;;4
20230311;03;2023;7378441;1;1;01;86;1;77.264212301;86;2;1;4;1;1;2;1;1;2;1;1;5;1;1;1;1;1;1;4;3;;;;;280000;;;;;;;;;1;;;2
20230311;03;2023;7378442;1;1;01;86;1;86.803968086;86;1;1;4;1;1;2;1;1;2;1;1;6;3;1;1;1;1;1;4;1;;;98;400000;;1;;;;;;;;;;;4
20230311;03;2023;7378443;1;1;01;86;1;179.39622719;86;1;1;2;1;1;2;1;1;2;1;1;3;2;1;1;1;1;3;4;3;;;;;99;;1;;;;;;;;;;2
20230311;03;2023;7378444;1;1;01;86;1;185.8211366;86;1;1;4;1;1;2;1;1;2;1;1;3;1;1;1;1;1;3;4;4;;;;99;;;1;;;;;;;;;;1
20230311;03;2023;7378445;1;1;01;86;1;160.35217225;86;2;1;4;1;1;2;1;1;2;1;1;5;2;1;1;1;1;1;4;3;;;;;98;;;;;;;;;1;;;3
20230311;03;2023;7378446;1;1;01;86;1;216.66637057;86;2;1;4;1;1;1;1;1;2;1;1;5;2;1;1;1;1;1;3;3;;;;;98;;;;;;;;;1;;;2
20230311;03;2023;7378447;1;1;01;86;1;185.8211366;86;1;1;4;1;1;1;1;1;2;1;1;5;1;1;1;1;1;1;3;3;;;;;350000;1;;;;;;;;;;;1
20230311;03;2023;7378448;1;1;01;86;1;112.31889921;86;2;1;2;1;1;2;1;1;2;1;1;3;1;1;1;1;1;3;4;3;;;;;99;;1;;;;;;;;;;3
20230311;03;2023;7378449;1;1;01;86;1;154.85094717;86;1;1;2;1;1;2;2;1;2;1;1;2;1;2;1;1;1;3;4;4;;;;99;;;1;;;;;;;;;;1
20230311;03;2023;7378450;1;1;01;86;1;184.6448356;86;1;1;2;1;1;2;2;1;1;1;2;3;3;2;1;1;1;3;4;1;;;99;99;;;1;;;;;;;;;;2
20230311;03;2023;7378450;2;2;01;86;1;184.6448356;86;1;1;2;1;1;2;2;1;1;1;2;2;1;2;1;1;1;3;4;4;;;;99;;;1;;;;;;;;;;3
20230309;03;2023;7378451;1;1;01;88;1;49.06578836;88;1;1;4;1;2;2;2;1;3;2;1;3;2;2;1;1;10;1;4;4;;;;900000;;;1;;;;;;;;;;2
20230309;03;2023;7378452;1;1;01;88;1;47.482894779;88;2;1;4;1;4;2;1;1;3;1;1;3;2;1;1;1;10;4;4;4;;;;1500000;;;1;;;;;;;;;;4
20230310;03;2023;7378453;1;1;01;88;1;42.207017582;88;2;1;4;1;2;2;2;1;3;2;1;4;3;2;1;1;10;1;4;3;;;;;1600000;;1;;;;;;;;;;4
20230310;03;2023;7378454;1;1;01;88;1;51.878626331;88;2;1;3;1;1;2;2;1;7;2;1;4;3;2;1;1;10;1;4;1;;;98;900000;;;;;;;;;;1;;;4
20230310;03;2023;7378455;1;1;01;88;1;52.758771977;88;2;1;2;1;2;2;2;1;7;2;1;3;2;2;1;1;10;1;4;4;;;;600000;;;1;;;;;;;;;;4
20230310;03;2023;7378457;1;1;01;88;1;79.854882199;88;2;5;2;1;2;2;2;1;3;2;1;3;2;2;1;1;10;3;4;3;;;;;300000;;1;;;;;;;;;;4
20230310;03;2023;7378458;1;1;01;88;1;83.096967812;88;3;5;2;1;2;2;2;1;3;2;1;2;1;2;1;1;10;2;4;3;;;;;400000;;1;;;;;;;;;;4
20230310;03;2023;7378459;1;1;01;88;1;29.058533995;88;2;1;4;1;1;2;2;1;7;2;1;2;1;2;1;1;10;6;;3;;;;;350000;;1;;;;;;;;;;1
20230310;03;2023;7378460;1;1;01;88;1;49.06578836;88;1;1;4;1;4;2;1;1;3;1;1;3;1;1;1;1;10;1;4;1;;;99;2000000;;;1;;;;;;;;;;2
20230310;03;2023;7378461;1;1;01;88;1;53.236588132;88;2;1;4;1;2;2;2;1;7;2;1;3;2;2;1;1;10;3;4;1;;;98;98;;;1;;;;;;;;;;4
20230310;03;2023;7378462;1;1;01;88;1;53.236588132;88;2;1;4;1;5;2;1;1;7;1;1;3;1;1;1;1;10;3;4;1;;;99;99;;;1;;;;;1;;;;;4
20230310;03;2023;7378463;1;1;01;88;1;29.058533995;88;2;1;4;1;5;2;1;1;7;1;1;4;1;1;1;1;10;6;;1;;;98;4000000;;1;1;;;;;1;;;;;1
20230310;03;2023;7378464;1;1;01;88;1;49.602227682;88;1;1;4;1;4;2;1;1;3;1;1;3;2;1;1;1;10;1;4;1;;;99;1500000;;;1;;;;;;;;;;2
20230310;03;2023;7378465;1;1;01;88;1;55.199011906;88;2;1;4;1;4;2;1;1;7;1;1;2;1;1;1;1;10;3;4;1;;;98;98;;;1;;;1;;;;;;;2
20230310;03;2023;7378466;1;1;01;88;1;44.318382833;88;2;1;4;1;3;2;2;1;3;2;1;3;2;2;1;1;10;1;4;4;;;;1200000;;;1;;;;;;;;;;4
20230310;03;2023;7378467;1;1;01;88;1;40.888156967;88;2;1;2;1;2;2;2;1;7;2;1;2;1;2;1;1;10;3;4;4;;;;600000;;;1;;;;;;;;;;2
20230310;03;2023;7378468;1;1;01;88;1;21.133479269;88;4;5;2;1;2;2;2;1;7;2;1;1;1;2;1;1;10;6;;4;;;;98;;;1;;;;;;;;;;1
20230311;03;2023;7378469;1;1;01;88;1;23.568690789;88;2;1;4;1;2;2;1;1;7;1;1;2;1;1;1;1;10;3;4;3;;;;;900000;;1;;;;;;;;;;1
20230311;03;2023;7378470;1;1;01;88;1;26.416849086;88;3;1;2;1;2;2;1;1;3;1;1;1;1;1;1;1;10;2;4;4;;;;500000;;;;;;;;;;1;;;1
20230311;03;2023;7378471;1;1;01;88;1;23.568690789;88;1;1;4;1;3;2;1;1;7;1;1;4;1;1;1;1;10;1;4;1;;;99;1500000;;;1;;;;;;;;;;1
20230311;03;2023;7378472;1;1;01;88;1;30.130428565;88;2;1;4;1;2;2;2;1;3;1;1;2;1;2;1;1;10;3;4;1;;;98;900000;;;1;;;;;;;;;;1
20230311;03;2023;7378473;1;1;01;88;1;29.718955222;88;3;1;2;1;1;2;2;1;3;1;1;1;1;2;1;1;10;2;4;3;;;;;250000;;1;;;;;;;;;;1
20230311;03;2023;7378474;1;1;01;88;1;33.453946609;88;2;1;4;1;2;2;1;1;3;1;1;3;1;1;1;1;10;1;4;1;;;99;1000000;;;1;;;;;;;;;;2
20230311;03;2023;7378475;1;1;01;88;1;23.246827196;88;2;1;4;1;3;2;1;1;7;1;1;2;1;1;1;1;10;1;4;3;;;;;100000;;1;;;;;;;;;;1
20230311;03;2023;7378476;1;1;01;88;1;36.336235354;88;2;1;4;1;3;2;1;1;7;1;1;4;3;1;1;1;10;1;4;1;;;99;800000;;;1;;;;;;;;;;3
20230311;03;2023;7378477;1;1;01;88;1;26.782603169;88;3;1;4;1;2;2;1;1;3;1;1;1;1;1;1;1;10;2;4;3;;;;;400000;;;;;;;;;1;;;1
20230311;03;2023;7378478;1;1;01;88;1;54.517542623;88;2;1;4;1;2;2;1;1;3;1;1;2;1;1;1;1;10;3;4;4;;;;600000;;;1;;;;;;;;;;2
20230311;03;2023;7378479;1;1;01;88;1;23.246827196;88;2;1;4;1;3;2;1;1;7;1;1;3;1;1;1;1;10;1;4;3;;;;;99;;1;;;;;1;;;;;1
20230311;03;2023;7378480;1;1;01;88;1;43.049679992;88;2;1;4;1;2;2;1;1;3;1;1;2;1;1;1;1;10;4;4;4;;;;600000;;;1;;;;;;;;;;1
20230311;03;2023;7378481;1;1;01;88;1;23.568690789;88;2;1;4;1;3;2;1;1;7;1;1;3;1;1;1;1;10;1;4;1;;;99;1400000;;;1;;;;;;;;;;1
20230311;03;2023;7378482;1;1;01;88;1;26.416849086;88;3;1;4;1;2;2;1;1;3;1;1;1;1;1;1;1;10;2;4;3;;;;;400000;;;;;;;;;1;;;1
20230311;03;2023;7378483;1;1;01;88;1;38.047163279;88;2;1;4;1;1;2;2;1;3;1;1;3;2;2;1;1;10;1;4;4;;;;400000;;;1;;;;;;;;;;2
20230311;03;2023;7378484;1;1;01;88;1;29.718955222;88;2;1;4;1;1;2;2;1;3;1;1;2;1;2;1;1;10;4;4;4;;;;500000;;;1;;;;;;;;;;1
20230311;03;2023;7378485;1;1;01;88;1;43.645723682;88;2;1;4;1;1;2;1;1;3;1;1;2;1;1;1;1;10;3;4;3;;;;;1200000;;1;;;;;;;;;;1
20230311;03;2023;7378486;1;1;01;88;1;29.718955222;88;2;1;4;1;1;2;2;1;3;1;1;2;1;2;1;1;10;3;4;1;;;98;500000;;;1;;;;;;;;;;1
20230311;03;2023;7378487;1;1;01;88;1;54.517542623;88;2;1;4;1;1;2;1;1;3;1;1;3;1;1;1;1;10;1;4;4;;;;600000;;;1;;;;;;;;;;2
20230311;03;2023;7378488;1;1;01;88;1;53.921498932;88;2;1;4;1;1;2;1;1;3;1;1;3;2;1;1;1;10;3;4;3;;;;;800000;;1;;;;;;;;;;2
20230311;03;2023;7378489;1;1;01;88;1;54.517542623;88;2;1;4;1;2;2;1;1;3;1;1;2;1;1;1;1;10;3;4;1;;;99;99;;;1;;;;;;;;;;2
20230311;03;2023;7378490;1;1;01;88;1;54.517542623;88;2;1;4;1;2;2;1;1;7;1;1;2;1;1;1;1;10;3;4;3;;;;;900000;;1;;;;;;;;;;2
20230311;03;2023;7378491;1;1;01;88;1;41.335189735;88;1;1;4;1;3;2;1;1;3;1;1;3;2;1;1;1;10;1;4;3;;;;;1500000;;1;;;;;1;;;;;2
20230311;03;2023;7378492;1;1;01;88;1;59.217104116;88;1;5;2;1;2;2;2;1;3;2;1;1;1;2;1;1;10;2;4;4;;;;800000;;;1;;;;;;;;;;5
20230311;03;2023;7378493;1;1;01;88;1;36.79934127;88;1;1;2;1;1;2;2;1;3;2;1;2;1;2;1;1;10;3;4;1;;;98;400000;;;1;;;;;;;;;;2
20230311;03;2023;7378494;1;1;01;88;1;36.79934127;88;1;5;4;1;2;2;2;1;3;2;1;1;1;2;1;1;10;3;4;3;;;;;600000;;1;;;;;;;;;;2
20230311;03;2023;7378495;1;1;01;88;1;26.416849086;88;2;1;4;1;2;2;1;1;3;1;1;2;1;1;1;1;10;3;4;4;;;;600000;;;1;;;;;;;;;;1
20230311;03;2023;7378496;1;1;01;91;1;38.588474505;91;2;1;4;1;1;2;1;1;3;1;1;2;1;1;1;1;1;1;4;1;;;98;500000;;;;;;;;;;1;;;2
20230311;03;2023;7378497;1;1;01;91;1;36.297494315;91;1;1;4;1;1;2;1;1;3;1;1;4;3;1;1;1;1;1;4;1;;;120000000;1000000;;;1;;;;;;;;;;4
20230311;03;2023;7378498;1;1;01;91;1;59.795072217;91;2;1;4;1;1;2;1;1;3;1;1;1;1;1;1;1;1;6;;3;;;;;350000;;;;;;;;;1;;;1
20230309;03;2023;7378499;1;1;01;94;1;47.496111951;94;2;1;4;1;1;2;1;1;2;1;1;3;2;1;1;1;1;1;4;1;;;8000000;750000;;1;;;;;;;;;;;4
20230310;03;2023;7378500;1;1;01;94;1;65.966822154;94;1;1;2;1;1;2;1;1;2;1;1;4;4;2;1;1;3;1;4;1;;;98;400000;;;1;;;;;;;;;;4
20230310;03;2023;7378501;1;1;01;94;1;56.899099638;94;1;1;4;1;2;2;1;1;2;1;1;4;2;1;1;1;10;1;4;2;;1000000;130000000;560000;;;1;;1;;1;1;;;;;3
20230311;03;2023;7378502;1;1;01;95;1;96.472626819;95;3;1;2;1;2;2;1;1;2;1;1;1;1;1;2;1;1;1;4;3;;;;;200000;;1;;;;;;;;;;3
20230311;03;2023;7378503;1;1;01;95;1;94.869210826;95;3;1;2;1;2;2;1;1;2;1;1;1;1;1;2;1;1;6;;3;;;;;200000;;;;;;;;;1;;;1
20230311;03;2023;7378504;1;1;01;95;1;94.869210826;95;2;1;4;1;2;1;1;1;2;1;1;3;1;1;1;1;1;3;3;5;;;;500000;;;1;;;;;;;;;;1
20230311;03;2023;7378505;1;1;01;95;1;94.869210826;95;3;1;2;1;2;2;1;1;2;1;1;1;1;1;1;1;1;6;;3;;;;;100000;;;;;;;;;1;;;1
20230311;03;2023;7378506;1;1;01;95;1;70.998864151;95;2;1;4;1;2;2;1;1;2;1;1;3;2;1;1;1;1;3;4;3;;;;;450000;;1;;;;1;;;;;;4
20230311;03;2023;7378507;1;1;01;95;1;74.208804913;95;2;1;4;1;2;1;1;1;2;1;1;3;1;1;1;1;1;3;4;3;;;;;600000;;;;;;;;;1;;;1
20230311;03;2023;7378508;1;1;01;95;1;96.472626819;95;3;1;2;1;2;2;1;1;2;1;1;2;1;1;1;1;1;3;4;3;;;;;3500000;;;;;;;;;1;;;3
20230311;03;2023;7378509;1;1;01;95;1;76.511073523;95;2;1;4;1;2;2;1;1;2;1;1;1;1;1;1;1;10;1;4;3;;;;;350000;;;;;;;;;1;;;1
20230311;03;2023;7378510;1;1;01;95;1;85.892816967;95;2;1;2;1;2;2;1;1;2;1;1;3;2;1;1;1;3;3;4;3;;;;;400000;;1;;;;;;;;;;2
20230309;03;2023;7378511;1;1;01;97;1;10.316267873;97;1;5;3;1;1;2;1;1;2;2;1;1;1;1;1;1;10;2;4;1;;;98;200000;;;;;;;;;;1;;;3
20230309;03;2023;7378512;1;1;01;97;1;32.842745746;97;2;1;4;1;1;2;1;1;2;1;1;2;1;1;1;1;10;3;4;3;;;;;500000;1;1;;;;1;1;;;;;1
20230309;03;2023;7378513;1;1;01;97;1;22.106288299;97;1;2;2;1;1;2;1;1;2;1;1;4;3;1;1;1;10;1;1;3;;;;;700000;;1;;;;;;;;;;3
20230310;03;2023;7378514;1;1;01;97;1;13.100022696;97;1;1;2;1;2;2;1;1;2;2;1;5;2;1;1;1;3;1;4;1;;;200000000;500000;;;1;;;;;;;;;;3
20230311;03;2023;7378515;1;1;01;97;1;18.421906916;97;1;5;2;1;1;2;2;2;;1;1;2;1;2;1;4;5;4;1;1;;;30000000;200000;;;1;;;;;;;;;;4
20230311;03;2023;7378516;1;1;01;97;1;18.421906916;97;1;5;1;1;1;2;2;1;2;2;1;2;2;6;;1;5;5;1;1;;;30000000;200000;;;1;;;;;;;;;;4
20230311;03;2023;7378517;1;1;01;97;1;18.421906916;97;1;1;4;1;1;2;1;1;2;1;1;3;3;1;1;1;10;1;4;1;;;150000000;1500000;;;1;;;;;1;;;;;5
20230311;03;2023;7378518;1;1;01;97;1;11.462519859;97;2;1;4;1;1;2;1;1;2;1;1;3;2;1;1;1;10;3;1;3;;;;;1000000;;1;;;;;1;;;;;3
20230311;03;2023;7378519;1;1;01;97;1;11.462519859;97;1;5;3;1;1;2;1;1;2;1;1;4;2;1;1;1;10;3;4;3;;;;;600000;;1;;;;;;;;;;4
20230311;03;2023;7378520;1;1;01;97;1;11.462519859;97;2;1;4;1;1;2;1;1;2;1;1;3;1;1;1;1;10;3;1;1;;;20000000;500000;;;1;;;;;;;;;;1
20230311;03;2023;7378521;1;1;01;97;1;19.782556265;97;1;5;3;1;1;2;2;1;2;2;1;5;1;2;1;1;5;1;4;1;;;35000000;240000;;;1;;;;;;;;;;2
20230311;03;2023;7378525;1;1;01;99;1;86.946819486;99;4;1;2;1;1;2;2;1;2;2;1;1;1;2;1;1;3;5;5;4;;;;300000;;;1;;;;;;;;;;4
20230311;03;2023;7378526;1;1;01;99;1;51.973001327;99;1;8;1;1;1;2;2;1;2;2;1;2;1;2;1;1;2;1;4;4;;;;250000;;;;;;;;;;1;;;3
20230311;03;2023;7378527;1;1;01;99;1;48.63085893;99;1;8;2;1;0;2;2;1;2;2;1;1;1;2;1;1;3;2;4;5;;;;150000;;;;;;;1;;;;;;2
20230311;03;2023;7378528;1;1;01;99;1;68.057344813;99;1;8;2;1;0;2;2;1;2;2;1;1;1;2;1;1;3;1;4;4;;;;150000;;;1;;;;;;;;;;1
20230311;03;2023;7378529;1;1;01;99;1;68.057344813;99;1;8;2;1;1;2;2;1;2;2;1;2;1;2;1;1;3;1;4;5;;;;200000;;;1;;;;;;;;;;1
20230311;03;2023;7378530;1;1;01;99;1;23.279017862;99;1;8;2;1;1;2;2;1;2;2;1;3;2;2;1;1;3;1;4;5;;;;200000;;;1;;;;;;;;;;3
20230311;03;2023;7378531;1;1;01;99;1;68.057344813;99;1;8;2;1;1;2;2;1;2;2;1;1;1;2;1;1;10;1;4;5;;;;200000;;;;;;;;;;1;;;1
20230311;03;2023;7378532;1;1;01;99;1;23.279017862;99;1;8;1;1;0;2;2;1;2;2;1;1;1;6;;1;2;5;5;4;;;;150000;;;;;;;;;;1;;;4
20230313;03;2023;7378533;1;1;01;;1;1479.2207986;08;1;1;4;1;1;1;1;1;3;1;1;5;3;1;1;1;1;3;3;1;;;120000000;500000;;;1;;;;;;;;;;4
20230313;03;2023;7378534;1;1;01;;1;1742.5283159;08;1;1;2;1;1;1;1;1;3;1;1;3;1;1;1;1;1;1;3;1;;;50000000;200000;;;;;;;;;;1;;;1
20230313;03;2023;7378535;1;1;01;;1;1512.391203;08;1;1;4;1;1;1;1;1;3;1;1;4;1;1;1;1;1;1;3;1;;;60000000;300000;;;;;;;;;;1;;;2
20230313;03;2023;7378536;1;1;01;;1;1727.5227947;08;1;1;2;1;1;1;1;1;3;1;1;2;1;1;1;1;1;1;3;5;;;;250000;;;1;;;;;;;;;;4
20230313;03;2023;7378537;1;1;01;;1;1303.5586495;08;1;1;4;1;1;1;1;1;3;1;1;3;2;1;1;1;1;3;3;3;;;;;400000;;;;;;;;;1;;;6
20230313;03;2023;7378538;1;1;01;;1;1303.5586495;08;1;1;2;1;1;1;1;1;3;1;1;4;3;1;1;1;1;1;3;1;;;50000000;300000;;;;;;;;;;1;;;6
20230313;03;2023;7378540;1;1;01;;1;1279.4928479;08;1;1;2;1;1;1;1;1;3;1;1;3;2;1;1;1;1;3;3;1;;;70000000;300000;;;;;;;;;;1;;;6
20230313;03;2023;7378541;1;1;01;;1;1754.8031248;08;1;1;2;1;1;1;1;1;3;1;1;3;2;1;1;1;1;3;3;1;;;60000000;350000;;;;;;;;;;1;;;4
20230313;03;2023;7378542;1;1;01;;1;691.18247486;08;1;1;2;1;1;1;1;1;3;1;1;3;2;1;1;1;1;1;3;1;;;45000000;250000;;;1;;;;;;;;;;5
20230313;03;2023;7378544;1;1;01;;1;1512.391203;08;1;1;4;1;1;1;1;1;3;1;1;3;1;1;1;1;1;1;3;1;;;45000000;300000;;;1;;;;;;;;;;2
20230313;03;2023;7378545;1;1;01;;1;1287.3582742;13;1;1;4;1;1;1;2;1;2;1;1;4;3;2;1;1;1;1;3;1;;;40000000;300000;;;;;;;;;;1;;;4
20230313;03;2023;7378546;1;1;01;;1;911.1626718;13;1;1;2;1;1;1;2;1;2;1;1;3;2;2;1;1;1;4;3;4;;;;300000;;;;;;;;;;1;;;5
20230313;03;2023;7378547;1;1;01;;1;2195.6788487;13;1;1;4;1;1;1;2;1;2;1;1;3;2;2;1;1;1;3;3;4;;;;500000;;;1;;;;;;;;;;3
20230313;03;2023;7378548;1;1;01;;1;1772.7960856;13;1;1;2;1;1;1;2;1;2;1;1;3;2;2;1;1;1;4;3;4;;;;300000;;;1;;;;;;;;;;3
20230313;03;2023;7378549;1;1;01;;1;1868.0930717;13;1;1;4;1;1;1;2;1;2;1;1;3;2;2;1;1;1;1;3;3;;;;;300000;;;;;;;;;1;;;4
20230313;03;2023;7378550;1;1;01;;1;997.71879471;13;1;1;4;1;1;1;2;1;2;1;1;4;2;2;1;1;1;1;3;3;;;;;450000;;1;;;;;;;;;;4
20230313;03;2023;7378551;1;1;01;;1;1799.3857886;13;1;1;2;1;1;1;2;1;2;1;1;3;2;2;1;1;1;1;3;1;;;60000000;400000;;;;;;;;;;1;;;2
20230313;03;2023;7378552;1;1;01;;1;1889.8243389;13;1;1;4;1;1;1;2;1;2;1;1;4;2;2;1;1;1;1;3;3;;;;;450000;;;;;;;;;1;;;4
20230313;03;2023;7378553;1;1;01;;1;1862.1568014;13;1;1;2;1;1;1;2;1;2;1;1;4;3;2;1;1;1;1;3;3;;;;;350000;;;;;;;;;1;;;7
20230313;03;2023;7378554;1;1;01;;1;2547.8733765;13;1;1;4;1;1;1;2;1;2;1;1;4;1;2;1;1;1;1;3;1;;;60000000;500000;;;1;;;;;;;;;;2
20230313;03;2023;7378555;1;1;01;;1;1354.1339544;13;1;1;2;1;1;1;2;1;2;1;1;3;2;2;1;1;1;1;3;1;;;45000000;350000;;;;;;;;;;1;;;2
20230313;03;2023;7378556;1;1;01;;2;2032.9069023;13;1;5;1;1;0;2;2;2;;2;1;3;2;6;;4;5;5;5;5;;;;100000;;;;;;;;;;1;;;6
20230313;03;2023;7378557;1;1;01;;2;1849.568557;13;1;5;2;1;0;2;2;2;;2;1;3;2;2;1;4;4;1;5;4;;;;150000;;;;;;;;;;1;;;3
20230313;03;2023;7378558;1;1;01;;2;1664.2559814;13;1;4;1;1;0;2;2;2;;2;1;3;2;6;;4;6;5;5;5;;;;100000;;;;;;;;;;1;;;5
20230313;03;2023;7378559;1;1;01;;2;1497.4140226;13;1;4;2;1;0;2;2;2;;2;1;3;2;6;;3;6;5;5;1;;;10000000;200000;;;;;;;;;;1;;;5
20230313;03;2023;7378560;1;1;01;;2;2109.0668036;13;1;4;1;1;0;2;2;2;;2;1;2;1;6;;3;4;5;5;5;;;;100000;;;;;;;;;;1;;;2
20230313;03;2023;7378561;1;1;01;;2;1581.1126848;13;1;5;2;1;0;2;2;2;;2;1;3;1;6;;4;6;5;5;1;;;10000000;100000;;;;;;;;;;1;;;1
20230313;03;2023;7378562;1;1;01;;2;1581.1126848;13;1;5;1;1;0;2;2;2;;2;1;3;2;6;;4;6;6;;5;;;;80000;;;;;;;;;;1;;;1
20230313;03;2023;7378563;1;1;01;;2;872.15253612;13;1;1;1;1;0;2;2;2;;2;1;4;3;6;;3;6;1;5;1;;;15000000;200000;;;;;;;1;;;;;;4
20230313;03;2023;7378564;1;1;01;;2;2188.4078242;13;1;1;2;1;0;2;2;2;;2;1;2;2;2;1;4;6;5;5;4;;;;100000;;;;;;;;;;1;;;5
20230313;03;2023;7378565;1;1;01;;2;1458.8910388;13;1;5;2;1;0;2;2;2;;2;1;3;2;6;;3;6;1;5;1;;;20000000;250000;;;;;;;;;;1;;;5
20230313;03;2023;7378566;1;1;01;;2;3006.7832989;13;1;5;1;1;0;2;2;2;;2;1;2;2;6;;4;6;5;5;5;;;;150000;;;;;;;;;;1;;;6
20230313;03;2023;7378567;1;1;01;;2;2195.9340099;13;1;4;1;1;0;2;2;2;;2;1;4;2;6;;4;6;5;5;5;;;;200000;;;;;;;;;;1;;;4
20230313;03;2023;7378568;1;1;01;;1;1105.2170488;13;1;1;1;1;1;1;2;1;2;1;1;4;2;2;1;1;1;5;3;1;;;20000000;200000;;;;;;;;;;1;;;3
20230313;03;2023;7378569;1;1;01;;1;1542.1411473;13;1;1;4;1;1;1;2;1;2;1;1;3;1;2;1;1;1;1;3;4;;;;250000;;;;;;;;;;1;;;2
20230313;03;2023;7378570;1;1;01;;1;1340.5926149;13;1;1;4;1;1;1;2;1;2;1;1;4;2;2;1;1;1;1;3;1;;;70000000;350000;;;;;;;;;;1;;;2
20230313;03;2023;7378571;1;1;01;;1;2495.0037807;13;1;1;4;1;1;1;2;1;2;1;1;5;3;2;1;1;1;1;3;1;;;100000000;400000;;;;;;;1;;;;;;5
20230313;03;2023;7378572;1;1;01;;1;1567.5303191;13;1;1;1;1;1;1;2;1;2;1;1;3;2;2;1;1;1;4;3;1;;;30000000;200000;;;;;;;;;;1;;;3
20230313;03;2023;7378573;1;1;01;;1;1946.784356;13;1;1;2;1;1;1;2;1;2;1;1;3;1;2;1;1;1;1;3;4;;;;300000;;;;;;;;;;1;;;2
20230313;03;2023;7378574;1;1;01;;1;1129.5065968;13;1;1;2;1;1;1;2;1;2;1;1;3;2;2;1;1;1;1;3;4;;;;400000;;;;;;;1;;;;;;7
20230313;03;2023;7378576;1;1;01;;1;2004.4544176;13;1;1;2;1;1;1;2;1;2;1;1;3;2;2;1;1;1;1;3;3;;;;;300000;;;;;;;;;1;;;2
20230313;03;2023;7378577;1;1;01;;1;1790.8074453;13;1;1;2;1;1;1;2;1;2;1;1;3;2;2;1;1;1;4;3;5;;;;200000;;;;;;;;;;1;;;6
20230313;03;2023;7378578;1;1;01;;1;1156.2155751;13;1;1;2;1;1;1;2;1;2;1;1;3;2;2;1;1;1;4;3;5;;;;200000;;;;;;;;;;1;;;5
20230313;03;2023;7378579;1;1;01;;2;1867.6060376;13;1;5;1;2;;2;2;2;;2;1;2;1;6;;4;9;5;5;5;;;;150000;;;;;;;;;;1;;;2
20230313;03;2023;7378580;1;1;01;;2;2371.6690272;13;1;8;1;2;;2;2;2;;2;1;1;1;6;;4;4;5;5;1;;;1000000;50000;;;;;;;;;;1;;;1
20230313;03;2023;7378581;1;1;01;;2;2635.1841018;13;1;9;1;2;;2;2;2;;2;1;1;1;6;;4;4;5;5;1;;;1000000;50000;;;;;;;;;;1;;;2
20230313;03;2023;7378582;1;1;01;;2;3163.6002055;13;1;1;2;2;;2;2;2;;2;1;2;1;6;;4;9;5;5;6;;;;100000;;;;;;;;;;1;;;2
20230313;03;2023;7378583;1;1;01;;2;3503.3651538;13;1;4;1;2;;2;2;2;;2;1;2;1;2;1;3;4;5;5;4;;;;200000;;;;;;;;;;1;;;1
20230313;03;2023;7378584;1;1;01;;2;2371.6690272;13;1;9;1;2;;2;2;2;;2;1;1;1;6;;4;9;5;5;6;;;;80000;;;;;;;;;;1;;;1
20230313;03;2023;7378585;1;1;01;;2;3810.843538;13;1;4;1;2;;2;2;2;;2;1;2;1;2;1;4;6;5;5;4;;;;200000;;;;;;;;;;1;;;3
20230313;03;2023;7378586;1;1;01;;2;3503.3651538;13;1;9;1;2;;2;2;2;;2;1;1;1;6;;4;4;5;5;1;;;1000000;50000;;;;;;;;;;1;;;1
20230313;03;2023;7378587;1;1;01;;2;3810.843538;13;1;5;1;2;;2;2;2;;2;1;2;1;6;;4;9;5;5;4;;;;90000;;;;;;;;;;1;;;3
20230313;03;2023;7378588;1;1;01;;2;2371.6690272;13;1;9;1;2;;2;2;2;;2;1;1;1;6;;4;4;5;5;1;;;800000;50000;;;;;;;;;;1;;;1
20230313;03;2023;7378589;1;1;01;;2;1856.3759113;13;1;1;2;1;1;2;2;2;;2;1;2;2;2;1;3;4;1;5;1;;;20000000;200000;;;;;;;;;;1;;;6
20230313;03;2023;7378590;1;1;01;;2;2866.3896713;13;1;1;2;1;1;2;2;2;;2;1;4;1;2;1;4;5;5;5;4;;;;200000;;;;;;;;;;1;;;1
20230313;03;2023;7378591;1;1;01;;2;1666.2048487;13;1;1;2;1;1;2;2;2;;2;1;3;2;2;1;4;5;5;5;4;;;;150000;;;;;;;;;;1;;;6
20230313;03;2023;7378592;1;1;01;;2;2372.7969252;13;1;4;2;1;1;2;2;2;;2;1;3;1;2;1;4;4;1;5;4;;;;170000;;;;;;;;;;1;;;1
20230313;03;2023;7378593;1;1;01;;2;1951.4499264;13;1;4;1;1;1;2;2;2;;2;1;3;2;6;;4;5;5;5;4;;;;150000;;;;;;;;;;1;;;4
20230313;03;2023;7378594;1;1;01;;2;1940.6072693;13;1;8;1;1;1;2;2;2;;2;1;2;1;2;1;4;4;5;5;4;;;;150000;;;;;;;;;;1;;;3
20230313;03;2023;7378595;1;1;01;;2;2913.2023089;13;1;4;1;1;1;2;2;2;;2;1;2;1;3;1;4;4;5;5;5;;;;70000;;;;;;;;;;1;;;3
20230313;03;2023;7378596;1;1;01;;2;3327.4445258;13;1;1;1;1;1;2;2;2;;2;1;2;1;6;;4;5;5;5;4;;;;100000;;;;;;;;;;1;;;3
20230313;03;2023;7378598;1;1;01;;2;3215.8618913;13;1;4;1;1;1;2;2;2;;2;1;3;2;2;1;4;4;5;5;5;;;;100000;;;;;;;;;;1;;;6
20230313;03;2023;7378599;1;1;01;;2;1343.9918527;13;1;4;1;1;1;2;2;2;;2;1;3;2;6;;4;5;5;5;5;;;;100000;;;;;;;;;;1;;;3
20230313;03;2023;7378601;1;1;01;;1;987.69254913;13;1;1;4;1;1;2;2;1;2;1;1;3;2;2;1;1;1;5;5;1;;;98;300000;;;;;;;;;;1;;;6
20230313;03;2023;7378602;1;1;01;;1;1909.2030024;13;1;1;1;1;1;1;2;1;1;1;1;3;2;2;1;1;1;5;3;1;;;50000000;150000;;;;;;;;;;1;;;5
20230313;03;2023;7378603;1;1;01;;1;1752.0902695;13;1;1;4;1;1;2;2;1;2;1;1;5;4;2;1;1;1;5;5;4;;;;150000;;;;;;;;;;1;;;7
20230313;03;2023;7378604;1;1;01;;1;1515.4077895;13;1;1;1;1;1;1;2;1;1;1;1;3;1;2;1;1;1;1;3;1;;;22000000;50000;;;;;;;;;;1;;;2
20230313;03;2023;7378605;1;1;01;;1;2472.6734922;13;1;4;4;1;1;2;2;1;2;1;1;3;2;2;1;1;1;5;5;4;;;;200000;;;;;;;;;;1;;;5
20230313;03;2023;7378606;1;1;01;;1;1515.4077895;13;1;4;1;1;1;2;2;1;1;1;1;3;2;2;1;1;1;5;5;1;;;99;100000;;;;;;;;;;1;;;2
20230313;03;2023;7378607;1;1;01;;1;1975.4498333;13;1;1;4;1;1;1;2;1;2;1;1;3;2;2;1;1;1;1;3;1;;;20000000;300000;;;;;;;;;;1;;;3
20230313;03;2023;7378609;1;1;01;;1;2140.5171293;13;1;1;4;1;1;1;2;1;2;1;1;3;2;2;1;1;1;1;3;1;;;98;100000;;;;;;;;;;1;;;6
20230313;03;2023;7378610;1;1;01;;1;987.69254913;13;1;4;2;1;1;1;2;1;1;1;1;4;3;2;1;1;1;1;3;4;;;;150000;;;;;;;;;;1;;;9
20230313;03;2023;7378611;1;1;01;;1;2610.625518;13;1;4;4;1;1;2;2;1;2;1;1;3;2;2;1;1;1;5;5;4;;;;50000;;;;;;;;;;1;;;1
20230313;03;2023;7378612;1;1;01;;1;2344.5566449;13;1;4;4;1;1;2;2;1;2;1;1;2;2;2;1;1;1;5;5;4;;;;100000;;;;;;;;;;1;;;2
20230313;03;2023;7378613;1;1;01;;2;1045.3017948;13;1;1;4;1;1;2;2;2;;2;2;2;1;2;2;2;2;5;5;4;;;;100000;;;;;;;;;;1;;;2
20230313;03;2023;7378613;2;2;01;;2;1045.3017948;13;1;1;4;1;1;2;2;2;;2;2;2;1;2;2;4;2;5;5;4;;;;100000;;;;;;;;;;1;;;4
20230313;03;2023;7378614;1;1;01;;2;883.64792689;13;1;1;2;1;1;2;2;2;;2;1;3;2;2;1;3;6;5;5;1;;;4000000;40000;;;;;;;;;;1;;;3
20230313;03;2023;7378615;1;1;01;;2;1170.9535012;13;1;1;2;1;1;2;2;2;;2;3;2;1;2;2;2;2;5;5;1;;;98;100000;;;;;;;;;;1;;;4
20230313;03;2023;7378615;2;2;01;;2;1170.9535012;13;1;1;2;1;1;2;2;2;;2;3;2;1;2;2;4;2;5;5;4;;;;50000;;;;;;;;;;1;;;4
20230313;03;2023;7378615;3;3;01;;2;1170.9535012;13;1;1;2;1;1;2;2;2;;2;3;2;1;2;2;3;2;5;5;4;;;;100000;;;;;;;;;;1;;;2
20230313;03;2023;7378616;1;1;01;;2;1038.7523933;13;1;1;2;1;1;2;2;2;;2;1;4;2;2;1;3;6;1;4;1;;;99;50000;;;;;;;;;;1;;;2
20230313;03;2023;7378617;1;1;01;;2;1202.1433637;13;1;1;4;1;1;2;2;2;;2;1;4;2;2;1;2;2;1;4;1;;;25000000;100000;;;;;;;;;;1;;;4
20230313;03;2023;7378619;1;1;01;;2;1140.7812135;13;1;1;2;1;1;2;2;2;;2;1;3;2;2;1;3;6;5;5;1;;;99;50000;;;;;;;;;;1;;;4
20230313;03;2023;7378620;1;1;01;;2;1157.596974;13;1;1;4;1;1;2;2;2;;2;3;3;2;2;2;3;2;5;5;4;;;;450000;;;1;;;;;;;;;;3
20230313;03;2023;7378620;2;2;01;;2;1157.596974;13;1;1;4;1;1;2;2;2;;2;3;2;1;2;2;3;2;5;5;4;;;;100000;;;;;;;;;;1;;;3
20230313;03;2023;7378620;3;3;01;;2;1157.596974;13;1;1;4;1;1;2;2;2;;2;3;2;1;2;2;3;2;5;5;4;;;;100000;;;1;;;;;;;;;;2
20230313;03;2023;7378621;1;1;01;;2;1047.5192901;13;1;1;2;1;1;2;2;2;;2;1;3;1;2;1;3;6;1;4;4;;;;50000;;;;;;;;;;1;;;3
20230313;03;2023;7378622;1;1;01;;2;1227.4551169;13;1;1;4;1;1;2;2;2;;2;1;3;2;2;1;2;2;1;1;1;;;98;100000;;;;;;;;;;1;;;4
20230313;03;2023;7378623;1;1;01;;2;646.8105363;13;1;1;4;1;1;2;2;2;;2;1;3;2;2;1;2;2;1;4;1;;;20000000;200000;;;;;;;;;;1;;;2
20230313;03;2023;7378624;1;1;01;;2;1213.3252133;13;1;1;2;1;1;2;2;2;;2;1;3;1;2;1;3;6;5;5;1;;;12000000;100000;;;;;;;;;;1;;;1
20230313;03;2023;7378625;1;1;01;;2;1038.7523933;13;1;1;4;1;1;2;2;2;;2;1;3;1;2;1;3;6;5;5;1;;;5000000;40000;;;;;;;;;;1;;;2
20230313;03;2023;7378626;1;1;01;;2;912.71071964;13;1;1;4;1;1;2;2;2;;2;1;5;1;2;1;3;2;5;5;4;;;;300000;;;;;;;;;;1;;;4
20230313;03;2023;7378627;1;1;01;;2;1213.3252133;13;1;1;4;1;1;2;2;2;;2;1;3;1;2;1;3;6;6;;4;;;;98;;;;;;;;;;1;;;1
20230313;03;2023;7378628;1;1;01;;2;1027.3880366;44;1;5;4;2;;2;2;2;;2;1;2;1;6;;4;2;5;5;1;;;20000000;100000;;;1;;;;;;;;;;2
20230313;03;2023;7378629;1;1;01;;2;1021.4840546;44;1;5;1;2;;2;2;2;;2;1;2;1;2;1;4;2;1;5;4;;;;98;;;;;;;;;;1;;;6
20230313;03;2023;7378630;1;1;01;;2;1927.2348526;44;1;5;1;2;;2;2;2;;2;1;2;1;2;1;4;2;1;5;4;;;;300000;;;1;;;;;;;;;;1
20230313;03;2023;7378631;1;1;01;;2;1304.6779332;44;1;4;1;2;;2;2;2;;2;1;2;1;2;1;4;2;5;5;1;;;98;98;;;;;;;;;;1;;;1
20230313;03;2023;7378632;1;1;01;;2;1927.2348526;44;1;5;1;2;;2;2;2;;2;1;2;1;2;1;4;2;1;5;1;;;90000000;250000;;;;;;;;;;1;;;1
20230313;03;2023;7378633;1;1;01;;2;1927.2348526;44;1;4;1;2;;2;2;2;;2;1;4;1;2;1;4;2;1;5;4;;;;300000;;;;;;;;;;1;;;1
20230313;03;2023;7378634;1;1;01;;2;1027.3880366;44;1;4;1;2;;2;2;2;;2;1;3;1;2;1;4;2;1;5;1;;;98;98;;;1;;;;;;;;;;2
20230313;03;2023;7378635;1;1;01;;2;1449.6401092;44;1;5;1;2;;2;2;2;;2;1;3;1;2;1;4;2;1;5;4;;;;200000;;;;;;;;;;1;;;2
20230313;03;2023;7378636;1;1;01;;2;1304.6779332;44;1;4;1;2;;2;2;2;;2;1;2;1;2;1;4;2;5;5;1;;;98;98;;;;;;;;;;1;;;1
20230313;03;2023;7378637;1;1;01;;1;520.15319589;44;2;1;2;1;1;1;1;1;1;1;1;3;2;1;2;1;1;1;3;1;;;98;200000;;;;;;;;;;1;;;4
20230313;03;2023;7378638;1;1;01;;1;986.63540744;44;2;1;4;1;1;1;1;1;1;1;1;2;1;1;2;1;1;1;3;3;;;;;150000;;;;;;;;;1;;;4
20230313;03;2023;7378639;1;1;01;;1;773.2796694;44;1;1;2;1;1;1;1;1;1;1;1;3;2;1;1;1;1;1;3;3;;;;;300000;;;;;;;;;1;;;4
20230313;03;2023;7378640;1;1;01;;1;911.85798164;44;2;1;4;1;1;2;1;1;1;1;1;3;2;1;1;1;1;1;4;4;;;;300000;;;;;;;;;;1;;;3
20230313;03;2023;7378641;1;1;01;;1;888.84246234;44;2;1;2;1;1;1;1;1;1;1;1;3;2;1;1;1;1;1;3;4;;;;350000;;;;;;;;;;1;;;3
20230313;03;2023;7378642;1;1;01;;1;1186.8128572;44;2;1;4;1;1;1;1;1;1;1;1;3;2;1;1;1;1;1;3;3;;;;;350000;;1;;;;;;;;;;4
20230313;03;2023;7378643;1;1;01;;1;888.84246234;44;2;1;2;1;1;1;1;1;1;1;1;2;1;1;1;1;1;1;3;4;;;;250000;;;1;;;;;;;;;;3
20230313;03;2023;7378644;1;1;01;;1;913.6938866;44;1;1;4;1;1;1;1;1;1;1;1;3;1;1;1;1;1;2;3;3;;;;;500000;;;;;;;;;1;;;3
20230313;03;2023;7378645;1;1;01;;1;913.6938866;44;1;1;2;1;1;1;1;1;1;1;1;1;1;1;1;1;1;1;3;3;;;;;150000;;;;;;;;;1;;;3
20230313;03;2023;7378646;1;1;01;;1;815.90094149;44;1;1;4;1;1;1;1;1;1;1;1;3;2;1;1;1;1;1;3;3;;;;;300000;;;;;;;;;1;;;2
20230313;03;2023;7378648;1;1;01;;1;611.21052272;44;1;4;4;1;1;1;1;1;1;1;1;2;1;1;1;1;1;1;3;1;;;98;98;;;;;;;;;;1;;;1
20230313;03;2023;7378649;1;1;01;;1;825.98839459;44;1;1;2;1;1;1;1;1;1;1;1;3;2;1;1;1;1;1;3;3;;;;;200000;;1;;;;;;;;;;5
20230313;03;2023;7378650;1;1;01;;1;760.34102583;44;1;1;2;1;1;1;1;1;1;1;1;3;2;1;1;1;1;1;3;3;;;;;300000;;;;;;;;;1;;;4
20230313;03;2023;7378651;1;1;01;;1;1066.4792571;44;2;1;2;1;1;1;1;1;1;1;1;2;1;1;1;1;1;1;3;3;;;;;150000;;1;;;;;;;;;;4
20230313;03;2023;7378652;1;1;01;;1;628.88464524;44;1;1;4;1;1;1;1;1;1;1;1;3;2;1;1;1;1;1;3;1;;;98;250000;;;1;;;;;;;;;;5
20230313;03;2023;7378653;1;1;01;;1;338.86948502;44;1;1;2;1;1;1;1;1;1;1;1;3;2;1;1;1;1;1;3;1;;;98;200000;;;;;;;;;;1;;;4
20230313;03;2023;7378654;1;1;01;;1;519.92440127;44;1;4;2;1;1;1;1;1;1;1;1;2;1;1;1;1;1;1;3;1;;;98;300000;;;;;;;;;;1;;;2
20230313;03;2023;7378655;1;1;01;;1;1088.8455389;44;1;1;2;1;1;2;1;1;1;1;1;2;1;1;1;1;1;1;4;4;;;;150000;;;;;;;;;;1;;;4
20230313;03;2023;7378657;1;1;01;;1;844.5413977;44;1;1;2;1;1;1;1;1;1;1;1;3;2;1;1;1;1;1;3;1;;;98;300000;;;;;;;;;;1;;;4
20230313;03;2023;7378658;1;1;01;;1;694.52374056;44;1;1;4;1;2;1;1;1;1;1;1;4;3;1;1;1;1;1;3;1;;;98;350000;;;1;;;;;;;;;;4
20230313;03;2023;7378659;1;1;01;;1;627.61978072;44;1;1;4;1;2;1;1;1;1;1;1;3;2;1;1;1;1;1;3;1;;;98;300000;;;;;;;;;;1;;;3
20230313;03;2023;7378660;1;1;01;;1;747.03041693;44;2;1;2;1;2;1;1;1;1;1;1;3;2;1;1;1;1;1;3;1;;;98;350000;;;;;;;;;;1;;;3
20230313;03;2023;7378661;1;1;01;;1;913.6938866;44;2;1;4;1;2;1;1;1;1;1;1;3;2;1;1;1;1;1;3;3;;;;;300000;;1;;;;;;;;;;3
20230313;03;2023;7378662;1;1;01;;1;623.98329113;44;2;1;2;1;2;1;1;1;1;1;1;3;2;1;1;1;1;1;3;3;;;;;250000;;;;;;;;;1;;;4
20230313;03;2023;7378663;1;1;01;;1;879.16882261;44;1;1;2;1;2;1;1;1;1;1;1;4;2;1;1;1;1;1;3;3;;;;;300000;;1;;;;;;;;;;5
20230313;03;2023;7378664;1;1;01;;1;679.12280302;44;1;1;4;1;2;1;1;1;1;1;1;4;1;1;1;1;1;1;3;1;;;98;300000;;;;;;;;;;1;;;1
20230313;03;2023;7378665;1;1;01;;1;888.84246234;44;1;1;4;1;2;1;1;1;1;1;1;4;1;1;2;1;1;1;3;4;;;;300000;;;;;;;;;;1;;;3
20230313;03;2023;7378666;1;1;01;;1;577.69377918;44;1;1;2;1;2;1;1;1;1;1;1;2;1;1;1;1;1;1;3;4;;;;300000;;;;;;;;;;1;;;2
20230313;03;2023;7378667;1;1;01;;1;904.4230033;44;1;1;4;1;2;1;1;1;1;1;1;4;1;1;2;1;1;1;3;4;;;;300000;;;1;;;;;;;;;;3
20230313;03;2023;7378668;1;1;01;;1;403.93878748;44;1;4;1;1;0;2;2;1;3;2;1;2;1;2;1;1;8;4;4;3;;;;;80000;;;;;;;;;1;;;5
20230313;03;2023;7378669;1;1;01;;1;322.13461217;44;1;4;1;1;0;2;2;1;3;2;1;2;1;6;;1;8;5;4;1;;;98;200000;;;;;;;;;;1;;;5
20230313;03;2023;7378670;1;1;01;;1;403.1181701;44;1;1;2;1;1;1;1;1;3;1;1;4;3;1;1;1;10;1;3;1;;;98;400000;;;;;;;;;;1;;;4
20230313;03;2023;7378671;1;1;01;;1;340.47983177;44;1;1;4;1;1;1;1;1;3;2;1;3;2;1;1;1;10;1;3;3;;;;;350000;;;;;;;;;1;;;5
20230313;03;2023;7378672;1;1;01;;1;270.65774169;44;1;1;4;1;1;1;1;1;3;1;1;3;1;1;1;1;10;1;3;1;;;120000000;500000;;;;;;;;;;1;;;1
20230313;03;2023;7378673;1;1;01;;1;316.17005148;44;1;1;4;1;1;1;1;1;3;1;1;4;3;1;1;1;10;3;3;1;;;98;600000;;;1;;;;;;;;;;6
20230313;03;2023;7378674;1;1;01;;1;345.06684808;44;1;1;2;1;1;1;1;1;3;1;1;5;2;1;1;1;10;1;3;6;;;;600000;;;1;;;;;;;;;;3
20230313;03;2023;7378675;1;1;01;;1;228.95385767;44;2;1;2;1;1;2;1;1;3;2;1;2;1;1;1;1;9;5;5;4;;;;120000;;;;;;;;;;1;;;1
20230313;03;2023;7378676;1;1;01;;1;139.37853627;44;1;1;2;1;0;2;1;1;3;1;1;3;2;1;1;1;10;4;4;1;;;65000000;300000;;;1;;;;;;;;;;5
20230313;03;2023;7378677;1;1;01;;1;196.07456375;44;1;1;4;1;1;1;1;1;3;1;1;4;3;1;1;1;10;1;3;5;;;;500000;;;1;;;;;;;;;;5
20230313;03;2023;7378678;1;1;01;;1;288.03095142;44;2;1;2;1;1;2;1;1;2;2;1;2;1;1;1;1;9;5;5;4;;;;200000;;;;;;;;;;1;;;4
20230313;03;2023;7378679;1;1;01;;1;156.57771321;44;1;1;2;1;1;2;1;1;3;1;1;3;2;1;1;1;10;1;4;5;;;;300000;;;1;;;;;;;;;;3
20230313;03;2023;7378680;1;1;01;;1;243.87699687;44;4;1;2;1;0;2;1;1;3;2;1;1;1;1;1;1;8;2;4;6;;;;150000;;;;;;;;;;1;;;2
20230313;03;2023;7378681;1;1;01;;1;243.87699687;44;1;1;2;1;1;2;1;1;3;1;1;3;1;1;1;1;10;1;4;3;;;;;350000;;1;;;;;;;;;;2
20230313;03;2023;7378682;1;1;01;;1;357.02051804;44;4;1;2;1;0;2;1;1;3;1;1;1;1;1;1;1;1;6;;3;;;;;60000;;;;;;;;;1;;;1
20230313;03;2023;7378683;1;1;01;;1;328.86502971;44;1;4;1;2;;2;1;1;3;2;1;2;1;1;2;1;8;5;5;6;;;;100000;;;;;;;;;;1;;;6
20230313;03;2023;7378684;1;1;01;;1;317.4699831;44;1;4;1;1;0;2;1;1;3;1;1;1;1;1;1;1;10;2;4;5;;;;150000;;;1;;;;;;;;;;2
20230313;03;2023;7378685;1;1;01;;1;202.99330627;44;5;4;1;1;0;2;1;1;3;1;1;1;1;1;1;1;1;5;5;5;;;;150000;;;;;;;;;;1;;;1
20230313;03;2023;7378687;1;1;01;;1;191.16892596;44;1;1;1;1;0;2;1;1;3;1;1;2;1;1;1;1;10;5;5;3;;;;;300000;;;;;;;;;1;;;4
20230313;03;2023;7378688;1;1;01;;1;351.39342723;44;5;4;1;1;0;2;2;1;3;2;1;1;1;6;;1;10;6;;3;;;;;100000;;;;;;;;;1;;;2
20230313;03;2023;7378689;1;1;01;;1;472.33253764;44;1;4;2;1;0;2;2;1;3;2;1;2;1;2;1;1;10;4;4;3;;;;;70000;;1;;;;;;;;;;1
20230313;03;2023;7378691;1;1;01;;1;1230.9288132;70;1;1;4;1;2;1;1;1;3;1;1;4;3;1;1;1;1;1;3;2;;1000000;120000000;550000;;;;;1;;;1;;;;;5
20230313;03;2023;7378692;1;1;01;;1;774.81709232;70;1;1;4;1;2;1;1;1;3;1;1;4;1;1;1;1;1;1;3;4;;;;800000;;;1;;;;1;1;;;;;2
20230313;03;2023;7378694;1;1;01;;1;1225.4686929;70;2;1;4;1;2;1;1;1;3;1;1;3;2;1;1;1;1;1;3;3;;;;;600000;;1;;;;;;;;;;3
20230313;03;2023;7378695;1;1;01;;1;854.26818025;70;2;1;4;1;3;1;1;1;3;1;1;4;1;1;1;1;1;1;3;1;;;120000000;800000;;;1;;;;;;;;;;1
20230313;03;2023;7378696;1;1;01;;1;323.20005714;70;1;1;4;1;3;1;1;1;3;1;1;5;4;1;1;1;1;1;3;1;;;4500000000;2000000;;;1;;;;1;1;;;;;6
20230313;03;2023;7378697;1;1;01;;1;323.20005714;70;1;1;4;1;2;1;1;1;3;1;1;4;1;1;1;1;1;1;3;6;;;;800000;;;;;;;;;;1;;;2
20230313;03;2023;7378698;1;1;01;;1;741.44429621;70;2;1;4;1;2;1;1;1;3;1;1;3;1;1;1;1;1;1;3;3;;;;;600000;;1;;;;1;;;;;;2
20230313;03;2023;7378699;1;1;01;;1;570.43540007;70;1;1;4;1;2;1;1;1;3;1;1;4;1;1;1;1;1;1;3;1;;;80000000;800000;;;1;;;;1;;;;;;2
20230313;03;2023;7378700;1;1;01;;1;1027.3444118;70;2;1;4;1;2;1;1;1;3;1;1;3;1;1;1;1;1;1;3;3;;;;;600000;;1;;;;;;;;;;1
20230313;03;2023;7378701;1;1;01;;1;689.27696464;70;2;1;4;1;2;1;1;1;3;1;1;4;3;1;1;1;1;1;3;1;;;250000000;650000;;;1;;;;;;;;;;4
20230313;03;2023;7378703;1;1;01;;1;995.64132331;70;2;1;4;1;2;1;1;1;3;1;1;4;1;1;1;1;1;3;3;1;;;80000000;600000;;;1;;;;;;;;;;3
20230313;03;2023;7378704;1;1;01;;1;700.3560908;70;2;1;4;1;2;1;1;1;3;1;1;3;2;1;1;1;1;1;3;3;;;;;600000;;1;;;;;;;;;;2
20230313;03;2023;7378706;1;1;01;;1;657.50042354;70;2;1;4;1;3;1;1;1;3;1;1;3;1;1;1;1;1;1;3;1;;;160000000;700000;;;1;;;;1;;;;;;1
20230313;03;2023;7378707;1;1;01;;1;893.22726583;70;2;1;2;1;1;1;1;1;3;1;1;2;1;1;1;1;1;4;3;1;;;35000000;300000;;;;;;;;;;1;;;4
20230313;03;2023;7378708;1;1;01;;1;900.98597136;70;1;4;1;1;1;1;2;1;3;1;1;2;1;2;1;1;1;4;1;1;;;15000000;80000;;;;;;;;;;1;;;1
20230313;03;2023;7378709;1;1;01;;1;959.26316393;70;1;1;4;1;1;1;1;1;3;1;1;2;1;1;1;1;1;1;3;1;;;3000000000;200000;;;1;;;;;;;;;;5
20230313;03;2023;7378710;1;1;01;;1;893.22726583;70;1;1;2;1;1;1;1;1;3;1;1;2;1;1;1;1;1;1;3;1;;;20000000;300000;;;;;;;;;;1;;;4
20230313;03;2023;7378711;1;1;01;;1;340.87506027;70;1;1;4;1;1;1;1;1;3;1;1;4;2;1;1;1;1;1;3;1;;;38000000;400000;;;;;;;;;;1;;;5
20230313;03;2023;7378712;1;1;01;;1;340.87506027;70;1;1;2;1;1;2;1;1;3;1;1;3;2;1;1;1;1;5;5;1;;;30000000;200000;;;;;;;;;;1;;;3
20230313;03;2023;7378713;1;1;01;;1;917.59004085;70;1;1;2;1;1;1;1;1;3;1;1;2;1;1;1;1;1;1;3;1;;;15000000;200000;;;;;;;;;;1;;;5
20230313;03;2023;7378714;1;1;01;;1;907.3327438;70;1;1;2;1;1;2;1;1;3;1;1;2;1;1;1;1;1;4;4;5;;;;200000;;;;;;;;;;1;;;4
20230313;03;2023;7378715;1;1;01;;1;694.96930534;70;1;1;2;1;1;1;1;1;3;1;1;3;1;1;1;1;1;4;3;5;;;;300000;;;;;;;;;;1;;;2
20230313;03;2023;7378716;1;1;01;;1;870.52658437;70;1;1;1;1;1;1;1;1;3;1;1;3;2;1;1;1;1;1;3;4;;;;250000;;;;;;;;;;1;;;3
20230313;03;2023;7378717;1;1;01;;1;830.87694889;70;1;4;1;1;1;1;1;1;3;1;1;3;2;1;1;1;1;1;3;5;;;;200000;;;;;;;;;;1;;;5
20230313;03;2023;7378718;1;1;01;;1;759.49337606;70;1;1;1;1;1;2;1;1;3;1;1;2;1;1;1;1;1;1;4;5;;;;150000;;;;;;;;;;1;;;2
20230313;03;2023;7378721;1;1;01;;1;892.83661581;70;1;7;1;1;1;2;2;1;3;1;1;2;1;5;1;1;1;5;5;5;;;;150000;;;;;;;;;;1;;;5
20230313;03;2023;7378722;1;1;01;;1;371.86370211;70;1;1;2;1;1;1;2;1;3;1;1;5;4;5;1;1;1;1;3;5;;;;100000;;;;;;;;;;1;;;6
20230313;03;2023;7378723;1;1;01;;1;855.11580118;70;1;1;2;1;1;1;2;1;3;1;1;2;1;5;1;1;1;1;3;5;;;;150000;;;;;;;;;;1;;;3
20230313;03;2023;7378724;1;1;01;;1;872.44230579;70;2;1;2;1;1;2;2;1;3;1;1;3;2;5;1;1;1;1;4;3;;;;;150000;;;;;;;;;1;;;5
20230313;03;2023;7378725;1;1;01;;1;699.6703179;70;2;1;2;1;1;1;2;1;3;1;1;3;2;5;1;1;1;3;3;3;;;;;150000;;;;;;;;;1;;;3
20230313;03;2023;7378726;1;1;01;;1;570.54713162;70;1;4;2;1;1;1;2;1;3;1;1;3;1;5;1;1;1;1;3;5;;;;100000;;;;;;;;;;1;;;2
20230313;03;2023;7378727;1;1;01;;1;997.16053894;70;1;1;2;1;1;1;2;1;3;1;1;2;1;5;1;1;1;1;3;3;;;;;120000;;;;;;;;;1;;;4
20230313;03;2023;7378728;1;1;01;;1;420.37613385;70;2;1;2;1;0;1;2;1;3;1;1;3;2;5;1;1;1;1;3;5;;;;150000;;;;;;;;;;1;;;4
20230313;03;2023;7378729;1;1;01;;1;815.79093838;70;1;8;1;1;1;1;2;1;3;1;1;2;1;5;1;1;1;1;3;5;;;;100000;;;;;;;;;;1;;;4
20230313;03;2023;7378730;1;1;01;;1;1100.9189494;70;1;4;1;1;1;1;2;1;3;1;1;3;2;2;1;1;1;1;3;4;;;;100000;;;;;;;;;;1;;;5
20230313;03;2023;7378732;1;1;01;;1;805.80743402;70;1;1;2;1;1;2;2;1;3;1;1;3;2;5;1;1;1;1;4;3;;;;;180000;;;;;;;;;1;;;2
20230313;03;2023;7378733;1;1;01;;1;454.50008036;70;1;1;2;1;1;1;1;1;3;1;1;3;2;1;1;1;1;1;3;5;;;;250000;;;;;;;;;;1;;;5
20230313;03;2023;7378734;1;1;01;;1;984.87575269;70;1;1;4;1;1;1;1;1;3;1;1;3;2;1;1;1;1;1;3;3;;;;;350000;;;;;;;;;1;;;2
20230313;03;2023;7378735;1;1;01;;1;454.50008036;70;1;1;4;1;1;1;1;1;3;1;1;4;3;1;1;1;1;1;3;4;;;;500000;;;;;;;;;;1;;;5
20230313;03;2023;7378736;1;1;01;;1;656.99223557;70;2;1;2;1;1;1;1;1;3;1;1;3;2;1;1;1;1;4;3;4;;;;300000;;;;;;;;;;1;;;5
20230313;03;2023;7378737;1;1;01;;1;525.47012347;70;1;1;2;1;1;2;1;1;3;1;1;2;1;1;1;1;1;5;1;4;;;;200000;;;;;;;;;;1;;;2
20230313;03;2023;7378739;1;1;01;;1;1012.6578347;70;1;1;4;1;1;1;1;1;3;1;1;2;1;1;1;1;1;1;3;4;;;;150000;;;;;;;;;;1;;;2
20230313;03;2023;7378741;1;1;01;;1;1031.4651387;70;1;1;2;1;1;1;1;1;3;1;1;3;1;1;1;1;1;1;3;3;;;;;250000;;;;;;;;;1;;;2
20230313;03;2023;7378743;1;1;01;;1;1201.3146285;70;1;1;1;1;1;1;1;1;3;1;1;2;1;1;1;1;1;1;3;3;;;;;150000;;;;;;;;;1;;;1
20230313;03;2023;7378744;1;1;01;;1;890.22264548;70;1;1;4;1;2;1;1;1;3;1;1;3;2;1;1;1;1;1;3;3;;;;;500000;;1;;;;;;;;;;3
20230313;03;2023;7378745;1;1;01;;1;1031.4651387;70;2;1;4;1;2;1;1;1;3;1;1;2;1;1;1;1;1;1;3;3;;;;;100000;;;;;;;;;1;;;2
20230313;03;2023;7378746;1;1;01;;1;819.77057236;70;1;1;4;1;2;1;1;1;3;1;1;3;1;1;1;1;1;1;3;4;;;;450000;;;;;;;;;;1;;;1
20230313;03;2023;7378747;1;1;01;;1;538.67679616;70;2;1;4;1;2;1;1;1;3;1;1;3;3;1;1;1;1;3;3;1;;;120000000;600000;;;;;;;;;;1;;;3
20230313;03;2023;7378748;1;1;01;;1;697.33538309;70;2;4;2;1;2;1;1;1;3;1;1;3;2;1;1;1;1;1;3;4;;;;350000;;;;;;;;;;1;;;2
20230313;03;2023;7378749;1;1;01;;1;1218.7517698;70;1;1;4;1;2;1;1;1;3;1;1;3;2;1;1;1;1;1;3;4;;;;450000;;;;;;;1;;;;;;4
20230313;03;2023;7378750;1;1;01;;1;622.33554197;70;1;1;4;1;2;1;1;1;3;1;1;5;4;1;1;1;1;1;3;1;;;200000000;1000000;;;1;;;;;1;;;;;6
20230313;03;2023;7378753;1;1;01;;1;525.47012347;70;2;1;2;1;2;1;1;1;3;1;1;2;1;1;1;1;1;1;3;4;;;;300000;;;1;;;;;;;;;;2
20230313;03;2023;7378754;1;1;01;;1;527.48589331;70;2;1;4;1;2;1;1;1;3;1;1;3;2;1;1;1;1;1;3;3;;;;;400000;;;;;;;;;1;;;3
20230313;03;2023;7378755;1;1;01;;2;785.18469593;70;1;4;4;1;1;2;2;2;;1;1;3;3;2;1;3;1;5;5;5;;;;200000;;;;;;;;;;1;;;7
20230313;03;2023;7378756;1;1;01;;2;1800.1485293;70;1;4;2;1;1;2;2;2;;1;1;5;1;2;1;3;1;5;5;5;;;;200000;;;;;;;;;;1;;;2
20230313;03;2023;7378757;1;1;01;;2;1120.9168259;70;1;1;4;1;1;2;2;2;;1;1;4;1;2;1;4;1;1;4;5;;;;120000;;;;;;;;;;1;;;2
20230313;03;2023;7378758;1;1;01;;2;2344.8758307;70;1;1;4;1;1;2;2;2;;1;1;4;3;2;1;4;1;1;4;5;;;;200000;;;;;;;;;;1;;;6
20230313;03;2023;7378759;1;1;01;;2;1144.063567;70;1;4;2;1;1;2;2;2;;1;1;3;2;2;1;4;1;5;5;4;;;;150000;;;;;;;;;;1;;;4
20230313;03;2023;7378760;1;1;01;;2;1120.9168259;70;1;4;1;1;1;2;2;2;;1;1;3;1;6;;3;1;5;5;4;;;;100000;;;;;;;;;;1;;;2
20230313;03;2023;7378762;1;1;01;;2;1120.9168259;70;1;1;2;1;1;2;2;2;;1;1;3;2;2;1;4;1;1;4;5;;;;100000;;;;;;;;;;1;;;2
20230313;03;2023;7378763;1;1;01;;2;2166.7205512;70;1;4;2;1;1;2;2;2;;1;1;3;2;2;1;2;1;5;5;4;;;;150000;;;;;;;;;;1;;;3
20230313;03;2023;7378764;1;1;01;;2;1122.7963401;70;1;1;4;1;1;1;2;1;2;1;1;4;2;2;1;1;1;1;3;1;;;50000000;300000;;;;;;;;;;1;;;4
20230313;03;2023;7378766;1;1;01;;2;1385.5396308;70;1;1;2;1;1;2;2;1;2;2;1;3;2;2;1;1;2;3;4;3;;;;;200000;;;;;;;;;1;;;4
20230313;03;2023;7378767;1;1;01;;2;628.14775675;70;1;1;2;1;1;2;2;1;2;1;1;3;3;2;1;1;1;5;5;5;;;;200000;;;;;;;;;;1;;;5
20230313;03;2023;7378768;1;1;01;;2;836.36293612;70;1;1;2;1;1;1;2;1;2;1;1;3;2;2;1;1;1;1;3;5;;;;250000;;;;;;;;;;1;;;4
20230313;03;2023;7378769;1;1;01;;2;1635.0013628;70;1;1;2;1;1;1;2;1;3;1;1;2;1;2;1;1;1;1;3;5;;;;100000;;;;;;;;;;1;;;5
20230313;03;2023;7378770;1;1;01;;2;1546.4788115;70;1;1;1;1;1;2;2;1;2;1;1;2;1;6;;1;1;5;5;4;;;;150000;;;;;;;;;;1;;;4
20230313;03;2023;7378771;1;1;01;;2;1138.7599588;70;1;1;2;1;1;2;2;1;2;1;1;2;1;2;1;1;1;5;5;4;;;;200000;;;;;;;;;;1;;;1
20230313;03;2023;7378772;1;1;01;;2;1590.5255213;70;1;1;2;1;1;1;2;1;3;1;1;2;1;2;1;1;1;1;3;4;;;;200000;;;;;;;;;;1;;;4
20230313;03;2023;7378773;1;1;01;;2;1313.5917187;70;1;1;2;1;1;2;2;1;2;1;1;3;1;2;1;1;1;6;;5;;;;200000;;;;;;;;;;1;;;1
20230313;03;2023;7378775;1;1;01;;1;932.55709444;70;2;1;2;1;1;2;2;2;;1;1;2;1;2;1;4;1;4;4;4;;;;100000;;;1;;;;;;;;;;1
20230313;03;2023;7378776;1;1;01;;1;752.04875982;70;1;1;2;1;1;2;2;2;;1;1;6;2;2;1;3;1;1;4;1;;;20000000;250000;;;1;;;;1;;;;;;4
20230313;03;2023;7378777;1;1;01;;1;598.03998225;70;1;1;2;1;1;2;2;2;;1;1;4;3;2;1;2;1;3;4;3;;;;;150000;;1;;;;;;;;;;1
20230313;03;2023;7378778;1;1;01;;1;674.39246861;70;2;1;2;1;1;2;2;2;;1;1;4;2;2;1;3;1;1;4;3;;;;;250000;;;;;;1;;;;;;2
20230313;03;2023;7378779;1;1;01;;1;718.15860358;70;1;1;2;1;1;2;2;2;;1;1;3;2;2;1;3;1;3;1;1;;;45000000;300000;;;1;;;;;;;;;;6
20230313;03;2023;7378781;1;1;01;;2;921.20838038;70;1;4;1;1;1;2;2;2;;1;1;3;1;6;;4;1;5;5;1;;;30000000;300000;;;;;;;;;;1;;;2
20230313;03;2023;7378782;1;1;01;;2;849.55615108;70;1;4;1;1;1;2;2;2;;1;1;5;2;2;1;4;1;5;4;1;;;12000000;300000;;;1;;;;;;;;;;5
20230313;03;2023;7378783;1;1;01;;2;543.82798754;70;1;5;1;1;1;2;2;2;;1;1;3;2;2;1;4;1;5;4;4;;;;100000;;;;;;;1;;;;;;2
20230313;03;2023;7378784;1;1;01;;2;770.22153927;70;1;4;1;1;1;2;2;2;;1;1;6;4;2;1;3;1;5;5;1;;;13000000;150000;;;;;;;;;;1;;;6
20230313;03;2023;7378785;1;1;01;;2;756.16266764;70;1;5;1;1;1;2;2;2;;1;1;3;1;2;1;4;1;5;5;1;;;25000000;150000;;;;;;;;;;1;;;2
20230313;03;2023;7378786;1;1;01;;2;882.98929816;70;1;5;1;1;1;2;2;2;;1;1;2;2;6;;4;1;4;5;5;;;;100000;;;;;;;;;;1;;;5
20230313;03;2023;7378787;1;1;01;;2;380.94299519;70;1;5;1;1;1;2;2;2;;1;1;5;3;6;;4;1;5;5;1;;;25000000;300000;;;;;;;;;;1;;;6
20230313;03;2023;7378788;1;1;01;;2;844.47545607;70;1;5;1;1;1;2;2;2;;1;1;2;1;6;;4;1;5;4;3;;;;;100000;;;;;;;;;1;;;1
20230313;03;2023;7378789;1;1;01;;2;605.80189142;70;1;5;1;1;1;2;2;2;;1;1;5;3;6;;4;1;5;5;4;;;;300000;;;;;;;;;;1;;;7
20230313;03;2023;7378790;1;1;01;;2;991.55383362;70;1;5;1;1;1;2;2;2;;1;1;3;2;2;1;4;1;5;1;3;;;;;300000;;;;;;;;;1;;;5
20230313;03;2023;7378791;1;1;01;;1;741.68793653;70;2;1;4;1;1;2;2;1;2;1;1;4;1;2;1;1;1;1;4;1;;;24000000;300000;;;;;;;;;;1;;;2
20230313;03;2023;7378792;1;1;01;;1;704.26996656;70;2;1;2;1;1;2;2;1;2;1;1;3;2;2;1;1;1;1;4;3;;;;;200000;;;;;;;;;1;;;6
20230313;03;2023;7378793;1;1;01;;1;750.64533678;70;1;1;2;1;1;2;2;1;2;1;1;5;2;2;1;1;1;4;4;1;;;70000000;500000;;;1;;;;;;;;;;2
20230313;03;2023;7378794;1;1;01;;1;1045.98597;70;1;1;4;1;1;2;2;1;2;1;1;5;2;2;1;1;1;1;4;1;;;40000000;300000;;;1;;;;;;;;;;5
20230313;03;2023;7378795;1;1;01;;1;1154.0394044;70;1;1;2;1;1;2;2;1;2;1;1;5;1;2;1;1;1;1;4;1;;;40000000;500000;;;1;;;;;;;;;;1
20230313;03;2023;7378797;1;1;01;;2;620.61457874;70;1;4;1;1;1;2;2;2;;2;1;2;1;6;;4;4;5;5;5;;;;100000;;;;;;;;;;1;;;5
20230313;03;2023;7378798;1;1;01;;2;1245.9859217;70;1;4;1;2;;2;2;2;;2;1;2;1;6;;4;4;5;5;5;;;;120000;;;;;;;;;;1;;;2
20230313;03;2023;7378799;1;1;01;;2;796.63352835;70;1;4;1;1;1;2;2;2;;1;1;3;1;6;;4;1;5;1;1;;;25000000;100000;;;1;;;;;;;;;;1
20230313;03;2023;7378800;1;1;01;;2;673.8334436;70;1;4;1;1;1;2;2;2;;1;1;3;2;6;;4;1;5;5;4;;;;100000;;;;;;;;;;1;;;3
20230313;03;2023;7378801;1;1;01;;2;543.82798754;70;1;4;1;1;1;2;2;2;;1;1;2;1;6;;3;1;5;5;4;;;;100000;;;;;;;;;;1;;;2
20230313;03;2023;7378802;1;1;01;;2;1091.7080658;70;1;1;2;1;1;2;2;2;;1;1;5;2;2;1;4;1;5;4;1;;;13000000;300000;;;;;;;;;;1;;;2
20230313;03;2023;7378803;1;1;01;;2;1052.7419247;70;1;4;1;1;1;2;2;2;;1;1;5;3;6;;4;1;5;1;1;;;18000000;100000;;;;;;;;;;1;;;7
20230313;03;2023;7378804;1;1;01;;2;1198.9383226;70;1;5;1;1;1;2;2;2;;1;1;4;3;2;1;4;1;4;1;1;;;15000000;200000;;;;;;;;;;1;;;4
20230313;03;2023;7378805;1;1;01;;2;745.22380739;70;1;5;2;1;1;2;2;2;;1;1;4;3;2;1;4;1;4;1;1;;;20000000;200000;;;1;;;;1;;;;;;4
20230313;03;2023;7378806;1;1;01;;2;679.78498443;70;1;1;2;1;1;2;2;2;;1;1;4;2;2;1;4;1;4;4;1;;;20000000;150000;;;;;;;;;;1;;;2
20230313;03;2023;7378807;1;1;01;;1;613.03676693;70;1;1;1;1;1;2;2;1;2;1;1;2;1;6;;4;1;5;4;1;;;35000000;200000;;;;;;;;;;1;;;3
20230313;03;2023;7378808;1;1;01;;1;497.48123066;70;1;1;1;1;1;2;2;1;2;1;1;4;3;6;;1;1;5;5;5;;;;300000;;;;;;;;;;1;;;7
20230313;03;2023;7378809;1;1;01;;1;915.76559166;70;1;1;2;1;1;2;2;1;2;1;1;4;1;2;1;1;1;4;4;1;;;35000000;250000;;;;;;;;;;1;;;1
20230313;03;2023;7378810;1;1;01;;1;840.76047393;70;1;1;1;1;1;2;2;1;2;1;1;1;1;6;;1;1;5;4;1;;;30000000;150000;;;;;;;;;;1;;;3
20230313;03;2023;7378812;1;1;01;;1;791.72249276;70;1;1;2;1;1;2;2;1;2;1;1;5;2;2;1;1;1;4;4;4;;;;500000;;;;;;;;;;1;;;3
20230313;03;2023;7378813;1;1;01;;1;713.41682976;70;1;1;2;1;1;2;2;1;2;1;1;3;1;2;1;1;1;3;4;1;;;30000000;300000;;;1;;;;;;;;;;2
20230313;03;2023;7378815;1;1;01;;2;1048.666029;70;1;1;2;1;1;2;2;2;;1;1;6;4;2;1;4;1;3;4;1;;;23000000;120000;;;1;;;;;;;;;;5
20230313;03;2023;7378816;1;1;01;;2;1157.1468888;70;1;5;1;1;1;2;2;2;;1;1;4;3;6;;4;1;5;1;1;;;20000000;100000;;;;;;;1;;;;;;4
20230313;03;2023;7378817;1;1;01;;2;890.342313;70;1;4;1;1;1;2;2;2;;1;1;5;4;6;;4;1;5;4;1;;;25000000;100000;;;;;;;1;;;;;;6
20230313;03;2023;7378818;1;1;01;;2;538.10386326;70;1;1;2;1;1;2;2;2;;1;1;3;1;2;1;4;1;5;4;1;;;25000000;100000;;;;;;;1;;;;;;3
20230313;03;2023;7378821;1;1;01;;1;1282.2660049;70;1;1;2;1;1;2;2;1;2;1;1;3;1;2;1;1;1;3;4;3;;;;;350000;;1;;;;;;;;;;1
20230313;03;2023;7378822;1;1;01;;2;351.12288591;11;1;1;4;1;2;1;1;1;3;1;1;3;2;1;1;1;1;1;3;1;;;98;500000;;;;;;;1;;;;;;3
20230313;03;2023;7378823;1;1;01;;2;337.74986598;11;1;1;2;1;2;1;1;1;3;1;1;2;1;1;1;1;1;1;3;3;;;;;300000;;1;;;;;;;;;;2
20230313;03;2023;7378824;1;1;01;;2;817.82480003;11;1;1;4;1;2;1;1;1;3;1;1;4;3;1;1;1;1;1;3;1;;;50000000;400000;;;;;;;;;;1;;;6
20230313;03;2023;7378826;1;1;01;;2;261.39147376;11;2;1;4;1;2;1;1;1;3;1;1;3;1;1;1;1;1;1;3;3;;;;;300000;;;;;;;;;1;;;2
20230313;03;2023;7378827;1;1;01;;2;561.4323974;11;1;1;4;1;2;1;1;1;3;1;1;3;2;1;1;1;1;1;5;4;;;;400000;;;;;;;;;;1;;;4
20230313;03;2023;7378828;1;1;01;;2;329.45938606;11;2;1;4;1;2;1;1;1;3;1;1;3;1;1;1;1;1;1;3;3;;;;;350000;;1;;;;;;;;;;3
20230313;03;2023;7378829;1;1;01;;2;630.64840396;11;2;1;4;1;2;1;1;1;3;1;1;3;2;1;1;1;1;1;3;3;;;;;300000;;1;;;;1;1;;;;;4
20230313;03;2023;7378830;1;1;01;;2;233.5151599;11;1;1;2;1;2;1;1;1;2;1;1;3;1;1;1;1;1;1;3;3;;;;;400000;;1;;;;;;;;;;1
20230313;03;2023;7378831;1;1;01;;1;1883.3440925;25;1;1;4;1;2;1;1;1;3;1;1;3;1;1;1;1;1;1;3;3;;;;;900000;;1;;1;;;1;;;;;4
20230313;03;2023;7378833;1;1;01;;1;1419.7401754;25;2;1;4;1;2;1;1;1;3;1;1;3;1;1;1;1;1;1;3;1;;;180000000;700000;;;1;;;;;1;;;;;1
20230313;03;2023;7378834;1;1;01;;1;2511.1484146;25;2;1;4;1;2;1;1;1;3;1;1;3;1;1;1;1;1;1;3;3;;;;;850000;;1;;;;;;;;;;3
20230313;03;2023;7378835;1;1;01;;1;2750.0122153;25;2;1;4;1;2;1;1;1;3;1;1;4;3;1;1;1;1;1;3;2;;300000;180000000;1000000;;;1;;;;;1;;;;;5
20230313;03;2023;7378836;1;1;01;;1;2659.1344061;25;1;1;4;1;2;1;1;1;3;1;1;5;3;1;1;1;1;1;3;1;;;98;700000;;;1;;;;;;;;;;3
20230313;03;2023;7378837;1;1;01;;1;2463.8112867;25;1;1;4;1;2;1;1;1;3;1;1;4;3;1;1;1;1;3;3;1;;;98;1000000;;;1;;;;;;;;;;5
20230313;03;2023;7378838;1;1;01;;1;3228.6193903;25;1;1;4;1;2;1;1;1;3;1;1;4;2;1;1;1;1;1;3;1;;;200000000;1500000;;;1;;;;;;;;;;3
20230313;03;2023;7378840;1;1;01;;1;2310.7244728;25;2;1;4;1;2;1;1;1;3;1;1;3;2;1;1;1;1;1;3;2;;350000;150000000;600000;;;1;;1;;;1;;;;;4
20230313;03;2023;7378841;1;1;01;;1;3148.289983;25;1;1;4;1;2;1;1;1;2;1;1;3;2;1;1;1;1;1;3;4;;;;350000;;;;;;;;;;1;;;3
20230313;03;2023;7378842;1;1;01;;1;3004.3108932;25;1;1;4;1;2;1;1;1;2;1;1;4;2;1;1;1;1;1;3;2;;500000;80000000;350000;;;1;;1;;;;;;;;2
20230313;03;2023;7378843;1;1;01;;1;3318.9531865;25;1;1;2;1;2;1;1;1;2;1;1;4;3;1;1;1;1;1;3;1;;;99;500000;;;;;;;;;;1;;;3
20230313;03;2023;7378844;1;1;01;;1;3499.0772048;25;1;1;4;1;1;1;1;1;2;1;1;3;3;1;1;1;1;1;3;3;;;;;350000;;;;;;;;;;1;;4
20230313;03;2023;7378845;1;1;01;;1;2032.6675394;25;1;1;2;1;1;1;1;1;2;1;1;4;2;1;1;1;1;1;3;3;;;;;150000;;1;;;;;;;;;;4
20230313;03;2023;7378846;1;1;01;;1;3703.0070803;25;1;1;4;1;1;1;1;1;2;1;1;3;2;1;1;1;1;1;3;1;;;99;400000;;;;;;;;;;1;;;3
20230313;03;2023;7378847;1;1;01;;1;3023.2132482;25;1;1;4;1;1;1;1;1;2;1;1;4;2;1;1;1;1;1;3;4;;;;99;;;;;;;;;;1;;;2
20230313;03;2023;7378848;1;1;01;;1;3152.8657665;25;1;1;4;1;1;1;1;1;2;1;1;4;3;1;1;1;1;1;3;1;;;99;99;;;1;;;;1;;;;;;3
20230313;03;2023;7378849;1;1;01;;1;2888.3426525;25;1;1;4;1;2;1;1;1;2;1;1;3;3;1;1;1;1;1;3;3;;;;;500000;;;;;;;;;1;;;3
20230313;03;2023;7378850;1;1;01;;2;3557.2860883;25;1;1;4;1;2;1;1;1;2;1;1;4;3;1;1;1;1;1;3;3;;;;;350000;;;;;;;;;1;;;5
20230313;03;2023;7378852;1;1;01;;2;1407.9734094;25;1;1;4;1;2;1;1;1;2;1;1;2;1;1;1;1;1;1;3;3;;;;;350000;;1;;;;;;;;;;2
20230313;03;2023;7378853;1;1;01;;2;2036.4537811;25;1;1;4;1;2;1;1;1;2;1;1;4;1;1;1;1;1;1;3;1;;;99;200000;;;1;;;;;;;;;;2
20230313;03;2023;7378854;1;1;01;;2;3330.013051;25;1;1;2;2;;2;2;2;;2;1;2;1;2;1;4;6;5;5;4;;;;150000;;;;;;;;;;1;;;1
20230313;03;2023;7378855;1;1;01;;2;3330.013051;25;1;1;2;2;;2;2;2;;2;1;6;1;3;1;4;6;1;5;4;;;;500000;;;;;;;;;;1;;;1
20230313;03;2023;7378856;1;1;01;;2;1407.9734094;25;1;1;1;2;;2;2;2;;2;1;3;2;2;1;4;6;1;5;4;;;;250000;;;;;;;;;;1;;;3
20230313;03;2023;7378857;1;1;01;;2;3385.1416202;25;1;1;2;2;;2;2;2;;2;1;3;2;2;1;4;4;1;5;4;;;;150000;;;;;;;;;;1;;;4
20230313;03;2023;7378858;1;1;01;;2;2706.5665749;25;1;1;4;1;2;1;1;1;2;1;1;4;3;1;1;1;1;1;3;3;;;;;500000;;1;;;;;;;;;;4
20230313;03;2023;7378861;1;1;01;;2;4522.5777006;25;1;1;2;1;2;1;1;1;2;1;1;3;2;1;1;1;1;1;3;3;;;;;160000;;1;;;;;;;;;;5
20230313;03;2023;7378862;1;1;01;;2;2173.0696725;25;4;5;1;2;;2;2;2;;1;1;1;1;2;1;2;1;1;5;1;;;50000000;100000;;;;;;;;;;1;;;1
20230313;03;2023;7378863;1;1;01;;2;4336.1752951;25;1;1;2;2;;2;2;2;;1;1;3;2;2;1;4;2;1;5;4;;;;99;;;1;;;;;;;;;;6
20230313;03;2023;7378864;1;1;01;;2;1810.1811388;25;1;1;2;2;;2;2;2;;1;1;1;1;2;1;5;1;1;5;4;;;;180000;;;;;;;;;;1;;;2
20230313;03;2023;7378865;1;1;01;;2;2597.1230672;25;1;1;1;2;;2;2;2;;1;1;3;1;2;1;4;2;5;5;4;;;;99;;;;;;;;;;1;;;2
20230313;03;2023;7378866;1;1;01;;1;384.22695057;18;1;1;2;1;1;1;1;1;2;1;1;4;1;1;1;1;1;1;3;4;;;;350000;;;1;;;;;;;;;;1
20230313;03;2023;7378867;1;1;01;;1;330.08544234;18;1;1;2;1;1;1;1;1;2;1;1;4;1;1;1;1;1;1;3;1;;;35000000;300000;;;1;;;;;;;;;;1
20230313;03;2023;7378868;1;1;01;;1;671.22976176;18;2;1;4;1;1;1;1;1;2;1;1;2;1;1;1;1;1;1;3;3;;;;;250000;;;;;;;;;1;;;3
20230313;03;2023;7378869;1;1;01;;1;490.64580613;18;2;1;4;1;1;1;1;1;2;1;1;3;2;1;1;1;1;1;3;3;;;;;300000;;;;;;;;;1;;;3
20230313;03;2023;7378870;1;1;01;;1;521.98094355;18;1;1;2;1;1;1;1;1;2;1;1;4;2;1;1;1;1;1;3;1;;;60000000;400000;;;;;;;;;;1;;;2
20230313;03;2023;7378871;1;1;01;;1;330.08544234;18;1;1;2;1;1;1;1;1;2;1;1;3;1;1;1;1;1;1;3;5;;;;400000;;;;;;;;;;1;;;1
20230313;03;2023;7378872;1;1;01;;1;299.06880833;18;2;5;2;1;1;1;1;1;2;1;1;3;1;1;1;1;1;3;3;5;;;;150000;;;;;;;;;;1;;;2
20230313;03;2023;7378873;1;1;01;;1;384.22695057;18;1;1;2;1;1;1;1;1;2;1;1;3;1;1;1;1;1;1;3;1;;;30000000;100000;;;;;;;;;;1;;;1
20230313;03;2023;7378874;1;1;01;;1;602.31873764;18;2;1;4;1;1;1;1;1;2;1;1;3;2;1;1;1;1;1;3;3;;;;;300000;;1;;;;;;;;;;3
20230313;03;2023;7378875;1;1;01;;1;625.55883626;18;1;1;4;1;1;1;1;1;2;1;1;3;2;1;1;1;1;1;3;3;;;;;320000;;1;;;1;;;;;;;4
20230313;03;2023;7378876;1;1;01;;2;293.91950707;18;1;1;2;1;1;1;1;1;8;2;1;4;1;1;1;1;2;1;3;1;;;15000000;100000;;;1;;;;;;;;;;2
20230313;03;2023;7378877;1;1;01;;2;420.78704869;18;1;1;2;1;1;1;1;1;8;2;1;5;3;1;1;1;2;1;3;1;;;35000000;180000;;;1;;;;;;;;;;5
20230313;03;2023;7378878;1;1;01;;2;275.55775888;18;1;1;2;1;1;1;1;1;8;2;1;5;2;1;1;1;2;1;3;3;;;;;60000;;;;;;;;;1;;;2
20230313;03;2023;7378879;1;1;01;;2;531.91214538;18;1;1;2;1;1;1;1;1;8;2;1;4;3;1;1;1;2;1;4;3;;;;;100000;;;;;;;;;1;;;6
20230313;03;2023;7378880;1;1;01;;2;459.677484;18;1;1;4;1;1;1;1;1;8;2;1;3;2;1;1;1;2;1;3;1;;;40000000;200000;;;;;;;;;;1;;;4
20230313;03;2023;7378881;1;1;01;;2;515.88391253;18;1;1;2;1;1;1;1;1;8;2;1;4;3;1;1;1;2;1;3;1;;;30000000;200000;;;;;;;;;;1;;;5
20230313;03;2023;7378882;1;1;01;;2;348.55238731;18;1;1;4;1;1;1;1;1;8;2;1;3;1;1;1;1;2;1;3;1;;;50000000;200000;;;1;;1;;;;;;;;3
20230313;03;2023;7378883;1;1;01;;2;231.38282491;18;1;1;2;1;1;1;1;1;8;2;1;3;1;1;1;1;2;3;3;4;;;;250000;;;1;;;;;;;;;;2
20230313;03;2023;7378884;1;1;01;;2;354.68187497;18;1;1;2;1;1;1;1;1;8;2;1;2;1;1;1;1;2;1;3;4;;;;100000;;;;;;;;;;1;;;3
20230313;03;2023;7378885;1;1;01;;2;449.30455965;18;1;1;2;1;1;1;1;1;8;2;1;1;1;1;1;1;2;2;3;1;;;10000000;100000;;;;;;;;;;1;;;3
20230313;03;2023;7378886;1;1;01;;2;507.53726813;18;1;1;2;1;1;1;1;1;8;2;1;3;1;1;1;1;2;2;3;4;;;;150000;;;;;;;;;;1;;;3
20230313;03;2023;7378887;1;1;01;;2;200.54999288;18;1;1;2;1;1;1;1;1;8;2;1;3;2;1;1;1;2;1;3;5;;;;250000;;;;;;;;;;1;;;2
20230313;03;2023;7378888;1;1;01;;2;446.92061226;18;1;1;2;1;1;2;2;2;;2;1;4;3;2;1;4;3;1;4;4;;;;80000;;;;;;;;;;1;;;5
20230313;03;2023;7378889;1;1;01;;2;354.68187497;18;1;1;2;1;1;2;2;2;;2;1;4;2;2;1;4;3;1;5;4;;;;70000;;;;;;;;;;1;;;3
20230313;03;2023;7378890;1;1;01;;2;247.36871504;18;1;1;2;1;1;2;2;2;;2;1;3;1;2;1;4;3;1;4;4;;;;50000;;;;;;;;;;1;;;1
20230313;03;2023;7378891;1;1;01;;2;231.38282491;18;1;5;2;1;1;2;2;2;;2;1;4;1;2;1;4;3;5;5;4;;;;100000;;;;;;;;;;1;;;2
20230313;03;2023;7378892;1;1;01;;2;247.36871504;18;1;1;2;1;1;2;2;2;;2;1;3;1;2;1;4;3;1;5;1;;;5000000;100000;;;;;;;;;;1;;;1
20230313;03;2023;7378893;1;1;01;;2;576.93206834;18;1;5;2;1;1;2;2;2;;2;1;3;2;2;1;4;3;1;5;1;;;5000000;100000;;;;;;;;;;1;;;5
20230313;03;2023;7378894;1;1;01;;2;182.95619639;18;1;1;4;1;1;2;2;2;;2;1;3;1;2;1;4;3;1;4;1;;;20000000;200000;;;1;;;;;;;;;;2
20230313;03;2023;7378895;1;1;01;;2;231.38282491;18;1;1;2;1;1;2;2;2;;2;1;2;1;2;1;4;3;1;4;1;;;7000000;100000;;;;;;;;;;1;;;2
20230313;03;2023;7378896;1;1;01;;2;220.55406879;18;1;5;2;1;1;2;2;2;;2;1;3;2;2;1;4;3;1;4;5;;;;150000;;;;;;;;;;1;;;2
20230313;03;2023;7378897;1;1;01;;2;377.37208178;18;1;1;2;1;1;2;2;2;;2;1;4;3;2;1;4;3;1;5;5;;;;200000;;;;;;;;;;1;;;4
20230313;03;2023;7378898;1;1;01;;2;293.91950707;18;1;1;2;1;1;2;2;2;;2;1;3;1;2;1;4;3;3;4;5;;;;100000;;;;;;;;;;1;;;2
20230313;03;2023;7378899;1;1;01;;2;247.36871504;18;1;1;2;1;1;2;2;2;;2;1;3;1;2;1;4;3;5;4;4;;;;100000;;;;;;;;;;1;;;1
20230313;03;2023;7378900;1;1;01;;1;630.39470645;18;1;5;2;1;1;1;1;1;2;1;1;4;2;1;1;1;1;1;3;5;;;;150000;;;;;;;;;;1;;;3
20230313;03;2023;7378901;1;1;01;;1;457.01803572;18;1;5;2;1;1;2;1;1;2;1;1;3;2;1;1;1;1;1;5;3;;;;;150000;;;;;;;;;1;;;4
20230313;03;2023;7378902;1;1;01;;1;402.1800564;18;1;1;2;1;1;1;1;1;2;1;1;3;1;1;1;1;1;1;3;3;;;;;150000;;;;;;;;;1;;;1
20230313;03;2023;7378905;1;1;01;;1;649.36275116;18;1;5;2;1;1;1;1;1;2;1;1;3;2;1;1;1;1;1;3;3;;;;;150000;;1;;;1;;;;;;;4
20230313;03;2023;7378906;1;1;01;;1;333.94256693;18;1;5;2;1;1;1;1;1;2;1;1;2;1;1;1;1;1;3;3;4;;;;100000;;;;;;;;;;1;;;4
20230313;03;2023;7378907;1;1;01;;1;256.96402978;18;1;8;1;1;1;1;1;1;2;1;1;2;1;1;1;1;1;1;3;1;;;9000000;80000;;;;;;;;;;1;;;2
20230313;03;2023;7378908;1;1;01;;1;256.96402978;18;1;5;2;1;1;1;1;1;2;1;1;3;1;1;1;1;1;1;3;4;;;;150000;;;;;;;;;;1;;;2
20230313;03;2023;7378909;1;1;01;;1;240.06213988;18;1;8;2;1;1;1;1;1;2;1;1;3;1;1;1;1;1;1;3;4;;;;80000;;;;;;;;;;1;;;1
20230313;03;2023;7378910;1;1;01;;1;438.04999101;18;1;5;2;1;1;1;1;1;2;1;1;2;1;1;1;1;1;1;4;3;;;;;150000;;;;;;;;;1;;;3
20230313;03;2023;7378911;1;1;01;;1;419.0819463;18;1;5;2;1;1;1;1;1;2;1;1;3;1;1;1;1;1;1;3;1;;;10000000;100000;;;;;;;;;;1;;;2
20230313;03;2023;7378912;1;1;01;;1;274.7881845;18;1;5;2;1;1;1;1;1;2;1;1;3;2;1;1;1;1;1;3;3;;;;;120000;;1;;;;;;;;;;2
20230313;03;2023;7378913;1;1;01;;1;330.08544234;18;1;1;4;1;1;1;1;1;2;1;1;3;1;1;1;1;1;1;3;1;;;100000000;400000;;;1;;;;;;;;;;1
20230313;03;2023;7378914;1;1;01;;1;496.5808604;18;1;1;2;1;1;1;1;1;2;1;1;3;2;1;1;1;1;1;3;3;;;;;200000;;;;;;;;;1;;;2
20230313;03;2023;7378915;1;1;01;;1;384.22695057;18;1;1;4;1;1;1;1;1;2;1;1;3;1;1;1;1;1;1;3;1;;;70000000;300000;;;1;;;;;;;;;;1
20230313;03;2023;7378916;1;1;01;;1;545.90202049;18;1;1;2;1;1;2;1;1;2;1;1;3;2;1;1;1;1;1;4;4;;;;300000;;;1;;;;;;;;;;4
20230313;03;2023;7378917;1;1;01;;1;918.95484432;18;1;1;2;1;1;1;1;1;2;1;1;4;3;1;1;1;1;1;3;3;;;;;400000;;1;;;;1;;;;;;5
20230313;03;2023;7378918;1;1;01;;1;892.87378284;18;1;1;2;1;1;1;1;1;2;1;1;3;2;1;1;1;1;1;3;5;;;;250000;;;1;;;;;;;;;;4
20230313;03;2023;7378919;1;1;01;;1;353.32554095;18;1;1;2;1;1;1;1;1;2;1;1;3;1;1;1;1;1;1;3;3;;;;;210000;;;;;;;;;1;;;2
20230313;03;2023;7378920;1;1;01;;1;602.31873764;18;2;1;2;1;1;1;1;1;2;1;1;3;2;1;1;1;1;1;3;3;;;;;150000;;;;;;;;;1;;;3
20230313;03;2023;7378921;1;1;01;;1;521.08907314;18;2;1;4;1;1;1;1;1;2;1;1;2;1;1;1;1;1;1;3;3;;;;;150000;;1;;;;;;;;;;2
20230313;03;2023;7378922;1;1;01;;1;1166.4658043;18;2;1;4;1;1;1;1;1;2;1;1;3;2;1;1;1;1;1;3;3;;;;;220000;;;;;;;;;1;;;5
20230313;03;2023;7378923;1;1;01;;2;888.41573358;68;1;1;2;1;1;1;2;2;;1;1;3;2;2;1;4;1;1;3;3;;;;;300000;;1;;;;;;;;;;3
20230313;03;2023;7378924;1;1;01;;2;878.09700692;68;1;1;2;1;1;1;2;2;;1;1;3;1;2;1;4;1;1;3;4;;;;200000;;;;;;;;;;1;;;1
20230313;03;2023;7378925;1;1;01;;2;1455.5335236;68;1;1;4;1;1;1;2;2;;1;1;3;2;2;1;4;1;1;3;3;;;;;350000;;1;;;;;;;;;;4
20230313;03;2023;7378926;1;1;01;;2;2267.715764;68;1;1;2;1;1;1;2;2;;2;1;3;2;3;1;4;4;3;3;2;;400000;80000000;400000;;;1;;;;1;;;;;;5
20230313;03;2023;7378927;1;1;01;;2;1133.4801839;68;1;5;1;1;1;1;2;2;;1;1;3;2;2;1;4;1;1;3;3;;;;;130000;;1;;;;;;;;;;3
20230313;03;2023;7378928;1;1;01;;2;1700.5979739;68;1;5;1;1;1;1;2;2;;1;1;3;2;2;1;4;1;1;3;3;;;;;100000;;1;;;;;;;;;;4
20230313;03;2023;7378929;1;1;01;;2;1768.0026576;68;1;5;2;1;1;1;2;2;;1;1;4;3;3;1;4;1;1;3;1;;;99;400000;;;1;;;;;;;;;;4
20230313;03;2023;7378930;1;1;01;;2;704.86472001;68;1;5;1;1;1;1;2;2;;1;1;3;1;2;1;4;1;1;3;4;;;;150000;;;;;;;;;;1;;;2
20230313;03;2023;7378931;1;1;01;;2;1455.5335236;68;1;1;2;1;1;2;2;2;;1;1;3;2;2;1;4;1;1;4;4;;;;200000;;;1;;;;;;;;;;4
20230313;03;2023;7378932;1;1;01;;2;946.83323485;68;1;5;2;1;1;1;2;2;;1;1;4;1;3;1;4;1;1;3;3;;;;;120000;;1;;;;;;;;;;3
20230313;03;2023;7378933;1;1;01;;2;629.69382832;68;1;1;2;1;1;1;2;2;;2;1;3;1;2;1;4;3;1;3;1;;;99;100000;;;1;;;;;;;;;;2
20230313;03;2023;7378934;1;1;01;;2;888.41573358;68;1;1;2;1;1;1;2;2;;1;1;3;2;2;1;4;1;1;3;1;;;40000000;200000;;;1;;;;;;;;;;3
20230313;03;2023;7378935;1;1;01;;2;708.77037697;68;1;1;2;1;1;1;2;2;;1;1;2;1;2;1;4;2;1;3;4;;;;200000;;;1;;;;;;;;;;2
20230313;03;2023;7378936;1;1;01;;2;352.28421865;68;2;1;4;1;1;1;2;1;1;1;1;3;2;2;1;1;1;1;3;1;;;60000000;400000;;;1;;;;;1;;;;;3
20230313;03;2023;7378938;1;1;01;;2;352.28421865;68;1;1;4;1;1;1;2;1;1;1;1;4;2;2;1;1;1;1;3;3;;;;;600000;;1;;;;;;;;;;3
20230313;03;2023;7378939;1;1;01;;2;708.77037697;68;1;1;4;1;1;1;2;1;1;1;1;3;1;2;1;1;2;1;3;3;;;;;400000;;1;;;;;;;;;;2
20230313;03;2023;7378940;1;1;01;;2;708.77037697;68;2;1;4;1;1;1;2;1;1;1;1;2;1;2;1;1;1;1;3;3;;;;;250000;;1;;;;;;;;;;2
20230313;03;2023;7378941;1;1;01;;2;656.86184568;68;1;1;4;1;1;1;2;1;1;1;1;4;3;2;1;1;1;1;3;2;;240000;55000000;400000;;;1;;1;;;;;;;;4
20230313;03;2023;7378942;1;1;01;;2;352.28421865;68;1;1;4;1;1;1;2;1;1;1;1;3;2;2;1;1;2;1;3;1;;;100000000;300000;;;1;;;;;;;;;;3
20230313;03;2023;7378943;1;1;01;;2;243.22141777;68;1;1;4;1;1;1;2;1;1;1;1;5;4;2;1;1;1;1;3;2;;680000;99;600000;;;1;;;;;;;;;;5
20230313;03;2023;7378944;1;1;01;;2;218.66239092;68;1;1;2;1;1;2;2;2;;2;1;4;3;2;1;4;3;1;4;1;;;81000000;200000;;;1;;;;;;;;;;4
20230313;03;2023;7378945;1;1;01;;2;486.56433013;68;1;1;2;1;1;2;2;2;;2;1;3;2;2;1;4;3;1;4;3;;;;;200000;;1;;;;;;;;;;4
20230313;03;2023;7378946;1;1;01;;2;256.5251232;68;1;1;2;1;1;2;2;2;;2;1;4;2;3;1;4;4;4;4;1;;;99;99;;;1;;;;;;;;;;4
20230313;03;2023;7378947;1;1;01;;2;548.42946947;68;1;5;1;1;1;2;2;2;;2;1;3;2;2;1;4;3;5;5;1;;;6000000;100000;;;1;;;;;;;;;;6
20230313;03;2023;7378948;1;1;01;;2;416.44804049;68;1;1;2;1;1;2;2;2;;2;1;2;1;2;1;4;3;1;4;3;;;;;150000;;1;;;;;;;;;;4
20230313;03;2023;7378949;1;1;01;;2;720.65605266;68;1;5;1;1;1;2;2;2;;2;1;2;1;3;2;4;3;3;4;1;;;99;99;;;1;;;;;;;;;;4
20230313;03;2023;7378950;1;1;01;;2;269.93292849;68;1;1;2;1;1;2;2;2;;2;1;3;2;2;1;4;3;1;5;1;;;56000000;100000;;;1;;;;;;;;;;3
20230313;03;2023;7378951;1;1;01;;2;180.16401317;68;1;1;4;1;1;2;2;2;;2;1;4;2;2;1;5;10;1;4;1;;;99;500000;;;1;;;;;;;;;;3
20230313;03;2023;7378952;1;1;01;;2;373.86830266;68;1;5;1;1;1;2;2;2;;2;1;2;1;2;2;4;3;5;5;1;;;5000000;100000;;;1;;;;;;;;;;2
20230313;03;2023;7378953;1;1;01;;2;180.16401317;68;1;1;2;1;1;2;2;2;;2;1;3;1;2;1;4;3;3;4;1;;;99;300000;;;1;;;;;;;;;;2
20230313;03;2023;7378954;1;1;01;;2;687.27524716;68;1;1;2;1;1;2;2;2;;2;1;3;1;2;1;4;3;1;4;4;;;;200000;;;1;;;;;;;;;;3
20230313;03;2023;7378955;1;1;01;;2;180.16401317;68;1;1;2;1;1;2;2;2;;2;1;4;2;2;1;4;3;1;5;1;;;90000000;500000;;;;;;;1;;;;;;3
20230313;03;2023;7378956;1;1;01;;1;588.26385398;68;2;1;4;1;2;1;1;1;3;1;1;3;2;1;1;1;1;1;3;3;;;;;450000;;;;;;;;;1;;;3
20230313;03;2023;7378957;1;1;01;;1;834.42477613;68;2;1;4;1;2;1;1;1;3;1;1;4;2;1;1;1;1;1;3;3;;;;;400000;;;;;;;;;1;;;3
20230313;03;2023;7378958;1;1;01;;1;857.34791087;68;2;1;4;1;2;2;1;1;3;1;1;3;2;1;1;1;1;1;4;3;;;;;430000;;;;;;;;;1;;;3
20230313;03;2023;7378960;1;1;01;;1;1105.0802123;68;2;1;4;1;3;1;1;1;3;1;1;3;2;1;1;1;1;1;3;3;;;;;420000;;1;;;;;1;;;;;2
20230313;03;2023;7378961;1;1;01;;1;1539.0240183;68;2;1;4;1;4;2;1;1;6;1;1;5;4;1;1;1;1;1;4;3;;;;;800000;;;;;;;;;1;;;5
20230313;03;2023;7378962;1;1;01;;1;1494.7939402;68;2;1;4;1;4;2;1;1;6;1;1;5;3;1;1;1;1;1;4;3;;;;;962000;;1;;;;;;;;;;4
20230313;03;2023;7378963;1;1;01;;1;1428.9131848;68;1;1;4;1;3;2;1;1;3;1;1;4;2;1;1;1;1;1;4;1;;;100000000;500000;;;1;;;;;;;;;;3
20230313;03;2023;7378964;1;1;01;;1;1390.7079602;68;2;1;4;1;3;1;1;1;3;1;1;3;2;1;1;1;1;1;3;3;;;;;390000;;1;;;;;;;;;;3
20230313;03;2023;7378965;1;1;01;;1;1279.7104701;68;2;1;4;1;3;2;1;1;3;1;1;3;2;1;1;1;1;1;4;3;;;;;400000;;;;;;;;;1;;;4
20230313;03;2023;7378966;1;1;01;;1;1143.743465;68;2;1;4;1;3;1;1;1;3;1;1;4;2;1;1;1;1;1;3;1;;;150000000;550000;;;;;;;;;;1;;;3
20230313;03;2023;7378967;1;1;01;;1;831.7104884;68;1;1;4;1;3;2;1;1;3;1;1;3;1;1;1;1;1;1;4;1;;;100000000;400000;;;;;;;;;;1;;;2
20230313;03;2023;7378968;1;1;01;;2;921.8922004;68;1;1;4;1;2;2;2;1;3;1;1;4;3;2;1;3;1;1;4;6;;;;450000;;;1;;;;;;;;;;5
20230313;03;2023;7378969;1;1;01;;2;1136.9330728;68;1;1;4;1;2;2;2;1;3;1;1;4;2;2;1;1;1;1;4;1;;;300000000;1000000;;;1;;;;;;;;;;2
20230313;03;2023;7378970;1;1;01;;2;1311.429425;68;1;1;4;1;2;2;2;1;3;1;1;5;3;2;1;1;1;1;4;1;;;200000000;850000;;;;;;;;;;1;;;3
20230313;03;2023;7378972;1;1;01;;2;1540.5595254;68;1;1;4;1;2;2;2;1;3;1;1;5;2;2;1;1;1;1;4;1;;;150000000;450000;;;1;;;;;;;;;;4
20230313;03;2023;7378973;1;1;01;;2;1227.8106533;68;1;1;2;1;2;2;2;1;3;1;1;4;3;2;1;1;1;1;4;4;;;;500000;;;;;;;;;;1;;;5
20230313;03;2023;7378974;1;1;01;;1;846.33407431;68;1;1;4;1;2;2;1;1;3;1;1;3;2;1;1;1;1;1;4;3;;;;;400000;;;;;;;;;1;;;4
20230313;03;2023;7378975;1;1;01;;1;1009.8567492;68;2;1;2;1;2;2;1;1;3;1;1;4;2;1;1;1;1;1;4;2;;400000;80000000;450000;;;1;;1;;;;;;;;4
20230313;03;2023;7378976;1;1;01;;1;794.64565105;68;2;1;4;1;2;2;1;1;3;1;1;4;2;1;1;1;1;1;4;3;;;;;600000;;1;;1;;;;;;;;2
20230313;03;2023;7378977;1;1;01;;1;1181.8084406;68;2;1;4;1;2;2;1;1;3;1;1;4;3;1;1;1;1;1;4;4;;;;500000;;;;;;;;;;1;;;6
20230313;03;2023;7378978;1;1;01;;1;955.25880591;68;2;1;4;1;2;2;1;1;3;1;1;3;1;1;1;1;1;1;4;3;;;;;500000;;1;;;;;;;;;;3
20230313;03;2023;7378979;1;1;01;;1;1210.5585141;68;1;1;4;1;2;2;1;1;3;1;1;4;3;1;1;1;1;1;4;1;;;70000000;650000;;;1;;;;;;;;;;4
20230313;03;2023;7378980;1;1;01;;1;1154.2125054;68;2;1;4;1;2;2;1;1;3;1;1;3;2;1;1;1;1;1;4;3;;;;;300000;;;;;;;;;1;;;4
20230313;03;2023;7378981;1;1;01;;1;986.51920957;68;2;1;4;1;2;2;1;1;3;1;1;3;1;1;1;1;1;1;4;3;;;;;350000;;1;;;;;;;;;;2
20230313;03;2023;7378982;1;1;01;;1;1191.0898159;68;2;1;4;1;2;2;1;1;3;1;1;4;3;1;1;1;1;1;4;4;;;;400000;;;;;;;;;;1;;;4
20230313;03;2023;7378983;1;1;01;;1;1047.0358392;68;1;1;4;1;2;2;1;1;3;1;1;4;2;1;1;1;1;1;4;1;;;130000000;500000;;;1;;;;1;1;;;;;4
20230313;03;2023;7378984;1;1;01;;1;772.66662272;68;2;1;4;1;2;2;1;1;3;1;1;4;1;1;1;1;1;1;4;3;;;;;450000;;;;;;;;;1;;;1
20230313;03;2023;7378985;1;1;01;;1;2474.8712038;68;2;1;4;1;3;1;1;1;3;1;1;4;3;1;1;1;1;1;4;3;;;;;400000;;;;;;;;;1;;;3
20230313;03;2023;7378986;1;1;01;;1;1908.9183044;68;2;1;4;1;3;1;1;1;3;1;1;4;2;1;1;1;1;1;3;3;;;;;600000;;;;;;;;;1;;;2
20230313;03;2023;7378987;1;1;01;;1;1994.930318;68;1;1;4;1;3;1;1;1;3;1;1;3;2;1;1;1;1;1;4;3;;;;;500000;;;;;;;;;1;;;4
20230313;03;2023;7378988;1;1;01;;1;2208.9969061;68;2;1;4;1;3;1;1;1;3;1;1;4;1;1;1;1;1;1;3;3;;;;;800000;;;;;;;;;1;;;3
20230313;03;2023;7378989;1;1;01;;1;2989.7202657;68;2;1;4;1;3;2;1;1;3;1;1;4;3;1;1;1;1;1;4;3;;;;;550000;;1;;;;;;;;;;5
20230313;03;2023;7378990;1;1;01;;1;1821.2856107;68;2;1;4;1;3;2;1;1;3;1;1;4;1;1;1;1;1;1;4;3;;;;;500000;;1;;;;;;;;;;1
20230313;03;2023;7379001;1;1;01;;1;956.17494561;68;2;1;4;1;3;1;1;1;3;1;1;2;1;1;1;1;1;1;4;3;;;;;530000;;;;;;;;;1;;;1
20230313;03;2023;7379002;1;1;01;;1;995.08028468;54;1;1;4;1;2;1;1;1;2;1;1;5;2;1;1;1;1;1;3;1;;;95000000;300000;;;1;;;;;;;;;;4
20230313;03;2023;7379003;1;1;01;;2;2973.248019;76;1;1;2;1;9;2;2;2;;1;1;3;2;3;1;3;1;1;4;4;;;;300000;;;;;;;;;;1;;;3
20230313;03;2023;7379004;1;1;01;;2;4105.4372131;76;1;5;3;1;1;2;2;2;;1;1;2;1;3;1;4;1;1;4;4;;;;120000;;;;;;;;;;1;;;1
20230313;03;2023;7379005;1;1;01;;2;1444.1384334;76;1;1;2;1;2;2;2;2;;1;1;4;2;2;1;3;1;1;4;1;;;98;450000;;;1;;;;;1;;;;;2
20230313;03;2023;7379006;1;1;01;;2;2656.4325613;76;1;4;2;1;1;2;2;2;;1;1;3;2;3;1;3;1;1;5;4;;;;200000;;;;;;;;;;1;;;4
20230313;03;2023;7379007;1;1;01;;1;2360.5824869;76;2;1;2;1;1;1;1;1;3;1;1;4;3;1;1;1;1;3;3;2;;160000;98;98;;;;;;;;;;1;;;6
20230313;03;2023;7379009;1;1;01;;1;2690.711812;76;2;1;2;1;1;1;1;1;3;1;1;3;1;1;1;1;1;1;3;4;;;;350000;;;;;;;;;;1;;;3
20230313;03;2023;7379010;1;1;01;;1;2142.8093116;76;2;1;2;1;1;1;1;1;3;1;1;4;3;1;1;1;1;1;3;1;;;56000000;450000;;;1;;;;;;;;;;3
20230313;03;2023;7379012;1;1;01;;1;2347.5530925;76;2;1;4;1;3;1;1;1;3;1;1;4;2;1;1;1;1;1;3;1;;;110000000;450000;;;1;;;;1;1;;;;;2
20230313;03;2023;7379013;1;1;01;;1;2810.0721554;76;2;1;4;1;3;1;1;1;3;1;1;5;2;1;1;1;1;1;3;3;;;;;400000;;;;;;;;;1;;;2
20230313;03;2023;7379014;1;1;01;;1;2798.7585444;76;2;1;4;1;2;1;1;1;3;1;1;3;2;1;1;1;1;1;3;3;;;;;350000;;;;;;;;;1;;;4
20230313;03;2023;7379016;1;1;01;;1;2088.0551495;76;1;1;4;1;1;1;1;1;3;1;1;4;1;1;1;1;1;1;3;3;;;;;350000;;1;;;;;;;;;;1
20230313;03;2023;7379017;1;1;01;;1;3916.7147937;76;1;1;2;1;1;1;1;1;3;1;1;4;1;1;1;1;1;1;3;2;;160000;98;300000;;;1;;1;;;;;;;;2
20230313;03;2023;7379018;1;1;01;;1;2545.4386585;76;2;1;4;1;3;1;1;1;3;1;1;4;1;1;1;1;1;1;3;1;;;99;400000;;;;;;;;;;1;;;1
20230313;03;2023;7379020;1;1;01;;1;4977.4702765;76;2;1;4;1;2;1;1;1;3;1;1;3;1;1;1;1;1;1;3;1;;;60000000;400000;;;1;;;;1;;;;;;1
20230313;03;2023;7379021;1;1;01;;1;3388.6478193;76;4;1;4;1;3;2;1;1;3;1;1;1;1;1;1;1;1;6;;3;;;;;200000;;;;;;;;;1;;;1
20230313;03;2023;7379022;1;1;01;;1;2508.5674648;76;2;1;4;1;2;1;1;1;3;1;1;5;4;1;1;1;1;1;3;4;;;;700000;;;;;;;;;;1;;;5
20230313;03;2023;7379023;1;1;01;;1;4977.4702765;76;2;1;4;1;3;1;1;1;3;1;1;2;1;1;2;1;1;1;3;4;;;;200000;;;;;;;;;;1;;;1
20230313;03;2023;7379024;1;1;01;;2;886.71740303;76;1;1;2;1;1;2;1;1;3;1;1;3;2;1;1;1;9;1;4;3;;;;;80000;;;;;;;;;1;;;3
20230313;03;2023;7379025;1;1;01;;2;915.97015194;76;1;1;2;1;1;1;1;1;3;1;1;5;2;1;1;1;9;1;3;4;;;;290000;;;;;;;;;;1;;;3
20230313;03;2023;7379026;1;1;01;;2;489.72857318;76;1;1;2;1;1;1;1;1;3;1;1;3;2;1;1;1;9;1;3;1;;;99;200000;;;;;;;;;;1;;;4
20230313;03;2023;7379027;1;1;01;;2;830.85516936;76;1;1;2;1;1;1;1;1;3;1;1;3;2;1;1;1;9;1;3;3;;;;;150000;;;;;;;;;1;;;6
20230313;03;2023;7379028;1;1;01;;2;485.23534247;76;1;1;2;1;1;1;1;1;3;1;1;5;2;1;1;1;1;1;3;4;;;;200000;;;;;;;;;;1;;;4
20230313;03;2023;7379029;1;1;01;;2;1104.6330983;76;1;1;4;1;1;1;1;1;3;1;1;4;1;1;1;1;9;6;;3;;;;;150000;;;;;;;;;1;;;1
20230313;03;2023;7379030;1;1;01;;2;496.49584106;76;1;1;2;1;1;1;1;1;3;1;1;2;1;1;1;1;9;1;3;1;;;99;300000;;;;;;;;;;1;;;2
20230313;03;2023;7379031;1;1;01;;2;354.64347662;76;1;1;2;1;1;1;1;1;3;1;1;3;2;1;1;1;9;1;3;5;;;;200000;;;;;;;;;;1;;;6
20230313;03;2023;7379032;1;1;01;;2;565.31874104;76;1;4;2;1;1;1;1;1;3;1;1;3;2;1;1;1;9;1;3;4;;;;200000;;;;;;;;;;1;;;2
20230313;03;2023;7379033;1;1;01;;2;683.79045034;76;1;1;2;1;1;1;1;1;3;1;1;4;2;1;1;1;9;1;3;4;;;;150000;;;;;;;;;;1;;;3
20230313;03;2023;7379035;1;1;01;;2;714.55634233;76;1;1;2;1;1;1;1;1;3;1;1;4;3;1;1;1;9;1;3;4;;;;300000;;;;;;;;;;1;;;4
20230313;03;2023;7379036;1;1;01;;2;1104.6330983;76;1;1;2;1;1;1;1;1;3;1;1;2;1;1;1;1;9;3;3;3;;;;;140000;;1;;;;;;;;;;1
20230313;03;2023;7379037;1;1;01;;2;844.38923006;76;2;1;4;1;1;1;1;1;3;1;1;6;4;1;1;1;1;1;3;4;;;;600000;;;;;;;1;;;;;;5
20230313;03;2023;7379038;1;1;01;;2;1852.4963699;76;2;1;2;1;1;1;1;1;3;1;1;4;1;1;2;1;1;1;3;4;;;;98;;;;;;;;;;1;;;1
20230313;03;2023;7379039;1;1;01;;2;2179.2369333;76;4;1;2;1;1;1;1;1;3;1;1;1;1;1;2;1;1;1;3;4;;;;250000;;;;;;;;;;1;;;2
20230313;03;2023;7379040;1;1;01;;1;3012.8805881;76;2;1;4;1;2;1;1;1;3;1;1;4;1;1;1;1;1;6;;3;;;;;300000;;1;;;;;1;;;;;1
20230313;03;2023;7379041;1;1;01;;1;1962.5387852;52;1;1;2;1;1;2;1;1;1;1;1;3;1;1;1;1;1;1;4;3;;;;;200000;;;;;;;;;1;;;2
20230313;03;2023;7379042;1;1;01;;2;2614.3494675;52;1;1;4;1;1;2;2;2;;2;1;3;2;2;1;4;6;1;4;5;;;;500000;;;;;;;;;;1;;;5
20230313;03;2023;7379043;1;1;01;;2;1903.8197962;52;1;5;2;1;1;2;2;2;;2;1;2;1;2;1;4;6;1;5;2;;20000;4000000;50000;;;;;1;;;;;;;;2
20230313;03;2023;7379044;1;1;01;;2;1359.8850495;52;1;1;2;1;1;2;2;2;;2;1;4;3;3;1;4;6;1;4;1;;;40000000;150000;;;;;;;;;;1;;;4
20230313;03;2023;7379045;1;1;01;;2;2911.3894566;52;1;5;2;1;1;2;2;2;;2;1;3;2;2;1;4;10;1;4;5;;;;100000;;;;;;;;;;1;;;2
20230313;03;2023;7379046;1;1;01;;2;2892.210494;52;1;1;2;1;1;2;2;2;;2;1;4;2;3;1;4;6;1;4;1;;;30000000;100000;;;;;;;;;;1;;;2
20230313;03;2023;7379047;1;1;01;;2;1359.8850495;52;1;1;2;1;1;2;2;2;;2;1;4;3;2;1;4;10;1;4;1;;;150000000;500000;;1;;;;;;;;;;;4
20230313;03;2023;7379048;1;1;01;;2;1903.8197962;52;1;5;2;1;1;2;2;2;;2;1;3;1;2;1;4;10;1;4;4;;;;200000;;;;;;;;;;1;;;2
20230313;03;2023;7379049;1;1;01;;2;3247.3393649;52;1;2;2;1;1;2;2;2;;2;1;2;1;6;;4;6;1;1;4;;;;60000;;;;;;;;;;1;;;1
20230313;03;2023;7379050;1;1;01;;2;2777.2735601;52;1;1;2;1;1;2;2;2;;2;2;2;1;2;2;4;6;1;4;1;;;7000000;300000;;;;;;;;;;1;;;2
20230313;03;2023;7379050;2;2;01;;2;2777.2735601;52;1;1;2;1;1;2;2;2;;2;2;1;1;2;2;4;6;1;4;3;;;;;200000;;1;;;;;;;;;;3
20230313;03;2023;7379051;1;1;01;;2;4235.7300627;52;1;5;2;1;1;2;2;2;;2;1;3;1;2;1;4;6;1;4;1;;;50000000;250000;;;;;;;;;;1;;;1
20230313;03;2023;7379052;1;1;01;;2;2167.7221063;52;1;5;2;1;1;2;2;2;;2;1;2;2;2;1;4;6;1;4;4;;;;50000;;;;;;;;;;1;;;2
20230313;03;2023;7379053;1;1;01;;2;2036.7231458;52;1;5;2;1;1;2;2;2;;2;1;2;2;4;1;4;10;1;4;5;;;;80000;;;;;;;;;;1;;;3
20230313;03;2023;7379054;1;1;01;;2;5082.8760753;52;1;1;2;1;1;2;2;2;;2;1;2;1;6;;3;6;3;4;5;;;;150000;;;;;;;;;;1;;;1
20230313;03;2023;7379055;1;1;01;;2;2284.5837554;52;1;1;4;1;1;2;2;2;;2;1;5;1;2;1;3;10;1;4;4;;;;500000;;;;;;;;;;1;;;2
20230313;03;2023;7379056;1;1;01;;2;4233.5357751;52;1;1;4;1;1;2;2;2;;2;1;2;1;4;1;4;5;1;4;3;;;;;100000;;;;;;;;;1;;;2
20230313;03;2023;7379057;1;1;01;;2;3896.8072379;52;1;5;2;1;1;2;2;2;;2;1;1;1;2;1;4;10;2;4;4;;;;100000;;;;;;;;;;1;;;1
20230313;03;2023;7379058;1;1;01;;2;3604.0949935;52;1;5;2;1;1;2;2;2;;2;1;4;3;2;1;4;6;1;4;1;;;7000000;400000;;;;;;;;;;1;;;5
20230313;03;2023;7379059;1;1;01;;2;4434.1100228;52;1;1;2;1;1;2;2;2;;2;1;1;1;6;;3;6;1;4;6;;;;200000;;;;;;;;;;1;;;4
20230313;03;2023;7379060;1;1;01;;2;1753.1956505;52;1;1;2;1;1;2;2;2;;2;1;3;2;2;1;4;6;1;5;4;;;;200000;;;;;;;;;;1;;;5
20230313;03;2023;7379061;1;1;01;;2;2284.5837554;52;1;1;2;1;1;2;2;2;;2;1;2;1;6;;4;6;1;5;4;;;;200000;;;;;;;;;;1;;;2
20230313;03;2023;7379062;1;1;01;;2;2539.5557814;52;1;5;2;1;1;2;2;2;;2;1;2;1;2;1;4;6;1;4;1;;;7000000;100000;;;;;;;;;;1;;;2
20230313;03;2023;7379063;1;1;01;;2;3896.8072379;52;1;1;2;1;1;2;2;2;;2;1;2;1;2;1;4;5;5;4;4;;;;300000;;;;;;;;;;1;;;1
20230313;03;2023;7379064;1;1;01;;1;537.54410487;52;1;5;3;1;0;2;2;1;3;2;2;3;2;4;2;3;5;1;4;3;;;;;350000;;;;;;;;;1;;;6
20230313;03;2023;7379064;2;2;01;;1;537.54410487;52;1;5;3;1;0;2;2;1;3;2;2;1;1;4;2;3;5;1;4;3;;;;;100000;;1;;;;;;;;;;2
20230313;03;2023;7379065;1;1;01;;1;408.31402283;52;2;5;3;1;0;2;2;1;3;2;1;4;2;2;1;1;5;1;4;4;;;;300000;;;;;;;;;;1;;;4
20230313;03;2023;7379066;1;1;01;;1;643.04008441;52;1;1;2;1;0;2;2;1;3;2;1;3;3;3;1;1;5;1;4;1;;;98;500000;;;;;;;;;;1;;;4
20230313;03;2023;7379067;1;1;01;;1;459.13554437;52;1;1;2;1;0;2;2;1;3;2;1;3;2;2;1;1;5;1;4;5;;;;1000000;;;;;;;;;;1;;;3
20230313;03;2023;7379068;1;1;01;;1;461.17393515;52;1;5;2;1;0;2;2;1;3;2;1;2;1;3;1;2;6;1;4;4;;;;200000;;;;;;;;;;1;;;2
20230313;03;2023;7379069;1;1;01;;1;756.67921842;52;1;5;2;1;0;2;2;1;3;2;1;2;2;2;1;1;5;1;4;4;;;;300000;;;;;;;;;;1;;;6
20230313;03;2023;7379070;1;1;01;;1;337.7438593;52;1;5;3;1;0;2;2;1;3;2;1;3;1;2;1;1;5;1;4;1;;;14000000;450000;;;;;;;;;;1;;;1
20230313;03;2023;7379071;1;1;01;;1;754.38064013;52;1;1;2;1;0;2;2;1;3;2;1;6;4;2;1;1;4;1;4;5;;;;600000;;;;;;;;;;1;;;6
20230313;03;2023;7379072;1;1;01;;1;385.75783385;52;2;1;2;1;0;2;2;1;3;2;1;3;2;2;1;1;5;1;4;3;;;;;200000;;;;;;;;;1;;;2
20230313;03;2023;7379073;1;1;01;;1;445.43309626;52;2;1;4;1;0;2;2;1;3;2;1;5;4;2;1;1;5;1;4;1;;;40000000;600000;;;;;;;;;;1;;;4
20230313;03;2023;7379075;1;1;01;;1;643.73962981;52;1;5;2;1;0;2;2;1;3;2;1;2;1;2;1;1;5;2;4;4;;;;300000;;;1;;;;;;;;;;3
20230313;03;2023;7379076;1;1;01;;1;745.1724647;52;1;1;2;1;1;2;2;1;3;2;1;1;1;3;1;1;4;2;4;4;;;;400000;;;;;;;;;;1;;;2
20230313;03;2023;7379077;1;1;01;;1;956.51794718;52;2;1;2;1;1;2;2;1;3;2;1;3;2;2;1;1;5;1;4;4;;;;500000;;;;;;;;;;1;;;6
20230313;03;2023;7379078;1;1;01;;1;595.38180326;52;2;1;2;1;1;2;2;1;3;2;1;1;1;2;1;1;6;1;4;5;;;;500000;;;1;;;;;;;;;;1
20230313;03;2023;7379079;1;1;01;;1;1357.5859406;52;2;1;4;1;1;2;2;1;3;2;1;5;4;2;1;1;4;1;4;1;;;50000000;700000;;;;;;;;;;1;;;4
20230313;03;2023;7379080;1;1;01;;1;1191.6074626;52;4;1;4;1;1;2;2;1;3;2;1;4;3;2;2;1;4;1;4;3;;;;;600000;;1;;;;;;;;;;7
20230313;03;2023;7379081;1;1;01;;1;634.27647204;52;4;1;4;1;1;2;2;1;3;2;1;1;1;2;2;1;6;1;4;3;;;;;200000;;;;;;;;;1;;;3
20230313;03;2023;7379082;1;1;01;;1;630.2244911;52;4;1;4;1;1;2;2;1;3;2;1;1;1;2;1;1;5;1;4;3;;;;;500000;;1;;;;;;;;;;3
20230313;03;2023;7379083;1;1;01;;1;848.9610264;52;4;1;2;1;1;2;2;1;3;2;1;1;1;3;2;1;5;1;4;3;;;;;200000;;;;;;;;;1;;;4
20230313;03;2023;7379084;1;1;01;;1;697.32609744;52;4;1;2;1;1;2;2;1;3;2;1;2;2;6;;1;4;1;4;3;;;;;150000;;;;;;;;;1;;;4
20230313;03;2023;7379085;1;1;01;;1;1751.2628812;52;1;1;2;1;1;2;2;1;3;2;1;4;2;2;1;1;5;1;4;3;;;;;300000;;;;;;;;;1;;;5
20230313;03;2023;7379086;1;1;01;;1;706.12286116;52;4;1;2;1;1;2;2;1;3;2;1;1;1;3;2;1;5;1;4;3;;;;;200000;;;;;;;;;1;;;3
20230313;03;2023;7379087;1;1;01;;1;1164.2375349;52;2;1;2;1;1;2;2;1;3;2;1;3;1;2;1;1;5;1;4;1;;;80000000;1000000;;;;;;;1;;;;;;1
20230313;03;2023;7379088;1;1;01;;1;616.27939528;52;1;1;4;1;1;2;2;1;3;2;1;3;1;3;1;1;10;1;4;1;;;12000000;600000;;;;;;;;;;1;;;2
20230313;03;2023;7379089;1;1;01;;2;6098.6667745;52;1;5;3;1;9;2;2;2;;2;1;3;2;6;;4;6;1;5;5;;;;150000;;;;;;;;;;1;;;3
20230313;03;2023;7379090;1;1;01;;2;3396.5242936;52;1;5;2;1;9;2;2;2;;2;1;4;1;3;1;3;5;1;4;5;;;;300000;;;;;;;;;;1;;;2
20230313;03;2023;7379091;1;1;01;;2;7337.3869973;52;1;5;3;1;9;2;2;2;;2;1;3;1;4;1;3;6;1;4;4;;;;150000;;;;;;;;;;1;;;3
20230313;03;2023;7379092;1;1;01;;2;5507.3594148;52;1;5;3;1;9;2;2;2;;2;1;2;2;6;;3;6;5;5;5;;;;200000;;;;;;;;;;1;;;6
20230313;03;2023;7379093;1;1;01;;2;6456.8133905;52;1;5;3;1;9;2;2;2;;2;1;4;1;2;1;3;6;1;5;4;;;;200000;;;;;;;;;;1;;;1
20230313;03;2023;7379094;1;1;01;;2;2426.1133413;52;1;5;2;1;9;2;2;2;;2;1;4;3;2;1;3;6;1;4;5;;;;500000;;;1;;;;;;;;;;5
20230313;03;2023;7379095;1;1;01;;2;6066.0270477;52;1;5;3;1;9;2;2;2;;2;1;2;2;6;;3;6;1;5;4;;;;100000;;;;;;;;;;1;;;3
20230313;03;2023;7379096;1;1;01;;2;5793.4406736;52;1;5;3;1;9;2;2;2;;2;1;1;1;6;;3;6;2;5;3;;;;;100000;;;;;;;;;1;;;1
20230313;03;2023;7379097;1;1;01;;2;6247.7651175;52;1;5;2;1;9;2;2;2;;2;1;4;3;2;1;3;6;1;5;1;;;5000000;150000;;;;;;;;;;1;;;4
20230313;03;2023;7379098;1;1;01;;2;3396.5242936;52;1;5;2;1;9;2;2;2;;2;1;3;1;4;1;3;5;1;5;5;;;;100000;;;;;;;;;;1;;;2
20230313;03;2023;7379099;1;1;01;;2;6456.8133905;52;1;5;2;1;9;2;2;2;;2;1;1;1;2;1;3;5;2;4;4;;;;100000;;1;;;;;;;;;;;1
20230313;03;2023;7379100;1;1;01;;2;4530.7139488;52;1;5;2;1;9;2;2;2;;2;1;2;1;4;1;3;5;1;4;5;;;;100000;;;1;;;;1;;;;;;2
20230313;03;2023;7379101;1;1;01;;2;1488.662953;52;1;1;4;1;1;2;2;2;;1;1;4;3;2;1;4;1;1;4;4;;;;200000;;;1;;;;;;;;;;5
20230313;03;2023;7379102;1;1;01;;2;1083.5258304;52;1;3;2;1;1;2;2;2;;1;1;2;2;2;1;4;1;1;5;1;;;20000000;100000;;;;;;;;;;1;;;4
20230313;03;2023;7379103;1;1;01;;2;1083.5258304;52;1;3;2;1;1;2;2;2;;1;1;4;2;2;1;4;1;1;5;1;;;40000000;70000;;;;;;;;;;1;;;3
20230313;03;2023;7379104;1;1;01;;2;1516.9208062;52;1;1;4;1;1;2;2;2;;1;1;1;1;2;1;3;1;1;4;1;;;50000000;80000;;;;;;;;;;1;;;2
20230313;03;2023;7379105;1;1;01;;2;1997.3131718;52;1;1;2;1;1;2;1;2;;1;1;5;4;2;1;4;1;1;5;1;;;25000000;80000;;;;;;;;;;1;;;6
20230313;03;2023;7379106;1;1;01;;2;1950.7736724;52;1;1;4;1;1;2;2;2;;1;1;2;2;2;1;3;1;1;4;4;;;;130000;;;;;;;;;;1;;;3
20230313;03;2023;7379107;1;1;01;;2;2719.1009007;52;1;1;2;1;1;2;2;2;;1;1;2;2;2;1;4;1;1;4;4;;;;200000;;;;;;;;;;1;;;2
20230313;03;2023;7379108;1;1;01;;2;3050.3605821;52;1;1;2;1;1;2;2;2;;1;1;2;1;2;1;4;1;1;4;3;;;;;100000;;;;;;;;;1;;;1
20230313;03;2023;7379109;1;1;01;;2;2070.0004442;52;1;1;2;1;1;2;2;2;;1;1;3;3;2;1;4;1;1;5;1;;;10000000;30000;;;1;;;;1;;;;;;5
20230313;03;2023;7379110;1;1;01;;1;489.36870943;52;1;1;4;1;2;1;1;1;2;1;1;4;2;1;1;1;1;1;3;4;;;;100000;;;;;;;;;;1;;;2
20230313;03;2023;7379111;1;1;01;;1;1266.152442;52;1;1;4;1;2;1;1;1;2;1;1;4;3;1;1;1;1;1;3;1;;;98;150000;;;;;;;;;;1;;;4
20230313;03;2023;7379112;1;1;01;;1;455.02830909;52;2;1;4;1;2;2;1;1;2;1;1;1;1;1;1;1;1;1;4;3;;;;;350000;;;;;;1;;;;;;2
20230313;03;2023;7379113;1;1;01;;1;470.49938505;52;2;1;2;1;2;1;1;1;2;1;1;3;2;1;1;1;1;1;3;1;;;80000000;300000;;;;;;;;;;1;;;4
20230313;03;2023;7379114;1;1;01;;1;600.69824123;52;2;1;2;1;2;1;1;1;2;1;1;2;2;1;1;1;1;1;3;1;;;15000000;200000;;;;;;;;;;1;;;3
20230313;03;2023;7379115;1;1;01;;1;1199.5666756;52;1;1;4;1;2;1;1;1;2;1;1;4;3;1;1;1;1;1;3;1;;;350000000;400000;;;1;;;;;;;;;;5
20230313;03;2023;7379116;1;1;01;;1;913.206476;52;2;1;4;1;2;1;1;1;2;1;1;2;2;1;1;1;1;1;3;3;;;;;200000;;;;;;;;;1;;;4
20230313;03;2023;7379118;1;1;01;;1;843.42017535;52;2;1;2;1;2;2;1;1;2;1;1;2;2;1;1;1;1;1;4;4;;;;300000;;;;;;;;;;1;;;3
20230313;03;2023;7379119;1;1;01;;1;458.03987962;52;2;1;4;1;2;1;1;1;2;1;1;3;2;1;1;1;1;1;3;3;;;;;300000;;;;;;;;;1;;;2
20230313;03;2023;7379120;1;1;01;;1;489.36870943;52;2;1;4;1;2;1;1;1;2;1;1;3;1;1;1;1;1;1;3;1;;;130000000;200000;;;1;1;;;1;;;;;;2
20230313;03;2023;7379121;1;1;01;;1;489.36870943;52;1;1;4;1;2;1;1;1;2;1;1;3;2;1;1;1;1;1;3;4;;;;150000;;;;;;;;;;1;;;2
20230313;03;2023;7379122;1;1;01;;1;604.22472572;52;2;1;4;1;2;1;1;1;2;1;1;3;2;1;1;1;1;1;3;3;;;;;350000;;1;;;;;;;;;;2
20230313;03;2023;7379123;1;1;01;;1;858.89125132;52;1;1;4;1;2;1;1;1;2;1;1;5;4;1;1;1;1;1;3;1;;;100000000;600000;;;;;;;;;;1;;;5
20230313;03;2023;7379125;1;1;01;;1;1153.9632347;52;2;1;4;1;1;2;1;1;2;1;1;4;3;1;1;1;1;1;4;3;;;;;150000;;;;;;;;;1;;;3
20230313;03;2023;7379126;1;1;01;;1;546.52335762;52;1;1;4;1;1;1;1;1;2;1;1;5;2;1;1;1;1;1;3;1;;;50000000;70000;;;;;;;;;;1;;;4
20230313;03;2023;7379127;1;1;01;;1;550.67671681;52;2;1;4;1;1;2;1;1;2;1;1;1;1;1;1;1;1;1;4;1;;;100000000;500000;;;;;;;;;;1;;;1
20230313;03;2023;7379128;1;1;01;;1;768.43337419;52;2;1;4;1;1;1;1;1;2;1;1;4;3;1;1;1;1;1;3;1;;;80000000;280000;;;1;;;;;;;;;;3
20230313;03;2023;7379129;1;1;01;;1;549.61171055;52;2;1;4;1;1;1;1;1;2;1;1;2;1;1;1;1;1;1;3;4;;;;350000;;;1;;;;1;;;;;;1
20230313;03;2023;7379130;1;1;01;;1;953.13543011;52;1;1;4;1;1;1;1;1;2;1;1;4;3;1;1;1;1;1;3;1;;;8000000;300000;;;1;;;;;;;;;;4
20230313;03;2023;7379131;1;1;01;;1;1005.7142527;52;1;1;4;1;1;1;1;1;2;1;1;3;3;1;1;1;1;1;3;4;;;;180000;;;;;;;;;;1;;;4
20230313;03;2023;7379132;1;1;01;;1;1076.8191097;52;3;1;3;1;1;2;1;1;2;1;1;1;1;1;1;1;1;6;;4;;;;80000;;;;;;;;;;1;;;1
20230313;03;2023;7379133;1;1;01;;1;689.22013416;52;2;1;2;1;1;2;1;1;2;1;1;3;2;1;1;1;1;1;4;4;;;;270000;;;1;;;;;;;;;;2
20230313;03;2023;7379134;1;1;01;;1;549.61171055;52;2;1;4;1;1;2;1;1;2;1;1;3;1;1;1;1;1;1;1;3;;;;;300000;;1;;;;;;;;;;1
20230313;03;2023;7379135;1;1;01;;1;939.039828;52;1;1;4;1;1;1;1;1;2;1;1;2;1;1;1;1;1;1;3;4;;;;150000;;;;;;;;;;1;;;2
20230313;03;2023;7379136;1;1;01;;1;575.19013862;52;2;1;4;1;1;1;1;1;2;1;1;2;1;1;1;1;1;1;3;4;;;;300000;;;1;;;;1;;;;;;2
20230313;03;2023;7379137;1;1;01;;1;514.77950119;52;3;1;4;1;1;2;1;1;2;1;1;1;1;1;1;1;1;1;4;3;;;;;150000;;;;;;;;;1;;;2
20230313;03;2023;7379138;1;1;01;;1;1427.7990836;52;2;1;4;1;1;1;1;1;2;1;1;6;5;1;1;1;1;1;3;1;;;120000000;300000;;;1;;1;;;;;;;;6
20230313;03;2023;7379139;1;1;01;;1;533.31902207;52;1;1;4;1;1;1;1;1;2;1;1;4;3;1;1;1;1;1;3;3;;;;;200000;;1;;;;;1;;;;;3
20230313;03;2023;7379140;1;1;01;;1;954.17231959;52;1;1;4;1;1;1;1;1;2;1;1;3;2;1;1;1;1;1;3;1;;;70000000;250000;;;;;;;;;;1;;;3
20230313;03;2023;7379141;1;1;01;;1;533.31902207;52;3;1;4;1;1;2;1;1;2;1;1;1;1;1;2;1;1;1;4;3;;;;;150000;;;;;;;;;1;;;3
20230313;03;2023;7379142;1;1;01;;1;972.71184047;52;1;1;4;1;1;1;1;1;2;1;1;3;2;1;1;1;1;1;3;3;;;;;250000;;;;;;;;;1;;;4
20230313;03;2023;7379143;1;1;01;;1;939.039828;52;1;1;4;1;1;1;1;1;2;1;1;4;1;1;1;1;1;1;3;1;;;150000000;400000;;;1;;;;1;1;;;;;2
20230313;03;2023;7379144;1;1;01;;1;1395.5496192;52;2;1;4;1;1;1;1;1;2;1;1;2;2;1;1;1;1;1;3;1;;;10000000;200000;;;;;;;;;;1;;;4
20230313;03;2023;7379145;1;1;01;;2;1178.6662811;52;1;1;2;1;1;2;2;2;;1;1;3;3;2;1;3;1;1;5;1;;;10000000;60000;;;;;;;1;;;;;;5
20230313;03;2023;7379146;1;1;01;;2;2587.4069895;52;1;1;1;1;1;2;2;2;;1;1;1;1;2;1;3;1;1;4;1;;;10000000;100000;;;;;;;;;;1;;;1
20230313;03;2023;7379147;1;1;01;;2;1638.6605339;52;1;3;4;1;1;2;2;2;;1;1;2;2;2;1;4;1;1;4;4;;;;200000;;;;;;;;;;1;;;4
20230313;03;2023;7379148;1;1;01;;2;2559.1491363;52;1;1;4;1;1;2;2;2;;1;1;3;2;2;1;3;1;1;4;1;;;12000000;100000;;;;;;;;;;1;;;4
20230313;03;2023;7379149;1;1;01;;2;2377.1355627;52;3;1;2;1;1;2;2;2;;1;1;1;1;2;2;4;1;1;4;1;;;50000000;100000;;;;;;;;;;1;;;1
20230313;03;2023;7379150;1;1;01;;2;1979.8743988;52;3;1;2;1;1;2;2;2;;1;1;2;2;2;2;4;1;1;5;4;;;;150000;;;;;;;;;;1;;;2
20230313;03;2023;7379151;1;1;01;;2;2377.1355627;52;1;1;2;1;1;2;2;2;;1;1;3;1;2;1;3;1;1;4;1;;;50000000;200000;;;;;;;;;;1;;;1
20230313;03;2023;7379152;1;1;01;;2;2810.9884288;52;3;1;2;1;1;2;2;2;;1;1;1;1;2;2;3;1;1;5;4;;;;100000;;;;;;;;;;1;;;2
20230313;03;2023;7379153;1;1;01;;2;1516.9208062;52;1;1;2;1;1;2;2;2;;1;1;3;1;2;1;4;1;1;4;1;;;80000000;200000;;;1;;;;1;;;;;;2
20230313;03;2023;7379154;1;1;01;;2;1488.662953;52;1;1;2;1;1;2;2;2;;1;1;2;2;2;1;4;1;1;5;1;;;10000000;50000;;;;;;;;;;1;;;5
20230313;03;2023;7379159;1;1;01;;2;1379.0189148;52;1;1;2;1;1;2;2;2;;1;1;3;1;2;1;4;1;1;4;1;;;30000000;50000;;;;;;;;;;1;;;2
20230313;03;2023;7379160;1;1;01;;2;1516.1954301;52;1;1;2;1;1;2;2;2;;1;1;2;2;2;1;3;1;1;4;1;;;10000000;50000;;;;;;;;;;1;;;4
20230313;03;2023;7379161;1;1;01;;2;1960.5804427;52;1;1;2;1;1;2;2;2;;1;1;3;2;2;1;4;1;1;5;4;;;;50000;;;;;;;;;;1;;;4
20230313;03;2023;7379162;1;1;01;;2;3068.1222487;52;1;1;2;1;1;2;2;2;;1;1;1;1;2;1;3;1;1;4;4;;;;100000;;;;;;;;;;1;;;1
20230313;03;2023;7379163;1;1;01;;2;2081.7009733;52;1;1;2;1;1;2;2;2;;1;1;4;2;2;1;3;1;1;5;1;;;20000000;100000;;;;;;;;;;1;;;2
20230313;03;2023;7379164;1;1;01;;2;1648.3541072;52;1;3;4;1;1;2;2;2;;1;1;3;2;2;1;4;1;1;5;1;;;20000000;150000;;;1;;;;1;;;;;;2
20230313;03;2023;7379165;1;1;01;;2;2286.1088338;52;1;1;1;1;1;2;2;2;;1;1;1;1;6;;4;1;1;4;4;;;;100000;;;;;;;;;;1;;;2
20230313;03;2023;7379166;1;1;01;;2;2094.9529912;52;1;1;2;1;1;2;2;2;;1;1;3;1;2;1;3;1;1;4;1;;;15000000;150000;;;;;;;;;;1;;;2
20230313;03;2023;7379167;1;1;01;;2;2161.0323297;52;1;3;2;1;1;2;2;2;;1;1;2;1;2;1;4;1;1;4;1;;;20000000;100000;;;;;;;;;;1;;;1
20230313;03;2023;7379168;1;1;01;;2;1379.0189148;52;1;1;4;1;1;2;2;2;;1;1;4;1;2;1;3;1;1;4;1;;;15000000;50000;;;;;;;;;;1;;;2
20230313;03;2023;7379169;1;1;01;;2;985.0234822;52;1;1;4;1;1;2;2;2;;1;1;5;3;2;1;4;1;1;4;2;;500000;50000000;300000;;;1;;1;;1;;;;;;4
20230313;03;2023;7379172;1;1;01;;2;1722.6556049;52;2;1;2;1;2;2;1;1;3;1;1;1;1;1;1;1;1;1;5;4;;;;180000;;;;;;;;;;1;;;3
20230313;03;2023;7379173;1;1;01;;2;1124.3265201;52;1;1;4;1;2;1;1;1;2;1;1;6;5;1;1;1;1;1;3;1;;;250000000;300000;;;1;;;;;;;;;;6
20230313;03;2023;7379174;1;1;01;;2;2178.4408962;52;2;1;4;1;2;1;1;1;2;1;1;4;1;1;1;1;1;1;3;1;;;120000000;350000;;;1;;;;;;;;;;1
20230313;03;2023;7379175;1;1;01;;2;1722.6556049;52;1;1;4;1;2;1;1;1;2;1;1;6;3;1;1;1;1;1;3;4;;;;400000;;;1;;;;;;;;;;3
20230313;03;2023;7379176;1;1;01;;2;1697.0995713;52;1;1;2;1;2;2;1;1;3;1;1;1;1;1;1;1;1;2;4;3;;;;;250000;;;;;;;;;1;;;5
20230313;03;2023;7379177;1;1;01;;2;3092.8380336;52;1;1;4;1;2;2;1;1;2;1;1;1;1;1;1;1;1;1;4;4;;;;300000;;;;;;;;;;1;;;1
20230313;03;2023;7379178;1;1;01;;2;2211.9740534;52;3;1;2;1;2;2;1;1;2;1;1;2;2;1;2;1;1;1;4;3;;;;;400000;;1;;;;1;;;;;;3
20230313;03;2023;7379179;1;1;01;;2;2211.9740534;52;2;1;4;1;2;2;1;1;2;1;1;2;2;1;1;1;1;1;4;3;;;;;360000;;;;;;;;;1;;;3
20230313;03;2023;7379180;1;1;01;;2;2278.5857054;52;3;1;4;1;2;1;1;1;2;1;1;2;1;1;1;1;1;1;3;3;;;;;200000;;1;;;;1;;;;;;2
20230313;03;2023;7379181;1;1;01;;2;1106.0858423;52;1;1;4;1;2;2;1;1;3;1;1;5;3;1;1;1;1;1;4;1;;;100000000;500000;;;1;;;;1;;;;;;5
20230313;03;2023;7379182;1;1;01;;2;2106.9942633;52;1;1;2;1;2;2;1;2;;1;1;4;1;1;1;4;1;1;4;1;;;30000000;100000;;;;;;;;;;1;;;2
20230313;03;2023;7379183;1;1;01;;2;1186.3560375;52;1;1;4;1;2;2;1;2;;1;1;2;2;1;1;4;1;1;4;4;;;;200000;;;;;;;1;;;;;;3
20230313;03;2023;7379184;1;1;01;;2;2010.1625433;52;2;1;4;1;2;2;1;2;;1;1;3;2;1;1;3;1;1;4;4;;;;200000;;;;;;;;;;1;;;3
20230313;03;2023;7379185;1;1;01;;2;1991.7173908;52;1;1;4;1;2;2;1;2;;1;1;1;1;1;1;3;1;1;4;4;;;;150000;;;1;;;;;;;;;;1
20230313;03;2023;7379186;1;1;01;;2;2343.0135515;52;1;1;4;1;2;2;1;2;;1;1;3;2;1;1;3;1;1;5;3;;;;;300000;;;;;;;;;1;;;2
20230313;03;2023;7379187;1;1;01;;2;1991.7173908;52;2;1;4;1;2;2;1;2;;1;1;3;1;1;1;4;1;1;4;3;;;;;300000;;;;;;;;;1;;;1
20230313;03;2023;7379190;1;1;01;;2;2827.7376307;52;1;1;4;1;2;2;1;2;;1;1;2;1;1;1;5;1;1;4;4;;;;150000;;;1;;;;;;;;;;1
20230313;03;2023;7379191;1;1;01;;2;627.684203;19;1;1;4;1;1;2;2;2;;1;1;3;2;2;1;4;1;1;4;1;;;200000000;300000;;;;;;;;;;1;;;2
20230313;03;2023;7379192;1;1;01;;2;627.684203;19;1;5;2;1;1;2;2;2;;1;1;3;2;2;1;4;1;1;5;2;;100000;99;180000;;;;;;;;;;1;;;2
20230313;03;2023;7379193;1;1;01;;2;1058.9461753;19;1;7;1;1;1;2;2;2;;1;1;1;1;2;1;5;4;2;4;4;;;;100000;;;;;;;;;;1;;;4
20230313;03;2023;7379194;1;1;01;;2;837.28462633;19;1;5;2;1;1;2;2;2;;1;1;3;1;2;1;4;1;1;4;1;;;98;450000;;;;;;;;;;1;;;2
20230313;03;2023;7379195;1;1;01;;2;1190.7080079;19;1;1;4;1;1;2;2;2;;1;1;4;2;2;1;5;1;1;4;1;;;98;400000;;;;;;;1;;;;;;3
20230313;03;2023;7379198;1;1;01;;2;834.39024126;19;1;1;4;1;1;2;2;2;;1;1;3;2;2;1;5;1;1;4;3;;;;;400000;;;;;;;;;1;;;4
20230313;03;2023;7379199;1;1;01;;2;983.63107353;19;1;1;4;1;1;2;2;2;;1;1;3;1;2;1;4;1;1;4;1;;;98;300000;;;;;;;;;;1;;;1
20230313;03;2023;7379200;1;1;01;;2;1163.1543482;19;1;1;4;1;1;2;2;2;;1;1;3;2;2;1;5;1;1;4;3;;;;;450000;;1;;;;;;;;;;2
20230313;03;2023;7379202;1;1;01;;2;1328.4095283;19;1;1;2;1;1;2;2;2;;1;1;2;1;2;1;4;1;1;4;3;;;;;350000;;1;;;;;;;;;;2
20230313;03;2023;7379203;1;1;01;;2;627.684203;19;1;1;4;1;1;2;2;2;;1;1;4;1;2;1;5;1;1;4;1;;;98;400000;;;1;;;;;;;;;;2
20230313;03;2023;7379204;1;1;01;;2;953.55392484;19;1;1;2;1;1;2;2;2;;1;1;3;2;2;1;5;1;1;5;2;;400000;99;400000;;;;;1;;;;;;;;2
20230313;03;2023;7379205;1;1;01;;1;606.5265058;19;2;1;4;1;1;1;1;1;2;1;1;3;1;1;1;1;1;3;3;4;;;;350000;;;1;;;;;;;;;;2
20230313;03;2023;7379206;1;1;01;;1;1825.277126;19;1;1;4;1;1;1;1;1;2;1;2;4;3;1;2;1;1;1;3;1;;;99;200000;;;1;;;;;;;;;;4
20230313;03;2023;7379206;2;2;01;;1;1825.277126;19;1;1;4;1;1;1;1;1;2;1;2;2;1;1;2;1;1;1;3;4;;;;180000;;;1;;;;;;;;;;5
20230313;03;2023;7379207;1;1;01;;1;1139.6975336;19;1;1;2;1;1;1;1;1;2;1;1;1;1;1;1;1;1;1;3;3;;;;;200000;;;;;;;;;1;;;5
20230313;03;2023;7379208;1;1;01;;1;1190.7072476;19;1;1;4;1;1;1;1;1;2;1;1;3;2;1;1;1;1;1;3;3;;;;;500000;;1;;;;;;;;;;4
20230313;03;2023;7379209;1;1;01;;1;1597.2771463;19;2;1;2;1;1;1;1;1;2;1;1;2;1;1;1;1;1;1;3;3;;;;;200000;;;;;;;;;1;;;5
20230313;03;2023;7379210;1;1;01;;1;1186.6929977;19;2;1;2;1;1;1;1;1;2;1;1;4;3;1;1;1;1;3;3;1;;;98;300000;;;1;;;;;;;;;;4
20230313;03;2023;7379211;1;1;01;;1;1195.4078481;19;2;1;4;1;1;1;1;1;2;1;1;3;2;1;1;1;1;3;3;3;;;;;330000;;1;;;;;;;;;;3
20230313;03;2023;7379212;1;1;01;;1;1215.8589692;19;1;1;4;1;1;2;1;1;2;1;1;4;2;1;1;1;1;1;4;1;;;99;99;;;;;;;;;;1;;;2
20230313;03;2023;7379213;1;1;01;;1;1425.6418252;19;1;1;2;1;1;1;1;1;2;1;1;2;2;1;1;1;1;1;3;1;;;98;300000;;;1;;;;;;;;;;5
20230313;03;2023;7379214;1;1;01;;1;698.15500045;19;1;1;4;1;1;1;1;1;2;1;1;4;2;1;1;1;1;1;3;4;;;;800000;;;;;;;;;;1;;;1
20230313;03;2023;7379215;1;1;01;;2;3284.1673107;19;1;1;2;1;1;2;2;2;;1;1;3;2;2;1;4;1;1;5;1;;;98;200000;;;;;;;;;;1;;;2
20230313;03;2023;7379216;1;1;01;;2;2459.6891909;19;1;1;4;1;1;2;2;2;;1;1;5;3;2;1;5;1;1;4;7;FAMILIAR;;;300000;;;1;;;;1;;;;;;3
20230313;03;2023;7379217;1;1;01;;2;2584.0535315;19;1;4;2;1;1;2;2;2;;1;1;3;2;2;1;4;1;1;5;4;;;;150000;;;;;;;;;;1;;;2
20230313;03;2023;7379218;1;1;01;;2;3687.4237926;19;1;7;1;1;1;2;2;2;;1;1;2;1;2;2;4;1;1;5;4;;;;200000;;;;;;;;;;1;;;1
20230313;03;2023;7379219;1;1;01;;2;1595.6745968;19;1;1;4;1;1;2;2;2;;1;1;4;2;2;1;5;1;1;5;1;;;98;150000;;;;;;;1;;;;;;3
20230313;03;2023;7379220;1;1;01;;2;3881.6948743;19;1;1;2;1;1;2;2;2;;1;1;4;1;2;1;4;1;1;5;1;;;99;300000;;;;;;;1;;;;;;3
20230313;03;2023;7379221;1;1;01;;2;3294.7664706;19;1;7;1;1;1;2;2;2;;1;1;1;1;2;2;4;1;1;5;4;;;;200000;;;;;;;;;;1;;;4
20230313;03;2023;7379222;1;1;01;;2;3387.7570353;19;1;7;1;1;1;2;2;2;;1;1;2;1;2;1;4;1;1;5;4;;;;100000;;;;;;;;;;1;;;1
20230313;03;2023;7379223;1;1;01;;2;3687.4237926;19;1;4;1;1;1;2;2;2;;1;1;2;1;4;1;5;1;1;5;4;;;;50000;;;;;;;;;;1;;;1
20230313;03;2023;7379224;1;1;01;;2;4112.6561048;19;1;4;1;1;1;2;2;2;;1;1;3;1;2;1;4;1;1;4;1;;;5000000;150000;;;;;;;;;;1;;;2
20230313;03;2023;7379225;1;1;01;;2;3543.4951518;19;1;1;2;1;1;2;2;2;;1;1;3;2;2;1;4;1;1;5;1;;;98;150000;;;;;;;;;;1;;;2
20230313;03;2023;7379226;1;1;01;;2;2161.8283846;19;1;1;4;1;1;2;2;2;;1;1;4;1;2;1;5;1;1;4;4;;;;150000;;;;;;;;;;1;;;2
20230313;03;2023;7379227;1;1;01;;1;1143.9482992;19;1;1;4;1;2;1;1;1;2;1;1;3;2;1;1;1;1;1;3;3;;;;;400000;;1;;;;;;;;;;5
20230313;03;2023;7379228;1;1;01;;1;1188.5214102;19;2;1;4;1;2;1;1;1;2;1;1;2;1;1;1;1;1;1;3;3;;;;;300000;;;;;;;;;1;;;4
20230313;03;2023;7379229;1;1;01;;1;633.1533763;19;2;1;4;1;2;2;1;1;2;1;1;1;1;1;1;1;1;1;4;3;;;;;300000;;;;;;;;;1;;;2
20230313;03;2023;7379230;1;1;01;;1;1215.8589692;19;1;1;4;1;1;1;1;1;2;1;1;4;1;1;1;1;1;1;3;1;;;98;450000;;;1;;;;;;;;;;2
20230313;03;2023;7379231;1;1;01;;1;676.45954953;19;1;1;4;1;2;1;1;1;2;1;1;4;1;1;1;1;1;1;3;7;FAMILIAR;;;500000;;;1;;;;;;;;;;2
20230313;03;2023;7379232;1;1;01;;1;830.35154033;19;1;3;2;1;1;2;1;1;2;1;1;4;2;1;1;1;1;1;4;1;;;99;99;;;;;;;;;;1;;;3
20230313;03;2023;7379233;1;1;01;;1;1170.0315662;19;1;1;2;1;2;1;1;1;2;1;1;2;1;1;1;1;1;1;3;3;;;;;300000;;;;;;;;;1;;;3
20230313;03;2023;7379234;1;1;01;;1;755.00223508;19;2;1;4;1;2;1;1;1;2;1;1;5;4;1;1;1;1;1;3;3;;;;;500000;1;;;;;1;;;;;;5
20230313;03;2023;7379235;1;1;01;;1;675.27655623;19;1;1;4;1;2;1;1;1;2;1;1;4;2;1;1;1;1;1;3;1;;;98;350000;;;1;;;;;;;;;;2
20230313;03;2023;7379237;1;1;01;;2;1718.9184252;19;1;1;4;1;1;2;2;2;;1;1;4;3;2;1;4;1;1;5;1;;;98;300000;;;;;;;;;;1;;;2
20230313;03;2023;7379238;1;1;01;;2;2060.063193;19;1;1;4;1;1;2;2;2;;1;1;3;2;2;1;4;1;1;5;1;;;98;300000;;;;;;;;;;1;;;5
20230313;03;2023;7379239;1;1;01;;2;3127.1603403;19;1;1;2;1;1;2;2;2;;1;1;5;3;2;1;4;1;1;5;4;;;;150000;;;;;;;;;;1;;;1
20230313;03;2023;7379240;1;1;01;;2;3403.7758086;19;1;5;1;1;1;2;2;2;;1;1;2;1;2;1;4;1;1;5;4;;;;50000;;;;;;;;;;1;;;1
20230313;03;2023;7379241;1;1;01;;2;3468.3051081;19;1;1;2;1;1;2;2;2;;1;1;3;2;2;1;4;1;1;5;3;;;;;400000;;;;;;;;;1;;;4
20230313;03;2023;7379242;1;1;01;;2;3568.9986048;19;1;5;2;1;1;2;2;2;;1;1;4;3;2;1;4;1;1;5;1;;;98;100000;;;;;;;;;;1;;;4
20230313;03;2023;7379243;1;1;01;;2;3127.1603403;19;1;3;1;1;1;2;2;2;;1;1;3;1;2;1;5;1;1;5;1;;;98;150000;;;;;;;;;;1;;;1
20230313;03;2023;7379244;1;1;01;;2;3769.0986971;19;1;1;2;1;1;2;2;2;;1;1;1;1;2;2;4;1;2;4;4;;;;70000;;;;;;;;;;1;;;4
20230313;03;2023;7379245;1;1;01;;2;3403.7758086;19;1;1;2;1;1;2;2;2;;1;1;6;2;2;1;4;1;1;5;1;;;98;120000;;;;;;;;;;1;;;1
20230313;03;2023;7379246;1;1;01;;2;3175.2973173;19;1;1;2;1;2;2;2;2;;1;1;3;2;2;1;5;1;1;5;4;;;;50000;;;;;;;;;;1;;;3
20230313;03;2023;7379247;1;1;01;;2;3403.7758086;19;1;4;2;1;1;2;2;2;;1;1;2;1;2;1;4;1;1;5;1;;;98;100000;;;;;;;;;;1;;;1
20230313;03;2023;7379248;1;1;01;;2;2661.8956512;19;1;4;2;1;1;2;1;2;;1;1;2;1;2;1;4;1;1;5;5;;;;120000;;;;;;;;;;1;;;2
20230313;03;2023;7379249;1;1;01;;2;3403.7758086;19;1;4;1;1;1;2;2;2;;1;1;1;1;2;1;4;1;1;5;4;;;;80000;;;;;;;;;;1;;;1
20230313;03;2023;7379250;1;1;01;;1;654.06798616;19;2;1;4;1;2;2;1;1;2;1;1;3;2;1;1;1;1;1;4;3;;;;;300000;;;;;;;;;1;;;3
20230313;03;2023;7379255;1;1;01;;2;3101.2920894;19;1;5;3;1;9;2;2;2;;2;1;4;3;6;;2;5;1;5;1;;;99;400000;;;;;;;;;;1;;;7
20230313;03;2023;7379256;1;1;01;;2;2681.2285211;19;1;5;3;1;9;2;2;2;;2;1;3;2;6;;4;5;1;5;1;;;98;120000;;;;;;;;;;1;;;5
20230313;03;2023;7379257;1;1;01;;2;3007.5737918;19;1;5;3;1;9;2;2;2;;2;1;2;1;6;;4;5;4;5;5;;;;100000;;;;;;;;;;1;;;1
20230313;03;2023;7379258;1;1;01;;2;2330.4357926;19;1;5;3;1;9;2;2;2;;2;1;3;3;2;1;4;5;1;5;7;FAMILIAR;;;200000;;;;;;;;;;1;;;6
20230313;03;2023;7379259;1;1;01;;2;3840.9609279;19;1;5;3;1;9;2;2;2;;2;1;2;1;6;;3;5;1;4;1;;;98;100000;;;;;;;1;;;;;;4
20230313;03;2023;7379260;1;1;01;;2;3622.2939246;19;2;5;3;1;9;2;2;2;;2;1;3;2;6;;3;5;1;5;4;;;;99;;;;;;;;;;1;;;3
20230313;03;2023;7379261;1;1;01;;2;3119.6754438;19;1;5;3;1;9;2;2;2;;2;1;4;3;6;;3;5;1;5;1;;;98;200000;;;1;;;;;;;;;;4
20230313;03;2023;7379262;1;1;01;;2;3588.4189322;19;1;5;3;1;9;2;2;2;;2;1;5;4;6;;3;5;1;5;5;;;;120000;;;;;;;;;;1;;;7
20230313;03;2023;7379263;1;1;01;;2;1808.8143265;19;1;5;3;1;9;2;2;2;;2;1;3;2;6;;3;5;1;5;1;;;99;99;;;;;;;;;;1;;;3
20230313;03;2023;7379264;1;1;01;;2;3951.3687663;19;2;5;3;1;9;2;2;2;;2;1;3;2;6;;4;5;1;5;4;;;;200000;;;;;;;;;;;1;;3
20230313;03;2023;7379265;1;1;01;;2;2636.7589231;19;2;5;3;2;;2;2;2;;2;1;1;1;6;;4;5;1;5;5;;;;99;;;;;;;;;;1;;;7
20230313;03;2023;7379266;1;1;01;;2;1535.377732;19;2;5;3;2;;2;2;2;;2;1;1;1;6;;4;5;1;5;5;;;;70000;;;;;;;;;;1;;;2
20230313;03;2023;7379267;1;1;01;;2;2756.864474;19;2;5;3;2;;2;2;2;;2;1;1;1;6;;4;5;5;5;5;;;;80000;;;;;;;;;;1;;;3
20230313;03;2023;7379268;1;1;01;;2;2920.898184;19;1;5;3;2;;2;2;2;;2;1;1;1;6;;4;5;2;5;5;;;;60000;;;;;;;;;;1;;;2
20230313;03;2023;7379270;1;1;01;;2;3032.6331013;19;2;5;3;2;;2;2;2;;2;1;1;1;6;;3;5;5;5;5;;;;60000;;;;;;;;;;1;;;5
20230313;03;2023;7379272;1;1;01;;2;2354.7696894;19;1;5;3;2;;2;2;2;;2;1;2;1;6;;2;5;1;5;5;;;;100000;;;;;;;;;;1;;;4
20230313;03;2023;7379273;1;1;01;;2;2011.5399061;19;1;5;3;2;;2;2;2;;2;1;1;1;6;;3;5;1;5;5;;;;99;;;;;;;;;;1;;;7
20230313;03;2023;7379274;1;1;01;;2;3112.0118372;19;1;5;3;1;9;2;2;2;;1;1;2;1;6;;4;5;1;5;3;;;;;200000;;;;;;;;;1;;;3
20230313;03;2023;7379275;1;1;01;;2;2458.132108;19;1;1;2;1;9;2;2;2;;1;1;3;2;2;1;2;1;1;5;4;;;;250000;;;;;;;;;;1;;;4
20230313;03;2023;7379276;1;1;01;;2;3074.3986731;19;1;5;3;1;9;2;2;2;;1;1;3;1;6;;3;1;1;4;1;;;98;100000;;;;;;;;;;1;;;1
20230313;03;2023;7379277;1;1;01;;2;2560.6716703;19;1;5;3;1;9;2;2;2;;1;1;3;2;2;1;4;1;1;5;4;;;;200000;;;;;;;;;;1;;;2
20230313;03;2023;7379278;1;1;01;;2;2467.8988993;19;1;1;2;1;9;2;2;2;;1;1;4;2;6;;4;1;1;5;3;;;;;100000;;;;;;;;;1;;;3
20230313;03;2023;7379279;1;1;01;;2;2165.4531301;19;1;1;2;1;9;2;2;2;;1;1;3;1;2;1;3;1;1;4;5;;;;150000;;;;;;;;;;1;;;1
20230313;03;2023;7379280;1;1;01;;2;3074.3986731;19;1;5;3;1;9;2;2;2;;1;1;3;1;4;1;3;1;1;4;4;;;;200000;;;;;;;;;;1;;;1
20230313;03;2023;7379281;1;1;01;;2;2357.0000181;19;1;1;2;1;9;2;2;2;;1;1;3;1;2;1;4;1;1;5;4;;;;150000;;;;;;;;;;;1;;1
20230313;03;2023;7379282;1;1;01;;2;3074.3986731;19;1;1;2;1;9;2;2;2;;1;1;3;1;2;1;3;1;1;4;1;;;98;200000;;;;;;;;;;1;;;1
20230313;03;2023;7379283;1;1;01;;2;2080.4040528;19;1;1;2;1;9;2;2;2;;1;1;4;3;2;1;3;1;1;4;5;;;;200000;;;;;;;;;;1;;;4
20230313;03;2023;7379285;1;1;01;;2;2715.0098942;19;2;5;3;2;;2;2;2;;2;1;1;1;6;;3;5;1;5;4;;;;99;;;1;;;;;;;;;;7
20230313;03;2023;7379286;1;1;01;;1;686.59340232;19;1;1;2;1;1;2;1;1;3;1;1;5;1;1;1;1;1;6;;1;;;99;300000;;;;;;;;;;1;;;1
20230313;03;2023;7379287;1;1;01;;1;412.15904178;19;1;1;4;1;1;2;1;1;3;1;1;4;3;1;1;1;1;1;4;1;;;98;500000;;;1;;;;1;;;;;;3
20230313;03;2023;7379288;1;1;01;;1;682.23462849;19;1;1;4;1;3;2;1;1;3;1;1;5;2;1;1;1;1;1;4;1;;;98;500000;;;1;;;;1;;;;;;4
20230313;03;2023;7379289;1;1;01;;1;388.30106508;19;1;1;2;1;1;2;1;1;3;1;1;3;2;1;1;1;1;1;4;1;;;98;500000;;;1;;;;;;;;;;2
20230313;03;2023;7379290;1;1;01;;1;747.63404623;19;1;1;2;1;1;2;1;1;3;1;1;5;4;1;1;1;1;3;4;1;;;98;300000;;;1;;;;1;;;;;;3
20230313;03;2023;7379291;1;1;01;;1;425.48373229;19;1;1;2;1;1;2;1;1;3;1;1;6;3;1;1;1;1;1;4;1;;;98;400000;;;;;;;1;;;;;;3
20230313;03;2023;7379292;1;1;01;;1;362.44473325;19;1;1;4;1;2;2;1;1;3;1;1;4;1;1;1;1;1;1;4;4;;;;400000;;;;;;;;;;1;;;2
20230313;03;2023;7379293;1;1;01;;1;376.44560599;19;1;1;4;1;1;2;1;1;3;1;1;4;2;1;1;1;1;1;4;4;;;;450000;;1;1;;;;;;;;;;3
20230313;03;2023;7379294;1;1;01;;1;679.84502731;19;1;1;4;1;1;2;1;1;3;1;1;4;2;1;1;1;1;1;4;4;;;;350000;;1;;;;;;;;;;;4
20230313;03;2023;7379295;1;1;01;;1;679.84502731;19;1;1;4;1;1;2;1;1;3;1;1;4;1;1;1;1;1;1;4;1;;;98;600000;;;;;;;;;;1;;;4
20230313;03;2023;7379296;1;1;01;;1;368.03275;19;1;5;3;1;1;2;2;1;3;2;1;5;4;5;1;1;5;1;1;4;;;;200000;;;;;;;;;;1;;;3
20230313;03;2023;7379297;1;1;01;;1;345.15650229;19;1;5;3;1;1;2;2;1;3;2;1;3;2;5;1;1;5;1;5;1;;;98;100000;;;;;;;;;;1;;;2
20230313;03;2023;7379298;1;1;01;;1;704.42469486;19;1;5;3;1;1;2;2;1;3;2;1;2;2;5;1;1;5;5;5;3;;;;;150000;;;;;;;;;1;;;7
20230313;03;2023;7379299;1;1;01;;1;659.1686512;19;1;5;3;1;1;2;2;1;3;2;1;3;2;5;1;1;5;1;4;1;;;98;200000;;;;;;;;;;1;;;6
20230313;03;2023;7379300;1;1;01;;1;341.92847857;19;1;5;3;1;1;2;2;1;3;2;1;3;2;5;1;1;5;1;5;4;;;;99;;;;;;;;;;1;;;4
20230313;03;2023;7379301;1;1;01;;1;356.7148443;19;1;5;3;1;1;2;2;1;3;2;1;4;2;5;1;1;5;3;1;1;;;98;200000;;;1;;;;;;;;;;3
20230313;03;2023;7379303;1;1;01;;1;719.34433853;19;1;5;3;1;1;2;2;1;3;2;1;5;4;5;1;1;5;1;4;5;;;;250000;;;;;;;1;;;;;;8
20230313;03;2023;7379304;1;1;01;;1;423.52831187;19;1;5;3;1;1;2;2;1;3;2;1;5;4;5;1;1;5;1;4;1;;;99;300000;;;1;;;;;;;;;;5
20230313;03;2023;7379305;1;1;01;;1;443.78401788;19;1;5;3;1;1;2;2;1;3;2;1;5;4;5;1;1;5;1;5;5;;;;160000;;;;;;;;;;1;;;5
20230313;03;2023;7379307;1;1;01;;1;334.61831644;19;1;5;3;1;1;2;2;1;3;2;1;2;1;5;1;1;5;1;4;4;;;;200000;;;1;;;;;;;;;;3
20230313;03;2023;7379309;1;1;01;;2;1069.5168178;19;1;1;2;1;1;2;1;1;2;1;1;3;2;1;1;1;1;3;4;1;;;98;350000;;;;;;;;;;1;;;3
20230313;03;2023;7379311;1;1;01;;2;1628.9296702;19;2;1;4;1;1;1;1;1;2;1;1;3;2;1;1;1;1;3;3;3;;;;;400000;;;;;;;;;1;;;3
20230313;03;2023;7379312;1;1;01;;2;1016.2739641;19;1;1;2;1;1;1;1;1;2;1;1;2;2;1;1;1;1;1;3;3;;;;;290000;;;;;;;;;1;;;4
20230313;03;2023;7379313;1;1;01;;2;1547.0569905;19;1;1;4;1;1;1;1;1;2;1;1;4;2;1;1;1;1;1;3;3;;;;;400000;;;;;;;;;1;;;2
20230313;03;2023;7379314;1;1;01;;2;1774.2828633;19;2;1;2;1;1;1;1;1;2;1;1;2;1;1;1;1;1;1;3;3;;;;;350000;;;;;;;;;1;;;2
20230313;03;2023;7379315;1;1;01;;2;1679.7801395;19;1;1;4;1;1;1;1;1;2;1;1;4;2;1;1;1;1;1;3;3;;;;;500000;;;;;;;;;1;;;3
20230313;03;2023;7379316;1;1;01;;2;1549.6873087;19;2;1;4;1;1;1;1;1;2;1;1;3;2;1;1;1;1;3;3;3;;;;;350000;;1;;;;;;;;;;3
20230313;03;2023;7379317;1;1;01;;2;1414.6679847;19;2;1;4;1;1;1;1;1;2;1;1;3;2;1;1;1;1;3;3;3;;;;;350000;;;;;;;;;1;;;2
20230313;03;2023;7379318;1;1;01;;1;805.39672871;19;1;1;4;1;1;1;1;1;2;1;1;3;1;1;1;1;1;3;3;4;;;;300000;;;;;;;;;;1;;;2
20230313;03;2023;7379319;1;1;01;;2;1826.5631015;19;1;1;4;1;1;1;1;1;2;1;1;4;1;1;1;1;1;1;3;1;;;99;99;;;1;;;;;;;;;;2
20230313;03;2023;7379320;1;1;01;;2;888.59408751;66;1;1;2;1;1;1;1;1;2;1;1;3;2;1;1;1;1;3;3;1;;;98;400000;;;;;;;;;;1;;;5
20230313;03;2023;7379321;1;1;01;;2;515.53799296;66;1;1;4;1;2;1;1;1;2;1;1;4;1;1;1;1;1;1;3;3;;;;;420000;;1;;;;;;;;;;1
20230313;03;2023;7379322;1;1;01;;2;663.65307819;66;2;1;2;1;1;2;1;1;2;1;1;1;1;1;1;1;1;5;4;3;;;;;150000;;1;;;;;;;;;;3
20230313;03;2023;7379323;1;1;01;;2;506.34207348;66;1;1;4;1;2;1;1;1;2;1;1;4;3;1;1;1;1;1;3;1;;;99;380000;;;1;;;;;;;;;;3
20230313;03;2023;7379324;1;1;01;;2;455.05062621;66;2;1;4;1;1;1;1;1;2;1;1;3;2;1;1;1;1;1;3;4;;;;650000;;;1;;;;;;;;;;3
20230313;03;2023;7379325;1;1;01;;2;411.50613066;66;2;1;2;1;1;1;1;1;2;1;1;2;1;1;1;1;1;3;3;4;;;;260000;;;;;;;;;;1;;;1
20230313;03;2023;7379326;1;1;01;;2;579.82855356;66;2;1;4;1;1;1;1;1;2;1;1;2;1;1;1;1;1;3;3;3;;;;;450000;;1;;;;;;;;;;3
20230313;03;2023;7379327;1;1;01;;2;797.66451601;66;2;1;4;1;2;1;1;1;2;1;1;3;3;1;1;1;1;1;3;3;;;;;500000;;1;;;;;;;;;;3
20230313;03;2023;7379328;1;1;01;;2;592.17395044;66;2;1;4;1;2;1;1;1;2;1;1;4;1;1;1;1;1;1;3;1;;;100000000;350000;;;1;;;;;;;;;;2
20230313;03;2023;7379329;1;1;01;;2;778.98780536;66;1;1;4;1;1;1;1;1;2;1;1;3;3;1;1;1;1;1;3;1;;;100000000;400000;;;1;;;;;1;;;;;3
20230313;03;2023;7379330;1;1;01;;2;565.40911444;66;2;1;4;1;1;2;1;1;2;1;1;1;1;1;1;1;1;1;4;3;;;;;230000;;;;;;;;;;1;;1
20230313;03;2023;7379331;1;1;01;;2;578.02638202;66;1;1;4;1;2;1;1;1;2;1;1;4;2;1;1;1;1;3;3;3;;;;;350000;;1;;;;;;;;;;4
20230313;03;2023;7379332;1;1;01;;2;922.61832358;66;1;1;4;1;1;1;1;1;2;1;1;4;3;1;1;1;1;1;3;1;;;99;350000;;;1;;;;;;;;;;4
20230313;03;2023;7379333;1;1;01;;2;591.22494341;66;1;1;4;1;1;1;1;1;2;1;1;2;2;1;1;1;1;1;3;3;;;;;350000;;1;;;;;;;;;;3
20230313;03;2023;7379334;1;1;01;;2;523.54770299;66;2;1;4;1;2;1;1;1;2;1;1;3;2;1;1;1;1;1;3;3;;;;;280000;;1;;;;;;;;;;3
20230313;03;2023;7379335;1;1;01;;2;633.08635486;66;2;1;4;1;2;1;1;1;2;1;1;2;1;1;1;1;1;3;3;3;;;;;300000;;;;;;;;;1;;;1
20230313;03;2023;7379336;1;1;01;;2;468.23654096;66;1;1;4;1;2;1;1;1;2;1;1;2;1;1;1;1;1;1;3;4;;;;400000;;;;;;;;;;1;;;1
20230313;03;2023;7379337;1;1;01;;2;411.50613066;66;2;1;2;1;1;1;1;1;2;1;1;2;1;1;1;1;1;1;3;4;;;;200000;;;;;;;;;;;1;;1
20230313;03;2023;7379338;1;1;01;;2;650.10754882;66;2;1;4;1;2;1;1;1;2;1;1;3;2;1;1;1;1;1;3;3;;;;;550000;;1;;;;;;;;;;4
20230313;03;2023;7379339;1;1;01;;2;411.50613066;66;2;1;2;1;2;1;1;1;2;1;1;2;1;1;1;1;1;1;3;3;;;;;550000;;;;;;;;;1;;;1
20230313;03;2023;7379340;1;1;01;;2;685.8435511;66;2;1;4;1;1;1;1;1;2;1;1;2;1;1;1;1;1;3;3;4;;;;300000;;;;;;;;;;1;;;1
20230313;03;2023;7379341;1;1;01;;2;1391.6131062;66;1;1;4;1;2;1;1;1;2;1;1;3;2;1;1;1;1;1;3;3;;;;;400000;;;;;;;;;;1;;5
20230313;03;2023;7379342;1;1;01;;2;685.8435511;66;1;1;4;1;2;1;1;1;2;1;1;2;1;1;1;1;1;1;3;4;;;;400000;;;1;;;;;;;;;;1
20230313;03;2023;7379343;1;1;01;;2;685.8435511;66;1;1;4;1;2;1;1;1;2;1;1;5;1;1;1;1;1;1;3;1;;;99;400000;;;1;;;;;;;;;;1
20230313;03;2023;7379344;1;1;01;;2;658.28039779;66;2;1;4;1;1;1;1;1;2;1;1;1;1;1;1;1;1;3;3;3;;;;;220000;;1;;;;;;;;;;2
20230313;03;2023;7379345;1;1;01;;2;1408.6074524;66;2;1;4;1;2;1;1;1;2;1;1;4;4;1;1;1;1;1;3;1;;;140000000;800000;;;1;;;;;;;;;;5
20230313;03;2023;7379346;1;1;01;;2;612.52654065;66;1;1;4;1;1;1;1;1;2;1;1;3;1;1;1;1;1;3;3;1;;;98;400000;;;1;;;;;;;;;;1
20230313;03;2023;7379347;1;1;01;;2;1171.8615301;66;1;1;4;1;2;1;1;1;2;1;1;5;4;1;1;1;1;1;3;3;;;;;480000;;1;;;;;;;;;;5
20230313;03;2023;7379348;1;1;01;;2;714.0959389;66;1;1;4;1;1;1;1;1;2;1;1;3;2;1;1;1;1;3;3;3;;;;;250000;;;;;;;;;1;;;4
20230313;03;2023;7379349;1;1;01;;2;936.59332071;66;1;1;4;1;2;1;1;1;2;1;1;2;2;1;1;1;1;1;3;4;;;;250000;;;1;;;;;;;;;;3
20230313;03;2023;7379350;1;1;01;;1;71.952335683;66;2;1;4;1;1;1;1;1;2;1;1;3;2;1;1;1;1;1;3;3;;;;;200000;;;;;;;;;1;;;2
20230313;03;2023;7379352;1;1;01;;1;90.902228252;66;2;1;2;1;1;2;1;1;2;1;1;2;1;1;1;1;1;1;4;4;;;;100000;;;;;;;;;;1;;;2
20230313;03;2023;7379353;1;1;01;;1;70.159388725;66;1;1;2;1;1;1;1;1;2;1;1;4;2;1;1;1;1;1;3;1;;;50000000;300000;;;;;;;;;;1;;;3
20230313;03;2023;7379354;1;1;01;;1;92.440354043;66;1;1;4;1;1;2;1;1;2;1;1;4;1;1;1;1;1;1;4;3;;;;;300000;;;;;;;;;1;;;1
20230313;03;2023;7379355;1;1;01;;1;125.58229753;66;1;1;2;1;1;1;1;1;2;1;1;3;1;1;1;1;1;1;3;3;;;;;400000;;1;;;;;;;;;;2
20230313;03;2023;7379356;1;1;01;;1;70.159388725;66;1;1;2;1;1;1;1;1;2;1;1;2;2;1;1;1;1;1;4;1;;;40000000;150000;;;;;;;;;;1;;;3
20230313;03;2023;7379357;1;1;01;;1;92.440354043;66;1;1;2;1;1;1;1;1;2;1;1;3;1;1;1;1;1;1;3;1;;;70000000;100000;;;;;;;;;;1;;;1
20230313;03;2023;7379358;1;1;01;;1;280.6375549;66;2;1;2;1;1;2;1;1;2;1;1;3;2;1;1;1;1;1;4;3;;;;;320000;;;;;;;;;1;;;5
20230313;03;2023;7379359;1;1;01;;2;942.74314875;66;1;4;2;1;2;2;2;2;;2;1;3;1;2;1;4;2;1;4;1;;;90000000;80000;;;;;;;;;;1;;;1
20230313;03;2023;7379360;1;1;01;;2;780.72103847;66;1;4;2;1;2;2;2;1;1;1;1;2;1;2;1;1;1;1;4;3;;;;;200000;;;;;;;;;1;;;2
20230313;03;2023;7379361;1;1;01;;2;2122.0356243;66;1;5;1;1;2;2;2;2;;2;1;3;2;2;1;5;2;1;4;3;;;;;80000;;;;;;;;;1;;;5
20230313;03;2023;7379362;1;1;01;;2;1182.227592;66;1;1;2;1;2;2;2;1;1;1;1;3;2;2;1;1;1;1;4;1;;;30000000;250000;;;;;;;;;;1;;;2
20230313;03;2023;7379363;1;1;01;;2;2379.1201091;66;1;1;2;1;1;2;2;2;;1;1;3;2;2;1;5;2;1;4;1;;;70000000;80000;;;;;;;;;;1;;;4
20230313;03;2023;7379365;1;1;01;;2;1055.5857845;66;1;1;2;1;2;2;2;1;1;1;1;2;1;3;1;1;1;1;5;1;;;15000000;150000;;;;;;;;;;1;;;1
20230313;03;2023;7379366;1;1;01;;2;1055.5857845;66;1;1;2;1;2;2;2;2;;2;1;2;1;2;1;5;2;1;4;4;;;;80000;;;;;;;;;;1;;;1
20230313;03;2023;7379367;1;1;01;;2;1182.227592;66;1;4;3;1;2;2;2;1;1;1;1;3;2;2;1;1;1;1;5;4;;;;150000;;;;;;;;;;1;;;2
20230313;03;2023;7379368;1;1;01;;2;1493.7144028;66;1;1;2;1;2;2;2;1;1;1;1;3;2;3;1;1;1;1;5;4;;;;100000;;;;;;;;;;1;;;3
20230313;03;2023;7379369;1;1;01;;2;1175.8756681;66;1;1;2;1;2;2;2;1;1;1;1;2;1;2;1;1;1;1;4;1;;;50000000;300000;;;1;;;;1;;;;;;2
20230313;03;2023;7379370;1;1;01;;1;193.64310614;66;1;1;2;1;1;1;1;1;2;1;1;4;3;1;1;1;1;1;3;1;;;40000000;350000;;;1;;;;;;;;;;5
20230313;03;2023;7379371;1;1;01;;1;178.24621883;66;2;1;2;1;2;1;1;1;2;1;1;3;2;1;1;1;1;1;3;3;;;;;300000;;;;;;;;;1;;;4
20230313;03;2023;7379372;1;1;01;;1;148.52997399;66;1;1;2;1;2;2;1;1;2;1;1;4;2;1;1;1;1;1;4;1;;;40000000;300000;;;1;;;;;;;;;;3
20230313;03;2023;7379373;1;1;01;;1;194.99137181;66;1;1;4;1;2;2;1;1;2;1;1;3;1;1;1;1;1;1;4;1;;;100000000;400000;;;1;;;;1;;;;;;1
20230313;03;2023;7379374;1;1;01;;1;339.20069534;66;2;1;4;1;2;1;1;1;2;1;1;5;3;1;1;1;1;1;3;1;;;60000000;400000;;;1;;;;;;;;;;3
20230313;03;2023;7379375;1;1;01;;1;219.08231639;66;1;1;2;1;2;2;1;1;2;1;1;3;2;1;1;1;1;1;4;3;;;;;300000;;1;;;;1;;;;;;3
20230313;03;2023;7379376;1;1;01;;1;235.7620066;66;2;1;2;1;2;1;1;1;2;1;1;3;2;1;1;1;1;1;3;3;;;;;200000;;;;;;;;;1;;;2
20230313;03;2023;7379377;1;1;01;;1;278.13603923;66;1;1;2;1;2;2;1;1;2;1;1;3;2;1;1;1;1;1;4;1;;;80000000;250000;;;;;;;;;;1;;;3
20230313;03;2023;7379378;1;1;01;;1;439.88872089;66;2;1;4;1;2;2;1;1;2;1;1;3;2;1;1;1;1;1;4;3;;;;;250000;;1;;;;;;;;;;3
20230313;03;2023;7379379;1;1;01;;1;362.34370031;66;1;1;4;1;2;1;1;1;2;1;1;3;2;1;1;1;1;1;3;1;;;80000000;300000;;;;;;;;;;1;;;3
20230313;03;2023;7379380;1;1;01;;1;339.20069534;66;2;1;2;1;2;1;1;1;2;1;1;3;2;1;1;1;1;1;3;3;;;;;260000;;1;;;;;;;;;;3
20230313;03;2023;7379381;1;1;01;;1;134.72114663;66;2;1;4;1;2;2;1;1;2;1;1;3;2;1;1;1;1;1;4;3;;;;;500000;;1;;;;;;;;;;2
20230313;03;2023;7379382;1;1;01;;1;94.291621975;66;2;1;2;1;2;1;1;1;2;1;1;3;2;1;1;1;1;1;3;3;;;;;400000;;;;;;;;;1;;;3
20230313;03;2023;7379383;1;1;01;;1;109.08800378;66;2;1;4;1;2;1;1;1;2;1;1;5;4;1;1;1;1;1;3;1;;;150000000;450000;;;1;;;;;;;;;;4
20230313;03;2023;7379385;1;1;01;;1;158.67624219;66;2;1;4;1;2;1;1;1;2;1;1;3;2;1;1;1;1;1;3;3;;;;;270000;;;;;;;;;1;;;3
20230313;03;2023;7379386;1;1;01;;1;86.72826176;66;1;1;4;1;2;1;1;1;2;1;1;4;1;1;1;1;1;1;3;1;;;100000000;500000;;;1;;;;;;;;;;2
20230313;03;2023;7379387;1;1;01;;1;218.98046527;66;2;1;4;1;2;2;1;1;2;1;1;2;2;1;1;1;1;1;4;3;;;;;450000;;1;;;;;;;;;;3
20230313;03;2023;7379388;1;1;01;;1;127.15778641;66;2;1;4;1;2;2;1;1;2;1;1;3;1;1;1;1;1;1;4;3;;;;;430000;;1;;;;;;;;;;1
20230313;03;2023;7379389;1;1;01;;1;174.66902494;66;2;1;4;1;2;1;1;1;2;1;1;3;2;1;1;1;1;1;3;3;;;;;500000;;1;;;;1;1;;;;;3
20230313;03;2023;7379390;1;1;01;;1;95.722910075;66;2;1;4;1;2;1;1;1;2;1;1;3;1;1;1;1;1;1;3;3;;;;;570000;;;;;;;;;1;;;1
20230313;03;2023;7379392;1;1;01;;2;3533.5008008;05;1;1;2;1;1;2;2;2;;2;1;4;1;3;1;3;6;1;4;4;;;;100000;;;;;;;1;;;;;;1
20230313;03;2023;7379393;1;1;01;;2;2820.4657311;05;1;1;2;1;1;2;2;2;;2;1;1;1;3;1;4;2;1;5;4;;;;150000;;;;;;;;;;1;;;1
20230313;03;2023;7379394;1;1;01;;2;3341.1145325;05;1;3;2;1;1;2;2;2;;2;1;3;1;3;1;4;2;1;5;5;;;;300000;;;;;;;;;;1;;;1
20230313;03;2023;7379395;1;1;01;;2;2820.4657311;05;1;1;2;1;1;2;2;2;;2;1;2;1;3;1;4;2;1;5;4;;;;100000;;;;;;;;;;1;;;1
20230313;03;2023;7379396;1;1;01;;2;3533.5008008;05;1;3;4;1;1;2;2;2;;2;1;5;1;3;1;3;6;1;5;4;;;;50000;;;1;;;;1;1;;;;;1
20230313;03;2023;7379397;1;1;01;;2;2820.4657311;05;1;1;2;1;1;2;2;2;;2;1;2;1;3;1;4;6;1;5;1;;;15000000;100000;;;;;1;;;;;;;;1
20230313;03;2023;7379398;1;1;01;;2;3533.5008008;05;1;3;2;1;1;2;2;2;;2;1;2;1;3;1;4;2;1;5;5;;;;150000;;;;;;;;;;1;;;1
20230313;03;2023;7379399;1;1;01;;2;3945.3058809;05;1;1;2;1;1;2;2;2;;2;1;5;2;3;1;4;2;1;4;1;;;15000000;100000;;;;;;;;;;1;;;2
20230313;03;2023;7379400;1;1;01;;2;2820.4657311;05;1;1;2;1;1;2;2;2;;2;1;3;1;3;1;4;2;1;4;1;;;50000000;300000;;;;;;;;;;1;;;1
20230313;03;2023;7379401;1;1;01;;2;3533.5008008;05;1;1;2;1;1;2;2;2;;2;1;2;1;3;1;4;2;1;4;4;;;;150000;;;1;;;;;;;;;;1
20230313;03;2023;7379402;1;1;01;;1;1520.1367479;05;1;1;2;1;2;2;1;1;2;1;1;4;1;1;1;1;1;1;4;3;;;;;200000;;1;;;;;;;;;;1
20230313;03;2023;7379403;1;1;01;;1;1377.2963827;05;2;1;4;1;1;2;1;1;2;1;1;4;2;1;1;1;1;1;4;1;;;50000000;150000;;;;;;;;;;1;;;2
20230313;03;2023;7379404;1;1;01;;1;1520.1367479;05;2;1;2;1;2;2;1;1;2;1;1;1;1;1;1;1;1;1;4;3;;;;;60000;;;;;;;;;1;;;1
20230313;03;2023;7379405;1;1;01;;1;2399.7624476;05;1;1;2;1;2;2;1;1;2;1;1;2;1;1;1;1;1;1;4;3;;;;;100000;;1;;;;1;;;;;;2
20230313;03;2023;7379406;1;1;01;;1;1995.3334097;05;1;1;4;1;2;2;1;1;2;1;1;2;2;1;1;1;1;1;4;3;;;;;250000;;;;;;;;;1;;;4
20230313;03;2023;7379407;1;1;01;;1;4903.6557987;05;2;1;2;1;2;2;1;1;2;1;1;4;3;1;1;1;1;1;4;3;;;;;270000;;;;;;;;;1;;;6
20230313;03;2023;7379408;1;1;01;;1;1769.4736943;05;2;1;2;1;2;2;1;1;2;1;1;1;1;1;1;1;1;2;4;1;;;15000000;300000;;;;;;;;;;1;;;1
20230313;03;2023;7379409;1;1;01;;1;2139.4519405;05;2;1;4;1;2;2;1;1;2;1;1;3;2;1;1;1;1;1;4;4;;;;300000;;;;;;;;;;1;;;2
20230313;03;2023;7379410;1;1;01;;2;2518.9565674;05;1;1;2;1;1;2;2;2;;2;1;3;1;3;1;4;2;1;4;4;;;;150000;;;;;;;;;;1;;;1
20230313;03;2023;7379411;1;1;01;;2;4614.0376637;05;1;1;2;1;1;2;2;2;;2;1;3;2;3;1;4;2;1;4;1;;;5000000;150000;;;;;;;;;;1;;;4
20230313;03;2023;7379412;1;1;01;;2;3553.6786017;05;1;5;3;1;1;2;2;2;;2;1;4;3;2;1;4;2;1;4;1;;;98;200000;;;;;;;;;;1;;;3
20230313;03;2023;7379413;1;1;01;;2;2638.1967029;05;1;1;2;1;1;2;2;2;;2;1;3;1;2;1;4;2;1;4;4;;;;150000;;;;;;;;;;1;;;2
20230313;03;2023;7379414;1;1;01;;2;3347.0038473;05;1;1;2;1;1;2;2;2;;2;1;2;2;2;1;4;2;1;4;1;;;98;200000;;;;;;;;;;1;;;3
20230313;03;2023;7379415;1;1;01;;2;2086.0426191;05;1;2;3;1;1;2;2;2;;2;1;4;1;2;1;4;2;1;4;1;;;30000000;250000;;;;;;;;;;1;;;2
20230313;03;2023;7379416;1;1;01;;2;5185.0083931;05;1;1;2;1;1;2;2;2;;2;1;2;2;2;1;4;2;1;5;1;;;50000000;200000;;;;;;;;;;1;;;5
20230313;03;2023;7379417;1;1;01;;2;3341.1145325;05;1;1;2;1;1;2;2;2;;2;1;3;1;3;1;4;2;1;4;4;;;;50000;;;1;;;;;;;;;;1
20230313;03;2023;7379418;1;1;01;;2;6619.1487466;05;1;1;2;1;1;2;2;2;;2;1;3;2;2;1;4;2;1;4;1;;;10000000;100000;;;1;;;;;;;;;;4
20230313;03;2023;7379419;1;1;01;;2;3273.8577145;05;1;1;2;1;1;2;2;2;;2;1;4;3;3;1;4;2;1;5;1;;;40000000;200000;;;1;;;;;;;;;;4
20230313;03;2023;7379420;1;1;01;;1;2243.7125351;05;1;1;2;1;2;2;1;1;2;1;1;3;1;1;1;1;1;1;4;1;;;98;120000;;;;;;;;;;1;;;1
20230313;03;2023;7379421;1;1;01;;1;3420.1325703;05;1;1;2;1;2;2;1;1;2;1;1;4;2;1;1;1;1;1;4;1;;;60000000;200000;;;;;;;;;;1;;;3
20230313;03;2023;7379422;1;1;01;;1;2403.8697629;05;2;1;4;1;2;2;1;1;2;1;1;3;1;1;1;1;1;1;4;4;;;;300000;;;1;;;;;;;;;;2
20230313;03;2023;7379424;1;1;01;;1;1807.9599666;05;1;1;4;1;2;2;1;1;2;1;1;3;1;1;1;1;1;1;4;1;;;25000000;200000;;;;;;;;;;1;;;2
20230313;03;2023;7379427;1;1;01;;1;3687.0383964;05;1;1;2;1;2;2;1;1;2;1;3;4;3;1;1;1;1;1;4;4;;;;180000;;;1;;;;;;;;;;2
20230313;03;2023;7379427;2;2;01;;1;3687.0383964;05;1;1;2;1;2;2;1;1;2;1;3;1;1;1;1;1;1;1;4;4;;;;100000;;;;;;;;;;1;;;2
20230313;03;2023;7379427;3;3;01;;1;3687.0383964;05;1;1;2;1;2;2;1;1;2;1;3;1;1;1;1;1;1;1;4;4;;;;100000;;;1;;;;;;;;;;1
20230313;03;2023;7379428;1;1;01;;1;4125.0170909;05;1;1;2;1;2;2;1;1;2;1;1;3;3;1;1;1;1;1;4;1;;;25000000;200000;;;1;;;;;;;;;;4
20230313;03;2023;7379431;1;1;01;;1;1520.1367479;05;1;1;4;1;2;2;1;1;2;1;1;2;1;1;1;1;1;1;4;3;;;;;160000;;1;;;;;;;;;;1
20230313;03;2023;7379432;1;1;01;;1;1689.040831;05;2;1;2;1;2;2;1;1;2;1;1;3;1;1;1;1;1;1;4;1;;;98;100000;;;;;1;;;;;;;;1
20230313;03;2023;7379433;1;1;01;;1;1996.0610542;05;2;1;4;1;3;1;1;1;3;1;1;4;1;1;1;1;1;1;3;3;;;;;400000;;1;;;;;;;;;;2
20230313;03;2023;7379434;1;1;01;;1;3107.2936884;05;2;1;4;1;3;1;1;1;3;1;1;3;1;1;1;1;1;1;3;4;;;;300000;;;1;;;;;;;;;;3
20230313;03;2023;7379435;1;1;01;;1;3469.4168785;05;2;1;4;1;3;2;1;1;3;1;1;4;2;1;1;1;1;1;4;1;;;120000000;500000;;;1;;;;;;;;;;3
20230313;03;2023;7379436;1;1;01;;1;4832.8480549;05;2;1;4;1;3;1;1;1;3;1;1;4;3;1;1;1;1;1;3;4;;;;500000;;;;;;;;;;1;;;4
20230313;03;2023;7379437;1;1;01;;1;2926.5512769;05;2;1;2;1;3;1;1;1;3;1;1;3;1;1;1;1;1;1;3;3;;;;;250000;;;;;;;;;1;;;1
20230313;03;2023;7379438;1;1;01;;1;2915.4661302;05;1;1;4;1;3;1;1;1;3;1;1;3;2;1;1;1;1;1;3;4;;;;450000;;;;;;;;;;1;;;3
20230313;03;2023;7379439;1;1;01;;1;3483.8331629;05;1;1;4;1;3;1;1;1;3;1;1;3;3;1;1;1;1;1;3;1;;;250000000;800000;;;;;;;;;;1;;;2
20230313;03;2023;7379440;1;1;01;;1;1996.0610542;05;1;1;4;1;3;2;1;1;3;1;1;2;1;1;1;1;1;1;4;1;;;99;400000;;;;;;;;;;1;;;2
20230313;03;2023;7379441;1;1;01;;1;2926.5512769;05;2;1;4;1;3;2;1;1;3;1;1;1;1;1;1;1;1;1;1;3;;;;;250000;;1;;;;;;;;;;1
20230313;03;2023;7379443;1;1;01;;1;2692.251443;05;1;1;4;1;3;1;1;1;3;1;1;3;1;1;1;1;1;1;3;3;;;;;300000;;;;;;;;;1;;;2
20230313;03;2023;7379444;1;1;01;;1;1795.1543345;05;2;1;2;1;3;1;1;1;3;1;1;3;1;1;1;1;1;1;3;6;;;;300000;;;;;;;;;;1;;;1
20230313;03;2023;7379445;1;1;01;;1;2692.251443;05;2;1;2;1;3;1;1;1;3;1;1;2;1;1;1;1;1;1;3;3;;;;;150000;;;;;;;;;1;;;2
20230313;03;2023;7379446;1;1;01;;1;4171.613259;05;1;1;4;1;3;1;1;1;3;1;1;3;2;1;1;1;1;1;3;3;;;;;420000;;1;;;;;;;;;;4
20230313;03;2023;7379447;1;1;01;;1;4500.8418835;05;2;1;2;1;3;1;1;1;3;1;1;3;2;1;1;1;1;1;3;3;;;;;300000;;;;;;;;;1;;;9
20230313;03;2023;7379448;1;1;01;;1;1362.4669884;05;1;1;4;1;3;1;1;1;3;1;1;3;2;1;1;1;1;1;3;3;;;;;450000;;1;;;;;;;;;;3
20230313;03;2023;7379449;1;1;01;;1;1542.1987232;05;1;1;4;1;3;1;1;1;3;1;1;3;1;1;1;1;1;1;3;3;;;;;450000;;1;;;;;;;;;;1
20230313;03;2023;7379450;1;1;01;;1;2814.1052861;05;1;1;4;1;3;1;1;1;3;1;1;2;1;1;1;1;1;1;3;3;;;;;350000;;;;;;;;;1;;;3
20230313;03;2023;7379451;1;1;01;;1;1887.1383961;05;2;1;4;1;3;1;1;1;3;1;1;3;2;1;1;1;1;1;3;3;;;;;300000;;;;;;;;;1;;;3
20230313;03;2023;7379452;1;1;01;;1;3061.3326734;05;1;1;4;1;2;1;1;1;2;1;1;7;2;1;1;1;1;1;3;1;;;150000000;1000000;;;1;;;;;;;;;;3
20230313;03;2023;7379453;1;1;01;;2;3976.5467166;05;1;1;2;1;1;1;2;2;;2;1;3;3;2;1;4;6;1;5;4;;;;200000;;;;;;;;;;1;;;4
20230313;03;2023;7379454;1;1;01;;2;4134.8843984;05;1;1;4;1;1;2;2;2;;2;1;4;4;2;1;4;2;1;4;4;;;;300000;;;;;;;;;;1;;;5
20230313;03;2023;7379455;1;1;01;;1;2313.2980848;05;2;1;4;1;2;1;1;1;2;1;1;2;1;1;1;1;1;1;3;4;;;;150000;;;;;;;;;;1;;;1
20230313;03;2023;7379456;1;1;01;;2;4577.2748609;05;1;1;3;1;1;2;2;2;;2;1;4;2;2;1;4;6;1;5;4;;;;150000;;;;;;;;;;1;;;4
20230313;03;2023;7379457;1;1;01;;2;3542.4595796;05;1;1;4;1;1;2;2;2;;2;1;5;3;2;1;4;2;1;5;5;;;;200000;;;;;;;;;;1;;;4
20230313;03;2023;7379458;1;1;01;;2;4871.9518588;05;1;1;2;1;1;2;2;2;;2;1;2;2;2;1;4;2;1;4;4;;;;200000;;;;;;;;;;1;;;5
20230313;03;2023;7379459;1;1;01;;2;2333.0908183;05;1;1;2;1;1;2;2;2;;2;1;3;2;2;1;4;6;1;4;1;;;40000000;80000;;;1;;;;1;;;;;;2
20230313;03;2023;7379460;1;1;01;;2;2170.9290642;05;1;1;2;1;1;2;2;2;;2;1;4;1;2;1;4;6;1;4;4;;;;400000;;;1;;;;;;;;;;1
20230313;03;2023;7379461;1;1;01;;2;2273.6945819;05;1;1;2;1;1;2;2;2;;2;1;3;1;2;1;4;2;1;4;1;;;99;450000;;;1;;;;;;;;;;2
20230313;03;2023;7379462;1;1;01;;2;3319.4931588;05;1;1;4;1;1;2;2;2;;2;1;3;3;2;1;4;2;3;4;3;;;;;110000;;;;;;;;;1;;;3
20230313;03;2023;7379463;1;1;01;;2;2884.5705496;05;1;1;2;1;1;2;2;2;;2;1;3;2;3;1;4;6;1;4;1;;;30000000;200000;;;;;;;;;;1;;;3
20230313;03;2023;7379464;1;1;01;;1;6554.3504314;05;2;1;4;1;2;1;1;1;2;1;1;4;3;1;1;1;1;1;3;4;;;;450000;;;;;;;;;;1;;;5
20230313;03;2023;7379465;1;1;01;;1;2095.927941;05;1;1;4;1;2;1;1;1;2;1;1;5;1;1;1;1;1;1;3;1;;;98;300000;;;;;;;;;;1;;;2
20230313;03;2023;7379466;1;1;01;;1;5179.4890233;05;2;1;4;1;2;1;1;1;2;1;2;2;1;1;2;1;1;1;3;3;;;;;200000;;;;;;;;;1;;;3
20230313;03;2023;7379466;2;2;01;;1;5179.4890233;05;2;1;4;1;2;1;1;1;2;1;2;3;2;1;2;1;1;1;3;3;;;;;200000;;;;;;;;;1;;;5
20230313;03;2023;7379467;1;1;01;;1;6420.2906751;05;1;1;2;1;2;1;1;1;2;1;1;4;3;1;1;1;1;1;3;4;;;;350000;;;;;;;;;;1;;;5
20230313;03;2023;7379468;1;1;01;;1;2043.7004825;05;2;1;4;1;2;1;1;1;2;1;1;3;2;1;1;1;1;1;3;4;;;;450000;;;;;;;;;;1;;;5
20230313;03;2023;7379469;1;1;01;;1;1542.1987232;05;2;1;4;1;3;2;1;1;3;1;1;2;1;1;1;1;1;1;4;3;;;;;250000;;1;;;;;;;;;;1
20230313;03;2023;7379470;1;1;01;;1;2313.2980848;05;1;1;2;1;2;2;1;1;2;1;1;4;1;1;1;1;1;1;4;1;;;99;300000;;;;;;;;;;1;;;1
20230313;03;2023;7379471;1;1;01;;1;3470.1379784;05;1;1;2;1;1;2;2;1;1;1;1;2;2;3;1;1;1;2;4;4;;;;100000;;;;;;;;;;1;;;3
20230313;03;2023;7379472;1;1;01;;1;2165.9667988;05;2;1;4;1;2;1;1;1;2;1;1;3;2;1;1;1;1;3;3;1;;;60000000;250000;;;;;;;;;;1;;;3
20230313;03;2023;7379473;1;1;01;;1;1795.1543345;05;1;1;2;1;1;2;2;1;1;1;1;2;2;2;1;1;1;1;4;1;;;80000000;300000;;;1;;;;;;;;;;1
20230313;03;2023;7379474;1;1;01;;1;3900.6790614;05;1;1;2;1;1;2;1;1;1;1;1;1;1;2;1;1;1;1;4;4;;;;400000;;;1;;;;1;;;;;;4
20230313;03;2023;7379476;1;1;01;;1;2420.905944;05;1;1;2;1;1;2;1;1;1;1;1;5;3;2;1;1;1;1;4;4;;;;300000;;;;;;;;;;1;;;5
20230313;03;2023;7379477;1;1;01;;1;2517.0054009;05;2;1;2;1;2;2;1;1;2;1;1;2;2;1;1;1;1;3;4;1;;;99;250000;;;;;;;;;;1;;;2
20230313;03;2023;7379478;1;1;01;;1;1544.6174745;05;2;1;2;1;2;1;1;1;2;1;1;3;1;1;1;1;1;3;3;1;;;99;250000;;;;;;;;;;1;;;4
20230313;03;2023;7379479;1;1;01;;1;1188.5610582;05;2;1;2;1;2;1;1;1;2;1;1;3;2;1;1;1;1;3;3;1;;;99;200000;;;;;;;;;;1;;;2
20230313;03;2023;7379480;1;1;01;;1;1956.9270954;05;2;1;2;1;2;2;1;1;2;1;1;2;1;1;1;1;1;1;4;1;;;99;99;;;1;;;;;;;;;;1
20230313;03;2023;7379481;1;1;01;;1;1469.4396833;05;2;1;2;1;2;1;1;1;2;1;1;2;2;1;1;1;1;3;3;1;;;99;250000;;;;;;;;;;1;;;3
20230313;03;2023;7379482;1;1;01;;1;2915.8267795;05;2;1;4;1;2;1;1;1;2;1;1;3;2;1;1;1;1;3;3;1;;;60000000;400000;;;;;;;;;;1;;;3
20230313;03;2023;7379483;1;1;01;;1;2583.6709186;05;1;1;1;1;1;2;2;1;1;1;1;3;1;2;1;1;1;1;4;3;;;;;300000;;;;;;;;;1;;;1
20230313;03;2023;7379484;1;1;01;;1;2342.8953612;05;2;1;4;1;2;1;1;1;2;1;1;3;2;1;1;1;1;3;3;1;;;70000000;300000;;;;;;;;;;1;;;5
20230313;03;2023;7379485;1;1;01;;1;2300.3071836;05;1;4;2;1;1;2;2;1;1;1;1;1;1;2;1;1;1;3;4;4;;;;200000;;;;;;;;;;1;;;2
20230313;03;2023;7379486;1;1;01;;1;1367.4155125;05;1;1;2;1;1;2;2;1;1;1;1;2;2;2;1;1;1;1;4;1;;;99;400000;;;1;;;;;;;;;;3
20230313;03;2023;7379487;1;1;01;;1;1397.285294;05;1;1;2;1;1;2;2;1;1;1;1;2;1;2;1;1;1;1;5;1;;;99;200000;;;;;;;;;;1;;;2
20230313;03;2023;7379488;1;1;01;;1;1397.285294;05;1;1;1;1;1;2;2;1;1;1;1;3;1;2;1;1;1;1;5;1;;;99;300000;;;;;;;;;;1;;;2
20230313;03;2023;7379489;1;1;01;;1;1358.7396452;05;2;1;2;1;2;1;1;1;2;1;1;3;2;1;1;1;1;3;3;1;;;50000000;300000;;;;;;;;;;1;;;3
20230313;03;2023;7379491;1;1;01;;1;1860.2430614;05;2;1;2;1;2;1;1;1;2;1;1;2;1;1;1;1;1;1;3;1;;;70000000;300000;;;;;;;;;;1;;;1
20230313;03;2023;7379492;1;1;01;;2;5669.2510278;05;1;1;2;1;1;2;2;1;1;1;1;4;2;3;1;1;1;1;4;3;;;;;350000;;;;;;;;;1;;;5
20230313;03;2023;7379493;1;1;01;;2;2990.9798483;05;1;1;2;1;1;2;2;1;1;1;1;4;2;2;1;1;1;1;4;4;;;;300000;;;;;;;;;;1;;;3
20230313;03;2023;7379494;1;1;01;;2;2430.7807087;05;1;4;2;1;1;2;2;1;1;1;1;3;1;2;1;1;1;5;5;4;;;;150000;;;;;;;;;;1;;;1
20230313;03;2023;7379495;1;1;01;;2;4079.3122343;05;1;1;4;1;1;2;2;1;1;1;1;4;3;2;1;1;1;1;4;4;;;;250000;;;;;;;;;;1;;;5
20230313;03;2023;7379496;1;1;01;;2;4528.0264479;05;1;1;4;1;1;2;2;1;1;1;1;3;3;3;1;1;1;1;4;1;;;98;150000;;;;;;;;;;1;;;5
20230313;03;2023;7379497;1;1;01;;2;2273.6945819;05;1;1;2;1;1;2;2;1;1;1;1;3;1;2;1;1;1;1;4;3;;;;;180000;;;;;;;;;1;;;2
20230313;03;2023;7379498;1;1;01;;2;4577.2748609;05;1;1;4;1;1;2;2;1;1;1;1;4;3;3;1;1;1;1;4;4;;;;300000;;;;;;;;;;1;;;4
20230313;03;2023;7379499;1;1;01;;2;2888.2143306;05;1;1;2;1;1;2;2;1;1;1;1;2;2;3;1;1;1;1;4;3;;;;;100000;;;;;;;;;1;;;2
20230313;03;2023;7379500;1;1;01;;2;4214.8983011;05;1;1;2;1;1;2;2;1;1;1;1;3;2;3;1;1;1;5;5;4;;;;150000;;;;;;;;;;1;;;4
20230313;03;2023;7379501;1;1;01;;2;2430.7807087;05;1;1;4;1;1;2;2;1;1;1;1;4;1;2;1;1;1;1;4;1;;;98;400000;;;1;;;;;;;;;;1
20230313;03;2023;7379502;1;1;01;;1;3658.1362342;05;1;1;4;1;2;1;1;1;2;1;1;3;2;1;1;1;1;1;3;1;;;98;350000;;;;;;;;;;1;;;2
20230313;03;2023;7379503;1;1;01;;1;2313.2980848;05;2;1;4;1;2;2;1;1;2;2;1;2;1;1;1;1;2;1;4;4;;;;100000;;;;;;;;;;1;;;1
20230313;03;2023;7379504;1;1;01;;2;1394.2436025;23;1;4;1;1;1;2;2;2;;2;1;3;2;2;1;4;4;1;5;4;;;;80000;;;;;;;;;;1;;;3
20230313;03;2023;7379505;1;1;01;;2;1658.990844;23;1;5;1;1;1;2;2;2;;2;1;3;2;2;1;3;4;1;5;1;;;20000000;60000;;;;;;;;;;1;;;3
20230313;03;2023;7379506;1;1;01;;2;1491.5052538;23;1;4;1;1;1;2;2;2;;2;1;2;1;6;;4;4;1;5;4;;;;50000;;;1;;;;;;;;;;2
20230313;03;2023;7379507;1;1;01;;2;1488.4640802;23;1;7;1;1;1;2;2;2;;2;1;3;2;2;1;4;9;1;5;4;;;;50000;;;;;;;;;;1;;;6
20230313;03;2023;7379508;1;1;01;;2;720.31320763;23;1;4;1;1;1;2;2;2;;2;1;3;2;2;1;4;4;1;5;1;;;10000000;100000;;;;;;;;;;1;;;3
20230313;03;2023;7379509;1;1;01;;2;880.49817813;23;1;5;1;1;1;2;2;2;;2;1;2;1;2;1;4;9;1;5;4;;;;100000;;;;;;;;;;1;;;2
20230313;03;2023;7379511;1;1;01;;2;1402.6510107;23;1;4;1;1;1;2;2;2;;2;1;1;1;2;1;4;4;2;5;5;;;;50000;;;;;;;;;;1;;;3
20230313;03;2023;7379512;1;1;01;;2;1531.4675805;23;1;4;1;1;1;2;2;2;;2;1;4;3;2;1;3;4;1;5;1;;;45000000;100000;;;;;;;;;;1;;;6
20230313;03;2023;7379513;1;1;01;;2;1491.5052538;23;1;5;1;1;1;2;2;2;;2;1;2;1;2;1;4;10;1;5;4;;;;50000;;;;;;;;;;1;;;2
20230313;03;2023;7379514;1;1;01;;2;1058.8652857;23;1;4;1;1;1;2;2;2;;2;1;3;2;2;1;3;4;1;5;1;;;50000000;100000;;;;;;;;;;1;;;3
20230313;03;2023;7379515;1;1;01;;2;1651.6902243;23;1;5;1;1;1;2;2;2;;2;1;3;1;6;;4;4;1;5;1;;;20000000;50000;;;;;;;;;;1;;;1
20230313;03;2023;7379517;1;1;01;;2;1742.8643271;23;1;1;2;1;1;2;2;2;;2;1;2;1;6;;4;10;5;5;4;;;;150000;;;;;;;;;;1;;;3
20230313;03;2023;7379518;1;1;01;;2;753.83634984;23;1;1;2;1;1;2;2;2;;2;1;3;2;2;1;4;4;1;5;1;;;30000000;100000;;1;1;;;;;;;;;;8
20230313;03;2023;7379519;1;1;01;;2;1366.6189865;23;1;1;2;1;1;2;2;2;;2;1;1;1;2;1;4;9;1;5;4;;;;50000;;;;;;;;;;1;;;1
20230313;03;2023;7379520;1;1;01;;2;1727.4786714;23;1;1;1;1;1;2;2;2;;2;1;2;1;2;1;3;9;2;1;4;;;;50000;;;;;;;;;;1;;;4
20230313;03;2023;7379521;1;1;01;;2;1532.4963192;23;1;1;2;1;1;2;2;2;;2;1;3;2;2;1;4;2;2;5;1;;;20000000;100000;;1;;;;;;;;;;;3
20230313;03;2023;7379522;1;1;01;;2;1170.8373559;23;1;1;2;1;1;2;2;2;;2;1;3;1;2;1;4;10;1;4;4;;;;100000;;;;;;;;;;1;;;2
20230313;03;2023;7379523;1;1;01;;2;1532.4963192;23;1;1;2;1;1;2;2;2;;2;1;3;2;2;1;4;4;1;5;4;;;;200000;;;1;;;;;;;;;;3
20230313;03;2023;7379525;1;1;01;;2;875.37907441;23;1;1;1;1;1;2;2;2;;2;1;3;2;2;1;4;4;1;5;1;;;40000000;100000;;;1;;;;;;;;;;6
20230313;03;2023;7379526;1;1;01;;2;1822.9508658;23;1;1;2;1;1;2;2;2;;2;1;2;1;2;1;3;4;4;5;4;;;;100000;;;;;;;;;;1;;;2
20230313;03;2023;7379528;1;1;01;;1;2356.5354496;23;1;1;4;1;1;2;1;1;2;1;1;3;1;1;1;1;1;4;4;3;;;;;150000;;;;;;;;;1;;;1
20230313;03;2023;7379531;1;1;01;;1;1802.6645768;23;1;1;2;1;1;2;1;1;2;1;1;3;2;1;1;4;2;1;5;1;;;30000000;100000;;;1;;;;;;;;;;3
20230313;03;2023;7379532;1;1;01;;1;1779.9569186;23;1;7;1;1;1;2;1;1;2;1;1;2;2;1;1;1;1;5;5;3;;;;;50000;;;;;;;;;1;;;5
20230313;03;2023;7379533;1;1;01;;1;2156.4219203;23;1;4;2;1;1;2;1;1;2;1;1;2;1;6;;4;1;4;5;1;;;10000000;50000;;1;;;;;;;;;;;2
20230313;03;2023;7379534;1;1;01;;1;1734.5486457;23;1;1;2;1;1;2;1;1;2;1;1;3;2;1;1;1;1;4;4;3;;;;;130000;;;;;;;;;1;;;5
20230313;03;2023;7379535;1;1;01;;1;1299.1984544;23;1;7;1;1;1;2;1;1;3;1;1;2;1;1;1;1;1;5;5;3;;;;;50000;;;;;;;;;1;;;2
20230313;03;2023;7379536;1;1;01;;1;2053.4611938;23;1;1;4;1;1;2;1;1;2;1;1;3;2;1;1;4;1;1;4;1;;;40000000;200000;;1;;;;;;;;;;;4
20230313;03;2023;7379538;1;1;01;;1;1609.7248181;23;1;1;2;1;1;2;1;1;2;1;1;3;2;1;1;1;1;4;5;1;;;50000000;150000;;;;;;;;;;1;;;2
20230313;03;2023;7379539;1;1;01;;1;2356.5354496;23;1;4;2;1;0;2;1;1;2;1;1;2;1;1;1;1;1;6;;4;;;;130000;;;;;;;;;;1;;;1
20230313;03;2023;7379540;1;1;01;;2;3408.0334806;23;1;4;1;1;1;2;2;2;;2;1;2;1;2;1;4;4;1;5;1;;;20000000;50000;;;;;;;;;;1;;;7
20230313;03;2023;7379541;1;1;01;;2;3034.3002174;23;1;4;1;1;1;2;2;2;;2;1;2;1;6;;4;4;1;5;3;;;;;30000;1;;;;;;;;;;;5
20230313;03;2023;7379542;1;1;01;;2;4381.244428;23;1;1;1;1;1;2;2;2;;2;1;2;2;6;;4;4;2;1;4;;;;50000;;;;;;;;;;1;;;4
20230313;03;2023;7379543;1;1;01;;2;3845.2869825;23;1;7;1;1;1;2;2;2;;2;1;2;1;2;2;4;4;5;5;4;;;;50000;;;;;;;;;;1;;;2
20230313;03;2023;7379544;1;1;01;;2;2730.1110797;23;1;4;1;1;0;2;2;2;;2;1;2;1;6;;4;4;5;5;1;;;20000000;80000;;;;;;;;;;1;;;5
20230313;03;2023;7379545;1;1;01;;2;3325.2894803;23;1;5;2;1;1;2;2;2;;2;1;3;1;2;1;4;2;1;5;5;;;;60000;;;;;;;;;;1;;;1
20230313;03;2023;7379546;1;1;01;;2;3646.5101485;23;1;4;1;1;1;2;2;2;;2;1;2;1;2;1;4;2;1;5;5;;;;100000;;1;;;;;;;;;;;8
20230313;03;2023;7379547;1;1;01;;2;3845.2869825;23;1;1;2;1;1;2;2;2;;2;1;3;1;2;1;4;4;5;5;4;;;;50000;;;;;;;;;;1;;;2
20230313;03;2023;7379548;1;1;01;;2;2246.898434;23;1;4;1;1;1;2;2;2;;2;1;4;3;2;1;4;4;1;5;1;;;30000000;100000;;;;;;;;;;1;;;6
20230313;03;2023;7379549;1;1;01;;2;4258.2638596;23;1;4;1;1;1;2;2;2;;2;1;2;1;2;1;4;4;6;;1;;;10000000;40000;;;;;;;;;;1;;;1
20230313;03;2023;7379550;1;1;01;;1;696.42673567;23;1;1;2;1;1;1;1;1;2;1;1;4;3;1;1;1;1;1;3;1;;;90000000;300000;;;1;;;;;;;;;;11
20230313;03;2023;7379551;1;1;01;;1;880.91483946;23;1;1;2;1;1;1;1;1;2;1;1;3;2;1;1;1;1;2;3;3;;;;;300000;1;1;;;;;;;;;;3
20230313;03;2023;7379552;1;1;01;;1;1068.5212732;23;1;1;4;1;1;1;1;1;2;1;1;3;1;1;1;1;1;1;3;1;;;98;400000;;;;;;;;;;1;;;2
20230313;03;2023;7379553;1;1;01;;1;2209.251984;23;1;1;2;1;1;1;1;1;2;1;1;2;1;1;1;1;1;1;3;1;;;8000000;100000;;;1;;;;;;;;;;1
20230313;03;2023;7379554;1;1;01;;1;2031.2166102;23;1;1;2;1;1;1;1;1;2;1;1;3;1;1;1;1;1;4;3;3;;;;;100000;;;;;;;;;1;;;5
20230313;03;2023;7379555;1;1;01;;1;696.42673567;23;1;1;2;1;1;1;1;1;2;1;1;3;2;1;1;1;1;1;3;3;;;;;300000;;1;;;;;;;;;;3
20230313;03;2023;7379556;1;1;01;;1;696.42673567;23;1;1;4;1;1;1;1;1;2;1;1;3;2;1;1;1;1;1;3;1;;;70000000;400000;;1;1;;;;;;;;;;7
20230313;03;2023;7379557;1;1;01;;1;1310.3433134;23;1;1;4;1;1;1;1;1;3;1;1;3;2;1;1;1;1;1;3;3;;;;;250000;;1;;;;;;;;;;3
20230313;03;2023;7379559;1;1;01;;1;1232.2545685;23;1;1;2;1;1;1;1;1;2;1;1;3;2;1;1;1;1;1;3;1;;;99;300000;;;;;;;;;;1;;;3
20230313;03;2023;7379560;1;1;01;;1;1229.165821;23;1;1;4;1;1;1;1;1;2;1;1;4;1;1;1;1;1;1;3;1;;;100000000;400000;;;1;;;;;;;;;;2
20230313;03;2023;7379561;1;1;01;;1;1068.5212732;23;1;1;4;1;1;1;1;1;2;1;1;3;2;1;1;1;1;1;3;1;;;95000000;380000;;;1;;;;;;;;;;2
20230313;03;2023;7379562;1;1;01;;1;1256.1277069;23;1;1;4;1;1;1;1;1;2;1;1;3;1;1;1;1;1;1;3;1;;;70000000;300000;;;;;;;;;;1;;;1
20230313;03;2023;7379564;1;1;01;;1;2313.520669;23;1;5;1;1;1;1;1;1;3;1;1;2;1;1;1;1;1;1;3;4;;;;150000;;;1;;;;;;;;;;3
20230313;03;2023;7379565;1;1;01;;1;1022.9393002;23;1;1;2;1;1;1;1;1;3;1;1;3;2;1;2;1;1;1;3;1;;;40000000;300000;;;1;;;;;;;;;;5
20230313;03;2023;7379566;1;1;01;;1;2418.6521228;23;2;5;2;1;1;2;1;1;3;1;1;3;2;1;1;1;1;1;5;3;;;;;60000;;;;;;;;;1;;;8
20230313;03;2023;7379567;1;1;01;;1;1363.4435393;23;2;1;2;1;1;1;1;1;3;1;1;2;1;1;1;1;1;6;;4;;;;250000;;;1;;;;;;;;;;2
20230313;03;2023;7379568;1;1;01;;1;772.50645696;23;2;1;2;1;1;1;1;1;3;1;1;3;2;1;1;1;1;1;3;1;;;35000000;300000;;;;;;;;;;1;;;3
20230313;03;2023;7379569;1;1;01;;1;772.50645696;23;1;2;2;1;1;1;1;1;3;1;1;3;3;1;1;1;1;1;3;1;;;23000000;150000;;;;;;;;;;1;;;3
20230313;03;2023;7379570;1;1;01;;1;772.50645696;23;1;1;1;1;1;1;1;1;3;1;1;3;2;1;1;1;1;1;5;1;;;30000000;200000;;;;;;;;;;1;;;4
20230313;03;2023;7379571;1;1;01;;1;1366.8697108;23;1;1;2;1;1;1;1;1;3;1;1;4;3;1;1;1;1;1;3;1;;;64000000;300000;;;;;;;;;;1;;;3
20230313;03;2023;7379573;1;1;01;;1;1874.618437;23;1;5;2;1;1;1;1;1;3;1;1;2;1;1;1;1;1;1;3;1;;;35000000;100000;;;;;;;;;;1;;;3
20230313;03;2023;7379574;1;1;01;;1;1351.0563237;23;1;1;4;1;1;1;1;1;3;1;1;4;2;1;1;1;1;1;3;3;;;;;400000;;1;;;;;;;;;;2
20230313;03;2023;7379575;1;1;01;;1;2433.4750839;23;1;1;1;1;1;1;1;1;3;1;1;2;2;1;1;1;1;1;3;1;;;26000000;200000;;;;;;;;;;1;;;3
20230313;03;2023;7379576;1;1;01;;1;2194.527544;23;1;1;4;1;1;1;1;1;3;1;1;5;1;1;1;1;1;1;3;4;;;;500000;;;;;;;;;;1;;;1
20230313;03;2023;7379577;1;1;01;;1;2885.3738537;23;1;1;2;1;1;1;1;1;3;1;1;2;1;1;1;1;1;1;3;3;;;;;240000;;1;;;;;;;;;;5
20230313;03;2023;7379578;1;1;01;;1;1722.694204;23;2;1;2;1;1;1;1;1;3;1;1;5;3;1;1;1;1;1;3;1;;;45000000;450000;;;1;;;;;;;;;;3
20230313;03;2023;7379579;1;1;01;;1;1866.7682851;23;1;1;2;1;1;1;1;1;3;1;1;3;1;1;1;1;1;1;3;1;;;50000000;500000;;;;;;;;;;1;;;2
20230313;03;2023;7379580;1;1;01;;1;865.20723179;23;2;1;4;1;1;1;1;1;3;1;1;4;2;1;1;1;1;1;3;1;;;130000000;600000;;;1;;;;;;;;;;3
20230313;03;2023;7379581;1;1;01;;1;2440.6159902;23;2;1;4;1;1;1;1;1;3;1;1;3;1;1;1;1;1;1;3;3;;;;;200000;;;;;;;;;1;;;2
20230313;03;2023;7379584;1;1;01;;1;2157.1913962;23;1;1;2;1;1;1;1;1;3;1;1;2;1;1;1;1;10;1;3;2;;500000;25000000;150000;;;1;;;;;;;;;;4
20230313;03;2023;7379585;1;1;01;;1;1785.2708436;23;1;1;4;1;1;1;1;1;3;1;1;4;1;1;1;1;1;1;3;1;;;120000000;600000;;;1;;;;;;;;;;2
20230313;03;2023;7379586;1;1;01;;1;1967.3504286;23;1;5;2;1;1;1;1;1;3;1;1;2;2;1;1;1;1;1;3;4;;;;200000;;;;;;;;;;1;;;5
20230313;03;2023;7379589;1;1;01;;1;2511.5956362;23;1;1;1;1;1;1;1;1;3;1;1;3;2;1;1;1;1;1;3;1;;;40000000;200000;;;1;;;;;;;;;;2
20230313;03;2023;7379590;1;1;01;;1;2506.4014629;23;1;1;4;1;1;1;1;1;3;1;1;4;3;1;1;1;1;1;3;3;;;;;250000;;1;;;;;;;;;;5
20230313;03;2023;7379591;1;1;01;;2;3445.1251539;23;1;1;2;1;1;2;2;2;;2;1;4;2;2;1;4;4;1;5;3;;;;;50000;;;;;;;;;1;;;5
20230313;03;2023;7379592;1;1;01;;2;5220.9021802;23;1;1;1;1;1;2;2;2;;2;1;2;1;2;1;4;4;1;5;3;;;;;150000;;1;;;;;;;;;;3
20230313;03;2023;7379593;1;1;01;;2;3918.8320413;23;1;1;2;1;1;2;2;2;;2;1;4;3;2;1;4;3;1;5;1;;;40000000;120000;;;;;;;;;;1;;;4
20230313;03;2023;7379594;1;1;01;;2;3676.5315177;23;1;4;1;1;1;2;2;2;;2;1;4;3;2;1;4;4;1;4;1;;;20000000;200000;;;1;;;;;;;;;;7
20230313;03;2023;7379597;1;1;01;;2;819.63663588;23;1;1;1;1;1;2;2;2;;2;1;4;3;2;1;4;3;1;4;1;;;35000000;130000;;;;;;;1;;;;;;4
20230313;03;2023;7379598;1;1;01;;2;2063.7077689;23;1;4;1;1;1;2;2;2;;2;1;3;2;6;;4;4;1;5;4;;;;200000;;;1;;;;;;;;;;4
20230313;03;2023;7379599;1;1;01;;2;1651.1213374;23;1;4;1;1;1;2;2;2;;2;1;1;1;2;1;4;4;1;5;4;;;;70000;;;;;;;;;;1;;;4
20230313;03;2023;7379602;1;1;01;;2;1707.1964875;23;1;1;2;1;1;2;2;2;;2;1;3;2;6;;4;4;5;5;4;;;;150000;;;;;;;;;;1;;;3
20230313;03;2023;7379603;1;1;01;;2;2145.3443426;23;1;5;1;1;1;2;2;2;;2;1;3;2;2;1;4;4;1;5;1;;;17000000;60000;;;;;;;;;;1;;;6
20230313;03;2023;7379604;1;1;01;;2;2087.6366866;23;1;1;1;1;1;2;2;2;;2;1;3;2;2;1;3;4;1;5;4;;;;200000;;;;;;;;;;1;;;5
20230313;03;2023;7379605;1;1;01;;2;307.5643459;27;5;5;3;2;;2;2;2;;2;1;1;1;6;;4;5;5;5;5;;;;99;;;;;;;;;;1;;;4
20230313;03;2023;7379608;1;1;01;;2;305.28534879;27;5;5;3;2;;2;2;2;;2;1;1;1;6;;4;5;5;5;1;;;4000000;80000;;;;;;;;;;1;;;6
20230313;03;2023;7379609;1;1;01;;2;269.93393962;27;5;5;3;2;;2;2;2;;2;1;1;1;6;;4;5;5;5;5;;;;99;;;;;;;;;;1;;;7
20230313;03;2023;7379610;1;1;01;;2;331.86273721;27;5;5;3;2;;2;2;2;;2;1;1;1;6;;4;6;5;5;5;;;;80000;;;;;;;;;;1;;;5
20230313;03;2023;7379611;1;1;01;;2;276.42896327;27;5;5;3;2;;2;2;2;;2;1;1;1;6;;4;5;5;5;4;;;;100000;;;;;;;;;;1;;;9
20230313;03;2023;7379613;1;1;01;;2;305.28534879;27;5;1;3;2;;2;2;2;;2;1;1;1;6;;4;5;5;5;1;;;3000000;100000;;;;;;;;;;1;;;6
20230313;03;2023;7379614;1;1;01;;2;298.61776268;27;5;5;3;2;;2;2;2;;2;1;1;1;6;;4;6;5;5;5;;;;99;;;;;;;;;;1;;;3
20230313;03;2023;7379615;1;1;01;;2;169.29379946;27;1;1;2;1;1;2;1;1;1;1;1;3;1;1;1;1;1;1;4;1;;;10000000;200000;;;;;;;;;;1;;;2
20230313;03;2023;7379616;1;1;01;;2;303.97735467;27;1;1;2;1;1;2;1;1;1;1;1;3;2;1;1;1;1;1;4;1;;;30000000;200000;;;;;;;;;;1;;;3
20230313;03;2023;7379617;1;1;01;;2;366.39980736;27;1;1;2;1;1;2;1;1;1;1;1;3;1;1;1;1;1;1;4;4;;;;300000;;;;;;;;;;1;;;1
20230313;03;2023;7379618;1;1;01;;2;310.21233821;27;1;1;2;1;1;2;1;1;1;1;1;3;2;1;1;1;1;4;4;1;;;99;300000;;;;;;;;;;1;;;5
20230313;03;2023;7379619;1;1;01;;2;192.61941955;27;1;1;4;1;1;2;1;1;1;1;1;3;2;1;1;1;1;1;4;1;;;20000000;300000;;;1;;;;;;;;;;3
20230313;03;2023;7379621;1;1;01;;2;364.09232279;27;1;1;2;1;1;1;1;1;3;1;1;3;2;1;1;1;1;3;4;3;;;;;250000;;;;;;;;;1;;;3
20230313;03;2023;7379622;1;1;01;;2;376.65478488;27;1;5;3;1;1;2;1;1;1;1;1;2;1;1;1;1;1;6;;4;;;;100000;;;1;;;;;;;;;;1
20230313;03;2023;7379623;1;1;01;;2;257.18468961;27;1;2;2;1;1;2;1;1;1;1;1;3;2;1;1;1;1;1;1;5;;;;200000;;;;;;;;;;1;;;2
20230313;03;2023;7379624;1;1;01;;2;312.08951482;27;1;1;2;1;1;2;1;1;1;1;1;3;1;1;1;1;1;3;4;1;;;50000000;300000;;;;;;;;;;1;;;2
20230313;03;2023;7379625;1;1;01;;2;169.29379946;27;1;1;2;1;1;2;1;1;1;1;1;3;1;1;1;1;1;1;4;4;;;;200000;;;;;;;;;;1;;;2
20230313;03;2023;7379626;1;1;01;;1;124.52373303;27;1;1;4;1;1;2;1;1;3;1;1;4;1;1;1;1;1;1;4;1;;;12000000;300000;;;1;;;;;;;;;;1
20230313;03;2023;7379627;1;1;01;;1;250.32934468;27;1;1;2;1;1;2;1;1;3;1;1;2;1;1;1;1;1;1;4;1;;;99;400000;;;;;;;;;;1;;;6
20230313;03;2023;7379628;1;1;01;;1;116.82051817;27;1;1;4;1;1;2;1;1;3;1;1;4;3;1;1;1;1;1;4;1;;;60000000;400000;;;;;;;;;;1;;;6
20230313;03;2023;7379629;1;1;01;;1;267.74639602;27;1;1;4;1;1;2;1;1;3;1;1;5;4;1;1;1;1;1;4;4;;;;300000;;;1;;;;;;;;;;7
20230313;03;2023;7379630;1;1;01;;1;195.79743236;27;1;1;2;1;1;2;1;1;3;1;1;4;3;1;1;1;1;1;4;1;;;99;300000;;;;;;;;;;1;;;5
20230313;03;2023;7379631;1;1;01;;1;149.60939599;27;1;1;2;1;1;2;1;1;3;1;1;4;3;1;1;1;1;1;4;1;;;99;300000;;;;;;;;;;1;;;5
20230313;03;2023;7379632;1;1;01;;1;137.71052288;27;1;1;4;1;1;2;1;1;3;1;1;4;1;1;1;1;1;1;4;1;;;30000000;300000;;;;;;;;;;1;;;2
20230313;03;2023;7379633;1;1;01;;1;160.46390317;27;1;1;4;1;1;2;1;1;3;1;1;4;2;1;1;1;1;1;4;1;;;6000000;250000;;;1;;;;;;;;;;3
20230313;03;2023;7379634;1;1;01;;1;223.89746672;27;1;1;2;1;1;2;1;1;3;1;1;4;2;1;1;1;1;4;4;1;;;40000000;500000;;;;;;;;;;1;;;3
20230313;03;2023;7379635;1;1;01;;1;238.18964322;27;1;1;2;1;1;2;1;1;3;1;1;3;2;1;1;1;1;1;4;1;;;20000000;300000;;;1;;;;;;;;;;3
20230313;03;2023;7379636;1;1;01;;1;285.81197835;27;1;1;2;1;1;2;1;1;3;1;1;4;3;1;1;1;1;1;4;1;;;99;400000;;;;;;;;;;1;;;11
20230313;03;2023;7379638;1;1;01;;2;611.1314225;27;1;5;3;1;1;2;2;1;3;1;1;4;3;3;1;1;1;1;4;4;;;;100000;;;;;;;;;;1;;;3
20230313;03;2023;7379639;1;1;01;;2;843.54976315;27;1;5;3;1;1;2;2;1;3;1;1;2;1;3;1;1;1;1;4;3;;;;;100000;;1;;;;1;;;;;;1
20230313;03;2023;7379640;1;1;01;;2;933.06509509;27;1;5;2;1;1;2;2;1;3;1;1;4;2;3;1;1;1;1;4;3;;;;;150000;;;;;;;;;1;;;4
20230313;03;2023;7379641;1;1;01;;2;509.14194559;27;1;5;3;1;1;2;2;1;3;1;1;4;2;3;1;1;1;1;4;1;;;10000000;200000;;;1;;;;;;;;;;3
20230313;03;2023;7379642;1;1;01;;2;443.73858901;27;1;5;3;1;1;2;2;1;3;1;1;4;2;3;1;1;1;1;4;1;;;10000000;150000;;;;;;;1;;;;;;2
20230313;03;2023;7379643;1;1;01;;2;696.2759211;27;1;5;2;1;1;2;2;1;3;1;1;7;3;3;1;1;1;1;4;4;;;;250000;;;1;;;;;;;;;;5
20230313;03;2023;7379644;1;1;01;;2;463.21752767;27;1;5;3;1;1;2;2;1;3;1;1;3;2;3;1;1;1;1;4;1;;;8000000;100000;;;1;;;;;;;;;;3
20230313;03;2023;7379645;1;1;01;;2;771.23261096;27;1;5;3;1;1;2;2;1;3;1;1;4;2;3;1;1;1;1;4;3;;;;;60000;;;;;;;;;1;;;4
20230313;03;2023;7379646;1;1;01;;2;563.25123803;27;1;5;4;1;1;2;2;1;3;1;1;3;2;3;1;1;1;1;4;1;;;3000000;50000;;;;;;;;;;1;;;4
20230313;03;2023;7379647;1;1;01;;2;843.54976315;27;1;1;4;1;1;2;2;1;3;1;1;3;1;3;1;1;1;1;4;3;;;;;250000;;1;;;;1;;;;;;1
20230313;03;2023;7379648;1;1;01;;2;816.23867167;27;1;2;3;1;1;2;2;1;3;1;1;3;2;3;1;1;1;3;4;3;;;;;100000;;;;;;;;;1;;;4
20230313;03;2023;7379649;1;1;01;;2;913.58615644;27;1;1;2;1;1;2;2;1;3;1;1;3;2;3;1;1;1;4;4;1;;;20000000;300000;;;1;;;;;;;;;;3
20230313;03;2023;7379650;1;1;01;;2;983.05916958;27;1;5;3;1;1;2;2;2;;2;1;2;1;3;1;4;5;5;5;4;;;;100000;;;;;;;;;;1;;;5
20230313;03;2023;7379651;1;1;01;;2;1198.2402714;27;1;5;3;1;1;2;2;2;;2;1;4;1;3;1;4;5;1;4;1;;;10000000;70000;;;;;;;;;;1;;;3
20230313;03;2023;7379652;1;1;01;;2;396.19917959;27;1;5;3;1;1;2;2;2;;2;1;3;1;6;;3;5;5;5;4;;;;100000;;;;;;;;;;1;;;4
20230313;03;2023;7379653;1;1;01;;2;1071.225648;27;1;5;3;1;1;2;2;2;;2;1;3;2;6;;4;5;5;5;1;;;4000000;100000;;;;;;;;;;1;;;4
20230313;03;2023;7379654;1;1;01;;2;946.10437309;27;1;5;3;1;1;2;2;2;;2;1;3;1;6;;3;5;6;;4;;;;100000;;;;;;;;;;1;;;1
20230313;03;2023;7379655;1;1;01;;2;578.69415537;27;1;5;3;1;1;2;2;2;;2;1;3;2;6;;4;5;1;5;4;;;;200000;;;;;;;;;;1;;;3
20230313;03;2023;7379657;1;1;01;;2;994.25921914;27;1;5;3;1;1;2;2;2;;2;1;2;1;3;1;3;5;5;5;4;;;;200000;;;;;;;;;;1;;;2
20230313;03;2023;7379658;1;1;01;;2;837.30817863;27;1;1;2;1;1;2;2;2;;2;1;2;1;3;1;4;5;1;4;4;;;;200000;;;1;;;;;;;;;;2
20230313;03;2023;7379659;1;1;01;;2;1020.2983396;27;1;5;3;1;1;2;2;2;;2;1;3;2;3;1;4;5;5;5;5;;;;150000;;;;;;;;;;1;;;4
20230313;03;2023;7379660;1;1;01;;2;1020.2983396;27;1;5;3;1;1;2;2;2;;2;1;4;3;3;1;4;5;5;5;4;;;;200000;;;;;;;;;;1;;;4
20230313;03;2023;7379661;1;1;01;;2;672.15514498;27;1;5;3;1;1;2;2;2;;2;1;4;3;3;1;4;5;5;5;5;;;;100000;;;;;;;;;;1;;;5
20230313;03;2023;7379662;1;1;01;;1;343.5884813;27;1;1;2;1;1;2;1;1;3;1;1;4;3;1;1;1;1;1;4;1;;;20000000;300000;;;;;;;;;;1;;;3
20230313;03;2023;7379663;1;1;01;;1;312.83515949;27;1;1;2;1;1;2;1;1;3;1;1;4;3;1;1;1;1;1;4;1;;;99;200000;;;;;;;;;;1;;;5
20230313;03;2023;7379664;1;1;01;;1;313.91411345;27;1;1;2;1;1;2;1;1;3;1;1;4;3;1;1;1;1;1;4;1;;;40000000;500000;;;1;;;;;;;;;;5
20230313;03;2023;7379665;1;1;01;;1;151.77685614;27;1;2;2;1;1;2;1;1;3;1;1;4;2;1;1;1;1;3;4;3;;;;;200000;;1;;;;;;;;;;3
20230313;03;2023;7379666;1;1;01;;1;197.84062735;27;1;1;2;1;1;2;1;1;3;1;1;4;3;1;1;1;2;1;4;4;;;;400000;;;1;;;;;;;;;;5
20230313;03;2023;7379667;1;1;01;;1;158.5371601;27;1;1;2;1;1;2;1;1;3;1;1;4;1;1;1;1;1;1;4;1;;;80000000;500000;;;1;;;;1;;;;;;1
20230313;03;2023;7379668;1;1;01;;1;342.36433832;27;1;1;2;1;1;2;1;1;3;1;1;4;3;1;1;1;1;1;4;1;;;12000000;200000;;;;;;;;;;1;;;4
20230313;03;2023;7379669;1;1;01;;1;354.10670254;27;1;1;4;1;1;2;1;1;3;1;1;4;3;1;1;1;1;1;4;1;;;60000000;400000;;;1;;;;;;;;;;6
20230313;03;2023;7379670;1;1;01;;1;172.60723442;27;1;1;4;1;1;2;1;1;3;1;1;4;2;1;1;1;1;3;4;3;;;;;300000;;1;;;;;;;;;;4
20230313;03;2023;7379671;1;1;01;;1;350.20359624;27;1;1;2;1;1;2;1;1;3;1;1;3;2;1;1;1;1;1;4;4;;;;300000;;;1;;;;;;;;;;2
20230313;03;2023;7379672;1;1;01;;1;158.5371601;27;1;1;4;1;1;2;1;1;3;1;1;4;1;1;1;1;1;6;;3;;;;;450000;;1;;;;;;;;;;1
20230313;03;2023;7379673;1;1;01;;1;300.8321282;27;1;1;4;1;1;2;1;1;3;1;1;4;3;1;1;1;1;1;4;1;;;30000000;400000;;;1;;;;;;;;;;6
20230313;03;2023;7379674;1;1;01;;2;956.11167961;27;1;5;3;2;;2;2;2;;2;1;1;1;6;;4;6;5;5;5;;;;80000;;;;;;;;;;1;;;3
20230313;03;2023;7379675;1;1;01;;2;1119.6781141;27;5;5;3;2;;2;2;2;;2;1;1;1;6;;4;6;5;5;5;;;;99;;;;;;;;;;1;;;4
20230313;03;2023;7379676;1;1;01;;2;986.74422607;27;5;5;3;2;;2;2;2;;2;1;1;1;6;;4;6;5;5;5;;;;99;;;;;;;;;;1;;;2
20230313;03;2023;7379677;1;1;01;;2;1068.6305216;27;5;5;3;2;;2;2;2;;2;1;1;1;6;;2;6;5;5;5;;;;99;;;;;;;;;;1;;;3
20230313;03;2023;7379678;1;1;01;;2;979.486406;27;5;5;3;2;;2;2;2;;2;1;1;1;6;;2;6;5;5;5;;;;60000;;;;;;;;;;1;;;4
20230313;03;2023;7379679;1;1;01;;2;1256.2523696;27;5;5;3;2;;2;2;2;;2;1;1;1;6;;2;6;5;5;5;;;;80000;;;;;;;;;;1;;;3
20230313;03;2023;7379680;1;1;01;;2;622.61270974;27;5;5;3;2;;2;2;2;;2;1;1;1;6;;4;6;5;5;5;;;;50000;;;;;;;;;;1;;;4
20230313;03;2023;7379681;1;1;01;;2;1253.5764155;27;5;5;3;2;;2;2;2;;2;1;1;1;6;;2;6;5;5;5;;;;60000;;;;;;;;;;1;;;5
20230313;03;2023;7379682;1;1;01;;2;1295.4689324;27;5;5;3;2;;2;2;2;;2;1;1;1;6;;2;6;5;5;5;;;;99;;;;;;;;;;1;;;3
20230313;03;2023;7379683;1;1;01;;2;1224.3580075;27;5;5;3;2;;2;2;2;;2;1;1;1;6;;2;6;5;5;5;;;;100000;;;;;;;;;;1;;;4
20230313;03;2023;7379684;1;1;01;;2;1253.5764155;27;5;5;3;2;;2;2;2;;2;1;1;1;6;;4;6;5;5;1;;;2000000;70000;;;;;;;;;;1;;;5
20230313;03;2023;7379685;1;1;01;;2;1291.8670986;27;5;5;3;2;;2;2;2;;2;1;1;1;6;;4;6;5;5;1;;;3000000;60000;;;;;;;;;;1;;;4
20230313;03;2023;7379686;1;1;01;;2;1215.2857324;27;5;5;3;2;;2;2;2;;2;1;1;1;6;;3;6;5;5;4;;;;50000;;;;;;;;;;1;;;6
20230313;03;2023;7379687;1;1;01;;2;1262.6486906;27;5;5;3;2;;2;2;2;;2;1;1;1;6;;4;6;5;5;1;;;3000000;100000;;;;;;;;;;1;;;3
20230313;03;2023;7379688;1;1;01;;2;1054.0393909;27;5;5;3;2;;2;2;2;;2;1;1;1;6;;4;6;5;5;4;;;;30000;;;;;;;;;;1;;;4
20230313;03;2023;7379689;1;1;01;;2;476.33827065;27;5;5;3;2;;2;2;2;;2;1;1;1;6;;4;6;5;5;1;;;1000000;40000;;;;;;;;;;1;;;4
20230313;03;2023;7379690;1;1;01;;2;816.66067522;27;1;5;3;2;;2;2;2;;2;1;1;1;6;;4;6;5;5;4;;;;100000;;;;;;;;;;1;;;4
20230313;03;2023;7379691;1;1;01;;2;986.74422607;27;5;2;3;2;;2;2;2;;2;1;1;1;6;;4;6;5;5;4;;;;50000;;;;;;;;;;1;;;2
20230313;03;2023;7379692;1;1;01;;2;677.20967083;27;5;5;3;2;;2;2;2;;2;1;1;1;6;;4;6;5;5;4;;;;50000;;;;;;;;;;1;;;5
20230313;03;2023;7379693;1;1;01;;2;669.48190384;27;5;5;3;2;;2;2;2;;2;1;1;1;6;;3;6;5;5;4;;;;40000;;;;;;;;;;1;;;3
20230311;03;2023;7379694;1;1;01;;1;326.42517199;05;2;1;2;1;2;1;1;1;3;1;1;4;1;1;1;1;1;1;3;3;;;;;650000;;1;;;;;;;;;;2
20230311;03;2023;7379695;1;1;01;;1;263.5891197;05;2;1;4;1;3;1;1;1;3;1;1;4;3;1;1;1;1;1;3;3;;;;;850000;;1;;;;;;;;;;4
20230311;03;2023;7379696;1;1;01;;1;454.9078826;05;2;1;4;1;2;1;1;1;3;1;2;4;1;1;2;1;1;1;3;4;;;;800000;;;;;;;;;;1;;;1
20230311;03;2023;7379696;2;2;01;;1;454.9078826;05;2;1;4;1;2;1;1;1;3;1;2;1;1;1;2;1;1;1;3;3;;;;;300000;;1;;;;;;;;;;2
20230310;03;2023;7379698;1;1;01;;1;200.30635554;05;1;1;4;1;3;2;1;1;3;1;1;4;2;1;1;1;1;1;4;1;;;120000000;750000;;;1;;;;;;;;;;2
20230311;03;2023;7379699;1;1;01;;1;134.55362717;05;1;1;4;1;3;1;1;1;3;1;1;4;3;1;1;1;1;1;3;1;;;270000000;1200000;;;1;;;;;;;;;;3
20230311;03;2023;7379700;1;1;01;;1;111.59066649;05;2;1;4;1;3;1;1;1;3;1;1;2;1;1;1;1;1;1;3;3;;;;;650000;;1;;;;;;;;;;2
20230311;03;2023;7379701;1;1;01;;1;110.63894401;05;2;1;4;1;3;1;1;1;3;1;1;4;3;1;1;1;1;1;3;1;;;150000000;1200000;;;1;;;;;;;;;;3
20230313;03;2023;7379702;1;1;01;;1;102.77761461;05;2;1;4;1;2;1;2;1;3;1;1;4;3;2;1;1;1;1;3;3;;;;;680000;;1;;;;;;;;;;5
20230311;03;2023;7379703;1;1;01;;1;127.84069412;05;1;1;4;1;3;1;1;1;3;1;1;4;3;1;1;1;1;1;3;1;;;150000000;800000;;;1;;;;;;;;;;3
20230309;03;2023;7379704;1;1;01;;1;202.01085056;05;1;1;4;1;4;1;1;1;3;1;1;5;2;1;1;1;1;1;3;1;;;450000000;1800000;;;1;;;;;1;;;;;3
20230309;03;2023;7379705;1;1;01;;1;151.00169688;05;1;1;4;1;4;1;1;1;3;1;1;4;2;1;1;1;1;1;3;1;;;500000000;1400000;;;1;;;;;1;;;;;3
20230309;03;2023;7379706;1;1;01;;1;152.12854801;05;1;1;4;1;4;1;1;1;3;1;1;5;3;1;1;1;1;1;3;1;;;780000000;1500000;;;1;;;;;1;;;;;3
20230311;03;2023;7379708;1;1;01;;1;88.753333548;05;1;1;4;1;3;1;1;1;3;1;1;5;3;1;1;1;1;1;3;1;;;250000000;900000;;;1;;;;;;;;;;5
20230313;03;2023;7379711;1;1;01;;1;96.473333607;05;2;1;4;1;2;1;1;1;3;1;1;4;3;1;1;1;1;1;3;4;;;;1000000;;;;;;;;;;1;;;4
20230313;03;2023;7379712;1;1;01;;1;156.39959152;05;2;1;4;1;2;1;1;1;3;1;1;4;1;1;1;1;1;1;4;1;;;25000000;1500000;;;;;;;;;;1;;;2
20230309;03;2023;7379713;1;1;01;;1;156.84485341;05;2;1;4;1;4;1;1;1;3;1;1;4;3;1;1;1;1;1;3;3;;;;;1357000;;;;;;;;;1;;;5
20230309;03;2023;7379714;1;1;01;;1;175.47598993;05;2;1;4;1;4;1;1;1;3;1;1;4;3;1;1;1;1;1;3;3;;;;;1200000;;1;;;;;;;;;;3
20230309;03;2023;7379717;1;1;01;;1;214.76194918;05;2;1;2;1;2;1;1;1;3;1;1;3;2;1;1;1;1;1;3;3;;;;;500000;;;;;;;;;1;;;6
20230309;03;2023;7379718;1;1;01;;1;321.37320823;05;2;1;4;1;2;1;1;1;3;1;1;4;2;1;1;1;1;1;3;1;;;300000000;500000;;;1;;;;;;;;;;2
20230309;03;2023;7379719;1;1;01;;1;232.72659241;05;2;1;4;1;2;1;1;1;3;1;1;4;3;1;1;1;1;1;3;4;;;;900000;;;1;;;;;1;;;;;4
20230309;03;2023;7379720;1;1;01;;1;362.88398585;05;1;1;4;1;2;2;1;1;3;1;1;3;2;1;1;1;1;1;4;1;;;1000000000;1100000;;;1;;;;;;;;;;2
20230309;03;2023;7379721;1;1;01;;1;315.01364489;05;2;1;4;1;2;2;1;1;3;1;1;3;2;1;1;1;1;1;4;4;;;;800000;;;1;;;;;;;;;;4
20230311;03;2023;7379722;1;1;01;;1;336.42283487;05;2;1;4;1;4;1;1;1;3;1;1;3;2;1;1;1;1;1;3;1;;;150000000;800000;;;1;;;;;;;;;;2
20230311;03;2023;7379724;1;1;01;;1;296.96364908;05;2;1;4;1;4;1;1;1;3;1;1;4;2;1;1;1;1;1;3;1;;;300000000;1000000;;;1;;;;;1;;;;;3
20230311;03;2023;7379726;1;1;01;;1;217.38178508;05;2;1;4;1;4;1;1;1;3;1;1;4;3;1;1;1;1;1;3;1;;;700000000;2000000;;;1;;;;;;;;;;5
20230311;03;2023;7379728;1;1;01;;1;296.96364908;05;2;1;4;1;4;1;1;1;3;1;1;4;2;1;1;1;1;1;3;3;;;;;1051000;;1;;;;;;;;;;3
20230311;03;2023;7379729;1;1;01;;1;207.94856335;05;2;1;4;1;3;1;1;1;3;1;1;4;3;1;1;1;1;1;3;3;;;;;1000000;;1;;;;;;;;;;3
20230311;03;2023;7379730;1;1;01;;1;221.60362739;05;1;1;4;1;4;1;1;1;3;1;1;4;3;1;1;1;1;1;3;1;;;98;1500000;;;1;;;;;;;;;;7
20230311;03;2023;7379731;1;1;01;;1;283.05807992;05;2;1;4;1;4;1;1;1;3;1;1;4;2;1;1;1;1;1;3;4;;;;1500000;;;1;;;;;1;;;;;3
20230309;03;2023;7379733;1;1;01;;1;315.01364489;05;2;1;4;1;2;1;1;1;3;1;1;3;2;1;1;1;1;1;3;3;;;;;800000;;1;;;;1;;;;;;4
20230309;03;2023;7379734;1;1;01;;1;230.62112901;05;2;1;4;1;2;1;1;1;3;1;1;4;3;1;1;1;1;1;3;3;;;;;1000000;;1;;;;;;;;;;4
20230309;03;2023;7379735;1;1;01;;1;250.71432422;05;2;1;4;1;2;1;1;1;3;1;1;4;2;1;1;1;1;1;3;3;;;;;800000;;;;;;;;;1;;;2
20230309;03;2023;7379737;1;1;01;;1;332.73237992;05;2;1;4;1;2;1;1;1;3;1;1;3;2;1;1;1;1;1;3;4;;;;800000;;;1;;;;1;;;;;;3
20230309;03;2023;7379738;1;1;01;;1;183.49612072;05;1;1;4;1;3;1;1;1;3;1;1;4;3;1;1;1;1;1;4;1;;;180000000;1200000;;;1;;;;;;;;;;4
20230309;03;2023;7379739;1;1;01;;1;162.02366211;05;1;1;4;1;3;1;1;1;3;1;1;4;3;1;1;1;1;1;3;3;;;;;1160000;;1;;;;;;;;;;5
20230309;03;2023;7379740;1;1;01;;1;190.16068501;05;1;1;4;1;3;1;1;1;3;1;1;4;2;1;1;1;1;1;3;2;;3061780;360000000;1500000;;;1;;1;;;1;;;;;3
20230309;03;2023;7379741;1;1;01;;1;229.62827368;05;2;1;4;1;3;1;1;1;3;1;1;4;3;1;1;1;1;1;3;1;;;250000000;900000;;;1;;;;;;;;;;4
20230309;03;2023;7379742;1;1;01;;1;165.849672;05;1;1;4;1;3;1;1;1;3;1;1;5;3;1;1;1;1;1;3;1;;;400000000;2000000;;;1;;;;;1;;;;;4
20230309;03;2023;7379743;1;1;01;;1;301.91726219;05;2;1;4;1;3;2;1;1;3;1;1;3;1;1;1;1;1;1;4;3;;;;;650000;;1;;;;;;;;;;1
20230309;03;2023;7379744;1;1;01;;1;278.46034922;05;1;1;4;1;3;1;1;1;3;1;1;4;1;1;1;1;1;1;3;1;;;250000000;1700000;;;1;;;;;;;;;;1
20230309;03;2023;7379745;1;1;01;;1;252.5135632;05;1;1;4;1;3;2;1;1;3;1;1;4;3;1;1;1;1;1;4;1;;;350000000;4000000;;;1;;;;;;;;;;3
20230309;03;2023;7379746;1;1;01;;1;231.26404669;05;2;1;4;1;3;1;1;1;3;1;1;3;1;1;1;1;1;1;3;3;;;;;650000;;1;;;;;;;;;;3
20230312;03;2023;7379747;1;1;01;;1;367.22831849;05;2;1;4;1;5;1;1;1;3;1;1;3;1;1;1;1;1;3;3;3;;;;;1350000;;1;;;1;;1;;;;;2
20230312;03;2023;7379748;1;1;01;;1;367.22831849;05;2;1;4;1;5;1;1;1;3;1;1;4;2;1;1;1;1;1;3;3;;;;;1800000;;1;;;;;;;;;;2
20230312;03;2023;7379749;1;1;01;;1;381.22400432;05;2;1;4;1;5;1;1;1;3;1;1;4;1;1;1;1;1;1;3;1;;;760000000;1600000;;;1;;;;;1;;;;;2
20230312;03;2023;7379750;1;1;01;;1;284.03440322;05;2;1;4;1;5;1;1;1;3;1;1;3;2;1;1;1;1;1;3;3;;;;;2400000;;1;;;;;1;;;;;2
20230312;03;2023;7379751;1;1;01;;1;369.68197801;05;2;1;4;1;4;1;1;1;3;1;1;4;1;1;1;1;1;3;3;3;;;;;1800000;;1;;;1;;1;;;;;1
20230312;03;2023;7379753;1;1;01;;1;417.69052383;05;2;1;4;1;5;1;1;1;3;1;1;3;1;1;1;1;1;1;3;3;;;;;1500000;;1;;;;;;;;;;1
20230312;03;2023;7379756;1;1;01;;1;381.22400432;05;2;1;4;1;5;1;1;1;3;1;1;3;2;1;1;1;1;1;3;1;;;350000000;1600000;;;1;;;;;1;;;;;2
20230310;03;2023;7379757;1;1;01;;1;118.71459838;05;2;1;4;1;3;1;1;1;3;1;1;6;4;1;1;1;1;1;3;1;;;200000000;1200000;;;1;;;;;;;;;;4
20230310;03;2023;7379758;1;1;01;;1;110.16487293;05;2;1;4;1;3;2;1;1;3;1;1;4;3;1;1;1;1;1;4;3;;;;;800000;;1;;;;;;;;;;5
20230310;03;2023;7379759;1;1;01;;1;195.80020818;05;2;1;4;1;3;1;1;1;3;1;1;4;3;1;1;1;1;1;3;3;;;;;800000;;1;;;;;;;;;;3
20230310;03;2023;7379760;1;1;01;;1;135.85065593;05;2;1;4;1;3;1;1;1;3;1;1;4;2;1;1;1;1;1;3;3;;;;;650000;;1;;;;;;;;;;4
20230310;03;2023;7379761;1;1;01;;1;221.81725376;05;2;1;4;1;3;1;1;1;3;1;1;3;2;1;1;1;1;3;3;3;;;;;750000;;1;;;;;1;;;;;2
20230310;03;2023;7379762;1;1;01;;1;100.75779077;05;1;1;4;1;3;1;1;1;3;1;2;5;4;1;1;1;1;1;3;1;;;500000000;1800000;;;1;;;;;1;;;;;4
20230310;03;2023;7379762;2;2;01;;1;100.75779077;05;1;1;4;1;3;1;1;1;3;1;2;5;4;1;1;1;1;1;3;4;;;;800000;;;1;;;;;1;;;;;5
20230310;03;2023;7379763;1;1;01;;1;169.62143537;05;2;1;4;1;3;1;1;1;3;1;1;4;2;1;1;1;1;1;3;1;;;130000000;700000;;;1;;;;;;;;;;3
20230310;03;2023;7379764;1;1;01;;1;188.32221461;05;2;1;4;1;3;2;1;1;3;1;1;4;3;1;1;1;1;1;4;3;;;;;800000;;1;;;;;;;;;;2
20230310;03;2023;7379765;1;1;01;;1;232.24404783;05;2;1;4;1;3;2;1;1;3;1;1;2;1;1;1;1;1;6;;3;;;;;380000;;;;;;;;;1;;;1
20230310;03;2023;7379766;1;1;01;;1;232.24404783;05;2;1;4;1;3;1;1;1;3;1;1;2;1;1;1;1;1;1;3;3;;;;;410000;;1;;;;;;;;;;1
20230310;03;2023;7379767;1;1;01;;1;179.15370747;05;2;1;4;1;3;1;1;1;3;1;1;3;1;1;1;1;1;1;3;3;;;;;550000;;;;;;;;;1;;;2
20230310;03;2023;7379768;1;1;01;;1;145.19393931;05;2;1;4;1;3;1;1;1;3;1;1;4;3;1;1;1;1;1;3;3;;;;;600000;;1;;;;;;;;;;3
20230313;03;2023;7379769;1;1;01;;1;217.32649715;05;1;1;4;1;3;1;1;1;3;1;1;6;2;1;1;1;1;1;3;4;;;;1800000;;;1;;;;;;;;;;3
20230313;03;2023;7379770;1;1;01;;1;317.26428478;05;1;1;4;1;3;2;1;1;3;1;1;5;2;1;1;1;1;1;4;4;;;;1300000;;;1;;;;;;;;;;2
20230313;03;2023;7379771;1;1;01;;1;279.79300456;05;2;1;4;1;3;1;1;1;3;1;1;4;1;1;1;1;1;1;3;3;;;;;580000;;1;;;;;;;;;;2
20230313;03;2023;7379772;1;1;01;;1;135.66063237;05;2;1;4;1;3;1;1;1;3;1;1;4;3;1;1;1;1;1;3;3;;;;;980000;;1;;;;;;;;;;4
20230313;03;2023;7379773;1;1;01;;1;345.04829964;05;2;1;4;1;3;1;1;1;2;1;1;4;1;1;1;1;1;1;3;2;;1200000;180000000;1100000;;;1;;1;;;;;;;;1
20230313;03;2023;7379774;1;1;01;;1;187.5281241;05;2;1;6;1;3;1;1;1;3;1;1;5;4;1;1;1;1;1;3;3;;;;;1200000;;;;;;;;;1;;;7
20230310;03;2023;7379778;1;1;01;;1;153.75544358;05;2;1;4;1;3;1;1;1;3;1;1;4;2;1;1;1;1;1;3;3;;;;;800000;;1;;;;;;;;;;4
20230313;03;2023;7379779;1;1;01;;1;308.75601977;05;2;1;4;1;3;1;1;1;3;1;1;3;1;1;1;1;1;1;3;3;;;;;780000;;1;;;;;;;;;;1
20230313;03;2023;7379782;1;1;01;05;1;388.35254773;05;2;1;4;1;2;1;1;1;5;1;1;2;1;1;1;1;1;1;3;3;;;;;600000;;1;;;;;;;;;;1
20230313;03;2023;7379783;1;1;01;05;1;363.19339535;05;2;1;2;1;2;1;1;1;5;1;1;2;1;1;1;1;1;1;3;3;;;;;500000;;1;;;;;;;;;;2
20230313;03;2023;7379784;1;1;01;05;1;875.53471247;05;2;1;4;1;2;1;1;1;5;1;1;2;1;1;1;1;1;1;4;3;;;;;600000;;;;;;;;;1;;;3
20230313;03;2023;7379785;1;1;01;05;1;999.08880835;05;2;1;4;1;2;1;1;1;5;1;1;4;2;1;1;1;1;3;3;3;;;;;850000;;1;;;;;;;;;;4
20230313;03;2023;7379786;1;1;01;05;1;371.22520853;05;2;1;4;1;2;1;1;1;5;1;1;2;2;1;1;1;1;3;3;3;;;;;550000;;1;;;;;;;;;;3
20230313;03;2023;7379787;1;1;01;05;1;575.29419156;05;2;1;4;1;2;1;1;1;5;1;1;4;2;1;1;1;1;1;3;1;;;98;600000;;;1;;;;;;;;;;3
20230313;03;2023;7379788;1;1;01;05;1;370.23502094;05;2;1;2;1;2;1;1;1;5;1;1;2;1;1;1;1;1;1;3;4;;;;30000;;;;;;;;;;1;;;2
20230313;03;2023;7379789;1;1;01;05;1;311.91427848;05;2;1;4;1;2;1;1;1;5;1;1;3;2;1;1;1;1;1;3;3;;;;;600000;;1;;;;;;;;;;4
20230313;03;2023;7379790;1;1;01;05;1;466.37639219;05;2;1;4;1;2;1;1;1;5;1;1;2;1;1;1;1;1;3;3;3;;;;;700000;;1;;;;1;1;;;;;3
20230313;03;2023;7379792;1;1;01;05;1;249.77220209;05;2;1;2;1;2;1;1;1;5;1;1;3;2;1;1;1;1;1;3;4;;;;400000;;;;;;;;;;1;;;5
20230310;03;2023;7379793;1;1;01;05;1;1073.1222712;05;2;1;4;1;2;2;1;1;2;1;1;3;1;1;1;1;1;1;1;3;;;;;550000;;1;;;;;;;;;;2
20230311;03;2023;7379794;1;1;01;05;1;1336.3889606;05;2;1;4;1;3;1;1;1;2;1;1;3;2;1;1;1;1;1;3;2;;280000;90000000;500000;;;1;;1;;;;;;;;3
20230311;03;2023;7379795;1;1;01;05;1;1426.09179;05;2;1;4;1;3;1;1;1;2;1;1;2;2;1;1;1;1;1;3;3;;;;;650000;;1;;;;;;;;;;2
20230311;03;2023;7379796;1;1;01;05;1;1393.9592806;05;2;1;4;1;3;1;1;1;2;1;1;3;3;1;1;1;1;1;3;3;;;;;622000;;1;;;;;;;;;;3
20230311;03;2023;7379797;1;1;01;05;1;1324.0269235;05;2;1;4;1;3;1;1;1;2;1;1;4;2;1;1;1;1;3;3;3;;;;;670000;;1;;;;;;;;;;2
20230311;03;2023;7379798;1;1;01;05;1;1509.4144472;05;2;1;4;1;3;1;1;1;2;1;1;3;1;1;1;1;1;3;3;1;;;100000000;700000;;;1;;;;;;;;;;3
20230311;03;2023;7379799;1;1;01;05;1;1438.4538271;05;2;1;4;1;3;1;1;1;2;1;1;4;2;1;1;1;1;1;3;2;;220000;80000000;500000;;;1;;;;;;;;;;3
20230311;03;2023;7379800;1;1;01;05;1;1426.09179;05;2;1;4;1;3;1;1;1;2;1;1;3;2;1;1;1;1;1;3;4;;;;700000;;;1;;;;;;;;;;2
20230311;03;2023;7379801;1;1;01;05;1;1270.7293664;05;2;1;4;1;0;2;2;1;2;2;1;4;3;3;1;1;2;1;4;5;;;;650000;;;;;;;;;;1;;;3
20230311;03;2023;7379802;1;1;01;05;1;1265.640208;05;2;1;4;1;0;2;2;1;2;2;1;3;2;3;1;1;2;1;4;3;;;;;650000;;1;;;;;;;;;;6
20230311;03;2023;7379803;1;1;01;05;1;1460.3238127;05;2;1;4;1;0;2;2;1;2;2;1;3;2;3;1;1;2;1;4;3;;;;;550000;;;;;;;;;1;;;2
20230311;03;2023;7379804;1;1;01;05;1;1536.9771032;05;2;1;4;1;0;2;2;1;2;2;1;4;2;3;1;1;2;1;4;3;;;;;600000;;;;;;;;;1;;;5
20230311;03;2023;7379805;1;1;01;05;1;1229.9990954;05;2;1;4;1;2;1;1;1;2;1;1;2;2;1;1;1;1;1;3;3;;;;;650000;;1;;;;;;;;;;2
20230311;03;2023;7379806;1;1;01;05;1;1559.2607568;05;2;1;4;1;0;2;2;1;2;2;1;2;1;3;1;1;2;1;4;5;;;;98;;;1;;;;;;;;;;1
20230311;03;2023;7379807;1;1;01;05;1;1501.5638686;05;2;1;2;1;0;2;2;1;2;2;2;2;1;3;2;1;2;1;4;3;;;;;550000;;1;;;;;;;;;;3
20230311;03;2023;7379807;2;2;01;05;1;1501.5638686;05;2;1;2;1;0;2;2;1;2;2;2;3;2;3;2;1;2;1;4;3;;;;;500000;;1;;;;;;;;;;5
20230311;03;2023;7379808;1;1;01;05;1;1355.5897095;05;2;1;4;1;3;1;1;1;2;1;1;6;4;1;1;1;1;1;3;1;;;98;800000;;;1;;;;;;;;;;4
20230311;03;2023;7379809;1;1;01;05;1;1049.9903016;05;2;1;2;1;0;2;2;1;2;2;1;3;2;3;1;1;2;3;4;2;;200000;45000000;600000;;;;;;;;;;1;;;5
20230311;03;2023;7379810;1;1;01;05;1;1305.1663623;05;2;1;4;1;3;1;1;1;2;1;1;3;2;1;1;1;1;1;3;3;;;;;850000;;1;;;;;;;;;;3
20230311;03;2023;7379811;1;1;01;05;1;1165.8141376;05;1;1;4;1;3;1;1;1;2;1;1;3;2;1;1;1;1;1;3;1;;;200000000;1000000;;;1;;;;;;;;;;3
20230311;03;2023;7379812;1;1;01;05;1;5203.7992524;05;2;1;4;1;4;1;1;1;2;1;1;4;3;1;1;1;1;1;3;3;;;;;1750000;;1;;;;;;;;;;4
20230311;03;2023;7379813;1;1;01;05;1;4603.2539323;05;2;1;6;1;4;1;1;1;2;1;1;6;4;1;1;1;1;1;3;2;;3200000;580000000;2500000;;1;1;;1;;1;1;1;;;FIDUCIA;5
20230311;03;2023;7379814;1;1;01;05;1;1288.1610659;05;2;1;4;1;3;1;1;1;2;1;1;4;3;1;1;1;1;1;3;1;;;150000000;900000;;;1;;;;;;;;;;4
20230311;03;2023;7379815;1;1;01;05;1;1295.8246635;05;2;1;4;1;3;1;1;1;2;1;1;3;2;1;1;1;1;1;3;1;;;150000000;700000;;;1;;;;;;;;;;3
20230311;03;2023;7379816;1;1;01;05;1;1349.0472387;05;2;1;4;1;3;1;1;1;2;1;1;4;2;1;1;1;1;1;3;2;;800000;150000000;900000;;;1;;1;;1;1;;;;;4
20230311;03;2023;7379817;1;1;01;05;1;1105.7249127;05;2;1;2;1;3;1;1;1;2;1;1;4;2;1;1;1;1;1;3;4;;;;700000;;;1;;;;;;;;;;4
20230311;03;2023;7379818;1;1;01;05;1;1293.6542266;05;2;1;4;1;3;1;1;1;2;1;1;4;3;1;1;1;1;1;3;1;;;200000000;750000;;;1;;;;;;;;;;5
20230311;03;2023;7379819;1;1;01;05;1;1447.9428222;05;2;1;4;1;2;1;1;1;2;1;1;3;2;1;1;1;1;1;3;4;;;;1000000;;;1;;;;;;;;;;4
20230311;03;2023;7379820;1;1;01;05;1;1228.4901421;05;2;1;4;1;2;1;1;1;2;1;1;3;2;1;1;1;1;1;3;1;;;180000000;800000;;;1;;;;;;;;;;2
20230311;03;2023;7379821;1;1;01;05;1;1296.4470818;05;2;1;4;1;2;1;1;1;2;1;1;1;1;1;1;1;1;2;3;3;;;;;440000;;1;;;;;;;;;;2
20230311;03;2023;7379822;1;1;01;05;1;1303.7789218;05;2;1;4;1;2;1;1;1;2;1;1;1;1;1;1;1;1;2;3;3;;;;;500000;;1;;;;;;;;;;1
20230311;03;2023;7379823;1;1;01;05;1;1124.1892914;05;2;1;4;1;2;1;1;1;2;1;1;2;1;1;1;1;1;1;3;4;;;;800000;;;1;;;;;;;;;;1
20230311;03;2023;7379824;1;1;01;05;1;939.09771789;05;2;1;2;1;2;1;1;1;2;1;1;2;2;1;1;1;1;1;3;3;;;;;600000;;;;;;;;;1;;;6
20230311;03;2023;7379825;1;1;01;05;1;1372.194952;05;1;1;4;1;2;1;1;1;2;1;1;2;2;1;1;1;1;1;3;4;;;;500000;;;1;;;;;;;;;;3
20230311;03;2023;7379826;1;1;01;05;1;1228.4901421;05;2;1;4;1;2;1;1;1;2;1;1;3;2;1;1;1;1;1;3;4;;;;700000;;;;;;;;;;1;;;2
20230311;03;2023;7379827;1;1;01;05;1;1276.8246584;05;2;1;4;1;2;1;1;1;2;1;1;4;3;1;1;1;1;1;3;1;;;80000000;600000;;;1;;;;;;;;;;5
20230311;03;2023;7379828;1;1;01;05;1;3838.7515199;05;2;1;4;1;4;1;1;1;2;1;1;5;2;1;1;1;1;1;3;1;;;450000000;1800000;;;1;;;;;1;;;;;2
20230311;03;2023;7379829;1;1;01;05;1;940.27392791;05;2;1;4;1;2;1;1;1;2;1;1;3;2;1;1;1;1;1;3;1;;;90000000;600000;;;1;;;;;;;;;;2
20230311;03;2023;7379830;1;1;01;05;1;1303.7789218;05;2;1;4;1;2;1;1;1;2;1;1;1;1;1;1;1;1;1;3;3;;;;;500000;;;;;;;;;1;;;1
20230311;03;2023;7379831;1;1;01;05;1;1509.4144472;05;2;1;4;1;3;1;1;1;2;1;1;4;2;1;1;1;1;1;3;4;;;;700000;;;1;;;;;;;;;;3
20230311;03;2023;7379832;1;1;01;05;1;3131.5149368;05;2;1;4;1;4;1;1;1;2;1;1;4;3;1;1;1;1;1;3;3;;;;;1900000;;1;;1;;;;;;;;3
20230311;03;2023;7379833;1;1;01;05;1;974.2875293;05;2;1;4;1;2;1;1;1;2;1;1;4;3;1;1;1;1;1;3;1;;;110000000;7500000;;;1;;;;;;;;;;3
20230311;03;2023;7379834;1;1;01;05;1;1436.7046066;05;2;1;4;1;2;1;1;1;2;1;1;3;2;1;1;1;1;1;3;3;;;;;550000;;;;;;;;;1;;;3
20230311;03;2023;7379835;1;1;01;05;1;1222.5835794;05;2;1;4;1;3;1;1;1;3;1;1;4;1;1;1;1;1;1;3;4;;;;800000;;;1;;;;;;;;;;1
20230311;03;2023;7379836;1;1;01;05;1;2772.5482824;05;2;1;4;1;4;1;1;1;3;1;1;5;3;1;1;1;1;1;3;1;;;500000000;3000000;;;1;;;;;;;;;;3
20230311;03;2023;7379838;1;1;01;05;1;984.34587846;05;2;1;4;1;2;1;1;1;2;1;1;3;2;1;1;1;1;1;3;2;;300000;90000000;600000;;;1;;;;;;;;;;4
20230311;03;2023;7379839;1;1;01;05;1;4541.0464155;05;2;1;4;1;4;1;1;1;2;1;1;6;4;1;1;1;1;1;3;3;;;;;2600000;;1;;;;;1;;;;;5
20230311;03;2023;7379840;1;1;01;05;1;991.82932228;05;2;1;4;1;2;1;1;1;2;1;1;4;3;1;1;1;1;1;3;1;;;100000000;500000;;;1;;;;;;;;;;2
20230311;03;2023;7379841;1;1;01;05;1;871.28759586;05;2;1;4;1;3;1;1;1;2;1;1;2;2;1;1;1;1;1;3;3;;;;;550000;;1;;;;;;;;;;3
20230311;03;2023;7379842;1;1;01;05;1;866.03335938;05;2;1;4;1;3;1;1;1;2;1;1;3;2;1;1;1;1;1;3;2;;280000;95000000;600000;;;1;;;;;;;;;;3
20230311;03;2023;7379843;1;1;01;05;1;1103.7940352;05;1;1;4;1;2;1;1;1;2;1;1;4;3;1;1;1;1;1;3;1;;;100000000;700000;;;1;;;;;;;;;;4
20230311;03;2023;7379844;1;1;01;05;1;1163.9999169;05;1;1;4;1;2;1;1;1;2;1;1;4;2;1;1;1;1;1;3;3;;;;;540000;;1;;;;;;;;;;4
20230311;03;2023;7379845;1;1;01;05;1;1037.094292;05;2;1;4;1;3;1;1;1;2;1;1;4;3;1;1;1;1;1;3;2;;215000;90000000;500000;;;1;;;;;;;;;;5
20230311;03;2023;7379846;1;1;01;05;1;2391.6181584;05;2;1;4;1;6;1;1;1;2;1;1;5;3;1;1;1;1;1;3;3;;;;;2500000;;1;;;;;;;;;;4
20230311;03;2023;7379847;1;1;01;05;1;1083.9618901;05;2;1;4;1;2;2;1;1;2;1;1;2;1;1;1;1;1;1;4;4;;;;400000;;;1;;;;;;;;;;2
20230311;03;2023;7379848;1;1;01;05;1;969.55215485;05;2;1;4;1;3;1;1;1;2;1;1;3;2;1;1;1;1;1;3;1;;;70000000;350000;;;1;;;;;;;;;;3
20230311;03;2023;7379850;1;1;01;05;1;1071.9697545;05;2;1;4;1;2;1;1;1;2;1;1;3;2;1;1;1;1;1;3;3;;;;;640000;;1;;;;;;;;;;3
20230311;03;2023;7379852;1;1;01;05;1;824.33373927;05;2;1;4;1;2;1;1;1;2;1;1;2;2;1;1;1;1;1;3;1;;;98;500000;;;1;;;;;;;;;;4
20230311;03;2023;7379853;1;1;01;05;1;1115.558871;05;2;1;4;1;3;1;1;1;2;1;1;3;1;1;1;1;1;1;3;3;;;;;635000;;1;;;;;;;;;;3
20230311;03;2023;7379855;1;1;01;05;1;1083.9618901;05;2;1;4;1;3;1;1;1;2;1;1;4;1;1;1;1;1;1;4;1;;;98;98;;;1;;;;;;;;;;2
20230311;03;2023;7379856;1;1;01;05;1;1083.9618901;05;2;1;4;1;3;1;1;1;2;1;1;4;2;1;1;1;1;1;3;1;;;98;1050000;;;1;;;;;;;;;;2
20230311;03;2023;7379857;1;1;01;05;1;866.03335938;05;2;1;4;1;3;1;1;1;2;1;1;3;2;1;1;1;1;1;3;2;;205000;120000000;600000;;;1;;1;;;;;;;;3
20230311;03;2023;7379858;1;1;01;05;1;2936.3041489;05;2;1;6;1;6;1;1;1;2;1;1;5;4;1;1;1;1;3;3;2;;98;98;6000000;;;1;;;;1;1;;;;;5
20230311;03;2023;7379859;1;1;01;05;1;941.96873412;05;2;1;4;1;3;1;1;1;2;1;1;4;3;1;1;1;1;3;3;3;;;;;1600000;;1;;;;;;;;;;4
20230311;03;2023;7379860;1;1;01;05;1;949.77164435;05;2;1;4;1;3;1;1;1;2;1;1;3;2;1;1;1;1;1;3;3;;;;;1000000;;1;;;;;;;;;;2
20230311;03;2023;7379861;1;1;01;05;1;1006.6530282;05;2;1;4;1;3;1;1;1;2;1;1;3;2;1;1;1;1;1;3;3;;;;;600000;;1;;;;;;;;;;2
20230311;03;2023;7379862;1;1;01;05;1;982.01241043;05;2;1;4;1;2;1;1;1;2;1;1;4;3;1;1;1;1;1;3;1;;;110000000;700000;;;1;;;;;;;;;;1
20230311;03;2023;7379863;1;1;01;05;1;1087.408692;05;2;1;4;1;2;1;1;1;2;1;1;4;3;1;1;1;1;1;3;1;;;1000000000;600000;;;;;;;;;;1;;;4
20230311;03;2023;7379864;1;1;01;05;1;2657.4082142;05;2;1;4;1;6;1;1;1;2;1;1;5;1;1;1;1;1;1;4;3;;;;;8000000;;1;;;;1;1;;;;;1
20230311;03;2023;7379865;1;1;01;05;1;773.54538283;05;2;1;4;1;3;1;1;1;2;1;1;4;3;1;1;1;1;1;3;3;;;;;950000;;1;;;;;;;;;;6
20230311;03;2023;7379866;1;1;01;05;1;1083.9618901;05;2;1;4;1;2;1;1;1;2;1;1;5;2;1;1;1;1;1;3;1;;;300000000;1200000;;;;;;;;;;1;;;2
20230311;03;2023;7379867;1;1;01;05;1;851.61425735;05;2;1;4;1;3;1;1;1;2;1;1;4;3;1;1;1;1;1;3;2;;215000;130000000;700000;;;1;;;;;;;;;;3
20230311;03;2023;7379868;1;1;01;05;1;853.30243424;05;2;1;4;1;3;1;1;1;2;1;1;4;3;1;1;1;1;1;3;4;;;;1100000;;;1;;;;;;;;;;3
20230311;03;2023;7379869;1;1;01;05;1;1267.6805352;05;2;1;4;1;2;1;1;1;2;1;1;3;1;1;1;1;1;1;3;3;;;;;750000;;1;;;;;;;;;;3
20230311;03;2023;7379870;1;1;01;05;1;1091.8477398;05;2;1;4;1;3;1;1;1;2;1;1;4;2;1;1;1;1;1;3;1;;;98;98;;;1;;;;;;;;;;2
20230311;03;2023;7379871;1;1;01;05;1;1143.9238957;05;2;1;4;1;3;1;1;1;2;1;1;4;2;1;1;1;1;1;3;3;;;;;1000000;;1;;;;;;;;;;2
20230311;03;2023;7379872;1;1;01;05;1;1134.0078231;05;2;1;4;1;2;1;1;1;2;1;1;4;1;1;1;1;1;1;3;1;;;110000000;700000;;;1;;;;;;;;;;1
20230311;03;2023;7379873;1;1;01;05;1;657.89327446;05;2;1;4;1;2;1;1;1;2;1;1;4;3;1;1;1;1;1;3;2;;1000000;250000000;900000;;;1;;;;;;;;;;5
20230311;03;2023;7379874;1;1;01;05;1;941.96873412;05;2;1;4;1;3;1;1;1;2;1;1;4;3;1;1;1;1;1;3;3;;;;;1200000;;1;;;;;;;;;;4
20230311;03;2023;7379875;1;1;01;05;1;1150.3931663;05;2;1;4;1;3;1;1;1;2;1;1;3;1;1;1;1;1;1;3;1;;;200000000;1100000;;;1;;;;;;;;;;1
20230311;03;2023;7379876;1;1;01;05;1;1134.0078231;05;2;1;4;1;2;1;1;1;2;1;1;4;1;1;1;1;1;1;3;1;;;100000000;600000;;;1;;;;;;;;;;1
20230311;03;2023;7379877;1;1;01;05;1;986.34239387;05;2;1;4;1;2;1;1;1;2;1;1;5;3;1;1;1;1;1;3;3;;;;;600000;;;;;;;1;;;;;4
20230311;03;2023;7379878;1;1;01;05;1;874.68525311;05;2;1;4;1;2;1;1;1;2;1;1;3;2;1;1;1;1;1;3;3;;;;;650000;;1;;;;;;;;;;4
20230311;03;2023;7379879;1;1;01;05;1;961.93622187;05;2;1;4;1;2;1;1;1;2;1;1;3;2;1;1;1;1;1;3;3;;;;;550000;;1;;;;;;;;;;5
20230311;03;2023;7379880;1;1;01;05;1;847.01934228;05;2;1;4;1;2;1;1;1;2;1;1;3;2;1;1;1;1;1;3;2;;600000;150000000;800000;;;1;;;;;;;;;;4
20230311;03;2023;7379881;1;1;01;05;1;919.84108183;05;2;1;4;1;2;1;1;1;2;1;1;3;1;1;1;1;1;1;3;3;;;;;870000;;1;;;;;;;;;;2
20230311;03;2023;7379882;1;1;01;05;1;847.01934228;05;2;1;4;1;2;1;1;1;2;1;1;5;4;1;1;1;1;1;3;3;;;;;1000000;;1;;;;;;;;;;4
20230311;03;2023;7379883;1;1;01;05;1;739.87385697;05;2;1;4;1;2;1;1;1;2;1;1;4;3;1;1;1;1;1;3;1;;;200000000;1000000;;;1;;;;;;;;;;5
20230311;03;2023;7379884;1;1;01;05;1;879.68471657;05;2;1;4;1;3;1;1;1;2;1;1;4;3;1;1;1;1;1;3;1;;;120000000;600000;;;1;;;;;;;;;;4
20230311;03;2023;7379885;1;1;01;05;1;1156.9141667;05;2;1;4;1;2;1;1;1;2;1;1;3;2;1;1;1;1;1;3;3;;;;;600000;;1;;;;;;;;;;4
20230311;03;2023;7379886;1;1;01;05;1;800.54811877;05;2;1;4;1;2;1;1;1;2;1;1;3;3;1;1;1;1;1;3;3;;;;;600000;;1;;;;;;;;;;5
20230311;03;2023;7379887;1;1;01;05;1;881.62606425;05;2;1;4;1;3;1;1;1;2;1;1;4;2;1;1;1;1;1;3;1;;;120000000;650000;;;1;;;;;;;;;;2
20230311;03;2023;7379888;1;1;01;05;1;1006.5360408;05;2;1;4;1;2;1;1;1;2;1;1;2;2;1;1;1;1;1;3;3;;;;;800000;;1;;;;;;;;;;2
20230311;03;2023;7379891;1;1;01;05;1;2526.8580938;05;1;1;4;1;6;1;1;1;2;1;1;7;2;1;1;1;1;1;3;1;;;1200000000;7000000;;1;1;;;;;1;;;;;3
20230311;03;2023;7379892;1;1;01;05;1;975.62549998;05;2;1;4;1;2;1;1;1;2;1;1;4;3;1;1;1;1;1;3;3;;;;;450000;;1;;;;;;;;;;4
20230311;03;2023;7379894;1;1;01;05;1;1006.5360408;05;2;1;4;1;2;1;1;1;2;1;1;3;1;1;1;1;1;1;3;3;;;;;400000;;;;;;;;;1;;;2
20230311;03;2023;7379895;1;1;01;05;1;1355.0108785;05;2;1;2;1;0;2;2;1;2;2;1;4;1;3;1;1;2;1;4;3;;;;;750000;;;;;;;;;1;;;2
20230311;03;2023;7379896;1;1;01;05;1;873.1860238;05;2;1;4;1;1;2;1;1;2;1;1;1;1;1;1;1;1;1;1;3;;;;;450000;;1;;;;;;;;;;1
20230311;03;2023;7379897;1;1;01;05;1;899.82212966;05;2;1;2;1;1;2;1;1;2;1;1;3;3;1;1;1;1;1;4;1;;;70000000;400000;;;1;;;;1;;;;;;4
20230311;03;2023;7379898;1;1;01;05;1;780.77756963;05;2;1;2;1;1;1;1;1;2;1;1;2;2;1;1;1;1;1;3;3;;;;;450000;;1;;;;;;;;;;3
20230311;03;2023;7379900;1;1;01;05;1;1663.2114739;05;3;1;4;1;3;2;1;1;7;1;1;1;1;1;1;1;1;6;;3;;;;;540000;;;;;;;;;1;;;1
20230311;03;2023;7379901;1;1;01;05;1;1807.677309;05;3;1;2;1;3;2;1;1;7;1;1;1;1;1;1;1;1;2;4;3;;;;;450000;;;;;;;;;1;;;1
20230311;03;2023;7379902;1;1;01;05;1;1589.8107721;05;2;1;4;1;3;1;1;1;7;1;1;4;3;1;1;1;1;1;3;1;;;135000000;600000;;;1;;;;;;;;;;2
20230311;03;2023;7379903;1;1;01;05;1;1345.9563938;05;2;1;4;1;3;1;1;1;7;1;1;5;2;1;1;1;1;1;3;3;;;;;400000;;1;;;;;;;;;;4
20230311;03;2023;7379904;1;1;01;05;1;1036.2604702;05;2;1;4;1;3;1;1;1;2;1;1;3;1;1;1;1;1;3;3;1;;;160000000;1000000;;;1;1;;;1;1;;;;;2
20230311;03;2023;7379905;1;1;01;05;1;898.57344746;05;2;1;4;1;3;1;1;1;2;1;1;2;1;1;1;1;1;1;3;3;;;;;800000;;1;;;;;;;;;;1
20230311;03;2023;7379906;1;1;01;05;1;1158.632297;05;2;1;4;1;3;2;1;1;2;1;1;4;3;1;1;1;1;1;4;5;;;;2000000;;;1;;;;;1;;;;;3
20230311;03;2023;7379907;1;1;01;05;1;1589.8107721;05;2;1;4;1;3;1;1;1;2;1;1;5;2;1;1;1;1;1;3;1;;;2000000000;3000000;;;1;;;;;;;;;;2
20230311;03;2023;7379909;1;1;01;05;1;1474.4320832;05;2;1;4;1;3;1;1;1;7;1;1;4;2;1;1;1;1;1;3;4;;;;1500000;;;1;;;;;;;;;;4
20230311;03;2023;7379910;1;1;01;05;1;1031.624359;05;2;1;4;1;3;1;1;1;2;1;1;3;2;1;1;1;1;1;3;3;;;;;850000;;1;;;;;;;;;;4
20230311;03;2023;7379911;1;1;01;05;1;705.43491478;05;2;1;4;1;3;1;1;1;2;1;1;4;3;1;1;1;1;1;3;3;;;;;1400000;;1;;;;;;;;;;3
20230311;03;2023;7379912;1;1;01;05;1;990.92474266;05;2;1;4;1;3;1;1;1;2;1;1;4;3;1;1;1;1;1;3;1;;;180000000;1100000;;;1;;;;;;;;;;3
20230311;03;2023;7379913;1;1;01;05;1;743.6269903;05;2;1;4;1;3;1;1;1;2;1;1;2;2;1;1;1;1;1;3;3;;;;;900000;;1;;;;;;;;;;2
20230311;03;2023;7379914;1;1;01;05;1;924.65001797;05;1;1;2;1;1;1;1;1;2;1;1;2;2;1;1;1;1;1;3;4;;;;450000;;;;;;;;;;1;;;2
20230311;03;2023;7379915;1;1;01;05;1;763.78743034;05;1;1;2;1;1;2;1;1;2;1;1;3;1;1;1;1;1;1;1;1;;;56000000;500000;;;;;;;;;;1;;;1
20230311;03;2023;7379917;1;1;01;05;1;1677.755047;05;3;1;4;1;3;2;1;1;7;1;1;1;1;1;1;1;1;1;4;3;;;;;600000;;;;;;;;;1;;;2
20230311;03;2023;7379918;1;1;01;05;1;1807.677309;05;2;1;4;1;3;2;1;1;7;1;1;1;1;1;1;1;1;1;4;3;;;;;480000;;;;;;;;;1;;;1
20230311;03;2023;7379920;1;1;01;05;1;896.91370162;05;2;1;4;1;3;1;1;1;2;1;1;4;3;1;1;1;1;1;3;3;;;;;1200000;;1;;;;;;;;;;3
20230311;03;2023;7379921;1;1;01;05;1;766.44146782;05;2;1;4;1;1;2;1;1;2;1;1;4;2;1;1;1;1;1;4;3;;;;;360000;;1;;;;;;;;;;3
20230311;03;2023;7379922;1;1;01;05;1;1163.8950134;05;2;1;4;1;5;2;1;1;2;1;1;3;2;1;1;1;1;1;1;1;;;250000000;1250000;;;1;;;;;;;;;;2
20230311;03;2023;7379923;1;1;01;05;1;914.62949019;05;1;1;4;1;5;1;1;1;2;1;1;4;3;1;1;1;1;1;3;3;;;;;2500000;;1;;;;;;;;;;3
20230311;03;2023;7379924;1;1;01;05;1;771.78349633;05;2;1;4;1;3;1;1;1;2;1;1;4;3;1;1;1;1;1;3;4;;;;1200000;;;1;;;;;;;;;;4
20230311;03;2023;7379925;1;1;01;05;1;679.40008461;05;2;1;4;1;5;1;1;1;2;1;1;3;2;1;1;1;1;1;3;1;;;98;3000000;;;1;;;;;;;;;;3
20230311;03;2023;7379926;1;1;01;05;1;914.62949019;05;2;1;4;1;5;1;1;1;2;1;1;4;2;1;1;1;1;1;3;1;;;500000000;3000000;;;1;;;;;;;;;;3
20230311;03;2023;7379927;1;1;01;05;1;1239.8439434;05;1;1;4;1;5;1;1;1;2;1;1;7;4;1;1;1;1;1;3;1;;;98;98;;;1;;;;;;;;;;4
20230311;03;2023;7379928;1;1;01;05;1;885.80273807;05;2;1;4;1;1;2;1;1;2;1;1;3;1;1;1;1;1;1;4;3;;;;;500000;;1;;;;;;;;;;1
20230311;03;2023;7379931;1;1;01;05;1;3153.4497845;05;2;1;2;1;2;2;1;1;3;1;1;3;1;1;1;1;1;1;1;1;;;30000000;450000;;;;;;;;;;1;;;1
20230311;03;2023;7379932;1;1;01;05;1;719.24382104;05;2;1;4;1;1;1;1;1;2;1;1;3;3;1;1;1;1;1;3;1;;;75000000;550000;;;1;;;;;;;;;;4
20230311;03;2023;7379933;1;1;01;05;1;932.28539385;05;2;1;2;1;1;2;1;1;2;1;1;3;2;1;1;1;1;1;4;3;;;;;350000;;;;;;;;;1;;;3
20230311;03;2023;7379934;1;1;01;05;1;681.56740063;05;2;1;4;1;3;1;1;1;2;1;1;4;3;1;1;1;1;1;3;1;;;220000000;1300000;;;1;;;;;;;;;;5
20230311;03;2023;7379935;1;1;01;05;1;4077.5001842;05;2;1;4;1;2;2;1;1;3;1;1;3;2;1;1;1;1;1;4;3;;;;;500000;;1;;;;;;;;;;5
20230311;03;2023;7379937;1;1;01;05;1;1510.3867111;05;2;1;4;1;2;2;1;1;2;1;1;3;2;1;1;1;1;1;4;3;;;;;390000;;1;;;;;;;;;;3
20230311;03;2023;7379938;1;1;01;05;1;3126.283844;05;2;1;2;1;2;2;1;1;3;1;1;3;2;1;1;1;1;1;1;4;;;;400000;;;1;;;;;;;;;;2
20230311;03;2023;7379939;1;1;01;05;1;2456.338585;05;2;1;4;1;2;2;1;1;3;1;1;4;3;1;1;1;1;1;4;3;;;;;500000;;1;;;;;;;;;;5
20230311;03;2023;7379940;1;1;01;05;1;3153.4497845;05;2;1;2;1;2;2;1;1;3;1;1;3;1;1;1;1;1;1;4;1;;;50000000;350000;;;1;;;;;;;;;;1
20230311;03;2023;7379941;1;1;01;05;1;5382.1054661;05;2;1;4;1;2;2;1;1;3;1;1;3;2;1;1;1;1;1;1;3;;;;;480000;;1;;;;;;;;;;6
20230311;03;2023;7379942;1;1;01;05;1;1111.1642638;05;2;1;4;1;4;1;1;1;2;1;1;4;3;1;1;1;1;1;3;2;;750000;180000000;1300000;;;1;;;;;;;;;;3
20230311;03;2023;7379943;1;1;01;05;1;1271.0231079;05;2;1;4;1;4;1;1;1;2;1;1;4;1;1;1;1;1;1;3;1;;;200000000;1300000;;;1;;;;;;;;;;1
20230311;03;2023;7379945;1;1;01;05;1;1179.6715174;05;2;1;4;1;4;1;1;1;2;1;1;3;1;1;1;1;1;1;3;3;;;;;1450000;;1;;;1;;1;;;;;2
20230311;03;2023;7379946;1;1;01;05;1;1128.061649;05;2;1;4;1;4;1;1;1;2;1;1;3;2;1;1;1;1;1;3;1;;;250000000;1500000;;;1;;;1;1;1;;;;;3
20230311;03;2023;7379948;1;1;01;05;1;881.62606425;05;2;1;2;1;2;2;1;1;2;1;1;2;2;1;1;1;1;1;4;1;;;50000000;500000;;;1;;;;;;;;;;2
20230311;03;2023;7379949;1;1;01;05;1;1006.6530282;05;2;1;4;1;2;2;1;1;2;1;1;2;1;1;1;1;1;1;4;4;;;;400000;;;;;;;;;;1;;;2
20230311;03;2023;7379950;1;1;01;05;1;1253.6328644;05;2;1;4;1;5;1;1;1;2;1;1;3;1;1;1;1;1;1;3;1;;;98;1500000;;;;;;;;;;1;;;1
20230311;03;2023;7379951;1;1;01;05;1;813.26679447;05;2;1;2;1;2;2;1;1;2;1;1;2;2;1;1;1;1;1;4;1;;;100000000;600000;;;1;;;;;;;;;;3
20230311;03;2023;7379952;1;1;01;05;1;1012.3459864;05;2;1;4;1;2;2;1;1;2;1;1;1;1;1;1;1;1;1;1;3;;;;;450000;;;;;;;;;1;;;1
20230311;03;2023;7379953;1;1;01;05;1;863.00017368;05;2;1;4;1;2;2;1;1;2;1;1;1;1;1;1;1;1;6;;3;;;;;300000;;1;;;;;;;;;;1
20230311;03;2023;7379954;1;1;01;05;1;730.66792704;05;2;1;4;1;2;2;1;1;2;1;1;2;1;1;1;1;1;1;1;3;;;;;500000;;;;;;;;;1;;;4
20230311;03;2023;7379955;1;1;01;05;1;1382.4755528;05;2;1;4;1;5;1;1;1;2;1;1;4;3;1;1;1;1;1;3;3;;;;;1371000;;1;;;;;;;;;;3
20230311;03;2023;7379956;1;1;01;05;1;1354.7873068;05;2;1;4;1;5;1;1;1;2;1;1;3;2;1;1;1;1;1;3;2;;1300000;280000000;1200000;;;1;;1;;1;;;;;;3
20230311;03;2023;7379957;1;1;01;05;1;1179.6715174;05;2;1;4;1;4;1;1;1;2;1;1;4;1;1;1;1;1;1;3;2;;350000;340000000;2000000;;;1;;;;;;;;;;2
20230311;03;2023;7379958;1;1;01;05;1;3214.4872297;05;2;1;4;1;2;1;1;1;3;1;1;4;3;1;1;1;1;1;3;3;;;;;48000;;1;;;;;;;;;;7
20230311;03;2023;7379959;1;1;01;05;1;6222.5362035;05;2;1;4;1;2;1;1;1;3;1;1;4;1;1;1;1;1;1;3;3;;;;;850000;;1;;;;1;;;;;;1
20230311;03;2023;7379961;1;1;01;05;1;3214.4872297;05;2;1;4;1;2;1;1;1;3;1;1;4;3;1;1;1;1;1;3;3;;;;;850000;;1;;;;;;;;;;4
20230311;03;2023;7379962;1;1;01;05;1;3250.9231649;05;2;1;4;1;2;2;1;1;3;1;1;4;3;1;1;1;1;3;4;3;;;;;800000;;1;;;;;;;;;;5
20230311;03;2023;7379963;1;1;01;05;1;9960.7504889;05;2;1;4;1;2;1;1;1;3;1;1;4;3;1;1;1;1;1;3;3;;;;;720000;;1;;;;;;;;;;4
20230311;03;2023;7379964;1;1;01;05;1;759.63228599;05;2;1;2;1;2;2;1;1;2;1;1;5;4;1;1;1;1;1;4;1;;;100000000;600000;;;;;;;;;;1;;;4
20230311;03;2023;7379966;1;1;01;05;1;4915.4389139;05;2;1;4;1;2;1;1;1;3;1;1;4;2;1;1;1;1;1;3;3;;;;;700000;;1;;;;;;;;;;2
20230311;03;2023;7379968;1;1;01;05;1;1445.7250937;05;2;1;4;1;5;1;1;1;2;1;1;3;1;1;1;1;1;2;3;1;;;450000000;1900000;;;1;;1;;;1;;;;;2
20230311;03;2023;7379969;1;1;01;05;1;1570.2116112;05;2;1;4;1;5;1;1;1;2;1;1;4;2;1;1;1;1;1;3;1;;;98;98;;;1;;;;;;;;;;2
20230311;03;2023;7379970;1;1;01;05;1;1445.7250937;05;2;1;4;1;5;1;1;1;2;1;1;4;1;1;1;1;1;1;3;4;;;;2200000;;;1;;;;;1;;;;;2
20230311;03;2023;7379971;1;1;01;05;1;1347.5495467;05;2;1;4;1;5;2;1;1;2;1;1;4;3;1;1;1;1;1;1;3;;;;;500000;;1;;;;;;;;;;3
20230311;03;2023;7379972;1;1;01;05;1;1453.9011506;05;2;1;4;1;5;1;1;1;2;1;1;3;1;1;1;1;1;1;3;3;;;;;1300000;;1;;;;;1;;;;;1
20230311;03;2023;7379973;1;1;01;05;1;1445.7250937;05;2;1;4;1;5;1;1;1;2;1;1;4;1;1;1;1;1;1;3;3;;;;;1500000;;1;;;;;;;;;;2
20230311;03;2023;7379974;1;1;01;05;1;1022.9295942;05;2;1;4;1;4;1;1;1;2;1;1;4;1;1;1;1;1;1;3;1;;;250000000;1800000;;;1;;;;;1;;;;;1
20230311;03;2023;7379975;1;1;01;05;1;1016.2581589;05;2;1;4;1;4;1;1;1;2;1;1;4;2;1;1;1;1;1;3;1;;;380000000;1750000;;;1;;;;;1;;;;;2
20230311;03;2023;7379977;1;1;01;05;1;979.58451583;05;2;1;4;1;5;1;1;1;2;1;1;5;2;1;1;1;1;1;3;1;;;900000000;3500000;;;1;;;;;;;;;;2
20230311;03;2023;7379978;1;1;01;05;1;816.54491112;05;2;1;4;1;5;1;1;1;2;1;1;5;3;1;1;1;1;1;3;3;;;;;1500000;;1;;;;;1;;;;;7
20230311;03;2023;7379979;1;1;01;05;1;969.88880043;05;2;1;4;1;5;1;1;1;2;1;1;5;1;1;1;1;1;1;3;3;;;;;2600000;;1;;;;;;;;;;1
20230311;03;2023;7379980;1;1;01;05;1;1036.0569794;05;2;1;4;1;5;1;1;1;2;1;1;5;4;1;1;1;1;1;4;3;;;;;1800000;;1;;;;;;;;;;4
20230311;03;2023;7379981;1;1;01;05;1;1105.4688093;05;2;1;4;1;4;1;1;1;2;1;1;4;2;1;1;1;1;1;3;3;;;;;1500000;;1;;;;;;;;;;3
20230311;03;2023;7379983;1;1;01;05;1;1012.3459864;05;2;1;2;1;2;2;1;1;2;1;1;1;1;1;1;1;1;1;4;3;;;;;500000;;1;;;;;;;;;;1
20230311;03;2023;7379986;1;1;01;05;1;1022.9295942;05;2;1;4;1;4;1;1;1;2;1;1;4;1;1;1;1;1;1;3;1;;;360000000;2200000;;;1;;;;;1;;;;;1
20230311;03;2023;7379987;1;1;01;05;1;2092.0606381;05;2;1;4;1;2;1;1;1;2;1;1;3;1;1;1;1;1;1;3;1;;;98;600000;;;1;;;;;;;;;;1
20230311;03;2023;7379988;1;1;01;05;1;960.82601098;05;2;1;4;1;2;2;1;1;2;1;1;2;1;1;1;1;1;1;4;3;;;;;550000;;1;;;;;;;;;;2
20230311;03;2023;7379989;1;1;01;05;1;897.50636674;05;2;1;4;1;2;2;1;1;2;1;1;2;2;1;1;1;1;1;4;3;;;;;550000;;;;;;;;;1;;;3
20230311;03;2023;7379990;1;1;01;05;1;4025.1368499;05;2;1;2;1;2;2;1;1;3;1;1;3;2;1;1;1;1;1;1;3;;;;;400000;;1;;;;;;;;;;3
20230311;03;2023;7379991;1;1;01;05;1;814.22452202;05;2;1;4;1;1;1;1;1;2;1;1;4;3;1;1;1;1;1;3;3;;;;;570000;;1;;;;;;;;;;3
20230311;03;2023;7379992;1;1;01;05;1;1117.6011376;05;2;1;4;1;2;1;1;1;2;1;1;3;2;1;1;1;1;1;3;3;;;;;650000;;;;;;;;;1;;;3
20230311;03;2023;7379994;1;1;01;05;1;1068.2222259;05;2;1;4;1;2;1;1;1;2;1;1;2;1;1;1;1;1;1;3;3;;;;;800000;;;;;;;;;1;;;1
20230311;03;2023;7379995;1;1;01;05;1;1232.5072561;05;2;1;4;1;2;1;1;1;2;1;1;2;1;1;1;1;1;1;3;3;;;;;550000;;1;;;;;;;;;;1
20230311;03;2023;7379997;1;1;01;05;1;1099.9864847;05;2;1;4;1;3;1;1;1;2;1;1;3;2;1;1;1;1;1;3;3;;;;;810000;;1;;;;;;;;;;4
20230311;03;2023;7379998;1;1;01;05;1;850.19045622;05;2;1;4;1;3;1;1;1;2;1;1;3;2;1;1;1;1;1;3;3;;;;;750000;;1;;;;;;;;;;2
20230311;03;2023;7379999;1;1;01;05;1;4014.2355977;05;2;3;4;1;2;1;1;1;3;1;1;3;2;1;1;1;1;1;3;1;;;60000000;600000;;;1;;;;;;;;;;4
20230311;03;2023;7380000;1;1;01;05;1;1433.1928658;05;2;1;4;1;5;1;1;1;2;1;1;3;1;1;1;1;1;1;3;4;;;;1500000;;;1;;;;;;;;;;1
20230311;03;2023;7380003;1;1;01;05;1;2838.9918747;05;2;1;4;1;2;2;1;1;3;1;1;4;3;1;1;1;1;1;4;3;;;;;500000;;;;;;;;;1;;;6
20230311;03;2023;7380004;1;1;01;08;1;1093.1377467;08;1;1;4;1;6;1;1;1;3;1;1;8;5;1;1;1;1;1;3;2;;1800000;1500000000;6000000;;;1;;1;;;1;;;;;6
20230311;03;2023;7380005;1;1;01;08;1;921.56352106;08;1;1;4;1;6;1;1;1;3;1;1;4;3;1;1;1;1;1;3;1;;;1200000000;9000000;;;1;;;;;1;;;;;4
20230311;03;2023;7380006;1;1;01;08;1;1087.1913467;08;1;1;4;1;6;1;1;1;3;1;1;4;1;1;1;1;1;1;3;2;;99;1100000000;4000000;;;1;;;;;;;;;;2
20230311;03;2023;7380008;1;1;01;08;1;849.14703326;08;1;1;4;1;6;1;1;1;3;1;1;4;2;1;1;1;1;1;3;1;;;1000000000;5000000;;;1;;;;;;;;;;3
20230311;03;2023;7380009;1;1;01;08;1;1260.2800972;08;1;1;4;1;6;1;1;1;3;1;1;5;2;1;1;1;1;1;3;3;;;;;5000000;;1;;;;;1;;;;;3
20230311;03;2023;7380011;1;1;01;08;1;607.07429769;08;2;1;2;1;1;2;2;1;3;1;1;2;1;2;1;1;1;4;1;4;;;;300000;;;;;;;;;;1;;;7
20230311;03;2023;7380012;1;1;01;08;1;663.98547676;08;2;1;4;1;4;1;1;1;3;1;1;4;3;1;1;1;1;1;3;1;;;260000000;1800000;;;1;;;;;;;;;;3
20230311;03;2023;7380013;1;1;01;08;1;801.9964255;08;2;1;4;1;4;1;1;1;3;1;1;4;2;1;1;1;1;1;3;3;;;;;1427000;;1;;;;;1;;;;;3
20230311;03;2023;7380015;1;1;01;08;1;921.20916681;08;1;1;2;1;1;2;2;1;3;1;1;2;1;2;1;1;1;1;1;4;;;;4500000;;;;;;;;;;1;;;1
20230311;03;2023;7380016;1;1;01;08;1;754.02978758;08;1;1;2;1;1;2;2;1;3;1;1;3;2;2;1;1;1;1;1;3;;;;;400000;;;;;;;;;1;;;5
20230311;03;2023;7380017;1;1;01;08;1;491.65356438;08;1;1;4;1;1;2;2;1;3;1;1;3;2;2;1;1;1;1;4;1;;;60000000;500000;;;1;;;;;;;;;;6
20230311;03;2023;7380018;1;1;01;08;1;766.33312046;08;1;1;4;1;6;1;1;1;3;1;1;6;4;1;1;1;1;1;3;1;;;1000000000;6000000;;;1;;;;1;1;;;;;4
20230311;03;2023;7380019;1;1;01;08;1;734.77667263;08;2;1;4;1;4;1;1;1;3;1;1;4;2;1;1;1;1;1;3;1;;;270000000;1300000;;;1;;;1;;;;;;;2
20230311;03;2023;7380020;1;1;01;08;1;433.39300112;08;1;1;4;1;4;1;1;1;3;1;1;4;1;1;1;1;1;1;3;1;;;500000000;2500000;;;1;;;;;1;;;;;2
20230311;03;2023;7380022;1;1;01;08;1;747.68581049;08;2;1;4;1;1;2;2;1;3;1;1;6;4;2;1;1;1;1;4;1;;;150000000;1000000;;;1;;;;;;;;;;5
20230311;03;2023;7380023;1;1;01;08;1;488.4316147;08;1;1;4;1;4;1;1;1;3;1;1;4;2;1;1;1;1;1;3;1;;;350000000;1800000;;1;;;;;;1;;;;;3
20230311;03;2023;7380024;1;1;01;08;1;453.80203841;08;1;1;4;1;4;1;1;1;3;1;1;5;2;1;1;1;1;1;3;1;;;300000000;1500000;;;1;;;;;;;;;;3
20230311;03;2023;7380025;1;1;01;08;1;529.03920429;08;2;1;4;1;4;1;1;1;3;1;1;4;2;1;1;1;1;1;3;4;;;;1300000;;;1;;;;;1;;;;;2
20230311;03;2023;7380026;1;1;01;08;1;531.41646406;08;2;1;4;1;4;1;1;1;3;1;1;4;3;1;1;1;1;1;3;1;;;250000000;1100000;;;1;;;;;;;;;;4
20230311;03;2023;7380027;1;1;01;08;1;526.46776534;08;1;1;4;1;4;1;1;1;3;1;1;4;3;1;1;1;1;1;3;4;;;;2000000;;;1;;;;;1;;;;;4
20230311;03;2023;7380028;1;1;01;08;1;445.60683292;08;2;1;4;1;4;1;1;1;3;1;1;4;3;1;1;1;1;1;3;1;;;300000000;1000000;;;1;;;;;1;;;;;5
20230311;03;2023;7380029;1;1;01;08;1;723.82162217;08;2;1;2;1;1;2;2;1;3;1;1;4;1;2;1;1;1;1;4;1;;;82000000;600000;;1;;;;;;;;;;;1
20230311;03;2023;7380030;1;1;01;08;1;453.80203841;08;2;1;4;1;4;1;1;1;3;1;1;4;3;1;1;1;1;1;3;1;;;500000000;2000000;;;1;;;;;1;;;;;3
20230311;03;2023;7380031;1;1;01;08;1;796.34510251;08;2;1;4;1;4;1;1;1;3;1;1;3;1;1;1;1;1;1;3;3;;;;;1500000;;1;;;;;1;;;;;1
20230311;03;2023;7380032;1;1;01;08;1;697.13812395;08;2;1;4;1;4;1;1;1;3;1;1;5;3;1;1;1;1;1;3;1;;;280000000;1700000;;;1;1;1;;;1;;;;;4
20230311;03;2023;7380033;1;1;01;08;1;620.15438126;08;2;1;4;1;4;1;1;1;3;1;1;4;3;1;1;1;1;1;3;1;;;220000000;1400000;;;1;;;;;;;;;;4
20230311;03;2023;7380034;1;1;01;08;1;433.39300112;08;2;1;4;1;4;1;1;1;3;1;1;2;1;1;1;1;1;1;3;2;;2300000;98;1200000;;;1;;;;;;;;;;2
20230311;03;2023;7380035;1;1;01;08;1;791.5133527;08;1;1;2;1;1;2;2;1;3;1;1;4;1;2;1;1;1;1;1;3;;;;;500000;;1;;;;;;;;;;2
20230311;03;2023;7380036;1;1;01;08;1;843.98240768;08;2;1;4;1;1;2;2;1;3;1;1;2;1;2;1;1;1;1;1;3;;;;;250000;;1;;;;;;;;;;2
20230311;03;2023;7380037;1;1;01;08;1;721.78462194;08;2;1;4;1;1;2;2;1;3;1;1;3;2;2;1;1;1;1;4;1;;;60000000;600000;;;1;;;;;;;;;;3
20230311;03;2023;7380039;1;1;01;08;1;723.82162217;08;1;1;2;1;1;2;2;1;3;1;1;1;1;2;1;1;1;6;;3;;;;;500000;;1;;;;;;;;;;1
20230311;03;2023;7380040;1;1;01;08;1;593.7775111;08;1;1;4;1;4;1;1;1;3;1;1;4;1;1;1;1;1;1;3;1;;;180000000;1000000;;;1;;;;1;1;;;;;2
20230311;03;2023;7380041;1;1;01;08;1;540.62335619;08;1;1;2;1;1;2;2;1;3;1;1;3;2;2;1;1;1;3;1;3;;;;;500000;;1;;;;;;;;;;5
20230311;03;2023;7380043;1;1;01;08;1;1085.7108037;08;2;1;4;1;3;1;1;1;3;1;1;3;1;1;1;1;1;1;3;3;;;;;700000;;1;;;;;1;;;;;1
20230311;03;2023;7380044;1;1;01;08;1;1694.8840332;08;2;1;2;1;2;1;1;1;3;1;1;2;1;1;1;1;1;1;3;3;;;;;500000;;1;;;;;;;;;;2
20230311;03;2023;7380045;1;1;01;08;1;870.48080877;08;1;5;1;1;0;2;2;1;3;1;1;3;2;2;1;1;1;1;1;4;;;;300000;;;;;;;;;;1;;;5
20230311;03;2023;7380046;1;1;01;08;1;845.05908636;08;3;5;1;1;0;2;2;1;3;1;1;1;1;2;2;1;2;2;4;3;;;;;150000;;;;;;;;;1;;;4
20230311;03;2023;7380047;1;1;01;08;1;698.75886242;08;1;1;2;1;2;1;1;1;3;1;1;3;2;1;1;1;1;1;3;3;;;;;500000;;1;;;;;;;;;;2
20230311;03;2023;7380048;1;1;01;08;1;569.66531993;08;3;5;4;1;0;2;2;1;3;1;1;1;1;2;2;1;2;5;5;3;;;;;150000;;;;;;;;;1;;;5
20230311;03;2023;7380049;1;1;01;08;1;915.32888746;08;1;1;4;1;2;1;1;1;3;1;1;4;2;1;1;1;1;1;3;3;;;;;500000;;1;;;;;;;;;;4
20230311;03;2023;7380050;1;1;01;08;1;598.05470653;08;2;1;2;1;2;1;1;1;3;1;1;3;2;1;1;1;1;1;3;1;;;60000000;500000;;;;;;;;;;1;;;4
20230311;03;2023;7380051;1;1;01;08;1;1263.9054536;08;1;1;4;1;1;1;1;1;3;1;1;4;3;1;1;1;1;1;3;3;;;;;400000;;;;;;;1;;;;;6
20230311;03;2023;7380052;1;1;01;08;1;721.97605776;08;1;1;4;1;2;1;1;1;3;1;1;4;2;1;1;1;1;1;3;1;;;100000000;600000;;;1;;;;;;;;;;4
20230311;03;2023;7380053;1;1;01;08;1;804.22560116;08;2;1;2;1;2;1;1;1;3;1;1;3;2;1;1;1;1;1;3;4;;;;500000;;;1;;;;;;;;;;5
20230311;03;2023;7380054;1;1;01;08;1;1977.1000945;08;1;1;4;1;1;1;1;1;3;1;1;1;1;1;1;1;1;3;3;1;;;100000000;500000;;;1;;;;;;;;;;4
20230311;03;2023;7380055;1;1;01;08;1;841.06767994;08;2;1;4;1;2;1;1;1;3;1;1;3;2;1;1;1;1;1;3;3;;;;;600000;;1;;;;;;;;;;3
20230311;03;2023;7380056;1;1;01;08;1;871.42265494;08;2;1;4;1;2;1;1;1;3;1;1;3;2;1;1;1;1;1;3;3;;;;;550000;;1;;;;;1;;;;;4
20230311;03;2023;7380057;1;1;01;08;1;738.19061741;08;1;1;4;1;2;1;1;1;3;1;1;4;3;1;1;1;1;1;3;1;;;70000000;600000;;;1;;;;;1;;;;;4
20230311;03;2023;7380058;1;1;01;08;1;847.97155329;08;1;1;4;1;2;1;1;1;3;1;1;3;2;1;1;1;1;1;3;1;;;60000000;500000;;;1;;;;;;;;;;3
20230311;03;2023;7380059;1;1;01;08;1;2345.7207343;08;1;1;4;1;1;1;1;1;3;1;1;3;1;1;1;1;1;1;3;3;;;;;400000;;1;;;;;;;;;;2
20230311;03;2023;7380060;1;1;01;08;1;1265.3346348;08;2;1;4;1;1;1;1;1;3;1;1;3;2;1;1;1;1;3;3;3;;;;;360000;;1;;;;;;;;;;8
20230311;03;2023;7380061;1;1;01;08;1;2592.5152154;08;2;1;4;1;1;1;1;1;3;1;1;3;2;1;1;1;1;3;3;3;;;;;350000;;;;;;;;;1;;;4
20230311;03;2023;7380062;1;1;01;08;1;2199.7288141;08;1;1;4;1;1;1;1;1;3;1;1;3;2;1;1;1;1;1;3;3;;;;;450000;;1;;;;;;;;;;3
20230311;03;2023;7380063;1;1;01;08;1;577.98882614;08;1;1;4;1;1;1;1;1;3;1;1;4;1;1;1;1;1;3;3;3;;;;;200000;;;;;;;;;1;;;1
20230311;03;2023;7380064;1;1;01;08;1;568.67609262;08;2;1;4;1;1;1;1;1;3;1;1;3;2;1;1;1;1;1;3;1;;;80000000;500000;;;1;;;;;;;;;;3
20230311;03;2023;7380065;1;1;01;08;1;492.49204673;08;2;1;4;1;1;1;1;1;3;1;1;3;2;1;1;1;1;1;3;1;;;60000000;400000;;;;;;;;;;1;;;2
20230311;03;2023;7380066;1;1;01;08;1;534.57406219;08;1;1;4;1;1;1;1;1;3;1;1;2;1;1;1;1;1;1;3;1;;;80000000;400000;;;;;;;;;;1;;;8
20230311;03;2023;7380067;1;1;01;08;1;582.61263586;08;1;1;4;1;1;1;1;1;3;1;1;4;3;1;1;1;1;1;3;1;;;90000000;600000;;;1;;;;;;;;;;3
20230311;03;2023;7380068;1;1;01;08;1;675.7389581;08;1;1;4;1;1;1;1;1;3;1;1;3;1;1;1;1;1;1;3;3;;;;;1000000;;;;;;;;1;;;NEQUI;3
20230311;03;2023;7380069;1;1;01;08;1;940.62720078;08;3;5;2;1;0;2;2;1;3;1;1;1;1;2;2;1;2;5;5;3;;;;;150000;;;;;;;;;1;;;3
20230311;03;2023;7380070;1;1;01;08;1;694.17306311;08;2;1;4;1;1;1;1;1;3;1;1;4;3;1;1;1;1;3;3;1;;;200000000;700000;;;1;;;;;;;;;;4
20230311;03;2023;7380071;1;1;01;08;1;622.31645053;08;1;1;4;1;1;1;1;1;3;1;1;4;3;1;1;1;1;3;3;3;;;;;600000;;1;;;;;;;;;;5
20230311;03;2023;7380072;1;1;01;08;1;965.65426383;08;3;5;1;1;0;2;2;1;3;1;1;1;1;2;2;1;2;6;;3;;;;;150000;;;;;;;;;1;;;1
20230311;03;2023;7380073;1;1;01;08;1;687.96043542;08;3;5;1;1;0;2;2;1;3;1;1;1;1;2;2;1;2;5;5;3;;;;;150000;;;;;;;;;1;;;8
20230311;03;2023;7380074;1;1;01;08;1;686.54370136;08;1;1;4;1;2;1;1;1;3;1;1;4;2;1;1;1;1;1;3;1;;;90000000;500000;;;1;;;;;;;;;;3
20230311;03;2023;7380075;1;1;01;08;1;1139.9963439;08;3;5;1;1;0;2;2;1;3;1;1;1;1;2;2;1;2;2;4;3;;;;;150000;;;;;;;;;1;;;1
20230311;03;2023;7380077;1;1;01;08;1;1178.2632888;08;1;5;1;1;0;2;2;1;3;1;1;3;1;2;1;1;2;4;4;4;;;;200000;;;;;;;;;;1;;;2
20230311;03;2023;7380078;1;1;01;08;1;676.65068933;08;1;5;2;1;0;2;2;1;3;1;1;3;2;2;1;1;2;1;1;1;;;5000000;250000;;;;;;;;;1;;;FIADO EN LA TIENDA;7
20230311;03;2023;7380079;1;1;01;08;1;1835.5071368;08;2;1;2;1;1;1;1;1;1;1;1;1;1;1;1;1;1;3;3;3;;;;;450000;;1;;;;;;;;;;3
20230311;03;2023;7380080;1;1;01;08;1;488.96493421;08;2;1;4;1;1;1;1;1;3;1;1;2;1;1;1;1;1;3;3;3;;;;;420000;;;;;;;;1;;;NEQUI;3
20230311;03;2023;7380081;1;1;01;08;1;702.35962632;08;2;1;2;1;2;1;1;1;3;1;1;3;2;1;1;1;1;1;3;3;;;;;480000;;;;;;;;;1;;;7
20230311;03;2023;7380082;1;1;01;08;1;687.01447528;08;1;1;4;1;2;1;1;1;3;1;1;4;3;1;1;1;1;1;3;2;;1285000;80000000;650000;;;1;;;;1;;;;;;7
20230311;03;2023;7380083;1;1;01;08;1;866.31227929;08;1;1;4;1;1;1;1;1;3;1;1;3;2;1;1;1;1;3;3;3;;;;;400000;;1;;;;;;;;;;4
20230311;03;2023;7380085;1;1;01;08;1;947.29953693;08;1;1;2;1;1;1;1;1;3;1;1;3;2;1;1;1;1;1;3;1;;;60000000;400000;;;;;;;;;;1;;;2
20230311;03;2023;7380086;1;1;01;08;1;1651.1968169;08;1;1;4;1;1;1;1;1;3;1;1;4;1;1;1;1;1;1;3;3;;;;;450000;;1;;;;;;;;;;4
20230311;03;2023;7380087;1;1;01;08;1;1139.9963439;08;3;5;2;1;0;2;2;1;3;1;1;1;1;2;2;1;2;5;5;3;;;;;150000;;;;;;;;;1;;;1
20230311;03;2023;7380088;1;1;01;08;1;541.33846646;08;2;1;4;1;1;1;1;1;3;1;1;3;2;1;1;1;1;3;3;3;;;;;450000;;;;;;;;1;;;NEQUI;3
20230311;03;2023;7380089;1;1;01;08;1;534.87083848;08;1;1;4;1;1;1;1;1;3;1;1;3;2;1;1;1;1;1;3;1;;;90000000;500000;;;;;;;;;;1;;;2
20230311;03;2023;7380091;1;1;01;08;1;3069.4699693;08;2;1;4;1;2;1;1;1;3;1;1;4;3;1;1;1;1;1;3;1;;;130000000;500000;;;1;;;;;;;;;;6
20230311;03;2023;7380092;1;1;01;08;1;1011.8700912;08;1;1;2;1;2;1;1;1;3;1;1;4;3;1;1;1;1;1;3;4;;;;600000;;;;;;;;;;1;;;6
20230311;03;2023;7380093;1;1;01;08;1;918.22072731;08;2;1;4;1;3;1;1;1;3;1;1;3;2;1;1;1;1;1;3;1;;;300000000;800000;;;1;;;;;1;;;;;4
20230311;03;2023;7380094;1;1;01;08;1;588.53023216;08;1;1;4;1;3;1;1;1;3;1;1;6;4;1;1;1;1;1;3;1;;;98;800000;;;1;;;;;1;;;;;8
20230311;03;2023;7380095;1;1;01;08;1;552.91929471;08;2;1;4;1;2;1;1;1;3;1;1;2;1;1;1;1;1;1;3;1;;;60000000;400000;;;1;;;;;;;;;;1
20230311;03;2023;7380096;1;1;01;08;1;703.70144687;08;2;1;4;1;2;1;1;1;3;1;1;2;1;1;1;1;1;1;3;4;;;;400000;;;;;;;;1;;;;;1
20230311;03;2023;7380097;1;1;01;08;1;593.64537563;08;1;1;4;1;2;1;1;1;3;1;1;4;3;1;1;1;1;1;3;3;;;;;600000;;1;;;;;;;;;;6
20230311;03;2023;7380098;1;1;01;08;1;501.61226981;08;2;1;4;1;2;1;1;1;3;1;1;4;2;1;1;1;1;1;3;1;;;280000000;700000;;;;;;;;;;1;;;2
20230311;03;2023;7380099;1;1;01;08;1;1948.7879725;08;1;1;4;1;2;1;1;1;3;1;1;5;2;1;1;1;1;1;3;1;;;130000000;550000;;;1;;;;;;;;;;3
20230311;03;2023;7380100;1;1;01;08;1;727.32301781;08;2;1;4;1;2;1;1;1;3;1;1;3;2;1;1;1;1;1;3;1;;;100000000;900000;;;1;;;;;;;;;;2
20230311;03;2023;7380101;1;1;01;08;1;1924.1803074;08;1;1;2;1;2;1;1;1;3;1;1;4;3;1;1;1;1;1;3;3;;;;;700000;;;;;;;;;1;;;5
20230311;03;2023;7380102;1;1;01;08;1;515.74864921;08;1;1;4;1;2;1;1;1;3;1;1;3;2;1;1;1;1;1;3;1;;;100000000;500000;;;1;;;;;;;;;;5
20230311;03;2023;7380103;1;1;01;08;1;663.62091876;08;2;1;4;1;2;1;1;1;3;1;1;3;1;1;1;1;1;1;3;3;;;;;500000;;1;;;;;;;;;;1
20230311;03;2023;7380105;1;1;01;08;1;1912.3090929;08;2;1;4;1;2;1;1;1;3;1;1;3;2;1;1;1;1;3;3;4;;;;400000;;;1;;;;;;;;;;5
20230311;03;2023;7380106;1;1;01;08;1;616.62139376;08;2;1;4;1;2;1;1;1;3;1;1;3;2;1;1;1;1;1;3;1;;;120000000;400000;;;;;;;;;;1;;;2
20230311;03;2023;7380107;1;1;01;08;1;652.39442197;08;1;1;4;1;2;1;1;1;3;1;1;3;2;1;1;1;1;1;3;1;;;160000000;600000;;;1;;;;;;;;;;2
20230311;03;2023;7380108;1;1;01;08;1;2370.9850668;08;2;1;2;1;2;1;1;1;3;1;1;2;1;1;1;1;1;1;3;3;;;;;300000;;;;;;;;;1;;;1
20230311;03;2023;7380109;1;1;01;08;1;688.25264251;08;2;1;4;1;2;1;1;1;3;1;1;2;1;1;1;1;1;3;3;3;;;;;500000;;1;;;;;;;;;;3
20230311;03;2023;7380110;1;1;01;08;1;426.05249971;08;1;1;4;1;3;1;1;1;3;1;1;3;2;1;1;1;1;1;3;4;;;;800000;;;;;;;;;;1;;;5
20230311;03;2023;7380111;1;1;01;08;1;924.06643124;08;1;1;4;1;2;1;1;1;3;1;1;4;2;1;1;1;1;1;3;1;;;120000000;550000;;;1;;;;;;;;;;3
20230311;03;2023;7380112;1;1;01;08;1;732.03245363;08;2;1;4;1;2;1;1;1;3;1;1;3;3;1;1;1;1;3;3;1;;;100000000;600000;;;1;;1;;;;;;;;4
20230311;03;2023;7380113;1;1;01;08;1;1413.646442;08;1;1;4;1;2;1;1;1;3;1;1;3;2;1;1;1;1;1;3;1;;;150000000;800000;;;1;;;;;;;;;;4
20230311;03;2023;7380114;1;1;01;08;1;614.75145309;08;2;1;4;1;1;1;1;1;3;1;1;3;2;1;1;1;1;3;3;3;;;;;470000;;1;;;;;;;;;;4
20230311;03;2023;7380115;1;1;01;08;1;559.00708993;08;2;1;2;1;1;1;1;1;3;1;1;3;2;1;1;1;1;3;3;1;;;50000000;300000;;;;;;;;;;1;;;2
20230311;03;2023;7380116;1;1;01;08;1;773.91607343;08;2;1;4;1;3;1;1;1;3;1;1;3;1;1;1;1;1;1;3;3;;;;;700000;;1;;;;;;;;;;2
20230311;03;2023;7380117;1;1;01;08;1;828.65347564;08;2;1;4;1;3;1;1;1;3;1;1;2;1;1;1;1;1;3;3;3;;;;;530000;;1;;;;;;;;;;2
20230311;03;2023;7380119;1;1;01;08;1;754.81976149;08;1;1;4;1;1;1;1;1;3;1;1;4;3;1;1;1;1;3;3;1;;;150000000;700000;;;1;;;;;;;;;;4
20230311;03;2023;7380120;1;1;01;08;1;1217.0487674;08;1;1;4;1;2;1;1;1;3;1;1;3;2;1;1;1;1;1;3;4;;;;500000;;;1;;;;;;;;;;5
20230311;03;2023;7380121;1;1;01;08;1;1009.2379791;08;2;1;4;1;3;1;1;1;3;1;1;3;2;1;1;1;1;1;3;3;;;;;700000;;;;;;;1;;;;;3
20230311;03;2023;7380122;1;1;01;08;1;508.38813916;08;2;1;4;1;1;1;1;1;3;1;1;3;2;1;1;1;1;3;3;3;;;;;500000;;;;;;;;1;;;NEQUI;7
20230311;03;2023;7380123;1;1;01;08;1;697.13812395;08;2;1;4;1;1;1;1;1;3;1;1;2;1;1;1;1;1;3;3;4;;;;500000;;;;;;;;;;1;;;4
20230311;03;2023;7380124;1;1;01;08;1;1001.595498;08;2;1;4;1;3;1;1;1;3;1;1;4;3;1;1;1;1;1;3;3;;;;;900000;;1;;;;;1;;;;;4
20230311;03;2023;7380125;1;1;01;08;1;661.63590345;08;2;1;4;1;1;1;1;1;3;1;1;3;1;1;1;1;1;3;3;3;;;;;450000;;;;;;;;;1;;;3
20230311;03;2023;7380126;1;1;01;08;1;739.94567252;08;2;1;2;1;1;1;1;1;3;1;1;3;2;1;1;1;1;3;3;3;;;;;300000;;;;;;;;1;;;NEQUI;2
20230311;03;2023;7380127;1;1;01;08;1;641.74264269;08;2;1;4;1;3;1;1;1;3;1;1;4;3;1;1;1;1;1;3;4;;;;1000000;;;1;;;;;;;;;;6
20230311;03;2023;7380128;1;1;01;08;1;738.0784223;08;2;1;4;1;1;1;1;1;3;1;1;3;2;1;1;1;1;1;3;3;;;;;400000;;;;;;;;;1;;;4
20230311;03;2023;7380129;1;1;01;08;1;586.4495134;08;2;1;4;1;1;1;1;1;3;1;1;3;2;1;1;1;1;3;3;3;;;;;380000;;;;;;;;;1;;;4
20230311;03;2023;7380130;1;1;01;08;1;635.63959164;08;2;1;4;1;1;1;1;1;3;1;1;3;2;1;1;1;1;1;3;4;;;;400000;;;;;;;;;;1;;;2
20230311;03;2023;7380131;1;1;01;08;1;850.674733;08;2;1;4;1;3;1;1;1;3;1;1;4;1;1;1;1;1;1;3;3;;;;;700000;;1;;;;;;;;;;3
20230311;03;2023;7380132;1;1;01;08;1;640.2429647;08;1;1;4;1;2;1;1;1;3;1;1;4;2;1;1;1;1;1;3;1;;;140000000;700000;;;1;;;;;;;;;;3
20230311;03;2023;7380133;1;1;01;08;1;385.86312286;08;2;1;2;1;1;2;1;1;3;1;1;2;2;1;1;1;1;3;4;3;;;;;250000;;1;;;;;;;;;;4
20230311;03;2023;7380134;1;1;01;08;1;578.00326542;08;2;1;2;1;1;2;1;1;3;1;1;2;1;1;1;1;1;1;4;3;;;;;300000;;1;;;;;;;;;;5
20230311;03;2023;7380135;1;1;01;08;1;525.19529563;08;1;1;3;1;1;2;1;1;3;1;1;2;1;1;1;1;1;1;1;1;;;8000000;200000;;;;;;;;;;1;;;4
20230311;03;2023;7380136;1;1;01;08;1;541.13080126;08;2;1;2;1;1;2;1;1;3;1;1;2;1;1;1;1;1;1;1;3;;;;;250000;;1;;;;;;;;;;6
20230311;03;2023;7380137;1;1;01;08;1;750.61487666;08;2;1;2;1;1;2;1;1;3;1;1;1;1;1;1;1;1;6;;3;;;;;150000;;;;;;;;;1;;;1
20230311;03;2023;7380139;1;1;01;08;1;567.94785895;08;1;1;2;1;1;2;1;1;3;1;1;3;2;1;1;1;1;1;1;3;;;;;150000;;;;;;;;;1;;;4
20230311;03;2023;7380141;1;1;01;08;1;656.06970871;08;1;1;2;1;1;2;1;1;3;1;1;3;2;1;1;1;1;1;1;3;;;;;300000;;1;;;;;;;;;;4
20230311;03;2023;7380142;1;1;01;08;1;604.33923526;08;1;1;2;1;1;2;1;1;3;1;1;3;2;1;1;1;1;1;4;1;;;30000000;300000;;;1;;;;;;;;;;4
20230311;03;2023;7380143;1;1;01;08;1;536.32819844;08;2;1;2;1;1;2;1;1;3;1;1;2;1;1;1;1;1;3;4;3;;;;;360000;;;;;;;;;1;;;6
20230309;03;2023;7380144;1;1;01;11;1;4113.3966788;11;2;1;4;1;3;1;1;1;3;1;1;3;2;1;1;1;1;1;3;1;;;99;900000;;;;;;;;;;1;;;3
20230309;03;2023;7380145;1;1;01;11;1;3777.3937481;11;2;1;4;1;2;1;1;1;3;1;1;4;3;1;1;1;1;1;3;1;;;200000000;900000;;;1;;;;;;;;;;3
20230310;03;2023;7380146;1;1;01;11;1;2988.4693275;11;2;1;4;1;3;1;1;1;3;1;1;3;2;1;1;1;1;1;3;2;;280000;98;800000;;;;;;;;;;1;;;3
20230310;03;2023;7380147;1;1;01;11;1;4367.4995409;11;2;1;2;1;2;1;1;1;3;1;1;2;2;1;1;1;1;1;3;3;;;;;650000;;;;;;;;;1;;;4
20230311;03;2023;7380149;1;1;01;11;1;5112.8458151;11;2;1;4;1;2;1;1;1;3;1;1;3;2;1;1;1;1;1;3;3;;;;;500000;;1;;;;;;;;;;2
20230311;03;2023;7380150;1;1;01;11;1;3821.9822909;11;1;1;4;1;2;1;1;1;3;1;1;4;3;1;1;1;1;1;3;1;;;200000000;800000;;;1;;;1;;1;;;;;4
20230311;03;2023;7380151;1;1;01;11;1;5112.8458151;11;2;1;4;1;2;1;1;1;3;1;1;2;1;1;1;1;1;1;3;3;;;;;450000;;;;;;;;;1;;;2
20230311;03;2023;7380153;1;1;01;11;1;4626.0604815;11;2;1;4;1;2;1;1;1;3;1;1;3;2;1;1;1;1;1;3;3;;;;;700000;;1;;;;;;;;;;4
20230311;03;2023;7380154;1;1;01;11;1;4711.1449868;11;2;1;4;1;2;1;1;1;3;1;1;2;2;1;1;1;1;1;3;3;;;;;600000;;;;;;;;;1;;;4
20230311;03;2023;7380155;1;1;01;11;1;3951.1328322;11;2;1;4;1;4;1;1;1;3;1;1;3;2;1;1;1;1;1;3;1;;;98;1400000;;;1;;1;;;1;;;;;3
20230311;03;2023;7380157;1;1;01;11;1;3397.7880439;11;2;1;4;1;3;1;1;1;3;1;1;4;1;1;1;1;1;1;3;2;;99;400000000;1600000;;;1;;;;;;;;;;2
20230311;03;2023;7380158;1;1;01;11;1;3135.173926;11;1;1;4;1;1;1;1;1;3;1;1;3;2;1;1;1;10;1;3;1;;;98;250000;;;1;;;;;;;;;;2
20230311;03;2023;7380159;1;1;01;11;1;3108.4083997;11;2;1;4;1;3;1;1;1;3;1;1;3;1;1;1;1;1;1;3;1;;;99;1500000;;;1;;;;;;;;;;1
20230311;03;2023;7380160;1;1;01;11;1;2908.94042;11;2;1;4;1;3;1;1;1;3;1;1;4;3;1;1;1;1;1;3;1;;;300000000;1500000;;;1;;;;;1;;;;;3
20230311;03;2023;7380161;1;1;01;11;1;3458.5313238;11;1;1;2;1;1;2;1;1;3;1;1;2;1;1;1;1;1;1;4;3;;;;;200000;;;;;;;;;1;;;1
20230311;03;2023;7380162;1;1;01;11;1;2832.1344431;11;2;1;4;1;3;1;1;1;3;1;1;3;3;1;1;1;1;1;3;3;;;;;2000000;;1;;;;;;;;;;5
20230311;03;2023;7380163;1;1;01;11;1;3688.1414677;11;1;1;4;1;1;2;1;1;3;1;1;3;2;1;1;1;1;3;4;5;;;;300000;;;1;;;;;;;;;;2
20230311;03;2023;7380164;1;1;01;11;1;3582.3109291;11;2;1;4;1;3;1;1;1;3;1;1;3;1;1;1;1;1;1;3;2;;1800000;350000000;1500000;;;1;;1;;;1;;;;;3
20230311;03;2023;7380166;1;1;01;11;1;3785.2238798;11;2;1;4;1;2;1;1;1;3;1;1;3;2;1;1;1;1;1;3;3;;;;;350000;;;;;;;;;1;;;3
20230311;03;2023;7380167;1;1;01;11;1;2451.1317425;11;3;1;4;1;2;1;1;1;3;1;1;1;1;1;2;1;1;1;3;3;;;;;300000;;;;;;;1;;;;;3
20230311;03;2023;7380168;1;1;01;11;1;3471.2561951;11;2;1;4;1;2;1;1;1;3;1;1;2;1;1;1;1;1;1;3;3;;;;;480000;;1;;;;;;;;;;3
20230311;03;2023;7380169;1;1;01;11;1;1891.6309544;11;1;1;2;1;1;1;1;1;3;1;1;3;2;1;1;1;1;1;3;3;;;;;250000;;;;;;;;;1;;;7
20230311;03;2023;7380170;1;1;01;11;1;3199.5628714;11;2;1;4;1;3;1;1;1;1;1;1;4;1;1;1;1;1;1;3;3;;;;;1300000;;1;;;;;;;;;;2
20230311;03;2023;7380171;1;1;01;11;1;3096.9422275;11;2;1;4;1;2;1;1;1;3;1;1;2;1;1;1;1;1;1;3;3;;;;;400000;;1;;;;;;;;;;2
20230311;03;2023;7380172;1;1;01;11;1;4379.8118008;11;2;1;4;1;4;1;1;1;3;1;1;3;2;1;1;1;1;1;3;3;;;;;1463000;;1;;;;;1;;;;;2
20230311;03;2023;7380173;1;1;01;11;1;2719.5768271;11;2;1;4;1;2;1;1;1;3;1;1;3;2;1;1;1;1;1;3;1;;;250000000;600000;;;1;;;;;;;;;;2
20230311;03;2023;7380174;1;1;01;11;1;2736.4794055;11;3;1;4;1;2;1;1;1;3;1;1;1;1;1;2;1;1;1;3;3;;;;;150000;;;;;;;;;1;;;3
20230311;03;2023;7380175;1;1;01;11;1;3458.5313238;11;1;1;2;1;1;1;1;1;3;1;1;2;1;1;1;1;1;1;3;1;;;100000000;600000;;;;;;;;;;1;;;1
20230311;03;2023;7380176;1;1;01;11;1;2795.2406146;11;2;1;4;1;2;1;1;1;3;1;1;3;2;1;1;1;1;1;3;1;;;250000000;600000;;;1;;;;1;;;;;;2
20230311;03;2023;7380178;1;1;01;11;1;2435.5410855;11;1;1;4;1;1;1;1;1;3;1;1;6;4;1;1;1;1;1;3;5;;;;350000;;;1;;;;;1;;;;;6
20230311;03;2023;7380179;1;1;01;11;1;3826.8251609;11;1;1;2;1;1;1;1;1;3;1;1;3;1;1;1;1;1;1;4;1;;;100000000;300000;;;1;;;;;1;;;;;1
20230311;03;2023;7380180;1;1;01;11;1;2916.2682421;11;2;1;4;1;2;1;1;1;3;1;1;3;1;1;1;1;1;1;3;1;;;600000000;700000;;;1;;;;;;;;;;2
20230311;03;2023;7380181;1;1;01;11;1;2228.6487465;11;2;1;4;1;2;1;1;1;3;1;1;5;4;1;1;1;1;1;3;1;;;99;800000;;;1;;;;;;;;;;3
20230311;03;2023;7380184;1;1;01;11;1;3637.4827759;11;2;1;2;1;1;1;1;1;3;1;1;3;2;1;1;1;1;1;3;2;;500000;600000000;400000;;;1;;;;;;;;;;3
20230311;03;2023;7380185;1;1;01;11;1;3096.9422275;11;2;1;4;1;3;1;1;1;3;1;1;1;1;1;1;1;1;1;3;3;;;;;500000;;1;;;;;;;;;;2
20230311;03;2023;7380186;1;1;01;11;1;2878.3241174;11;2;1;4;1;2;1;1;1;3;1;1;3;2;1;1;1;1;1;3;3;;;;;550000;;1;;;;;;;;;;3
20230311;03;2023;7380187;1;1;01;11;1;2979.7794859;11;2;1;4;1;2;1;1;1;3;1;1;3;1;1;1;1;1;1;3;3;;;;;600000;;1;;;;;;;;;;3
20230311;03;2023;7380188;1;1;01;11;1;3135.173926;11;1;1;1;1;1;1;1;1;3;1;1;3;2;1;1;1;1;3;3;1;;;98;200000;;;1;;;;;;;;;;2
20230311;03;2023;7380189;1;1;01;11;1;3641.8222348;11;1;1;2;1;1;1;1;1;3;1;1;2;1;1;1;1;1;1;3;3;;;;;380000;;1;;;;;;;;;;3
20230311;03;2023;7380190;1;1;01;11;1;2992.2409335;11;2;1;4;1;3;1;1;1;3;1;1;4;3;1;1;1;1;1;3;4;;;;1100000;;;1;;;;;;;;;;3
20230311;03;2023;7380191;1;1;01;11;1;4673.7764122;11;2;1;4;1;3;1;1;1;3;1;1;4;1;1;1;1;1;1;3;1;;;200000000;1000000;;;;;;;;;1;;;DAVIPLATA Y NEQUI;1
20230311;03;2023;7380192;1;1;01;11;1;3157.2175411;11;2;1;4;1;4;1;1;1;9;1;1;4;2;1;1;1;1;1;3;1;;;350000000;1500000;;;1;;;1;;1;;;;;2
20230311;03;2023;7380193;1;1;01;11;1;3713.7783328;11;2;1;4;1;3;1;1;1;3;1;1;4;2;1;1;1;1;1;3;1;;;98;98;;;;;;;;;1;;;NEQUI;2
20230311;03;2023;7380194;1;1;01;11;1;3943.8611224;11;2;1;4;1;2;1;1;1;3;1;1;2;2;1;1;1;1;1;3;2;;1000000;230000000;850000;;;1;;;;;;;;;;2
20230311;03;2023;7380195;1;1;01;11;1;3607.9740353;11;2;1;4;1;3;1;1;1;3;1;1;4;1;1;1;1;1;1;3;1;;;99;800000;;;;;;;;;;1;;;1
20230311;03;2023;7380196;1;1;01;11;1;5309.0438186;11;2;1;6;1;6;1;1;1;3;1;1;4;1;1;1;1;1;1;3;2;;99;99;99;;;1;;1;;;1;;;;;2
20230311;03;2023;7380199;1;1;01;11;1;3414.9771557;11;2;1;4;1;3;1;1;1;3;1;1;3;3;1;1;1;1;1;3;1;;;20000000;900000;;;;;;;;;;1;;;3
20230311;03;2023;7380200;1;1;01;11;1;3943.8611224;11;2;1;4;1;3;1;2;1;3;1;1;4;3;2;1;1;1;1;3;1;;;230000000;99;;;1;;;;;1;;;;;2
20230311;03;2023;7380201;1;1;01;11;1;5597.3608268;11;3;1;4;1;2;1;1;1;3;1;1;1;1;1;2;1;1;6;;3;;;;;450000;;1;;;;;;;;;;3
20230311;03;2023;7380202;1;1;01;11;1;5173.2404754;11;2;1;4;1;2;1;1;1;3;1;1;2;1;1;1;1;1;1;3;3;;;;;400000;;1;;;;;;;;;;2
20230311;03;2023;7380203;1;1;01;11;1;6084.1461604;11;2;1;4;1;2;1;1;1;3;1;1;1;1;1;1;1;1;6;;3;;;;;700000;;;;;;;;;1;;;1
20230311;03;2023;7380204;1;1;01;11;1;5658.9486135;11;2;1;4;1;2;1;1;1;3;1;1;3;2;1;1;1;1;1;3;1;;;99;500000;;;;;;;;;;1;;;3
20230311;03;2023;7380205;1;1;01;11;1;5597.3608268;11;2;1;4;1;6;1;1;1;3;1;1;5;2;1;1;1;1;1;3;1;;;99;99;;1;1;;;;1;;;;;;3
20230311;03;2023;7380206;1;1;01;11;1;4791.8410536;11;2;1;4;1;6;1;1;1;3;1;1;5;2;1;1;1;1;1;3;1;;;99;98;;;1;;;;1;1;;;;;2
20230311;03;2023;7380207;1;1;01;11;1;4298.0707108;11;2;1;4;1;2;2;1;1;3;1;1;4;3;1;1;1;1;1;4;1;;;90000000;500000;;;1;;;;;;;;;;4
20230311;03;2023;7380208;1;1;01;11;1;4910.9547873;11;2;1;4;1;2;1;1;1;3;1;1;3;2;1;1;1;1;1;3;2;;270000;98;500000;;;1;;1;;;1;;;;;3
20230311;03;2023;7380209;1;1;01;11;1;2788.0101723;11;2;1;4;1;2;1;1;1;3;1;1;4;3;1;1;1;1;1;3;1;;;73000000;500000;;;1;;;1;;1;;;;;6
20230311;03;2023;7380210;1;1;01;11;1;5194.0955704;11;2;1;4;1;2;1;1;1;3;1;1;3;1;1;1;1;1;1;3;1;;;110000000;500000;;;1;;;;;;;;;;2
20230311;03;2023;7380211;1;1;01;11;1;5515.8896817;11;2;1;4;1;2;1;1;1;3;1;1;4;1;1;1;1;1;1;3;4;;;;98;;;;;;;;;;1;;;2
20230311;03;2023;7380212;1;1;01;11;1;4654.7245042;11;2;1;4;1;2;1;1;1;3;1;1;4;3;1;1;1;1;1;3;3;;;;;450000;;;;;;;;;1;;;4
20230311;03;2023;7380213;1;1;01;11;1;6291.6220933;11;2;1;6;1;6;1;1;1;3;1;1;5;1;1;1;1;1;1;3;1;;;98;98;;;1;;;;1;1;;;;;1
20230311;03;2023;7380214;1;1;01;11;1;3713.7783328;11;2;1;4;1;3;1;1;1;3;1;1;4;1;1;1;1;1;1;3;1;;;300000000;800000;;;1;;;;;;;;;;2
20230311;03;2023;7380215;1;1;01;11;1;3654.5087256;11;2;1;4;1;4;1;1;1;3;1;1;4;3;1;1;1;1;1;3;3;;;;;1000000;;1;;;;;;;;;;4
20230311;03;2023;7380216;1;1;01;11;1;5815.43982;11;2;1;4;1;2;1;1;1;3;1;1;3;2;1;1;1;1;1;3;3;;;;;400000;;1;;;;;;;;;;3
20230311;03;2023;7380217;1;1;01;11;1;4776.1918262;11;2;1;4;1;2;1;1;1;3;1;1;4;3;1;1;1;1;1;3;1;;;195000000;500000;;;1;;;;;;;;;;3
20230311;03;2023;7380218;1;1;01;11;1;4008.8363065;11;2;1;4;1;4;1;1;1;3;1;1;4;2;1;1;1;1;1;3;4;;;;98;;;1;;;;;1;;;;;4
20230311;03;2023;7380219;1;1;01;11;1;4317.2338884;11;2;1;4;1;5;1;1;1;3;1;1;3;1;1;1;1;1;1;3;1;;;99;99;;;1;;;;;1;;;;;1
20230311;03;2023;7380220;1;1;01;11;1;4519.6514334;11;2;1;4;1;4;1;1;1;3;1;1;3;1;1;1;1;1;1;3;3;;;;;1700000;;1;;;;;;;;;;1
20230311;03;2023;7380221;1;1;01;11;1;4975.431846;11;2;1;4;1;5;1;1;1;3;1;1;3;1;1;1;1;1;1;3;3;;;;;1810000;;1;;;;;1;;;;;3
20230311;03;2023;7380222;1;1;01;11;1;4471.3307522;11;2;1;4;1;4;2;1;1;3;1;1;2;1;1;1;1;1;1;1;1;;;400000000;1500000;;;1;;;;;1;;;;;2
20230311;03;2023;7380223;1;1;01;11;1;4317.2338884;11;2;1;4;1;5;1;1;1;3;1;1;3;1;1;1;1;1;1;3;1;;;280000000;2800000;;;1;;;;;;;;;;1
20230311;03;2023;7380224;1;1;01;11;1;4144.1170699;11;2;1;4;1;5;1;1;1;3;1;1;4;2;1;1;1;1;1;3;1;;;99;2500000;;;1;1;;;;1;;;;;2
20230311;03;2023;7380225;1;1;01;11;1;5194.0955704;11;2;1;4;1;2;1;1;1;3;1;1;3;2;1;1;1;1;1;3;1;;;125000000;850000;;;1;;;;;;;;;;2
20230311;03;2023;7380226;1;1;01;11;1;4776.9696795;11;2;1;4;1;5;1;1;1;3;1;1;2;1;1;1;1;1;1;3;1;;;300000000;99;;;1;;;;;1;;;;;1
20230311;03;2023;7380227;1;1;01;11;1;3640.7476149;11;1;1;4;1;2;1;1;1;3;1;1;4;3;1;1;1;1;1;3;1;;;180000000;600000;;;1;;;;;1;;;;;6
20230311;03;2023;7380228;1;1;01;11;1;3943.8611224;11;2;1;4;1;4;1;1;1;3;1;1;2;1;1;1;1;1;1;3;3;;;;;1600000;;1;;;;;;;;;;2
20230311;03;2023;7380229;1;1;01;11;1;4519.6514334;11;2;1;4;1;4;2;1;1;3;1;1;2;1;1;1;1;1;1;1;3;;;;;1200000;;1;;;;;;;;;;1
20230311;03;2023;7380230;1;1;01;11;1;4519.6514334;11;2;1;4;1;4;1;1;1;3;1;1;3;2;1;1;1;1;1;3;3;;;;;99;;1;;;;;1;;;;;1
20230311;03;2023;7380231;1;1;01;11;1;3376.4487017;11;2;1;4;1;4;1;1;1;3;1;1;4;2;1;1;1;1;1;3;1;;;98;2000000;;;1;;;;;1;;;;;3
20230311;03;2023;7380232;1;1;01;11;1;4317.2338884;11;2;1;4;1;5;1;1;1;3;1;1;2;1;1;1;1;1;1;3;1;;;250000000;1500000;;1;1;;;;;;;;;;1
20230311;03;2023;7380233;1;1;01;11;1;2154.5236019;11;2;1;4;1;3;1;1;1;3;1;1;4;3;1;1;1;1;1;3;3;;;;;1650000;;1;;;;;;;;;;4
20230311;03;2023;7380234;1;1;01;11;1;4776.9696795;11;2;1;4;1;5;1;1;1;3;1;1;3;1;1;1;1;1;1;3;3;;;;;2100000;;1;;;;;;;;;;1
20230311;03;2023;7380235;1;1;01;11;1;4999.3169865;11;2;1;4;1;6;1;1;1;3;1;1;4;1;1;1;1;1;1;3;1;;;99;5000000;;;1;1;;;;1;;;;;2
20230311;03;2023;7380236;1;1;01;11;1;4907.3429903;11;2;1;6;1;6;1;1;1;3;1;1;5;2;1;1;1;1;1;3;1;;;1500000000;80000000;;1;1;1;;;;1;;;;;4
20230311;03;2023;7380237;1;1;01;11;1;3457.6668198;11;2;1;4;1;3;1;1;1;3;1;1;4;3;1;1;1;1;1;3;3;;;;;1400000;;1;;;;1;1;;;;;4
20230311;03;2023;7380238;1;1;01;11;1;3532.2822724;11;2;1;4;1;3;1;1;1;3;1;1;3;1;1;1;1;1;1;3;1;;;99;600000;;;;;;;;;;1;;;1
20230311;03;2023;7380239;1;1;01;11;1;3635.8668993;11;2;1;4;1;3;1;1;1;3;1;1;3;2;1;1;1;1;1;3;3;;;;;650000;;;;;;;;;1;;;2
20230311;03;2023;7380240;1;1;01;11;1;2583.5439282;11;1;1;4;1;3;1;1;1;3;1;1;5;4;1;1;1;1;1;3;1;;;280000000;800000;;;;;;;;;;1;;;8
20230311;03;2023;7380241;1;1;01;11;1;3564.5830177;11;2;1;4;1;6;1;1;1;3;1;1;5;1;1;1;1;1;1;3;1;;;1300000000;6000000;;;1;;;;;;;;;;2
20230311;03;2023;7380242;1;1;01;11;1;5254.1417875;11;2;1;4;1;4;1;1;1;3;1;1;4;2;1;1;1;1;1;3;4;;;;2500000;;;1;1;;1;;1;;;;;3
20230311;03;2023;7380243;1;1;01;11;1;4424.8335712;11;2;1;4;1;3;1;1;1;3;1;1;2;1;1;1;1;1;1;3;3;;;;;550000;;;;;;;;;1;;;1
20230311;03;2023;7380244;1;1;01;11;1;5460.7307848;11;2;1;4;1;4;1;1;1;3;1;1;4;1;1;1;1;1;1;3;1;;;98;2000000;;;1;;;;;1;;;;;2
20230311;03;2023;7380246;1;1;01;11;1;3484.9753117;11;2;1;4;1;3;1;1;1;3;1;1;3;1;1;1;1;1;1;3;3;;;;;500000;;;;;;;;;1;;;2
20230311;03;2023;7380247;1;1;01;11;1;3588.5599386;11;2;1;4;1;3;1;1;1;3;1;1;4;2;1;1;1;1;1;3;3;;;;;800000;;1;;;;;;;;;;3
20230311;03;2023;7380248;1;1;01;11;1;3088.341179;11;2;1;4;1;2;1;1;1;3;1;1;2;1;1;1;1;1;1;3;3;;;;;450000;;;;;;;1;;;;;3
20230311;03;2023;7380249;1;1;01;11;1;5662.459884;11;2;1;4;1;2;1;1;1;3;1;1;2;1;1;1;1;1;1;3;1;;;90000000;500000;;;1;;;;;;;;;;1
20230311;03;2023;7380250;1;1;01;11;1;4424.8335712;11;2;1;4;1;3;1;1;1;3;1;1;2;1;1;1;1;1;1;3;1;;;280000000;2000000;;;;;;;;;;1;;;1
20230311;03;2023;7380251;1;1;01;11;1;5662.459884;11;2;1;4;1;2;1;1;1;3;1;1;4;1;1;1;1;1;1;3;4;;;;700000;;;;;;;;;;1;;;1
20230311;03;2023;7380253;1;1;01;11;1;6404.4771659;11;2;1;4;1;4;1;1;1;3;1;1;5;2;1;1;1;1;1;3;3;;;;;1800000;;1;;;;;1;;;;;2
20230311;03;2023;7380254;1;1;01;11;1;3336.3106918;11;2;1;4;1;2;1;1;1;3;1;1;3;2;1;1;1;1;1;3;1;;;300000000;700000;;;;;;;;;;1;;;3
20230311;03;2023;7380255;1;1;01;11;1;4675.0828178;11;2;1;4;1;4;1;1;1;3;1;1;4;2;1;1;1;1;1;3;2;;2000000;480000000;2500000;;;1;;1;;;1;;;;;3
20230311;03;2023;7380256;1;1;01;11;1;4784.1024036;11;2;1;4;1;2;1;1;1;3;1;1;3;2;1;1;1;1;1;3;3;;;;;500000;;;;;;;;;1;;;3
20230311;03;2023;7380259;1;1;01;11;1;4424.8335712;11;3;1;4;1;3;1;1;1;3;1;1;1;1;1;2;1;1;1;3;3;;;;;300000;;;;;;;;;1;;;1
20230311;03;2023;7380260;1;1;01;11;1;4059.5544503;11;2;1;4;1;5;1;1;1;3;1;1;5;3;1;1;1;1;1;3;4;;;;7000000;;;1;;;1;;1;;;;;4
20230311;03;2023;7380261;1;1;01;11;1;5475.7315444;11;2;1;4;1;2;2;1;1;3;1;1;3;1;1;1;1;1;1;4;3;;;;;450000;;;;;;;;;1;;;1
20230311;03;2023;7380263;1;1;01;11;1;3453.7871108;11;2;1;4;1;3;1;1;1;9;1;1;4;1;1;1;1;1;1;3;4;;;;800000;;;1;;;;;1;;;;;1
20230311;03;2023;7380264;1;1;01;11;1;4511.3324943;11;1;1;4;1;2;1;1;1;3;1;1;3;2;1;1;1;1;1;3;1;;;99;450000;;;1;;;;;;;;;;3
20230311;03;2023;7380265;1;1;01;11;1;1798.8815532;11;2;1;4;1;3;1;1;1;3;1;1;4;3;1;1;1;1;1;3;3;;;;;800000;;1;;;;;;1;;;NEQUI;5
20230311;03;2023;7380266;1;1;01;11;1;3922.8584899;11;2;1;7;1;3;1;1;1;3;1;1;4;1;1;1;1;1;1;3;1;;;98;800000;;;1;;;;;1;;;;;2
20230311;03;2023;7380268;1;1;01;11;1;2764.1097684;11;2;1;4;1;3;1;1;1;3;1;1;4;3;1;1;1;1;1;3;1;;;350000000;1000000;;;1;;;;;1;;;;;3
20230311;03;2023;7380269;1;1;01;11;1;2313.1835018;11;2;1;4;1;3;1;1;1;3;1;1;4;3;1;1;1;1;1;3;2;;860000;14000000;98;;;;;;;;;;1;;;4
20230311;03;2023;7380270;1;1;01;11;1;3995.5225517;11;1;1;4;1;2;1;1;1;3;1;1;4;2;1;1;1;1;1;3;2;;200000;120000000;500000;;;1;;;;;;;;;;3
20230311;03;2023;7380271;1;1;01;11;1;2670.5732533;11;2;1;4;1;3;1;1;1;3;1;1;4;3;1;1;1;1;1;3;2;;98;13000000;800000;;;1;;;;;;;;;;4
20230311;03;2023;7380272;1;1;01;11;1;3683.0822888;11;2;1;4;1;3;1;1;1;3;1;1;3;2;1;1;1;1;1;3;1;;;120000000;900000;;;;;;;;;;1;;;2
20230311;03;2023;7380273;1;1;01;11;1;4675.9199065;11;1;1;2;1;2;1;1;1;3;1;1;4;2;1;1;1;1;1;3;3;;;;;600000;;;;;;;;;1;;;3
20230311;03;2023;7380274;1;1;01;11;1;4259.4142699;11;1;1;4;1;2;1;1;1;3;1;1;5;2;1;1;1;1;1;3;6;;;;550000;;;;;;;;;;1;;;2
20230311;03;2023;7380275;1;1;01;11;1;5562.6479181;11;1;1;4;1;2;1;1;1;3;1;1;3;1;1;1;1;1;1;3;3;;;;;400000;;;;;;1;;;;;;1
20230311;03;2023;7380276;1;1;01;11;1;3837.5185157;11;2;1;4;1;3;1;1;1;3;1;1;3;2;1;1;1;1;1;3;3;;;;;900000;;1;;;;;;;;;;4
20230311;03;2023;7380277;1;1;01;11;1;4234.2661763;11;2;1;4;1;3;1;1;1;3;1;1;4;1;1;1;1;1;1;3;1;;;99;800000;;;1;;;;;;;;;;1
20230311;03;2023;7380278;1;1;01;11;1;4443.8373213;11;1;1;4;1;2;1;1;1;3;1;1;3;1;1;1;1;1;1;3;1;;;180000000;1000000;;;;;;;;;;1;;;2
20230311;03;2023;7380279;1;1;01;11;1;4259.4142699;11;1;1;4;1;2;1;1;1;3;1;1;3;2;1;1;1;1;1;3;1;;;98;400000;;;;;;;;;;1;;;2
20230311;03;2023;7380280;1;1;01;11;1;4097.6036842;11;1;1;4;1;2;1;1;1;3;1;1;4;3;1;1;1;1;1;3;1;;;280000000;600000;;;;;;;;;;1;;;4
20230311;03;2023;7380281;1;1;01;11;1;4262.5204147;11;1;1;4;1;2;1;1;1;3;1;1;4;2;1;1;1;1;1;3;2;;260000;100000000;700000;;;;;;;;;;1;;;2
20230311;03;2023;7380282;1;1;01;11;1;3509.5383391;11;1;1;4;1;2;1;1;1;3;1;1;3;2;1;1;1;1;1;3;1;;;98;500000;;;;;;;;;;1;;;5
20230311;03;2023;7380283;1;1;01;11;1;4917.6122275;11;2;1;4;1;2;1;1;1;3;1;1;4;3;1;1;1;1;3;3;2;;1200000;350000000;520000;;;1;;;;;;;;;;4
20230311;03;2023;7380285;1;1;01;11;1;4865.612188;11;1;1;4;1;2;1;1;1;3;1;1;4;2;1;1;1;1;1;3;3;;;;;650000;;1;;;;;;;;;;3
20230311;03;2023;7380286;1;1;01;11;1;3397.3175919;11;1;1;4;1;2;1;1;1;3;1;1;5;4;1;1;1;1;1;3;1;;;80000000;500000;;;1;;;;;;;;;;4
20230311;03;2023;7380287;1;1;01;11;1;4025.4084975;11;1;1;4;1;2;1;1;1;3;1;1;3;2;1;1;1;1;1;3;2;;120000000;240000;400000;;;;;1;;;;;;;;2
20230311;03;2023;7380288;1;1;01;11;1;3449.7203276;11;2;1;4;1;2;1;1;1;3;1;1;2;1;1;1;1;1;1;3;3;;;;;520000;;1;;;;;;;;;;3
20230311;03;2023;7380291;1;1;01;11;1;3251.3011595;11;1;1;4;1;3;1;1;1;3;1;1;3;2;1;1;1;1;1;3;1;;;98;1000000;;;1;;;;;1;;;;;3
20230311;03;2023;7380292;1;1;01;11;1;4519.6514334;11;2;1;4;1;3;1;1;1;3;1;1;4;1;1;1;1;1;1;3;2;;1000000;150000000;900000;;;1;;1;;;;;;;;1
20230311;03;2023;7380293;1;1;01;11;1;3893.8535427;11;1;1;4;1;3;1;1;1;3;1;1;3;1;1;1;1;1;1;3;3;;;;;800000;;1;;;;;;;;;;1
20230311;03;2023;7380294;1;1;01;11;1;1820.5362895;11;1;1;4;1;3;1;1;1;3;1;1;3;2;1;1;1;1;1;3;1;;;90000000;600000;;;1;;;;;;;;;;5
20230311;03;2023;7380295;1;1;01;11;1;3329.1225547;11;1;1;4;1;3;1;1;1;3;1;1;3;2;1;1;1;1;1;3;3;;;;;765000;;1;;;;;;;;;;5
20230311;03;2023;7380296;1;1;01;11;1;4259.4142699;11;1;1;4;1;2;1;1;1;3;1;1;5;3;1;1;1;1;1;3;1;;;120000000;1000000;;;;;;;;;;1;;;2
20230311;03;2023;7380297;1;1;01;11;1;3199.5628714;11;1;1;4;1;3;1;1;1;3;1;1;3;2;1;1;1;1;1;3;1;;;99;500000;;;1;;;;;;;;;;2
20230311;03;2023;7380298;1;1;01;11;1;3273.1439345;11;1;1;4;1;3;1;1;1;3;1;1;5;3;1;1;1;1;1;3;1;;;180000000;1500000;;;1;;;;;1;;;;;3
20230311;03;2023;7380299;1;1;01;11;1;3582.3109291;11;1;1;4;1;3;1;1;1;3;1;1;3;2;1;1;1;1;1;3;3;;;;;890000;;1;;;;;;;;;;3
20230311;03;2023;7380300;1;1;01;11;1;2154.5236019;11;1;1;4;1;3;1;1;1;3;1;1;3;2;1;1;1;1;1;3;3;;;;;850000;;1;1;;;;;;;;;4
20230311;03;2023;7380302;1;1;01;11;1;2612.3429009;11;1;1;4;1;3;1;1;1;3;1;1;3;2;1;1;1;1;1;3;1;;;99;700000;;;;;;;;;;1;;;2
20230311;03;2023;7380304;1;1;01;11;1;3532.2822724;11;2;1;4;1;3;1;1;1;3;1;1;1;1;1;1;1;1;1;3;6;;;;500000;;;;;;;;;;1;;;1
20230311;03;2023;7380305;1;1;01;11;1;3924.7348456;11;2;1;4;1;3;1;1;1;3;1;1;3;2;1;1;1;1;1;3;3;;;;;600000;;1;;;;;;;;;;4
20230311;03;2023;7380306;1;1;01;11;1;3635.8668993;11;2;1;4;1;3;1;1;1;3;1;1;2;1;1;1;1;1;1;3;3;;;;;400000;;1;;;1;;;;;;;2
20230311;03;2023;7380308;1;1;01;11;1;3723.2037532;11;2;1;2;1;2;1;1;1;3;1;1;2;1;1;1;1;1;1;3;3;;;;;800000;;1;;;;;1;;;;;4
20230311;03;2023;7380316;1;1;01;11;1;6257.9789078;11;2;1;4;1;4;1;1;1;3;1;1;4;3;1;1;1;1;1;3;2;;99;500000000;2500000;;1;1;;1;1;1;1;;;;;1
20230311;03;2023;7380317;1;1;01;11;1;2154.5236019;11;1;1;4;1;3;1;1;1;3;1;1;6;3;1;1;1;1;1;3;3;;;;;1100000;;1;;;;;1;;;;;4
20230311;03;2023;7380321;1;1;01;13;1;231.14608168;13;2;1;4;1;1;1;1;1;3;1;1;4;3;1;1;1;1;1;3;6;;;;500000;;;1;;;;;;;;;;6
20230311;03;2023;7380322;1;1;01;13;1;508.11165266;13;2;1;4;1;1;1;1;1;3;1;1;4;3;1;1;1;1;1;3;1;;;98;450000;;;1;;;;;;;;;;2
20230311;03;2023;7380323;1;1;01;13;1;565.12571423;13;2;1;4;1;1;1;1;1;3;1;1;2;1;1;1;1;1;2;3;6;;;;400000;;;1;;;;;;;;;;4
20230311;03;2023;7380324;1;1;01;13;1;530.32401433;13;2;1;4;1;1;1;1;1;3;1;1;3;2;1;1;1;1;1;3;3;;;;;450000;;1;;;;;;;;;;3
20230311;03;2023;7380325;1;1;01;13;1;239.69790846;13;2;1;4;1;1;1;1;1;3;1;1;3;2;1;1;1;1;1;3;1;;;60000000;200000;;;;;;;;;;1;;;4
20230311;03;2023;7380326;1;1;01;13;1;600.32247527;13;2;1;4;1;1;1;1;1;3;1;1;3;2;1;1;1;1;3;3;6;;;;500000;;;1;;;;;;;;;;3
20230311;03;2023;7380327;1;1;01;13;1;540.85490911;13;2;1;4;1;1;1;1;1;3;1;1;3;2;1;1;1;1;1;3;3;;;;;450000;;1;;;;;;;;;;2
20230311;03;2023;7380328;1;1;01;13;1;441.19587723;13;1;1;2;1;1;1;1;1;3;1;1;3;2;1;1;1;1;3;3;3;;;;;450000;;1;;;;;;;;;;7
20230311;03;2023;7380329;1;1;01;13;1;445.38619133;13;2;1;4;1;1;1;1;1;3;1;1;4;1;1;1;1;1;1;3;1;;;98;600000;;;1;;;;;;;;;;2
20230311;03;2023;7380330;1;1;01;13;1;513.46648868;13;2;1;4;1;1;1;1;1;3;1;1;4;3;1;1;1;1;1;3;6;;;;700000;;;1;;;;;1;;;;;4
20230311;03;2023;7380331;1;1;01;13;1;506.26046526;13;2;1;2;1;1;1;1;1;3;1;1;3;2;1;1;1;1;3;3;3;;;;;450000;;1;;;;;;;;;;5
20230311;03;2023;7380332;1;1;01;13;1;508.11165266;13;1;1;4;1;1;1;1;1;3;1;1;4;2;1;1;1;1;3;3;1;;;99;600000;;;1;;;;;;;;;;2
20230311;03;2023;7380333;1;1;01;13;1;609.36197642;13;2;1;4;1;1;1;1;1;3;1;2;4;3;1;1;1;1;3;3;6;;;;600000;;;1;;;;;;;;;;5
20230311;03;2023;7380333;2;2;01;13;1;609.36197642;13;2;1;4;1;1;1;1;1;3;1;2;3;2;1;1;1;1;3;3;6;;;;400000;;;1;;;;;;;;;;3
20230311;03;2023;7380334;1;1;01;13;1;585.46467779;13;2;1;4;1;1;1;1;1;3;1;1;3;2;1;1;1;1;3;3;6;;;;450000;;;;;;;;;;1;;;4
20230311;03;2023;7380335;1;1;01;13;1;271.88431609;13;2;1;4;1;1;1;2;1;3;1;1;3;2;2;1;1;1;1;3;3;;;;;350000;;1;;;;;;;;;;6
20230311;03;2023;7380336;1;1;01;13;1;354.81592561;13;2;1;4;1;1;1;1;1;3;1;1;3;2;1;1;1;1;1;3;6;;;;300000;;;1;;;;;;;;;;3
20230311;03;2023;7380337;1;1;01;13;1;404.71596599;13;2;1;4;1;1;1;1;1;3;1;1;4;1;1;1;1;1;1;3;1;;;25000000;250000;;;;;;;;;;1;;;1
20230311;03;2023;7380338;1;1;01;13;1;261.05051303;13;1;1;4;1;1;1;1;1;3;1;1;3;2;1;1;1;1;1;3;6;;;;350000;;;1;;;;;;;;;;4
20230311;03;2023;7380339;1;1;01;13;1;394.1480301;13;2;1;4;1;1;1;1;1;3;1;1;2;1;1;1;1;1;1;3;1;;;25000000;250000;;;1;;;;;;;;;;1
20230311;03;2023;7380340;1;1;01;13;1;484.976075;13;1;1;2;1;1;1;1;1;3;1;1;5;3;1;1;1;1;1;3;1;;;120000000;500000;;;;;;;;;;1;;;2
20230311;03;2023;7380341;1;1;01;13;1;297.3566326;13;2;1;2;1;1;1;1;1;3;1;1;3;2;1;1;1;1;1;3;3;;;;;400000;;;;;;;;;1;;;5
20230311;03;2023;7380342;1;1;01;13;1;336.3467796;13;2;1;4;1;1;1;1;1;3;1;1;3;2;1;1;1;1;1;3;1;;;35000000;400000;;;1;;;;;;;;;;4
20230311;03;2023;7380343;1;1;01;13;1;361.11646095;13;2;1;2;1;1;1;1;1;3;1;1;2;1;1;1;1;1;1;3;4;;;;250000;;;1;;;;;;;;;;2
20230311;03;2023;7380345;1;1;01;13;1;404.57840118;13;2;1;4;1;3;1;1;1;3;1;1;3;2;1;1;1;1;3;3;1;;;480000000;800000;;;1;;;;;;;;;;2
20230311;03;2023;7380346;1;1;01;13;1;443.64512458;13;2;1;2;1;3;1;1;1;3;1;1;5;3;1;1;1;1;1;3;1;;;99;650000;;;1;;;;;;;;;;4
20230311;03;2023;7380347;1;1;01;13;1;503.53630268;13;2;1;4;1;3;1;1;1;3;1;1;4;3;1;1;1;1;1;3;7;PROPIEDAD FAMILIAR;;;650000;;;;;;;;;;1;;;3
20230311;03;2023;7380348;1;1;01;13;1;589.73848589;13;2;1;4;1;2;1;1;1;3;1;1;3;2;1;1;1;1;1;3;3;;;;;700000;;1;;;;;;;;;;3
20230311;03;2023;7380349;1;1;01;13;1;668.16226412;13;2;1;4;1;1;1;1;1;3;1;1;3;2;1;1;1;1;1;3;3;;;;;400000;;;;;;;;;1;;;3
20230311;03;2023;7380350;1;1;01;13;1;138.2925275;13;2;1;2;1;1;1;1;1;3;1;1;4;3;1;1;1;1;1;3;1;;;50000000;300000;;;;;;;;;;1;;;8
20230311;03;2023;7380351;1;1;01;13;1;394.1480301;13;2;1;4;1;1;1;1;1;3;1;1;2;1;1;1;1;1;1;3;3;;;;;300000;;1;;;;;;;;;;1
20230311;03;2023;7380352;1;1;01;13;1;361.11646095;13;2;1;2;1;1;1;1;1;3;1;1;2;1;1;1;1;1;1;1;1;;;99;300000;;;;;;;;;;1;;;2
20230311;03;2023;7380353;1;1;01;13;1;260.39891963;13;1;1;2;1;1;1;1;1;3;1;1;4;2;1;1;1;1;1;3;3;;;;;250000;;;;;;;;;1;;;3
20230311;03;2023;7380354;1;1;01;13;1;544.93339792;13;1;1;4;1;2;1;1;1;3;1;1;4;3;1;1;1;1;1;3;1;;;180000000;600000;;;1;;;;;;;;;;2
20230311;03;2023;7380355;1;1;01;13;1;506.68706416;13;1;1;4;1;2;1;1;1;3;1;1;3;2;1;1;1;1;1;3;3;;;;;600000;;1;;;;;;;;;;3
20230311;03;2023;7380356;1;1;01;13;1;532.48376604;13;2;1;4;1;2;1;1;1;3;1;1;4;3;1;1;1;1;1;3;4;;;;600000;;;1;;;;;;;;;;4
20230311;03;2023;7380357;1;1;01;13;1;268.44805144;13;1;1;1;1;2;1;1;1;3;1;1;5;3;1;1;1;1;1;3;4;;;;600000;;;1;;;;;1;;;;;5
20230311;03;2023;7380359;1;1;01;13;1;401.18527474;13;1;1;4;1;2;1;1;1;3;1;1;4;3;1;1;1;1;1;3;1;;;98;1000000;;;1;;;;;1;;;;;5
20230311;03;2023;7380360;1;1;01;13;1;651.1767324;13;2;1;4;1;2;1;1;1;3;1;1;3;1;1;1;1;1;3;3;6;;;;500000;;;1;;;;;;;;;;2
20230311;03;2023;7380361;1;1;01;13;1;528.80157639;13;2;1;4;1;2;1;1;1;3;1;1;4;3;1;1;1;1;1;3;1;;;98;850000;;;1;;;;;1;;;;;5
20230311;03;2023;7380362;1;1;01;13;1;400.21383071;13;2;1;4;1;2;1;1;1;3;1;1;4;3;1;1;1;1;3;3;1;;;99;550000;;;1;;;;;;;;;;4
20230311;03;2023;7380364;1;1;01;13;1;117.67436885;13;1;1;4;1;2;1;1;1;3;1;1;4;3;1;1;1;1;1;3;6;;;;500000;;;;;;;;;;1;;;8
20230311;03;2023;7380365;1;1;01;13;1;186.59111706;13;1;1;4;1;2;1;1;1;3;1;1;3;2;1;1;1;1;1;3;6;;;;700000;;;1;;;;;;;;;;5
20230311;03;2023;7380366;1;1;01;13;1;210.99124481;13;2;5;1;1;2;1;2;1;3;2;1;3;1;6;;1;2;4;3;6;;;;400000;;;;;;;;;;1;;;5
20230311;03;2023;7380368;1;1;01;13;1;593.92201255;13;2;1;4;1;2;1;1;1;3;1;1;4;2;1;1;1;1;3;3;6;;;;700000;;;1;;;;;;;;;;3
20230311;03;2023;7380369;1;1;01;13;1;204.91485933;13;1;1;2;1;2;1;1;1;3;1;1;5;3;1;1;1;1;1;3;3;;;;;550000;;1;;;;;;;;;;5
20230311;03;2023;7380370;1;1;01;13;1;754.30706694;13;2;1;4;1;2;1;1;1;3;1;1;4;2;1;1;1;1;1;3;7;VIVIENDA FAMILIAR;;;800000;;;1;;;;;1;;;;;3
20230311;03;2023;7380371;1;1;01;13;1;432.17569051;13;2;1;4;1;2;1;1;1;3;1;1;5;4;1;1;1;1;1;3;1;;;180000000;1000000;;;1;;;;;;;;;;5
20230311;03;2023;7380372;1;1;01;13;1;151.0085475;13;2;1;4;1;2;1;1;1;3;1;1;4;3;1;1;1;1;3;3;6;;;;700000;;;1;;;;;;;;;;6
20230311;03;2023;7380373;1;1;01;13;1;212.79886519;13;2;1;2;1;2;1;1;1;3;1;1;6;4;1;1;1;1;1;3;1;;;99;600000;;;1;;;;;;;;;;4
20230311;03;2023;7380374;1;1;01;13;1;315.49869698;13;1;1;2;1;1;1;1;1;3;1;1;2;1;1;1;1;1;1;3;1;;;35000000;350000;;;;;;;;;;1;;;2
20230311;03;2023;7380375;1;1;01;13;1;205.92147654;13;1;1;4;1;1;1;1;1;3;1;1;4;3;1;1;1;1;1;3;1;;;35000000;350000;;;1;;;;;;;;;;6
20230311;03;2023;7380376;1;1;01;13;1;226.70680906;13;1;1;4;1;2;1;1;1;3;1;1;4;3;1;1;1;1;3;3;1;;;150000000;750000;;;1;;;;;;;;;;4
20230311;03;2023;7380377;1;1;01;13;1;170.52833609;13;2;5;1;1;2;1;2;1;3;2;1;1;1;6;;1;2;2;3;6;;;;300000;;;1;;;;;;;;;;4
20230311;03;2023;7380378;1;1;01;13;1;225.05236098;13;2;1;4;1;2;1;1;1;3;1;1;3;2;1;1;1;1;3;3;6;;;;550000;;;1;;;;;;;;;;4
20230311;03;2023;7380380;1;1;01;13;1;261.40112151;13;2;1;2;1;2;1;1;1;3;1;1;4;2;1;1;1;1;1;3;4;;;;550000;;;1;;;;;;;;;;4
20230311;03;2023;7380381;1;1;01;13;1;346.41148214;13;2;1;2;1;4;1;1;1;3;1;1;5;3;1;1;1;1;3;3;1;;;350000000;1500000;;1;;1;;;;1;;;;;2
20230311;03;2023;7380382;1;1;01;13;1;653.93080355;13;2;1;4;1;2;1;1;1;3;1;1;3;2;1;1;1;1;1;3;3;;;;;680000;;1;;;;;;;;;;2
20230311;03;2023;7380384;1;1;01;13;1;423.07043262;13;1;1;4;1;2;1;1;1;3;1;1;4;3;1;1;1;1;1;3;1;;;70000000;500000;;;;1;;;;;;;;;4
20230311;03;2023;7380385;1;1;01;13;1;703.84030663;13;2;1;4;1;2;1;1;1;3;1;1;4;3;1;1;1;1;1;3;7;VIVIENDA FAMILIAR;;;800000;;;;;;;;;;1;;;4
20230311;03;2023;7380386;1;1;01;13;1;671.9874447;13;2;1;4;1;2;1;1;1;3;1;1;4;3;1;1;1;1;1;3;3;;;;;900000;;1;;;;;;;;;;5
20230311;03;2023;7380387;1;1;01;13;1;570.20452848;13;2;1;4;1;2;1;1;1;3;1;1;3;2;1;1;1;1;1;3;3;;;;;700000;;1;;;;;;;;;;4
20230311;03;2023;7380391;1;1;01;13;1;420.61107211;13;2;1;4;1;4;1;1;1;3;1;1;4;3;1;1;1;1;3;3;3;;;;;1200000;;1;;;;;;;;;;4
20230311;03;2023;7380392;1;1;01;13;1;469.45139924;13;2;1;2;1;4;1;1;1;3;1;1;5;3;1;1;1;1;1;3;3;;;;;2000000;;1;;1;1;1;1;;;;;2
20230311;03;2023;7380393;1;1;01;13;1;265.72223577;13;2;1;4;1;4;1;1;1;3;1;1;4;2;1;1;1;1;1;3;2;;99;98;2000000;;;1;;1;;;1;;;;;4
20230311;03;2023;7380394;1;1;01;13;1;346.41148214;13;2;1;4;1;4;1;1;1;3;1;1;4;1;1;1;1;1;1;3;1;;;98;2000000;;1;1;;;;1;1;;;;;2
20230311;03;2023;7380395;1;1;01;13;1;434.40324598;13;2;1;2;1;4;1;1;1;3;1;1;5;3;1;1;1;1;1;3;1;;;300000000;1600000;;;1;;;;;1;;;;;2
20230311;03;2023;7380396;1;1;01;13;1;303.1271416;13;2;1;4;1;3;1;1;1;3;1;1;3;2;1;1;1;1;1;3;3;;;;;700000;;1;;;;;;;;;;4
20230311;03;2023;7380398;1;1;01;13;1;314.91952922;13;2;1;4;1;3;1;1;1;3;1;1;3;1;1;1;1;1;1;3;1;;;150000000;700000;;;1;;;;;;;;;;2
20230311;03;2023;7380399;1;1;01;13;1;383.11965418;13;2;1;4;1;3;1;1;1;3;1;1;3;2;1;1;1;1;1;3;3;;;;;700000;;1;;;;;;;;;;4
20230311;03;2023;7380400;1;1;01;13;1;363.05711321;13;2;1;4;1;3;1;1;1;3;1;1;3;2;1;1;1;1;1;3;4;;;;700000;;;1;;;;;;;;;;4
20230311;03;2023;7380401;1;1;01;13;1;163.43662341;13;2;1;4;1;3;1;1;1;3;1;1;3;2;1;1;1;1;1;3;1;;;200000000;800000;;;1;;;;;;;;;;5
20230311;03;2023;7380402;1;1;01;13;1;382.37370192;13;2;1;4;1;3;1;1;1;3;1;1;4;3;1;1;1;1;1;3;1;;;300000000;700000;;;1;;;;;;;;;;4
20230311;03;2023;7380403;1;1;01;13;1;419.32791209;13;2;1;4;1;3;1;1;1;3;1;1;3;2;1;1;1;1;1;3;7;VIVIENDA FAMILIAR;;;700000;;;1;;;;;1;;;;;3
20230311;03;2023;7380404;1;1;01;13;1;478.30068708;13;1;1;4;1;3;1;1;1;3;1;1;4;3;1;1;1;1;1;3;6;;;;800000;;;1;;;;;;;;;;1
20230311;03;2023;7380405;1;1;01;13;1;372.62977016;13;1;1;4;1;3;1;1;1;3;1;1;4;3;1;1;1;1;1;3;3;;;;;600000;;1;;;;;;;;;;5
20230311;03;2023;7380406;1;1;01;13;1;383.11965418;13;2;1;4;1;3;1;1;1;3;1;1;3;2;1;1;1;1;1;3;3;;;;;400000;;1;;;;;1;;;;;4
20230311;03;2023;7380407;1;1;01;13;1;163.43662341;13;2;1;4;1;3;1;1;1;3;1;1;4;3;1;1;1;1;1;3;1;;;98;800000;;;1;;;;;1;;;;;3
20230311;03;2023;7380408;1;1;01;13;1;175.5740454;13;2;1;4;1;2;1;1;1;3;1;1;3;2;1;1;1;1;1;3;6;;;;500000;;;1;;;;;1;;;;;6
20230311;03;2023;7380409;1;1;01;13;1;301.13215957;13;2;1;4;1;2;1;1;1;3;1;1;3;2;1;1;1;1;1;3;1;;;99;600000;;;1;;;;;;;;;;3
20230311;03;2023;7380410;1;1;01;13;1;344.18039671;13;2;1;4;1;2;1;1;1;3;1;1;3;2;1;1;1;1;1;3;4;;;;500000;;;1;;;;;;;;;;2
20230311;03;2023;7380411;1;1;01;13;1;353.30871255;13;2;1;4;1;2;1;1;1;3;1;1;3;2;1;1;1;1;1;3;3;;;;;600000;;1;;;;;;;;;;4
20230311;03;2023;7380412;1;1;01;13;1;430.47061838;13;2;1;4;1;2;1;1;1;3;1;1;3;2;1;1;1;1;1;3;3;;;;;600000;;1;;;;;;;;;;1
20230311;03;2023;7380413;1;1;01;13;1;335.92378271;13;1;1;4;1;2;1;1;1;3;1;1;4;2;1;1;1;1;3;3;3;;;;;850000;;1;;;;;1;;;;;4
20230311;03;2023;7380414;1;1;01;13;1;212.96714896;13;1;1;4;1;2;1;1;1;3;1;1;4;3;1;1;1;1;1;3;1;;;150000000;700000;;;1;;;;;1;;;;;4
20230311;03;2023;7380415;1;1;01;13;1;270.26828147;13;2;1;4;1;2;1;1;1;3;1;1;3;2;1;1;1;1;1;3;3;;;;;600000;;1;;;;;;;;;;4
20230311;03;2023;7380416;1;1;01;13;1;390.55441571;13;2;1;4;1;2;1;1;1;3;1;1;3;1;1;1;1;1;2;3;1;;;98;600000;;;1;;;;;;;;;;1
20230311;03;2023;7380417;1;1;01;13;1;344.18039671;13;2;1;4;1;2;1;1;1;3;1;1;3;2;1;1;1;1;1;3;1;;;99;600000;;;1;;;;;;;;;;2
20230311;03;2023;7380419;1;1;01;13;1;337.43485323;13;2;1;4;1;2;1;1;1;3;1;1;4;3;6;;1;1;1;3;3;;;;;700000;;1;;;;;;;;;;5
20230311;03;2023;7380420;1;1;01;13;1;291.26486047;13;2;1;4;1;6;1;1;1;6;1;1;4;3;1;1;1;1;1;3;3;;;;;2300000;;1;;;;;1;;;;;5
20230311;03;2023;7380421;1;1;01;13;1;455.20566338;13;2;1;4;1;6;1;1;1;7;1;1;3;2;1;1;1;1;1;3;1;;;99;2500000;;;1;;;;;;;;;;3
20230311;03;2023;7380423;1;1;01;13;1;594.98255923;13;2;1;4;1;6;1;1;1;7;1;1;4;2;1;1;1;1;1;3;3;;;;;2500000;;1;;;;;1;;;;;3
20230311;03;2023;7380424;1;1;01;13;1;375.79024752;13;2;1;4;1;6;1;1;1;7;1;1;4;3;1;1;1;1;1;3;1;;;99;3000000;;;1;;;;;1;;;;;3
20230311;03;2023;7380425;1;1;01;13;1;768.58865869;13;2;1;4;1;6;1;1;1;7;1;1;3;2;1;1;1;1;1;3;3;;;;;2300000;;1;;;;;;;;;;1
20230311;03;2023;7380428;1;1;01;13;1;434.59818838;13;2;1;4;1;6;1;1;1;7;1;1;4;2;1;1;1;1;1;3;1;;;600000000;3500000;;;1;;;;;1;;;;;3
20230311;03;2023;7380430;1;1;01;13;1;239.70704767;13;1;1;2;1;2;1;1;1;3;1;1;5;3;1;1;1;1;1;3;1;;;90000000;600000;;;1;;;;;;;;;;11
20230311;03;2023;7380431;1;1;01;13;1;387.3317545;13;2;1;4;1;2;1;1;1;3;1;1;3;2;1;1;1;1;1;3;2;;400000;100000000;500000;;;1;;1;;;1;;;;;5
20230311;03;2023;7380432;1;1;01;13;1;628.99041059;13;2;1;2;1;2;1;1;1;3;1;1;5;3;1;1;1;1;1;3;1;;;99;650000;;;1;;;;;1;;;;;2
20230311;03;2023;7380433;1;1;01;13;1;451.48196498;13;2;1;4;1;2;1;1;1;3;1;1;4;3;1;1;1;1;1;3;7;PROPIEDAD FAMILIAR;;;500000;;;1;;;;;;;;;;4
20230311;03;2023;7380434;1;1;01;13;1;583.00108464;13;2;1;4;1;2;1;1;1;3;1;1;3;2;1;1;1;1;1;3;6;;;;600000;;;1;;;;;;;;;;4
20230311;03;2023;7380436;1;1;01;13;1;593.92201255;13;2;1;4;1;2;1;1;1;3;1;1;3;1;1;1;1;1;3;2;3;;;;;500000;;1;;;;;;;;;;3
20230311;03;2023;7380437;1;1;01;13;1;575.76234637;13;2;1;4;1;2;1;1;1;3;1;1;3;2;1;1;1;1;3;3;6;;;;700000;;;1;;;;;;;;;;4
20230311;03;2023;7380438;1;1;01;13;1;578.81755798;13;1;1;4;1;2;1;1;1;3;1;1;4;2;1;1;1;1;3;3;3;;;;;1100000;;1;;;;;;;;;;4
20230311;03;2023;7380439;1;1;01;13;1;701.50767439;13;2;1;4;1;2;1;1;1;3;1;1;3;1;1;1;1;1;3;3;6;;;;700000;;;1;;;;;;;;;;1
20230309;03;2023;7380441;1;1;01;15;1;95.215006149;15;1;1;4;1;4;2;1;1;3;1;1;4;1;1;1;1;1;1;4;1;;;200000000;1400000;;;1;;;;;;;;;;1
20230311;03;2023;7380442;1;1;01;15;1;87.677792105;15;1;1;4;1;3;1;1;1;3;1;1;3;2;1;1;1;1;1;3;1;;;280000000;1000000;;;1;;1;;;;;;;;2
20230311;03;2023;7380443;1;1;01;15;1;58.253492308;15;2;1;4;1;4;1;1;1;7;1;1;3;2;1;1;1;1;1;3;3;;;;;550000;;1;;;;;;;;;;2
20230311;03;2023;7380444;1;1;01;15;1;60.937603935;15;2;1;4;1;4;1;1;1;7;1;1;5;1;1;1;1;1;1;3;1;;;200000000;800000;;;1;1;;;1;;;;;;1
20230311;03;2023;7380445;1;1;01;15;1;78.456443972;15;2;1;4;1;4;1;1;1;7;1;1;4;2;1;1;1;1;1;3;3;;;;;1200000;;1;;;;;;;;;;4
20230311;03;2023;7380446;1;1;01;15;1;89.470673572;15;1;1;4;1;3;1;1;1;3;1;1;4;2;1;1;1;1;1;3;1;;;250000000;800000;;;1;;;;;;;;;;2
20230311;03;2023;7380447;1;1;01;15;1;75.731235496;15;2;1;4;1;4;1;1;1;7;1;1;4;1;1;1;1;1;1;3;2;;400000;150000000;600000;;;;;;;;;;1;;;2
20230311;03;2023;7380448;1;1;01;15;1;83.841115629;15;1;1;4;1;3;1;1;1;3;1;1;4;3;1;1;1;1;1;3;3;;;;;835000;;1;;;;;;;;;;4
20230311;03;2023;7380449;1;1;01;15;1;114.32878418;15;1;1;2;1;3;1;1;1;3;1;1;3;3;1;1;1;1;1;3;4;;;;600000;;;;;;;;;;1;;;4
20230311;03;2023;7380450;1;1;01;15;1;75.731235496;15;2;1;4;1;4;1;1;1;7;1;1;3;1;1;1;1;1;1;3;3;;;;;600000;;1;;;;;;;;;;2
20230311;03;2023;7380451;1;1;01;15;1;256.56274092;15;1;1;2;1;3;1;1;1;3;1;1;4;3;1;1;1;1;1;3;3;;;;;620000;;1;;;;;;;;;;10
20230311;03;2023;7380452;1;1;01;15;1;106.7501421;15;1;1;4;1;3;1;1;1;3;1;1;3;2;1;1;1;1;1;3;1;;;80000000;500000;;;1;;1;;;;;;;;3
20230311;03;2023;7380453;1;1;01;15;1;161.80469133;15;1;1;4;1;3;2;1;1;3;1;1;4;2;1;1;1;1;1;4;2;;2000000;280000000;1000000;;;1;;1;;;1;;;;;3
20230311;03;2023;7380454;1;1;01;15;1;78.141084697;15;1;1;4;1;3;1;1;1;3;1;1;5;3;1;1;1;1;1;3;1;;;200000000;1200000;;;1;;;;;;;;;;5
20230311;03;2023;7380455;1;1;01;15;1;112.83862066;15;1;1;4;1;3;1;1;1;3;1;1;7;4;1;1;1;1;1;3;3;;;;;1000000;;1;;;1;;;;;;;4
20230311;03;2023;7380456;1;1;01;15;1;154.99946635;15;2;1;4;1;4;1;1;1;3;1;1;2;1;1;1;1;1;1;3;1;;;200000000;500000;;;1;;;;;;;;;;2
20230311;03;2023;7380457;1;1;01;15;1;154.99946635;15;2;1;4;1;4;1;1;1;3;1;1;2;1;1;1;1;1;3;3;3;;;;;710000;;1;;;;;;;;;;2
20230311;03;2023;7380458;1;1;01;15;1;106.28489885;15;1;1;4;1;3;1;1;1;3;1;1;5;2;1;1;1;1;1;3;1;;;380000000;1000000;;;1;;1;;;;;;;;4
20230311;03;2023;7380459;1;1;01;15;1;163.17862708;15;2;1;4;1;4;1;1;1;3;1;1;3;1;1;1;1;1;1;3;3;;;;;950000;;1;;;;;1;;;;;1
20230311;03;2023;7380460;1;1;01;15;1;118.99426535;15;2;1;4;1;4;1;1;1;3;1;1;1;1;1;1;1;1;1;3;3;;;;;650000;;1;;;;;;;;;;1
20230311;03;2023;7380461;1;1;01;15;1;116.58668578;15;1;1;4;1;4;1;1;1;3;1;1;6;2;1;1;1;1;1;3;3;;;;;1400000;;1;;;;;;;;;;4
20230311;03;2023;7380462;1;1;01;15;1;122.28481523;15;1;1;4;1;4;1;1;1;3;1;1;5;4;1;1;1;1;1;3;3;;;;;1500000;;1;;;;;;;;;;5
20230311;03;2023;7380463;1;1;01;15;1;90.925117739;15;1;1;4;1;4;1;1;1;3;1;1;3;1;1;1;1;1;1;3;1;;;240000000;1000000;;;1;;;;;;;;;;2
20230311;03;2023;7380464;1;1;01;15;1;89.357643024;15;1;1;4;1;3;1;1;1;3;1;1;4;3;1;1;1;1;1;4;1;;;190000000;700000;;;1;;;1;;;;;;;5
20230311;03;2023;7380465;1;1;01;15;1;131.51668816;15;2;1;4;1;5;1;1;1;3;1;1;3;2;1;1;1;1;1;3;3;;;;;900000;;1;;;;;1;;;;;2
20230311;03;2023;7380466;1;1;01;15;1;87.641074774;15;2;1;4;1;5;1;1;1;3;1;1;3;1;1;1;1;1;1;3;1;;;550000000;1800000;;;1;;;;;1;;;;;1
20230311;03;2023;7380467;1;1;01;15;1;161.41725828;15;1;1;4;1;3;1;1;1;3;1;1;4;3;1;1;1;1;1;3;1;;;200000000;1000000;;;1;;1;;;;;;;;4
20230311;03;2023;7380468;1;1;01;15;1;116.90372281;15;1;1;4;1;3;1;1;1;3;1;1;4;2;1;1;1;1;1;3;1;;;150000000;800000;;;1;;;;;;;;;;2
20230311;03;2023;7380469;1;1;01;15;1;78.610617658;15;2;1;4;1;2;1;1;1;3;1;1;3;2;1;1;1;1;1;3;3;;;;;470000;;1;;;;;;;;;;3
20230311;03;2023;7380470;1;1;01;15;1;151.87782687;15;1;1;4;1;3;1;1;1;3;1;1;7;2;1;1;1;1;1;3;1;;;180000000;800000;;;1;;;;;;;;;;4
20230311;03;2023;7380471;1;1;01;15;1;110.92966549;15;2;1;4;1;2;1;1;1;3;1;1;3;2;1;1;1;1;1;3;3;;;;;400000;;;;;;;;;1;;;3
20230311;03;2023;7380472;1;1;01;15;1;79.329510232;15;2;1;4;1;3;1;1;1;3;1;1;2;1;1;1;1;1;3;3;3;;;;;570000;;1;;;;;1;;;;;1
20230311;03;2023;7380473;1;1;01;15;1;106.28630537;15;2;1;4;1;2;1;1;1;3;1;1;3;2;1;1;1;1;1;3;3;;;;;450000;;1;;;;;;;;;;2
20230311;03;2023;7380474;1;1;01;15;1;153.05025434;15;2;1;4;1;2;1;1;1;3;1;1;2;2;1;1;1;1;1;3;3;;;;;450000;;1;;;;;;;;;;4
20230311;03;2023;7380475;1;1;01;15;1;91.237514877;15;2;1;4;1;2;1;1;1;3;1;1;3;2;1;1;1;1;1;3;3;;;;;550000;;;;;;;;;1;;;4
20230311;03;2023;7380476;1;1;01;15;1;126.24827952;15;2;1;4;1;2;1;1;1;3;1;1;3;3;1;1;1;1;2;3;3;;;;;400000;;1;;;;;;;;;;8
20230311;03;2023;7380477;1;1;01;15;1;80.724234622;15;1;1;4;1;3;1;1;1;3;1;1;5;4;1;1;1;1;1;3;4;;;;500000;;;1;;;;;;;;;;5
20230311;03;2023;7380478;1;1;01;15;1;89.22111553;15;2;1;4;1;3;1;1;1;3;1;1;4;3;1;1;1;1;1;3;3;;;;;600000;;1;;;;;;;;;;3
20230311;03;2023;7380479;1;1;01;15;1;104.50250156;15;2;1;4;1;3;1;1;1;3;1;1;3;2;1;1;1;1;1;1;1;;;300000000;900000;;;1;;;;;;;;;;3
20230311;03;2023;7380480;1;1;01;15;1;118.99426535;15;2;1;4;1;4;1;1;1;3;1;1;2;1;1;1;1;1;3;3;3;;;;;700000;;1;;;;;;;;;;1
20230311;03;2023;7380481;1;1;01;15;1;116.24959977;15;2;1;4;1;5;1;1;1;3;1;1;3;1;1;1;1;1;1;3;3;;;;;1800000;;;;;;;;;1;;;2
20230311;03;2023;7380482;1;1;01;15;1;80.8830866;15;2;1;4;1;5;1;1;1;3;1;1;3;2;1;1;1;1;1;3;3;;;;;890000;;1;;;;;;;;;;2
20230311;03;2023;7380483;1;1;01;15;1;111.86615218;15;1;1;4;1;3;1;1;1;3;1;1;4;2;1;1;1;1;1;3;2;;1500000;350000000;1200000;;;1;;;;;;;;;;4
20230311;03;2023;7380484;1;1;01;15;1;122.38397031;15;2;1;4;1;5;1;1;1;3;1;1;2;1;1;1;1;1;1;3;3;;;;;900000;;1;;;;;;;;;;1
20230311;03;2023;7380485;1;1;01;15;1;133.12131239;15;2;1;4;1;5;1;1;1;3;1;1;3;1;1;1;1;1;1;3;1;;;550000000;1900000;;;1;;;;;1;;;;;2
20230311;03;2023;7380486;1;1;01;15;1;80.8830866;15;2;1;4;1;5;1;1;1;3;1;1;3;2;1;1;1;1;1;3;1;;;500000000;2000000;;;1;;;;;1;;;;;2
20230311;03;2023;7380487;1;1;01;15;1;54.938697997;15;2;1;4;1;4;1;1;1;3;1;1;2;1;1;1;1;1;1;3;3;;;;;520000;;1;;;;;;;;;;2
20230311;03;2023;7380488;1;1;01;15;1;81.32445985;15;2;1;4;1;4;1;1;1;3;1;1;3;2;1;1;1;1;1;3;3;;;;;1030000;;1;;;;;;;;;;2
20230311;03;2023;7380489;1;1;01;15;1;91.650100998;15;2;1;4;1;3;1;1;1;3;1;1;3;2;1;1;1;1;1;3;3;;;;;600000;;1;;;;;1;;;;;3
20230311;03;2023;7380490;1;1;01;15;1;79.620308303;15;1;1;4;1;3;1;1;1;3;1;1;4;3;1;1;1;1;1;3;4;;;;400000;;;1;;;;;;;;;;6
20230311;03;2023;7380491;1;1;01;15;1;63.70421038;15;1;1;4;1;2;1;1;1;3;1;1;4;3;1;1;1;1;1;3;1;;;120000000;600000;;;1;;;;;;;;;;3
20230311;03;2023;7380492;1;1;01;15;1;71.095153313;15;2;1;4;1;3;1;1;1;3;1;1;3;1;1;1;1;1;1;3;3;;;;;250000;;;;;;;;;1;;;1
20230311;03;2023;7380493;1;1;01;15;1;82.666382055;15;1;1;2;1;3;1;1;1;3;1;1;4;1;1;1;1;1;1;3;1;;;200000000;120000;;;;;;;;;;1;;;2
20230311;03;2023;7380494;1;1;01;15;1;76.518800383;15;1;1;4;1;2;1;1;1;3;1;1;4;3;1;1;1;1;1;3;1;;;150000000;650000;;;;;;;;;;1;;;2
20230311;03;2023;7380495;1;1;01;15;1;71.20521909;15;1;1;4;1;2;1;1;1;3;1;1;3;1;1;1;1;1;1;3;4;;;;500000;;;1;;;;1;;;;;;1
20230311;03;2023;7380496;1;1;01;15;1;71.20521909;15;1;1;4;1;2;1;1;1;3;1;1;2;1;1;1;1;1;1;3;3;;;;;650000;1;;;;;;1;;;;;1
20230311;03;2023;7380497;1;1;01;15;1;77.589530449;15;1;1;4;1;3;1;1;1;3;1;1;3;2;1;1;1;1;1;3;1;;;80000000;600000;;;1;;;;;;;;;;2
20230311;03;2023;7380498;1;1;01;15;1;93.163760377;15;1;1;4;1;2;1;1;1;3;1;1;3;2;1;1;1;1;1;3;1;;;120000000;550000;;;;;;;;;;1;;;3
20230311;03;2023;7380499;1;1;01;15;1;70.437781953;15;2;1;4;1;3;1;1;1;3;1;1;4;2;1;1;1;1;1;3;3;;;;;900000;;;;;;;;;1;;;5
20230311;03;2023;7380500;1;1;01;15;1;71.20521909;15;1;1;4;1;2;1;1;1;3;1;1;3;1;1;1;1;1;1;3;3;;;;;600000;;1;;;;;;;;;;1
20230311;03;2023;7380501;1;1;01;15;1;91.924954286;15;1;1;2;1;3;1;1;1;3;1;1;4;3;1;1;1;1;1;3;1;;;80000000;200000;;;;;;;;;;1;;;5
20230311;03;2023;7380502;1;1;01;15;1;43.373045253;15;2;1;4;1;3;1;1;1;3;1;1;2;1;1;1;1;1;1;3;3;;;;;350000;;1;;;;;;;;;;1
20230311;03;2023;7380503;1;1;01;15;1;69.729523944;15;1;1;4;1;2;1;1;1;3;1;1;3;1;1;1;1;1;1;3;1;;;150000000;600000;;;1;;;;;;;;;;3
20230311;03;2023;7380504;1;1;01;15;1;50.991170778;15;1;1;4;1;3;1;1;1;3;1;1;2;1;1;1;1;1;1;3;3;;;;;500000;;;;;;;;;1;;;1
20230311;03;2023;7380505;1;1;01;15;1;43.373045253;15;2;1;4;1;3;1;1;1;3;1;1;3;1;1;1;1;1;1;3;3;;;;;450000;;1;;;;;;;;;;1
20230311;03;2023;7380506;1;1;01;15;1;80.239544972;15;1;1;4;1;2;1;1;1;3;1;1;3;2;1;1;1;1;1;3;3;;;;;550000;;1;;;;;;;;;;4
20230311;03;2023;7380507;1;1;01;15;1;56.508375082;15;2;1;4;1;3;1;1;1;3;1;1;3;1;1;1;1;1;1;3;3;;;;;300000;;1;;;;;1;;;;;2
20230311;03;2023;7380508;1;1;01;15;1;103.13168582;15;1;1;4;1;2;1;1;1;3;1;1;5;4;1;1;1;1;1;3;1;;;100000000;400000;;;;;;;;;;1;;;6
20230311;03;2023;7380509;1;1;01;15;1;146.62355375;15;2;1;4;1;3;1;1;1;3;1;1;4;3;1;1;1;1;1;3;2;;680000;150000000;800000;;;1;;1;;;;;;;;5
20230311;03;2023;7380510;1;1;01;15;1;66.495076275;15;1;1;4;1;3;1;1;1;3;1;1;4;3;1;1;1;1;1;3;1;;;200000000;600000;;;1;;;;;1;;;;;3
20230311;03;2023;7380511;1;1;01;15;1;86.525837435;15;1;1;4;1;2;1;1;1;3;1;1;2;1;1;1;1;1;1;3;1;;;150000000;400000;;;;;;;;;;1;;;3
20230311;03;2023;7380512;1;1;01;15;1;95.344254526;15;1;1;2;1;3;1;1;1;3;1;1;3;3;1;1;1;1;1;3;1;;;40000000;400000;;;;;;;;;;1;;;4
20230311;03;2023;7380513;1;1;01;15;1;93.2174762;15;1;1;4;1;2;1;1;1;3;1;1;3;2;1;1;1;1;1;3;1;;;120000000;900000;;;;;;;;;;1;;;4
20230311;03;2023;7380514;1;1;01;15;1;80.179772928;15;2;1;4;1;2;1;1;1;3;1;1;4;3;1;1;1;1;1;3;3;;;;;700000;;1;;;;;;;;;;3
20230311;03;2023;7380515;1;1;01;15;1;87.677792105;15;1;1;4;1;3;1;1;1;3;1;1;3;2;1;1;1;1;1;3;1;;;250000000;800000;;;1;;;;;;;;;;2
20230311;03;2023;7380516;1;1;01;15;1;71.896076977;15;2;1;4;1;2;1;1;1;3;1;1;3;2;1;1;1;1;1;3;3;;;;;450000;;1;;;;;;;;;;2
20230311;03;2023;7380517;1;1;01;15;1;122.41671305;15;1;1;4;1;2;1;1;1;3;1;1;3;2;1;1;1;1;1;3;1;;;150000000;98;;;;;;;;;;1;;;3
20230311;03;2023;7380518;1;1;01;15;1;122.58819371;15;2;1;4;1;2;1;1;1;3;1;1;2;2;1;1;1;1;1;3;4;;;;650000;;;1;;;;1;;;;;;4
20230311;03;2023;7380519;1;1;01;15;1;103.46318895;15;1;1;4;1;2;1;1;1;3;1;1;4;3;1;1;1;1;1;3;1;;;100000000;450000;;;1;;;;;;;;;;4
20230311;03;2023;7380520;1;1;01;15;1;117.99795052;15;1;1;4;1;3;1;1;1;3;1;1;4;3;1;1;1;1;1;3;1;;;120000000;600000;;;1;;;;1;;;;;;3
20230311;03;2023;7380521;1;1;01;15;1;71.396559209;15;2;1;4;1;4;1;1;1;3;1;1;3;1;1;1;1;1;1;3;3;;;;;750000;;1;;;;;;;;;;1
20230311;03;2023;7380522;1;1;01;15;1;48.79467591;15;2;1;4;1;4;1;1;1;3;1;1;4;3;1;1;1;1;1;3;4;;;;1000000;;;1;;;;;;;;;;3
20230311;03;2023;7380523;1;1;01;15;1;97.907176249;15;2;1;4;1;4;1;1;1;3;1;1;3;1;1;1;1;1;1;3;3;;;;;750000;;;;;;;;;1;;;1
20230311;03;2023;7380524;1;1;01;15;1;83.172466655;15;1;1;4;1;3;1;1;1;3;1;1;3;2;1;1;1;1;1;3;1;;;200000000;1000000;;;1;;;;;;;;;;3
20230311;03;2023;7380525;1;1;01;15;1;83.396834476;15;2;1;4;1;4;1;1;1;3;1;1;4;3;1;1;1;1;1;3;3;;;;;1020000;;1;;;;;1;;;;;4
20230311;03;2023;7380526;1;1;01;15;1;74.818382596;15;2;1;4;1;4;1;1;1;7;1;1;4;2;1;1;1;1;1;3;1;;;500000000;1000000;;;1;;;;;;;;;;2
20230311;03;2023;7380527;1;1;01;15;1;97.907176249;15;2;1;4;1;4;1;1;1;3;1;1;4;1;1;1;1;1;1;3;1;;;120000000;700000;;;1;;;;;;;;;;1
20230311;03;2023;7380528;1;1;01;15;1;141.89661738;15;1;1;4;1;4;1;1;1;3;1;1;4;3;1;1;1;1;1;3;1;;;250000000;1500000;;;1;;;;;;;;;;7
20230311;03;2023;7380529;1;1;01;15;1;103.71213615;15;1;1;4;1;2;1;1;1;3;1;1;5;4;1;1;1;1;1;3;2;;150000;100000000;300000;;;1;;1;;;;;;;;5
20230311;03;2023;7380530;1;1;01;15;1;70.112859819;15;1;1;4;1;4;1;1;1;3;1;1;5;1;1;1;1;1;1;3;4;;;;1200000;;;1;;;;;;;;;;1
20230311;03;2023;7380531;1;1;01;15;1;70.112859819;15;1;1;4;1;4;1;1;1;3;1;1;4;1;1;1;1;1;1;3;1;;;350000000;1500000;;;1;;;;1;1;;;;;1
20230311;03;2023;7380532;1;1;01;15;1;127.7964599;15;2;1;4;1;2;1;1;1;3;1;1;2;1;1;1;1;1;1;3;3;;;;;600000;;1;;;;;;;;;;2
20230311;03;2023;7380533;1;1;01;15;1;70.112859819;15;1;1;4;1;4;1;1;1;3;1;1;4;1;1;1;1;1;1;3;1;;;98;98;;;1;;;;;;;;;;1
20230311;03;2023;7380535;1;1;01;15;1;77.903177577;15;1;1;4;1;3;1;1;1;3;1;1;3;1;1;1;1;1;1;3;1;;;130000000;500000;;;;;;;;;;1;;;1
20230311;03;2023;7380536;1;1;01;15;1;69.214008863;15;1;1;4;1;3;1;1;1;3;1;1;4;3;1;1;1;1;1;3;1;;;150000000;600000;;;1;;;;;;;;;;3
20230311;03;2023;7380537;1;1;01;15;1;58.230198482;15;2;1;4;1;4;1;1;1;7;1;1;4;3;1;1;1;1;1;3;2;;1300000;98;98;;;1;;;;;1;;;;;4
20230311;03;2023;7380538;1;1;01;15;1;110.10481722;15;1;1;4;1;3;1;1;1;3;1;1;3;3;1;1;1;1;1;3;2;;500000;180000000;500000;;;1;;1;;;;;;;;3
20230311;03;2023;7380539;1;1;01;15;1;142.3335228;15;1;1;4;1;2;1;1;1;3;1;1;4;3;1;1;1;1;1;3;4;;;;500000;;;;;;;;;;1;;;3
20230311;03;2023;7380540;1;1;01;15;1;58.380447536;15;2;1;4;1;3;1;1;1;3;1;1;4;3;1;1;1;1;1;3;2;;200000;180000000;5000000;;;1;;1;;;;;;;;3
20230311;03;2023;7380542;1;1;01;15;1;97.793434266;15;2;1;4;1;3;1;1;1;3;1;1;3;1;1;1;1;1;1;3;3;;;;;500000;;1;;;;;;;;;;2
20230311;03;2023;7380544;1;1;01;15;1;73.809934288;15;2;1;4;1;3;1;1;1;3;1;1;3;2;1;1;1;1;1;3;3;;;;;400000;;1;;;;;;;;;;2
20230311;03;2023;7380545;1;1;01;15;1;138.09904582;15;1;1;4;1;2;1;1;1;3;1;1;4;2;1;1;1;1;1;3;1;;;99;400000;;;1;;;;;;;;;;2
20230311;03;2023;7380546;1;1;01;15;1;60.591360338;15;2;1;4;1;4;1;1;1;3;1;1;2;1;1;1;1;1;1;3;2;;380000;180000000;800000;;;1;;1;;;;;;;;1
20230311;03;2023;7380547;1;1;01;15;1;135.37782395;15;1;1;4;1;3;1;1;1;3;1;1;3;1;1;1;1;1;1;3;3;;;;;400000;;1;;;;;1;;;;;1
20230311;03;2023;7380548;1;1;01;15;1;128.7541907;15;1;1;4;1;3;2;1;1;3;1;1;5;3;1;1;1;1;1;4;2;;1200000;260000000;1500000;;;1;;;;1;1;;;;;4
20230311;03;2023;7380549;1;1;01;15;1;107.45589005;15;2;1;4;1;3;1;1;1;3;1;1;3;2;1;1;1;1;1;3;3;;;;;550000;;1;;;;;;;;;;3
20230311;03;2023;7380550;1;1;01;15;1;110.22137658;15;2;1;4;1;3;1;1;1;3;1;1;3;2;1;1;1;1;1;3;1;;;90000000;400000;;;1;;;;1;;;;;;4
20230311;03;2023;7380551;1;1;01;15;1;95.215006149;15;2;1;4;1;3;1;1;1;3;1;1;4;1;1;1;1;1;1;3;1;;;200000000;1000000;;;1;;;;;;;;;;1
20230311;03;2023;7380552;1;1;01;15;1;96.07014151;15;2;1;4;1;3;1;1;1;3;1;1;4;3;1;1;1;1;1;3;1;;;400000000;1200000;;;1;;;;;;;;;;4
20230311;03;2023;7380553;1;1;01;15;1;74.836593883;15;2;1;4;1;3;1;1;1;3;1;1;3;1;1;1;1;1;1;3;3;;;;;250000;;1;;;;;;;;;;2
20230311;03;2023;7380554;1;1;01;15;1;89.905579659;15;2;1;4;1;3;1;1;1;3;1;1;3;1;1;1;1;1;1;3;3;;;;;250000;;;;;;;;;1;;;1
20230311;03;2023;7380556;1;1;01;15;1;89.905579659;15;2;1;4;1;3;1;1;1;3;1;1;3;1;1;1;1;1;1;3;3;;;;;700000;;1;;;;;;;;;;1
20230311;03;2023;7380558;1;1;01;15;1;61.700730181;15;2;1;4;1;4;1;1;1;3;1;1;2;1;1;1;1;1;1;3;3;;;;;400000;;1;;;;;;;;;;1
20230311;03;2023;7380562;1;1;01;15;1;118.33005546;15;1;1;4;1;2;1;1;1;3;1;1;2;1;1;1;1;1;1;3;3;;;;;560000;;1;;;;;;;;;;2
20230311;03;2023;7380565;1;1;01;15;1;62.984477259;15;2;1;4;1;4;1;1;1;7;1;1;3;2;1;1;1;1;1;3;2;;1030000;200000000;1000000;;;1;;1;;;;;;;;2
20230311;03;2023;7380568;1;1;01;15;1;71.896076977;15;2;1;4;1;2;1;1;1;3;1;1;3;2;1;1;1;1;1;3;3;;;;;400000;;;;;;;;;1;;;2
20230309;03;2023;7380580;1;1;01;17;1;213.62534046;17;2;1;4;1;1;1;1;1;2;1;1;4;3;1;1;1;1;1;3;1;;;80000000;300000;;;1;;;;;;;;;;5
20230311;03;2023;7380581;1;1;01;17;1;223.79480952;17;2;1;4;1;3;1;1;1;2;1;1;6;1;1;1;1;1;1;3;4;;;;1000000;;;1;;;;;;;;;;2
20230311;03;2023;7380582;1;1;01;17;1;290.0067724;17;1;1;4;1;5;1;1;1;2;1;1;5;2;1;1;1;1;1;3;3;;;;;1850000;1;1;;;1;;1;;;;;3
20230311;03;2023;7380583;1;1;01;17;1;271.67939952;17;2;1;6;1;5;1;1;1;2;1;1;5;1;1;1;1;1;1;3;1;;;450000000;1800000;;;1;;;;1;1;;;;;2
20230311;03;2023;7380584;1;1;01;17;1;291.29261085;17;1;1;6;1;5;1;1;1;2;1;1;8;3;1;1;1;1;1;3;1;;;520000000;2000000;;;1;;;;;1;;;;;3
20230311;03;2023;7380585;1;1;01;17;1;271.67939952;17;1;1;6;1;5;1;1;1;2;1;1;6;1;1;1;1;1;1;3;1;;;500000000;1600000;;;1;;;;1;1;;;;;2
20230311;03;2023;7380586;1;1;01;17;1;340.93012526;17;1;1;4;1;5;1;1;1;2;1;1;5;3;1;1;1;1;1;3;1;;;500000000;2500000;;;1;;;1;1;1;;;;;4
20230311;03;2023;7380587;1;1;01;17;1;222.33211294;17;2;1;6;1;3;1;1;1;2;1;1;4;3;1;1;1;1;1;3;4;;;;600000;;;1;;;;;;;;;;5
20230311;03;2023;7380588;1;1;01;17;1;254.81459374;17;1;1;2;1;5;1;1;1;2;1;1;4;2;1;1;1;1;1;3;1;;;450000000;1700000;;;1;;;;;1;;;;;3
20230311;03;2023;7380589;1;1;01;17;1;200.40770215;17;2;1;4;1;3;1;1;1;2;1;1;3;2;1;1;1;1;1;3;3;;;;;800000;;1;;;;;;;;;;2
20230311;03;2023;7380590;1;1;01;17;1;221.08776513;17;2;1;4;1;2;1;1;1;2;1;1;4;3;1;1;1;1;1;3;3;;;;;500000;;1;;;;;;;;;;5
20230311;03;2023;7380591;1;1;01;17;1;285.17077337;17;1;1;4;1;5;1;1;1;2;1;1;5;3;1;1;1;1;1;3;1;;;500000000;2000000;;;1;1;;1;;1;;;;;4
20230311;03;2023;7380592;1;1;01;17;1;190.76902113;17;2;1;4;1;3;1;1;1;2;1;1;4;3;1;1;1;1;1;3;3;;;;;800000;;1;;;;;;;;;;3
20230311;03;2023;7380593;1;1;01;17;1;221.19135843;17;2;1;4;1;3;1;1;1;2;1;1;4;3;1;1;1;1;1;3;1;;;80000000;600000;;;1;;;;1;;;;;;3
20230311;03;2023;7380594;1;1;01;17;1;186.02468051;17;2;1;4;1;2;1;1;1;2;1;1;2;1;1;1;1;1;1;3;4;;;;350000;;;;;;;;;;1;;;1
20230311;03;2023;7380595;1;1;01;17;1;360.62245953;17;1;1;2;1;5;1;1;1;2;1;1;5;3;1;1;1;1;1;3;2;;1300000;460000000;2500000;;;1;;1;;1;1;;;;;4
20230311;03;2023;7380596;1;1;01;17;1;190.76902113;17;2;1;4;1;3;1;1;1;2;1;1;3;2;1;1;1;1;1;3;3;;;;;700000;;1;;;;;;;;;;3
20230311;03;2023;7380597;1;1;01;17;1;295.01376069;17;1;1;2;1;5;1;1;1;2;1;1;5;2;1;1;1;1;1;3;1;;;400000000;1500000;;;1;;;;1;1;;;;;3
20230311;03;2023;7380598;1;1;01;17;1;281.84037908;17;1;1;2;1;5;1;1;1;2;1;1;4;1;1;1;1;1;1;3;3;;;;;1400000;;1;;;;1;1;;;;;1
20230311;03;2023;7380600;1;1;01;17;1;146.94059325;17;2;1;4;1;4;1;1;1;2;1;1;4;2;1;1;1;1;1;3;3;;;;;1260000;;1;;;;;;;;;;4
20230311;03;2023;7380601;1;1;01;17;1;143.44672295;17;2;1;4;1;4;1;1;1;2;1;1;4;2;1;1;1;1;1;3;4;;;;600000;;;1;;;;;;;;;;2
20230311;03;2023;7380602;1;1;01;17;1;131.29408015;17;2;1;4;1;4;1;1;1;2;1;1;3;1;1;1;1;1;1;3;1;;;200000000;800000;;;1;;;;;;;;;;1
20230311;03;2023;7380603;1;1;01;17;1;138.24962564;17;2;1;4;1;4;1;1;1;2;1;1;4;2;1;1;1;1;1;3;3;;;;;1000000;;1;;;;;;;;;;3
20230311;03;2023;7380605;1;1;01;17;1;154.69109804;17;2;1;4;1;4;1;1;1;2;1;1;4;2;1;1;1;1;1;3;3;;;;;1200000;;1;;;;;;;;;;2
20230311;03;2023;7380606;1;1;01;17;1;253.43183883;17;2;7;3;1;1;2;1;1;2;1;1;3;2;1;1;1;1;1;4;3;;;;;400000;;;;;;;;;1;;;4
20230311;03;2023;7380607;1;1;01;17;1;262.15501825;17;2;4;3;1;1;2;1;1;2;1;1;3;2;1;1;1;1;1;4;4;;;;300000;;;1;;;;;;;;;;3
20230311;03;2023;7380608;1;1;01;17;1;259.61210941;17;2;4;3;1;1;2;1;1;2;1;1;2;2;1;1;1;1;1;4;5;;;;350000;;;1;;;;;1;;;;;3
20230311;03;2023;7380609;1;1;01;17;1;196.67584046;17;1;1;4;1;4;1;1;1;2;1;1;6;3;1;1;1;1;1;3;1;;;500000000;1500000;;;1;;;;;1;;;;;3
20230311;03;2023;7380610;1;1;01;17;1;248.01953359;17;2;4;3;1;1;2;1;1;2;1;1;1;1;1;1;1;1;1;4;3;;;;;250000;;1;;;;;;;;;;1
20230311;03;2023;7380612;1;1;01;17;1;239.35770474;17;2;4;3;1;1;2;1;1;2;1;1;3;1;1;1;1;1;1;4;3;;;;;500000;;;;;;;;;1;;;2
20230311;03;2023;7380613;1;1;01;17;1;63.456114899;17;2;1;2;1;1;2;1;1;2;1;1;2;1;1;1;1;1;1;4;3;;;;;420000;;1;;;;;1;;;;;2
20230311;03;2023;7380614;1;1;01;17;1;95.531516778;17;2;4;4;1;1;1;1;1;2;1;1;3;2;1;1;1;1;1;3;3;;;;;400000;;1;;;;;;;;;;3
20230311;03;2023;7380615;1;1;01;17;1;104.02753389;17;2;1;4;1;1;1;1;1;2;1;1;3;1;1;1;1;1;1;3;3;;;;;450000;;;;;;;;;1;;;2
20230311;03;2023;7380616;1;1;01;17;1;75.36425977;17;1;1;4;1;1;1;1;1;2;1;1;4;3;1;1;1;1;1;3;3;;;;;400000;;1;;;;;;;;;;5
20230311;03;2023;7380617;1;1;01;17;1;117.97982622;17;2;4;4;1;1;1;1;1;2;1;1;3;2;1;1;1;1;1;3;3;;;;;400000;;1;;;;;;;;;;3
20230311;03;2023;7380618;1;1;01;17;1;59.285319249;17;1;4;3;1;1;1;1;1;2;1;1;2;1;1;1;1;1;1;3;1;;;20000000;150000;;;;;;;;;;1;;;2
20230311;03;2023;7380619;1;1;01;17;1;95.5803757;17;1;1;2;1;1;1;1;1;2;1;1;5;3;1;1;1;1;1;3;4;;;;800000;;;1;;;;1;1;;;;;5
20230311;03;2023;7380620;1;1;01;17;1;104.1280972;17;1;3;3;1;1;2;1;1;2;1;1;3;2;1;1;1;1;1;4;3;;;;;450000;;1;;;;;;;;;;3
20230311;03;2023;7380621;1;1;01;17;1;223.22961661;17;2;5;3;1;1;2;1;1;2;1;1;3;1;1;1;1;1;1;4;3;;;;;150000;;;;;;;;;1;;;1
20230311;03;2023;7380622;1;1;01;17;1;239.35770474;17;2;1;4;1;1;2;1;1;2;1;1;2;1;1;1;1;1;1;4;3;;;;;200000;;;;;;;;;1;;;2
20230311;03;2023;7380623;1;1;01;17;1;126.68281882;17;1;1;2;1;1;1;1;1;2;1;1;3;3;1;1;1;1;1;3;3;;;;;450000;;1;;;;;;;;;;5
20230311;03;2023;7380624;1;1;01;17;1;66.840622369;17;2;1;4;1;1;1;1;1;2;1;1;3;2;1;1;1;1;1;3;3;;;;;480000;;1;;;;;;;;;;4
20230311;03;2023;7380626;1;1;01;17;1;239.35770474;17;2;1;2;1;1;2;1;1;2;1;1;2;1;1;1;1;1;1;4;3;;;;;100000;;;;;;;1;;;;;2
20230311;03;2023;7380627;1;1;01;17;1;148.81974441;17;2;1;4;1;4;1;1;1;2;1;1;3;1;1;1;1;1;1;3;1;;;280000000;900000;;;1;;;;;;;;;;1
20230311;03;2023;7380628;1;1;01;17;1;71.635121772;17;1;1;2;1;1;1;1;1;2;1;1;3;2;1;1;1;1;1;3;6;;;;300000;;;1;;;;;;;;;;2
20230311;03;2023;7380629;1;1;01;17;1;136.97515856;17;2;1;2;1;1;2;1;1;2;1;1;3;2;1;1;1;1;1;4;3;;;;;420000;;;;;;;;;1;;;4
20230311;03;2023;7380630;1;1;01;17;1;107.98773148;17;2;1;2;1;1;1;1;1;2;1;1;3;2;1;1;1;1;1;3;3;;;;;480000;;1;;;;;;;;;;5
20230311;03;2023;7380632;1;1;01;17;1;149.49122833;17;1;1;4;1;4;1;1;1;2;1;1;3;2;1;1;1;1;1;3;2;;440000;250000000;750000;;;1;;1;;;;;;;;3
20230311;03;2023;7380633;1;1;01;17;1;159.38524772;17;1;1;4;1;3;1;1;1;2;1;1;5;1;1;1;1;1;1;3;1;;;400000000;1800000;;;1;;;;;;;;;;2
20230311;03;2023;7380634;1;1;01;17;1;169.11334592;17;1;1;4;1;4;2;1;1;2;1;1;5;1;1;1;1;1;1;4;1;;;250000000;1200000;;;1;;;;;;;;;;1
20230311;03;2023;7380635;1;1;01;17;1;159.57180316;17;1;1;3;1;4;1;1;1;2;1;1;3;1;1;1;1;1;1;3;3;;;;;880000;;1;;;;;1;;;;;2
20230311;03;2023;7380636;1;1;01;17;1;160.47996224;17;1;1;3;1;4;1;1;1;2;1;1;4;2;1;1;1;1;1;3;4;;;;1300000;;;;;;;;;;1;;;3
20230311;03;2023;7380638;1;1;01;17;1;156.73468373;17;1;1;4;1;4;1;1;1;2;1;1;4;2;1;1;1;1;1;3;1;;;99;800000;;;1;;;;;1;;;;;3
20230311;03;2023;7380639;1;1;01;17;1;159.38524772;17;1;1;4;1;4;1;1;1;2;1;1;4;2;1;1;1;1;1;3;1;;;300000000;1100000;;;1;;;;;;;;;;2
20230311;03;2023;7380640;1;1;01;17;1;169.11334592;17;1;1;4;1;4;1;1;1;2;1;1;4;1;1;1;1;1;1;3;1;;;300000000;1500000;;;1;;;;;;;;;;1
20230311;03;2023;7380642;1;1;01;17;1;164.43213362;17;1;1;4;1;4;1;1;1;2;1;1;5;1;1;1;1;1;1;3;4;;;;1000000;;;;;;;;;;1;;;1
20230311;03;2023;7380645;1;1;01;17;1;185.91358048;17;2;1;4;1;4;1;1;1;2;1;1;4;3;1;1;1;1;1;3;2;;1200000;500000000;2000000;;;1;;;;;;;;;;3
20230311;03;2023;7380647;1;1;01;17;1;213.59816913;17;2;1;4;1;3;1;1;1;2;1;1;4;3;1;1;1;1;1;3;3;;;;;700000;;1;;;;;;;;;;4
20230311;03;2023;7380648;1;1;01;17;1;181.30940025;17;2;1;4;1;4;1;1;1;2;1;1;4;2;1;1;1;1;1;3;3;;;;;650000;;1;1;1;1;1;1;;;;;3
20230311;03;2023;7380649;1;1;01;17;1;193.86139282;17;2;1;2;1;3;1;1;1;2;1;1;4;3;1;1;1;1;1;3;1;;;99;1100000;;;1;;;;;1;;;;;4
20230311;03;2023;7380650;1;1;01;17;1;217.82683867;17;2;1;4;1;3;1;1;1;2;1;1;4;3;1;1;1;1;1;3;1;;;125000000;700000;;;1;;;;;;;;;;3
20230311;03;2023;7380651;1;1;01;17;1;169.9400523;17;2;1;3;1;3;1;1;1;2;1;1;4;2;1;1;1;1;1;3;1;;;99;900000;;;1;;;;;;;;;;2
20230311;03;2023;7380652;1;1;01;17;1;174.2275054;17;2;1;4;1;3;1;1;1;2;1;1;4;3;1;1;1;1;1;3;1;;;150000000;800000;;;1;;;;;;;;;;4
20230311;03;2023;7380653;1;1;01;17;1;140.20807241;17;1;1;4;1;3;1;1;1;2;1;1;5;2;1;1;1;1;1;3;1;;;250000000;800000;;;1;;;;;;;;;;3
20230311;03;2023;7380654;1;1;01;17;1;200.72080899;17;2;1;4;1;3;1;1;1;2;1;1;4;3;1;1;1;1;1;3;4;;;;800000;;;1;;;;;;;;;;4
20230311;03;2023;7380655;1;1;01;17;1;161.20813426;17;2;1;4;1;4;1;1;1;2;1;1;3;2;1;1;1;1;1;3;3;;;;;530000;;1;;;;;1;;;;;2
20230311;03;2023;7380656;1;1;01;17;1;165.77535372;17;2;1;4;1;4;1;1;1;2;1;1;1;1;1;1;1;1;1;3;3;;;;;700000;;1;;;;1;1;;;;;1
20230311;03;2023;7380657;1;1;01;17;1;208.98534845;17;2;1;4;1;3;1;1;1;2;1;1;4;3;1;1;1;1;1;3;2;;650000;150000000;600000;;;1;;1;;;;;;;;3
20230311;03;2023;7380658;1;1;01;17;1;220.45843302;17;2;1;4;1;4;1;1;1;2;1;1;4;2;1;1;1;1;1;3;3;;;;;750000;;1;;;;;1;;;;;3
20230311;03;2023;7380659;1;1;01;17;1;256.93988904;17;1;1;4;1;2;1;1;1;2;1;1;3;2;1;1;1;1;1;3;3;;;;;450000;;1;;;;;;;;;;4
20230311;03;2023;7380660;1;1;01;17;1;280.1925784;17;2;1;4;1;2;1;1;1;2;1;1;5;4;1;1;1;1;1;3;1;;;160000000;500000;;;1;;;;;1;;;;;5
20230311;03;2023;7380661;1;1;01;17;1;80.337987471;17;2;1;4;1;3;1;1;1;2;1;1;2;1;1;1;1;1;1;3;1;;;99;700000;;;;;;;;;;1;;;1
20230311;03;2023;7380662;1;1;01;17;1;230.88673156;17;2;1;4;1;3;1;1;1;2;1;2;1;1;1;2;1;1;1;3;3;;;;;250000;;1;;;;;;;;;;4
20230311;03;2023;7380662;2;2;01;17;1;230.88673156;17;2;1;4;1;3;1;1;1;2;1;2;2;2;1;2;1;1;1;3;3;;;;;500000;;1;;;;;;;;;;3
20230311;03;2023;7380663;1;1;01;17;1;65.7831636;17;2;1;4;1;3;1;1;1;2;1;1;3;2;1;1;1;1;1;3;3;;;;;1200000;;;;;;1;1;;;;;2
20230311;03;2023;7380664;1;1;01;17;1;229.33313437;17;1;1;4;1;2;1;1;1;2;1;1;3;2;1;1;1;1;1;3;3;;;;;600000;;1;;;;;;;;;;3
20230311;03;2023;7380665;1;1;01;17;1;210.42676843;17;2;1;3;1;3;1;1;1;2;1;1;4;3;1;1;1;1;1;3;4;;;;600000;;;1;;1;;;1;;;;;5
20230311;03;2023;7380666;1;1;01;17;1;216.57661881;17;1;1;4;1;3;1;1;1;2;1;1;5;3;1;1;1;1;1;3;2;;340000;99;600000;;;1;;;;;;;;;;3
20230311;03;2023;7380667;1;1;01;17;1;114.1308693;17;2;1;4;1;3;1;1;1;2;1;1;3;2;1;1;1;1;1;3;3;;;;;700000;;1;;;;1;1;;;;;2
20230311;03;2023;7380668;1;1;01;17;1;187.39307367;17;1;1;4;1;3;1;1;1;2;1;1;3;2;1;1;1;1;1;3;6;;;;600000;;;1;;;;;;;;;;2
20230311;03;2023;7380669;1;1;01;17;1;296.53497653;17;1;1;4;1;2;1;1;1;2;1;1;4;3;1;1;1;1;1;3;1;;;80000000;400000;;;1;;;;;;;;;;5
20230311;03;2023;7380670;1;1;01;17;1;199.46475395;17;2;1;3;1;3;1;1;1;2;1;1;3;1;1;1;1;1;1;3;1;;;99;700000;;;1;;;;1;;;;;;2
20230311;03;2023;7380671;1;1;01;17;1;148.1907511;17;1;1;4;1;3;1;1;1;2;1;1;6;5;1;1;1;1;1;3;1;;;150000000;600000;;;1;;;;;1;;;;;6
20230311;03;2023;7380672;1;1;01;17;1;229.77794229;17;2;1;4;1;3;1;1;1;2;1;1;2;2;1;1;1;1;1;3;3;;;;;420000;;1;;;;;;;;;;3
20230311;03;2023;7380673;1;1;01;17;1;235.57438007;17;1;1;2;1;3;1;1;1;2;1;1;4;3;1;1;1;1;1;3;3;;;;;650000;;1;;;;;;;;;;4
20230311;03;2023;7380674;1;1;01;17;1;143.60980616;17;2;1;4;1;3;1;1;1;2;1;1;4;1;1;1;1;1;1;3;1;;;120000000;700000;;;1;;;;1;;;;;;1
20230311;03;2023;7380675;1;1;01;17;1;229.20898134;17;1;1;4;1;4;1;1;1;2;1;1;6;1;1;1;1;1;1;3;1;;;250000000;1300000;;;1;;;;;1;;;;;1
20230311;03;2023;7380676;1;1;01;17;1;290.26128973;17;1;1;4;1;4;1;1;1;2;1;1;7;3;1;1;1;1;1;3;2;;1860000;400000000;1600000;;;1;;1;1;1;1;;;;;4
20230311;03;2023;7380677;1;1;01;17;1;146.58822926;17;1;1;2;1;3;1;1;1;2;1;1;4;2;1;1;1;1;1;3;3;;;;;900000;;1;;;;1;;;;;;4
20230311;03;2023;7380679;1;1;01;17;1;290.26128973;17;1;1;4;1;4;1;1;1;2;1;1;5;3;1;1;1;1;1;3;2;;450000;300000000;1400000;;;1;;1;;1;1;;;;;4
20230311;03;2023;7380681;1;1;01;17;1;318.69315619;17;1;1;4;1;2;1;1;1;2;1;1;4;3;1;1;1;1;1;3;1;;;200000000;600000;;;1;;;;;;;;;;6
20230311;03;2023;7380682;1;1;01;17;1;219.35989359;17;2;1;4;1;3;1;1;1;2;1;1;4;3;1;1;1;1;1;3;3;;;;;650000;;1;;;;;;;;;;4
20230311;03;2023;7380683;1;1;01;17;1;245.76907184;17;1;1;4;1;4;1;1;1;2;1;1;5;1;1;1;1;1;1;3;3;;;;;1102000;;1;;;;1;1;;;;;2
20230311;03;2023;7380684;1;1;01;17;1;241.70449649;17;1;1;4;1;2;1;1;1;2;1;1;4;3;1;1;1;1;1;3;3;;;;;550000;;1;;;;;;;;;;5
20230311;03;2023;7380685;1;1;01;17;1;314.26494774;17;1;1;4;1;4;1;1;1;2;1;1;5;3;1;1;1;1;1;3;3;;;;;850000;;1;;;;1;;;;;;5
20230311;03;2023;7380686;1;1;01;17;1;224.68480978;17;1;1;4;1;4;1;1;1;2;1;1;5;1;1;1;1;1;1;3;3;;;;;460000;;;;;;;;;1;;;1
20230311;03;2023;7380687;1;1;01;17;1;220.31513923;17;2;1;4;1;4;1;1;1;2;1;1;4;2;1;1;1;1;1;3;1;;;180000000;1000000;;;1;;;;1;1;;;;;2
20230311;03;2023;7380688;1;1;01;17;1;296.82116954;17;1;1;4;1;2;1;1;1;2;1;1;4;3;1;1;1;1;1;3;1;;;160000000;800000;;;1;;;;;;;;;;5
20230311;03;2023;7380689;1;1;01;17;1;241.39940128;17;1;1;4;1;4;1;1;1;2;1;1;4;3;1;1;1;1;1;3;3;;;;;1250000;;1;;;;;;;;;;3
20230311;03;2023;7380690;1;1;01;17;1;228.30301699;17;1;1;4;1;2;1;1;1;2;1;1;4;1;1;1;1;1;1;3;1;;;98;500000;;;1;;;;;;;;;;1
20230311;03;2023;7380691;1;1;01;17;1;122.1241866;17;1;1;4;1;3;1;1;1;2;1;1;3;1;1;1;1;1;1;3;1;;;99;400000;;;1;;;;;;;;;;2
20230311;03;2023;7380692;1;1;01;17;1;122.78781197;17;2;1;2;1;3;1;1;1;2;1;1;2;1;1;1;1;1;1;3;3;;;;;400000;;1;;;;1;;;;;;1
20230311;03;2023;7380693;1;1;01;17;1;244.51145957;17;1;1;4;1;2;1;1;1;2;1;1;3;1;1;1;1;1;1;3;1;;;100000000;600000;;;1;;;;;;;;;;2
20230311;03;2023;7380694;1;1;01;17;1;200.40770215;17;2;1;4;1;3;1;1;1;2;1;1;2;1;1;1;1;1;1;3;3;;;;;500000;;1;;;;;;;;;;2
20230311;03;2023;7380695;1;1;01;17;1;119.50754953;17;2;1;2;1;3;1;1;1;2;1;1;3;2;1;1;1;1;1;3;3;;;;;600000;;1;;;;1;1;;;;;4
20230311;03;2023;7380698;1;1;01;17;1;228.95158831;17;1;1;4;1;6;1;1;1;2;1;1;5;4;1;1;1;1;1;4;1;;;420000000;1500000;;;1;;;;;;;;;;4
20230311;03;2023;7380699;1;1;01;17;1;265.64207953;17;1;1;4;1;6;1;1;1;2;1;1;6;1;1;1;1;1;1;3;4;;;;2500000;;;1;;;;;1;;;;;2
20230311;03;2023;7380700;1;1;01;17;1;283.72936696;17;1;1;4;1;6;1;1;1;2;1;1;5;4;1;1;1;1;1;3;2;;3000000;300000000;2000000;;;1;;1;;;;;;;;4
20230311;03;2023;7380701;1;1;01;17;1;275.57725954;17;1;1;3;1;6;1;1;1;2;1;1;3;1;1;1;1;1;1;3;3;;;;;700000;;1;;;;;1;;;;;1
20230311;03;2023;7380702;1;1;01;17;1;278.83364507;17;1;5;3;1;6;1;1;1;2;1;1;5;4;1;1;1;1;1;3;1;;;99;2000000;;;1;;;;;1;;;;;4
20230311;03;2023;7380704;1;1;01;17;1;260.91354715;17;1;1;4;1;6;1;1;1;2;1;1;4;3;1;1;1;1;1;3;3;;;;;1170000;;1;;;;;;;;;;3
20230311;03;2023;7380705;1;1;01;17;1;221.12372;17;2;1;4;1;2;1;1;1;2;1;1;4;3;1;1;1;1;1;3;1;;;99;600000;;;1;;;;;;;;;;3
20230311;03;2023;7380706;1;1;01;17;1;263.60087702;17;1;1;4;1;6;1;1;1;2;1;1;5;3;1;1;1;1;1;3;3;;;;;1990000;;1;;;;;;;;;;5
20230311;03;2023;7380707;1;1;01;17;1;234.54318978;17;2;4;3;1;3;1;1;1;2;1;1;6;5;1;1;1;1;1;3;3;;;;;600000;;;;;;;;;1;;;9
20230311;03;2023;7380708;1;1;01;17;1;229.55030365;17;2;1;4;1;3;1;1;1;2;1;1;4;3;1;1;1;1;1;3;3;;;;;600000;;1;;;;;1;;;;;4
20230311;03;2023;7380709;1;1;01;17;1;229.782606;17;1;1;4;1;3;1;1;1;2;1;1;4;3;1;1;1;1;1;3;1;;;250000000;700000;;;1;;;;;;;;;;5
20230311;03;2023;7380710;1;1;01;17;1;196.7521539;17;2;4;3;1;3;1;1;1;2;1;1;4;3;1;1;1;1;1;3;3;;;;;600000;;1;;;;;;;;;;4
20230311;03;2023;7380711;1;1;01;17;1;94.782472066;17;3;1;4;1;3;2;1;1;2;1;1;1;1;1;1;1;1;1;4;3;;;;;350000;;1;;;;;;;;;;1
20230311;03;2023;7380712;1;1;01;17;1;48.937940936;17;2;1;2;1;3;1;1;1;2;1;1;3;2;1;1;1;1;1;3;4;;;;600000;;;;;;;;;;1;;;3
20230311;03;2023;7380713;1;1;01;17;1;73.789125693;17;2;1;4;1;3;1;1;1;3;1;1;5;4;1;1;1;1;1;3;3;;;;;1000000;;1;;;;;1;;;;;5
20230311;03;2023;7380714;1;1;01;17;1;78.436989949;17;2;1;4;1;3;1;1;1;3;1;1;4;3;1;1;1;1;1;3;3;;;;;820000;;1;;;;1;;;;;;5
20230311;03;2023;7380716;1;1;01;17;1;206.3060643;17;2;1;4;1;1;1;1;1;2;1;1;4;3;1;1;1;1;1;3;2;;500000;98;500000;;;1;;;;;;;;;;4
20230311;03;2023;7380717;1;1;01;17;1;186.02468051;17;2;1;4;1;3;1;1;1;2;1;1;2;1;1;1;1;1;1;3;3;;;;;650000;;1;;;;;;;;;;1
20230311;03;2023;7380718;1;1;01;17;1;81.039955897;17;2;1;4;1;3;1;1;1;2;1;1;3;1;1;1;1;1;1;3;1;;;120000000;800000;;;1;;;;;1;;;;;1
20230311;03;2023;7380719;1;1;01;17;1;199.23155965;17;2;1;4;1;3;1;1;1;2;1;1;3;1;1;1;1;1;1;3;4;;;;700000;;;1;;;;;;;;;;2
20230311;03;2023;7380720;1;1;01;17;1;81.039955897;17;3;1;2;1;3;1;1;1;2;1;1;1;1;1;2;1;1;6;;3;;;;;200000;;;;;;;;;1;;;1
20230311;03;2023;7380721;1;1;01;17;1;206.68294466;17;2;1;4;1;3;1;1;1;2;1;1;1;1;1;1;1;1;1;3;3;;;;;450000;;1;;;;;;;;;;1
20230311;03;2023;7380722;1;1;01;17;1;206.73931015;17;2;1;4;1;1;1;1;1;2;1;1;3;2;1;1;1;1;1;3;1;;;120000000;600000;;;1;;;;;;;;;;5
20230311;03;2023;7380723;1;1;01;17;1;239.14168624;17;2;1;4;1;3;1;1;1;2;1;1;4;3;1;1;1;1;1;3;3;;;;;937500;;;;;;;;;1;;;7
20230311;03;2023;7380724;1;1;01;17;1;80.601963156;17;2;1;4;1;3;1;1;1;2;1;1;3;1;1;1;1;1;1;3;3;;;;;560000;;1;;;;;;;;;;2
20230311;03;2023;7380725;1;1;01;17;1;203.18427253;17;2;1;4;1;1;1;1;1;2;1;1;3;2;1;1;1;1;1;3;3;;;;;550000;;1;;;;;;;;;;4
20230311;03;2023;7380726;1;1;01;17;1;81.039955897;17;2;1;4;1;3;2;1;1;2;1;1;2;1;1;1;1;1;1;4;3;;;;;700000;;;;;;;;;1;;;1
20230311;03;2023;7380727;1;1;01;17;1;260.74635765;17;1;1;4;1;6;1;1;1;2;1;1;4;1;1;1;1;1;1;3;1;;;400000000;1500000;;;1;;;;;;;;;;2
20230311;03;2023;7380728;1;1;01;17;1;173.21438802;17;2;1;4;1;1;1;1;1;2;1;1;3;2;1;1;1;1;1;3;2;;480000;99;500000;;;1;;;;;;;;;;3
20230311;03;2023;7380729;1;1;01;17;1;60.801731173;17;2;1;2;1;3;1;1;1;2;1;1;5;4;1;1;1;1;1;3;6;;;;1200000;;;1;;;;1;1;;;;;5
20230311;03;2023;7380730;1;1;01;17;1;229.77794229;17;2;1;4;1;3;1;1;1;2;1;1;3;2;1;1;1;1;1;3;3;;;;;600000;;;;;;;;;1;;;3
20230311;03;2023;7380731;1;1;01;17;1;164.65762439;17;1;1;4;1;1;1;1;1;2;1;1;4;3;1;1;1;1;1;3;1;;;50000000;500000;;;1;;;;;;;;;;4
20230311;03;2023;7380732;1;1;01;17;1;199.89983981;17;1;1;4;1;1;1;1;1;2;1;1;3;2;1;1;1;1;1;3;4;;;;500000;;;;;;;;;;1;;;2
20230311;03;2023;7380733;1;1;01;17;1;256.328751;17;1;1;4;1;4;1;1;1;2;1;1;4;2;1;1;1;1;1;3;1;;;99;1500000;;;1;;;;;1;;;;;3
20230311;03;2023;7380735;1;1;01;17;1;181.3315945;17;2;1;4;1;1;1;1;1;2;1;1;2;1;1;1;1;1;1;3;3;;;;;380000;;1;;;;;;;;;;2
20230311;03;2023;7380736;1;1;01;17;1;181.3315945;17;2;1;4;1;1;1;1;1;2;1;1;3;1;1;1;1;1;1;3;1;;;50000000;450000;;;1;;;;;;;;;;2
20230311;03;2023;7380737;1;1;01;17;1;163.31440428;17;2;1;4;1;1;1;1;1;2;1;1;3;2;1;1;1;1;1;3;2;;230000;99;500000;;;1;;;;;;;;;;4
20230311;03;2023;7380738;1;1;01;17;1;223.26487931;17;2;1;4;1;3;1;1;1;2;1;1;3;2;1;1;1;1;1;3;3;;;;;600000;;1;;;;;;;;;;4
20230311;03;2023;7380739;1;1;01;17;1;173.69533189;17;1;1;4;1;1;1;1;1;2;1;1;3;2;1;1;1;1;1;3;1;;;98;500000;;;1;;;;;;;;;;2
20230311;03;2023;7380740;1;1;01;17;1;81.039955897;17;2;1;2;1;3;1;1;1;2;1;1;3;1;1;1;1;1;1;3;3;;;;;420000;;1;;;;;;;;;;1
20230311;03;2023;7380741;1;1;01;17;1;89.162748993;17;2;1;4;1;3;1;1;1;2;1;1;4;3;1;1;1;1;1;3;3;;;;;900000;;1;;;;;;;;;;3
20230311;03;2023;7380743;1;1;01;17;1;70.995779402;17;2;1;4;1;3;1;1;1;3;1;1;4;2;1;1;1;1;1;3;3;;;;;500000;;;;;;;;;1;;;3
20230311;03;2023;7380744;1;1;01;17;1;198.00426534;17;2;1;2;1;2;2;1;1;2;1;1;3;2;1;1;1;1;1;4;3;;;;;250000;;;;;;;;;1;;;2
20230311;03;2023;7380745;1;1;01;17;1;236.37348048;17;2;1;2;1;2;2;1;1;2;1;1;4;3;1;1;1;1;1;4;4;;;;700000;;;1;;;;1;1;;;;;4
20230311;03;2023;7380747;1;1;01;17;1;225.34174848;17;2;1;2;1;2;2;1;1;2;1;1;3;1;1;1;1;1;1;4;3;;;;;600000;;1;;;;;;;;;;4
20230311;03;2023;7380749;1;1;01;17;1;191.00953182;17;2;1;3;1;4;1;1;1;2;1;1;4;3;1;1;1;1;1;3;3;;;;;1000000;;1;;;;;1;;;;;3
20230311;03;2023;7380750;1;1;01;17;1;210.6783989;17;2;1;4;1;4;1;1;1;2;1;1;4;1;1;1;1;1;1;3;3;;;;;1200000;;1;;;;;;;;;;1
20230311;03;2023;7380751;1;1;01;17;1;210.6783989;17;2;1;4;1;4;1;1;1;2;1;1;4;1;1;1;1;1;1;3;3;;;;;800000;;1;;;;;;;;;;1
20230311;03;2023;7380752;1;1;01;17;1;189.58782465;17;2;1;4;1;4;1;1;1;2;1;1;4;2;1;1;1;1;1;3;4;;;;1000000;;;1;;;;;1;;;;;2
20230311;03;2023;7380753;1;1;01;17;1;199.73668909;17;2;1;4;1;4;1;1;1;2;1;1;4;2;1;1;1;1;1;3;3;;;;;900000;;1;;;;;;;;;;3
20230311;03;2023;7380754;1;1;01;17;1;207.236108;17;2;1;4;1;4;1;1;1;2;1;1;3;1;1;1;1;1;1;3;3;;;;;950000;;1;;;;;1;;;;;2
20230311;03;2023;7380755;1;1;01;17;1;244.75260267;17;2;1;4;1;4;1;1;1;2;1;1;4;3;1;1;1;1;1;3;3;;;;;950000;;1;;;;;1;;;;;4
20230311;03;2023;7380756;1;1;01;17;1;224.7723891;17;2;1;3;1;5;1;1;1;2;1;1;4;2;1;1;1;1;1;3;3;;;;;900000;;1;;;;;1;;;;;3
20230311;03;2023;7380757;1;1;01;17;1;216.95982773;17;2;1;4;1;4;1;1;1;2;1;1;4;3;1;1;1;1;1;3;3;;;;;1040000;;1;;;;;;;;;;4
20230311;03;2023;7380758;1;1;01;17;1;205.31268343;17;2;1;4;1;2;2;1;1;2;1;1;1;1;1;1;1;1;1;4;4;;;;250000;;;;;;;;;;1;;;1
20230311;03;2023;7380759;1;1;01;17;1;205.31268343;17;2;1;4;1;2;2;1;1;2;1;1;1;1;1;1;1;1;1;4;4;;;;350000;;;;;;;;;;1;;;1
20230311;03;2023;7380760;1;1;01;17;1;189.73548709;17;2;1;4;1;2;2;1;1;2;1;1;3;2;1;1;1;1;1;4;4;;;;500000;;;;;;;;;;1;;;2
20230311;03;2023;7380761;1;1;01;17;1;202.01642862;17;2;1;4;1;4;1;1;1;2;1;1;3;2;1;1;1;1;1;3;3;;;;;650000;;1;;;;;;;;;;3
20230311;03;2023;7380762;1;1;01;17;1;183.13628881;17;2;1;4;1;2;2;1;1;2;1;1;1;1;1;1;1;1;1;4;3;;;;;380000;;;;;;;;;1;;;1
20230311;03;2023;7380763;1;1;01;17;1;205.31268343;17;2;1;4;1;3;2;1;1;1;1;1;1;1;1;1;1;1;1;4;1;;;300000000;350000;;;;1;;;;;;;;;1
20230311;03;2023;7380764;1;1;01;17;1;188.34998902;17;3;1;4;1;2;2;1;1;2;1;1;1;1;1;1;1;1;1;4;1;;;99;300000;;;1;;;;;;;;;;1
20230311;03;2023;7380766;1;1;01;17;1;209.26648147;17;2;1;4;1;2;1;1;1;2;1;1;2;1;1;1;1;1;1;3;3;;;;;500000;;1;;;1;;1;;;;;1
20230311;03;2023;7380767;1;1;01;17;1;186.56386189;17;1;1;4;1;4;1;1;1;2;1;1;5;2;1;1;1;1;1;3;1;;;99;1200000;;;1;;;;;1;;;;;4
20230311;03;2023;7380768;1;1;01;17;1;182.00086323;17;2;1;4;1;2;1;1;1;2;1;1;3;2;1;1;1;1;1;3;4;;;;700000;;;1;;;;;;;;;;3
20230311;03;2023;7380769;1;1;01;17;1;333.0624822;17;1;1;4;1;2;1;1;1;2;1;1;10;6;1;1;1;1;1;3;3;;;;;1200000;;1;;;;;;;;;;10
20230311;03;2023;7380770;1;1;01;17;1;259.63140309;17;2;1;4;1;2;1;1;1;2;1;1;3;2;1;1;1;1;1;3;3;;;;;600000;;1;;;;;;;;;;4
20230311;03;2023;7380771;1;1;01;17;1;213.61452908;17;2;1;4;1;2;1;1;1;2;1;1;4;2;1;1;1;1;1;3;4;;;;160000000;;;1;;;;;;;;;;6
20230311;03;2023;7380772;1;1;01;17;1;206.89431194;17;2;1;4;1;2;1;1;1;2;1;1;3;1;1;1;1;1;1;3;1;;;200000000;500000;;;1;;;;;;;;;;2
20230311;03;2023;7380773;1;1;01;17;1;213.17272086;17;1;1;4;1;2;1;1;1;2;1;1;5;4;1;1;1;1;1;3;1;;;170000000;600000;;;1;;;;;;;;;;5
20230311;03;2023;7380774;1;1;01;17;1;224.66432545;17;2;1;4;1;2;1;1;1;2;1;1;3;2;1;1;1;1;1;3;1;;;150000000;700000;;;1;;;;1;;;;;;3
20230311;03;2023;7380775;1;1;01;17;1;246.11621196;17;2;1;4;1;2;1;1;1;2;1;1;3;2;1;1;1;1;1;3;1;;;250000000;650000;;;1;;;;;;;;;;4
20230311;03;2023;7380776;1;1;01;17;1;207.33035082;17;2;1;4;1;2;1;1;1;2;1;1;3;2;1;1;1;1;1;3;4;;;;450000;;;1;;;;;;;;;;2
20230311;03;2023;7380777;1;1;01;17;1;283.37734963;17;1;1;4;1;2;1;1;1;2;1;1;7;6;1;1;1;1;1;3;3;;;;;800000;;1;;;;;;;;;;8
20230311;03;2023;7380778;1;1;01;17;1;200.61987727;17;2;1;4;1;2;1;1;1;2;1;1;3;2;1;1;1;1;1;3;3;;;;;500000;;1;;;;;;;;;;3
20230311;03;2023;7380779;1;1;01;17;1;193.06612891;17;2;1;4;1;2;1;1;1;2;1;1;3;2;1;1;1;1;1;3;3;;;;;500000;;1;;;;;;;;;;2
20230311;03;2023;7380780;1;1;01;17;1;156.61408825;17;2;1;4;1;4;1;1;1;2;1;1;4;2;1;1;1;1;1;3;1;;;2000000;1100000;;;1;;;;;;;;;;3
20230311;03;2023;7380781;1;1;01;17;1;185.427586;17;2;1;4;1;2;1;1;1;2;1;1;2;2;1;1;1;1;1;3;4;;;;600000;;;1;;;;;;;;;;3
20230311;03;2023;7380782;1;1;01;17;1;185.57031549;17;2;1;4;1;2;1;1;1;2;1;1;3;2;1;1;1;1;1;3;3;;;;;600000;;1;;;;;;;;;;3
20230311;03;2023;7380785;1;1;01;18;1;65.689204003;18;1;1;2;1;1;1;1;1;2;1;1;2;2;1;1;1;1;1;3;4;;;;150000;;;1;;;;;;;;;;6
20230311;03;2023;7380786;1;1;01;18;1;54.880290156;18;1;1;4;1;1;1;1;1;2;1;1;2;1;1;1;1;1;1;3;5;;;;350000;;;;;;;;;;1;;;1
20230311;03;2023;7380787;1;1;01;18;1;54.880290156;18;1;1;2;1;1;1;1;1;1;1;1;3;1;1;1;1;1;1;3;5;;;;150000;;;;;;;;;;1;;;1
20230311;03;2023;7380788;1;1;01;18;1;64.095118778;18;1;1;2;1;1;1;1;1;2;1;1;2;2;1;1;1;1;1;3;1;;;3000000;250000;;;;;;;;;;1;;;2
20230311;03;2023;7380789;1;1;01;18;1;50.993409766;18;1;1;2;1;1;2;1;1;2;1;1;3;1;1;1;1;1;1;4;3;;;;;300000;;;;;;;;;1;;;1
20230311;03;2023;7380790;1;1;01;18;1;57.76109662;18;1;1;2;1;1;1;1;1;2;1;1;1;1;1;1;1;1;1;3;1;;;4000000;200000;;;;;;;;;;1;;;2
20230311;03;2023;7380791;1;1;01;18;1;86.264494403;18;2;1;2;1;1;2;1;1;2;1;1;3;1;1;1;1;1;6;;3;;;;;130000;;;;;;;;;1;;;2
20230311;03;2023;7380793;1;1;01;18;1;57.255202601;18;2;1;4;1;2;1;1;1;2;1;1;3;1;1;1;1;1;1;3;1;;;11000000;5000000;;;;;;;;;;1;;;1
20230311;03;2023;7380794;1;1;01;18;1;73.61251198;18;1;1;4;1;2;1;1;1;2;1;1;2;2;1;1;1;1;1;3;3;;;;;300000;;;;;;;;;1;;;3
20230311;03;2023;7380796;1;1;01;18;1;139.60146513;18;1;1;3;1;1;2;1;1;2;1;1;1;1;1;1;1;1;1;5;5;;;;98;;;;;;;;;;1;;;4
20230311;03;2023;7380797;1;1;01;18;1;84.721447929;18;1;1;2;1;1;1;1;1;2;1;1;2;1;1;1;1;1;1;3;5;;;;150000;;;;;;;;;;1;;;1
20230311;03;2023;7380798;1;1;01;18;1;127.26158501;18;1;2;2;1;1;2;1;1;2;1;1;2;1;1;1;1;1;3;4;5;;;;150000;;;1;;;;;;;;;;3
20230311;03;2023;7380799;1;1;01;18;1;126.2709512;18;1;1;4;1;1;1;1;1;2;1;1;3;1;1;1;1;1;3;3;3;;;;;250000;;;;;;;;;1;;;2
20230311;03;2023;7380801;1;1;01;18;1;77.09266801;18;2;1;4;1;2;1;1;1;2;1;1;2;1;1;1;1;1;3;3;4;;;;99;;;;;;;;;;1;;;3
20230311;03;2023;7380802;1;1;01;18;1;47.562918136;18;1;1;4;1;2;1;1;1;2;1;1;3;1;1;1;1;1;3;3;1;;;99;99;;;;;;;;;;1;;;1
20230311;03;2023;7380803;1;1;01;18;1;46.797330994;18;2;1;4;1;1;1;1;1;2;1;1;3;2;1;1;1;1;3;3;3;;;;;350000;;;;;;;;;1;;;3
20230311;03;2023;7380804;1;1;01;18;1;50.993409766;18;1;1;4;1;1;1;1;1;2;1;1;2;1;1;1;1;1;3;3;3;;;;;150000;;;;;;;;;1;;;1
20230311;03;2023;7380806;1;1;01;18;1;57.27380388;18;1;1;4;1;1;1;1;1;2;1;1;4;3;1;1;1;1;3;3;1;;;99;99;;;;;;;;;;1;;;6
20230311;03;2023;7380808;1;1;01;18;1;70.61132745;18;1;1;4;1;1;1;1;1;2;1;1;3;1;1;1;1;1;3;3;4;;;;99;;;;;;;;;;1;;;2
20230311;03;2023;7380809;1;1;01;18;1;70.18873186;18;1;1;4;1;1;1;1;1;2;1;1;3;2;1;1;1;1;3;3;3;;;;;200000;;;;;;;;;1;;;4
20230311;03;2023;7380810;1;1;01;18;1;97.938870854;18;1;1;4;1;1;1;1;1;2;1;1;3;2;1;1;1;1;3;3;3;;;;;350000;;1;;;;;;;;;;2
20230311;03;2023;7380811;1;1;01;18;1;101.54198816;18;1;1;2;1;1;1;1;1;2;1;1;3;2;1;1;1;1;3;3;4;;;;200000;;;;;;;;;;1;;;4
20230311;03;2023;7380812;1;1;01;18;1;85.829063772;18;2;1;4;1;1;1;1;1;2;1;1;1;1;1;1;1;1;1;3;3;;;;;400000;;;;;;;;;1;;;1
20230311;03;2023;7380813;1;1;01;18;1;66.692185502;18;2;1;4;1;1;1;1;1;2;1;1;2;1;1;1;1;1;1;3;3;;;;;350000;;1;;;;1;;;;;;2
20230311;03;2023;7380815;1;1;01;18;1;62.517830487;18;2;1;4;1;2;1;1;1;2;1;1;3;1;1;1;1;1;3;3;3;;;;;300000;;;;;;;;;1;;;1
20230311;03;2023;7380817;1;1;01;18;1;133.29135832;18;1;1;2;1;1;2;1;1;2;1;1;4;2;1;1;1;1;3;4;3;;;;;300000;;;;;;;;;1;;;3
20230311;03;2023;7380818;1;1;01;18;1;98.946839613;18;1;8;1;1;1;2;1;1;2;1;1;2;1;1;1;1;1;1;4;5;;;;100000;;;;;;;;;;1;;;2
20230311;03;2023;7380819;1;1;01;18;1;109.06483139;18;1;1;2;1;1;2;1;1;2;1;1;3;2;1;1;1;1;1;4;3;;;;;180000;;;;;;;;;1;;;5
20230311;03;2023;7380820;1;1;01;18;1;64.095118778;18;1;1;4;1;1;1;1;1;2;1;1;3;2;1;1;1;1;1;3;4;;;;180000;;;;;;;;;;1;;;2
20230311;03;2023;7380821;1;1;01;18;1;54.880290156;18;1;1;4;1;1;1;1;1;2;1;1;3;1;1;1;1;1;1;3;1;;;99;250000;;;;;;;;;;1;;;1
20230311;03;2023;7380822;1;1;01;18;1;66.063695309;18;1;1;4;1;1;1;1;1;2;1;1;3;1;1;1;1;1;1;3;7;VIVIENDA FAMILIAR;;;250000;;;;;;;;;;1;;;1
20230311;03;2023;7380823;1;1;01;18;1;85.829063772;18;2;1;4;1;1;1;1;1;2;1;1;2;1;1;1;1;1;1;3;3;;;;;500000;;1;;;;;;;;;;1
20230311;03;2023;7380824;1;1;01;18;1;52.322250416;18;1;1;4;1;1;1;1;1;2;1;1;3;2;1;1;1;1;1;3;1;;;99;300000;;;1;;;;;;;;;;2
20230311;03;2023;7380827;1;1;01;18;1;62.517830487;18;2;1;4;1;2;1;1;1;7;1;1;2;1;1;1;1;1;1;3;3;;;;;300000;;1;;;;;;;;;;1
20230311;03;2023;7380828;1;1;01;18;1;57.255202601;18;2;1;4;1;2;1;1;1;7;1;1;3;1;1;1;1;1;1;3;3;;;;;500000;;1;;;;;;;;;;1
20230311;03;2023;7380829;1;1;01;18;1;47.562918136;18;2;1;2;1;2;1;1;1;7;1;1;3;1;1;1;1;1;1;3;3;;;;;350000;;;;;;;;;1;;;1
20230311;03;2023;7380830;1;1;01;18;1;88.003056404;18;1;1;2;1;2;1;1;1;7;1;1;3;2;1;1;1;1;1;3;3;;;;;350000;;;;;;1;;;;;;4
20230311;03;2023;7380831;1;1;01;18;1;146.08430099;18;1;1;4;1;1;1;1;1;2;1;1;4;2;1;1;1;1;3;3;1;;;80000000;350000;;;1;;;;1;;;;;;3
20230311;03;2023;7380832;1;1;01;18;1;151.93865475;18;2;1;4;1;1;1;1;1;2;1;1;3;2;1;1;1;1;3;3;4;;;;99;;;;;;;;;;1;;;4
20230311;03;2023;7380833;1;1;01;18;1;102.61901954;18;1;1;4;1;1;1;1;1;2;1;1;2;1;1;1;1;1;3;3;3;;;;;300000;;1;;;;1;;;;;;2
20230311;03;2023;7380834;1;1;01;18;1;51.529682341;18;1;1;4;1;1;1;1;1;2;1;1;3;1;1;1;1;1;3;3;4;;;;400000;;;;;;;;;;1;;;1
20230311;03;2023;7380835;1;1;01;18;1;85.530556052;18;1;1;4;1;1;1;1;1;2;1;1;3;2;1;1;1;1;3;3;3;;;;;380000;;;;;;;;;1;;;3
20230311;03;2023;7380836;1;1;01;18;1;67.347212624;18;1;1;4;1;1;1;1;1;2;1;1;3;2;1;1;1;1;3;3;3;;;;;400000;;1;;;;1;;;;;;3
20230311;03;2023;7380837;1;1;01;18;1;36.059625477;18;2;1;4;1;1;1;1;1;2;1;1;2;1;1;1;1;1;3;3;4;;;;99;;;;;;;;;;1;;;1
20230311;03;2023;7380838;1;1;01;18;1;61.001321042;18;1;1;4;1;1;1;1;1;2;1;1;2;1;1;1;1;1;3;3;1;;;99;300000;;;;;;;;;;1;;;2
20230311;03;2023;7380839;1;1;01;18;1;60.693409381;18;1;1;4;1;1;1;1;1;2;1;1;3;2;1;1;1;1;3;3;3;;;;;400000;;;;;;;;;1;;;1
20230311;03;2023;7380841;1;1;01;18;1;49.163869197;18;1;1;4;1;1;1;1;1;2;1;1;3;2;1;1;1;1;1;3;2;;300000;99;250000;;;;;;;;;;1;;;3
20230311;03;2023;7380842;1;1;01;18;1;73.260178839;18;2;1;2;1;1;1;1;1;2;1;1;3;2;1;1;1;1;1;3;3;;;;;300000;;1;;;;;;;;;;2
20230311;03;2023;7380843;1;1;01;18;1;80.118120604;18;1;1;2;1;1;1;1;1;2;1;1;3;2;1;1;1;1;1;3;3;;;;;300000;;;;;;;;;1;;;5
20230311;03;2023;7380845;1;1;01;18;1;151.93865475;18;2;1;4;1;1;1;1;1;2;1;1;3;2;1;1;1;1;1;3;3;;;;;250000;;;;;;;;;1;;;4
20230311;03;2023;7380846;1;1;01;18;1;107.93889576;18;1;1;4;1;1;1;1;1;2;1;1;3;2;1;1;1;1;1;3;3;;;;;400000;;;;;;;;;1;;;5
20230311;03;2023;7380847;1;1;01;18;1;151.93865475;18;1;1;4;1;1;1;1;1;2;1;1;3;2;1;1;1;1;1;3;7;VIVIENDA FAMILIAR;;;350000;;;;;;;;;;1;;;4
20230311;03;2023;7380848;1;1;01;18;1;36.844521077;18;2;1;4;1;1;1;1;1;2;1;1;4;3;1;1;1;1;1;3;1;;;99;700000;;;1;;;;;;;;;;3
20230311;03;2023;7380849;1;1;01;18;1;42.375181187;18;2;1;4;1;1;1;1;1;2;1;1;3;2;1;1;1;1;1;3;3;;;;;210000;;;;;;;;;1;;;1
20230311;03;2023;7380850;1;1;01;18;1;59.827211873;18;1;1;4;1;1;1;1;1;2;1;1;3;2;1;1;1;1;1;3;3;;;;;550000;;1;;;;;;;;;;4
20230311;03;2023;7380851;1;1;01;18;1;44.168299149;18;1;1;4;1;1;1;1;1;2;1;1;3;2;1;1;1;1;1;3;3;;;;;160000;;;;;;;;;1;;;1
20230311;03;2023;7380852;1;1;01;18;1;47.652904711;18;1;1;4;1;1;1;1;1;2;1;1;5;2;1;1;1;1;1;3;3;;;;;500000;;1;;;;;;;;;;2
20230311;03;2023;7380853;1;1;01;18;1;33.791467085;18;1;1;2;1;1;1;1;1;2;1;1;3;2;1;1;1;1;1;3;4;;;;200000;;;;;;;;;;1;;;6
20230311;03;2023;7380855;1;1;01;18;1;94.287140727;18;1;1;2;1;1;1;1;1;2;1;1;4;2;1;1;1;1;3;3;4;;;;200000;;;;;;;;;;1;;;2
20230311;03;2023;7380856;1;1;01;18;1;135.20073561;18;1;1;4;1;1;1;1;1;2;1;1;3;2;1;1;1;1;3;3;1;;;40000000;400000;;;;;;;1;;;;;;3
20230311;03;2023;7380857;1;1;01;18;1;61.572516374;18;2;1;4;1;1;1;1;1;2;1;1;4;3;1;1;1;1;3;3;3;;;;;600000;;1;;;;;;;;;;4
20230311;03;2023;7380859;1;1;01;18;1;38.160655101;18;2;1;4;1;1;1;1;1;2;1;1;3;2;1;1;1;1;3;3;3;;;;;450000;;1;;;;;;;;;;2
20230311;03;2023;7380860;1;1;01;18;1;56.266047438;18;2;1;2;1;1;2;1;1;2;1;1;2;1;1;1;1;1;6;;3;;;;;200000;;;;;;;;;1;;;1
20230311;03;2023;7380861;1;1;01;18;1;64.53712282;18;1;1;4;1;1;1;1;1;2;1;1;3;2;1;1;1;1;1;3;1;;;70000000;400000;;;;;;;;;;1;;;2
20230311;03;2023;7380862;1;1;01;18;1;49.257129382;18;1;1;4;1;1;1;1;1;2;1;1;3;1;1;1;1;1;1;3;3;;;;;320000;;;;;;;;;1;;;2
20230311;03;2023;7380863;1;1;01;18;1;151.93865475;18;1;1;2;1;1;1;1;1;2;1;1;2;2;1;1;1;1;1;3;3;;;;;400000;;;;;;1;;;;;;4
20230311;03;2023;7380864;1;1;01;18;1;149.42643572;18;2;1;4;1;1;1;1;1;2;1;1;3;3;1;1;1;1;1;3;2;;1300000;12000000;400000;;;;;1;;;;;;;;3
20230311;03;2023;7380865;1;1;01;18;1;104.15456801;18;1;1;2;1;1;1;1;1;2;1;1;2;1;1;1;1;1;1;3;1;;;10000000;500000;;;;;;;;;;1;;;2
20230311;03;2023;7380866;1;1;01;18;1;36.844521077;18;1;1;4;1;1;1;1;1;2;1;1;4;2;1;1;1;1;1;3;1;;;10000000;5000000;;;;;;;;;;1;;;3
20230311;03;2023;7380867;1;1;01;18;1;54.993676993;18;1;1;4;1;1;1;1;1;2;1;1;4;3;1;1;1;1;1;3;3;;;;;550000;;1;;;;1;;;;;;3
20230311;03;2023;7380868;1;1;01;18;1;44.168299149;18;2;1;2;1;1;1;1;1;2;1;1;1;1;1;1;1;1;1;3;3;;;;;380000;;;;;;;;;1;;;1
20230311;03;2023;7380870;1;1;01;18;1;135.03412964;18;1;1;4;1;1;1;1;1;2;1;1;4;2;1;1;1;1;1;3;4;;;;500000;;;1;;;;;;;;;;3
20230311;03;2023;7380871;1;1;01;18;1;158.24825842;18;2;1;4;1;2;1;1;1;2;1;1;4;1;1;1;1;1;1;3;1;;;160000000;400000;;;;;;;;;;1;;;1
20230311;03;2023;7380872;1;1;01;18;1;178.46328871;18;1;1;4;1;1;1;1;1;3;1;1;4;2;1;1;1;1;1;3;1;;;180000000;400000;;;1;;;;;;;;;;2
20230311;03;2023;7380874;1;1;01;18;1;112.39520256;18;1;1;4;1;1;1;1;1;3;1;1;4;1;1;1;1;1;1;3;3;;;;;400000;;1;;;;;;;;;;1
20230311;03;2023;7380875;1;1;01;18;1;118.01496269;18;2;1;4;1;2;1;1;1;2;1;1;4;1;1;1;1;1;1;3;3;;;;;450000;;1;;;;;;;;;;1
20230311;03;2023;7380876;1;1;01;18;1;116.83643625;18;1;1;4;1;2;1;1;1;2;1;1;5;3;1;1;1;1;1;3;1;;;180000000;500000;;;1;;;;;;;;;;5
20230311;03;2023;7380879;1;1;01;18;1;114.93986599;18;2;1;4;1;2;1;1;1;2;1;1;4;2;1;1;1;1;1;3;3;;;;;450000;;1;;;;;;;;;;3
20230311;03;2023;7380880;1;1;01;18;1;56.079236913;18;1;1;4;1;1;1;1;1;2;1;1;4;2;1;1;1;1;1;3;3;;;;;350000;;1;;;;;;;;;;3
20230311;03;2023;7380882;1;1;01;18;1;83.323654411;18;2;1;4;1;1;1;1;1;2;1;1;3;1;1;1;1;1;1;3;4;;;;300000;;;;;;;;;;1;;;2
20230311;03;2023;7380883;1;1;01;18;1;88.482977869;18;1;1;2;1;1;1;1;1;2;1;1;3;2;1;1;1;1;1;3;4;;;;300000;;;;;;;;;;1;;;4
20230311;03;2023;7380884;1;1;01;18;1;121.38681876;18;2;1;4;1;1;1;1;1;2;1;1;3;1;1;1;1;1;1;3;3;;;;;750000;;1;;;;;;;;;;1
20230311;03;2023;7380885;1;1;01;18;1;125.58887801;18;1;1;2;1;1;1;1;1;2;1;1;3;1;1;1;1;1;1;3;3;;;;;300000;;;;;;;;;1;;;2
20230311;03;2023;7380886;1;1;01;18;1;75.479055434;18;1;1;4;1;2;1;1;1;2;1;1;4;4;1;1;1;1;1;3;4;;;;500000;;;1;;;;;;;;;;5
20230311;03;2023;7380887;1;1;01;18;1;105.1859107;18;2;1;4;1;2;1;1;1;2;1;1;3;2;1;1;1;1;1;3;4;;;;300000;;;1;;;;;;;;;;4
20230311;03;2023;7380888;1;1;01;18;1;94.63899906;18;2;1;4;1;2;1;1;1;2;1;1;3;2;1;1;1;1;1;3;3;;;;;270000;;;;;;;;;1;;;4
20230311;03;2023;7380890;1;1;01;18;1;81.269932986;18;2;1;4;1;1;1;1;1;2;1;1;3;2;1;1;1;1;1;3;3;;;;;350000;;1;;;;;;;;;;3
20230311;03;2023;7380892;1;1;01;18;1;140.60866682;18;1;1;4;1;2;1;1;1;2;1;1;3;1;1;1;1;1;1;3;4;;;;600000;;;1;;;;;;;;;;2
20230311;03;2023;7380893;1;1;01;18;1;190.42437064;18;1;1;4;1;2;1;1;1;2;1;1;3;2;1;1;1;1;1;3;3;;;;;500000;;1;;;;;;;;;;4
20230311;03;2023;7380894;1;1;01;18;1;209.12661754;18;2;1;4;1;2;1;1;1;2;1;1;2;2;1;1;1;1;6;;3;;;;;200000;;1;;;;;;;;;;2
20230311;03;2023;7380895;1;1;01;18;1;167.5448244;18;2;1;4;1;2;1;1;1;2;1;1;4;3;1;1;1;1;1;3;3;;;;;750000;;1;;;;;;;;;;6
20230311;03;2023;7380896;1;1;01;18;1;133.09061591;18;2;1;2;1;2;1;1;1;2;1;1;3;2;1;1;1;1;1;3;3;;;;;400000;;1;;;;;;;;;;3
20230311;03;2023;7380899;1;1;01;18;1;54.930790427;18;2;1;2;1;2;2;1;1;2;1;1;1;1;1;1;1;1;1;4;1;;;1200000;350000;;;;;;;;;;1;;;1
20230311;03;2023;7380900;1;1;01;19;1;162.56201185;19;1;1;4;1;1;2;1;1;3;1;1;3;1;1;1;1;1;1;4;5;;;;400000;;;;;;;;;;1;;;5
20230311;03;2023;7380901;1;1;01;19;1;130.78631465;19;1;1;2;1;1;2;1;1;3;1;1;5;4;1;1;1;1;1;4;5;;;;400000;;;;;;;;;;1;;;4
20230311;03;2023;7380902;1;1;01;19;1;194.35977355;19;1;1;4;1;4;1;1;1;3;1;1;4;2;1;1;1;1;1;3;1;;;400000000;1500000;;;1;;;;1;;;;;;3
20230311;03;2023;7380903;1;1;01;19;1;137.72416204;19;1;1;4;1;4;1;1;1;3;1;1;4;1;1;1;1;1;1;3;1;;;300000000;1000000;;;1;;;;;;;;;;1
20230311;03;2023;7380904;1;1;01;19;1;121.92812928;19;1;1;4;1;2;1;1;1;3;1;2;3;2;1;1;1;1;1;3;4;;;;700000;;;;;;;;;;1;;;3
20230311;03;2023;7380904;2;2;01;19;1;121.92812928;19;1;1;4;1;2;1;1;1;3;1;2;3;3;1;1;1;1;1;3;4;;;;600000;;;;;;;;1;;;;;3
20230311;03;2023;7380908;1;1;01;19;1;257.85508025;19;1;1;4;1;2;1;1;1;3;1;1;5;1;1;1;1;1;1;3;1;;;200000000;900000;;;1;;;;;;;;;;1
20230311;03;2023;7380909;1;1;01;19;1;189.50077921;19;1;1;4;1;2;1;1;1;3;1;1;4;2;1;1;1;1;1;3;2;;700000;98;1000000;;;1;;;;;;;;;;3
20230311;03;2023;7380910;1;1;01;19;1;147.1828116;19;1;1;4;1;4;1;1;1;3;1;1;5;3;1;1;1;1;1;3;1;;;98;1000000;;;1;;;;1;;;;;;5
20230311;03;2023;7380912;1;1;01;19;1;147.26507445;19;1;1;4;1;3;1;1;1;3;1;1;3;2;1;1;1;1;1;3;3;;;;;350000;;;;;;;;;1;;;2
20230311;03;2023;7380913;1;1;01;19;1;63.43685131;19;1;1;4;1;3;1;1;1;3;1;1;8;4;1;1;1;1;1;3;1;;;98;1500000;;;;;;;;;;1;;;5
20230311;03;2023;7380915;1;1;01;19;1;188.21298804;19;1;1;4;1;1;2;1;1;3;1;1;4;3;1;1;1;1;1;4;4;;;;500000;;;;;;;;;;1;;;4
20230311;03;2023;7380916;1;1;01;19;1;173.06624588;19;1;5;2;1;1;2;1;1;3;1;1;3;2;1;1;1;1;1;4;3;;;;;300000;;;;;;;;;1;;;3
20230311;03;2023;7380918;1;1;01;19;1;110.68593945;19;2;1;4;1;3;2;1;1;3;1;1;3;2;1;1;1;1;1;4;6;;;;800000;;;;;;;;;;1;;;2
20230311;03;2023;7380919;1;1;01;19;1;263.90071746;19;1;1;4;1;1;2;1;1;3;1;1;4;1;1;1;1;1;1;4;1;;;98;300000;;;;;;;;;;1;;;2
20230311;03;2023;7380921;1;1;01;19;1;75.429701972;19;1;1;4;1;4;1;1;1;3;1;1;5;5;1;1;1;1;1;3;1;;;99;99;;;1;;;;;;;;;;5
20230311;03;2023;7380922;1;1;01;19;1;85.939877113;19;1;1;4;1;4;1;1;1;3;1;1;6;1;1;1;1;1;1;3;1;;;98;1200000;;;1;;;;;;;;;;1
20230311;03;2023;7380923;1;1;01;19;1;181.96147819;19;1;1;2;1;1;2;1;1;3;1;1;3;2;1;1;1;1;1;4;3;;;;;330000;;;;;;;;1;;;CUENTA A LA MANO;6
20230311;03;2023;7380924;1;1;01;19;1;46.39952553;19;1;1;4;1;3;2;1;1;3;1;1;5;4;1;1;1;1;1;4;6;;;;1200000;;;;;;;1;;;;;;4
20230311;03;2023;7380925;1;1;01;19;1;233.35732525;19;1;1;4;1;1;2;1;1;3;1;1;5;2;1;1;1;1;1;4;3;;;;;350000;;;;;;;;;1;;;3
20230311;03;2023;7380926;1;1;01;19;1;128.17661943;19;1;1;2;1;1;2;1;1;3;1;1;4;3;1;1;1;1;1;4;1;;;98;400000;;;;;;;;;;1;;;3
20230311;03;2023;7380927;1;1;01;19;1;92.080367667;19;1;1;4;1;3;1;1;1;3;1;1;7;3;1;1;1;1;3;3;1;;;200000000;2000000;;;1;;;1;;1;;;;;4
20230311;03;2023;7380928;1;1;01;19;1;189.18805313;19;1;1;2;1;1;2;1;1;3;1;1;4;3;1;1;1;1;1;4;1;;;98;300000;;;;;;;;;;1;;;5
20230311;03;2023;7380929;1;1;01;19;1;46.39952553;19;1;1;4;1;4;1;1;1;3;1;1;7;2;1;1;1;1;1;3;1;;;500000000;1000000;;;1;;;;1;;;;;;2
20230311;03;2023;7380930;1;1;01;19;1;46.39952553;19;1;1;4;1;3;1;1;1;3;1;1;3;2;1;1;1;1;1;3;1;;;99;900000;;;1;;;;;;;;;;2
20230311;03;2023;7380932;1;1;01;19;1;127.30548052;19;1;1;4;1;4;1;1;1;3;1;1;4;3;1;1;1;1;3;3;1;;;350000000;1100000;;;1;;;;1;1;;;;;4
20230311;03;2023;7380933;1;1;01;19;1;100.4973167;19;1;1;4;1;3;1;1;1;3;1;1;6;5;1;1;1;1;1;3;2;;300000;100000000;1200000;;;1;;1;;;;;;;;8
20230311;03;2023;7380935;1;1;01;19;1;63.43685131;19;2;1;4;1;3;1;1;1;3;1;1;4;2;1;1;1;1;1;3;4;;;;700000;;;1;;;;1;1;;;;;2
20230311;03;2023;7380940;1;1;01;19;1;247.65159925;19;2;1;4;1;4;1;1;1;3;1;1;2;1;1;1;1;1;1;3;4;;;;800000;;;1;;;;;;;;;;1
20230311;03;2023;7380941;1;1;01;19;1;147.31813973;19;1;1;4;1;3;1;1;1;3;1;1;4;3;1;1;1;1;1;3;3;;;;;880000;;1;;;;;1;;;;;4
20230311;03;2023;7380942;1;1;01;19;1;201.97174216;19;2;1;4;1;4;1;1;1;3;1;1;3;1;1;1;1;1;3;3;2;;600000;300000000;1200000;;;1;;1;;;1;;;;;2
20230311;03;2023;7380943;1;1;01;19;1;152.42963873;19;2;1;4;1;2;1;1;1;3;1;1;3;1;1;1;1;1;1;3;3;;;;;500000;;1;;;;;;;;;;1
20230311;03;2023;7380944;1;1;01;19;1;63.43685131;19;1;1;4;1;3;1;1;1;3;1;1;4;3;1;1;1;1;1;3;3;;;;;1000000;;1;;;;;;;;;;5
20230311;03;2023;7380945;1;1;01;19;1;150.94615381;19;1;1;4;1;3;1;1;1;3;1;1;5;3;1;1;1;1;1;3;3;;;;;750000;;;;;;;;;1;;;5
20230311;03;2023;7380946;1;1;01;19;1;72.60633409;19;2;1;4;1;3;1;1;1;3;1;1;4;3;1;1;1;1;6;;3;;;;;520000;;;;;;;;;1;;;4
20230311;03;2023;7380947;1;1;01;19;1;84.083478645;19;2;1;4;1;3;1;1;1;3;1;1;3;2;1;1;1;1;1;3;3;;;;;650000;;;;;;;;;1;;;2
20230311;03;2023;7380948;1;1;01;19;1;84.083478645;19;2;1;4;1;3;1;1;1;3;1;1;3;2;1;1;1;1;1;3;3;;;;;726100;;1;;;;;;;;;;2
20230311;03;2023;7380949;1;1;01;19;1;98.560612828;19;2;1;4;1;3;1;1;1;6;1;1;5;3;1;1;1;1;3;3;3;;;;;830000;;1;;1;;;;;;;;4
20230311;03;2023;7380950;1;1;01;19;1;102.43136037;19;2;1;4;1;3;1;1;1;3;1;1;4;3;1;1;1;1;1;3;1;;;140000000;650000;;;;;;;;1;;;;;4
20230311;03;2023;7380952;1;1;01;19;1;131.06868279;19;1;1;4;1;4;1;1;1;3;1;1;4;2;1;1;1;1;1;3;1;;;99;1200000;;;1;;;;;;;;;;5
20230311;03;2023;7380953;1;1;01;19;1;134.28105799;19;2;1;4;1;3;2;1;1;3;1;1;4;3;1;1;1;1;1;4;3;;;;;950000;;1;;;;1;1;;;;;1
20230311;03;2023;7380954;1;1;01;19;1;81.349706168;19;1;1;4;1;2;1;1;1;3;1;1;4;3;1;1;1;1;1;3;1;;;300000000;700000;;;;;;;;;;1;;;4
20230311;03;2023;7380956;1;1;01;19;1;147.38949494;19;1;1;4;1;3;1;1;1;3;1;1;4;2;1;1;1;1;1;3;3;;;;;500000;;1;;;;;;;;;;3
20230311;03;2023;7380957;1;1;01;19;1;137.17238252;19;2;1;4;1;2;1;1;1;3;1;1;2;1;1;1;1;1;1;3;3;;;;;300000;;;;;;;;;1;;;1
20230311;03;2023;7380958;1;1;01;19;1;62.939616161;19;1;1;4;1;2;2;1;1;3;1;1;4;3;1;1;1;1;1;4;3;;;;;500000;;1;;;;;;;;;;5
20230311;03;2023;7380965;1;1;01;19;1;274.57096444;19;1;1;2;1;1;2;1;1;3;1;1;3;1;1;1;1;1;1;4;4;;;;98;;;;;;;;;;1;;;1
20230311;03;2023;7380966;1;1;01;19;1;201.42158698;19;1;1;2;1;1;2;1;1;3;1;1;4;2;1;1;1;1;1;4;5;;;;600000;;;;;;;;;;1;;;1
20230311;03;2023;7380967;1;1;01;19;1;88.976362877;19;2;1;4;1;1;2;1;1;3;1;1;5;4;1;1;1;1;1;4;1;;;30000000;300000;;;1;;;;;;;;;;7
20230311;03;2023;7380968;1;1;01;19;1;109.86632017;19;1;1;4;1;1;1;1;1;3;1;1;4;1;1;1;1;1;1;3;1;;;140000000;400000;;;1;;;;;;;;;;1
20230311;03;2023;7380970;1;1;01;19;1;155.57155016;19;2;1;4;1;1;1;1;1;3;1;1;3;2;1;1;1;1;1;3;1;;;100000000;500000;;;1;;;;;1;;;;;3
20230311;03;2023;7380971;1;1;01;19;1;109.86632017;19;1;1;4;1;1;1;1;1;3;1;1;3;1;1;1;1;1;1;3;1;;;150000000;350000;;;1;;;;1;;;;;;1
20230311;03;2023;7380972;1;1;01;19;1;74.871210478;19;2;1;4;1;1;1;1;1;3;1;1;3;2;1;1;1;1;1;3;1;;;98;700000;;;;;;;;;;1;;;4
20230311;03;2023;7380973;1;1;01;19;1;106.46338449;19;1;1;4;1;1;1;1;1;3;1;1;3;2;1;1;1;1;1;3;1;;;150000000;500000;;;;;;;1;;;;;;3
20230311;03;2023;7380974;1;1;01;19;1;156.88871904;19;1;1;4;1;3;1;1;1;3;1;1;5;3;1;1;1;1;1;3;2;;1800000;300000000;1100000;;;1;;1;;1;1;;;;;4
20230311;03;2023;7380975;1;1;01;19;1;134.28105799;19;1;1;4;1;2;1;1;1;3;1;1;6;1;1;1;1;1;1;3;4;;;;500000;;;1;;;;1;;;;;;1
20230311;03;2023;7380976;1;1;01;19;1;72.499258641;19;1;1;4;1;2;1;1;1;3;1;1;3;2;1;1;1;1;1;3;3;;;;;98;;1;;;;;;;;;;4
20230311;03;2023;7380978;1;1;01;19;1;162.62343452;19;1;1;4;1;4;2;1;1;3;1;1;5;4;1;1;1;1;1;4;3;;;;;1000000;;1;;;;;;;;;;5
20230311;03;2023;7380980;1;1;01;19;1;104.0975315;19;1;1;4;1;4;2;1;1;3;1;1;4;3;1;1;1;1;1;4;1;;;99;1500000;;;1;;;;;;;;;;3
20230311;03;2023;7380981;1;1;01;19;1;147.88900448;19;2;1;4;1;2;2;1;1;3;1;1;4;2;1;1;1;1;1;4;1;;;150000000;500000;;;;;;;;;;1;;;3
20230311;03;2023;7380982;1;1;01;19;1;171.10324798;19;2;1;4;1;4;2;1;1;3;1;2;3;2;1;1;1;1;1;4;1;;;500000000;600000;;;1;;;;;;;;;;2
20230311;03;2023;7380982;2;2;01;19;1;171.10324798;19;2;1;4;1;4;2;1;1;3;1;2;3;2;1;1;1;1;1;4;4;;;;600000;;;1;;;;;;;;;;3
20230311;03;2023;7380983;1;1;01;19;1;148.06610445;19;1;1;4;1;4;2;1;1;3;1;1;5;2;1;1;1;1;1;4;2;;1300000;500000000;1300000;;;1;;;;;;;;;;3
20230311;03;2023;7380984;1;1;01;19;1;285.21450863;19;1;1;4;1;4;1;1;1;3;1;1;4;3;1;1;1;1;3;3;2;;880000;350000000;1200000;;;1;;1;;1;1;;;;;3
20230311;03;2023;7380985;1;1;01;19;1;147.27106199;19;2;1;4;1;2;1;1;1;3;1;1;3;1;1;1;1;1;1;3;3;;;;;500000;;;;;;1;;;;;;2
20230311;03;2023;7380987;1;1;01;19;1;122.56516805;19;1;7;3;1;3;2;1;1;3;1;1;2;1;1;1;1;1;1;4;3;;;;;250000;;;;;;;;1;;;AHORRO A LA MANO;3
20230311;03;2023;7380988;1;1;01;19;1;147.20851467;19;1;1;4;1;4;1;1;1;3;1;1;4;2;1;1;1;1;1;3;2;;500000;165000000;1000000;;;1;;1;;1;;;;;;2
20230311;03;2023;7380989;1;1;01;19;1;106.95351738;19;1;5;1;1;2;2;1;1;3;1;1;2;2;1;1;1;1;1;4;3;;;;;300000;;;;;;;;;1;;;3
20230311;03;2023;7380990;1;1;01;19;1;200.5539513;19;2;1;4;1;2;2;1;1;3;1;1;3;1;1;1;1;1;1;4;3;;;;;500000;;;;;;;;;1;;;1
20230311;03;2023;7380991;1;1;01;19;1;114.53950235;19;2;1;4;1;2;1;1;1;3;1;1;4;2;1;1;1;1;1;3;1;;;99;500000;;;;;;;1;;;;;;2
20230311;03;2023;7380992;1;1;01;19;1;322.54532134;19;1;1;4;1;4;1;1;1;3;1;1;3;1;1;1;1;1;3;3;1;;;250000000;2000000;;;1;;;;;;;;;;2
20230311;03;2023;7380993;1;1;01;19;1;287.09147407;19;1;1;4;1;4;1;1;1;3;1;1;5;3;1;1;1;1;1;3;3;;;;;1050000;;1;;;;;1;;;;;7
20230311;03;2023;7380994;1;1;01;19;1;190.69825318;19;1;1;4;1;4;1;1;1;3;1;1;5;2;1;1;1;1;1;3;1;;;98;1200000;;;1;;;;;;;;;;3
20230311;03;2023;7380995;1;1;01;19;1;117.81205956;19;1;1;4;1;4;1;1;1;3;1;1;5;2;1;1;1;1;1;3;1;;;1000000000;1200000;;;;;;;;;;1;;;2
20230311;03;2023;7380999;1;1;01;19;1;173.06624588;19;1;1;2;1;1;2;1;1;3;1;1;4;3;1;1;1;1;1;4;1;;;99;300000;;;;;;;;;;1;;;3
20230311;03;2023;7381000;1;1;01;19;1;144.29822058;19;1;1;2;1;1;1;1;1;3;1;1;3;1;1;1;1;1;1;3;1;;;70000000;400000;;;;;;;1;;;;;;1
20230311;03;2023;7381001;1;1;01;19;1;172.09118079;19;1;1;1;1;1;2;1;1;3;1;1;3;2;1;1;1;1;1;4;4;;;;300000;;;;;;;;;1;;;NEQUI;2
20230311;03;2023;7381002;1;1;01;19;1;116.12715946;19;1;1;4;1;4;1;1;1;3;1;1;3;2;1;1;1;1;1;3;2;;2200000;300000000;500000;;;1;;;;;;;;;;4
20230311;03;2023;7381003;1;1;01;19;1;80.295553454;19;2;1;4;1;2;1;1;1;3;1;1;4;2;1;1;1;1;1;3;1;;;150000000;700000;;;1;;;;;;;;;;2
20230311;03;2023;7381004;1;1;01;19;1;134.28105799;19;1;1;4;1;3;1;1;1;3;1;1;4;1;1;1;1;1;1;3;1;;;300000000;900000;;;;;;;;;;1;;;1
20230311;03;2023;7381005;1;1;01;19;1;77.922316776;19;1;1;2;1;1;2;1;1;3;1;1;3;2;1;1;1;1;1;4;4;;;;200000;;;;;;;;;;1;;;3
20230311;03;2023;7381006;1;1;01;19;1;144.29822058;19;1;1;4;1;2;1;1;1;3;1;1;3;1;1;1;1;1;1;3;3;;;;;500000;;1;;;;1;;;;;;1
20230311;03;2023;7381007;1;1;01;19;1;217.60927392;19;1;1;4;1;1;2;1;1;3;1;1;4;1;1;1;1;1;1;4;3;;;;;300000;;;;;;;;;1;;;3
20230311;03;2023;7381008;1;1;01;19;1;115.73519497;19;1;1;4;1;4;1;1;1;3;1;1;5;4;1;1;1;1;1;3;1;;;400000000;1200000;;;1;;;;;1;;;;;5
20230311;03;2023;7381009;1;1;01;19;1;125.47532536;19;1;1;4;1;2;1;1;1;3;1;1;3;2;1;1;1;1;1;3;3;;;;;500000;;;;;;;;;1;;;4
20230311;03;2023;7381010;1;1;01;19;1;132.21473527;19;1;1;4;1;3;1;1;1;3;1;1;4;3;1;1;1;1;1;3;3;;;;;970000;;;;;;;;;1;;;2
20230311;03;2023;7381011;1;1;01;19;1;155.65210236;19;1;1;4;1;3;1;1;1;3;1;1;4;1;1;1;1;1;1;3;1;;;260000000;800000;;;1;;;;;1;;;;;2
20230311;03;2023;7381012;1;1;01;19;1;120.85295219;19;1;1;4;1;3;2;1;1;3;1;1;3;2;1;1;1;1;1;4;1;;;99;800000;;;1;;;;;;;;;;1
20230311;03;2023;7381013;1;1;01;19;1;193.45908923;19;3;1;4;1;3;1;1;1;3;1;2;2;1;1;2;1;1;1;3;4;;;;200000;;;;;;;;;;1;;;1
20230311;03;2023;7381013;2;2;01;19;1;193.45908923;19;3;1;4;1;3;1;1;1;3;1;2;2;1;1;2;1;1;1;3;3;;;;;150000;;1;;;;;;;;;;1
20230311;03;2023;7381014;1;1;01;19;1;188.1221246;19;2;1;4;1;4;1;1;1;3;1;1;2;1;1;1;1;1;1;3;4;;;;800000;;;1;;;;;;;;;;1
20230311;03;2023;7381015;1;1;01;19;1;167.33771717;19;1;1;4;1;3;1;1;1;3;1;1;4;2;1;1;1;1;1;3;2;;840000;99;1200000;;;;;1;;;;;;;;3
20230311;03;2023;7381016;1;1;01;19;1;100.05848237;19;1;1;4;1;4;1;1;1;3;1;1;5;3;1;1;1;1;3;3;2;;830000;250000000;800000;;;1;;;;;;;;;;5
20230311;03;2023;7381017;1;1;01;19;1;156.88871904;19;1;5;1;1;1;2;1;1;3;1;1;2;2;1;1;1;1;5;5;5;;;;50000;;;;;;;;;;1;;;4
20230311;03;2023;7381018;1;1;01;19;1;130.78009823;19;1;1;4;1;3;1;1;1;3;1;1;5;4;1;1;1;1;1;3;3;;;;;910000;;1;;;;1;;;;;;5
20230311;03;2023;7381019;1;1;01;19;1;115.49156147;19;1;1;4;1;4;1;1;1;3;1;1;3;3;1;1;1;1;1;3;4;;;;99;;;;;;;;;;1;;;3
20230311;03;2023;7381020;1;1;01;19;1;155.65210236;19;1;1;4;1;3;1;1;1;3;1;1;4;1;1;1;1;1;1;3;3;;;;;870000;;;;;;1;;;;;;2
20230311;03;2023;7381021;1;1;01;19;1;145.60380462;19;1;1;4;1;4;1;1;1;3;1;1;4;3;1;1;1;1;1;3;3;;;;;1067000;;1;;;;;;;;;;5
20230311;03;2023;7381022;1;1;01;19;1;165.81318181;19;2;1;4;1;3;1;1;1;3;1;1;3;2;1;1;1;1;1;3;3;;;;;600000;;1;;;;;;;;;;3
20230311;03;2023;7381023;1;1;01;19;1;110.99733705;19;1;1;4;1;4;1;1;1;3;1;1;5;3;1;1;1;1;1;3;3;;;;;1120000;;1;;;;;;;;;;4
20230311;03;2023;7381024;1;1;01;19;1;156.78477127;19;1;1;4;1;3;1;1;1;3;1;1;2;1;1;1;1;1;1;3;3;;;;;200000;;1;;;;;;;;;;1
20230311;03;2023;7381025;1;1;01;19;1;112.17795488;19;1;1;4;1;4;1;1;1;3;1;1;3;2;1;1;1;1;3;3;1;;;98;700000;;;1;;;;;;;;;;2
20230311;03;2023;7381026;1;1;01;19;1;194.20359823;19;1;1;4;1;4;1;1;1;3;1;1;5;2;1;1;1;1;1;3;3;;;;;1000000;;1;;;;;;;;;;2
20230311;03;2023;7381028;1;1;01;19;1;170.55070129;19;1;1;4;1;3;1;1;1;3;1;1;3;2;1;1;1;1;1;3;1;;;99;800000;;;1;;;;;;;;;;3
20230311;03;2023;7381029;1;1;01;19;1;159.44309037;19;1;1;4;1;3;1;1;1;3;1;1;3;2;1;1;1;1;1;3;2;;700000;98;800000;;;1;;;;;;;;;;2
20230311;03;2023;7381032;1;1;01;19;1;180.57929112;19;2;1;4;1;3;1;1;1;3;1;1;3;1;1;1;1;1;1;3;3;;;;;600000;;1;;;;;;;;;;1
20230311;03;2023;7381033;1;1;01;19;1;117.49592574;19;1;1;4;1;4;1;1;1;3;1;1;3;1;1;1;1;1;1;3;3;;;;;500000;;;;;;;;;1;;;1
20230311;03;2023;7381034;1;1;01;19;1;76.292016879;19;2;1;4;1;3;2;1;1;3;1;1;3;2;1;1;1;1;1;4;3;;;;;650000;;1;;;;;;;;;;4
20230311;03;2023;7381035;1;1;01;19;1;100.65539464;19;1;1;4;1;4;1;1;1;3;1;1;5;2;1;1;1;1;1;3;1;;;250000000;1500000;;;1;;;;1;;;;;;2
20230311;03;2023;7381036;1;1;01;19;1;238.12653774;19;1;1;4;1;4;1;1;1;3;1;1;4;1;1;1;1;1;1;3;3;;;;;1500000;;1;;;;;;;;;;1
20230311;03;2023;7381037;1;1;01;19;1;85.871633555;19;2;1;4;1;3;1;1;1;3;1;1;3;2;1;1;1;1;1;3;3;;;;;800000;;;;;;;;;1;;;2
20230311;03;2023;7381038;1;1;01;19;1;170.84065527;19;2;1;4;1;3;2;1;1;3;1;1;4;3;1;1;1;1;1;4;3;;;;;800000;;;;;;;;;1;;;4
20230311;03;2023;7381039;1;1;01;19;1;186.26214584;19;2;1;4;1;3;1;1;1;3;1;1;3;2;1;1;1;1;1;3;3;;;;;700000;;1;;;;;;;;;;2
20230311;03;2023;7381040;1;1;01;20;1;255.70635699;20;1;1;2;1;1;2;2;1;3;1;1;4;2;2;1;1;1;1;4;3;;;;;250000;;;;;;;;;1;;;4
20230311;03;2023;7381041;1;1;01;20;1;193.62407684;20;1;1;2;1;1;2;2;1;3;1;1;4;2;2;1;1;1;1;4;3;;;;;350000;;;;;;;;;1;;;4
20230311;03;2023;7381042;1;1;01;20;1;219.47490527;20;2;1;2;1;1;2;2;1;3;1;1;3;2;2;1;1;1;3;4;3;;;;;250000;;;;;;;;;1;;;3
20230311;03;2023;7381043;1;1;01;20;1;199.21191717;20;2;1;2;1;1;2;2;1;3;1;1;3;1;2;1;1;1;1;4;3;;;;;300000;;;;;;;;;1;;;3
20230311;03;2023;7381044;1;1;01;20;1;284.64955725;20;1;1;4;1;1;2;2;1;3;1;1;3;2;2;1;1;1;1;1;3;;;;;200000;;;;;;;;;1;;;3
20230311;03;2023;7381045;1;1;01;20;1;228.28789783;20;2;1;2;1;1;2;2;1;3;1;1;2;1;2;1;1;1;1;1;3;;;;;250000;;;;;;;;;1;;;2
20230311;03;2023;7381046;1;1;01;20;1;246.4443222;20;1;1;1;1;1;2;2;1;3;1;1;2;1;2;1;1;1;1;4;4;;;;200000;;;;;;;;;;1;;;4
20230311;03;2023;7381047;1;1;01;20;1;204.84625206;20;2;1;2;1;1;2;2;1;3;1;1;2;1;2;1;1;1;1;4;3;;;;;350000;;;;;;;;;1;;;4
20230311;03;2023;7381048;1;1;01;20;1;282.56447138;20;2;1;2;1;1;2;2;1;3;1;1;3;2;2;1;1;1;3;4;5;;;;300000;;;;;;;;;;1;;;5
20230311;03;2023;7381049;1;1;01;20;1;239.06103082;20;2;1;2;1;1;2;2;1;3;1;1;2;1;2;1;1;1;3;4;3;;;;;250000;;;;;;;;;1;;;1
20230311;03;2023;7381050;1;1;01;20;1;244.933224;20;2;1;2;1;1;2;2;1;3;1;1;3;2;2;1;1;1;3;1;3;;;;;200000;;;;;;;;;1;;;5
20230311;03;2023;7381051;1;1;01;20;1;255.70635699;20;1;1;2;1;1;2;2;1;3;1;1;3;2;2;1;1;1;1;1;5;;;;300000;;;;;;;;;;1;;;4
20230311;03;2023;7381052;1;1;01;20;1;268.16191418;20;2;1;3;1;2;1;1;1;3;1;1;4;2;1;1;1;1;1;3;3;;;;;380000;;1;;;;;;;;;;3
20230311;03;2023;7381053;1;1;01;20;1;196.43142725;20;1;1;4;1;2;1;1;1;3;1;1;4;3;1;1;1;1;1;3;3;;;;;450000;;;;;;;;;1;;;2
20230311;03;2023;7381054;1;1;01;20;1;209.01495296;20;2;1;4;1;2;1;1;1;3;1;1;3;2;1;1;1;1;1;3;3;;;;;460000;;;;;;;;;1;;;6
20230311;03;2023;7381056;1;1;01;20;1;268.64089255;20;2;1;2;1;2;1;1;1;3;1;1;5;3;1;1;1;1;1;3;1;;;200000000;700000;;;1;;;;;;;;;;4
20230311;03;2023;7381057;1;1;01;20;1;196.17386649;20;2;1;2;1;2;1;1;1;3;1;1;3;1;1;1;1;1;1;3;3;;;;;300000;;;;;;;;;1;;;3
20230311;03;2023;7381060;1;1;01;20;1;130.10900803;20;1;1;3;1;2;1;1;1;3;1;1;3;1;1;1;1;1;1;3;1;;;120000000;500000;;;;;;;;;;1;;;1
20230311;03;2023;7381061;1;1;01;20;1;191.35660589;20;1;1;4;1;2;1;1;1;3;1;1;4;3;1;1;1;1;1;3;1;;;99;99;;;;;;;;;;1;;;4
20230311;03;2023;7381062;1;1;01;20;1;126.78447947;20;1;1;4;1;2;1;1;1;3;1;1;3;2;1;1;1;1;1;3;6;;;;500000;;;;;;;;;;1;;;2
20230311;03;2023;7381063;1;1;01;20;1;172.38980197;20;1;1;4;1;2;1;1;1;3;1;1;3;2;1;1;1;1;1;3;3;;;;;700000;;1;;;;;;;;;;3
20230311;03;2023;7381064;1;1;01;20;1;156.84818746;20;1;1;4;1;2;1;1;1;3;1;1;3;2;1;1;1;1;1;3;6;;;;500000;;;;;;;;;;1;;;3
20230311;03;2023;7381065;1;1;01;20;1;134.67467014;20;1;1;3;1;2;1;1;1;3;1;1;6;4;1;1;1;1;1;3;1;;;99;700000;;;1;;;;;;;;;;7
20230311;03;2023;7381066;1;1;01;20;1;162.64863793;20;1;1;4;1;2;1;1;1;3;1;1;4;1;1;1;1;1;1;3;6;;;;200000;;;;;;;;;;1;;;2
20230311;03;2023;7381067;1;1;01;20;1;182.00052617;20;1;1;3;1;2;1;1;1;3;1;1;4;2;1;1;1;1;1;3;2;;550000;99;600000;;;1;;1;;;;;;;;5
20230311;03;2023;7381068;1;1;01;20;1;126.27734609;20;1;1;4;1;2;1;1;1;3;1;1;4;3;1;1;1;1;1;3;6;;;;700000;;;;;;;;;;1;;;2
20230311;03;2023;7381069;1;1;01;20;1;283.75148546;20;2;1;4;1;3;1;1;1;3;1;1;3;2;1;1;1;1;1;3;3;;;;;450000;;1;;;;;;;;;;3
20230311;03;2023;7381070;1;1;01;20;1;292.74526807;20;2;1;4;1;3;1;1;1;3;1;1;3;1;1;1;1;1;1;3;1;;;98;700000;;;1;;;;;;;;;;1
20230311;03;2023;7381071;1;1;01;20;1;388.56986244;20;1;1;4;1;3;1;1;1;3;1;1;4;3;1;1;1;1;1;3;1;;;98;700000;;;1;;;;;;;;;;4
20230311;03;2023;7381072;1;1;01;20;1;102.50786884;20;1;1;4;1;2;1;1;1;3;1;1;4;3;1;1;1;1;1;3;1;;;150000000;600000;;;;;;;;;;1;;;4
20230311;03;2023;7381073;1;1;01;20;1;163.92756399;20;1;1;3;1;2;1;1;1;3;1;1;3;1;1;1;1;1;1;3;3;;;;;600000;;1;;;;;;;;;;1
20230311;03;2023;7381075;1;1;01;20;1;292.74526807;20;1;1;4;1;3;1;1;1;3;1;1;3;1;1;1;1;1;1;3;1;;;190000000;800000;;;1;;;;;;;;;;1
20230311;03;2023;7381076;1;1;01;20;1;162.9565526;20;1;1;4;1;2;1;1;1;3;1;1;3;2;1;1;1;1;1;3;1;;;99;99;;;1;;;;;;;;;;3
20230311;03;2023;7381077;1;1;01;20;1;245.54695559;20;2;1;4;1;2;1;1;1;3;1;1;3;1;1;1;1;1;1;3;3;;;;;500000;;1;;;;;;;;;;2
20230311;03;2023;7381078;1;1;01;20;1;292.10249808;20;2;1;4;1;2;1;1;1;3;1;1;3;1;1;1;1;1;1;3;3;;;;;450000;;1;;;;;;;;;;1
20230311;03;2023;7381079;1;1;01;20;1;244.933224;20;2;1;4;1;2;1;1;1;3;1;1;3;2;1;1;1;1;1;3;3;;;;;500000;;1;;;;;;;;;;5
20230311;03;2023;7381080;1;1;01;20;1;183.91299983;20;2;1;4;1;2;1;1;1;3;1;1;3;2;1;1;1;1;3;3;3;;;;;450000;;;;;;;;;1;;;3
20230311;03;2023;7381081;1;1;01;20;1;219.02586304;20;2;1;4;1;2;1;1;1;3;1;1;2;1;1;1;1;1;3;3;3;;;;;450000;;1;;;;;;;;;;2
20230311;03;2023;7381082;1;1;01;20;1;184.89403256;20;2;1;4;1;2;1;1;1;3;1;1;3;2;1;1;1;1;1;3;3;;;;;500000;;;;;;;;;1;;;2
20230311;03;2023;7381084;1;1;01;20;1;205.18041823;20;2;1;4;1;1;1;1;1;3;1;1;3;1;1;1;1;1;1;3;3;;;;;400000;;1;;;;;;;;;;3
20230311;03;2023;7381085;1;1;01;20;1;169.95680634;20;1;1;4;1;1;1;1;1;3;1;1;3;2;1;1;1;1;1;3;2;;370000;120000000;300000;;;;;1;;;;;;;;2
20230311;03;2023;7381086;1;1;01;20;1;229.78460397;20;2;1;5;1;1;1;1;1;3;1;1;3;2;1;1;1;1;1;3;1;;;70000000;400000;;;1;;;;;;;;;;3
20230311;03;2023;7381087;1;1;01;20;1;181.26230403;20;1;1;4;1;1;1;1;1;3;1;1;4;3;1;1;1;1;1;3;1;;;98;700000;;;1;;;;;;;;;;3
20230311;03;2023;7381088;1;1;01;20;1;158.11858615;20;2;1;4;1;1;1;1;1;3;1;1;3;1;1;1;1;1;1;3;1;;;120000000;350000;;;;;;;;;;1;;;1
20230311;03;2023;7381089;1;1;01;20;1;153.46205254;20;2;1;4;1;1;1;1;1;3;1;1;2;1;1;1;1;1;3;3;3;;;;;400000;;1;;;;;1;;;;;2
20230311;03;2023;7381090;1;1;01;20;1;181.63650588;20;1;1;2;1;1;1;1;1;3;1;1;2;1;1;1;1;1;1;3;3;;;;;200000;;;;;;;;;1;;;4
20230311;03;2023;7381091;1;1;01;20;1;239.13641665;20;2;1;4;1;1;1;1;1;3;1;1;3;2;1;1;1;1;1;3;3;;;;;450000;;1;;;;;;;;;;3
20230311;03;2023;7381092;1;1;01;20;1;197.66327526;20;2;1;2;1;1;1;1;1;3;1;1;3;1;1;1;1;1;1;3;3;;;;;300000;;;;;;;;;1;;;2
20230311;03;2023;7381093;1;1;01;20;1;174.61333995;20;1;1;2;1;1;1;1;1;3;1;1;3;1;1;1;1;1;3;3;3;;;;;400000;;1;;;;;;;;;;1
20230311;03;2023;7381094;1;1;01;20;1;196.20280741;20;1;1;2;1;1;1;1;1;3;1;1;3;2;1;1;1;1;1;3;3;;;;;380000;;1;;;;;;;;;;4
20230311;03;2023;7381096;1;1;01;20;1;215.16743068;20;2;1;4;1;1;1;1;1;3;1;1;3;2;1;1;1;1;1;3;1;;;80000000;400000;;;;;;;;;;1;;;3
20230311;03;2023;7381097;1;1;01;20;1;184.40333268;20;1;1;2;1;1;1;1;1;3;1;1;3;2;1;1;1;1;1;3;1;;;95000000;450000;;;;;;;;;;1;;;5
20230311;03;2023;7381098;1;1;01;20;1;201.94991523;20;1;1;2;1;1;1;1;1;3;1;1;3;2;1;1;1;1;1;3;1;;;99;300000;;;;;;;;;;1;;;5
20230311;03;2023;7381099;1;1;01;20;1;279.00740932;20;1;1;4;1;1;1;1;1;3;1;1;4;3;1;1;1;1;1;3;6;;;;400000;;;1;;;;;;;;;;5
20230311;03;2023;7381100;1;1;01;20;1;284.34536051;20;2;1;4;1;1;1;1;1;3;1;1;2;1;1;1;1;1;1;3;3;;;;;400000;;;;;;;;;1;;;3
20230311;03;2023;7381101;1;1;01;20;1;253.59775079;20;2;1;4;1;1;1;1;1;3;1;1;3;2;1;1;1;1;1;3;3;;;;;300000;;;;;;;;;1;;;5
20230311;03;2023;7381102;1;1;01;20;1;295.45980226;20;2;1;2;1;1;1;1;1;3;1;1;3;2;1;1;1;1;1;3;3;;;;;300000;;;;;;;;;1;;;3
20230311;03;2023;7381104;1;1;01;20;1;333.51564958;20;1;1;4;1;1;1;1;1;3;1;1;4;2;1;1;1;1;1;3;4;;;;600000;;;1;;;;;;;;;;3
20230311;03;2023;7381105;1;1;01;20;1;345.31286447;20;1;1;4;1;1;1;1;1;3;1;1;4;1;1;1;1;1;1;3;1;;;105000000;500000;;;1;;;;1;;;;;;1
20230311;03;2023;7381106;1;1;01;20;1;318.1399425;20;1;1;2;1;1;1;1;1;3;1;1;4;3;1;1;1;1;1;3;4;;;;400000;;;1;;;;;;;;;;6
20230311;03;2023;7381107;1;1;01;20;1;221.87283907;20;1;1;2;1;1;1;1;1;3;1;1;2;1;1;1;1;1;1;3;1;;;150000000;300000;;;;;;;;;;1;;;2
20230311;03;2023;7381108;1;1;01;20;1;384.37708637;20;2;1;4;1;1;1;1;1;3;1;1;3;2;1;1;1;1;1;3;3;;;;;450000;;1;;;;;;;;;;4
20230311;03;2023;7381109;1;1;01;20;1;282.80542706;20;2;1;2;1;1;1;1;1;3;1;1;3;1;1;1;1;1;1;3;3;;;;;200000;;1;;;;;;;;;;5
20230311;03;2023;7381110;1;1;01;20;1;273.87553767;20;2;1;4;1;1;1;1;1;3;1;1;3;2;1;1;1;1;3;3;3;;;;;400000;;1;;;;;;;;;;2
20230311;03;2023;7381111;1;1;01;20;1;266.24740688;20;2;1;4;1;1;1;1;1;3;1;1;2;1;1;1;1;1;1;3;1;;;99;400000;;;;;;;;;;1;;;2
20230311;03;2023;7381112;1;1;01;20;1;397.06779566;20;2;1;4;1;1;1;1;1;3;1;1;3;2;1;1;1;1;3;3;3;;;;;450000;;1;;;;;;;;;;3
20230311;03;2023;7381113;1;1;01;20;1;266.24740688;20;1;1;3;1;1;1;1;1;3;1;1;3;1;1;1;1;1;1;3;1;;;99;600000;;;1;;;;;;;;;;2
20230311;03;2023;7381115;1;1;01;20;1;313.22126137;20;2;1;4;1;1;1;1;1;3;1;1;3;2;1;1;1;1;1;3;3;;;;;400000;;1;;;;;;;;;;3
20230311;03;2023;7381116;1;1;01;20;1;330.88982972;20;1;1;4;1;2;1;1;1;3;1;1;2;2;1;1;1;1;1;3;3;;;;;550000;;1;;;;;;;;;;3
20230311;03;2023;7381117;1;1;01;20;1;308.38756185;20;1;1;4;1;2;1;1;1;3;1;1;3;2;1;1;1;1;1;3;4;;;;500000;;;1;;;;;;;;;;2
20230311;03;2023;7381118;1;1;01;20;1;282.04898547;20;1;1;4;1;2;1;1;1;3;1;1;3;2;1;1;1;1;1;3;2;;300000;99;500000;;;1;;;;;;;;;;5
20230311;03;2023;7381119;1;1;01;20;1;289.29324453;20;1;1;4;1;2;1;1;1;3;1;1;4;3;1;1;1;1;1;3;1;;;98;500000;;;;;;;;;;1;;;5
20230311;03;2023;7381120;1;1;01;20;1;288.75439386;20;1;1;4;1;2;1;1;1;3;1;1;3;2;1;1;1;1;3;3;2;;350000;98;500000;;;1;;1;;;;;;;;4
20230311;03;2023;7381121;1;1;01;20;1;155.98495775;20;1;1;4;1;2;1;1;1;3;1;1;3;2;1;1;1;1;3;3;3;;;;;98;;1;;;;;;;;;;3
20230311;03;2023;7381122;1;1;01;20;1;286.87323698;20;1;1;4;1;2;1;1;1;3;1;1;3;1;1;1;1;1;1;3;3;;;;;450000;;1;;;;;;;;;;1
20230311;03;2023;7381123;1;1;01;20;1;343.81758931;20;1;1;4;1;2;1;1;1;3;1;1;4;1;1;1;1;1;1;3;1;;;98;500000;;;1;;;;;;;;;;2
20230311;03;2023;7381124;1;1;01;20;1;320.31423864;20;1;1;4;1;2;1;1;1;3;1;1;3;2;1;1;1;1;1;4;2;;270000;150000000;400000;;;1;;;;;;;;;;4
20230311;03;2023;7381125;1;1;01;20;1;286.87323698;20;2;1;2;1;1;1;1;1;3;1;1;1;1;1;1;1;1;2;3;3;;;;;230000;;1;;;;;;;;;;1
20230311;03;2023;7381126;1;1;01;20;1;427.76095057;20;1;1;2;1;2;1;1;1;3;1;1;5;2;1;1;1;1;1;3;3;;;;;500000;;1;;;;;;;;;;3
20230311;03;2023;7381127;1;1;01;20;1;431.64108059;20;2;1;2;1;2;1;1;1;3;1;1;2;1;1;1;1;1;1;3;3;;;;;450000;;;;;;;;;1;;;1
20230311;03;2023;7381128;1;1;01;20;1;503.64231558;20;2;1;4;1;2;1;1;1;3;1;1;3;2;1;1;1;1;1;3;4;;;;600000;;;;;;;;;;1;;;4
20230311;03;2023;7381129;1;1;01;20;1;426.51804077;20;2;1;3;1;2;1;1;1;3;1;1;2;1;1;1;1;1;1;3;3;;;;;480000;;1;;;;;;;;;;3
20230311;03;2023;7381130;1;1;01;20;1;359.99636623;20;1;1;4;1;2;1;1;1;3;1;1;4;3;1;1;1;1;1;3;3;;;;;1100000;;1;;;;;;;;;;5
20230311;03;2023;7381131;1;1;01;20;1;516.53465996;20;1;1;3;1;2;1;1;1;3;1;1;6;4;1;1;1;1;1;3;2;;650000;99;1200000;;;1;;1;;;;;;;;3
20230311;03;2023;7381132;1;1;01;20;1;148.70250208;20;1;1;4;1;3;1;1;1;3;1;1;3;2;1;1;1;1;3;3;1;;;99;650000;;;1;;;;;;;;;;3
20230311;03;2023;7381133;1;1;01;20;1;98.202701382;20;1;1;3;1;3;1;1;1;3;1;1;5;4;1;1;1;1;1;3;1;;;110000000;700000;;;1;;;;;;;;;;6
20230311;03;2023;7381134;1;1;01;20;1;152.99905972;20;1;1;4;1;3;1;1;1;3;1;1;3;1;1;1;1;1;3;3;4;;;;850000;;;1;;;1;1;;;;;;1
20230311;03;2023;7381135;1;1;01;20;1;153.47238421;20;1;1;4;1;3;1;1;1;1;1;1;3;1;1;1;1;1;1;3;1;;;99;1000000;;;1;;;;;;;;;;1
20230311;03;2023;7381136;1;1;01;20;1;130.52682727;20;1;1;4;1;3;1;1;1;3;1;1;4;2;1;1;1;1;1;3;1;;;12000000;600000;;;1;;;;;;;;;;2
20230311;03;2023;7381137;1;1;01;20;1;125.75694514;20;1;1;4;1;3;1;1;1;3;1;1;4;3;1;1;1;1;1;3;1;;;130000000;1000000;;;1;;;;1;1;;;;;4
20230311;03;2023;7381138;1;1;01;20;1;176.47457585;20;1;1;4;1;3;1;1;1;3;1;1;4;2;1;1;1;1;1;3;1;;;98;800000;;;1;;;;;;;;;;3
20230311;03;2023;7381139;1;1;01;20;1;156.75726336;20;1;1;4;1;3;1;1;1;3;1;1;4;2;1;1;1;1;1;3;1;;;98;800000;;;1;;;;;;;;;;5
20230311;03;2023;7381140;1;1;01;20;1;151.8053954;20;1;1;4;1;3;1;1;1;2;1;1;3;2;1;1;1;1;1;3;3;;;;;800000;;1;;;;;;;;;;2
20230311;03;2023;7381141;1;1;01;20;1;430.30985547;20;2;1;4;1;2;1;1;1;3;1;1;2;1;1;1;1;1;1;3;3;;;;;500000;;1;;;;;;;;;;1
20230311;03;2023;7381142;1;1;01;20;1;157.72436621;20;1;1;4;1;3;1;1;1;3;1;1;4;2;1;1;1;1;3;3;2;;98;270000000;1000000;;;1;;1;;1;1;;;;;4
20230311;03;2023;7381143;1;1;01;20;1;118.33218084;20;1;1;4;1;3;1;1;1;3;1;1;3;2;1;1;1;1;1;3;1;;;180000000;650000;;;1;;;;;;;;;;2
20230311;03;2023;7381146;1;1;01;20;1;134.43956736;20;1;1;4;1;3;1;1;1;3;1;1;4;3;1;1;1;1;3;3;3;;;;;600000;;1;;;;1;1;;;;;5
20230311;03;2023;7381147;1;1;01;20;1;267.84024592;20;1;1;4;1;2;1;1;1;3;1;1;4;3;1;1;1;1;1;3;1;;;300000000;1500000;;;1;;;;;;;;;;4
20230311;03;2023;7381148;1;1;01;20;1;443.59977997;20;1;1;4;1;2;1;1;1;3;1;1;3;2;1;1;1;1;1;3;2;;1100000;100000000;700000;;;1;;1;;;1;;;;;4
20230311;03;2023;7381149;1;1;01;20;1;160.89714851;20;1;1;4;1;3;1;1;1;3;1;1;4;3;1;1;1;1;1;3;1;;;180000000;650000;;;1;;;;;;;;;;3
20230311;03;2023;7381151;1;1;01;20;1;150.75832747;20;1;1;4;1;3;1;1;1;3;1;1;4;3;1;1;1;1;1;3;1;;;190000000;670000;;;1;;;;;;;;;;5
20230311;03;2023;7381152;1;1;01;20;1;153.57383377;20;1;1;4;1;3;1;1;1;3;1;1;4;3;1;1;1;1;1;3;6;;;;650000;;;1;;;;;;;;;;3
20230311;03;2023;7381153;1;1;01;20;1;251.01408236;20;1;1;5;1;4;1;1;1;3;1;1;4;1;1;1;1;1;1;3;1;;;99;99;;;1;;;;;;;;;;1
20230311;03;2023;7381154;1;1;01;20;1;194.13873419;20;1;1;4;1;4;1;1;1;3;1;1;4;1;1;1;1;1;1;3;4;;;;1500000;;;1;;;;;;;;;;2
20230311;03;2023;7381155;1;1;01;20;1;215.47423085;20;1;1;4;1;4;1;1;1;3;1;1;5;3;1;1;1;1;1;3;1;;;400000000;1800000;;;1;;;;1;1;;;;;6
20230311;03;2023;7381156;1;1;01;20;1;245.923398;20;1;1;4;1;3;1;1;1;3;1;1;4;3;1;1;1;1;1;3;1;;;350000000;1800000;;1;1;;;;;1;;;;;2
20230311;03;2023;7381157;1;1;01;20;1;194.13873419;20;1;1;4;1;4;1;1;1;3;1;1;4;1;1;1;1;1;1;3;1;;;99;850000;;;1;;;;;;;;;;2
20230311;03;2023;7381160;1;1;01;20;1;248.80219045;20;1;1;4;1;4;1;1;1;3;1;1;4;3;1;1;1;1;1;3;3;;;;;300000;;1;;;;;;;;;;3
20230311;03;2023;7381162;1;1;01;20;1;301.78337931;20;1;1;4;1;4;1;1;1;3;1;1;4;3;1;1;1;1;1;3;3;;;;;1300000;;1;;;;;;;;;;4
20230311;03;2023;7381164;1;1;01;20;1;279.80346448;20;2;1;4;1;4;1;1;1;3;1;1;3;2;1;1;1;1;1;3;3;;;;;500000;;1;;;;;;;;;;3
20230311;03;2023;7381165;1;1;01;20;1;337.2663744;20;1;1;5;1;1;1;1;1;3;1;1;4;1;1;1;1;1;1;3;1;;;99;500000;;;1;;;1;;;;;;;2
20230311;03;2023;7381167;1;1;01;20;1;228.28789783;20;1;1;2;1;2;1;1;1;3;1;1;4;2;1;1;1;1;3;3;3;;;;;650000;;;;;;;;;1;;;2
20230311;03;2023;7381169;1;1;01;20;1;333.70292263;20;2;1;4;1;3;1;1;1;3;1;1;4;2;1;1;1;1;3;3;3;;;;;450000;;1;;;;;;;;;;4
20230311;03;2023;7381170;1;1;01;20;1;330.88982972;20;1;1;4;1;2;1;1;1;3;1;1;3;2;1;1;1;1;1;3;2;;140000;150000000;600000;;;1;;1;;;1;;;;;3
20230311;03;2023;7381171;1;1;01;23;1;237.62714638;23;1;1;1;1;1;1;1;1;3;1;1;3;1;1;1;1;1;1;3;1;;;90000000;380000;;;;;;;;;;1;;;1
20230311;03;2023;7381172;1;1;01;23;1;264.08988962;23;4;1;2;1;1;1;1;1;3;1;1;2;1;1;2;1;1;1;3;4;;;;200000;;;;;;;;;;1;;;3
20230311;03;2023;7381174;1;1;01;23;1;276.71517898;23;2;1;4;1;1;1;1;1;3;1;1;3;1;1;1;1;1;1;3;3;;;;;430000;;;;;;;;;1;;;2
20230311;03;2023;7381175;1;1;01;23;1;162.81680703;23;1;1;4;1;1;1;1;1;3;1;1;4;3;1;1;1;1;1;3;3;;;;;500000;;1;;;;;;;;;;6
20230311;03;2023;7381176;1;1;01;23;1;225.41410099;23;1;1;4;1;1;1;1;1;3;1;1;4;2;1;1;1;1;3;3;3;;;;;750000;;;;;;;;;1;;;4
20230311;03;2023;7381177;1;1;01;23;1;100.04442371;23;1;1;2;1;1;1;1;1;3;1;1;4;3;1;1;1;1;1;3;4;;;;400000;;;1;;;;;;;;;;6
20230311;03;2023;7381178;1;1;01;23;1;189.82089817;23;1;1;2;1;1;1;1;1;3;1;1;4;3;1;1;1;1;1;3;1;;;40000000;350000;;;1;;;;;;;;;;4
20230311;03;2023;7381179;1;1;01;23;1;330.78627902;23;1;1;4;1;1;1;1;1;3;1;1;6;3;1;1;1;1;1;3;1;;;95000000;600000;;;1;;;;;;;;;;4
20230311;03;2023;7381180;1;1;01;23;1;256.85024125;23;1;1;2;1;1;1;2;1;3;1;1;3;2;2;1;1;1;1;3;4;;;;350000;;;;;;;;;;1;;;4
20230311;03;2023;7381181;1;1;01;23;1;137.5610826;23;1;1;2;1;1;1;2;1;3;1;1;5;4;2;1;1;1;1;3;1;;;60000000;300000;;;;;;;;;;1;;;10
20230311;03;2023;7381182;1;1;01;23;1;485.65479783;23;2;1;2;1;1;1;2;1;3;1;1;2;1;2;1;1;1;1;3;4;;;;250000;;;;;;;;;;1;;;1
20230311;03;2023;7381183;1;1;01;23;1;137.5610826;23;1;1;2;1;1;1;2;1;3;1;1;4;3;2;1;1;1;1;3;3;;;;;200000;;1;;;;;;;;;;6
20230311;03;2023;7381185;1;1;01;23;1;295.93151085;23;2;1;4;1;1;1;1;1;3;1;1;3;1;1;1;1;1;1;3;4;;;;450000;;;1;;;;;;;;;;2
20230311;03;2023;7381186;1;1;01;23;1;173.60117535;23;1;1;2;1;1;1;1;1;3;1;1;3;2;1;1;1;1;1;3;1;;;98;500000;;;;;;;;;;1;;;4
20230311;03;2023;7381187;1;1;01;23;1;429.01254658;23;1;1;2;1;1;1;2;1;3;1;1;3;2;2;1;1;1;1;3;2;;410000;90000000;400000;;;;;;;;;;1;;;3
20230311;03;2023;7381188;1;1;01;23;1;344.00399652;23;2;1;2;1;1;1;1;1;3;1;1;3;2;1;1;1;1;1;3;3;;;;;350000;;1;;;;;;;;;;4
20230311;03;2023;7381189;1;1;01;23;1;125.05552964;23;1;1;4;1;1;1;1;1;2;1;1;4;3;1;1;1;1;1;3;1;;;60000000;420000;;;1;;;;;;;;;;6
20230311;03;2023;7381190;1;1;01;23;1;125.05552964;23;1;1;4;1;1;1;1;1;3;1;1;4;3;1;1;1;1;1;3;3;;;;;500000;;1;;;;;;;;;;8
20230311;03;2023;7381191;1;1;01;23;1;244.52654612;23;2;1;2;1;1;1;1;1;3;1;1;3;2;1;1;1;1;1;3;3;;;;;400000;;1;;;;;;;;;;4
20230311;03;2023;7381193;1;1;01;23;1;356.45193245;23;2;1;2;1;1;1;1;1;3;1;1;2;1;1;1;1;1;1;3;3;;;;;380000;;;;;;;;;1;;;3
20230311;03;2023;7381194;1;1;01;23;1;125.05552964;23;1;1;4;1;1;1;1;1;3;1;1;4;3;1;1;1;1;1;3;3;;;;;350000;;1;;;;;;;;;;5
20230311;03;2023;7381195;1;1;01;23;1;158.3295522;23;1;1;2;1;1;1;1;1;3;1;1;4;3;1;1;1;1;1;3;1;;;60000000;400000;;;;;;;;;;1;;;8
20230311;03;2023;7381196;1;1;01;23;1;298.54913862;23;1;1;2;1;1;1;1;1;3;1;1;3;2;1;1;1;1;1;3;3;;;;;420000;;1;;;;;;;;;;5
20230311;03;2023;7381198;1;1;01;23;1;279.2691939;23;2;1;4;1;1;1;1;1;3;1;1;3;2;1;1;1;1;1;3;4;;;;300000;;;1;;;;;;;;;;1
20230311;03;2023;7381199;1;1;01;23;1;285.1624716;23;1;1;2;1;1;1;1;1;3;1;1;3;2;1;2;1;1;1;3;4;;;;400000;;;;;;;;;;1;;;3
20230311;03;2023;7381200;1;1;01;23;1;225.92387116;23;2;1;2;1;1;1;1;1;3;1;1;3;2;1;2;1;1;1;3;1;;;40000000;300000;;;;;;;;;;1;;;2
20230311;03;2023;7381201;1;1;01;23;1;112.54997667;23;1;1;2;1;1;1;1;1;3;1;1;4;3;1;1;1;1;1;3;4;;;;500000;;;1;;;;;;;;;;6
20230311;03;2023;7381202;1;1;01;23;1;311.30457635;23;3;1;2;1;1;1;1;1;3;1;1;1;1;1;2;1;1;6;;3;;;;;250000;;;;;;;;;1;;;2
20230311;03;2023;7381203;1;1;01;23;1;285.36252832;23;2;1;4;1;3;1;1;1;3;1;1;2;1;1;1;1;1;1;3;3;;;;;450000;;1;;;;;;;;;;2
20230311;03;2023;7381204;1;1;01;23;1;247.40641552;23;1;1;4;1;3;1;1;1;3;1;1;4;2;1;1;1;1;1;3;3;;;;;1000000;;1;;;;;;;;;;3
20230311;03;2023;7381205;1;1;01;23;1;211.05968181;23;1;1;4;1;3;1;1;1;3;1;1;3;2;1;1;1;1;1;3;1;;;150000000;600000;;;1;;;;;;;;;;5
20230311;03;2023;7381206;1;1;01;23;1;135.26653477;23;2;1;4;1;2;1;1;1;3;1;1;3;2;1;1;1;1;3;3;1;;;120000000;600000;;;;;;;;;;1;;;4
20230311;03;2023;7381207;1;1;01;23;1;139.06062156;23;2;1;4;1;2;1;1;1;3;1;1;4;3;1;1;1;1;1;3;4;;;;600000;;;;;;;;;;1;;;4
20230311;03;2023;7381208;1;1;01;23;1;100.04442371;23;2;1;4;1;2;1;1;1;3;1;1;3;2;1;1;1;1;1;3;1;;;80000000;600000;;;1;;;;;;;;;;5
20230311;03;2023;7381209;1;1;01;23;1;377.56380882;23;2;1;4;1;2;1;1;1;3;1;1;3;2;1;1;1;1;1;3;3;;;;;600000;;;;;;;;;1;;;1
20230311;03;2023;7381210;1;1;01;23;1;100.04442371;23;1;1;4;1;2;1;1;1;3;1;1;4;3;1;1;1;1;1;3;1;;;140000000;800000;;;1;;;;;;;;;;6
20230311;03;2023;7381211;1;1;01;23;1;283.53322928;23;2;1;4;1;2;1;1;1;3;1;1;4;1;1;1;1;1;1;3;3;;;;;550000;;1;;;;;;;;;;2
20230311;03;2023;7381212;1;1;01;23;1;364.24109837;23;1;1;4;1;3;1;1;1;3;1;1;3;1;1;1;1;1;1;3;1;;;170000000;700000;;;1;;;;;;;;;;1
20230311;03;2023;7381213;1;1;01;23;1;103.17081195;23;1;1;4;1;3;1;1;1;3;1;1;4;3;1;1;1;1;1;3;1;;;98;1000000;;;1;;;;;;;;;;5
20230311;03;2023;7381214;1;1;01;23;1;141.05284518;23;2;1;4;1;3;1;1;1;3;1;1;3;2;1;1;1;1;1;3;3;;;;;700000;;1;;;;;;;;;;2
20230311;03;2023;7381215;1;1;01;23;1;172.07246234;23;2;1;4;1;2;1;1;1;3;1;1;3;2;1;1;1;1;1;3;4;;;;400000;;;;;;;;;;1;;;3
20230311;03;2023;7381217;1;1;01;23;1;198.03985216;23;1;1;4;1;3;1;1;1;3;1;1;5;4;1;1;1;1;1;3;1;;;160000000;800000;;;1;;;;;;;;;;6
20230311;03;2023;7381218;1;1;01;23;1;110.34318168;23;2;1;2;1;2;1;1;1;3;1;1;3;2;1;1;1;1;1;3;4;;;;400000;;;1;;;;;;;;;;4
20230311;03;2023;7381220;1;1;01;23;1;100.04442371;23;1;1;2;1;1;1;1;1;3;1;1;4;3;1;1;1;1;1;3;4;;;;500000;;;;;;;;;;1;;;10
20230311;03;2023;7381221;1;1;01;23;1;211.05968181;23;1;1;4;1;3;1;1;1;3;1;1;4;3;1;1;1;1;1;3;1;;;130000000;550000;;;1;;;;;;;;;;5
20230311;03;2023;7381222;1;1;01;23;1;125.05552964;23;1;1;2;1;1;1;1;1;3;1;1;4;3;1;1;1;1;1;3;4;;;;400000;;;1;;;;;;;;;;4
20230311;03;2023;7381223;1;1;01;23;1;285.36252832;23;2;1;4;1;3;1;1;1;3;1;1;3;2;1;1;1;1;1;3;3;;;;;800000;;1;;;;;1;;;;;2
20230311;03;2023;7381224;1;1;01;23;1;152.62912268;23;2;1;4;1;2;1;1;1;3;1;1;3;2;1;1;1;1;3;4;4;;;;500000;;;1;;;;1;1;;;;;4
20230311;03;2023;7381225;1;1;01;23;1;145.29703295;23;1;1;4;1;3;1;1;1;3;1;1;4;2;1;1;1;1;1;3;1;;;150000000;700000;;;1;;;;;1;;;;;3
20230311;03;2023;7381226;1;1;01;23;1;428.04379248;23;1;1;4;1;5;1;1;1;3;1;1;4;2;1;1;1;1;1;3;4;;;;1000000;;;1;;;;;;;;;;2
20230311;03;2023;7381227;1;1;01;23;1;367.57949206;23;1;1;4;1;5;1;1;1;3;1;1;4;1;1;1;1;1;1;3;1;;;200000000;1000000;;;1;;;;;;;;;;1
20230311;03;2023;7381228;1;1;01;23;1;233.62781462;23;2;1;4;1;5;1;1;1;3;1;1;3;2;1;1;1;1;1;3;1;;;150000000;750000;;;1;;;;;1;;;;;2
20230311;03;2023;7381229;1;1;01;23;1;165.32576472;23;2;1;2;1;1;1;1;1;3;1;1;3;2;1;1;1;1;1;3;1;;;32000000;300000;;;;;;;;;;1;;;4
20230311;03;2023;7381230;1;1;01;23;1;172.2038909;23;1;1;4;1;1;1;1;1;3;1;1;3;2;1;1;1;1;3;3;1;;;98;98;;;;;;;;;;1;;;3
20230311;03;2023;7381231;1;1;01;23;1;122.27651787;23;2;1;2;1;1;1;1;1;3;1;1;4;3;1;1;1;1;1;3;4;;;;350000;;;1;;;;;;;;;;4
20230311;03;2023;7381232;1;1;01;23;1;250.14480807;23;1;1;4;1;1;1;1;1;3;1;1;4;3;1;1;1;1;1;3;4;;;;600000;;;1;;;;;;;;;;5
20230311;03;2023;7381233;1;1;01;23;1;122.27651787;23;1;1;4;1;1;1;1;1;3;1;1;4;3;1;1;1;1;1;3;4;;;;420000;;;;;;;;;;1;;;5
20230311;03;2023;7381234;1;1;01;23;1;466.49702592;23;1;1;2;1;1;1;1;1;3;1;1;3;2;1;1;1;1;1;3;4;;;;300000;;;;;;;;;;1;;;2
20230311;03;2023;7381235;1;1;01;23;1;461.46687745;23;2;1;4;1;1;2;1;1;3;1;1;1;1;1;1;1;1;6;;3;;;;;300000;;;;;;;;;1;;;1
20230311;03;2023;7381236;1;1;01;23;1;184.59481649;23;2;1;4;1;1;1;1;1;3;1;1;3;2;1;1;1;1;1;3;1;;;60000000;450000;;;1;;;;;;;;;;2
20230311;03;2023;7381237;1;1;01;23;1;232.36907855;23;1;1;4;1;1;1;1;1;3;1;1;3;2;1;1;1;1;1;3;4;;;;400000;;;1;;;;;;;;;;3
20230311;03;2023;7381240;1;1;01;23;1;178.88606046;23;1;1;4;1;5;1;1;1;3;1;1;5;4;1;1;1;1;1;3;1;;;170000000;1000000;;;1;;;;;1;;;;;5
20230311;03;2023;7381241;1;1;01;23;1;288.00148344;23;1;1;4;1;5;1;1;1;3;1;1;3;2;1;1;1;1;1;3;4;;;;1000000;;;1;;;;;;;;;;4
20230311;03;2023;7381242;1;1;01;23;1;239.99409627;23;1;1;4;1;5;1;1;1;3;1;1;5;2;1;1;1;1;1;3;1;;;300000000;1400000;;;1;;;;;1;;;;;3
20230311;03;2023;7381243;1;1;01;23;1;154.75621793;23;1;1;4;1;5;1;1;1;3;1;1;4;3;1;1;1;1;1;3;1;;;200000000;1200000;;;1;;;;;;;;;;5
20230311;03;2023;7381245;1;1;01;23;1;225.00185702;23;2;1;2;1;1;1;1;1;3;1;1;2;1;1;1;1;1;1;3;1;;;5000000;400000;;;;;;;;;;1;;;2
20230311;03;2023;7381246;1;1;01;23;1;195.16361821;23;1;1;4;1;5;1;1;1;3;1;1;4;2;1;1;1;1;1;3;1;;;98;98;;;1;;;;;;;;;;2
20230311;03;2023;7381247;1;1;01;23;1;180.08453546;23;2;1;4;1;3;1;1;1;3;1;1;4;2;1;1;1;1;1;3;3;;;;;800000;;1;;;;;;;;;;3
20230311;03;2023;7381248;1;1;01;23;1;278.93564828;23;2;1;4;1;4;1;1;1;3;1;1;4;2;1;1;1;1;1;3;3;;;;;1350000;;1;;;;;;;;;;3
20230311;03;2023;7381249;1;1;01;23;1;551.28131475;23;2;1;4;1;4;1;1;1;3;1;1;4;2;1;1;1;1;1;3;3;;;;;1600000;;1;;;;;;;;;;3
20230311;03;2023;7381250;1;1;01;23;1;697.1453882;23;2;1;4;1;4;1;1;1;3;1;1;4;3;1;1;1;1;1;3;3;;;;;1600000;;1;;;;;1;;;;;3
20230311;03;2023;7381251;1;1;01;23;1;540.14389536;23;2;1;4;1;4;1;1;1;3;1;1;4;1;1;1;1;1;1;3;3;;;;;1600000;;1;;;;;;;;;;2
20230311;03;2023;7381252;1;1;01;23;1;603.76972439;23;2;1;4;1;4;1;1;1;3;1;1;4;3;1;1;1;1;1;3;1;;;250000000;1700000;;;1;;;;1;;;;;;3
20230311;03;2023;7381254;1;1;01;23;1;357.79555845;23;2;1;4;1;4;1;1;1;3;1;1;4;3;1;1;1;1;3;3;3;;;;;1540000;;;;;;;1;;;;;4
20230311;03;2023;7381259;1;1;01;23;1;252.35485949;23;1;1;2;1;2;1;1;1;3;1;1;3;1;1;1;1;1;1;3;1;;;80000000;800000;;;1;;;;;;;;;;2
20230311;03;2023;7381260;1;1;01;23;1;103.17081195;23;1;1;4;1;3;1;1;1;3;1;1;4;3;1;1;1;1;1;3;1;;;98;900000;;;1;;;;;;;;;;3
20230311;03;2023;7381261;1;1;01;;1;1015.431801;25;1;1;2;1;2;1;1;1;3;1;1;4;2;1;1;1;1;1;3;1;;;120000000;400000;;;1;;;;1;;;;;;2
20230311;03;2023;7381262;1;1;01;;1;777.98010474;25;1;1;4;1;2;1;1;1;3;1;1;5;4;1;1;1;1;1;3;1;;;120000000;500000;;;1;;;;;;;;;;5
20230311;03;2023;7381263;1;1;01;;1;1863.9902607;25;1;1;4;1;2;1;1;1;3;1;1;5;4;1;1;1;1;1;3;1;;;250000000;1000000;;;;;;;;;;1;;;4
20230311;03;2023;7381264;1;1;01;;1;1636.4745032;25;1;1;4;1;2;1;1;1;3;1;1;3;2;1;1;1;1;1;3;4;;;;600000;;;1;;;;;;;;;;3
20230311;03;2023;7381265;1;1;01;;1;650.45979195;25;1;1;4;1;2;1;1;1;3;1;1;4;3;1;1;1;1;1;3;1;;;180000000;1200000;;;1;;;;;;;;;;6
20230311;03;2023;7381267;1;1;01;;1;696.26381287;25;1;1;4;1;2;1;1;1;3;1;1;5;4;1;1;1;1;1;3;1;;;200000000;1300000;;;;;;;1;;;;;;4
20230311;03;2023;7381268;1;1;01;;1;759.32767335;25;1;1;4;1;2;1;1;1;3;1;1;4;3;1;1;1;1;3;3;1;;;150000000;600000;;;1;;;;;1;;;;;3
20230311;03;2023;7381269;1;1;01;;1;1216.1875756;25;2;1;4;1;2;1;1;1;3;1;1;3;2;1;1;1;1;1;3;3;;;;;475000;;;;;;;;;1;;;5
20230311;03;2023;7381271;1;1;01;;1;1983.9404599;25;2;1;2;1;2;1;1;1;3;1;2;3;1;1;2;1;1;1;3;3;;;;;315000;;1;;;;;;;;;;3
20230311;03;2023;7381271;2;2;01;;1;1983.9404599;25;2;1;2;1;2;1;1;1;3;1;2;3;1;1;2;1;1;1;3;3;;;;;315000;;1;;;;;;;;;;2
20230311;03;2023;7381272;1;1;01;;1;1811.5925585;25;2;1;4;1;2;1;1;1;3;1;3;3;1;1;2;1;1;1;3;3;;;;;350000;;1;;;;;;;;;;1
20230311;03;2023;7381272;2;2;01;;1;1811.5925585;25;2;1;4;1;2;1;1;1;3;1;3;3;1;1;2;1;1;1;3;3;;;;;350000;;1;;;;;;;;;;1
20230311;03;2023;7381272;3;3;01;;1;1811.5925585;25;2;1;4;1;2;1;1;1;3;1;3;3;1;1;2;1;1;1;3;3;;;;;350000;;;;;;;;;1;;;1
20230311;03;2023;7381273;1;1;01;;1;1235.3936085;25;2;1;4;1;2;1;1;1;3;1;1;3;2;1;1;1;1;1;3;3;;;;;580000;;1;;;;;;;;;;3
20230311;03;2023;7381274;1;1;01;;1;1682.4249044;25;2;1;4;1;2;1;1;1;3;1;1;3;2;1;1;1;1;3;3;3;;;;;600000;;;;;;;;;1;;;3
20230311;03;2023;7381275;1;1;01;;1;1051.6874482;25;2;1;4;1;3;1;1;1;3;1;1;3;1;1;1;1;1;1;3;4;;;;800000;;;;;;;;;;1;;;1
20230311;03;2023;7381276;1;1;01;;1;578.18648174;25;2;1;4;1;2;1;1;1;3;1;1;3;1;1;1;1;1;1;3;4;;;;800000;;;1;;;;;;;;;;2
20230311;03;2023;7381277;1;1;01;;1;1674.3189234;25;2;1;4;1;2;1;1;1;3;1;2;2;1;1;2;1;1;1;3;3;;;;;350000;;;;;;;;;1;;;3
20230311;03;2023;7381277;2;2;01;;1;1674.3189234;25;2;1;4;1;2;1;1;1;3;1;2;2;1;1;2;1;1;1;3;3;;;;;350000;;1;;;;;;;;;;1
20230311;03;2023;7381278;1;1;01;;1;1141.1501867;25;2;1;2;1;2;1;1;1;3;1;1;3;2;1;1;1;1;1;3;3;;;;;550000;;;;;;;;;1;;;4
20230311;03;2023;7381279;1;1;01;;1;1096.311767;25;2;1;4;1;2;1;1;1;3;1;1;3;2;1;1;1;1;3;3;3;;;;;600000;;;;;;;;;1;;;3
20230311;03;2023;7381281;1;1;01;;1;1779.3842963;25;2;1;4;1;3;1;1;1;3;1;1;3;1;1;1;1;1;1;3;3;;;;;450000;;1;;;;;1;;;;;2
20230311;03;2023;7381282;1;1;01;;1;1520.1238437;25;2;1;4;1;3;1;1;1;3;1;1;3;2;1;1;1;1;1;3;3;;;;;350000;;;;;;;;;1;;;4
20230311;03;2023;7381283;1;1;01;;1;995.12089804;25;2;1;4;1;3;1;1;1;3;1;1;3;2;1;1;1;1;1;3;3;;;;;500000;;1;;;;;;;;;;4
20230311;03;2023;7381284;1;1;01;;1;910.51000361;25;2;1;4;1;3;1;1;1;3;1;1;4;3;1;1;1;1;1;3;2;;290000;130000000;600000;;;1;;;;;;;;;;3
20230311;03;2023;7381285;1;1;01;;1;1926.8910201;25;2;1;4;1;3;1;1;1;3;1;1;4;3;1;1;1;1;1;3;2;;300000;60000000;500000;;;1;;1;;;;;;;;4
20230311;03;2023;7381286;1;1;01;;1;1646.2755993;25;2;1;4;1;3;1;1;1;3;1;1;3;1;1;1;1;1;3;3;3;;;;;600000;;1;;;;;;;;;;2
20230311;03;2023;7381288;1;1;01;;1;1926.8910201;25;2;1;4;1;3;1;1;1;3;1;1;3;2;1;1;1;1;1;3;1;;;360000;500000;;;1;;1;;;;;;;;4
20230311;03;2023;7381289;1;1;01;;1;1809.7800006;25;2;1;4;1;3;1;1;1;3;1;1;3;1;1;1;1;1;1;3;3;;;;;560000;;1;;;;;1;;;;;1
20230311;03;2023;7381290;1;1;01;;1;1779.3842963;25;2;1;4;1;3;1;1;1;3;1;1;3;2;1;1;1;1;1;3;2;;450000;45000000;700000;;;;;;;;;;1;;;2
20230311;03;2023;7381291;1;1;01;;1;650.45979195;25;1;1;4;1;3;1;1;1;3;1;1;6;4;1;1;1;1;1;3;1;;;400000000;1000000;;;1;;;;;;;;;;7
20230311;03;2023;7381293;1;1;01;;1;2275.2289631;25;2;1;4;1;3;2;1;1;3;1;1;2;1;1;1;1;1;1;4;3;;;;;400000;;;;;;;;;1;;;3
20230311;03;2023;7381294;1;1;01;;1;1015.431801;25;2;1;4;1;3;1;1;1;3;1;1;3;2;1;1;1;1;1;3;3;;;;;450000;;1;;;;;;;;;;2
20230311;03;2023;7381295;1;1;01;;1;759.32767335;25;2;1;4;1;3;1;1;1;3;1;1;4;3;1;1;1;1;1;3;3;;;;;500000;;;;;;;;;1;;;3
20230311;03;2023;7381296;1;1;01;;1;1636.4745032;25;2;1;4;1;3;1;1;1;3;1;1;3;1;1;1;1;1;1;3;3;;;;;650000;;1;;;;;;;;;;3
20230311;03;2023;7381298;1;1;01;;1;795.58332057;25;2;1;4;1;3;1;1;1;3;1;1;3;1;1;1;1;1;1;3;1;;;500000000;4000000;;;1;;;;;;;;;;2
20230311;03;2023;7381299;1;1;01;;1;1821.7878735;25;2;1;4;1;3;1;1;1;3;1;1;2;2;1;1;1;1;1;3;3;;;;;500000;;1;;;;;;;;;;4
20230311;03;2023;7381300;1;1;01;;1;979.17615375;25;2;1;4;1;3;2;1;1;3;1;1;4;3;1;1;1;1;1;4;4;;;;400000;;;;;;;;;;1;;;3
20230311;03;2023;7381301;1;1;01;;1;650.45979195;25;2;1;4;1;3;2;1;1;3;1;1;3;2;1;1;1;1;1;4;1;;;300000000;450000;;;1;;;;;;;;;;3
20230309;03;2023;7381302;1;1;01;27;1;52.178184164;27;1;1;4;1;1;2;2;1;3;2;1;5;4;3;1;1;5;3;4;3;;;;;350000;;1;;;;;;;;;;5
20230311;03;2023;7381303;1;1;01;27;1;105.91219449;27;1;1;4;1;3;2;1;1;3;1;1;5;4;1;1;1;1;3;4;4;;;;1000000;;;1;;;;;;;;;;5
20230311;03;2023;7381304;1;1;01;27;1;55.336674454;27;2;1;4;1;1;2;2;1;3;2;1;4;2;2;1;1;5;1;4;3;;;;;400000;;1;;;;;;;;;;3
20230311;03;2023;7381308;1;1;01;27;1;77.51239336;27;2;1;4;1;1;2;2;1;3;2;1;2;1;2;1;1;5;1;4;3;;;;;200000;;1;;;;;;;;;;2
20230311;03;2023;7381309;1;1;01;27;1;98.943138091;27;2;1;4;1;3;2;1;1;3;1;1;3;1;1;1;1;1;3;4;1;;;100000000;900000;;;1;;;;;;;;;;1
20230311;03;2023;7381310;1;1;01;27;1;65.096156517;27;2;1;4;1;3;2;1;1;3;1;1;5;2;1;1;1;1;1;4;1;;;100000000;600000;;1;1;;;;;;;;;;2
20230311;03;2023;7381311;1;1;01;27;1;96.466809368;27;1;1;4;1;3;2;1;1;3;1;1;4;1;1;1;1;1;1;4;1;;;80000000;600000;;;1;;;;;;;;;;2
20230311;03;2023;7381314;1;1;01;27;1;84.374868078;27;1;1;4;1;1;2;2;1;3;2;1;3;1;2;1;1;5;1;4;4;;;;250000;;;;;;;;;;1;;;1
20230311;03;2023;7381315;1;1;01;27;1;100.41092356;27;1;1;2;1;1;2;2;1;3;2;1;4;3;2;1;1;5;1;4;1;;;10000000;200000;;;;;;;;;;1;;;6
20230311;03;2023;7381316;1;1;01;27;1;58.632808706;27;2;1;4;1;1;2;2;1;3;2;1;3;1;2;1;1;5;1;4;4;;;;400000;;;1;;;;;;;;;;1
20230311;03;2023;7381317;1;1;01;27;1;70.542792898;27;2;1;4;1;1;2;2;1;3;2;1;3;1;3;1;1;5;1;4;3;;;;;350000;;;;;;;;;1;;;1
20230311;03;2023;7381318;1;1;01;27;1;46.869005171;27;1;1;4;1;1;2;2;1;3;2;1;3;2;2;1;1;5;1;4;1;;;60000000;500000;;;;;;;;;;1;;;3
20230311;03;2023;7381319;1;1;01;27;1;83.368755243;27;2;1;2;1;1;2;2;1;3;2;1;3;1;2;1;1;5;1;4;3;;;;;200000;;;;;;;;;1;;;1
20230311;03;2023;7381320;1;1;01;27;1;32.550100459;27;1;1;4;1;1;2;2;1;3;2;1;6;4;2;1;1;5;1;4;4;;;;500000;;;;;;;;;;1;;;7
20230311;03;2023;7381321;1;1;01;27;1;75.753340101;27;2;1;4;1;1;2;2;1;3;2;1;3;1;2;1;1;5;1;4;4;;;;400000;;;;;;;;;;1;;;1
20230311;03;2023;7381323;1;1;01;27;1;43.923541849;27;2;1;4;1;1;2;2;1;3;2;1;3;2;2;1;1;5;1;4;3;;;;;300000;;;;;;;;;1;;;2
20230311;03;2023;7381324;1;1;01;27;1;50.502226734;27;2;1;4;1;1;2;2;1;3;2;1;3;1;2;1;1;5;1;4;3;;;;;300000;;1;;;;;;;;;;1
20230311;03;2023;7381326;1;1;01;27;1;81.701327381;27;1;1;4;1;3;2;1;1;3;1;1;5;4;1;1;1;1;1;4;1;;;300000000;800000;;;1;;;;;;;;;;3
20230311;03;2023;7381327;1;1;01;27;1;137.93763345;27;1;1;2;1;3;2;1;1;3;1;1;7;3;1;1;1;1;1;4;1;;;400000000;600000;;;1;;;;;;;;;;3
20230311;03;2023;7381330;1;1;01;27;1;92.509020232;27;1;1;2;1;3;2;1;1;3;1;1;4;2;1;1;1;1;1;4;3;;;;;500000;;;;;;;;;1;;;4
20230311;03;2023;7381331;1;1;01;27;1;79.97004042;27;1;1;4;1;1;2;2;1;3;2;1;3;2;3;1;1;5;1;4;1;;;400000000;600000;;;1;;;;;;;;;;3
20230311;03;2023;7381332;1;1;01;27;1;57.766002251;27;1;1;2;1;1;2;2;1;3;2;1;3;1;3;1;1;5;1;4;4;;;;200000;;;;;;;;;;1;;;1
20230311;03;2023;7381335;1;1;01;27;1;52.780416133;27;1;1;2;1;1;2;2;1;3;2;1;5;4;3;1;1;5;1;4;4;;;;250000;;;;;;;;;;1;;;4
20230311;03;2023;7381336;1;1;01;27;1;80.418319953;27;2;1;2;1;1;2;2;1;3;2;1;3;2;3;1;1;5;1;4;3;;;;;320000;;1;;;;;;;;;;3
20230311;03;2023;7381337;1;1;01;27;1;49.679152646;27;2;1;4;1;1;2;2;1;3;2;1;3;2;3;1;1;5;1;4;4;;;;500000;;;;;;;;;;1;;;2
20230311;03;2023;7381338;1;1;01;27;1;58.60193962;27;2;1;4;1;1;2;2;1;3;2;1;4;2;3;1;1;5;4;4;3;;;;;500000;;1;;;;;;;;;;2
20230311;03;2023;7381341;1;1;01;27;1;74.627126473;27;1;1;3;1;1;2;2;1;3;2;1;2;1;3;1;1;5;2;4;4;;;;300000;;;;;;;;;;1;;;4
20230311;03;2023;7381342;1;1;01;27;1;63.801850305;27;2;1;4;1;1;2;2;1;3;2;1;3;2;3;1;1;5;3;4;3;;;;;350000;;1;;;;;;;;;;3
20230311;03;2023;7381343;1;1;01;27;1;62.070884214;27;2;1;2;1;1;2;2;1;3;2;1;4;3;3;1;1;5;3;4;3;;;;;210000;;1;;;;;;;;;;6
20230311;03;2023;7381344;1;1;01;27;1;63.801850305;27;1;1;4;1;1;2;2;1;3;2;1;4;3;3;1;1;5;1;4;4;;;;400000;;;1;;;;;;;;;;3
20230311;03;2023;7381346;1;1;01;27;1;53.322463616;27;1;1;2;1;1;2;2;1;3;2;1;4;1;3;1;1;5;6;;1;;;80000000;350000;;;1;;;;;;;;;;1
20230311;03;2023;7381347;1;1;01;27;1;59.400854876;27;2;1;4;1;1;2;2;1;3;2;1;3;1;2;1;1;5;3;4;3;;;;;600000;;1;;;;;;;;;;1
20230311;03;2023;7381348;1;1;01;27;1;65.741794659;27;1;1;4;1;1;2;2;1;3;2;1;4;3;3;1;1;5;3;4;4;;;;400000;;;1;;;;;;;;;;3
20230311;03;2023;7381349;1;1;01;27;1;92.584659814;27;1;1;2;1;1;2;2;1;3;2;1;5;2;2;1;1;5;3;4;1;;;90000000;500000;;;;;;;;;;1;;;2
20230311;03;2023;7381350;1;1;01;27;1;65.741794659;27;1;1;2;1;1;2;2;1;3;2;1;4;2;3;1;1;5;3;4;3;;;;;450000;;1;;;;;;;;;;3
20230311;03;2023;7381352;1;1;01;27;1;74.232295341;27;1;1;4;1;1;2;2;1;3;2;1;3;2;3;1;1;5;3;4;1;;;75000000;800000;;;1;;;;;;;;;;3
20230311;03;2023;7381353;1;1;01;27;1;60.853357194;27;1;1;4;1;1;2;2;1;3;2;1;3;2;3;1;1;5;3;1;4;;;;500000;;;1;;;;1;;;;;;4
20230311;03;2023;7381354;1;1;01;27;1;76.955774071;27;1;1;4;1;1;2;2;1;3;2;1;3;1;3;1;1;5;1;4;3;;;;;400000;;1;;;;;;;;;;1
20230311;03;2023;7381356;1;1;01;27;1;61.472667277;27;1;1;4;1;1;2;2;1;3;2;1;4;3;3;1;1;5;3;4;3;;;;;200000;;;;;;;;;1;;;6
20230311;03;2023;7381357;1;1;01;27;1;42.63730152;27;1;1;2;1;2;2;2;1;3;1;1;3;1;2;1;1;1;1;4;4;;;;400000;;;1;;;;;;;;;;1
20230311;03;2023;7381358;1;1;01;27;1;57.716830553;27;2;1;4;1;2;2;2;1;3;1;1;3;1;2;1;1;1;3;4;3;;;;;500000;;1;;;;;;;;;;1
20230311;03;2023;7381359;1;1;01;27;1;63.541396131;27;2;1;4;1;1;2;2;1;3;2;1;3;2;3;1;1;5;3;4;3;;;;;400000;;1;;;;;;;;;;3
20230311;03;2023;7381360;1;1;01;27;1;61.76458385;27;1;1;4;1;1;2;2;1;3;2;1;3;2;3;1;1;5;3;4;1;;;60000000;800000;;;1;;;;;;;;;;2
20230311;03;2023;7381361;1;1;01;27;1;57.680441594;27;1;1;2;1;1;2;2;1;3;2;1;3;2;2;1;1;5;3;4;4;;;;700000;;;;;;;;;;1;;;4
20230311;03;2023;7381362;1;1;01;27;1;67.008924235;27;2;1;4;1;1;2;2;1;3;2;1;2;1;3;1;1;5;6;;4;;;;400000;;;;;;;;;;1;;;1
20230311;03;2023;7381363;1;1;01;27;1;70.785879425;27;2;1;4;1;1;2;2;1;3;2;1;5;4;3;1;1;5;3;4;1;;;90000000;600000;;;1;;;;1;;;;;;6
20230311;03;2023;7381365;1;1;01;27;1;80.482697643;27;1;1;4;1;1;2;2;1;3;2;1;5;3;2;1;1;5;3;4;3;;;;;600000;;;;;;;;;1;;;4
20230311;03;2023;7381366;1;1;01;27;1;78.302270829;27;2;1;4;1;1;2;2;1;3;2;1;3;2;2;1;1;5;3;4;3;;;;;600000;;1;;;;;;;;;;3
20230311;03;2023;7381367;1;1;01;27;1;53.747539838;27;1;1;4;1;1;2;2;1;3;2;1;4;2;2;1;1;5;3;4;1;;;90000000;1000000;;;;;;;;;;1;;;3
20230311;03;2023;7381368;1;1;01;27;1;54.845711093;27;2;1;4;1;1;2;2;1;3;2;1;4;3;2;1;1;5;3;4;3;;;;;600000;;1;;;;;;;;;;3
20230311;03;2023;7381369;1;1;01;27;1;54.599374848;27;1;1;4;1;1;2;2;1;3;2;1;3;2;3;1;1;5;3;4;4;;;;200000;;;;;;;;;;1;;;4
20230311;03;2023;7381370;1;1;01;27;1;52.176449009;27;1;1;2;1;1;2;2;1;3;2;1;3;1;2;1;1;5;1;4;1;;;20000000;150000;;;;;;;;;;1;;;2
20230311;03;2023;7381371;1;1;01;27;1;59.64512248;27;1;2;3;1;1;2;2;1;3;2;1;4;3;3;1;1;5;4;1;1;;;25000000;200000;;;1;;;;;;;;;;3
20230311;03;2023;7381372;1;1;01;27;1;49.573429539;27;1;1;2;1;1;2;2;1;3;2;1;3;2;3;1;1;5;1;4;4;;;;250000;;;;;;;;;;1;;;5
20230311;03;2023;7381373;1;1;01;27;1;36.770797048;27;1;1;2;1;1;2;2;1;3;2;1;3;2;3;1;1;5;1;4;1;;;30000000;150000;;;1;;;;;;;;;;3
20230311;03;2023;7381374;1;1;01;27;1;46.875311974;27;1;1;2;1;1;2;2;1;3;2;1;3;2;3;1;1;5;4;4;4;;;;150000;;;;;;;;;;1;;;3
20230311;03;2023;7381375;1;1;01;27;1;50.823840964;27;1;1;4;1;1;2;2;1;3;2;1;4;3;3;1;1;5;3;4;4;;;;300000;;;1;;;;;;;;;;3
20230311;03;2023;7381376;1;1;01;27;1;54.874566575;27;1;5;3;1;1;2;2;1;3;2;1;3;2;3;1;1;5;4;1;1;;;10000000;250000;;;;;;;;;;1;;;4
20230311;03;2023;7381377;1;1;01;27;1;67.380145116;27;1;1;2;1;1;2;2;1;3;2;1;5;4;3;1;1;5;1;4;1;;;70000000;350000;;;1;;;;;;;;;;10
20230311;03;2023;7381378;1;1;01;27;1;54.004457706;27;1;1;2;1;1;2;2;1;3;2;1;5;4;3;1;1;5;1;4;1;;;60000000;500000;;;;;;;;;;1;;;5
20230311;03;2023;7381379;1;1;01;27;1;51.322933782;27;1;1;2;1;1;2;2;1;3;2;1;5;3;3;1;1;5;3;4;1;;;100000000;300000;;;1;;;;;;;;;;4
20230311;03;2023;7381380;1;1;01;27;1;44.179526576;27;1;1;2;1;1;2;2;1;3;2;1;4;3;3;1;1;5;1;4;3;;;;;100000;;;;;;;;;1;;;4
20230311;03;2023;7381383;1;1;01;27;1;46.720754671;27;1;1;2;1;1;2;2;1;3;2;1;5;4;3;1;1;5;1;4;1;;;80000000;300000;;;;;;;;;;1;;;6
20230311;03;2023;7381385;1;1;01;27;1;45.216000407;27;1;1;4;1;1;2;2;1;3;2;1;4;3;3;1;1;5;1;4;1;;;60000000;250000;;;;;;;;;;1;;;5
20230311;03;2023;7381386;1;1;01;27;1;35.520355913;27;1;1;2;1;1;2;2;1;3;2;1;3;2;3;1;1;5;1;4;4;;;;250000;;;;;;;;;;1;;;3
20230311;03;2023;7381387;1;1;01;27;1;47.564095099;27;1;1;2;1;1;2;2;1;3;2;1;3;2;3;1;1;5;1;4;3;;;;;250000;;;;;;;;;1;;;2
20230311;03;2023;7381390;1;1;01;27;1;49.238267282;27;1;1;2;1;1;2;2;1;3;2;1;4;2;2;1;1;5;1;4;4;;;;250000;;;;;;;;;;1;;;2
20230311;03;2023;7381391;1;1;01;27;1;34.313657694;27;1;1;2;1;1;2;2;1;3;1;1;6;3;2;1;1;1;3;4;3;;;;;450000;;;;;;;;;1;;;2
20230311;03;2023;7381392;1;1;01;27;1;46.893587887;27;2;1;2;1;1;2;2;1;3;1;1;2;1;3;1;1;1;3;4;4;;;;500000;;;;;;;;;;1;;;2
20230311;03;2023;7381393;1;1;01;27;1;48.49200492;27;1;1;4;1;1;2;2;1;3;1;1;5;4;3;1;1;1;1;4;4;;;;500000;;;1;;;;;;;;;;5
20230311;03;2023;7381394;1;1;01;27;1;33.32653976;27;1;1;4;1;1;2;2;1;3;1;1;3;1;2;1;1;1;3;4;3;;;;;450000;;1;;;;;;;;;;1
20230311;03;2023;7381395;1;1;01;27;1;60.754744832;27;1;1;4;1;1;2;2;1;3;1;1;4;3;3;1;1;1;3;4;4;;;;450000;;;;;;;;;;1;;;7
20230311;03;2023;7381396;1;1;01;27;1;39.13547332;27;2;1;4;1;1;2;2;1;3;1;1;3;2;3;1;1;1;3;4;3;;;;;500000;;1;;;;;;;;;;3
20230311;03;2023;7381397;1;1;01;27;1;36.014275497;27;1;1;4;1;1;2;2;1;3;1;1;4;1;2;1;1;1;3;4;1;;;80000000;600000;;;1;;;;;;;;;;2
20230311;03;2023;7381399;1;1;01;27;1;28.575421986;27;1;1;2;1;1;2;2;1;3;1;1;2;1;2;1;1;1;1;4;4;;;;300000;;;1;;;;;;;;;;2
20230311;03;2023;7381400;1;1;01;27;1;30.65433307;27;1;1;2;1;1;2;2;1;3;1;1;4;3;3;1;1;1;1;4;4;;;;500000;;;1;;;;;;;;;;4
20230311;03;2023;7381401;1;1;01;27;1;25.818778247;27;1;1;2;1;1;2;2;1;3;1;1;4;3;2;1;1;1;1;4;3;;;;;350000;;;;;;;;;1;;;4
20230311;03;2023;7381402;1;1;01;27;1;35.544319147;27;1;1;2;1;1;2;2;1;3;1;1;5;4;3;1;1;1;1;4;1;;;70000000;300000;;;1;;;;;;;;;;8
20230311;03;2023;7381404;1;1;01;27;1;47.990217254;27;2;1;4;1;3;2;1;1;7;1;1;3;1;1;1;1;1;3;4;3;;;;;700000;;;;;;;;;1;;;1
20230311;03;2023;7381405;1;1;01;27;1;51.496716488;27;1;1;4;1;1;2;2;1;3;1;1;5;2;2;1;1;1;1;4;1;;;98;98;;;1;;;;;;;;;;3
20230311;03;2023;7381406;1;1;01;27;1;61.220366837;27;2;1;4;1;3;2;1;1;7;1;1;3;1;1;1;1;1;3;4;3;;;;;1000000;;1;;;;;1;;;;;2
20230311;03;2023;7381408;1;1;01;27;1;35.547844703;27;1;1;2;1;1;2;2;1;3;1;1;4;3;3;1;1;1;1;4;1;;;90000000;300000;;;1;;;;;;;;;;3
20230311;03;2023;7381409;1;1;01;27;1;23.904002017;27;1;1;2;1;1;2;2;1;3;1;1;4;3;2;1;1;1;1;4;3;;;;;200000;;;;;;;;;1;;;6
20230311;03;2023;7381410;1;1;01;27;1;37.384556933;27;1;1;4;1;1;2;2;1;3;1;1;4;1;2;1;1;1;3;4;3;;;;;500000;;1;;1;;;1;;;;;1
20230311;03;2023;7381411;1;1;01;27;1;38.399672301;27;1;1;2;1;1;2;2;1;3;1;1;4;3;2;1;1;1;1;4;4;;;;200000;;;;;;;;;;1;;;5
20230311;03;2023;7381412;1;1;01;27;1;69.260196663;27;2;1;4;1;3;2;1;1;7;1;1;4;1;1;1;1;1;6;;3;;;;;500000;;1;;;;;;;;;;1
20230311;03;2023;7381413;1;1;01;27;1;47.990217254;27;2;1;4;1;3;2;1;1;7;1;1;4;1;1;1;1;1;3;4;4;;;;650000;;;1;;;;;;;;;;1
20230311;03;2023;7381414;1;1;01;27;1;48.595484132;27;2;1;4;1;3;2;1;1;7;1;1;4;2;1;1;1;1;3;4;3;;;;;620000;;1;;;;;;;;;;2
20230311;03;2023;7381415;1;1;01;27;1;51.009638532;27;2;1;4;1;3;2;1;1;7;1;1;4;2;1;1;1;1;3;4;3;;;;;800000;;1;;;;;1;;;;;3
20230311;03;2023;7381416;1;1;01;27;1;69.974857084;27;2;1;4;1;3;2;1;1;7;1;1;3;2;1;1;1;1;3;4;3;;;;;680000;;1;;;;;;;;;;5
20230311;03;2023;7381417;1;1;01;27;1;94.828626272;27;2;1;4;1;3;2;1;1;7;1;1;5;3;1;1;1;1;3;4;3;;;;;500000;;;;;;;;;1;;;7
20230311;03;2023;7381418;1;1;01;27;1;69.260196663;27;2;1;4;1;3;2;1;1;7;1;1;3;1;1;1;1;1;6;;3;;;;;400000;;1;;;;;;;;;;1
20230311;03;2023;7381419;1;1;01;27;1;60.699996748;27;2;1;4;1;1;2;2;1;3;2;1;3;2;2;1;1;5;1;4;3;;;;;300000;;;;;;;;;1;;;4
20230311;03;2023;7381420;1;1;01;27;1;48.878924981;27;2;1;4;1;1;2;2;1;3;2;1;3;1;3;1;1;5;4;4;3;;;;;350000;;;;;;;;;1;;;1
20230311;03;2023;7381421;1;1;01;27;1;35.738092925;27;2;1;2;1;1;2;1;1;3;1;1;3;1;1;1;1;5;1;4;4;;;;300000;;;;;;;;;;1;;;1
20230311;03;2023;7381422;1;1;01;27;1;33.423387195;27;1;1;4;1;1;2;1;1;3;1;1;4;3;1;1;1;1;3;4;1;;;20000000;350000;;;;;;;;;;1;;;4
20230311;03;2023;7381424;1;1;01;27;1;34.109841216;27;2;1;2;1;1;2;1;1;3;1;1;3;1;1;1;1;1;3;1;4;;;;200000;;;;;;;;;;1;;;1
20230311;03;2023;7381425;1;1;01;27;1;40.237813629;27;1;1;2;1;1;2;1;1;3;1;1;4;3;1;1;1;1;3;4;1;;;20000000;300000;;;;;;;;;;1;;;5
20230311;03;2023;7381426;1;1;01;27;1;56.498429105;27;2;1;2;1;1;2;1;1;3;1;1;4;3;1;1;1;1;1;4;4;;;;300000;;;1;;;;;;;;;;3
20230311;03;2023;7381427;1;1;01;27;1;46.913110806;27;2;1;2;1;1;2;1;1;3;1;1;3;2;1;1;1;1;4;4;1;;;55000000;250000;;;;;;;;;;1;;;4
20230311;03;2023;7381428;1;1;01;27;1;46.173464442;27;1;1;2;1;1;2;1;1;3;1;1;4;1;1;1;1;1;3;4;4;;;;300000;;;1;;;;;;;;;;1
20230311;03;2023;7381429;1;1;01;27;1;22.262907656;27;2;1;2;1;1;2;1;1;3;1;1;3;2;1;1;1;1;3;4;1;;;50000000;350000;;;;;;;;;;1;;;4
20230311;03;2023;7381431;1;1;01;27;1;57.716830553;27;2;1;2;1;1;2;1;1;3;1;1;3;1;1;1;1;1;1;4;4;;;;300000;;;1;;;;;;;;;;1
20230311;03;2023;7381432;1;1;01;27;1;57.716830553;27;1;1;4;1;1;2;1;1;3;1;1;4;1;1;1;1;1;3;4;4;;;;250000;;;1;;;;;;;;;;1
20230311;03;2023;7381433;1;1;01;27;1;56.272305465;27;2;1;4;1;1;2;1;1;3;1;1;3;2;1;1;1;1;3;4;1;;;65000000;400000;;;;;;;;;;1;;;2
20230311;03;2023;7381434;1;1;01;27;1;56.858763027;27;2;1;2;1;1;2;1;1;3;1;1;4;3;1;1;1;1;1;4;4;;;;300000;;;;;;;;;;1;;;4
20230311;03;2023;7381435;1;1;01;27;1;56.858763027;27;2;1;2;1;1;2;1;1;3;1;1;4;3;2;1;1;1;1;4;1;;;90000000;300000;;;1;;;;;;;;;;4
20230311;03;2023;7381436;1;1;01;27;1;53.386055407;27;2;1;2;1;1;2;1;1;3;1;1;4;3;1;1;1;1;4;4;1;;;60000000;300000;;;;;;;;;;1;;;4
20230311;03;2023;7381437;1;1;01;27;1;60.331470647;27;1;1;4;1;1;2;1;1;3;1;1;4;3;1;1;1;1;3;4;4;;;;350000;;;;;;;;;;1;;;4
20230311;03;2023;7381438;1;1;01;27;1;43.692573631;27;2;1;4;1;1;2;1;1;3;1;1;3;3;1;1;1;1;3;4;1;;;60000000;400000;;;1;;;;;;;;;;4
20230311;03;2023;7381439;1;1;01;27;1;52.234125977;27;1;1;4;1;1;2;1;1;3;1;1;4;2;1;1;1;1;3;4;1;;;25000000;400000;;;;;;;;;;1;;;4
20230311;03;2023;7381440;1;1;01;27;1;43.821843041;27;2;1;2;1;1;2;1;1;3;1;1;3;2;1;1;1;1;1;4;1;;;90000000;300000;;;1;;;;;;;;;;2
20230311;03;2023;7381441;1;1;01;27;1;47.990217254;27;2;1;4;1;3;2;1;1;7;1;1;3;1;1;1;1;1;3;4;4;;;;1000000;;;1;;;;;1;;;;;1
20230311;03;2023;7381444;1;1;01;27;1;54.388760455;27;1;1;2;1;1;2;2;1;3;2;1;4;3;2;1;1;5;1;4;1;;;30000000;400000;;;1;;;;;;;;;;6
20230311;03;2023;7381445;1;1;01;27;1;71.073453784;27;1;1;2;1;1;2;2;1;3;2;1;4;3;2;1;1;5;1;4;1;;;25000000;450000;;;1;;;;;;;;;;4
20230311;03;2023;7381446;1;1;01;27;1;71.073453784;27;1;1;2;1;1;2;2;1;3;2;1;4;3;3;1;1;5;1;4;4;;;;400000;;;1;;;;;;;;;;4
20230311;03;2023;7381447;1;1;01;27;1;55.840770196;27;1;1;2;1;1;2;2;1;3;2;1;2;1;3;1;1;5;1;4;3;;;;;300000;;1;;;;;;;;;;1
20230311;03;2023;7381448;1;1;01;27;1;41.33447559;27;1;1;2;1;1;2;2;1;3;2;1;4;3;3;1;1;4;1;4;1;;;70000000;350000;;;1;;;;;;;;;;4
20230311;03;2023;7381449;1;1;01;27;1;84.244857267;27;2;1;4;1;1;2;2;1;3;2;1;4;2;2;1;1;5;1;4;3;;;;;500000;;;;;;;;;1;;;4
20230311;03;2023;7381450;1;1;01;27;1;67.078032715;27;2;1;4;1;1;2;2;1;3;2;1;3;2;2;1;1;5;3;4;3;;;;;500000;;1;;;;;;;;;;2
20230311;03;2023;7381451;1;1;01;27;1;50.77276472;27;2;1;4;1;1;2;2;1;3;2;1;3;2;2;1;1;5;3;4;3;;;;;650000;;;;;;;;;1;;;2
20230309;03;2023;7381453;1;1;01;41;1;176.12451956;41;2;1;4;1;1;1;1;1;3;1;1;3;2;1;1;1;1;1;3;3;;;;;460000;;;;;;;;;1;1;;5
20230311;03;2023;7381454;1;1;01;41;1;282.21708325;41;1;1;4;1;2;1;1;1;3;1;1;2;1;1;1;1;1;1;3;3;;;;;700000;;;;;;;;;1;;;4
20230311;03;2023;7381455;1;1;01;41;1;301.60982181;41;2;1;4;1;2;1;1;1;3;1;1;4;3;1;1;1;1;1;3;4;;;;500000;;;1;;;;;;;;;;4
20230311;03;2023;7381456;1;1;01;41;1;201.38587165;41;1;1;4;1;2;1;1;1;3;1;1;3;2;1;1;1;1;3;3;4;;;;500000;;;;;;;;;;1;;;2
20230311;03;2023;7381457;1;1;01;41;1;167.43428767;41;1;1;4;1;2;1;1;1;3;1;1;3;2;1;1;1;1;1;3;4;;;;500000;;;1;;;;;;;;;;2
20230311;03;2023;7381458;1;1;01;41;1;201.38587165;41;1;1;4;1;2;1;1;1;3;1;1;3;1;1;1;1;1;1;3;4;;;;500000;;;1;;;;;;;;;;2
20230311;03;2023;7381460;1;1;01;41;1;252.43928999;41;2;1;4;1;2;1;1;1;3;1;1;4;3;1;1;1;1;4;3;3;;;;;580000;;;;;;;;;1;;;5
20230311;03;2023;7381461;1;1;01;41;1;205.52192949;41;1;1;4;1;2;1;1;1;3;1;1;4;1;1;1;1;1;1;3;3;;;;;450000;;1;;;;;;;;;;1
20230311;03;2023;7381462;1;1;01;41;1;116.92039707;41;2;1;2;1;2;1;1;1;3;1;1;3;1;1;1;1;1;1;3;4;;;;350000;;;;;;;;;;1;;;1
20230311;03;2023;7381463;1;1;01;41;1;172.22083457;41;2;1;2;1;2;1;1;1;3;1;1;3;2;1;1;1;1;1;3;4;;;;300000;;;1;;;;;;;;;;3
20230311;03;2023;7381464;1;1;01;41;1;207.16698705;41;2;1;4;1;2;1;1;1;3;1;1;3;1;1;1;1;1;1;3;3;;;;;570000;;1;;;;;;;;;;1
20230311;03;2023;7381465;1;1;01;41;1;205.934154;41;1;1;4;1;2;1;1;1;3;1;1;4;3;1;1;1;1;1;3;2;;1300000;99;450000;;;1;;;;;1;;;;;4
20230311;03;2023;7381466;1;1;01;41;1;154.46687604;41;1;1;4;1;2;1;1;1;3;1;1;4;3;1;1;1;1;1;3;4;;;;500000;;;1;;;;;;;;;;3
20230311;03;2023;7381467;1;1;01;41;1;387.0411742;41;2;1;4;1;2;1;1;1;3;1;1;3;2;1;1;1;1;1;3;3;;;;;500000;;1;;;;;;;;;;6
20230311;03;2023;7381469;1;1;01;41;1;335.77889158;41;1;1;4;1;2;1;1;1;3;1;1;3;2;1;1;1;1;3;3;3;;;;;500000;;;;;;;;;1;;;3
20230311;03;2023;7381470;1;1;01;41;1;156.41510426;41;1;1;2;1;2;1;1;1;3;1;1;3;2;1;1;1;1;1;3;3;;;;;400000;;;;;;;;;1;;;4
20230311;03;2023;7381471;1;1;01;41;1;264.16429169;41;1;1;2;1;2;1;1;1;3;1;1;4;3;1;1;1;1;3;3;3;;;;;280000;;1;;;;;;;;;;6
20230311;03;2023;7381474;1;1;01;41;1;155.1461873;41;2;1;4;1;2;1;1;1;3;1;1;4;3;1;1;1;1;3;3;4;;;;500000;;;1;;;;;;;;;;3
20230311;03;2023;7381475;1;1;01;41;1;161.10869732;41;2;1;4;1;2;1;1;1;3;1;1;4;1;1;1;1;1;1;1;1;;;99;500000;;;1;;;;;;;;;;2
20230311;03;2023;7381476;1;1;01;41;1;165.73358964;41;1;1;4;1;2;1;1;1;3;1;1;4;1;1;1;1;1;3;3;4;;;;500000;;;1;;;;;;;;;;1
20230311;03;2023;7381477;1;1;01;41;1;306.72127247;41;1;1;4;1;2;1;1;1;3;1;1;4;2;1;1;1;1;1;3;3;;;;;500000;;1;;;;;;;;;;2
20230311;03;2023;7381479;1;1;01;41;1;345.09972379;41;1;1;4;1;2;1;1;1;3;1;1;3;2;1;1;1;1;1;3;3;;;;;400000;;1;;;;;;;;;;3
20230311;03;2023;7381480;1;1;01;41;1;192.88798695;41;1;1;4;1;2;1;1;1;3;1;1;4;3;1;1;1;1;1;3;1;;;150000000;600000;;;1;;;;;1;;;;;4
20230311;03;2023;7381481;1;1;01;41;1;226.52801586;41;2;1;4;1;4;1;1;1;3;1;1;4;2;1;1;1;1;1;3;3;;;;;800000;;1;;;;1;1;;;;;2
20230311;03;2023;7381482;1;1;01;41;1;186.77184543;41;2;1;4;1;4;1;1;1;3;1;1;4;1;1;1;1;1;1;3;3;;;;;950000;1;1;;;;;1;;;;;1
20230311;03;2023;7381483;1;1;01;41;1;247.16415702;41;2;1;4;1;2;1;1;1;3;1;1;3;2;1;1;1;1;3;3;2;;6000000;15000000;500000;;;;;;;;;;1;;;3
20230311;03;2023;7381484;1;1;01;41;1;280.20637556;41;2;1;4;1;4;1;1;1;3;1;1;4;2;1;1;1;1;1;3;3;;;;;1100000;;1;;;;;1;;;;;2
20230311;03;2023;7381486;1;1;01;41;1;272.54780194;41;2;1;4;1;4;1;1;1;3;1;1;4;2;1;1;1;1;1;3;1;;;200000000;1200000;;;1;;;;;;;;;;2
20230311;03;2023;7381487;1;1;01;41;1;275.69489203;41;1;1;4;1;2;1;1;1;3;1;1;3;1;1;1;1;1;1;3;3;;;;;600000;;1;;;;;;;;;;2
20230311;03;2023;7381490;1;1;01;41;1;179.76458739;41;2;1;4;1;4;1;1;1;3;1;1;4;2;1;1;1;1;1;3;4;;;;1000000;;;1;;;;1;1;;;;;2
20230311;03;2023;7381491;1;1;01;41;1;218.96672386;41;2;1;4;1;2;1;1;1;3;1;1;3;2;1;1;1;1;1;3;3;;;;;500000;;1;;;;;;;;;;2
20230311;03;2023;7381492;1;1;01;41;1;217.18084198;41;2;1;4;1;3;1;1;1;3;1;1;4;1;1;1;1;1;1;3;3;;;;;1350000;;1;;;;;;;;;;2
20230311;03;2023;7381493;1;1;01;41;1;255.83153644;41;2;1;4;1;2;1;1;1;3;1;1;3;2;1;1;1;1;1;3;3;;;;;350000;;1;;;;;;;;;;3
20230311;03;2023;7381495;1;1;01;41;1;129.9115523;41;1;1;2;1;2;1;1;1;3;1;1;4;1;1;1;1;1;3;3;1;;;99;99;;;;;;;;;;1;;;1
20230311;03;2023;7381496;1;1;01;41;1;155.37524028;41;2;1;4;1;2;1;1;1;3;1;1;3;1;1;1;1;1;3;3;3;;;;;500000;;;;;;;;;1;;;1
20230311;03;2023;7381497;1;1;01;41;1;94.194035364;41;1;1;1;1;1;1;1;1;3;1;1;1;1;1;1;1;1;6;;4;;;;130000;;;;;;;;;;1;;;1
20230311;03;2023;7381498;1;1;01;41;1;111.63557954;41;2;1;2;1;1;1;1;1;3;1;1;3;2;1;1;1;1;1;3;3;;;;;200000;;1;;;;;;;;;;3
20230311;03;2023;7381500;1;1;01;41;1;94.457575945;41;2;1;2;1;1;1;1;1;3;1;1;2;1;1;1;1;1;3;3;3;;;;;150000;;;;;;;;;1;;;2
20230311;03;2023;7381501;1;1;01;41;1;150.50201083;41;1;1;4;1;2;1;1;1;3;1;1;3;2;1;1;1;1;1;3;1;;;100000000;500000;;;1;;;;1;;;;;;2
20230311;03;2023;7381503;1;1;01;41;1;161.89599828;41;2;1;4;1;2;1;1;1;3;1;1;2;1;1;1;1;1;1;3;3;;;;;350000;;1;;;;;;;;;;1
20230311;03;2023;7381504;1;1;01;41;1;169.67944541;41;2;1;4;1;2;1;1;1;3;1;1;4;3;1;1;1;1;1;3;3;;;;;450000;;1;;;;;;;;;;3
20230311;03;2023;7381505;1;1;01;41;1;96.199917882;41;2;1;2;1;1;1;1;1;3;1;1;3;2;1;1;1;1;1;3;3;;;;;200000;;;;;;1;;;;;;4
20230311;03;2023;7381506;1;1;01;41;1;125.55549232;41;2;1;4;1;2;1;1;1;3;1;1;3;1;1;1;1;1;3;3;3;;;;;500000;;;;;;;;;1;;;2
20230311;03;2023;7381507;1;1;01;41;1;164.34892514;41;1;1;1;1;1;2;1;1;3;1;1;3;2;1;1;1;1;1;5;5;;;;300000;;;;;;;;;;1;;;7
20230311;03;2023;7381508;1;1;01;41;1;87.877471265;41;1;1;2;1;1;1;1;1;3;1;1;3;1;1;1;1;1;3;3;5;;;;300000;;;;;;;;;;1;;;2
20230311;03;2023;7381509;1;1;01;41;1;157.56016173;41;1;1;4;1;2;1;1;1;3;1;1;4;2;1;1;1;1;1;3;1;;;90000000;450000;;;1;;;;;;;;;;2
20230311;03;2023;7381510;1;1;01;41;1;195.26239181;41;1;2;2;1;1;2;1;1;3;1;1;3;2;1;1;1;1;1;4;5;;;;250000;;;1;;;;;;;;;;8
20230311;03;2023;7381511;1;1;01;41;1;151.03940374;41;2;1;4;1;2;1;1;1;3;1;1;4;1;1;1;1;1;1;3;1;;;150000000;500000;;;1;;;;;;;;;;2
20230311;03;2023;7381512;1;1;01;41;1;130.82091729;41;1;1;2;1;1;2;1;1;3;1;1;2;1;1;1;1;1;1;4;4;;;;300000;;;;;;;;;;1;;;4
20230311;03;2023;7381513;1;1;01;41;1;142.0947435;41;1;1;2;1;1;2;1;1;3;1;1;3;2;1;1;1;1;1;4;3;;;;;190000;;;;;;;;;1;;;5
20230311;03;2023;7381514;1;1;01;41;1;103.23432528;41;1;4;1;1;1;1;1;1;3;1;1;3;2;1;1;1;1;5;3;5;;;;200000;;;1;;;;1;;;;;;3
20230311;03;2023;7381515;1;1;01;41;1;126.30917843;41;1;1;2;1;1;1;1;1;3;1;1;3;2;1;1;1;1;1;3;5;;;;300000;;;;;;;;;;1;;;4
20230311;03;2023;7381516;1;1;01;41;1;161.40248858;41;1;1;4;1;2;1;1;1;3;1;1;4;1;1;1;1;1;1;3;1;;;98;700000;;;1;;;;;;;;;;2
20230311;03;2023;7381517;1;1;01;41;1;194.19351909;41;2;1;4;1;2;1;1;1;3;1;1;3;2;1;1;1;1;1;3;3;;;;;700000;;1;;;;;;;;;;2
20230311;03;2023;7381519;1;1;01;41;1;208.15199779;41;2;1;4;1;2;2;1;1;1;1;1;2;1;1;1;1;1;1;1;3;;;;;700000;;;;;;;;;1;;;1
20230311;03;2023;7381521;1;1;01;41;1;154.47197566;41;1;1;4;1;2;1;1;1;3;1;1;4;3;1;1;1;1;1;3;3;;;;;700000;;1;;;;;;;;;;3
20230311;03;2023;7381524;1;1;01;41;1;211.17248528;41;1;1;4;1;2;1;1;1;3;1;1;5;2;1;1;1;1;1;3;4;;;;500000;;;1;;;;;;;;;;2
20230311;03;2023;7381525;1;1;01;41;1;170.91276431;41;1;1;4;1;2;1;1;1;3;1;1;2;1;1;1;1;1;1;3;1;;;98;570000;;;1;;;;;;;;;;1
20230311;03;2023;7381526;1;1;01;41;1;202.39337753;41;1;1;4;1;2;1;1;1;3;1;1;3;2;1;1;1;1;3;3;1;;;150000000;700000;;;;;;;;;;1;;;3
20230311;03;2023;7381527;1;1;01;41;1;142.90270753;41;1;1;4;1;2;1;1;1;3;1;1;4;1;1;1;1;1;1;3;4;;;;500000;;;1;;;;;;;;;;1
20230311;03;2023;7381528;1;1;01;41;1;166.14334411;41;1;1;4;1;2;1;1;1;3;1;1;4;2;1;1;1;1;1;3;1;;;98;600000;;;1;;;;;;;;;;2
20230311;03;2023;7381529;1;1;01;41;1;173.29393213;41;1;1;4;1;2;1;1;1;3;1;1;3;2;1;1;1;1;1;3;3;;;;;670000;;1;;;;;;;;;;2
20230311;03;2023;7381530;1;1;01;41;1;183.23514223;41;1;1;4;1;2;1;1;1;3;1;1;4;3;1;1;1;1;1;3;1;;;100000000;500000;;;1;;;;;;;;;;4
20230311;03;2023;7381531;1;1;01;41;1;232.82909368;41;1;1;4;1;2;1;1;1;3;1;1;3;2;1;1;1;1;3;3;1;;;100000000;700000;;;1;;;;;;;;;;4
20230311;03;2023;7381532;1;1;01;41;1;170.91276431;41;1;1;4;1;2;1;1;1;3;1;1;4;1;1;1;1;1;1;3;4;;;;500000;;;1;;;;;;;;;;1
20230311;03;2023;7381533;1;1;01;41;1;170.91276431;41;1;1;4;1;2;1;1;1;3;1;1;2;1;1;1;1;1;3;3;3;;;;;600000;;;;;;;;;1;;;1
20230311;03;2023;7381534;1;1;01;41;1;283.19888201;41;2;1;4;1;4;1;1;1;3;1;1;3;1;1;1;1;1;1;3;1;;;98;98;;;1;;;;;;;;;;2
20230311;03;2023;7381535;1;1;01;41;1;283.19888201;41;2;1;4;1;4;1;1;1;3;1;1;3;1;1;1;1;1;3;3;4;;;;100000;;;;;;;1;;;;;;2
20230311;03;2023;7381536;1;1;01;41;1;179.36498903;41;2;1;4;1;5;1;1;1;3;1;1;3;2;1;1;1;1;1;3;3;;;;;1500000;;1;;;;1;1;;;;;2
20230311;03;2023;7381537;1;1;01;41;1;343.16971822;41;2;1;4;1;4;1;1;1;3;1;1;3;2;1;1;1;1;1;3;1;;;450000000;1500000;;;1;;;;1;1;;;;;2
20230311;03;2023;7381538;1;1;01;41;1;283.19888201;41;2;1;4;1;4;1;1;1;3;1;1;4;1;1;1;1;1;1;3;2;;4000000;480000000;2200000;;;1;;1;;1;1;;;;;2
20230311;03;2023;7381539;1;1;01;41;1;355.39613947;41;2;1;4;1;4;1;1;1;3;1;1;4;2;1;1;1;1;1;3;3;;;;;1900000;;1;;;;;;;;;;2
20230311;03;2023;7381540;1;1;01;41;1;215.77057677;41;2;1;4;1;5;1;1;1;3;1;1;4;1;1;1;1;1;1;3;1;;;500000000;1500000;;;1;;;;;;;;;;2
20230311;03;2023;7381541;1;1;01;41;1;272.16391082;41;2;1;4;1;5;1;1;1;3;1;1;4;2;1;1;1;1;1;3;3;;;;;2000000;;1;;;;1;1;;;;;3
20230311;03;2023;7381544;1;1;01;41;1;282.3299188;41;2;1;4;1;5;1;1;1;3;1;1;4;3;1;1;1;1;1;3;3;;;;;1200000;;1;;;;;;;;;;3
20230311;03;2023;7381546;1;1;01;41;1;228.41315193;41;2;1;4;1;5;1;1;1;3;1;1;4;2;1;1;1;1;3;3;1;;;99;2000000;;1;1;;;;;1;;;;;3
20230311;03;2023;7381548;1;1;01;41;1;272.16391082;41;2;1;4;1;5;1;1;1;3;1;1;4;2;1;1;1;1;1;3;3;;;;;2600000;1;1;;;;;1;;;;;3
20230311;03;2023;7381551;1;1;01;41;1;287.21977186;41;2;1;4;1;4;1;1;1;3;1;1;4;3;1;1;1;1;1;3;2;;2200000;98;98;;;1;;;;;;;;;;3
20230311;03;2023;7381552;1;1;01;41;1;155.89386276;41;1;8;1;1;1;1;1;1;3;1;1;1;1;1;1;1;1;5;5;1;;;20000000;100000;;;;;;;;;;1;;;1
20230311;03;2023;7381553;1;1;01;41;1;212.945064;41;1;6;1;1;1;1;1;1;3;1;1;4;2;1;1;1;1;1;3;1;;;30000000;150000;;;;;;;;;;1;;;3
20230311;03;2023;7381554;1;1;01;41;1;189.07219408;41;1;1;2;1;1;1;1;1;3;1;1;3;2;1;1;1;1;1;3;1;;;99;250000;;;1;;;;;;;;;;2
20230311;03;2023;7381555;1;1;01;41;1;265.60096428;41;1;1;2;1;1;1;1;1;3;1;1;4;3;1;1;1;1;1;3;1;;;90000000;300000;;;;;;;;;;1;;;5
20230311;03;2023;7381557;1;1;01;41;1;267.02328838;41;1;1;2;1;1;1;1;1;3;1;1;3;2;1;1;1;1;1;3;4;;;;300000;;;1;;;;;;;;;;3
20230311;03;2023;7381558;1;1;01;41;1;294.1198442;41;1;1;2;1;1;2;1;1;3;1;1;4;3;1;1;1;1;3;4;1;;;30000000;200000;;;;;;;;;;1;;;8
20230311;03;2023;7381559;1;1;01;41;1;253.99537493;41;1;1;2;1;1;1;1;1;3;1;1;3;2;1;1;1;1;1;3;1;;;70000000;300000;;;1;;;;;;;;;;4
20230311;03;2023;7381560;1;1;01;41;1;262.80611074;41;1;1;2;1;1;1;1;1;3;1;1;5;4;1;1;1;1;1;3;7;FAMILIAR;;;250000;;;;;;;;;;1;;;4
20230311;03;2023;7381561;1;1;01;41;1;225.09791511;41;1;2;2;1;1;1;1;1;3;1;1;4;3;1;1;1;1;1;3;5;;;;300000;;;1;;;;;;;;;;6
20230311;03;2023;7381562;1;1;01;41;1;181.24728448;41;1;1;2;1;1;2;1;1;3;1;1;3;2;1;1;1;1;1;4;3;;;;;100000;;;;;;;;;1;;;2
20230311;03;2023;7381563;1;1;01;41;1;112.99994309;41;1;1;4;1;2;1;1;1;3;1;1;2;1;1;1;1;1;1;3;1;;;90000000;300000;;;;;;;;;;1;;;2
20230311;03;2023;7381564;1;1;01;41;1;135.93546336;41;1;1;2;1;2;1;1;1;3;1;1;3;1;1;1;1;1;1;3;1;;;70000000;300000;;;;;;;;;;1;;;2
20230311;03;2023;7381565;1;1;01;41;1;134.34139589;41;2;1;2;1;2;1;1;1;3;1;1;2;1;1;1;1;1;1;3;3;;;;;380000;;;;;;;;;1;;;2
20230311;03;2023;7381567;1;1;01;41;1;150.50201083;41;2;1;4;1;2;1;1;1;3;1;1;3;2;1;1;1;1;1;3;3;;;;;400000;;1;;;;;;;;;;2
20230311;03;2023;7381570;1;1;01;41;1;208.15199779;41;2;1;4;1;2;1;1;1;3;1;1;3;2;1;1;1;1;1;3;3;;;;;650000;;1;;;;;;;;;;1
20230311;03;2023;7381571;1;1;01;41;1;251.79547809;41;2;1;4;1;2;1;1;1;3;1;1;3;2;1;1;1;1;1;3;3;;;;;450000;;1;;;;;;;;;;3
20230311;03;2023;7381572;1;1;01;41;1;218.41463262;41;1;1;4;1;2;1;1;1;3;1;1;4;3;1;1;1;1;1;3;3;;;;;500000;;1;;;;;;;;;;3
20230311;03;2023;7381574;1;1;01;41;1;280.84760088;41;2;1;4;1;4;1;1;1;3;1;1;3;2;1;1;1;1;1;3;3;;;;;1500000;;1;;;;;;;;;;2
20230311;03;2023;7381576;1;1;01;41;1;295.38738432;41;2;1;4;1;4;1;1;1;3;1;1;3;1;1;1;1;1;1;3;3;;;;;1600000;;1;;;;;;;;;;2
20230311;03;2023;7381577;1;1;01;41;1;138.55075079;41;2;1;3;1;2;1;1;1;3;1;1;2;1;1;1;1;1;1;3;3;;;;;300000;;1;;;;;;;;;;1
20230311;03;2023;7381578;1;1;01;41;1;167.49095341;41;2;1;3;1;2;1;1;1;3;1;1;3;1;1;1;1;1;1;3;3;;;;;380000;;1;;;;;;;;;;2
20230311;03;2023;7381579;1;1;01;41;1;154.57296819;41;2;1;4;1;2;1;1;1;3;1;1;3;1;1;1;1;1;1;3;3;;;;;450000;;;;;;;;;1;;;3
20230311;03;2023;7381580;1;1;01;41;1;325.26549411;41;2;1;4;1;4;1;1;1;3;1;1;4;3;1;1;1;1;3;3;1;;;99;1200000;;1;1;;;;;1;;;;;4
20230311;03;2023;7381584;1;1;01;44;1;41.861283582;44;1;1;4;1;1;1;1;1;3;1;1;5;4;1;1;1;1;1;3;1;;;99;800000;;;1;;;;;;;;;;2
20230311;03;2023;7381586;1;1;01;44;1;55.656673813;44;1;1;4;1;3;1;1;1;3;1;1;5;4;1;1;1;1;1;3;1;;;99;1500000;;;1;;;;;;;;;;2
20230311;03;2023;7381590;1;1;01;44;1;52.734169472;44;2;1;4;1;3;1;1;1;3;1;1;4;3;1;1;1;1;1;3;1;;;99;1000000;;;1;;;;;;;;;;2
20230311;03;2023;7381591;1;1;01;44;1;58.85305348;44;1;1;4;1;3;1;1;1;3;1;1;5;4;1;1;1;1;1;3;4;;;;1200000;;;;;;;;;;1;;;1
20230311;03;2023;7381594;1;1;01;44;1;47.394103835;44;1;1;4;1;3;1;1;1;6;1;1;4;3;1;1;1;1;1;3;3;;;;;590000;;1;;;;;1;;;;;3
20230311;03;2023;7381595;1;1;01;44;1;37.21002985;44;2;1;4;1;3;1;1;1;6;1;1;4;3;1;1;1;1;1;3;1;;;300000000;1300000;;;1;;;;;;;;;;2
20230311;03;2023;7381596;1;1;01;44;1;39.590031823;44;2;1;4;1;3;1;1;1;3;1;1;6;5;1;1;1;1;1;3;3;;;;;1000000;;1;;;;;;;;;;4
20230311;03;2023;7381598;1;1;01;44;1;124.63329604;44;2;1;2;1;2;1;1;1;3;1;1;3;2;1;1;1;1;1;3;3;;;;;450000;;1;;;;;;;;;;4
20230311;03;2023;7381599;1;1;01;44;1;78.178377214;44;1;1;2;1;1;2;2;1;3;1;1;1;1;2;1;1;1;4;4;3;;;;;70000;;;;;;;;;1;;;3
20230311;03;2023;7381600;1;1;01;44;1;115.67066078;44;2;1;2;1;2;1;1;1;3;1;1;3;2;1;1;1;1;1;3;3;;;;;400000;;1;;;;;;;;;;1
20230311;03;2023;7381601;1;1;01;44;1;152.12031104;44;2;1;4;1;2;1;1;1;3;1;1;3;2;1;1;1;1;1;3;4;;;;400000;;;1;;;;;;;;;;4
20230311;03;2023;7381602;1;1;01;44;1;85.717602884;44;1;1;2;1;1;1;2;1;3;1;1;3;1;2;1;1;1;1;3;3;;;;;200000;;;;;;;;;1;;;4
20230311;03;2023;7381603;1;1;01;44;1;47.649145655;44;1;1;4;1;3;1;1;1;3;1;1;4;2;1;1;1;1;1;3;4;;;;600000;;;1;;;;;;;;;;1
20230311;03;2023;7381604;1;1;01;44;1;111.2774577;44;1;1;2;1;1;1;2;1;3;1;2;4;3;2;2;1;1;1;3;3;;;;;180000;;1;;;;;;;;;;4
20230311;03;2023;7381604;2;2;01;44;1;111.2774577;44;1;1;2;1;1;1;2;1;3;1;2;2;1;2;2;1;1;1;3;3;;;;;180000;;;;;;;;;1;;;4
20230311;03;2023;7381605;1;1;01;44;1;82.288008214;44;1;1;2;1;1;2;2;1;3;1;1;2;1;2;1;1;1;4;1;3;;;;;300000;;;;;;;;;1;;;2
20230311;03;2023;7381606;1;1;01;44;1;60.50737859;44;1;1;2;1;1;1;1;1;3;1;1;4;3;1;1;1;1;1;3;1;;;99;450000;;;;;;;;;;1;;;7
20230311;03;2023;7381607;1;1;01;44;1;65.840747798;44;1;1;4;1;3;1;1;1;3;1;1;3;2;1;1;1;1;1;3;3;;;;;700000;;1;;;;;;;;;;3
20230311;03;2023;7381608;1;1;01;44;1;60.917096517;44;1;1;4;1;1;1;1;1;3;1;1;4;3;1;1;1;1;1;3;6;;;;400000;;;1;;;;;;;;;;1
20230311;03;2023;7381609;1;1;01;44;1;45.947390453;44;1;1;2;1;1;1;1;1;3;1;1;3;2;1;1;1;1;1;3;1;;;99;400000;;;1;;;;;;;;;;1
20230311;03;2023;7381610;1;1;01;44;1;63.598630359;44;1;1;2;1;1;1;1;1;3;1;1;3;2;1;1;1;1;1;3;3;;;;;250000;;;;;;;;;1;;;4
20230311;03;2023;7381611;1;1;01;44;1;46.463030231;44;2;1;4;1;3;1;1;1;3;1;1;4;3;1;1;1;1;1;3;3;;;;;1000000;;1;;;;;;;;;;2
20230311;03;2023;7381612;1;1;01;44;1;51.598972531;44;1;1;2;1;1;1;2;1;3;1;1;2;1;2;1;1;1;1;3;3;;;;;170000;;;;;;;;;1;;;2
20230311;03;2023;7381613;1;1;01;44;1;84.751343794;44;1;8;2;1;0;2;1;1;3;1;1;1;1;1;1;1;1;4;4;4;;;;150000;;;;;;;;;;1;;;2
20230311;03;2023;7381614;1;1;01;44;1;59.28576255;44;1;8;2;1;0;2;1;1;3;1;1;3;2;1;1;1;1;4;4;4;;;;250000;;;;;;;;;;1;;;7
20230311;03;2023;7381616;1;1;01;44;1;102.00996485;44;1;8;1;1;0;2;1;1;3;1;1;1;1;1;1;1;1;4;4;3;;;;;150000;;;;;;;;;1;;;5
20230311;03;2023;7381618;1;1;01;44;1;88.762021026;44;1;4;2;1;1;2;2;1;3;1;1;2;1;2;1;1;1;1;4;3;;;;;70000;;;;;;;;;1;;;2
20230311;03;2023;7381619;1;1;01;44;1;45.187358505;44;1;1;2;1;1;1;1;1;3;1;1;4;3;1;1;1;1;1;3;4;;;;400000;;;1;;;;;;;;;;3
20230311;03;2023;7381620;1;1;01;44;1;72.956607069;44;1;1;4;1;1;1;1;1;3;1;1;3;2;1;1;1;1;1;3;3;;;;;500000;;1;;;;;;;;;;2
20230311;03;2023;7381621;1;1;01;44;1;65.881943965;44;2;1;2;1;1;1;1;1;3;1;1;1;1;1;1;1;1;6;;5;;;;300000;;;;;;;;;;1;;;2
20230311;03;2023;7381622;1;1;01;44;1;121.51261358;44;1;8;1;1;0;2;1;1;3;1;1;2;1;1;2;1;1;1;4;5;;;;150000;;;;;;;;;;1;;;6
20230311;03;2023;7381623;1;1;01;44;1;91.367282567;44;2;1;4;1;2;1;1;1;3;1;1;3;2;1;1;1;1;1;3;4;;;;500000;;;;;;;;;;1;;;4
20230311;03;2023;7381624;1;1;01;44;1;135.37132559;44;1;1;2;1;2;1;1;1;3;1;1;3;1;1;1;1;1;1;3;4;;;;600000;;;1;;;;;1;;;;;1
20230311;03;2023;7381625;1;1;01;44;1;119.26430103;44;2;1;4;1;2;1;1;1;3;1;1;2;1;1;1;1;1;1;3;3;;;;;420000;;1;;;;;1;;;;;2
20230311;03;2023;7381626;1;1;01;44;1;42.066239775;44;1;1;2;1;1;2;1;1;3;1;1;4;3;1;1;1;1;1;4;4;;;;400000;;;1;;;;;;;;;;8
20230311;03;2023;7381627;1;1;01;44;1;81.340662224;44;1;8;2;1;0;2;1;1;3;1;1;2;1;2;1;1;1;1;4;5;;;;150000;;;;;;;;;;1;;;4
20230311;03;2023;7381628;1;1;01;44;1;85.58866171;44;1;8;2;1;0;2;1;1;3;1;1;2;1;2;1;1;1;4;4;4;;;;150000;;;;;;;;;;1;;;3
20230311;03;2023;7381629;1;1;01;44;1;59.801833688;44;1;8;1;1;1;2;2;1;3;1;1;3;2;2;1;1;1;1;4;5;;;;150000;;;;;;;;;;1;;;2
20230311;03;2023;7381630;1;1;01;44;1;43.602645222;44;1;1;2;1;1;1;1;1;3;1;1;4;3;1;1;1;1;1;3;4;;;;400000;;;1;;;;;;;;;;3
20230311;03;2023;7381632;1;1;01;44;1;95.212074041;44;1;8;2;1;0;2;1;1;3;1;1;2;2;1;1;1;1;5;4;4;;;;150000;;;;;;;;;;1;;;6
20230311;03;2023;7381633;1;1;01;44;1;96.558637646;44;1;8;1;1;0;2;1;1;3;1;1;2;1;1;2;1;1;5;5;4;;;;200000;;;;;;;;;;1;;;5
20230311;03;2023;7381634;1;1;01;44;1;107.33787092;44;2;1;2;1;1;1;2;1;3;1;1;2;1;2;1;1;10;1;3;3;;;;;400000;;;;;;;;;1;;;2
20230311;03;2023;7381635;1;1;01;44;1;110.55409011;44;1;1;2;1;1;2;2;1;3;2;1;1;1;6;;1;10;6;;5;;;;100000;;;1;;;;;;;;;;5
20230311;03;2023;7381636;1;1;01;44;1;87.604663955;44;1;1;2;1;1;1;2;1;3;1;1;3;2;2;1;1;1;1;3;4;;;;300000;;;1;;;;;;;;;;5
20230311;03;2023;7381637;1;1;01;44;1;102.24027154;44;1;1;1;1;1;2;1;1;3;1;1;2;1;1;1;1;1;1;4;1;;;20000000;250000;;;;;;;;;;1;;;3
20230311;03;2023;7381638;1;1;01;44;1;110.55409011;44;1;1;2;1;1;1;2;1;3;1;1;3;2;2;1;1;1;1;3;1;;;20000000;350000;;;1;;;;;;;;;;5
20230311;03;2023;7381639;1;1;01;44;1;108.93569021;44;1;4;2;1;1;2;2;1;3;1;1;3;2;2;1;1;1;1;4;3;;;;;250000;;1;;;;;;;;;;3
20230311;03;2023;7381640;1;1;01;44;1;104.93588878;44;1;1;4;1;1;1;2;1;3;1;1;3;2;2;1;1;1;1;3;3;;;;;300000;;1;;;;;;;;;;3
20230311;03;2023;7381641;1;1;01;44;1;117.31501876;44;1;1;2;1;1;1;2;1;3;1;1;3;2;2;1;1;1;1;3;1;;;80000000;400000;;;1;;;;;;;;;;3
20230311;03;2023;7381642;1;1;01;44;1;123.74430881;44;2;1;2;1;1;1;2;1;3;1;1;2;1;2;1;1;10;1;3;4;;;;300000;;;;;;;;;;1;;;2
20230311;03;2023;7381643;1;1;01;44;1;71.762200426;44;1;1;2;1;1;1;2;1;2;1;1;3;1;2;1;1;1;1;3;1;;;40000000;250000;;;;;;;;;;1;;;2
20230311;03;2023;7381644;1;1;01;44;1;102.24027154;44;1;1;4;1;1;1;2;1;3;1;1;3;2;2;1;1;1;1;3;1;;;70000000;300000;;;1;;;;;;;;;;3
20230311;03;2023;7381645;1;1;01;44;1;104.07048604;44;1;1;2;1;1;1;2;1;3;1;1;3;2;2;1;1;1;1;3;3;;;;;250000;;1;;;;;;;;;;4
20230311;03;2023;7381647;1;1;01;44;1;109.01082499;44;1;1;2;1;1;2;1;1;3;1;1;2;1;1;1;1;1;3;4;4;;;;200000;;;;;;;;;;1;;;3
20230311;03;2023;7381648;1;1;01;44;1;131.1926338;44;2;1;2;1;1;1;1;1;3;1;1;2;1;1;1;1;1;1;3;3;;;;;200000;;;;;;;;;1;;;5
20230311;03;2023;7381649;1;1;01;44;1;65.159343721;44;1;1;4;1;1;1;1;1;3;1;1;3;2;1;1;1;1;1;3;3;;;;;300000;;;;;;;1;;;;;4
20230311;03;2023;7381650;1;1;01;44;1;69.587588292;44;1;1;4;1;1;1;1;1;3;1;1;3;1;1;1;1;1;1;3;1;;;60000000;250000;;;;;;;;;;1;;;2
20230311;03;2023;7381651;1;1;01;44;1;80.079030681;44;1;1;4;1;1;1;1;1;3;1;1;3;2;1;1;1;1;1;3;3;;;;;450000;;;;;;;;;1;;;4
20230311;03;2023;7381652;1;1;01;44;1;111.3922623;44;1;1;4;1;1;1;1;1;3;1;1;4;3;1;1;1;1;1;3;3;;;;;300000;;1;;;;;;;;;;4
20230311;03;2023;7381653;1;1;01;44;1;66.664601043;44;1;1;2;1;1;1;2;1;3;2;1;3;2;2;1;1;10;1;3;5;;;;350000;;;;;;;;;;1;;;3
20230311;03;2023;7381654;1;1;01;44;1;111.76035009;44;2;1;2;1;2;1;1;1;3;1;1;3;2;1;1;1;1;1;3;3;;;;;350000;;1;;;;;;;;;;4
20230311;03;2023;7381655;1;1;01;44;1;78.554434403;44;1;1;4;1;1;1;2;1;3;1;1;3;2;2;1;1;1;1;3;4;;;;250000;;;;;;;;;;1;;;3
20230311;03;2023;7381656;1;1;01;44;1;69.286945313;44;1;1;2;1;2;1;1;1;3;1;1;4;3;1;1;1;1;1;3;4;;;;500000;;;1;;;;;;;;;;11
20230311;03;2023;7381657;1;1;01;44;1;53.605288862;44;2;1;2;1;1;1;1;1;3;1;1;3;1;1;1;1;1;1;1;4;;;;400000;;;;;;;;;;1;;;1
20230311;03;2023;7381658;1;1;01;44;1;129.62327632;44;1;1;2;1;1;2;1;1;3;1;1;2;1;1;1;1;1;3;1;3;;;;;70000;;;;;;;;;1;;;3
20230311;03;2023;7381659;1;1;01;44;1;87.768835581;44;2;1;4;1;2;1;1;1;3;1;1;3;1;1;1;1;1;1;3;3;;;;;300000;;1;;;;;;;;;;1
20230311;03;2023;7381660;1;1;01;44;1;41.288797386;44;1;1;4;1;1;1;1;1;3;1;1;7;6;1;1;1;1;1;3;1;;;750000000;3000000;;;1;;;;;1;;;;;5
20230311;03;2023;7381663;1;1;01;44;1;154.94135299;44;2;1;2;1;1;1;1;1;3;1;1;3;2;1;1;1;1;1;3;3;;;;;300000;;;;;;;;;1;;;6
20230311;03;2023;7381664;1;1;01;44;1;90.993258974;44;2;1;4;1;2;1;1;1;3;1;1;3;2;1;1;1;10;1;3;3;;;;;400000;;1;;;;;;;;;;3
20230311;03;2023;7381665;1;1;01;44;1;117.47037987;44;2;1;4;1;2;1;1;1;3;1;1;3;2;1;1;1;1;1;3;3;;;;;550000;;;;;;;;;1;;;5
20230311;03;2023;7381667;1;1;01;44;1;112.0158654;44;2;1;4;1;2;1;1;1;3;1;1;3;2;1;1;1;1;1;3;3;;;;;400000;;1;;;;;1;;;;;4
20230311;03;2023;7381668;1;1;01;44;1;93.299964214;44;1;1;2;1;2;1;1;1;3;1;1;3;1;1;1;1;1;1;3;4;;;;600000;;;;;;;;;;1;;;2
20230311;03;2023;7381669;1;1;01;44;1;106.48473677;44;2;1;4;1;2;1;1;1;3;1;1;4;2;1;1;1;10;1;3;1;;;350000000;800000;;;1;;;;;;;;;;3
20230311;03;2023;7381670;1;1;01;44;1;109.52662395;44;2;1;4;1;2;1;1;1;3;1;1;3;2;1;1;1;1;1;3;3;;;;;550000;;1;;;;;;;;;;4
20230311;03;2023;7381671;1;1;01;44;1;69.764232355;44;2;1;4;1;2;1;1;1;3;1;1;3;2;1;1;1;1;1;3;4;;;;500000;;;;;;;;;;1;;;3
20230311;03;2023;7381672;1;1;01;44;1;104.07048604;44;1;1;4;1;1;1;2;1;3;1;1;3;2;2;1;1;1;1;3;1;;;99;450000;;;1;;;;;;;;;;4
20230311;03;2023;7381673;1;1;01;44;1;106.93920297;44;2;1;4;1;2;1;1;1;3;1;1;3;2;1;1;1;1;1;3;3;;;;;500000;;1;;;;;;;;;;3
20230311;03;2023;7381674;1;1;01;44;1;73.879745959;44;2;1;4;1;2;1;1;1;3;1;1;3;2;1;1;1;1;1;3;3;;;;;500000;;1;;;;;;;;;;5
20230311;03;2023;7381675;1;1;01;44;1;91.29459898;44;1;1;4;1;1;1;2;1;3;1;1;5;4;2;1;1;1;1;3;1;;;98;400000;;;1;;;;;1;;;;;5
20230311;03;2023;7381676;1;1;01;44;1;97.467354427;44;2;1;4;1;2;1;1;1;3;1;1;3;1;1;1;1;1;1;3;3;;;;;550000;;1;;;;;;;;;;1
20230311;03;2023;7381677;1;1;01;44;1;71.296724278;44;1;1;4;1;1;1;2;1;3;1;1;4;3;2;1;1;1;1;3;4;;;;400000;;;;;;;;;;1;;;2
20230311;03;2023;7381678;1;1;01;44;1;79.474078915;44;1;1;4;1;1;1;2;1;3;1;1;5;4;2;1;1;1;1;3;4;;;;400000;;;1;;;;;;;;;;4
20230311;03;2023;7381679;1;1;01;44;1;71.34978309;44;1;1;4;1;1;1;2;1;3;1;1;3;2;2;1;1;1;1;3;2;;200000;99;300000;;;1;;;;;;;;;;3
20230311;03;2023;7381681;1;1;01;44;1;125.43931458;44;1;1;4;1;1;1;2;1;3;1;1;4;3;2;1;1;1;1;3;1;;;50000000;400000;;;1;;;;;;;;;;4
20230311;03;2023;7381682;1;1;01;44;1;95.465362111;44;1;1;4;1;1;1;2;1;3;1;1;4;3;2;1;1;1;1;3;3;;;;;300000;;1;;;;;;;;;;4
20230311;03;2023;7381684;1;1;01;44;1;69.712352628;44;2;1;2;1;2;1;1;1;3;1;1;2;1;1;1;1;1;1;3;3;;;;;250000;;;;;;;;;1;;;2
20230311;03;2023;7381685;1;1;01;44;1;85.175668389;44;2;1;4;1;2;1;1;1;3;1;1;4;1;1;1;1;1;1;3;1;;;120000000;500000;;;1;;;;;;;;;;1
20230311;03;2023;7381687;1;1;01;44;1;57.409760341;44;1;1;2;1;2;1;1;1;3;1;1;3;1;1;1;1;1;1;3;3;;;;;350000;;1;;;;;;;;;;2
20230311;03;2023;7381688;1;1;01;44;1;128.08554059;44;1;1;4;1;2;1;1;1;3;1;1;3;2;1;1;1;1;1;3;3;;;;;600000;;;;;;;;;1;;;5
20230311;03;2023;7381689;1;1;01;44;1;78.274497025;44;1;1;4;1;1;2;1;1;3;1;1;3;2;1;1;1;1;1;4;3;;;;;350000;;;;;;;;;1;;;5
20230311;03;2023;7381690;1;1;01;44;1;63.598630359;44;1;8;1;1;1;2;1;1;3;1;1;2;1;1;1;1;1;3;5;4;;;;250000;;;;;;;;;;1;;;4
20230311;03;2023;7381691;1;1;01;44;1;73.309649576;44;1;1;2;1;1;2;1;1;3;1;1;3;2;1;1;1;1;1;4;3;;;;;300000;;;;;;;;;1;;;4
20230311;03;2023;7381692;1;1;01;44;1;45.70145727;44;1;1;4;1;1;2;1;1;3;1;1;4;3;2;1;1;1;1;4;4;;;;400000;;;;;;;;;;1;;;3
20230311;03;2023;7381693;1;1;01;44;1;87.821894393;44;1;1;4;1;2;1;1;1;3;1;1;3;2;1;1;1;10;1;3;1;;;100000000;800000;;;1;;;;1;1;;;;;2
20230311;03;2023;7381694;1;1;01;44;1;101.42426004;44;2;1;4;1;2;1;1;1;3;1;1;2;1;1;1;1;10;1;3;3;;;;;400000;;1;;;;;;;;;;3
20230311;03;2023;7381695;1;1;01;44;1;99.682521573;44;1;1;4;1;2;1;1;1;3;1;1;3;1;1;1;1;10;1;3;4;;;;1000000;;;;;;;;;;1;;;1
20230311;03;2023;7381696;1;1;01;44;1;65.310788836;44;1;1;4;1;2;1;1;1;3;1;1;3;2;1;1;1;10;1;3;3;;;;;98;;;;;;;;;1;;;2
20230311;03;2023;7381697;1;1;01;44;1;114.03723267;44;1;1;4;1;2;1;1;1;3;1;1;3;2;1;1;1;10;1;3;3;;;;;750000;;1;;;;;;;;;;4
20230311;03;2023;7381698;1;1;01;44;1;103.96866955;44;1;1;4;1;2;1;1;1;3;1;1;4;2;1;1;1;1;1;3;3;;;;;720000;;;;;;;;;1;;;3
20230311;03;2023;7381699;1;1;01;44;1;71.473718483;44;1;1;2;1;2;2;1;1;3;1;1;2;1;1;1;1;10;6;;4;;;;200000;;;;;;;;;;1;;;1
20230311;03;2023;7381703;1;1;01;47;1;231.11773309;47;1;1;2;1;1;1;1;1;3;2;1;3;2;1;1;1;2;3;3;3;;;;;320000;;1;;;;;;;;;;5
20230311;03;2023;7381704;1;1;01;47;1;220.17372533;47;1;1;2;1;1;2;1;1;3;2;1;2;1;1;1;1;2;3;1;1;;;15000000;300000;;;1;;;;;;;;;;4
20230311;03;2023;7381705;1;1;01;47;1;253.84264497;47;1;1;2;1;1;1;1;1;3;2;1;3;2;1;1;1;2;3;3;3;;;;;2000000;;;;;;;;;1;;;4
20230311;03;2023;7381707;1;1;01;47;1;242.68393371;47;1;1;2;1;1;1;1;1;3;2;1;3;2;1;1;1;2;1;3;4;;;;600000;;;1;;;;;;;;;;4
20230311;03;2023;7381708;1;1;01;47;1;348.79461839;47;1;1;4;1;4;1;1;1;3;1;1;5;3;1;1;1;1;1;3;6;;;;1200000;;;1;;;;;;;;;;5
20230311;03;2023;7381709;1;1;01;47;1;195.36359275;47;2;1;4;1;4;1;1;1;3;1;1;4;1;1;1;1;1;1;3;1;;;120000000;600000;;;1;;;;;;;;;;1
20230311;03;2023;7381711;1;1;01;47;1;247.00513939;47;2;1;4;1;4;1;1;1;3;1;1;3;2;1;1;1;1;3;3;3;;;;;600000;;1;;;;;;;;;;3
20230311;03;2023;7381712;1;1;01;47;1;201.01244632;47;1;1;4;1;4;1;1;1;3;1;1;4;2;1;1;1;1;1;3;4;;;;1200000;;;1;;;;;;;;;;3
20230311;03;2023;7381713;1;1;01;47;1;298.22607142;47;2;1;4;1;4;1;1;1;3;1;1;3;2;1;1;1;1;1;3;3;;;;;600000;;1;;;;;;;;;;3
20230311;03;2023;7381714;1;1;01;47;1;346.49959098;47;1;1;4;1;4;1;1;1;3;1;1;5;3;1;1;1;1;1;3;3;;;;;800000;;1;;;;;;;;;;5
20230311;03;2023;7381715;1;1;01;47;1;239.22582841;47;2;1;4;1;4;1;1;1;3;1;1;4;3;1;1;1;1;1;3;3;;;;;600000;;1;;;;;;;;;;5
20230311;03;2023;7381716;1;1;01;47;1;195.36359275;47;2;1;4;1;4;1;1;1;3;1;1;3;1;1;1;1;10;1;3;3;;;;;800000;;1;;;;;;;;;;1
20230311;03;2023;7381718;1;1;01;47;1;213.25362905;47;2;1;4;1;4;1;1;1;3;1;1;2;1;1;1;1;1;1;3;3;;;;;660000;;1;;;;;;;;;;1
20230311;03;2023;7381719;1;1;01;47;1;241.70681546;47;2;1;4;1;4;1;1;1;3;1;1;2;1;1;1;1;1;1;3;3;;;;;710000;;1;;;;;;;;;;2
20230311;03;2023;7381720;1;1;01;47;1;102.21093564;47;1;1;4;1;1;2;2;1;3;1;1;3;2;2;1;1;1;1;1;4;;;;500000;;;;;;;;;;1;;;2
20230311;03;2023;7381721;1;1;01;47;1;178.68578105;47;1;1;2;1;1;1;2;1;3;1;1;3;2;2;1;1;1;1;3;3;;;;;300000;;;;;;;;;1;;;5
20230311;03;2023;7381722;1;1;01;47;1;134.64431598;47;3;1;2;1;1;2;2;1;3;1;1;1;1;2;1;1;1;1;5;3;;;;;250000;;;;;;;;;1;;;4
20230311;03;2023;7381723;1;1;01;47;1;259.37499096;47;1;1;4;1;4;1;1;1;3;1;1;2;1;1;1;1;1;3;3;4;;;;600000;;;1;;;;;;;;;;3
20230311;03;2023;7381724;1;1;01;47;1;123.68424551;47;3;5;2;1;1;2;2;1;3;1;1;1;1;2;1;1;1;5;5;3;;;;;250000;;;;;;;;;1;;;2
20230311;03;2023;7381725;1;1;01;47;1;144.93105841;47;2;1;2;1;1;1;2;1;3;1;1;3;2;2;1;1;1;1;3;3;;;;;350000;;1;;;;;1;;;;;2
20230311;03;2023;7381726;1;1;01;47;1;132.24497395;47;1;1;4;1;1;1;2;1;3;1;1;3;2;2;1;1;1;1;3;5;;;;500000;;;1;;;;;;;;;;4
20230311;03;2023;7381727;1;1;01;47;1;186.67994901;47;1;1;4;1;1;1;2;1;3;1;1;3;2;2;1;1;1;1;3;3;;;;;400000;;;;;;;;;1;;;4
20230311;03;2023;7381730;1;1;01;47;1;168.23009157;47;1;1;4;1;1;1;2;1;3;1;1;4;2;2;1;1;1;1;3;5;;;;500000;;;1;;;;;;;;;;3
20230311;03;2023;7381731;1;1;01;47;1;183.37769754;47;1;1;4;1;1;1;2;1;3;1;1;3;2;2;1;1;1;1;3;3;;;;;450000;;;;;;;;;1;;;4
20230311;03;2023;7381733;1;1;01;47;1;191.85432072;47;1;1;2;1;1;1;2;1;3;1;1;4;2;2;1;1;1;3;3;5;;;;300000;;;;;;;;;;1;;;4
20230311;03;2023;7381734;1;1;01;47;1;260.85612207;47;2;1;2;1;1;1;2;1;3;1;1;2;1;2;1;1;1;4;3;3;;;;;200000;;;;;;;;;1;;;2
20230311;03;2023;7381735;1;1;01;47;1;206.34337294;47;1;1;2;1;1;1;2;1;3;1;1;5;4;2;1;1;1;1;3;5;;;;500000;;;1;;;;;;;;;;5
20230311;03;2023;7381736;1;1;01;47;1;201.21297403;47;2;1;4;1;4;1;1;1;3;1;1;2;1;1;1;1;1;3;3;4;;;;600000;;;1;;;;;;;;;;1
20230311;03;2023;7381737;1;1;01;47;1;127.34811972;47;1;1;4;1;4;1;1;1;3;1;1;2;1;1;1;1;1;1;3;4;;;;400000;;;1;;;;;;;;;;1
20230311;03;2023;7381738;1;1;01;47;1;253.55877516;47;2;1;4;1;1;1;2;1;3;1;1;3;2;2;1;1;2;3;3;3;;;;;350000;;;;;;;;;1;;;3
20230311;03;2023;7381740;1;1;01;47;1;214.67569017;47;1;1;4;1;4;1;1;1;3;1;1;5;2;1;1;1;1;1;3;4;;;;1000000;;;1;;;;;;;;;;4
20230311;03;2023;7381742;1;1;01;47;1;227.43147473;47;2;1;2;1;1;1;2;1;3;1;1;1;1;2;1;1;1;2;1;3;;;;;220000;;;;;;;;;1;;;3
20230311;03;2023;7381746;1;1;01;47;1;162.97880544;47;1;1;4;1;4;1;1;1;3;1;1;2;1;1;1;1;1;1;3;4;;;;400000;;;;;;;;;;1;;;1
20230311;03;2023;7381747;1;1;01;47;1;181.08756159;47;2;1;4;1;1;1;2;1;3;1;1;3;1;2;1;1;1;1;3;3;;;;;200000;;1;;;;;;;;;;1
20230311;03;2023;7381748;1;1;01;47;1;335.35495672;47;2;1;2;1;1;1;2;1;3;1;1;2;1;2;1;1;2;3;3;3;;;;;300000;;;;;;;;;1;;;1
20230311;03;2023;7381749;1;1;01;47;1;282.87002076;47;1;1;2;1;1;1;1;1;3;2;1;3;2;1;1;1;2;3;3;1;;;98;350000;;;;;;;;;;1;;;4
20230311;03;2023;7381750;1;1;01;47;1;281.23550661;47;1;1;2;1;1;1;1;1;3;2;1;2;1;1;1;1;2;3;3;5;;;;300000;;;1;;;;;;;;;;2
20230311;03;2023;7381751;1;1;01;47;1;387.6201719;47;1;5;1;1;1;1;1;1;3;2;1;1;1;1;1;1;2;2;3;5;;;;350000;;;;;;;;;;1;;;4
20230311;03;2023;7381752;1;1;01;47;1;253.40206082;47;1;1;2;1;1;1;2;1;3;1;1;4;2;2;1;1;2;1;3;5;;;;400000;;;;;;;;;;1;;;5
20230311;03;2023;7381753;1;1;01;47;1;171.71736148;47;1;1;4;1;1;1;2;1;3;1;1;3;2;2;1;1;10;1;3;3;;;;;350000;;;;;;;;;1;;;4
20230311;03;2023;7381755;1;1;01;47;1;285.59103834;47;1;1;4;1;1;1;1;1;3;2;1;4;3;1;1;1;2;3;3;5;;;;450000;;;1;;;;;;;;;;3
20230311;03;2023;7381756;1;1;01;47;1;292.85254102;47;1;1;2;1;1;1;1;1;3;2;1;2;1;1;1;1;2;3;3;3;;;;;350000;;;;;;;;;1;;;1
20230311;03;2023;7381758;1;1;01;47;1;175.94975675;47;1;1;4;1;1;1;2;1;3;1;1;4;2;2;1;1;8;3;3;1;;;150000000;500000;;;1;;;;;;;;;;3
20230311;03;2023;7381759;1;1;01;47;1;287.46582947;47;1;1;2;1;1;1;1;1;3;2;1;3;2;1;1;1;2;3;3;3;;;;;350000;;;;;;;;;1;;;3
20230311;03;2023;7381760;1;1;01;47;1;233.66364669;47;1;1;4;1;1;1;2;1;3;1;1;3;2;2;1;1;1;1;3;3;;;;;300000;;;;;;;;;1;;;5
20230311;03;2023;7381762;1;1;01;47;1;269.93146137;47;1;1;4;1;1;1;2;1;3;1;1;3;2;2;1;1;2;1;3;3;;;;;500000;;;;;;;;;1;;;6
20230311;03;2023;7381763;1;1;01;47;1;361.55456272;47;1;5;2;1;1;2;1;1;3;2;1;2;1;1;1;1;2;6;;5;;;;400000;;;;;;;;;;1;;;1
20230311;03;2023;7381764;1;1;01;47;1;224.28591403;47;1;1;2;1;1;1;2;1;3;1;1;3;2;2;1;1;1;3;3;5;;;;300000;;;;;;;;;;1;;;7
20230311;03;2023;7381767;1;1;01;47;1;259.93794074;47;1;1;4;1;1;1;2;1;3;1;1;3;2;2;1;1;2;4;4;3;;;;;200000;;;;;;;;;1;;;4
20230311;03;2023;7381768;1;1;01;47;1;394.7807475;47;2;1;2;1;1;1;1;1;3;2;1;3;2;1;1;1;2;3;3;5;;;;450000;;;1;;;;;;;;;;4
20230311;03;2023;7381769;1;1;01;47;1;149.18794677;47;1;1;4;1;1;1;2;1;3;1;1;4;2;2;1;1;2;3;3;5;;;;500000;;;1;;;;1;;;;;;3
20230311;03;2023;7381770;1;1;01;47;1;186.68774351;47;1;1;2;1;1;1;1;1;3;1;1;3;2;1;1;1;10;1;3;1;;;98;300000;;;;;;;;;;1;;;4
20230311;03;2023;7381771;1;1;01;47;1;359.34718361;47;1;1;4;1;1;1;1;1;3;2;1;3;2;1;1;1;8;1;3;5;;;;400000;;;1;;;;;;;;;;4
20230311;03;2023;7381772;1;1;01;47;1;208.68189394;47;1;1;4;1;1;1;1;1;3;1;1;3;2;1;1;1;1;3;3;3;;;;;400000;;;;;;;;;1;;;5
20230311;03;2023;7381773;1;1;01;47;1;328.04867856;47;1;1;2;1;1;1;1;1;3;2;1;3;2;1;1;1;2;1;3;1;;;98;250000;;;;;;;;;;1;;;3
20230311;03;2023;7381774;1;1;01;47;1;365.17533993;47;1;1;1;1;1;1;1;1;3;2;1;3;2;1;1;1;2;3;3;5;;;;300000;;;1;;;;;;;;;;5
20230311;03;2023;7381775;1;1;01;47;1;365.78657398;47;1;1;2;1;1;1;1;1;3;2;1;2;1;1;1;1;8;1;3;5;;;;250000;;;1;;;;;;;;;;4
20230311;03;2023;7381776;1;1;01;47;1;339.54689368;47;2;1;2;1;1;1;1;1;3;2;1;2;1;1;1;1;2;3;3;3;;;;;300000;;1;;;;;;;;;;1
20230311;03;2023;7381777;1;1;01;47;1;108.14338984;47;1;1;2;1;1;1;1;1;3;1;1;3;1;1;1;1;1;1;3;1;;;98;98;;;;;;;;;;1;;;2
20230311;03;2023;7381779;1;1;01;47;1;197.45706393;47;2;1;2;1;3;1;1;1;3;1;1;3;1;1;1;1;1;1;3;1;;;99;500000;;;;;;;;;;1;;;1
20230311;03;2023;7381780;1;1;01;47;1;185.15348698;47;2;1;2;1;1;1;1;1;3;1;1;3;2;1;1;1;1;1;3;3;;;;;400000;;1;;;;;;;;;;3
20230311;03;2023;7381781;1;1;01;47;1;111.89096007;47;1;1;4;1;1;1;1;1;3;1;1;3;2;1;1;1;2;1;1;5;;;;400000;;;;;;;;;;1;;;3
20230311;03;2023;7381782;1;1;01;47;1;354.87666341;47;1;1;2;1;1;1;1;1;3;2;1;1;1;1;1;1;2;2;3;3;;;;;200000;;;;;;;;;1;;;5
20230311;03;2023;7381783;1;1;01;47;1;137.92320151;47;1;1;2;1;1;1;1;1;3;1;1;3;2;2;1;1;1;3;3;4;;;;400000;;;;;;;1;;;;;;4
20230311;03;2023;7381784;1;1;01;47;1;364.02590057;47;1;1;2;1;1;1;1;1;3;2;1;2;1;1;1;1;8;2;3;3;;;;;150000;;;;;;;;;1;;;4
20230311;03;2023;7381785;1;1;01;47;1;137.34992772;47;2;1;4;1;1;1;1;1;3;1;1;3;2;1;1;1;1;1;3;3;;;;;300000;;1;;;;;;;;;;2
20230311;03;2023;7381786;1;1;01;47;1;180.63534517;47;1;1;4;1;1;1;1;1;3;1;1;3;2;1;1;1;2;3;3;5;;;;500000;;;1;;;;;;;;;;4
20230311;03;2023;7381787;1;1;01;47;1;390.51765786;47;1;1;2;1;3;1;1;1;3;1;1;4;3;1;1;1;10;1;3;1;;;99;700000;;;;;;;;;;1;;;6
20230311;03;2023;7381788;1;1;01;47;1;207.81242559;47;3;1;2;1;1;1;1;1;3;1;1;2;1;1;1;1;2;3;3;3;;;;;300000;;;;;;;;;1;;;5
20230311;03;2023;7381789;1;1;01;47;1;197.45706393;47;1;1;2;1;3;1;1;1;3;1;1;3;1;1;1;1;1;1;3;1;;;99;99;;;;;;;;;;1;;;1
20230311;03;2023;7381790;1;1;01;47;1;313.62528046;47;2;1;4;1;3;1;1;1;3;1;1;4;3;1;1;1;10;1;3;1;;;99;900000;;;1;;;;;;;;;;4
20230311;03;2023;7381791;1;1;01;47;1;304.9370599;47;2;1;4;1;3;1;1;1;3;1;1;3;2;1;1;1;10;1;3;3;;;;;700000;;1;;;;;;;;;;4
20230311;03;2023;7381792;1;1;01;47;1;469.41373901;47;2;1;4;1;3;1;1;1;3;1;1;4;3;1;1;1;1;1;3;3;;;;;600000;;1;;;;;;;;;;3
20230311;03;2023;7381793;1;1;01;47;1;307.38664977;47;2;1;4;1;1;1;1;1;3;1;1;4;3;1;1;1;1;1;3;3;;;;;500000;;1;;;;;;;;;;5
20230311;03;2023;7381794;1;1;01;47;1;259.40384526;47;2;1;4;1;1;1;1;1;3;1;1;3;1;1;1;1;2;1;3;3;;;;;400000;;;;;;;;;1;;;2
20230311;03;2023;7381795;1;1;01;47;1;151.58676617;47;2;1;2;1;1;1;1;1;3;1;1;2;1;1;1;1;1;3;3;4;;;;250000;;;;;;;;;;1;;;2
20230311;03;2023;7381796;1;1;01;47;1;225.24270818;47;1;1;4;1;1;1;1;1;1;1;1;3;2;1;1;1;1;1;3;3;;;;;400000;;1;;;;;;;;;;3
20230311;03;2023;7381797;1;1;01;47;1;153.02734245;47;2;1;4;1;1;1;1;1;3;1;1;3;2;1;1;1;1;1;3;5;;;;500000;;;1;;;;;;;;;;3
20230311;03;2023;7381798;1;1;01;47;1;218.79534315;47;1;1;4;1;1;1;1;1;3;1;1;3;2;1;1;1;1;3;3;5;;;;300000;;;;;;;;;;1;;;2
20230311;03;2023;7381799;1;1;01;47;1;306.41910822;47;2;1;2;1;1;1;1;1;3;1;1;3;2;1;1;1;1;1;3;3;;;;;350000;;1;;;;;;;;;;4
20230311;03;2023;7381800;1;1;01;47;1;147.90198905;47;1;1;4;1;1;1;1;1;3;1;1;3;1;1;1;1;1;3;3;5;;;;300000;;;;;;;;;;1;;;2
20230311;03;2023;7381801;1;1;01;47;1;214.18958186;47;1;1;2;1;1;1;1;1;3;1;1;3;2;1;1;1;1;1;3;1;;;98;450000;;;1;;;;;;;;;;4
20230311;03;2023;7381802;1;1;01;47;1;247.04539855;47;2;1;4;1;1;1;1;1;3;1;1;3;2;1;1;1;1;1;3;3;;;;;400000;;1;;;;;;;;;;4
20230311;03;2023;7381803;1;1;01;47;1;306.41910822;47;1;1;4;1;1;1;1;1;3;1;1;3;2;1;1;1;1;1;3;5;;;;500000;;;;;;;;;;1;;;4
20230311;03;2023;7381805;1;1;01;47;1;266.6275201;47;1;1;2;1;1;1;1;1;3;1;1;2;2;1;1;1;1;3;4;5;;;;250000;;;;;;;;;;1;;;4
20230311;03;2023;7381806;1;1;01;47;1;278.82502603;47;2;1;2;1;1;1;1;1;3;1;1;4;2;1;1;1;1;1;3;3;;;;;400000;;1;;;;;;;;;;4
20230311;03;2023;7381807;1;1;01;47;1;219.45299466;47;2;1;4;1;3;1;1;1;3;1;1;4;2;1;1;1;2;1;3;1;;;80000000;600000;;;1;;;;;;;;;;4
20230311;03;2023;7381808;1;1;01;47;1;204.54995561;47;1;1;4;1;3;1;1;1;3;1;1;4;2;1;1;1;1;3;3;1;;;98;700000;;;;;;;;;;1;;;3
20230311;03;2023;7381809;1;1;01;47;1;363.12543629;47;1;1;4;1;3;1;1;1;3;1;1;4;3;1;1;1;10;1;3;1;;;98;98;;;1;;;;;;;;;;5
20230311;03;2023;7381810;1;1;01;47;1;322.36533171;47;2;1;4;1;3;1;1;1;3;1;1;3;2;1;1;1;1;1;1;4;;;;600000;;1;;;;;;;;;;;3
20230311;03;2023;7381811;1;1;01;47;1;223.62605212;47;2;1;4;1;3;1;1;1;3;1;1;3;2;1;1;1;2;1;3;3;;;;;650000;;;;;;;;;1;;;3
20230311;03;2023;7381812;1;1;01;47;1;261.01956213;47;1;1;2;1;3;1;1;1;3;1;1;3;2;1;1;1;10;1;3;1;;;98;600000;;;1;;;;;;;;;;4
20230311;03;2023;7381813;1;1;01;47;1;342.50324681;47;1;1;4;1;3;1;1;1;3;1;1;5;4;1;1;1;1;3;3;5;;;;500000;;;1;;;;;1;;;;;5
20230311;03;2023;7381814;1;1;01;47;1;308.58914497;47;2;1;4;1;3;1;1;1;3;1;1;4;1;1;1;1;10;3;3;3;;;;;600000;;;;;;;;;1;;;3
20230311;03;2023;7381815;1;1;01;47;1;216.08640009;47;1;1;4;1;3;1;1;1;3;1;1;3;2;1;1;1;1;1;3;3;;;;;500000;;1;;;;;;;;;;3
20230311;03;2023;7381816;1;1;01;47;1;161.30884251;47;1;1;4;1;3;1;1;1;3;1;1;4;3;1;1;1;10;1;3;3;;;;;600000;;1;;;;;;;;;;4
20230311;03;2023;7381817;1;1;01;47;1;311.14623919;47;2;1;4;1;3;1;1;1;3;1;1;4;2;1;1;1;1;3;3;4;;;;600000;;;1;;;;;;;;;;4
20230311;03;2023;7381818;1;1;01;47;1;308.58914497;47;1;1;4;1;3;1;1;1;3;1;1;3;1;1;1;1;1;3;3;3;;;;;600000;;1;;;;1;1;;;;;3
20230311;03;2023;7381819;1;1;01;47;1;250.91874599;47;2;1;4;1;1;1;1;1;3;1;1;3;1;1;1;1;10;1;3;3;;;;;680000;;;;;;;;;1;;;2
20230311;03;2023;7381820;1;1;01;47;1;363.40965293;47;2;1;4;1;1;1;1;1;3;1;1;3;2;1;1;1;10;1;3;2;;275000;120000000;500000;;;1;;;;;;;;;;4
20230311;03;2023;7381821;1;1;01;47;1;364.89208587;47;2;1;4;1;1;1;1;1;3;1;1;3;1;1;1;1;1;1;3;3;;;;;600000;;1;;;;;;;;;;2
20230311;03;2023;7381822;1;1;01;47;1;207.11288861;47;2;1;4;1;1;1;1;1;3;1;1;3;2;1;1;1;1;1;3;2;;250000;120000000;600000;;;1;;;;;;;;;;2
20230311;03;2023;7381823;1;1;01;47;1;310.18217237;47;1;1;4;1;3;1;1;1;3;1;1;4;3;1;1;1;10;1;3;1;;;99;600000;;;1;;;;;;;;;;3
20230311;03;2023;7381824;1;1;01;47;1;364.89208587;47;2;1;4;1;1;1;1;1;3;1;1;3;1;1;1;1;10;1;3;2;;600000;99;99;;;1;;;;;;;;;;2
20230311;03;2023;7381825;1;1;01;47;1;354.52735013;47;2;1;4;1;1;1;1;1;3;1;1;3;1;1;1;1;10;1;3;2;;600000;200000000;600000;;;1;;1;;;;;;;;3
20230311;03;2023;7381826;1;1;01;47;1;236.3417656;47;2;1;4;1;1;1;1;1;3;1;1;3;2;1;1;1;10;1;3;2;;380000;130000000;600000;;;1;;;;;;;;;;3
20230311;03;2023;7381828;1;1;01;47;1;240.55401026;47;2;1;4;1;1;1;1;1;3;1;1;4;2;1;1;1;10;1;3;3;;;;;600000;;1;;;;;;;;;;3
20230311;03;2023;7381829;1;1;01;47;1;344.1626144;47;2;1;4;1;1;1;1;1;3;1;1;3;2;1;1;1;1;1;3;3;;;;;600000;;1;;;;;;;;;;4
20230311;03;2023;7381831;1;1;01;47;1;190.7232274;47;1;1;2;1;1;1;1;1;3;1;1;4;2;1;1;1;1;1;3;5;;;;600000;;;;;;;;;;1;;;3
20230311;03;2023;7381832;1;1;01;47;1;506.90376816;47;2;1;2;1;1;1;1;1;3;1;1;4;3;1;1;1;1;1;3;3;;;;;450000;;1;;;;;;;;;;4
20230311;03;2023;7381833;1;1;01;47;1;527.50899281;47;2;1;2;1;1;1;1;1;3;1;1;3;3;1;1;1;1;1;3;3;;;;;600000;;;;;;;;;1;;;7
20230311;03;2023;7381834;1;1;01;47;1;328.04875652;47;2;1;4;1;1;1;1;1;3;1;1;4;3;1;1;1;1;1;3;3;;;;;550000;;1;;;;;;;;;;6
20230311;03;2023;7381835;1;1;01;47;1;209.40497346;47;2;1;4;1;1;1;1;1;3;1;1;3;2;1;1;1;1;1;3;3;;;;;400000;;1;;;;;;;;;;3
20230311;03;2023;7381836;1;1;01;47;1;327.22085842;47;2;1;2;1;1;1;1;1;3;1;1;3;3;1;1;1;1;1;3;5;;;;500000;;;;;;;;;;1;;;6
20230311;03;2023;7381837;1;1;01;47;1;240.46951763;47;2;1;2;1;1;1;1;1;3;1;1;3;2;1;1;1;1;1;3;4;;;;600000;;;1;;;;;;;;;;5
20230311;03;2023;7381838;1;1;01;47;1;200.85839899;47;1;1;4;1;1;1;2;1;3;1;1;3;2;2;1;1;1;1;3;3;;;;;250000;;;;;;;;;1;;;3
20230311;03;2023;7381839;1;1;01;47;1;120.29691895;47;1;1;4;1;1;1;2;1;3;1;1;3;1;2;1;1;10;1;3;3;;;;;350000;;;;;;;;;1;;;1
20230311;03;2023;7381840;1;1;01;47;1;175.71987854;47;1;1;4;1;1;1;2;1;3;1;1;3;2;2;1;1;10;1;3;3;;;;;400000;;;;;;;;;1;;;2
20230311;03;2023;7381841;1;1;01;47;1;394.7807475;47;1;1;4;1;1;1;1;1;3;2;1;3;2;1;1;1;8;1;3;5;;;;400000;;;1;;;;;;;;;;4
20230310;03;2023;7381842;1;1;01;50;1;209.07941314;50;1;1;4;1;4;1;1;1;3;1;1;4;2;1;1;1;1;1;3;3;;;;;1900000;;1;;;;;1;1;;;NEQUI Y DAVIPLATA;2
20230311;03;2023;7381843;1;1;01;50;1;107.54287741;50;1;1;2;1;1;1;1;1;3;1;1;3;2;1;1;1;1;1;3;1;;;80000000;450000;;;1;;;;;;;;;;5
20230311;03;2023;7381844;1;1;01;50;1;138.90869179;50;1;1;4;1;1;1;1;1;3;1;1;3;2;1;1;1;1;1;3;1;;;200000000;500000;;;1;;;;;;;;;;4
20230311;03;2023;7381845;1;1;01;50;1;134.29504735;50;2;1;4;1;1;1;1;1;3;1;1;2;1;1;1;1;1;1;3;3;;;;;400000;;1;;;;;;;;;;1
20230311;03;2023;7381846;1;1;01;50;1;73.774423535;50;1;1;4;1;1;1;1;1;3;1;1;4;3;1;1;1;1;1;3;1;;;80000000;500000;;;1;;;;;;;;;;5
20230311;03;2023;7381847;1;1;01;50;1;232.65858429;50;1;1;4;1;2;1;1;1;3;1;1;4;3;1;1;1;1;1;3;1;;;220000000;500000;;;;;;;1;;;;;;4
20230311;03;2023;7381848;1;1;01;50;1;232.65858429;50;1;1;4;1;2;1;1;1;3;1;1;3;2;1;1;1;1;1;3;3;;;;;500000;;1;;;;;;;;;;4
20230311;03;2023;7381849;1;1;01;50;1;273.73161936;50;1;1;4;1;2;1;1;1;3;1;1;3;2;1;1;1;1;1;3;1;;;210000000;500000;;;1;;;;;;;;;;4
20230311;03;2023;7381850;1;1;01;50;1;136.79119745;50;1;1;4;1;1;1;1;1;3;1;1;3;2;1;1;1;1;1;3;4;;;;400000;;;1;;;;;;;;;;3
20230311;03;2023;7381852;1;1;01;50;1;229.7838165;50;2;1;4;1;2;1;1;1;3;1;1;3;1;1;1;1;1;1;3;1;;;220000000;500000;;;1;;;;;;;;;;2
20230311;03;2023;7381853;1;1;01;50;1;235.23911137;50;1;1;4;1;2;1;1;1;3;1;1;3;1;1;1;1;1;1;3;3;;;;;600000;;1;;;;;;;;;;1
20230311;03;2023;7381855;1;1;01;50;1;147.40869535;50;1;1;4;1;1;1;1;1;3;1;1;3;1;1;1;1;1;1;3;4;;;;400000;;;;;;;;;;1;;;1
20230311;03;2023;7381856;1;1;01;50;1;246.04228992;50;2;1;4;1;1;2;2;1;3;1;1;3;2;5;1;1;1;1;5;3;;;;;250000;;;;;;;;;1;;;11
20230311;03;2023;7381857;1;1;01;50;1;219.37085226;50;1;1;2;1;2;1;1;1;3;1;1;4;3;1;1;1;1;1;3;1;;;180000000;450000;;;1;;;;;;;;;;7
20230311;03;2023;7381859;1;1;01;50;1;219.49081608;50;2;1;4;1;1;1;1;1;3;1;1;4;2;1;1;1;1;1;3;3;;;;;320000;;1;;;;;1;;;;;4
20230311;03;2023;7381860;1;1;01;50;1;242.20078084;50;1;1;4;1;2;1;1;1;3;1;1;4;3;1;1;1;1;1;3;3;;;;;700000;;1;;;;;;;;;;2
20230311;03;2023;7381861;1;1;01;50;1;276.49658521;50;1;1;4;1;2;1;1;1;3;1;1;4;3;1;1;1;1;1;3;3;;;;;480000;;;;;;;;;1;;;4
20230311;03;2023;7381862;1;1;01;50;1;290.16468659;50;2;1;4;1;1;1;1;1;3;1;1;3;2;1;1;1;1;1;3;3;;;;;300000;;1;;;;;;1;;;AHORRO A LA MANO;4
20230311;03;2023;7381863;1;1;01;50;1;304.37526682;50;4;1;2;1;2;1;1;1;3;1;1;1;1;1;2;1;1;2;3;3;;;;;200000;;;;;;;;;1;;;2
20230311;03;2023;7381864;1;1;01;50;1;191.43538812;50;1;1;2;1;2;1;1;1;3;1;1;3;2;1;1;1;1;1;3;3;;;;;500000;;;;;;;;;1;;;4
20230311;03;2023;7381865;1;1;01;50;1;297.59338776;50;2;1;4;1;1;1;1;1;3;1;1;3;2;1;1;1;1;1;3;3;;;;;350000;;;;;;;;1;;;NEQUI;3
20230311;03;2023;7381867;1;1;01;50;1;139.13999016;50;2;1;4;1;1;2;1;1;3;2;1;4;3;1;1;1;4;1;4;1;;;70000000;350000;;;1;;;;;;;;;;4
20230311;03;2023;7381868;1;1;01;50;1;308.3139878;50;2;1;4;1;3;1;1;1;3;1;1;3;2;1;1;1;1;1;3;3;;;;;550000;1;1;;;;;;1;;;NEQUI Y DAVIPLATA;2
20230311;03;2023;7381869;1;1;01;50;1;320.28283149;50;2;1;4;1;3;1;1;1;3;1;1;3;2;1;1;1;1;1;3;3;;;;;550000;;1;;;;;;;;;;3
20230311;03;2023;7381870;1;1;01;50;1;286.98048984;50;2;1;4;1;3;1;1;1;3;1;1;3;2;1;1;1;1;1;3;3;;;;;700000;;;;;;;;;1;;;2
20230311;03;2023;7381871;1;1;01;50;1;211.19440822;50;1;1;4;1;3;1;1;1;3;1;1;4;2;1;1;1;1;1;3;2;;700000;230000000;800000;;;1;;;;;;;;;;3
20230311;03;2023;7381872;1;1;01;50;1;290.56774597;50;1;1;4;1;2;1;1;1;3;1;1;3;1;1;1;1;1;1;3;3;;;;;450000;;1;;;;;;;;;;2
20230311;03;2023;7381873;1;1;01;50;1;145.28387298;50;1;1;4;1;3;1;1;1;3;1;1;4;2;1;1;1;1;1;3;1;;;100000000;600000;;;1;;;;;;1;;;NEQUI;2
20230311;03;2023;7381874;1;1;01;50;1;142.55622555;50;1;1;4;1;3;1;1;1;3;1;1;4;2;1;1;1;1;1;3;1;;;120000000;700000;;;1;;;;1;1;;;;;3
20230311;03;2023;7381875;1;1;01;50;1;316.21762057;50;2;1;4;1;2;1;1;1;3;1;1;3;2;1;1;1;1;1;3;3;;;;;550000;;1;;;;;1;;;;;3
20230311;03;2023;7381876;1;1;01;50;1;204.87894358;50;1;1;4;1;2;1;1;1;3;1;1;4;2;1;1;1;1;1;3;2;;500000;120000000;650000;;;1;;;;;1;;;;;4
20230311;03;2023;7381877;1;1;01;50;1;309.64786967;50;1;1;4;1;2;1;1;1;3;1;1;5;4;1;1;1;1;1;3;4;;;;700000;;;1;;;;;;1;;;NEQUI DAVIPLATA;4
20230311;03;2023;7381878;1;1;01;50;1;116.48856887;50;1;1;4;1;3;1;1;1;3;1;1;4;3;1;1;1;1;1;3;1;;;150000000;700000;;;1;;;;;;;;;;4
20230311;03;2023;7381880;1;1;01;50;1;215.01424879;50;1;1;4;1;3;1;1;1;3;1;1;4;3;1;1;1;1;1;3;3;;;;;1000000;;1;;;;1;;;;;;3
20230311;03;2023;7381881;1;1;01;50;1;132.83143652;50;2;1;4;1;3;1;1;1;3;1;1;4;3;1;1;1;1;1;3;3;;;;;600000;;1;;;;;;;;;;4
20230311;03;2023;7381882;1;1;01;50;1;382.9730275;50;1;1;2;1;1;2;2;1;3;2;1;4;1;2;1;1;3;1;4;5;;;;400000;;;1;;;;;;;;;;2
20230311;03;2023;7381883;1;1;01;50;1;484.27957661;50;1;1;2;1;1;2;2;1;3;2;1;3;1;2;1;1;3;1;4;5;;;;350000;;;;;;;;;;1;;;2
20230311;03;2023;7381884;1;1;01;50;1;412.26260934;50;1;1;2;1;1;2;2;1;3;2;1;4;2;2;1;1;4;1;4;3;;;;;700000;;1;;;;;;;;;;2
20230311;03;2023;7381885;1;1;01;50;1;398.81469881;50;2;1;4;1;1;2;2;1;3;2;1;2;1;2;1;1;3;1;4;3;;;;;300000;;1;;;;;;;;;;2
20230311;03;2023;7381886;1;1;01;50;1;293.5027737;50;2;1;4;1;2;1;1;1;3;1;1;4;2;1;1;1;1;1;3;3;;;;;550000;;;;;;;;;1;;;2
20230311;03;2023;7381887;1;1;01;50;1;364.00497461;50;1;1;2;1;1;2;2;1;3;2;1;3;2;2;1;1;4;1;4;3;;;;;250000;;;;;;;;;1;;;3
20230311;03;2023;7381891;1;1;01;50;1;141.49569974;50;1;1;4;1;2;1;1;1;3;1;1;4;3;1;1;1;1;1;3;1;;;120000000;400000;;;1;;;;;;1;;;NEQUI;5
20230311;03;2023;7381892;1;1;01;50;1;255.31535166;50;2;1;4;1;3;1;1;1;3;1;1;4;2;1;1;1;1;1;3;1;;;150000000;1000000;;;1;;;;;1;;;;;2
20230311;03;2023;7381894;1;1;01;50;1;469.86521643;50;1;1;2;1;1;2;2;1;3;2;1;3;1;2;1;1;4;1;4;3;;;;;400000;;1;;;;;;;;;;1
20230311;03;2023;7381895;1;1;01;50;1;218.07584647;50;1;1;4;1;2;1;1;1;3;1;1;5;4;1;1;1;1;1;3;3;;;;;650000;;;;;;1;;;;;;6
20230311;03;2023;7381896;1;1;01;50;1;131.305038;50;1;1;2;1;1;2;2;1;3;2;1;2;2;2;1;1;3;3;4;4;;;;400000;;;;;;;;;;1;;;2
20230311;03;2023;7381897;1;1;01;50;1;436.02194188;50;1;5;2;1;1;2;2;1;3;2;1;3;2;2;1;1;3;1;4;3;;;;;300000;;;;;;;;;1;;;3
20230311;03;2023;7381898;1;1;01;50;1;143.04081585;50;1;1;4;1;2;1;1;1;3;1;1;6;5;1;1;1;1;1;3;1;;;100000000;650000;;;1;;;;;;1;;;DAVIPLATA;8
20230311;03;2023;7381899;1;1;01;50;1;247.58016336;50;1;1;4;1;3;1;1;1;3;1;1;4;1;1;1;1;1;1;3;1;;;300000000;800000;;;;;;;;;;1;;;1
20230311;03;2023;7381900;1;1;01;50;1;327.35272654;50;1;1;4;1;3;1;1;1;3;1;1;4;2;1;1;1;1;1;3;3;;;;;1200000;;1;;;;;;;;;;3
20230311;03;2023;7381901;1;1;01;50;1;269.11197871;50;1;1;4;1;3;1;1;1;3;1;1;4;1;1;1;1;1;1;3;1;;;390000000;1100000;;;1;;;;;;;;;;2
20230311;03;2023;7381902;1;1;01;50;1;213.80367087;50;1;1;4;1;2;1;1;1;3;1;1;4;2;1;1;1;1;1;3;1;;;120000000;1000000;;;1;;;;;;;;;;3
20230311;03;2023;7381903;1;1;01;50;1;295.18097005;50;1;1;4;1;3;1;1;1;3;1;1;4;2;1;1;1;1;1;3;1;;;300000000;1300000;;;1;;;;;1;;;;;4
20230311;03;2023;7381905;1;1;01;50;1;164.92441473;50;2;1;2;1;1;2;1;1;3;2;1;5;4;1;1;1;4;1;4;2;;400000;300000000;400000;;;1;;;;;;;;;;5
20230311;03;2023;7381906;1;1;01;50;1;149.87410995;50;2;1;4;1;2;2;1;1;3;1;1;3;2;1;1;1;1;1;4;3;;;;;700000;;;;;;;;;1;;;4
20230311;03;2023;7381907;1;1;01;50;1;224.6488019;50;1;1;4;1;3;1;1;1;3;1;1;5;3;1;1;1;1;1;3;1;;;250000000;1300000;;1;;;;;;;;;;;4
20230311;03;2023;7381908;1;1;01;50;1;309.05642403;50;1;1;4;1;3;1;1;1;3;1;1;5;2;1;1;1;1;1;3;1;;;350000000;1500000;;;1;;;;;1;;;;;2
20230311;03;2023;7381909;1;1;01;50;1;199.22794984;50;1;1;4;1;3;1;1;1;3;1;1;5;2;1;1;1;1;1;3;4;;;;1000000;;;1;;;;;;1;;;NEQUI;2
20230311;03;2023;7381910;1;1;01;50;1;207.94833992;50;1;1;4;1;3;1;1;1;3;1;1;5;3;1;1;1;1;1;3;3;;;;;1484000;;1;;;;;1;;;;;3
20230311;03;2023;7381912;1;1;01;50;1;149.07942055;50;2;1;4;1;1;2;1;1;3;2;1;4;2;1;1;1;3;1;4;3;;;;;400000;;1;;;;;;;;;;2
20230311;03;2023;7381914;1;1;01;50;1;272.79393878;50;2;1;4;1;2;1;1;1;3;1;1;3;2;1;1;1;1;1;3;3;;;;;520000;;1;;;;;;;;;;3
20230311;03;2023;7381915;1;1;01;50;1;225.31345112;50;2;1;4;1;2;1;1;1;3;1;1;4;2;1;1;1;1;1;3;3;;;;;600000;;1;;;;;;;;;;3
20230311;03;2023;7381916;1;1;01;50;1;212.76279305;50;1;1;4;1;2;1;1;1;3;1;1;3;1;1;1;1;1;1;3;1;;;135000000;650000;;;;;;;;;;1;;;2
20230311;03;2023;7381917;1;1;01;50;1;255.31535166;50;1;1;4;1;3;1;1;1;3;1;1;4;1;1;1;1;1;1;3;1;;;400000000;1000000;;;1;;;;;;;;;;2
20230311;03;2023;7381918;1;1;01;50;1;231.90430764;50;1;1;4;1;2;1;1;1;3;1;1;3;2;1;1;1;1;1;3;3;;;;;720000;;;;;;;;1;;;BANCOLOMBIA A LA MANO;5
20230311;03;2023;7381919;1;1;01;50;1;204.7876268;50;2;1;4;1;2;1;1;1;3;1;1;3;2;1;1;1;1;1;3;3;;;;;600000;;1;;;;;;1;;;NEQUI;3
20230311;03;2023;7381920;1;1;01;50;1;366.98454999;50;2;1;4;1;3;1;1;1;3;1;1;4;1;1;1;1;1;1;3;3;;;;;1000000;;1;;;;;;;;;;1
20230311;03;2023;7381921;1;1;01;50;1;164.48935476;50;2;1;4;1;2;1;1;1;3;1;1;3;2;1;1;1;1;1;3;3;;;;;500000;;;;;;;;1;;;DAVIPLATA;3
20230311;03;2023;7381922;1;1;01;50;1;206.3168028;50;2;1;4;1;2;1;1;1;3;1;1;4;1;1;1;1;1;1;3;3;;;;;560000;;;;;;;;;1;;;1
20230311;03;2023;7381923;1;1;01;50;1;221.74496696;50;2;1;4;1;3;1;1;1;3;1;1;3;2;1;1;1;1;1;3;3;;;;;900000;;1;;;;;;;;;;3
20230311;03;2023;7381924;1;1;01;50;1;272.79393878;50;2;1;4;1;2;1;1;1;3;1;1;3;1;1;1;1;1;1;3;3;;;;;620000;;1;;;;;;1;;;NEQUI;3
20230311;03;2023;7381925;1;1;01;50;1;288.92511032;50;2;1;4;1;3;1;1;1;3;1;1;4;3;1;1;1;1;1;3;3;;;;;1000000;;1;;;;;;;;;;3
20230311;03;2023;7381926;1;1;01;50;1;247.58016336;50;2;1;4;1;3;1;1;1;3;1;1;3;1;1;1;1;1;1;3;1;;;280000000;1000000;;;1;;;;1;;;;;;1
20230311;03;2023;7381927;1;1;01;50;1;274.84173956;50;2;1;4;1;3;1;1;1;3;1;1;3;2;1;1;1;1;1;3;3;;;;;1000000;;1;;;;;;;;;;2
20230311;03;2023;7381928;1;1;01;50;1;189.65203741;50;2;1;4;1;3;1;1;1;3;1;1;4;2;1;1;1;1;1;3;1;;;150000000;800000;;;1;;;;;;;;;;2
20230311;03;2023;7381929;1;1;01;50;1;305.82045832;50;2;1;4;1;2;1;1;1;3;1;1;3;1;1;1;1;1;1;3;1;;;200000000;700000;;;1;;;;;1;;;;;1
20230311;03;2023;7381930;1;1;01;50;1;147.30872694;50;1;1;4;1;3;1;1;1;3;1;1;4;2;1;1;1;1;1;3;3;;;;;750000;;1;;;;;;1;;;NEQUI Y DAVIPLATA;3
20230311;03;2023;7381931;1;1;01;50;1;156.08395632;50;1;1;4;1;3;1;1;1;3;1;1;4;2;1;1;1;1;1;3;3;;;;;600000;;;;;;;;;1;;;2
20230311;03;2023;7381932;1;1;01;50;1;322.85305107;50;2;1;4;1;3;1;1;1;3;1;1;4;1;1;1;1;1;1;3;3;;;;;900000;;1;;;;;1;;;;;2
20230311;03;2023;7381934;1;1;01;50;1;130.80658256;50;1;1;4;1;3;1;1;1;3;1;1;5;2;1;1;1;1;1;3;1;;;150000000;700000;;;1;;;;;1;1;;;NEQUI Y DAVIPLATA;3
20230311;03;2023;7381935;1;1;01;50;1;313.24347762;50;2;1;4;1;3;1;1;1;3;1;1;4;1;1;1;1;1;1;3;1;;;120000000;800000;;;1;;;;;;;;;;1
20230311;03;2023;7381936;1;1;01;50;1;190.96386624;50;1;1;4;1;3;1;1;1;3;1;1;4;3;1;1;1;1;1;3;1;;;285000000;1500000;;;1;;;;1;1;;;;;4
20230311;03;2023;7381937;1;1;01;50;1;117.18438895;50;1;1;4;1;3;1;1;1;3;1;1;4;2;1;1;1;1;1;3;2;;900000;300000000;1000000;;;;;;;;;;1;;;4
20230311;03;2023;7381938;1;1;01;50;1;243.49498279;50;1;1;4;1;2;1;1;1;3;1;1;4;2;1;1;1;1;1;3;3;;;;;450000;;1;;;;;;;;;;4
20230311;03;2023;7381939;1;1;01;50;1;239.48853385;50;1;1;4;1;3;1;1;1;3;1;1;5;4;1;1;1;1;1;3;4;;;;700000;;;1;;;;;1;1;;;NEQUI Y DAVIPLATA;4
20230311;03;2023;7381940;1;1;01;50;1;138.90869179;50;1;1;2;1;1;1;1;1;3;1;1;2;1;1;1;1;1;1;3;1;;;90000000;350000;;;1;;;;;;;;;;4
20230311;03;2023;7381941;1;1;01;50;1;236.33463633;50;2;1;4;1;3;1;1;1;3;1;1;3;2;1;1;1;1;1;3;3;;;;;550000;;;;;;;;1;;;NEQUI;2
20230311;03;2023;7381942;1;1;01;50;1;242.23441215;50;2;1;4;1;2;1;1;1;3;1;1;3;2;1;1;1;1;1;3;3;;;;;550000;;1;;;;;;1;;;NEQUI Y DAVIPLATA;3
20230311;03;2023;7381943;1;1;01;50;1;105.87316696;50;1;1;4;1;1;1;1;1;3;1;1;4;2;1;1;1;1;1;3;1;;;100000000;500000;;;;;;;;;;1;;;3
20230311;03;2023;7381944;1;1;01;50;1;301.33151415;50;2;1;4;1;2;1;1;1;3;1;1;4;1;1;1;1;1;3;3;3;;;;;440000;;1;;;;;;;;;;2
20230311;03;2023;7381945;1;1;01;50;1;236.33463633;50;2;1;4;1;3;1;1;1;3;1;1;3;2;1;1;1;1;1;3;3;;;;;350000;;;;;;;;;1;;;2
20230311;03;2023;7381946;1;1;01;50;1;139.07539081;50;1;1;4;1;3;1;1;1;3;1;1;3;2;1;1;1;1;6;;1;;;100000000;600000;;;;;;;;;;1;;;2
20230311;03;2023;7381947;1;1;01;50;1;111.41107351;50;2;1;4;1;3;1;1;1;3;1;1;3;1;1;1;1;1;1;3;3;;;;;600000;;;;;;;;;1;;;1
20230311;03;2023;7381948;1;1;01;50;1;336.19775089;50;1;1;4;1;2;1;1;1;3;1;2;3;2;1;1;1;1;1;3;3;;;;;700000;;1;;;;;;;;;;2
20230311;03;2023;7381948;2;2;01;50;1;336.19775089;50;1;1;4;1;2;1;1;1;3;1;2;1;1;1;2;1;1;6;;3;;;;;200000;;;;;;;;;1;;;1
20230311;03;2023;7381949;1;1;01;50;1;219.31406973;50;1;1;4;1;2;1;1;1;3;1;1;3;2;1;1;1;1;1;3;1;;;180000000;500000;;;1;;;;;;;;;;2
20230311;03;2023;7381950;1;1;01;50;1;269.04420923;50;2;1;4;1;2;1;1;1;3;1;1;3;1;1;1;1;1;1;3;3;;;;;450000;;;;;;;;;1;;;2
20230311;03;2023;7381952;1;1;01;50;1;224.25998226;50;1;1;4;1;2;1;1;1;3;1;1;3;1;1;1;1;1;1;3;3;;;;;500000;;1;;;;;;;;;;2
20230311;03;2023;7381955;1;1;01;50;1;333.62231817;50;2;1;2;1;1;2;1;1;3;1;1;1;1;1;1;1;1;2;4;4;;;;300000;;;;;;;;;;1;;;1
20230311;03;2023;7381956;1;1;01;;1;111.76494935;52;1;1;4;1;1;2;2;1;2;1;1;3;2;2;1;1;1;1;4;3;;;;;350000;;1;;;;;;;;;;4
20230311;03;2023;7381957;1;1;01;;1;131.70773869;52;1;1;2;1;1;2;2;1;2;1;1;4;3;2;1;1;1;4;4;3;;;;;300000;;;;;;;;;1;;;4
20230311;03;2023;7381958;1;1;01;;1;111.76494935;52;1;1;2;1;1;2;2;1;2;1;2;3;2;2;2;1;1;1;4;4;;;;200000;;;1;;;;;;;;;;3
20230311;03;2023;7381958;2;2;01;;1;111.76494935;52;1;1;2;1;1;2;2;1;2;1;2;2;1;2;2;1;1;1;4;4;;;;200000;;;;;;;;;;1;;;3
20230311;03;2023;7381959;1;1;01;;1;292.72904096;52;1;1;2;1;1;2;2;1;2;1;1;3;1;2;1;1;1;1;4;1;;;25000000;200000;;;1;;;;;;;;;;1
20230311;03;2023;7381960;1;1;01;;1;111.76494935;52;2;1;4;1;1;2;2;1;2;1;1;3;2;2;1;1;1;1;4;3;;;;;400000;;1;;;;;;;;;;4
20230311;03;2023;7381961;1;1;01;;1;292.72904096;52;1;1;2;1;1;2;2;1;2;1;1;3;1;2;1;1;1;1;4;1;;;55000000;250000;;;;;;;;;;1;;;1
20230311;03;2023;7381962;1;1;01;;1;369.29984502;52;1;1;4;1;1;2;2;1;2;1;1;2;1;2;1;1;1;1;4;3;;;;;350000;;1;;;;;;;;;;1
20230311;03;2023;7381963;1;1;01;;1;320.43130982;52;2;1;4;1;1;2;2;1;2;1;1;3;2;2;1;1;1;3;4;4;;;;250000;;;1;;;;;;;;;;3
20230311;03;2023;7381964;1;1;01;;1;433.96041433;52;1;1;4;1;1;2;2;1;2;1;1;2;1;2;1;1;1;1;4;4;;;;200000;;;;;;;;;;1;;;1
20230311;03;2023;7381965;1;1;01;;1;179.19993645;52;1;1;4;1;1;2;2;1;2;1;1;4;2;2;1;1;1;3;4;2;;135000;180000000;500000;;;1;;;;;;;;;;3
20230311;03;2023;7381966;1;1;01;;1;74.086614151;52;1;1;3;1;1;2;2;1;2;1;1;4;3;3;1;1;1;1;4;1;;;30000000;200000;;;1;;;;;;;;;;7
20230311;03;2023;7381967;1;1;01;;1;74.086614151;52;1;5;3;1;1;2;2;1;2;1;1;3;2;5;1;1;1;1;4;3;;;;;200000;;1;;;;;;;;;;3
20230311;03;2023;7381968;1;1;01;;1;74.086614151;52;1;5;3;1;1;2;2;1;2;1;1;4;3;5;1;1;1;1;4;1;;;25000000;300000;;;;;;;;;;1;;;4
20230311;03;2023;7381969;1;1;01;;1;96.207651188;52;1;5;3;1;1;2;2;1;2;1;1;3;2;3;1;1;1;1;4;4;;;;200000;;;1;;;;;;;;;;5
20230311;03;2023;7381970;1;1;01;;1;377.84173217;52;1;1;4;1;1;2;2;1;2;1;1;4;3;5;1;1;1;3;4;1;;;65000000;400000;;;1;;;;;;;;;;4
20230311;03;2023;7381971;1;1;01;;1;74.086614151;52;1;5;3;1;1;2;2;1;2;1;1;3;2;5;1;1;1;1;4;3;;;;;150000;;;;;;;;;1;;;4
20230311;03;2023;7381972;1;1;01;;1;74.086614151;52;1;5;3;1;1;2;2;1;2;1;1;3;2;3;1;1;1;1;4;4;;;;150000;;;1;;;;;;;;;;4
20230311;03;2023;7381973;1;1;01;;1;90.448094402;52;1;5;3;1;1;2;2;1;2;1;1;2;1;4;1;1;1;1;4;1;;;5000000;100000;;;1;;;;;;;;;;3
20230311;03;2023;7381974;1;1;01;;1;172.68682667;52;1;1;4;1;1;2;2;1;2;1;1;3;1;2;1;1;1;1;4;4;;;;180000;;;1;;;;;;;;;;2
20230311;03;2023;7381975;1;1;01;;1;162.56230136;52;1;5;3;1;1;2;2;1;2;1;1;4;2;5;1;1;1;1;4;1;;;25000000;200000;;;;;;;;;;1;;;2
20230311;03;2023;7381976;1;1;01;;1;162.56230136;52;1;1;4;1;1;2;2;1;2;1;1;3;2;2;1;1;1;1;4;4;;;;300000;;;1;;;;;;;;;;2
20230311;03;2023;7381979;1;1;01;52;1;65.533870761;52;1;1;4;1;2;2;1;1;3;1;1;4;2;1;1;1;1;1;4;1;;;350000000;1000000;;;1;;;;;;;;;;3
20230311;03;2023;7381980;1;1;01;52;1;65.533870761;52;1;1;4;1;2;2;1;1;3;1;1;4;2;1;1;1;1;1;4;1;;;250000000;800000;;;1;;;;1;;;;;;3
20230311;03;2023;7381981;1;1;01;52;1;175.71822474;52;1;1;4;1;3;2;1;1;3;1;1;4;3;1;1;1;1;1;4;1;;;400000000;1000000;;;1;;;;;;;;;;3
20230311;03;2023;7381982;1;1;01;52;1;169.07281667;52;2;1;4;1;2;2;1;1;3;1;1;3;3;1;1;1;1;1;4;3;;;;;500000;;1;;;;;;;;;;4
20230311;03;2023;7381983;1;1;01;52;1;116.95098385;52;1;1;4;1;1;2;1;1;3;1;1;4;3;1;1;1;1;1;4;4;;;;400000;;;;;;;;;;1;;;7
20230311;03;2023;7381984;1;1;01;52;1;232.27233042;52;1;1;4;1;1;2;1;1;3;1;1;3;1;1;1;1;1;1;4;1;;;80000000;600000;;;1;;;;;;;;;;2
20230311;03;2023;7381985;1;1;01;52;1;192.80245056;52;2;1;4;1;2;1;1;1;3;1;1;4;3;1;1;1;1;1;3;3;;;;;250000;;;;;;;;;1;;;4
20230311;03;2023;7381986;1;1;01;52;1;186.0997228;52;2;1;4;1;1;2;1;1;2;1;1;3;3;1;1;1;1;1;4;2;;1300000;3500000;600000;;;1;;;;;;;;;;4
20230311;03;2023;7381987;1;1;01;52;1;163.1184358;52;2;1;4;1;2;1;1;1;3;1;1;3;2;1;1;1;1;1;3;3;;;;;480000;;;;;;;;;1;;;2
20230311;03;2023;7381988;1;1;01;52;1;60.973817869;52;2;1;2;1;1;2;1;1;3;1;1;4;3;1;1;1;1;1;4;4;;;;400000;;;;;;;1;;;;;;7
20230311;03;2023;7381989;1;1;01;52;1;118.6142596;52;2;1;4;1;1;2;1;1;3;1;1;3;2;1;1;1;1;1;4;3;;;;;300000;;1;;;;;;;;;;4
20230311;03;2023;7381990;1;1;01;52;1;68.967858931;52;2;1;2;1;1;2;1;1;3;1;1;3;2;1;1;1;1;1;4;4;;;;300000;;;1;;;;;;;;;;4
20230311;03;2023;7381991;1;1;01;52;1;114.17250916;52;1;1;4;1;2;1;1;1;3;1;1;6;2;1;1;1;1;1;3;1;;;100000000;100000;;;;;;;;;;1;;;4
20230311;03;2023;7381992;1;1;01;52;1;93.441395062;52;1;1;4;1;3;1;1;1;3;1;1;4;3;1;1;1;1;1;3;2;;620000;180000000;600000;;;;;1;;;;;;;;4
20230311;03;2023;7381993;1;1;01;52;1;91.012416986;52;1;1;4;1;2;1;1;1;3;1;1;4;2;1;1;1;1;1;3;1;;;800000000;1000000;;;;;;;;;;1;;;2
20230311;03;2023;7381994;1;1;01;52;1;92.484275788;52;1;1;4;1;2;1;1;1;3;1;1;4;3;1;1;1;1;1;3;1;;;98;350000;;;1;;;;;;;;;;4
20230311;03;2023;7381995;1;1;01;52;1;102.75525824;52;1;1;4;1;2;1;1;1;3;1;1;4;3;1;1;1;1;1;3;1;;;35000000;300000;;;1;;;;;;;;;;4
20230311;03;2023;7381996;1;1;01;52;1;104.25084868;52;1;1;4;1;3;1;1;1;3;1;1;5;4;1;1;1;1;1;3;1;;;150000000;600000;;;1;;;;;;;;;;6
20230311;03;2023;7381997;1;1;01;52;1;91.019264946;52;1;1;4;1;2;1;1;1;3;1;1;5;2;1;1;1;1;1;4;1;;;120000000;400000;;;1;;;;;;;;;;3
20230311;03;2023;7381999;1;1;01;52;1;105.13239944;52;2;1;4;1;2;2;1;1;3;1;1;2;2;1;1;1;1;1;4;3;;;;;410000;;;;;;;;;1;;;5
20230311;03;2023;7382000;1;1;01;52;1;90.863170528;52;1;1;4;1;2;2;1;1;3;1;1;4;3;1;1;1;1;1;4;3;;;;;700000;;1;;;;1;1;;;;;4
20230311;03;2023;7382001;1;1;01;52;1;118.23814271;52;1;1;4;1;3;2;1;1;3;1;1;5;4;1;1;1;1;1;4;3;;;;;700000;;;;;;;;;1;;;7
20230311;03;2023;7382002;1;1;01;52;1;114.70346556;52;1;1;4;1;2;2;1;1;3;1;1;2;1;1;1;1;1;1;4;3;;;;;320000;;;;;;;;;1;;;3
20230311;03;2023;7382003;1;1;01;52;1;114.70346556;52;2;1;4;1;2;2;1;1;3;1;1;2;1;1;1;1;1;1;4;4;;;;300000;;;1;;;;;;;;;;3
20230311;03;2023;7382004;1;1;01;52;1;67.67588489;52;1;1;4;1;2;1;1;1;3;1;1;4;1;1;1;1;1;1;3;1;;;200000000;500000;;;1;;;;;;;;;;2
20230311;03;2023;7382005;1;1;01;52;1;71.617071816;52;1;1;4;1;2;1;1;1;3;1;1;4;3;1;1;1;1;1;3;1;;;98;98;;;1;;;;;;;;;;5
20230311;03;2023;7382006;1;1;01;52;1;111.43678549;52;2;1;4;1;2;1;1;1;3;1;2;4;3;1;1;1;1;1;3;4;;;;400000;;;;;;;;;;1;;;5
20230311;03;2023;7382006;2;2;01;52;1;111.43678549;52;2;1;4;1;2;1;1;1;3;1;2;1;1;1;1;1;1;6;;4;;;;300000;;;;;;;;;;1;;;1
20230311;03;2023;7382007;1;1;01;52;1;166.77293772;52;1;1;6;1;3;2;1;1;3;1;1;3;2;1;1;1;1;1;1;1;;;800000000;1600000;;;1;;;;;;;;;;3
20230311;03;2023;7382008;1;1;01;52;1;120.56335638;52;2;1;4;1;1;1;1;1;3;1;1;3;2;1;1;1;1;1;4;1;;;50000000;300000;;;;;;;1;;;;;;3
20230311;03;2023;7382009;1;1;01;52;1;193.6099021;52;1;1;4;1;3;1;1;1;3;1;1;4;1;1;1;1;1;2;4;1;;;750000000;1100000;;;1;;;;1;1;;;;;1
20230311;03;2023;7382010;1;1;01;52;1;146.65638614;52;1;1;4;1;3;2;1;1;3;1;1;3;2;1;1;1;1;3;4;1;;;400000000;1000000;;;;1;;;;;;;;;2
20230311;03;2023;7382011;1;1;01;52;1;155.39731624;52;1;1;4;1;3;2;1;1;3;1;1;3;1;1;1;1;1;1;4;1;;;400000000;1500000;;1;1;;;;;1;;;;;1
20230311;03;2023;7382012;1;1;01;52;1;128.42255422;52;1;1;4;1;3;2;1;1;3;1;1;6;4;1;1;1;1;1;4;3;;;;;1400000;;1;;;;1;;;;;;5
20230311;03;2023;7382013;1;1;01;52;1;169.18843715;52;2;1;4;1;2;1;1;1;3;1;1;3;2;1;1;1;1;1;3;4;;;;600000;;;1;;;;;;;;;;3
20230311;03;2023;7382014;1;1;01;52;1;352.89515892;52;2;1;4;1;2;1;1;1;3;1;1;6;5;1;1;1;1;1;3;1;;;99000000;500000;;;;;;;;;;1;;;8
20230311;03;2023;7382015;1;1;01;52;1;117.31838523;52;1;1;2;1;2;1;1;1;3;1;1;4;2;1;1;1;1;1;3;1;;;140000000;300000;;;1;;;;;;;;;;4
20230311;03;2023;7382016;1;1;01;52;1;141.76455034;52;2;1;4;1;2;1;1;1;3;1;1;3;2;1;1;1;1;1;3;3;;;;;480000;;1;;;;;;;;;;5
20230311;03;2023;7382017;1;1;01;52;1;256.99239127;52;2;1;4;1;2;1;1;1;3;1;1;4;2;1;1;1;1;1;3;1;;;98;350000;;;;;;;;;;1;;;3
20230311;03;2023;7382018;1;1;01;52;1;172.97205813;52;2;1;4;1;3;2;1;1;3;1;1;2;1;1;1;1;1;1;4;3;;;;;400000;;1;;;;;;;;;;1
20230311;03;2023;7382019;1;1;01;52;1;152.47795498;52;1;1;4;1;2;1;1;1;3;1;1;3;2;1;1;1;1;1;3;1;;;300000000;800000;;;1;;;;;;;;;;3
20230311;03;2023;7382020;1;1;01;52;1;113.22402386;52;3;1;4;1;2;1;1;1;3;1;1;1;1;1;1;1;1;1;3;4;;;;300000;;;;;;;;;;1;;;4
20230311;03;2023;7382021;1;1;01;52;1;108.64908946;52;1;1;4;1;3;1;1;1;3;1;1;3;2;1;1;1;1;1;3;3;;;;;450000;;1;;;;;;;;;;3
20230311;03;2023;7382022;1;1;01;52;1;143.86020207;52;1;1;4;1;3;1;1;1;3;1;1;5;3;1;1;1;1;1;3;1;;;250000000;800000;;;1;;;;1;1;;;;;4
20230311;03;2023;7382023;1;1;01;52;1;94.660035544;52;1;1;4;1;2;2;1;1;3;1;1;4;2;1;1;1;1;1;4;3;;;;;500000;;1;;;;;;;;;;3
20230311;03;2023;7382024;1;1;01;52;1;116.2974033;52;2;1;4;1;3;2;1;1;3;1;1;3;2;1;1;1;1;1;4;3;;;;;500000;;;;;;;;;1;;;2
20230311;03;2023;7382025;1;1;01;52;1;121.83342994;52;2;1;4;1;2;2;1;1;3;1;1;4;3;1;1;1;1;1;4;4;;;;700000;;;;;;;;;;1;;;3
20230311;03;2023;7382026;1;1;01;52;1;151.96385796;52;2;1;4;1;2;1;1;1;3;1;1;2;1;1;1;1;1;1;3;1;;;350000000;600000;;;;;;;;;;1;;;2
20230311;03;2023;7382027;1;1;01;52;1;105.67925786;52;2;1;4;1;3;2;1;1;3;1;1;3;2;1;1;1;1;1;4;3;;;;;500000;;;;;;;;;1;;;2
20230311;03;2023;7382029;1;1;01;52;1;207.62513023;52;1;1;4;1;5;2;1;1;3;1;1;6;2;1;1;1;1;1;4;1;;;500000000;2500000;;;1;;;;;;;;;;3
20230311;03;2023;7382030;1;1;01;52;1;110.50475821;52;2;1;4;1;3;2;1;1;3;1;1;2;1;1;1;1;1;1;4;3;;;;;450000;;;;;;;;;1;;;1
20230311;03;2023;7382031;1;1;01;52;1;137.6781526;52;2;1;4;1;3;2;1;1;7;1;1;2;1;2;1;1;1;1;4;3;;;;;750000;;1;;;;;;;;;;1
20230311;03;2023;7382032;1;1;01;52;1;209.09893752;52;2;1;4;1;2;1;1;1;3;1;1;4;3;1;1;1;1;1;3;3;;;;;750000;;1;;;;;1;;;;;4
20230311;03;2023;7382033;1;1;01;52;1;107.38300611;52;2;1;4;1;3;2;1;1;3;1;1;2;1;1;1;1;1;1;4;3;;;;;500000;;1;;;;;;;;;;1
20230311;03;2023;7382034;1;1;01;52;1;167.98822412;52;2;1;4;1;2;1;1;1;3;1;1;2;1;1;1;1;1;1;4;1;;;180000000;500000;;;1;;;;;;;;;;2
20230311;03;2023;7382035;1;1;01;52;1;216.5989553;52;2;1;4;1;5;2;1;1;3;1;1;6;2;1;1;1;1;1;4;1;;;400000000;1500000;;;1;;;;;;;;;;2
20230311;03;2023;7382036;1;1;01;52;1;166.77293772;52;2;1;4;1;4;2;1;1;3;1;1;5;3;1;1;1;1;1;4;3;;;;;1550000;;1;;;;;;;;;;3
20230311;03;2023;7382037;1;1;01;52;1;151.00735234;52;2;1;4;1;4;2;1;1;3;1;1;4;1;1;1;1;1;1;4;1;;;350000000;1200000;;1;;;;;;;;;;;1
20230311;03;2023;7382038;1;1;01;52;1;335.00388655;52;2;1;4;1;5;1;1;1;3;1;1;5;1;1;1;1;1;1;3;3;;;;;1500000;;1;;;;;;;;;;4
20230311;03;2023;7382040;1;1;01;52;1;144.28693954;52;2;1;4;1;4;2;1;1;3;1;1;4;3;1;1;1;1;1;4;2;;1500000;160000000;1600000;;;1;;1;;;;;;;;4
20230311;03;2023;7382041;1;1;01;52;1;167.75381838;52;2;1;4;1;4;1;1;1;3;1;1;3;2;1;1;1;1;1;3;1;;;160000000;1500000;;;1;;;;1;;;;;;3
20230311;03;2023;7382042;1;1;01;52;1;293.99051583;52;2;1;4;1;5;1;1;1;3;1;1;5;2;1;1;1;1;1;3;1;;;400000000;1500000;;;1;;;;1;;;;;;2
20230311;03;2023;7382043;1;1;01;52;1;151.89864921;52;2;1;4;1;3;2;1;1;3;1;1;3;2;1;1;1;1;1;4;3;;;;;970000;;1;;;;;;;;;;2
20230311;03;2023;7382044;1;1;01;52;1;216.29592674;52;2;1;4;1;3;2;1;1;7;1;1;3;1;1;1;1;1;3;4;1;;;300000000;900000;;;1;;;;;;;;;;2
20230311;03;2023;7382045;1;1;01;52;1;167.09436718;52;2;1;4;1;3;2;1;1;3;1;1;4;1;1;1;1;1;1;4;3;;;;;800000;;1;;;;;;;;;;1
20230311;03;2023;7382046;1;1;01;52;1;54.198949217;52;1;1;4;1;3;2;1;1;3;1;1;3;3;1;1;1;1;1;4;3;;;;;640000;;;;;;;;;1;;;6
20230311;03;2023;7382047;1;1;01;52;1;107.38300611;52;2;1;4;1;3;2;1;1;3;1;1;4;1;1;1;1;1;1;4;2;;628000;250000000;800000;;;1;;1;;;1;;;;;1
20230311;03;2023;7382048;1;1;01;52;1;89.644995102;52;1;1;4;1;2;1;1;1;3;1;1;6;6;1;1;1;1;1;3;1;;;70000000;500000;;;1;;;;;;;;;;10
20230311;03;2023;7382049;1;1;01;52;1;131.49011179;52;2;1;4;1;3;2;1;1;3;1;1;3;2;1;1;1;1;1;4;3;;;;;1000000;;1;;;;;;;;;;3
20230311;03;2023;7382050;1;1;01;52;1;246.54261606;52;1;1;4;1;5;1;1;1;3;1;1;4;1;1;1;1;1;1;4;1;;;700000000;3000000;;1;;;;;;;;;;;1
20230311;03;2023;7382051;1;1;01;52;1;151.00735234;52;1;1;4;1;3;2;1;1;3;1;1;4;1;1;1;1;1;1;4;1;;;500000000;1400000;;;1;;;;;;;;;;1
20230311;03;2023;7382052;1;1;01;52;1;115.4672845;52;2;1;4;1;1;2;1;1;3;1;1;2;2;1;1;1;1;1;4;1;;;98;300000;;;;;;;1;;;;;;4
20230311;03;2023;7382053;1;1;01;52;1;137.46664118;52;1;1;4;1;3;2;1;1;3;1;1;5;1;1;1;1;1;1;4;1;;;600000000;1200000;;;1;;;;;;;;;;2
20230311;03;2023;7382054;1;1;01;52;1;130.9164381;52;2;1;4;1;3;2;1;1;3;1;1;4;3;1;1;1;1;1;4;3;;;;;500000;;1;;;;;;;;;;3
20230311;03;2023;7382056;1;1;01;52;1;157.09829305;52;2;1;4;1;4;2;1;1;3;1;1;3;3;1;1;1;1;1;4;3;;;;;1840000;;1;;;;;;;;;;4
20230311;03;2023;7382057;1;1;01;52;1;131.4710186;52;2;1;4;1;2;1;1;1;3;1;1;3;2;1;1;1;1;1;3;3;;;;;600000;;1;;;;;;;;;;2
20230311;03;2023;7382058;1;1;01;52;1;163.36923748;52;1;1;4;1;2;1;1;1;3;1;1;4;3;1;1;1;1;1;3;1;;;98;400000;;;1;;;1;;;;;;;3
20230311;03;2023;7382059;1;1;01;52;1;167.09436718;52;2;1;4;1;3;2;1;1;3;1;1;4;1;1;1;1;1;1;4;4;;;;800000;;;;;;;1;;;;;;1
20230311;03;2023;7382060;1;1;01;52;1;72.627473851;52;1;1;4;1;2;1;1;1;3;1;1;5;4;1;1;1;1;1;3;1;;;100000000;1000000;;;1;;;;;;;;;;4
20230311;03;2023;7382061;1;1;01;52;1;116.46703748;52;1;1;4;1;2;1;1;1;3;1;1;5;1;1;1;1;1;1;3;6;;;;500000;;;1;;;;;;;;;;2
20230311;03;2023;7382062;1;1;01;52;1;110.50475821;52;2;1;4;1;3;2;1;1;3;1;1;2;1;1;1;1;1;1;4;3;;;;;600000;;1;;;;;1;;;;;1
20230311;03;2023;7382064;1;1;01;52;1;238.70623882;52;2;1;4;1;5;2;1;1;3;1;1;3;1;1;1;1;1;1;4;4;;;;1000000;;;1;;;;;;;;;;1
20230311;03;2023;7382065;1;1;01;52;1;136.83604842;52;1;1;4;1;2;2;1;1;3;1;1;2;2;1;1;1;1;1;4;3;;;;;450000;;;;;;;;;1;;;4
20230311;03;2023;7382066;1;1;01;52;1;128.36835968;52;1;1;4;1;2;2;1;1;3;1;1;4;3;1;1;1;1;1;4;6;;;;500000;;;1;;;;;;;;;;3
20230311;03;2023;7382067;1;1;01;52;1;98.68998675;52;2;1;4;1;1;2;1;1;3;1;1;3;2;1;1;1;1;1;4;3;;;;;300000;;;;;;;;;1;;;4
20230311;03;2023;7382068;1;1;01;52;1;171.60930726;52;2;1;4;1;2;2;1;1;3;1;1;3;2;1;1;1;1;1;4;3;;;;;300000;;1;;;;;;;;;;3
20230311;03;2023;7382069;1;1;01;52;1;227.02466756;52;4;1;4;1;2;2;1;1;3;1;1;1;1;1;1;1;1;6;;3;;;;;270000;;1;;;;;;;;;;3
20230311;03;2023;7382070;1;1;01;52;1;127.97596081;52;2;1;4;1;2;2;1;1;3;1;1;4;3;1;1;1;1;1;4;3;;;;;600000;;1;;;;1;;;;;;6
20230311;03;2023;7382071;1;1;01;52;1;71.516465328;52;1;1;4;1;2;2;1;1;3;1;1;5;3;1;1;1;1;1;4;3;;;;;900000;;1;;;;1;;;;;;4
20230311;03;2023;7382072;1;1;01;52;1;79.607062217;52;2;1;4;1;2;1;1;1;3;1;1;3;2;1;1;1;1;1;3;3;;;;;300000;;;;;;;;;1;;;3
20230311;03;2023;7382073;1;1;01;52;1;146.20757128;52;2;1;4;1;4;2;1;1;3;1;1;5;1;1;1;1;1;1;4;7;FIDEICOMISO;;;98;;;1;1;;;;;;;;;1
20230311;03;2023;7382075;1;1;01;52;1;128.04920245;52;2;1;4;1;3;2;1;1;3;1;1;4;2;1;1;1;1;1;4;1;;;130000000;1000000;;;1;1;;;;;;;;;2
20230311;03;2023;7382076;1;1;01;52;1;100.87580806;52;1;1;4;1;2;2;1;1;3;1;1;3;3;1;1;1;1;1;4;1;;;160000000;700000;;;1;;;;;;;;;;2
20230311;03;2023;7382077;1;1;01;52;1;118.16335293;52;1;1;4;1;1;2;1;1;3;1;1;4;3;1;1;1;1;1;4;4;;;;500000;;;1;;;;;;;;;;3
20230311;03;2023;7382078;1;1;01;52;1;89.38624533;52;2;1;4;1;2;2;1;1;3;1;1;4;3;1;1;1;1;1;4;3;;;;;850000;;;;;;;;;1;;;4
20230311;03;2023;7382079;1;1;01;52;1;208.62479027;52;2;1;4;1;3;2;1;1;7;1;1;3;2;1;1;1;1;1;4;3;;;;;500000;;1;;;;;;;;;;4
20230311;03;2023;7382080;1;1;01;52;1;218.5995081;52;2;1;4;1;5;2;1;1;3;1;1;4;2;1;1;1;1;1;4;1;;;400000000;1200000;;;1;1;;;;;;;;;2
20230311;03;2023;7382081;1;1;01;52;1;122.73867592;52;1;1;2;1;2;1;1;1;3;1;1;5;5;1;1;1;1;1;3;1;;;98;700000;;;;;;;;;;1;;;7
20230311;03;2023;7382082;1;1;01;52;1;62.514209133;52;1;1;4;1;2;1;1;1;3;1;1;4;4;1;1;1;1;1;3;1;;;70000000;5000000;;;1;;;;;;;;;;7
20230311;03;2023;7382083;1;1;01;52;1;118.59408904;52;2;1;4;1;3;2;1;1;3;1;1;4;2;1;1;1;1;1;4;3;;;;;600000;;1;;;;1;;;;;;3
20230311;03;2023;7382087;1;1;01;52;1;124.12452944;52;2;1;4;1;3;2;1;1;3;1;1;4;2;1;1;1;1;1;4;3;;;;;650000;;1;;;;1;;;;;;2
20230311;03;2023;7382089;1;1;01;52;1;213.59732307;52;2;1;4;1;3;2;1;1;3;1;1;4;3;1;1;1;1;1;4;1;;;150000000;1100000;;;1;;;;;;;;;;3
20230311;03;2023;7382090;1;1;01;52;1;163.1184358;52;2;1;4;1;2;1;1;1;3;1;1;3;2;1;1;1;1;1;3;3;;;;;500000;;1;;;;1;;;;;;2
20230311;03;2023;7382091;1;1;01;52;1;131.86617104;52;2;1;4;1;3;1;1;1;3;1;1;4;2;1;1;1;1;1;3;3;;;;;800000;;1;1;;;1;;;;;;3
20230311;03;2023;7382092;1;1;01;52;1;168.45825795;52;3;1;4;1;2;2;1;1;3;1;1;1;1;1;2;1;1;1;4;3;;;;;250000;;1;;;;;;;;;;1
20230311;03;2023;7382093;1;1;01;52;1;235.64743957;52;1;1;4;1;2;1;1;1;3;1;1;4;2;1;1;1;1;1;3;2;;1200000;98;500000;;;1;;;;1;;;;;;4
20230311;03;2023;7382107;1;1;01;52;1;251.63072757;52;1;1;4;1;2;1;1;1;3;1;1;3;2;1;1;1;1;1;3;4;;;;500000;;;1;;;;;;;;;;3
20230311;03;2023;7382108;1;1;01;52;1;123.7215731;52;2;1;4;1;4;2;1;1;3;1;1;3;1;1;1;1;1;1;4;3;;;;;1600000;1;;;;;;;;;;;2
20230311;03;2023;7382109;1;1;01;52;1;113.57896316;52;1;1;4;1;2;2;1;1;3;1;1;4;3;1;1;1;1;1;4;3;;;;;600000;;1;;;;;;;;;;4
20230311;03;2023;7382111;1;1;01;54;1;346.53194919;54;1;1;4;1;3;1;1;1;3;1;1;4;1;1;1;1;1;1;3;4;;;;500000;;;;;;;;;;1;;;1
20230311;03;2023;7382113;1;1;01;54;1;760.34215496;54;2;1;4;1;1;1;1;1;3;1;1;3;2;1;1;1;1;1;3;1;;;120000000;400000;;;1;;;;;1;;;;;4
20230311;03;2023;7382115;1;1;01;54;1;375.54304043;54;1;1;4;1;3;2;1;1;3;1;1;5;2;1;1;1;1;1;4;4;;;;500000;;;1;;;;1;;;;;;2
20230311;03;2023;7382116;1;1;01;54;1;506.2551854;54;1;1;4;1;1;1;1;1;3;1;1;3;2;1;1;1;1;1;3;1;;;98;250000;;;;;;;;;;1;;;3
20230311;03;2023;7382117;1;1;01;54;1;497.09962483;54;1;1;4;1;2;1;1;1;3;1;1;3;2;1;1;1;1;3;3;1;;;30000000;400000;;;1;;;;;;;;;;3
20230311;03;2023;7382119;1;1;01;54;1;339.72495781;54;2;1;4;1;2;2;1;1;3;1;4;3;2;1;2;1;1;1;4;4;;;;500000;;;1;;;;;;;;;;5
20230311;03;2023;7382119;2;2;01;54;1;339.72495781;54;2;1;4;1;2;2;1;1;3;1;4;4;3;1;2;1;1;1;4;1;;;120000000;500000;;;;;;;;;;1;;;9
20230311;03;2023;7382119;3;3;01;54;1;339.72495781;54;2;1;4;1;2;2;1;1;3;1;4;3;2;1;1;1;1;1;4;4;;;;400000;;;;;;;;;;1;;;4
20230311;03;2023;7382119;4;4;01;54;1;339.72495781;54;2;1;4;1;2;2;1;1;3;1;4;2;1;1;1;1;1;1;4;4;;;;400000;;;;;;;;;;1;;;2
20230311;03;2023;7382121;1;1;01;54;1;392.79225297;54;1;1;4;1;3;1;1;1;3;1;1;5;4;1;1;1;1;1;3;4;;;;600000;;;1;;;;;;;;;;7
20230311;03;2023;7382122;1;1;01;54;1;333.91029962;54;2;1;4;1;3;1;1;1;3;1;1;2;1;1;1;1;1;1;3;3;;;;;350000;;1;;;;;;;;;;2
20230311;03;2023;7382123;1;1;01;54;1;588.77704975;54;2;1;4;1;2;1;1;1;3;1;1;4;3;1;1;1;1;1;3;3;;;;;350000;;1;;;;;;;;;;6
20230311;03;2023;7382124;1;1;01;54;1;645.97380754;54;2;1;4;1;2;1;1;1;3;1;1;3;1;1;1;1;1;1;3;3;;;;;450000;;;;;;;;;1;;;3
20230311;03;2023;7382125;1;1;01;54;1;386.77651291;54;2;1;4;1;2;1;1;1;3;1;1;3;2;1;1;1;1;3;3;3;;;;;500000;;;;;;;;;1;;;4
20230311;03;2023;7382126;1;1;01;54;1;431.20791281;54;1;1;4;1;3;1;1;1;3;1;1;4;3;1;1;1;1;1;3;4;;;;450000;;;1;;;;;;;;;;3
20230311;03;2023;7382127;1;1;01;54;1;1494.7898144;54;2;1;4;1;2;1;1;1;3;1;2;2;2;1;1;1;1;1;3;1;;;180000000;500000;;;1;;;;;;;;;;3
20230311;03;2023;7382127;2;2;01;54;1;1494.7898144;54;2;1;4;1;2;1;1;1;3;1;2;3;2;1;1;1;1;1;3;4;;;;500000;;;1;;;;;;;;;;4
20230311;03;2023;7382128;1;1;01;54;1;576.06110202;54;1;1;4;1;2;1;1;1;3;1;1;3;2;1;1;1;1;1;3;4;;;;500000;;;1;;;;;;;;;;4
20230311;03;2023;7382130;1;1;01;54;1;426.50422407;54;1;1;4;1;2;1;1;1;3;1;1;4;1;1;1;1;1;1;3;6;;;;500000;;;1;;;;;;;;;;1
20230311;03;2023;7382131;1;1;01;54;1;419.97604333;54;1;1;2;1;2;1;1;1;3;1;1;2;1;1;1;1;1;1;3;4;;;;300000;;;;;;;;;;1;;;3
20230311;03;2023;7382132;1;1;01;54;1;353.22286067;54;2;1;4;1;2;2;1;1;3;1;1;3;2;1;1;1;1;1;4;3;;;;;450000;;1;;;;;;;;;;4
20230311;03;2023;7382133;1;1;01;54;1;345.75621349;54;1;1;4;1;2;1;1;1;3;1;1;2;1;1;1;1;1;1;3;3;;;;;350000;;;;;;;;;1;;;2
20230311;03;2023;7382134;1;1;01;54;1;810.2934814;54;2;1;4;1;2;2;1;1;3;1;1;5;3;1;1;1;1;1;4;3;;;;;500000;;1;;;;;;;;;;4
20230311;03;2023;7382136;1;1;01;54;1;436.10404836;54;1;1;4;1;2;2;1;1;7;1;1;3;1;1;1;1;1;1;4;4;;;;200000;;;;;;;;;;1;;;1
20230311;03;2023;7382137;1;1;01;54;1;373.73874547;54;1;1;4;1;2;1;1;1;3;1;1;4;3;1;1;1;1;3;3;3;;;;;500000;;1;;;;;;;;;;6
20230311;03;2023;7382138;1;1;01;54;1;595.33144136;54;2;1;4;1;2;1;1;1;3;1;1;4;3;1;1;1;1;1;3;3;;;;;500000;;1;;;;;1;;;;;3
20230311;03;2023;7382139;1;1;01;54;1;708.01230936;54;2;1;4;1;2;1;1;1;3;1;1;3;1;1;1;1;1;1;3;3;;;;;500000;;;;;;;;;1;;;1
20230311;03;2023;7382140;1;1;01;54;1;376.47338703;54;2;1;4;1;2;1;1;1;3;1;1;3;2;1;1;1;1;1;3;1;;;200000000;500000;;;;;;;;;;1;;;3
20230311;03;2023;7382141;1;1;01;54;1;204.09197762;54;1;1;4;1;2;1;1;1;3;1;1;4;3;1;1;1;1;1;3;1;;;98;500000;;;1;;;;;;;;;;6
20230311;03;2023;7382142;1;1;01;54;1;918.40820119;54;2;1;4;1;2;2;1;1;3;1;1;4;2;1;1;1;1;1;4;1;;;100000000;500000;;1;1;;;;1;1;;;;;2
20230311;03;2023;7382143;1;1;01;54;1;399.21236523;54;1;5;2;1;1;1;1;1;3;1;1;2;1;1;1;1;1;3;3;3;;;;;300000;;1;;;;;;;;;;3
20230311;03;2023;7382144;1;1;01;54;1;395.46638959;54;1;5;2;1;1;1;2;1;3;2;1;1;1;2;1;1;2;2;3;5;;;;200000;;;;;;;;;;1;;;4
20230311;03;2023;7382145;1;1;01;54;1;379.17752511;54;1;1;4;1;3;1;1;1;3;1;1;5;3;1;1;1;1;1;3;1;;;95000000;500000;;;1;;;;;1;;;;;4
20230311;03;2023;7382146;1;1;01;54;1;450.57312886;54;1;1;4;1;3;1;1;1;3;1;1;4;2;1;1;1;1;1;3;3;;;;;450000;;1;;;;;;;;;;4
20230311;03;2023;7382147;1;1;01;54;1;410.05737623;54;1;8;2;1;0;2;1;1;3;2;2;2;2;1;2;1;2;4;4;5;;;;250000;;;;;;;;;;1;;;6
20230311;03;2023;7382147;2;2;01;54;1;410.05737623;54;1;8;2;1;0;2;1;1;3;2;2;1;1;1;2;1;2;5;5;3;;;;;60000;;;;;;;;;1;;;2
20230311;03;2023;7382149;1;1;01;54;1;273.73731854;54;1;5;1;1;1;1;1;1;3;1;1;2;1;1;1;1;1;3;3;4;;;;150000;;;;;;;;;;1;;;2
20230311;03;2023;7382150;1;1;01;54;1;412.1544053;54;2;1;4;1;2;2;1;1;3;1;1;2;1;1;1;1;1;1;4;4;;;;400000;;;;;;;;;;1;;;2
20230311;03;2023;7382151;1;1;01;54;1;526.11309646;54;1;1;4;1;2;1;1;1;3;1;1;5;2;1;1;1;1;1;3;1;;;98;600000;;;1;;;;;;;;;;3
20230311;03;2023;7382152;1;1;01;54;1;319.87816805;54;1;1;4;1;3;1;1;1;3;1;1;3;1;1;1;1;1;1;3;3;;;;;600000;;;;;;;;;1;;;1
20230311;03;2023;7382153;1;1;01;54;1;319.87816805;54;1;1;4;1;3;1;1;1;3;1;1;3;1;1;1;1;1;1;3;3;;;;;500000;;1;;;;;1;;;;;1
20230311;03;2023;7382154;1;1;01;54;1;314.9820325;54;1;1;4;1;3;1;1;1;3;1;1;4;3;1;1;1;1;1;3;4;;;;300000;;;1;;;;;;;;;;3
20230311;03;2023;7382155;1;1;01;54;1;375.54304043;54;1;1;4;1;3;1;1;1;3;1;1;4;1;1;1;1;1;1;3;1;;;150000000;800000;;;1;;;;;;;;;;2
20230311;03;2023;7382156;1;1;01;54;1;499.89304503;54;2;1;4;1;2;1;1;1;3;1;1;3;2;1;1;1;1;1;3;3;;;;;450000;;1;;;;1;;;;;;5
20230311;03;2023;7382157;1;1;01;54;1;411.28098421;54;1;1;4;1;1;1;1;1;3;1;1;2;1;1;1;1;1;3;3;4;;;;300000;;;;;;;;;;1;;;4
20230311;03;2023;7382159;1;1;01;54;1;482.17842454;54;1;5;1;1;1;2;1;1;3;1;1;1;1;1;1;1;1;2;4;5;;;;150000;;;;;;;;;;1;;;5
20230311;03;2023;7382160;1;1;01;54;1;531.00923202;54;2;1;4;1;2;2;1;1;3;1;1;2;1;1;1;1;1;1;4;4;;;;300000;;;1;;;;1;;;;;;1
20230311;03;2023;7382161;1;1;01;54;1;498.96269843;54;1;1;4;1;3;1;1;1;3;1;1;4;2;1;1;1;1;1;3;3;;;;;600000;;1;;;;1;1;;;;;4
20230311;03;2023;7382162;1;1;01;54;1;269.59387727;54;1;5;2;1;2;1;2;1;3;1;1;2;1;2;1;1;1;3;3;5;;;;250000;;;;;;;;;;1;;;3
20230311;03;2023;7382163;1;1;01;54;1;342.03677842;54;1;1;4;1;3;1;1;1;3;1;1;3;1;1;1;1;1;1;3;4;;;;600000;;;1;;;;;;;;;;2
20230311;03;2023;7382164;1;1;01;54;1;431.64486174;54;1;1;4;1;2;1;1;1;3;1;1;3;2;1;1;1;1;1;3;5;;;;400000;;;1;;;;;;;;;;5
20230311;03;2023;7382166;1;1;01;54;1;299.07272623;54;1;1;4;1;2;1;1;1;3;1;1;3;2;1;1;1;1;3;3;4;;;;500000;;;1;;;;;;;;;;2
20230311;03;2023;7382167;1;1;01;54;1;381.17364043;54;1;5;2;1;1;1;1;1;3;1;1;3;2;1;1;1;1;3;3;5;;;;200000;;;;;;;;;;1;;;6
20230311;03;2023;7382168;1;1;01;54;1;233.97622466;54;1;1;4;1;3;1;1;1;3;1;1;4;2;1;1;1;1;1;3;4;;;;600000;;;1;;;;;;;;;;2
20230311;03;2023;7382169;1;1;01;54;1;261.71850113;54;1;1;4;1;3;1;1;1;3;1;1;4;1;1;1;1;1;1;3;1;;;150000000;500000;;;1;;;;;;;;;;1
20230311;03;2023;7382171;1;1;01;54;1;294.77396047;54;2;1;2;1;1;1;1;1;3;1;1;3;2;1;1;1;1;1;3;2;;260000;98;300000;;;1;;;;;;;;;;3
20230311;03;2023;7382172;1;1;01;54;1;233.97622466;54;1;1;4;1;3;1;1;1;3;1;1;4;2;1;1;1;1;1;3;3;;;;;600000;;1;;;;1;1;;;;;2
20230311;03;2023;7382173;1;1;01;54;1;287.66732512;54;1;1;4;1;3;1;1;1;3;1;1;4;2;1;1;1;1;1;3;1;;;130000000;600000;;;1;;;;;;;;;;3
20230311;03;2023;7382175;1;1;01;54;1;362.90509439;54;2;1;4;1;2;1;1;1;3;1;1;4;1;1;1;1;1;3;3;3;;;;;500000;;1;;;;;;;;;;2
20230311;03;2023;7382176;1;1;01;54;1;559.23975588;54;2;1;4;1;1;1;1;1;3;1;1;4;1;1;1;1;1;1;3;3;;;;;330000;;1;;;;;1;;;;;2
20230311;03;2023;7382177;1;1;01;54;1;587.27125178;54;2;1;3;1;1;1;1;1;3;1;1;3;2;1;1;1;1;1;3;3;;;;;300000;;1;;;;1;;;;;;3
20230311;03;2023;7382178;1;1;01;54;1;399.36408846;54;1;1;4;1;3;1;1;1;3;1;1;4;2;1;1;1;1;1;3;3;;;;;700000;;1;;;;;;;;;;4
20230311;03;2023;7382180;1;1;01;54;1;540.14522804;54;2;1;4;1;2;1;1;1;3;1;1;3;2;1;1;1;1;1;3;5;;;;400000;;;1;;;1;;1;;;;;4
20230311;03;2023;7382181;1;1;01;54;1;263.93097774;54;1;1;4;1;3;1;1;1;3;1;1;4;2;1;1;1;1;1;3;2;;600000;1500000;600000;;;1;;1;;1;1;;;;;2
20230311;03;2023;7382182;1;1;01;54;1;268.81858844;54;1;5;1;1;1;2;1;1;3;1;1;2;2;1;1;1;1;3;4;5;;;;200000;;;;;;;;;;1;;;2
20230311;03;2023;7382183;1;1;01;54;1;498.96269843;54;1;1;4;1;4;1;1;1;3;1;1;4;2;1;1;1;1;1;4;1;;;160000000;800000;;;1;;;;;;;;;;4
20230311;03;2023;7382184;1;1;01;54;1;259.31716012;54;1;1;4;1;4;1;1;1;3;1;1;3;2;1;1;1;1;1;3;1;;;270000000;500000;;;1;;;;;1;;;;;2
20230311;03;2023;7382185;1;1;01;54;1;403.04195546;54;1;1;4;1;3;1;1;1;3;1;1;4;3;1;1;1;1;1;3;3;;;;;800000;;1;;;;;;;;;;3
20230311;03;2023;7382186;1;1;01;54;1;331.62363329;54;1;5;2;1;1;1;1;1;3;1;2;2;2;1;2;1;1;2;3;3;;;;;120000;;;;;;;;;1;;;3
20230311;03;2023;7382186;2;2;01;54;1;331.62363329;54;1;5;2;1;1;1;1;1;3;1;2;1;1;1;2;1;1;2;3;5;;;;150000;;;;;;;;;;1;;;1
20230311;03;2023;7382187;1;1;01;54;1;276.17040625;54;2;1;4;1;3;1;1;1;3;1;1;2;1;1;1;1;1;1;3;3;;;;;600000;;1;;;;;1;;;;;3
20230311;03;2023;7382188;1;1;01;54;1;403.80314813;54;1;1;4;1;3;1;1;1;3;1;1;4;2;1;1;1;1;1;3;3;;;;;800000;;1;;;;;;;;;;4
20230311;03;2023;7382189;1;1;01;54;1;309.13906885;54;1;1;4;1;4;1;1;1;3;1;1;3;2;1;1;1;1;1;3;1;;;230000000;800000;;;1;;;;1;1;;;;;6
20230311;03;2023;7382190;1;1;01;54;1;375.54304043;54;1;1;4;1;4;1;1;1;3;1;1;3;1;1;1;1;1;1;3;3;;;;;950000;;1;;;;1;;;;;;2
20230311;03;2023;7382191;1;1;01;54;1;482.04739686;54;1;1;4;1;4;2;1;1;3;1;1;5;4;1;1;3;1;1;4;4;;;;800000;;;1;;;;;;;;;;4
20230311;03;2023;7382193;1;1;01;54;1;351.39683688;54;1;1;4;1;4;2;1;1;1;1;1;8;3;1;1;1;1;1;4;1;;;98;1200000;;;1;;;;;;;;;;3
20230311;03;2023;7382194;1;1;01;54;1;294.77396047;54;2;1;4;1;2;1;1;1;3;1;1;4;3;1;1;1;1;3;3;3;;;;;550000;;;;;;;;;1;;;3
20230311;03;2023;7382195;1;1;01;54;1;259.31716012;54;1;1;4;1;4;1;1;1;3;1;1;5;2;1;1;1;1;1;3;1;;;230000000;800000;;;1;;;;;;;;;;2
20230311;03;2023;7382196;1;1;01;54;1;323.98151914;54;2;1;4;1;4;1;1;1;3;1;1;5;4;1;1;1;1;1;3;1;;;98;1000000;;;1;;;;;;;;;;3
20230311;03;2023;7382197;1;1;01;54;1;560.2863958;54;2;1;4;1;1;1;1;1;3;1;1;4;3;1;1;1;1;3;3;2;;160000;40000000;450000;;;1;;1;;;;;;;;3
20230311;03;2023;7382199;1;1;01;54;1;290.47486329;54;2;1;4;1;4;2;1;1;3;1;1;3;2;1;1;1;1;3;4;4;;;;600000;;;1;;;;;;;;;;4
20230311;03;2023;7382200;1;1;01;54;1;386.27284159;54;2;1;4;1;4;2;1;1;3;1;1;2;1;1;1;1;1;3;4;3;;;;;600000;;1;;;;;;;;;;2
20230311;03;2023;7382202;1;1;01;54;1;409.62130513;54;2;1;4;1;2;1;1;1;3;1;1;3;2;1;1;1;1;3;3;3;;;;;480000;;;;;;;;;1;;;6
20230311;03;2023;7382203;1;1;01;54;1;337.98873639;54;2;1;4;1;2;1;1;1;3;1;1;3;1;1;1;1;1;1;3;1;;;140000000;300000;;;1;;;;;;;;;;2
20230311;03;2023;7382204;1;1;01;54;1;448.22911664;54;2;1;4;1;2;1;1;1;3;1;1;3;2;1;1;1;1;1;3;3;;;;;450000;;1;;;;;;;;;;3
20230311;03;2023;7382205;1;1;01;54;1;440.13780925;54;2;1;4;1;2;1;1;1;3;1;1;4;3;1;1;1;1;3;3;3;;;;;600000;;1;;;;;;;;;;5
20230311;03;2023;7382206;1;1;01;54;1;447.3918047;54;2;1;4;1;2;1;1;1;3;1;1;2;1;1;1;1;1;1;3;4;;;;500000;;;1;;;;;;;;;;2
20230311;03;2023;7382207;1;1;01;54;1;443.346151;54;1;1;4;1;2;1;1;1;3;1;1;5;2;1;1;1;1;1;3;3;;;;;500000;;1;;;;;;;;;;3
20230311;03;2023;7382209;1;1;01;54;1;481.01277651;54;1;1;4;1;3;1;1;1;3;1;1;4;3;1;1;1;1;1;3;4;;;;500000;;;1;;;;;;;;;;4
20230311;03;2023;7382210;1;1;01;54;1;1544.1416012;54;1;1;4;1;2;1;1;1;3;1;1;4;1;1;1;1;1;3;3;3;;;;;500000;;1;;;;;;;;;;3
20230311;03;2023;7382211;1;1;01;54;1;447.3918047;54;2;1;4;1;2;1;1;1;3;1;1;4;1;1;1;1;1;3;3;2;;98;300000000;600000;;;1;;1;;1;1;;;;;2
20230311;03;2023;7382212;1;1;01;54;1;316.05549699;54;2;1;4;1;2;2;1;1;3;1;1;3;2;1;1;1;1;3;4;3;;;;;350000;;;;;;;;;1;;;5
20230311;03;2023;7382213;1;1;01;54;1;1222.3741238;54;1;1;4;1;2;1;1;1;3;1;1;4;2;1;1;1;1;3;3;2;;722000;140000000;550000;;;1;;1;;;;;;;;2
20230311;03;2023;7382214;1;1;01;54;1;780.32177433;54;1;1;4;1;3;1;1;1;3;1;1;5;3;1;1;1;1;3;3;2;;840000;170000000;800000;;;1;;1;;;;;;;;7
20230311;03;2023;7382215;1;1;01;54;1;2116.4562166;54;1;1;4;1;2;1;1;1;3;1;1;6;5;1;1;1;1;1;3;2;;600000;200000000;600000;;;1;;;;;1;;;;;6
20230311;03;2023;7382217;1;1;01;54;1;481.01277651;54;1;1;4;1;2;1;1;1;3;1;1;4;2;1;1;1;1;1;3;4;;;;500000;;;1;;;;;;;;;;2
20230311;03;2023;7382218;1;1;01;54;1;1182.2791664;54;1;1;4;1;2;1;1;1;3;1;1;3;2;1;1;1;1;3;3;3;;;;;600000;;;;;;;;;1;;;4
20230311;03;2023;7382219;1;1;01;54;1;481.01277651;54;1;1;4;1;2;1;1;1;3;1;1;4;3;1;1;1;1;1;3;3;;;;;350000;;1;;;;;;;;;;4
20230311;03;2023;7382220;1;1;01;54;1;481.01277651;54;1;1;4;1;2;1;1;1;3;1;1;4;2;1;1;1;1;1;3;3;;;;;700000;;1;;;;;;;;;;3
20230311;03;2023;7382221;1;1;01;54;1;150.87818497;54;2;1;1;1;2;2;1;1;3;1;1;2;1;1;1;1;1;4;4;4;;;;200000;;;;;;;;;;1;;;2
20230311;03;2023;7382222;1;1;01;54;1;356.22104704;54;1;1;4;1;2;1;1;1;3;1;1;4;3;1;1;1;1;1;3;1;;;98;400000;;;1;;;;;;;;;;4
20230311;03;2023;7382223;1;1;01;54;1;340.4669963;54;1;5;2;1;2;2;1;1;3;1;1;2;1;1;1;1;1;1;4;3;;;;;250000;;1;;;;;;;;;;6
20230311;03;2023;7382224;1;1;01;54;1;291.38571497;54;1;1;4;1;2;1;1;1;3;1;1;4;2;1;1;1;1;3;3;1;;;120000000;600000;;;1;;;;;;;;;;3
20230311;03;2023;7382225;1;1;01;54;1;279.86270103;54;1;1;4;1;2;1;1;1;3;1;1;5;3;1;1;1;1;1;3;4;;;;600000;;;1;;;;;1;;;;;4
20230311;03;2023;7382226;1;1;01;54;1;227.52017808;54;1;1;4;1;2;1;1;1;3;1;1;6;4;1;1;1;1;1;3;4;;;;400000;;;1;;;;;;;;;;6
20230311;03;2023;7382228;1;1;01;54;1;225.78049912;54;1;1;4;1;2;1;1;1;3;1;1;5;3;1;1;1;1;1;3;3;;;;;350000;;1;;;;;;;;;;3
20230311;03;2023;7382229;1;1;01;54;1;168.66561555;54;2;1;2;1;2;2;1;1;3;1;1;1;1;1;1;1;1;2;4;4;;;;200000;;;1;;;;;;;;;;3
20230311;03;2023;7382230;1;1;01;54;1;275.31803366;54;2;1;2;1;2;2;1;1;3;1;1;2;1;1;1;1;1;1;4;4;;;;400000;;;1;;;;;;;;;;2
20230311;03;2023;7382231;1;1;01;54;1;321.66717467;54;1;1;4;1;2;1;1;1;3;1;1;3;2;1;1;1;1;1;3;3;;;;;450000;;;;;;;;;1;;;6
20230311;03;2023;7382232;1;1;01;54;1;241.53454986;54;1;1;2;1;2;2;1;1;3;1;1;4;1;1;1;1;1;1;4;4;;;;300000;;;1;;;;;;;;;;1
20230311;03;2023;7382235;1;1;01;54;1;448.56416403;54;2;1;4;1;4;2;1;1;3;1;1;3;1;1;1;1;1;3;4;3;;;;;720000;;1;;;;;1;;;;;1
20230311;03;2023;7382236;1;1;01;54;1;403.04195546;54;1;1;4;1;3;1;1;1;3;1;1;3;2;1;1;1;1;1;3;3;;;;;500000;;1;;;;;;;;;;3
20230311;03;2023;7382238;1;1;01;66;1;160.56105208;66;2;1;4;1;2;1;1;1;3;1;1;4;2;1;1;1;1;1;3;3;;;;;450000;;1;;;;;;;;;;3
20230311;03;2023;7382239;1;1;01;66;1;222.54264321;66;1;1;4;1;2;1;1;1;3;1;1;4;3;1;1;1;1;1;3;1;;;86000000;500000;;;1;;;;;;;;;;6
20230311;03;2023;7382240;1;1;01;66;1;210.96219383;66;2;1;4;1;2;1;1;1;3;1;1;4;3;1;1;1;1;1;1;1;;;98;500000;;;1;;;;;;;;;;3
20230311;03;2023;7382241;1;1;01;66;1;136.36764905;66;2;1;4;1;2;1;1;1;3;1;1;3;2;1;1;1;1;2;3;3;;;;;630000;;1;;;;;;;;;;2
20230311;03;2023;7382242;1;1;01;66;1;223.76691823;66;2;1;4;1;1;1;1;1;3;1;1;3;2;1;1;1;1;1;3;1;;;50000000;400000;;;1;;;;;;;;;;4
20230311;03;2023;7382244;1;1;01;66;1;151.00512212;66;2;1;4;1;2;1;1;1;3;1;1;3;2;1;1;1;1;1;3;3;;;;;500000;;1;;;;;;;;;;3
20230311;03;2023;7382245;1;1;01;66;1;178.4002421;66;2;1;4;1;2;1;1;1;3;1;1;3;2;1;1;1;1;1;3;3;;;;;550000;;1;;;;;;;;;;3
20230311;03;2023;7382248;1;1;01;66;1;195.09085424;66;2;1;4;1;1;1;1;1;3;1;1;4;2;1;1;1;1;1;3;1;;;90000000;400000;;;1;;;;1;1;;;;;3
20230311;03;2023;7382249;1;1;01;66;1;160.6020241;66;1;1;4;1;1;1;1;1;3;1;1;5;2;1;1;1;1;1;3;1;;;90000000;650000;;;1;;;;;;;;;;3
20230311;03;2023;7382250;1;1;01;66;1;187.95617206;66;2;1;4;1;2;1;1;1;3;1;1;3;2;1;1;1;1;1;3;3;;;;;600000;;;;;;;;;1;;;3
20230311;03;2023;7382251;1;1;01;66;1;136.36764905;66;1;1;4;1;2;1;1;1;3;1;1;3;2;1;1;1;1;1;3;3;;;;;450000;;1;;;;;;;;;;2
20230311;03;2023;7382252;1;1;01;66;1;376.45126361;66;1;1;4;1;3;1;1;1;3;1;1;4;3;1;1;1;1;1;3;3;;;;;600000;;1;;1;;;;;;;;4
20230311;03;2023;7382253;1;1;01;66;1;294.55276975;66;1;1;4;1;3;1;1;1;3;1;1;4;3;1;1;1;1;1;3;4;;;;450000;;;1;;;;;;;;;;4
20230311;03;2023;7382255;1;1;01;66;1;351.36233677;66;1;1;4;1;3;1;1;1;3;1;1;4;2;1;1;1;1;1;3;1;;;85000000;600000;;;1;;;;;1;;;;;3
20230311;03;2023;7382256;1;1;01;66;1;271.77479839;66;2;1;4;1;6;1;1;1;3;1;1;3;3;1;1;1;1;1;3;3;;;;;2300000;;1;;;;;1;;;;;4
20230311;03;2023;7382257;1;1;01;66;1;173.95662087;66;2;1;4;1;2;1;1;1;3;1;1;3;2;1;1;1;1;1;3;3;;;;;430000;;1;;;;;;;;;;2
20230311;03;2023;7382259;1;1;01;66;1;187.48574916;66;2;1;4;1;2;1;1;1;3;1;1;3;2;1;1;1;1;1;3;3;;;;;450000;;1;;;;;;;;;;3
20230311;03;2023;7382260;1;1;01;66;1;177.19967267;66;2;1;4;1;2;1;1;1;3;1;1;4;3;1;1;1;1;3;3;1;;;90000000;500000;;;1;;;;;;;;;;3
20230311;03;2023;7382261;1;1;01;66;1;224.77208076;66;2;1;4;1;6;1;1;1;3;1;1;4;2;1;1;1;1;1;3;3;;;;;1500000;;1;;;;;;;;;;3
20230311;03;2023;7382262;1;1;01;66;1;144.7850374;66;2;1;4;1;2;1;1;1;3;1;1;3;1;1;1;1;1;1;3;1;;;150000000;600000;;;1;;;;;;;;;;1
20230311;03;2023;7382263;1;1;01;66;1;144.7850374;66;2;1;4;1;2;1;1;1;3;1;1;3;1;1;1;1;1;1;3;4;;;;500000;;;1;;;;;;;;;;1
20230311;03;2023;7382266;1;1;01;66;1;157.87719513;66;1;1;4;1;2;1;1;1;3;1;1;4;3;1;1;1;1;1;3;1;;;130000000;600000;;;1;;;;;;;;;;3
20230311;03;2023;7382267;1;1;01;66;1;340.0477209;66;1;1;4;1;3;1;1;1;3;1;1;3;3;1;1;1;1;1;3;1;;;98;600000;;;1;;;;;;;;;;4
20230311;03;2023;7382268;1;1;01;66;1;180.5372331;66;2;1;4;1;2;1;1;1;3;1;1;2;1;1;1;1;1;1;3;3;;;;;300000;;1;;;;;;;;;;1
20230311;03;2023;7382269;1;1;01;66;1;260.3679202;66;2;1;4;1;2;1;1;1;3;1;1;3;1;1;1;1;1;1;3;3;;;;;490000;;1;;;;;;;;;;2
20230311;03;2023;7382270;1;1;01;66;1;531.33532196;66;2;1;4;1;2;1;1;1;3;1;1;3;1;1;1;1;1;1;3;1;;;120000000;550000;;;;;;;;;;1;;;1
20230311;03;2023;7382272;1;1;01;66;1;288.72681128;66;1;1;4;1;1;2;2;1;3;1;2;3;2;3;1;1;1;1;4;1;;;200000000;700000;;;;;;;;;;1;;;2
20230311;03;2023;7382272;2;2;01;66;1;288.72681128;66;1;1;4;1;1;2;2;1;3;1;2;4;2;3;1;1;1;1;4;4;;;;700000;;;1;;;;;;;;;;2
20230311;03;2023;7382273;1;1;01;66;1;351.36233677;66;1;1;4;1;3;1;1;1;3;1;1;4;2;1;1;1;1;1;3;3;;;;;600000;;1;;;;;;;;;;3
20230311;03;2023;7382274;1;1;01;66;1;206.23432407;66;2;1;2;1;1;2;2;1;3;1;1;3;2;3;1;1;1;1;4;3;;;;;450000;;;;;;;;;1;;;3
20230311;03;2023;7382275;1;1;01;66;1;238.96331837;66;1;1;4;1;5;1;1;1;3;1;1;4;2;1;1;1;1;1;3;2;;1200000;240000000;1500000;;;1;;1;;1;1;;;;;3
20230311;03;2023;7382276;1;1;01;66;1;219.00276014;66;2;1;4;1;2;1;1;1;3;1;1;3;2;1;1;1;1;1;3;1;;;180000000;500000;;;1;;;;;1;;;;;3
20230311;03;2023;7382277;1;1;01;66;1;167.9803723;66;1;1;4;1;1;2;2;1;3;1;2;1;1;3;1;1;1;1;4;3;;;;;180000;;1;;;;;;;;;;2
20230311;03;2023;7382277;2;2;01;66;1;167.9803723;66;1;1;4;1;1;2;2;1;3;1;2;1;1;4;1;1;1;1;4;3;;;;;140000;;1;;;;;;;;;;2
20230311;03;2023;7382278;1;1;01;66;1;706.47005985;66;1;1;4;1;3;1;1;1;3;1;1;3;1;1;1;1;1;1;3;1;;;150000000;600000;;;;;;;;;;1;;;2
20230311;03;2023;7382279;1;1;01;66;1;180.5372331;66;2;1;4;1;2;1;1;1;3;1;1;2;1;1;1;1;1;1;3;3;;;;;380000;;1;;;;;;;;;;1
20230311;03;2023;7382280;1;1;01;66;1;390.96805382;66;1;1;4;1;3;1;1;1;3;1;1;4;3;1;1;1;1;1;3;1;;;150000000;700000;;;1;;;;;;;;;;3
20230311;03;2023;7382281;1;1;01;66;1;357.39273693;66;1;1;4;1;3;1;1;1;3;1;1;4;3;1;1;1;1;1;3;3;;;;;550000;;;;;;;;;1;;;4
20230311;03;2023;7382282;1;1;01;66;1;619.00730019;66;1;1;4;1;3;2;1;1;2;1;1;4;3;1;1;1;1;1;4;1;;;100000000;800000;;;1;;;;1;;;;;;4
20230311;03;2023;7382283;1;1;01;66;1;154.74044842;66;2;1;4;1;2;1;1;1;3;1;1;3;1;1;1;1;1;3;3;3;;;;;400000;;1;;;;;;;;;;1
20230311;03;2023;7382284;1;1;01;66;1;188.08098343;66;2;1;4;1;3;1;1;1;3;1;1;4;3;1;1;1;1;1;3;3;;;;;400000;;1;;;;;;;;;;4
20230311;03;2023;7382285;1;1;01;66;1;328.96676135;66;1;1;4;1;2;1;1;1;3;1;1;4;3;1;1;1;1;1;3;1;;;150000000;800000;;;1;;;;1;1;;;;;4
20230311;03;2023;7382286;1;1;01;66;1;170.92678026;66;1;1;4;1;5;1;1;1;3;1;1;3;1;1;1;1;1;1;3;3;;;;;1100000;;1;;;;;;;;;;1
20230311;03;2023;7382287;1;1;01;66;1;211.93948081;66;2;1;4;1;3;1;1;1;3;1;1;4;3;1;1;1;1;1;3;3;;;;;400000;;1;;;;;;;;;;5
20230311;03;2023;7382288;1;1;01;66;1;189.0150553;66;2;1;4;1;1;2;2;1;3;1;1;3;2;3;1;1;1;1;4;3;;;;;400000;;1;;;;;;;;;;2
20230311;03;2023;7382289;1;1;01;66;1;593.63312575;66;2;1;4;1;3;1;1;1;3;1;1;3;2;1;1;1;1;1;3;4;;;;600000;;;1;;;;;;;;;;3
20230311;03;2023;7382290;1;1;01;66;1;649.1817147;66;2;1;4;1;3;1;1;1;3;1;1;2;2;1;1;1;1;1;3;1;;;100000000;500000;;;1;;;;;;;;;;3
20230311;03;2023;7382291;1;1;01;66;1;451.13858006;66;2;1;4;1;4;1;1;1;3;1;1;6;4;1;1;1;1;1;3;3;;;;;550000;;1;;;;;;;;;;6
20230311;03;2023;7382293;1;1;01;66;1;156.59106443;66;1;1;4;1;2;1;1;1;3;1;1;4;2;1;1;1;1;1;3;3;;;;;450000;;1;;;;;;;;;;2
20230311;03;2023;7382294;1;1;01;66;1;167.43324758;66;2;1;4;1;2;1;1;1;3;1;1;4;3;1;1;1;1;1;3;2;;200000;98;400000;;;1;;;;;;;;;;2
20230311;03;2023;7382296;1;1;01;66;1;210.94747762;66;1;1;4;1;3;1;1;1;3;1;1;4;3;1;1;1;1;1;3;1;;;150000000;700000;;;1;;;;;;;;;;3
20230311;03;2023;7382298;1;1;01;66;1;308.39416337;66;2;1;4;1;4;1;1;1;3;1;1;3;2;1;1;1;1;1;3;3;;;;;450000;;1;;;;;;;;;;3
20230311;03;2023;7382299;1;1;01;66;1;164.25015651;66;2;1;4;1;2;1;1;1;3;1;1;3;2;1;1;1;1;1;3;3;;;;;450000;;1;;;;;;;;;;2
20230311;03;2023;7382300;1;1;01;66;1;357.71696732;66;2;1;3;1;4;1;1;1;3;1;1;4;3;1;1;1;1;1;3;3;;;;;600000;;1;;;;;;;;;;4
20230311;03;2023;7382301;1;1;01;66;1;176.84764049;66;2;1;2;1;2;1;1;1;3;1;1;3;2;1;1;1;1;1;3;1;;;90000000;500000;;;;;;;;;;1;;;2
20230311;03;2023;7382302;1;1;01;66;1;156.29843792;66;1;1;4;1;5;1;1;1;3;1;1;3;1;1;1;1;1;1;3;3;;;;;1200000;;1;;;;;;;;;;1
20230311;03;2023;7382303;1;1;01;66;1;181.3401358;66;1;1;2;1;1;1;1;1;3;1;1;2;1;1;1;1;1;1;3;1;;;35000000;400000;;;1;;;;;;;;;;4
20230311;03;2023;7382304;1;1;01;66;1;144.7850374;66;1;1;4;1;3;1;1;1;3;1;1;3;1;1;1;1;1;1;3;3;;;;;600000;;;;;;;;;1;;;1
20230311;03;2023;7382305;1;1;01;66;1;159.60147746;66;1;1;4;1;2;1;1;1;3;1;1;5;2;1;1;1;1;1;3;1;;;185000000;650000;;;1;;;;1;;;;;;3
20230311;03;2023;7382306;1;1;01;66;1;678.71084746;66;2;1;4;1;3;1;1;1;2;1;1;3;2;1;1;1;1;1;3;3;;;;;500000;;1;;;;1;;;;;;4
20230311;03;2023;7382307;1;1;01;66;1;111.37310569;66;2;1;4;1;2;1;1;1;3;1;1;2;1;1;1;1;1;1;3;4;;;;500000;;;;;;;;;;1;;;1
20230311;03;2023;7382308;1;1;01;66;1;164.25015651;66;2;1;4;1;3;1;1;1;3;1;1;2;1;1;1;1;1;1;3;3;;;;;560000;;1;;;;;;;;;;2
20230311;03;2023;7382309;1;1;01;66;1;156.83537767;66;2;1;4;1;2;1;1;1;3;1;1;3;2;1;1;1;1;1;3;1;;;220000000;600000;;;1;;;;1;;;;;;3
20230311;03;2023;7382310;1;1;01;66;1;155.84874178;66;1;1;4;1;3;1;1;1;3;1;1;4;2;1;1;1;1;1;3;1;;;250000000;1300000;;;1;;1;;1;1;;;;;2
20230311;03;2023;7382311;1;1;01;66;1;111.37310569;66;2;1;4;1;2;1;1;1;3;1;1;3;1;1;1;1;1;1;3;1;;;200000000;500000;;;;;;;;;;1;;;1
20230311;03;2023;7382312;1;1;01;66;1;168.92293891;66;1;1;4;1;1;1;1;1;3;1;1;5;3;1;1;1;1;1;3;1;;;65000000;500000;;;1;;;;;;;;;;4
20230311;03;2023;7382313;1;1;01;66;1;135.9875881;66;2;1;4;1;2;1;1;1;3;1;1;4;3;1;1;1;1;1;3;2;;1200000;120000000;600000;;;1;;1;;;;;;;;3
20230311;03;2023;7382314;1;1;01;66;1;238.47797821;66;1;1;4;1;3;1;1;1;3;1;1;6;4;1;1;1;1;1;3;1;;;99;500000;;;1;;;;;;;;;;4
20230311;03;2023;7382315;1;1;01;66;1;126.34627424;66;2;1;4;1;2;1;1;1;3;1;1;3;2;1;1;1;1;1;3;3;;;;;520000;;1;;;;;;;;;;2
20230311;03;2023;7382316;1;1;01;66;1;157.72127631;66;1;1;4;1;1;1;1;1;2;1;1;4;2;1;1;1;1;1;3;1;;;98;300000;;;1;;;;;;;;;;2
20230311;03;2023;7382317;1;1;01;66;1;191.91073266;66;2;1;4;1;3;1;1;1;3;1;1;2;2;1;1;1;1;1;3;3;;;;;450000;;1;;;;;;;;;;3
20230311;03;2023;7382318;1;1;01;66;1;261.12321891;66;1;1;4;1;3;1;1;1;3;1;1;4;3;1;1;1;1;1;3;1;;;98;1200000;;;;;;;;;;1;;;5
20230311;03;2023;7382319;1;1;01;66;1;162.16723236;66;2;1;4;1;2;1;1;1;3;1;1;3;2;1;1;1;1;1;3;3;;;;;550000;;1;;;;;;;;;;3
20230311;03;2023;7382320;1;1;01;66;1;185.57099358;66;2;1;4;1;2;1;1;1;3;1;1;4;3;1;1;1;1;1;3;3;;;;;500000;;1;;;;;;;;;;4
20230311;03;2023;7382321;1;1;01;66;1;209.06337432;66;1;1;4;1;1;1;1;1;3;1;1;7;4;1;1;1;1;1;3;1;;;65000000;500000;;;1;;;;;;;;;;8
20230311;03;2023;7382322;1;1;01;66;1;175.52179404;66;1;1;2;1;1;1;1;1;2;1;1;3;2;1;1;1;1;1;3;1;;;98;300000;;;1;;;;;;;;;;7
20230311;03;2023;7382323;1;1;01;66;1;194.6750461;66;1;1;4;1;3;1;1;1;3;1;1;5;3;1;1;1;1;1;3;2;;535000;99;700000;;;1;;;;;;;;;;3
20230311;03;2023;7382324;1;1;01;66;1;181.58288837;66;2;1;4;1;3;1;1;1;3;1;1;3;1;1;1;1;1;1;4;1;;;98;650000;;;;;;;;;;1;;;1
20230311;03;2023;7382326;1;1;01;66;1;524.89145353;66;1;1;4;1;1;1;1;1;2;1;1;5;4;1;1;1;1;1;3;1;;;65000000;450000;;;1;;;;;;;;;;6
20230311;03;2023;7382327;1;1;01;66;1;157.00889451;66;1;1;4;1;1;1;1;1;3;1;1;2;1;1;1;1;1;1;3;3;;;;;300000;;1;;;;;;;;;;3
20230311;03;2023;7382328;1;1;01;66;1;194.66143241;66;2;1;4;1;1;1;1;1;3;1;1;4;3;1;1;1;1;1;3;3;;;;;350000;;1;;;;;;;;;;3
20230311;03;2023;7382329;1;1;01;66;1;168.06086659;66;2;1;4;1;1;1;1;1;3;1;1;3;2;1;1;1;1;1;3;3;;;;;480000;;;;;;;;;1;;;5
20230311;03;2023;7382330;1;1;01;66;1;156.56095878;66;2;1;4;1;1;1;1;1;2;1;1;3;2;1;1;1;1;1;3;3;;;;;300000;;1;;;;;;;;;;2
20230311;03;2023;7382331;1;1;01;66;1;437.25184543;66;1;1;4;1;1;1;1;1;2;1;1;3;2;1;1;1;1;1;3;1;;;80000000;400000;;;;;;;;;;1;;;3
20230311;03;2023;7382332;1;1;01;66;1;832.14062049;66;1;1;4;1;1;1;1;1;2;1;1;5;4;1;1;1;1;1;3;1;;;65000000;400000;;;1;;;;;;;;;;8
20230311;03;2023;7382333;1;1;01;66;1;185.22702827;66;2;1;4;1;2;1;1;1;2;1;1;4;2;1;1;1;1;1;3;1;;;98;400000;;;1;;;;;;;;;;3
20230311;03;2023;7382334;1;1;01;66;1;165.61308054;66;2;1;4;1;1;1;1;1;3;1;1;3;2;1;1;1;1;1;3;3;;;;;470000;;1;;;;;;;;;;3
20230311;03;2023;7382335;1;1;01;66;1;449.11211613;66;2;1;2;1;1;1;1;1;2;1;1;5;4;1;1;1;1;1;3;3;;;;;470000;;1;;;;;;;;;;4
20230311;03;2023;7382336;1;1;01;66;1;185.63775232;66;2;1;4;1;4;1;1;1;3;1;1;3;3;1;1;1;1;1;3;4;;;;800000;;;1;;;;;;;;;;3
20230311;03;2023;7382337;1;1;01;66;1;148.56781776;66;2;1;4;1;1;2;1;1;3;1;1;2;1;1;1;1;1;1;4;4;;;;250000;;;;;;;;;;1;;;1
20230311;03;2023;7382338;1;1;01;66;1;204.38089492;66;2;1;4;1;4;1;1;1;3;1;1;4;3;1;1;1;1;1;3;1;;;180000000;800000;;;1;;;;;;;;;;3
20230311;03;2023;7382340;1;1;01;66;1;203.79585237;66;2;1;4;1;4;1;1;1;3;1;1;4;2;1;1;1;1;1;3;1;;;140000000;1200000;;;1;;;;;;;;;;2
20230311;03;2023;7382341;1;1;01;66;1;187.25113364;66;1;1;4;1;1;2;1;1;3;1;1;3;2;1;1;1;1;1;4;3;;;;;500000;;1;;;;;;;;;;6
20230311;03;2023;7382342;1;1;01;66;1;768.0937562;66;2;1;4;1;1;1;1;1;2;1;1;3;2;1;1;1;1;1;3;3;;;;;400000;;1;;;;1;;;;;;4
20230311;03;2023;7382343;1;1;01;66;1;119.4650061;66;2;1;4;1;4;1;1;1;3;1;1;4;2;1;1;1;1;1;3;1;;;150000000;950000;;;1;;;;;;;;;;2
20230311;03;2023;7382345;1;1;01;66;1;133.03116589;66;2;1;4;1;4;1;1;1;3;1;1;3;3;1;1;1;1;1;3;1;;;170000000;700000;;;1;;;;;;;;;;3
20230311;03;2023;7382346;1;1;01;66;1;485.79696504;66;1;1;4;1;1;1;1;1;2;1;1;3;2;1;1;1;1;1;3;1;;;100000000;350000;;;1;;;;;;;;;;3
20230311;03;2023;7382347;1;1;01;66;1;118.46048514;66;2;1;4;1;1;1;1;1;3;1;1;3;1;1;1;1;1;1;3;4;;;;400000;;;;;;;;;;1;;;1
20230311;03;2023;7382349;1;1;01;66;1;275.94930968;66;2;1;4;1;1;1;1;1;2;1;1;2;1;1;1;1;1;3;3;3;;;;;350000;;1;;;;;;;;;;2
20230311;03;2023;7382350;1;1;01;66;1;444.29119372;66;1;1;4;1;1;1;1;1;2;1;1;3;2;1;1;1;1;1;3;3;;;;;350000;;1;;;;;1;;;;;3
20230311;03;2023;7382351;1;1;01;66;1;728.025639;66;1;1;4;1;1;1;1;1;3;1;1;3;2;1;1;1;1;1;3;3;;;;;350000;;;;;;;;;1;;;5
20230311;03;2023;7382353;1;1;01;66;1;139.6791449;66;2;1;4;1;2;1;1;1;3;1;1;2;1;1;1;1;1;1;3;4;;;;300000;;;1;;;;;;;;;;1
20230311;03;2023;7382354;1;1;01;66;1;120.69456714;66;2;1;4;1;2;1;1;1;3;1;1;3;2;1;1;1;1;1;3;3;;;;;580000;;1;;;;;;;;;;2
20230311;03;2023;7382355;1;1;01;66;1;216.88947528;66;1;1;4;1;1;1;1;1;3;1;1;4;3;1;1;1;1;1;3;1;;;68000000;400000;;;1;;;;;;;;;;7
20230311;03;2023;7382356;1;1;01;66;1;108.77925326;66;2;1;4;1;1;1;1;1;2;1;1;2;1;1;1;1;1;1;3;3;;;;;350000;;1;;;;;;;;;;2
20230311;03;2023;7382357;1;1;01;66;1;427.44377428;66;2;1;4;1;2;1;1;1;3;1;1;2;1;1;1;1;1;1;3;3;;;;;440000;;1;;;;;;;;;;1
20230311;03;2023;7382358;1;1;01;66;1;427.44377428;66;2;1;4;1;2;1;1;1;2;1;1;1;1;1;1;1;1;1;3;3;;;;;340000;;;;;;;;;1;;;1
20230311;03;2023;7382359;1;1;01;66;1;139.90726383;66;2;1;4;1;2;1;1;1;3;1;1;4;3;1;1;1;1;3;3;3;;;;;550000;;1;;;;1;;;;;;5
20230311;03;2023;7382360;1;1;01;66;1;175.08888298;66;2;1;4;1;1;1;1;1;2;1;1;3;2;1;1;1;1;1;3;3;;;;;500000;;1;;;;;;;;;;3
20230311;03;2023;7382361;1;1;01;66;1;150.85103237;66;1;1;4;1;1;1;1;1;3;1;1;3;2;1;1;1;1;1;3;3;;;;;300000;;1;;;;;;;;;;3
20230311;03;2023;7382362;1;1;01;66;1;478.52560276;66;2;1;4;1;2;1;1;1;3;1;1;4;3;1;1;1;1;1;3;5;;;;500000;;;1;;;;;;;;;;4
20230311;03;2023;7382363;1;1;01;66;1;87.289483725;66;1;1;4;1;1;1;1;1;3;1;1;4;1;1;1;1;1;1;3;4;;;;400000;;;1;;;;;;;;;;1
20230311;03;2023;7382364;1;1;01;66;1;530.94427061;66;1;1;4;1;3;1;1;1;3;1;1;6;2;1;1;1;1;1;3;4;;;;900000;;;1;;;;;;;;;;3
20230311;03;2023;7382365;1;1;01;66;1;155.70460564;66;2;1;4;1;2;1;1;1;3;1;1;3;2;1;1;1;1;1;3;3;;;;;550000;;1;;;;;;;;;;3
20230311;03;2023;7382366;1;1;01;66;1;137.66247423;66;2;1;4;1;2;1;1;1;3;1;1;3;1;1;1;1;1;1;3;3;;;;;500000;;1;;;;;;;;;;2
20230311;03;2023;7382367;1;1;01;66;1;734.92525217;66;1;1;4;1;2;1;1;1;3;1;1;3;2;1;1;1;1;1;3;3;;;;;500000;1;;;;;;;;;;;2
20230311;03;2023;7382368;1;1;01;66;1;303.14387555;66;2;1;4;1;2;1;1;1;2;1;1;3;2;1;1;1;1;1;3;3;;;;;650000;;1;;;;;;;;;;4
20230311;03;2023;7382369;1;1;01;66;1;266.65297839;66;1;1;4;1;5;1;1;1;3;1;1;4;3;1;1;1;1;1;3;3;;;;;1000000;;1;;;;;;;;;;4
20230311;03;2023;7382371;1;1;01;66;1;427.44377428;66;1;1;4;1;2;1;1;1;3;1;1;2;1;1;1;1;1;1;3;3;;;;;320000;;1;;;;;;;;;;1
20230311;03;2023;7382373;1;1;01;66;1;291.7986068;66;1;1;4;1;1;2;2;1;3;1;1;3;1;3;1;1;1;1;4;1;;;90000000;450000;;;;;;;;;;1;;;2
20230311;03;2023;7382375;1;1;01;66;1;217.1775561;66;1;1;2;1;1;2;2;1;3;1;1;3;1;3;1;1;1;1;4;1;;;80000000;400000;;;1;;;;;;;;;;1
20230311;03;2023;7382376;1;1;01;66;1;316.22610309;66;2;1;4;1;4;1;1;1;3;1;1;3;2;1;1;1;1;1;3;3;;;;;1000000;;1;;;;;;;;;;3
20230311;03;2023;7382377;1;1;01;66;1;164.25015651;66;1;1;4;1;1;1;1;1;3;1;1;3;2;1;1;1;1;1;3;3;;;;;320000;;;;;;;;;1;;;2
20230311;03;2023;7382378;1;1;01;66;1;220.85632597;66;2;1;4;1;4;1;1;1;3;1;1;3;2;1;1;1;1;1;3;3;;;;;770000;;1;;;;;;;;;;3
20230311;03;2023;7382379;1;1;01;66;1;132.01051481;66;2;1;4;1;4;1;1;1;3;1;1;4;2;1;1;1;1;1;3;3;;;;;900000;;1;;;;;;;;;;2
20230311;03;2023;7382380;1;1;01;66;1;596.62268383;66;1;1;4;1;3;1;1;1;3;1;1;5;2;1;1;1;1;1;3;1;;;100000000;700000;;;1;;;;;;;;;;3
20230311;03;2023;7382381;1;1;01;66;1;316.8573464;66;1;1;4;1;3;1;1;1;3;1;1;4;3;1;1;1;1;1;3;1;;;100000000;700000;;;1;;;;;;;;;;4
20230311;03;2023;7382385;1;1;01;66;1;191.89975996;66;1;1;4;1;3;1;1;1;3;1;1;3;2;1;1;1;1;1;3;3;;;;;650000;;1;;;;;;;;;;3
20230311;03;2023;7382386;1;1;01;66;1;464.67027331;66;2;1;4;1;3;1;1;1;3;1;1;3;1;1;1;1;1;1;3;3;;;;;480000;;1;;;;;;;;;;2
20230311;03;2023;7382390;1;1;01;66;1;427.44377428;66;3;1;4;1;2;1;1;1;3;1;1;1;1;1;2;1;1;1;3;3;;;;;340000;;1;;;;1;;;;;;1
20230311;03;2023;7382392;1;1;01;66;1;162.18433344;66;2;1;4;1;2;1;1;1;3;1;1;3;1;1;1;1;1;1;3;4;;;;400000;;;1;;;;;;;;;;1
20230311;03;2023;7382393;1;1;01;;1;518.70338089;68;1;1;2;1;2;1;1;1;3;1;1;3;2;1;1;1;1;1;3;3;;;;;450000;;1;;;;;;;;;;3
20230311;03;2023;7382394;1;1;01;;1;502.27514532;68;1;1;4;1;2;1;1;1;3;1;1;4;3;1;1;1;1;1;3;1;;;100000000;500000;;;1;;;;;;;;;;5
20230311;03;2023;7382396;1;1;01;;1;228.92479861;68;1;1;4;1;2;1;1;1;3;1;1;4;3;1;1;1;1;1;3;6;;;;600000;;;1;;;;;1;;;;;4
20230311;03;2023;7382397;1;1;01;;1;392.7378135;68;1;1;4;1;2;1;1;1;3;1;1;3;1;1;1;1;1;1;3;1;;;98;98;;;;;;;;;;1;;;1
20230311;03;2023;7382398;1;1;01;;1;669.84579086;68;2;1;4;1;2;1;1;1;3;1;1;3;2;1;1;1;1;1;3;6;;;;300000;;;1;;;;;;;;;;5
20230311;03;2023;7382399;1;1;01;;1;476.66246565;68;1;1;4;1;2;1;1;1;3;1;1;3;1;1;1;1;1;1;3;1;;;98;500000;;;1;;;;;;;;;;2
20230311;03;2023;7382401;1;1;01;;1;315.12956875;68;2;1;4;1;2;1;1;1;3;1;1;3;1;1;1;1;1;1;3;3;;;;;1000000;;1;;;;;;;;;;1
20230311;03;2023;7382402;1;1;01;;1;341.386539;68;1;1;4;1;2;1;1;1;3;1;1;5;3;1;1;1;1;1;3;6;;;;1000000;;;1;;;;;;;;;;3
20230311;03;2023;7382403;1;1;01;;1;370.73747328;68;2;1;4;1;2;1;1;1;3;1;1;3;1;1;1;1;1;1;3;4;;;;500000;;;1;;;;;;;;;;2
20230311;03;2023;7382404;1;1;01;;1;323.62083708;68;2;1;4;1;2;1;1;1;3;1;1;3;2;1;1;1;1;1;3;3;;;;;450000;;1;;;;;;;;;;4
20230311;03;2023;7382405;1;1;01;;1;180.48940688;68;1;1;4;1;2;1;1;1;3;1;1;4;3;1;1;1;1;1;3;1;;;150000000;400000;;;1;;;;;;;;;;3
20230311;03;2023;7382408;1;1;01;;1;564.8674407;68;1;5;1;1;1;2;2;2;;1;1;2;1;3;1;5;1;4;4;5;;;;100000;;;1;;;;;;;;;;4
20230311;03;2023;7382409;1;1;01;;1;564.8674407;68;1;5;1;1;1;2;2;2;;1;1;2;1;3;1;5;1;4;4;5;;;;100000;;;1;;;;;;;;;;4
20230311;03;2023;7382410;1;1;01;;1;442.71355745;68;1;5;1;1;1;2;2;2;;1;1;2;1;3;1;5;1;4;4;5;;;;100000;;;1;;;;;;;;;;3
20230311;03;2023;7382412;1;1;01;;1;273.49919397;68;1;5;2;1;1;2;2;2;;1;1;1;1;3;1;5;1;2;4;5;;;;200000;;;1;;;;;;;;;;3
20230311;03;2023;7382413;1;1;01;;1;458.67436271;68;1;5;1;1;1;2;2;2;;1;1;2;1;3;1;5;1;3;4;4;;;;100000;;;;;;;;;;1;;;2
20230311;03;2023;7382414;1;1;01;;1;580.82824596;68;1;5;1;1;1;2;2;2;;1;1;2;1;2;1;5;1;6;;5;;;;100000;;;;;;;;;;1;;;3
20230311;03;2023;7382415;1;1;01;68;1;1499.2431949;68;1;1;4;1;4;1;1;1;3;1;1;4;2;1;1;1;1;3;3;1;;;290000000;10000000;;;1;;;;;;;;;;3
20230311;03;2023;7382416;1;1;01;68;1;277.99633365;68;3;1;2;1;1;2;1;1;3;1;1;1;1;1;2;1;1;1;5;3;;;;;200000;;;;;;;;;1;;;3
20230311;03;2023;7382417;1;1;01;68;1;285.1592456;68;2;1;4;1;2;1;1;1;3;1;1;3;2;1;1;1;1;1;3;2;;108000;72000000;550000;;;1;;1;;;;;;;;4
20230311;03;2023;7382418;1;1;01;68;1;422.47641821;68;2;1;4;1;2;1;1;1;3;1;1;3;2;1;1;1;1;1;3;2;;200000;98;350000;;;1;;;;;;;;;;5
20230311;03;2023;7382419;1;1;01;68;1;450.60563874;68;2;1;4;1;2;1;1;1;3;1;1;3;2;1;1;1;1;1;3;2;;2100000;80000000;500000;;;1;;1;;;;;;;;5
20230311;03;2023;7382420;1;1;01;68;1;382.24495876;68;2;1;4;1;2;1;1;1;3;1;1;3;2;1;1;1;1;1;3;2;;300000;75000000;600000;;;1;;1;;;1;;;;;3
20230311;03;2023;7382423;1;1;01;68;1;204.44522987;68;2;1;4;1;1;1;1;1;3;1;1;3;3;1;1;1;1;1;3;1;;;70000000;400000;;;;;;;;;;1;;;12
20230311;03;2023;7382424;1;1;01;68;1;445.42506766;68;2;1;4;1;1;1;1;1;3;1;1;4;1;1;1;1;1;1;3;3;;;;;300000;;1;;;;;;;;;;2
20230311;03;2023;7382425;1;1;01;68;1;200.68841002;68;3;1;2;1;1;1;1;1;3;1;1;1;1;1;2;1;1;1;3;3;;;;;300000;;;;;;;;;1;;;1
20230311;03;2023;7382426;1;1;01;68;1;459.83428659;68;2;1;2;1;1;1;1;1;3;1;1;3;2;1;1;1;1;3;3;1;;;90000000;400000;;;1;;;;;;;;;;4
20230311;03;2023;7382427;1;1;01;68;1;392.48445024;68;2;1;4;1;4;1;1;1;6;1;1;3;2;1;1;1;1;1;3;3;;;;;650000;;1;;;;;;;;;;2
20230311;03;2023;7382428;1;1;01;68;1;252.54708509;68;1;3;4;1;2;1;1;1;3;1;2;2;1;1;2;1;1;1;3;3;;;;;300000;;;;;;;;;1;;;1
20230311;03;2023;7382428;2;2;01;68;1;252.54708509;68;1;3;4;1;2;1;1;1;3;1;2;1;1;1;2;1;1;1;3;3;;;;;250000;;1;;;;;;;;;;1
20230311;03;2023;7382429;1;1;01;68;1;336.49373632;68;2;1;4;1;2;1;1;1;3;1;2;2;1;1;1;1;1;1;3;3;;;;;375000;;;;;;;;;1;;;4
20230311;03;2023;7382429;2;2;01;68;1;336.49373632;68;2;1;4;1;2;1;1;1;3;1;2;2;1;1;2;1;1;1;3;3;;;;;375000;;;;;;;;;1;;;3
20230311;03;2023;7382430;1;1;01;68;1;392.48445024;68;1;1;4;1;2;1;1;1;3;1;1;3;2;1;1;1;1;1;3;1;;;98;98;;;1;;;;;;;;;;2
20230311;03;2023;7382431;1;1;01;68;1;374.7322896;68;1;1;4;1;2;1;1;1;3;1;1;5;4;1;1;1;1;1;3;6;;;;800000;;;1;;;;;;;;;;4
20230311;03;2023;7382432;1;1;01;68;1;317.84992378;68;2;1;4;1;3;1;1;1;3;1;1;2;1;1;1;1;1;1;3;3;;;;;880000;;1;;;;;;;;;;4
20230311;03;2023;7382433;1;1;01;68;1;430.02557861;68;2;1;4;1;3;1;1;1;3;1;1;2;1;1;1;1;1;1;3;3;;;;;680000;;1;;;;;;;;;;3
20230311;03;2023;7382434;1;1;01;68;1;461.35714806;68;2;1;4;1;3;1;1;1;3;1;1;4;3;1;1;1;1;3;3;3;;;;;800000;;1;;;;;;;;;;5
20230311;03;2023;7382435;1;1;01;68;1;361.74263441;68;2;1;4;1;3;1;1;1;3;1;1;2;1;1;1;1;1;1;3;3;;;;;680000;;;;;;;;;1;;;1
20230311;03;2023;7382436;1;1;01;68;1;275.94656377;68;1;1;4;1;2;1;1;1;3;1;1;2;1;1;1;1;1;1;3;1;;;80000000;500000;;;;;;;;;;1;;;1
20230311;03;2023;7382438;1;1;01;68;1;286.55120355;68;2;1;4;1;2;1;1;1;3;1;1;3;2;1;1;1;1;1;3;1;;;120000000;500000;;;;;;;;;;1;;;4
20230311;03;2023;7382439;1;1;01;68;1;265.52186607;68;2;1;4;1;2;1;1;1;3;1;1;3;2;1;1;1;1;1;3;3;;;;;500000;;;;;;;;;1;;;2
20230311;03;2023;7382440;1;1;01;68;1;375.42246432;68;2;1;4;1;2;1;1;1;3;1;2;3;2;1;1;1;1;1;3;3;;;;;400000;;1;;;;;;;;;;3
20230311;03;2023;7382440;2;2;01;68;1;375.42246432;68;2;1;4;1;2;1;1;1;3;1;2;1;1;1;1;1;1;1;3;3;;;;;200000;;1;;;;;;;;;;1
20230311;03;2023;7382441;1;1;01;68;1;357.27667596;68;2;1;4;1;2;1;1;1;3;1;1;3;1;1;1;1;1;1;3;3;;;;;500000;;1;;;;;;;;;;1
20230311;03;2023;7382442;1;1;01;68;1;255.96544747;68;2;1;4;1;4;1;1;1;3;1;1;6;3;1;1;1;1;1;3;1;;;300000000;1200000;;;1;;;;;;;;;;3
20230311;03;2023;7382443;1;1;01;68;1;268.33753404;68;2;1;4;1;6;1;1;1;3;1;1;4;1;1;1;1;1;1;3;2;;2600000;98;98;;;1;;1;;;;;;;;2
20230311;03;2023;7382444;1;1;01;68;1;378.03985855;68;2;1;5;1;6;1;1;1;3;1;1;4;2;1;1;1;1;1;3;2;;3000000;750000000;2200000;;;1;;1;;1;1;;;;;4
20230311;03;2023;7382445;1;1;01;68;1;330.82334235;68;2;1;4;1;6;1;1;1;3;1;1;4;2;1;1;1;1;1;3;4;;;;1800000;;;1;;;;;1;;;;;3
20230311;03;2023;7382446;1;1;01;68;1;367.65228304;68;2;1;4;1;6;1;1;1;3;1;1;4;3;1;1;1;1;1;3;1;;;98;1500000;;;1;;;;;;;;;;4
20230311;03;2023;7382447;1;1;01;68;1;1903.2045696;68;1;1;4;1;4;1;1;1;3;1;1;4;2;1;1;1;1;1;3;1;;;300000000;1000000;;;1;;;;;;;;;;4
20230311;03;2023;7382448;1;1;01;68;1;1915.3896444;68;1;1;4;1;4;1;1;1;3;1;1;3;2;1;1;1;1;1;3;1;;;600000000;1500000;;;1;;;;;1;;;;;3
20230311;03;2023;7382449;1;1;01;68;1;1644.0721127;68;1;1;4;1;4;1;1;1;3;1;1;5;3;1;1;1;1;1;3;3;;;;;1200000;;1;;;;;1;;;;;5
20230311;03;2023;7382450;1;1;01;68;1;323.1886963;68;2;1;4;1;6;1;1;1;3;1;1;4;2;1;1;1;1;1;3;4;;;;1800000;;;1;;;;;1;;;;;3
20230311;03;2023;7382451;1;1;01;68;1;1768.1424495;68;1;1;4;1;4;1;1;1;3;1;1;4;3;1;1;1;1;3;3;3;;;;;1000000;;1;;;;;;;;;;5
20230311;03;2023;7382452;1;1;01;68;1;268.33753404;68;2;1;4;1;6;1;1;1;3;1;1;4;2;1;1;1;1;1;3;2;;98;600000000;2000000;;;1;;1;;;1;;;;;2
20230311;03;2023;7382453;1;1;01;68;1;1145.8094366;68;1;1;4;1;4;1;1;1;3;1;1;4;2;1;1;1;1;3;3;1;;;250000000;1000000;;;1;;;;;;;;;;3
20230311;03;2023;7382454;1;1;01;68;1;1597.0264257;68;1;1;4;1;4;1;1;1;3;1;1;3;1;1;1;1;1;1;3;3;;;;;1000000;;1;;;;;;;;;;1
20230311;03;2023;7382455;1;1;01;68;1;373.25972656;68;2;1;4;1;1;2;1;1;3;1;1;2;1;1;1;1;2;1;1;1;;;35000000;600000;;;1;;;;;;;;;;1
20230311;03;2023;7382457;1;1;01;68;1;217.30760713;68;2;1;2;1;1;2;1;1;3;1;1;3;2;1;1;1;2;3;4;3;;;;;370000;;1;;;;;;;;;;4
20230311;03;2023;7382458;1;1;01;68;1;1671.3913804;68;2;1;4;1;3;1;1;1;3;1;1;3;2;1;1;1;1;1;3;3;;;;;600000;;1;;;;;;;;;;2
20230311;03;2023;7382459;1;1;01;68;1;2122.8253705;68;2;1;4;1;3;1;1;1;3;1;3;3;2;1;2;1;1;1;3;4;;;;250000;;;;;;;;;;1;;;2
20230311;03;2023;7382459;2;2;01;68;1;2122.8253705;68;2;1;4;1;3;1;1;1;3;1;3;2;1;1;2;1;1;1;3;3;;;;;250000;;1;;;;;;;;;;3
20230311;03;2023;7382459;3;3;01;68;1;2122.8253705;68;2;1;4;1;3;1;1;1;3;1;3;2;1;1;2;1;1;1;3;3;;;;;250000;;;;;;;;;1;;;1
20230311;03;2023;7382460;1;1;01;68;1;333.7888157;68;2;1;2;1;1;2;1;1;3;1;1;4;3;1;1;1;2;1;4;1;;;95000000;600000;;;1;;;;;;;;;;6
20230311;03;2023;7382461;1;1;01;68;1;2219.6121311;68;1;1;4;1;3;1;1;1;3;1;1;6;5;1;1;1;1;1;3;1;;;120000000;800000;;;1;;;;1;;;;;;5
20230311;03;2023;7382463;1;1;01;68;1;297.18780288;68;1;1;4;1;1;2;1;1;3;1;1;4;3;1;1;1;2;1;4;1;;;50000000;300000;;;1;;;;1;;;;;;3
20230311;03;2023;7382464;1;1;01;68;1;1671.3913804;68;2;1;4;1;2;1;1;1;3;1;1;3;1;1;1;1;1;1;3;3;;;;;550000;;1;;;;1;1;;;;;2
20230311;03;2023;7382465;1;1;01;68;1;358.15707489;68;2;1;4;1;1;2;1;1;3;1;1;3;2;1;1;1;2;3;4;3;;;;;400000;;1;;;;;;;;;;4
20230311;03;2023;7382466;1;1;01;68;1;335.17529727;68;2;1;2;1;1;2;1;1;3;1;1;3;1;1;1;1;2;1;4;1;;;50000000;400000;;;1;;;;;;;;;;3
20230311;03;2023;7382467;1;1;01;68;1;257.23310001;68;1;1;4;1;4;1;1;1;3;1;1;5;2;1;1;1;1;1;3;1;;;400000000;1500000;;;1;;;;;;;;;;3
20230311;03;2023;7382468;1;1;01;68;1;162.86867209;68;1;1;4;1;4;1;1;1;3;1;1;5;4;1;1;1;1;1;3;3;;;;;1200000;;1;;;;;;;;;;4
20230311;03;2023;7382469;1;1;01;68;1;294.35809589;68;1;1;4;1;4;1;1;1;3;1;1;6;2;1;1;1;1;1;3;1;;;1000000000;2000000;;;1;;;;;1;;;;;2
20230311;03;2023;7382470;1;1;01;68;1;241.50378064;68;2;1;4;1;4;1;1;1;3;1;1;3;1;1;1;1;1;3;3;3;;;;;750000;;1;;;;;;;;;;2
20230311;03;2023;7382471;1;1;01;68;1;305.87469391;68;1;1;4;1;4;1;1;1;3;1;1;5;3;1;1;1;1;1;3;3;;;;;1800000;;1;;;;;1;;;;;3
20230311;03;2023;7382472;1;1;01;68;1;308.28655392;68;2;1;4;1;4;1;1;1;3;1;1;4;3;1;1;1;1;1;3;3;;;;;900000;;1;;;;;;;;;;3
20230311;03;2023;7382473;1;1;01;68;1;1924.9047266;68;2;1;4;1;6;1;1;1;6;1;1;4;1;1;1;1;1;1;3;1;;;700000000;1500000;;;1;;;;;1;;;;;2
20230311;03;2023;7382474;1;1;01;68;1;268.74700312;68;2;1;4;1;4;1;1;1;3;1;1;1;1;1;1;1;1;6;;3;;;;;300000;;;;;;;;;1;;;1
20230311;03;2023;7382475;1;1;01;68;1;294.54419104;68;2;1;4;1;4;1;1;1;3;1;1;3;2;1;1;1;1;1;3;1;;;300000000;1500000;;;1;;;;;1;;;;;3
20230311;03;2023;7382476;1;1;01;68;1;312.74587535;68;2;1;4;1;4;1;1;1;3;1;1;3;2;1;1;1;1;1;3;1;;;100000000;900000;;;1;;;;;;;;;;3
20230311;03;2023;7382477;1;1;01;68;1;1857.1015338;68;2;1;4;1;6;1;1;1;6;1;1;4;1;1;1;1;1;1;3;2;;1700000;400000000;2000000;;;1;;1;;1;1;;;;;2
20230311;03;2023;7382478;1;1;01;68;1;1833.0426592;68;2;1;4;1;6;1;1;1;6;1;1;3;2;1;1;1;1;1;3;1;;;98;1500000;;;1;;;;1;1;;;;;2
20230311;03;2023;7382479;1;1;01;68;1;486.54951756;68;2;1;4;1;3;1;1;1;3;1;1;4;2;1;1;1;1;1;3;3;;;;;1000000;;1;;;;;;;;;;3
20230311;03;2023;7382480;1;1;01;68;1;419.91719238;68;2;1;4;1;3;1;1;1;3;1;1;3;1;1;1;1;1;1;3;3;;;;;620000;;1;;;;;;;;;;1
20230311;03;2023;7382481;1;1;01;68;1;382.24495876;68;1;1;4;1;2;1;1;1;3;1;1;3;2;1;1;1;1;3;3;3;;;;;600000;;;;;;;;;1;;;3
20230311;03;2023;7382482;1;1;01;68;1;450.992881;68;2;1;4;1;3;1;1;1;3;1;1;4;2;1;1;1;1;1;3;3;;;;;900000;;;;;;;;;1;;;2
20230311;03;2023;7382483;1;1;01;68;1;1783.1047303;68;2;1;4;1;3;1;1;1;3;1;1;4;3;1;1;1;1;1;3;3;;;;;700000;;1;;;;;;;;;;6
20230311;03;2023;7382484;1;1;01;68;1;482.06856962;68;2;1;4;1;3;1;1;1;3;1;1;4;2;1;1;1;1;1;3;1;;;190000000;850000;;;;;;;1;;;;;;3
20230311;03;2023;7382485;1;1;01;68;1;523.35214223;68;2;1;4;1;3;1;1;1;3;1;1;4;2;1;1;1;1;1;3;1;;;98;1200000;;;1;;;;;;;;;;3
20230311;03;2023;7382486;1;1;01;68;1;271.75759507;68;2;1;4;1;4;1;1;1;3;1;1;3;1;1;1;1;1;3;3;3;;;;;600000;;1;;;;;;;;;;1
20230311;03;2023;7382487;1;1;01;68;1;373.25972656;68;2;1;4;1;2;1;1;1;3;1;1;3;1;1;1;1;1;1;3;3;;;;;300000;;1;;;;;1;;;;;1
20230311;03;2023;7382488;1;1;01;68;1;338.60524739;68;2;1;4;1;4;1;1;1;3;1;1;3;2;1;1;1;1;3;3;6;;;;900000;;;1;;;;;;;;;;4
20230311;03;2023;7382489;1;1;01;68;1;312.74587535;68;1;1;4;1;4;1;1;1;3;1;1;3;2;1;1;1;1;3;3;3;;;;;550000;;1;;;;;;;;;;3
20230311;03;2023;7382490;1;1;01;68;1;464.32180885;68;2;1;4;1;2;1;1;1;3;1;1;3;2;1;1;1;1;1;3;2;;230000;55000000;350000;;;1;;1;;;;;;;;5
20230311;03;2023;7382491;1;1;01;68;1;321.90868028;68;2;1;4;1;2;1;1;1;3;1;1;3;2;1;1;1;1;1;3;2;;450000;55000000;350000;;;1;;1;;;;;;;;2
20230311;03;2023;7382492;1;1;01;68;1;288.5622426;68;2;1;4;1;4;1;1;1;6;1;1;2;1;1;1;1;1;1;3;3;;;;;590000;;;;;;;;;1;;;2
20230311;03;2023;7382493;1;1;01;68;1;1235.5771423;68;2;1;4;1;3;1;1;1;3;1;1;3;1;1;1;1;1;1;3;3;;;;;650000;;1;;;;;;;;;;2
20230311;03;2023;7382494;1;1;01;68;1;269.56496855;68;2;1;4;1;4;1;1;1;6;1;1;2;1;1;1;1;1;1;3;3;;;;;520000;;1;;;;;;;;;;2
20230311;03;2023;7382495;1;1;01;68;1;372.15218157;68;2;1;4;1;4;1;1;1;6;1;1;2;1;1;1;1;1;1;3;3;;;;;600000;;;;;;;;;1;;;2
20230311;03;2023;7382496;1;1;01;68;1;250.86051252;68;2;1;4;1;6;1;1;1;3;1;1;2;1;1;1;1;1;1;3;3;;;;;99;;;;;;;;;1;;;1
20230311;03;2023;7382497;1;1;01;68;1;268.33753404;68;2;1;5;1;6;1;1;1;3;1;1;4;2;1;1;1;1;1;3;1;;;780000000;2000000;;;1;;;;;;;;;;2
20230311;03;2023;7382498;1;1;01;68;1;1404.9418934;68;1;1;4;1;4;1;1;1;3;1;1;4;1;1;1;1;1;3;3;3;;;;;1000000;;1;;;;;;;;;;2
20230311;03;2023;7382499;1;1;01;68;1;301.95288341;68;2;1;5;1;6;1;1;1;3;1;1;4;2;1;1;1;1;1;3;1;;;750000000;2000000;;;1;;;;;;;;;;1
20230311;03;2023;7382500;1;1;01;68;1;373.25972656;68;2;1;4;1;4;1;1;1;6;1;1;4;1;1;1;1;1;1;3;3;;;;;590000;;1;;;;;;;;;;1
20230311;03;2023;7382501;1;1;01;68;1;494.55231686;68;2;1;4;1;2;1;1;1;3;1;1;3;2;1;1;1;1;1;3;3;;;;;450000;;;;;;;;;1;;;4
20230311;03;2023;7382502;1;1;01;68;1;1446.2190723;68;2;1;5;1;6;1;1;1;6;1;1;4;3;1;1;1;1;1;3;1;;;700000000;1800000;;;1;;;;;1;;;;;5
20230311;03;2023;7382512;1;1;01;68;1;340.54628241;68;2;1;4;1;2;1;1;1;3;1;1;3;1;1;1;1;1;1;3;3;;;;;400000;;1;;;;;;;;;;1
20230311;03;2023;7382517;1;1;01;70;1;121.03191349;70;1;1;4;1;1;1;1;1;3;1;1;4;2;1;1;1;1;1;3;1;;;30000000;200000;;;;;;;;;;1;;;3
20230311;03;2023;7382518;1;1;01;70;1;189.25199252;70;1;1;2;1;1;1;1;1;3;1;1;2;1;1;1;1;1;4;3;1;;;15000000;300000;;;1;;;;;;;;;;3
20230311;03;2023;7382519;1;1;01;70;1;129.00098639;70;2;1;2;1;1;1;1;1;3;1;1;3;2;1;1;1;1;3;3;4;;;;200000;;;;;;;;;;1;;;3
20230311;03;2023;7382520;1;1;01;70;1;129.36188183;70;1;1;2;1;1;1;1;1;3;1;1;3;2;1;1;1;1;4;3;1;;;25000000;150000;;;;;;;;;;1;;;4
20230311;03;2023;7382521;1;1;01;70;1;130.32680862;70;1;1;2;1;1;1;1;1;3;1;1;3;1;1;1;1;1;1;3;4;;;;250000;;;1;;;;;;;;;;2
20230311;03;2023;7382522;1;1;01;70;1;138.65677696;70;1;1;4;1;1;1;1;1;3;1;1;3;2;1;1;1;1;1;3;4;;;;280000;;;1;;;;;;;;;;3
20230311;03;2023;7382523;1;1;01;70;1;167.75218583;70;1;1;2;1;1;1;1;1;3;1;1;3;2;1;1;1;1;1;3;4;;;;250000;;;;;;;;;;1;;;3
20230311;03;2023;7382524;1;1;01;70;1;145.43163405;70;1;1;2;1;1;1;1;1;3;1;1;3;2;1;1;1;1;1;3;1;;;100000000;350000;;;1;;;;;1;;;;;6
20230311;03;2023;7382525;1;1;01;70;1;132.20284145;70;1;1;2;1;1;1;1;1;3;1;1;3;2;1;1;1;1;1;3;3;;;;;300000;;1;;;;;;;;;;2
20230311;03;2023;7382526;1;1;01;70;1;112.70194515;70;1;1;4;1;1;1;1;1;3;1;1;4;1;1;1;1;1;1;3;1;;;70000000;300000;;;;;;;;;;1;;;2
20230311;03;2023;7382527;1;1;01;70;1;170.35156361;70;1;1;4;1;1;1;1;1;3;1;1;3;2;1;1;1;1;1;3;1;;;60000000;400000;;;1;;;;;;;;;;5
20230311;03;2023;7382528;1;1;01;70;1;191.87985196;70;2;1;2;1;1;1;1;1;3;1;1;3;2;1;1;1;1;3;3;4;;;;500000;;;1;;;;;;;;;;6
20230311;03;2023;7382530;1;1;01;70;1;106.32934967;70;2;1;4;1;1;1;1;1;3;1;1;3;1;1;1;1;1;1;3;2;;550000;80000000;400000;;;1;;;;1;1;;;;;1
20230311;03;2023;7382531;1;1;01;70;1;93.472875009;70;1;1;2;1;1;1;1;1;3;1;1;3;2;1;1;1;1;1;3;1;;;70000000;450000;;;;;;;;;;1;;;2
20230311;03;2023;7382532;1;1;01;70;1;141.20389907;70;2;1;4;1;1;1;1;1;3;1;1;3;2;1;1;1;1;1;3;6;;;;400000;;;1;;;;;;;;;;3
20230311;03;2023;7382533;1;1;01;70;1;113.5478655;70;1;1;4;1;1;1;1;1;3;1;1;3;2;1;1;1;1;3;3;4;;;;400000;;;1;;;;;;;;;;4
20230311;03;2023;7382534;1;1;01;70;1;121.16168895;70;1;1;4;1;1;1;1;1;3;1;1;5;4;1;1;1;1;1;3;4;;;;500000;;;1;;;;;;;;;;7
20230311;03;2023;7382535;1;1;01;70;1;144.51835195;70;1;1;2;1;1;1;1;1;3;1;1;3;1;1;1;1;1;1;3;1;;;150000000;350000;;;;;;;;;;1;;;1
20230311;03;2023;7382536;1;1;01;70;1;100.5077779;70;1;1;4;1;1;1;1;1;3;1;1;3;2;1;1;1;1;1;3;1;;;50000000;400000;;;1;;;;;;;;;;5
20230311;03;2023;7382537;1;1;01;70;1;160.21944719;70;1;1;2;1;1;1;1;1;3;1;1;3;2;1;1;1;1;1;3;4;;;;400000;;;;;;;;;;1;;;4
20230311;03;2023;7382538;1;1;01;70;1;131.48560267;70;1;1;2;1;1;1;1;1;3;1;1;4;1;1;1;1;1;1;3;1;;;70000000;400000;;;1;;;;;;;;;;2
20230311;03;2023;7382539;1;1;01;70;1;170.30724168;70;1;1;4;1;1;1;1;1;3;1;1;3;1;1;1;1;1;1;3;3;;;;;400000;;1;;;;;;;;;;1
20230311;03;2023;7382540;1;1;01;70;1;106.13031775;70;1;1;4;1;1;1;1;1;3;1;1;3;2;1;1;1;1;1;3;1;;;60000000;450000;;;1;;;;;;;;;;5
20230311;03;2023;7382541;1;1;01;70;1;125.51680941;70;1;1;1;1;1;1;1;1;3;1;1;4;3;1;1;1;1;1;3;4;;;;150000;;;;;;;;;;1;;;6
20230311;03;2023;7382542;1;1;01;70;1;170.07772549;70;2;1;4;1;1;1;1;1;3;1;1;2;1;1;1;1;1;1;3;3;;;;;400000;;1;;;;;;;;;;1
20230311;03;2023;7382543;1;1;01;70;1;141.93483188;70;2;5;1;1;1;1;1;1;3;1;1;3;2;1;1;1;1;4;3;6;;;;300000;;;;;;;;;;1;;;4
20230311;03;2023;7382544;1;1;01;70;1;104.83622742;70;1;1;4;1;1;1;1;1;3;1;1;3;2;1;1;1;1;3;3;1;;;50000000;400000;;;;;;;;;;1;;;5
20230311;03;2023;7382546;1;1;01;70;1;123.05340878;70;2;1;4;1;1;1;1;1;3;1;1;4;3;1;1;1;1;1;3;1;;;100000000;400000;;;;;;;;;;1;;;4
20230311;03;2023;7382547;1;1;01;70;1;115.61468156;70;1;1;2;1;1;1;1;1;3;1;1;2;1;1;1;1;1;1;3;1;;;50000000;400000;;;;;;;;;;1;;;1
20230311;03;2023;7382548;1;1;01;70;1;138.75497998;70;1;1;4;1;1;1;1;1;3;1;1;4;3;1;1;1;1;1;3;1;;;60000000;400000;;;;;;;;;;1;;;4
20230311;03;2023;7382551;1;1;01;70;1;127.06508038;70;1;1;2;1;1;1;1;1;3;1;1;3;2;1;1;1;1;1;3;4;;;;300000;;;1;;;;1;1;;;;;4
20230311;03;2023;7382552;1;1;01;70;1;141.0799951;70;1;1;2;1;1;1;1;1;3;1;1;3;2;1;1;1;1;3;3;3;;;;;400000;;;;;;;;;1;;;5
20230311;03;2023;7382555;1;1;01;70;1;107.46753611;70;1;1;4;1;1;1;1;1;3;1;1;3;2;1;1;1;1;1;3;1;;;75000000;300000;;;;;;;;;;1;;;2
20230311;03;2023;7382556;1;1;01;70;1;135.40333182;70;1;1;2;1;1;1;1;1;3;1;1;3;3;1;1;1;1;1;3;4;;;;300000;;;1;;;;;;;;;;13
20230311;03;2023;7382557;1;1;01;70;1;105.18848214;70;1;4;1;1;1;1;1;1;3;1;1;3;1;1;1;1;1;4;3;4;;;;100000;;;;;;;;;;1;;;2
20230311;03;2023;7382558;1;1;01;70;1;132.16641022;70;2;1;2;1;2;1;1;1;3;1;1;3;2;1;1;1;1;1;3;4;;;;500000;;;1;;;;;;;;;;3
20230311;03;2023;7382559;1;1;01;70;1;59.260644391;70;1;1;2;1;2;1;1;1;3;1;1;4;3;1;1;1;1;1;3;6;;;;600000;;;1;;;;;;;;;;9
20230311;03;2023;7382560;1;1;01;70;1;107.57912946;70;2;1;4;1;2;1;1;1;3;1;1;4;2;1;1;1;1;1;3;4;;;;400000;;;1;;;;;;;;;;2
20230311;03;2023;7382561;1;1;01;70;1;83.046675584;70;1;1;2;1;1;1;1;1;3;1;1;3;2;1;1;1;1;1;3;1;;;100000000;450000;;;;;;;;;;1;;;3
20230311;03;2023;7382562;1;1;01;70;1;143.4845628;70;1;1;4;1;1;1;1;1;3;1;1;3;3;1;1;1;1;1;3;5;;;;400000;;;;;;;;;;1;;;5
20230311;03;2023;7382563;1;1;01;70;1;94.430462196;70;1;1;4;1;2;1;1;1;3;1;1;4;2;1;1;1;1;1;3;1;;;60000000;500000;;;;;;;;;;1;;;3
20230311;03;2023;7382564;1;1;01;70;1;118.1238682;70;1;1;2;1;1;1;1;1;3;1;1;4;3;1;1;1;1;1;3;1;;;45000000;350000;;;;;;;;;;1;;;4
20230311;03;2023;7382566;1;1;01;70;1;106.32934967;70;1;1;4;1;1;1;1;1;3;1;1;5;1;1;1;1;1;1;3;1;;;180000000;600000;;;1;;;;1;1;;;;;1
20230311;03;2023;7382567;1;1;01;70;1;118.24228796;70;1;1;2;1;2;1;1;1;3;1;1;2;1;1;1;1;1;1;3;4;;;;400000;;;;;;;;;;1;;;1
20230311;03;2023;7382568;1;1;01;70;1;59.260644391;70;1;1;2;1;2;1;1;1;3;1;1;3;2;1;1;1;1;1;3;3;;;;;300000;;1;;;;;;;;;;5
20230311;03;2023;7382570;1;1;01;70;1;114.10398679;70;1;1;4;1;1;1;1;1;3;1;1;3;1;1;1;1;1;1;3;4;;;;280000;;;1;;;;;;;;;;2
20230311;03;2023;7382571;1;1;01;70;1;88.609166081;70;1;1;2;1;2;1;1;1;3;1;1;3;2;1;1;1;1;1;3;1;;;60000000;400000;;;;;;;;;;1;;;4
20230311;03;2023;7382572;1;1;01;70;1;126.19362138;70;1;1;4;1;2;1;1;1;3;1;1;3;1;1;1;1;1;1;3;4;;;;300000;;;1;;;;;;;;;;2
20230311;03;2023;7382573;1;1;01;70;1;139.15450268;70;2;1;2;1;2;1;1;1;3;1;1;2;1;1;1;1;1;1;3;4;;;;100000;;;;;;;;;;1;;;1
20230311;03;2023;7382574;1;1;01;70;1;139.34228864;70;2;1;2;1;2;1;1;1;3;1;1;3;1;1;1;1;1;1;3;3;;;;;150000;;1;;;;;;;;;;1
20230311;03;2023;7382575;1;1;01;70;1;109.57133556;70;1;1;4;1;3;1;1;1;3;1;1;4;1;1;1;1;1;1;3;1;;;150000000;700000;;;1;;;;;;;;;;2
20230311;03;2023;7382576;1;1;01;70;1;129.13610652;70;2;1;4;1;1;1;1;1;3;1;1;3;2;1;1;1;1;1;3;3;;;;;450000;;1;;;;;;;;;;5
20230311;03;2023;7382578;1;1;01;70;1;109.57133556;70;1;1;4;1;3;1;1;1;3;1;1;5;1;1;1;1;1;1;3;1;;;300000000;800000;;;1;;;;1;1;;;;;2
20230311;03;2023;7382579;1;1;01;70;1;63.442571906;70;1;1;4;1;3;1;1;1;3;1;1;5;3;1;1;1;1;1;3;1;;;250000000;800000;;;1;;;;;;;;;;4
20230311;03;2023;7382580;1;1;01;70;1;120.43195996;70;2;1;4;1;3;1;1;1;3;1;1;3;1;1;1;1;1;1;3;1;;;120000000;600000;;;1;;;;;;;;;;1
20230311;03;2023;7382581;1;1;01;70;1;107.03979886;70;1;1;4;1;3;1;1;1;3;1;1;3;2;1;1;1;1;1;3;4;;;;700000;;;1;;;;1;;;;;;2
20230311;03;2023;7382582;1;1;01;70;1;109.57133556;70;2;1;4;1;3;1;1;1;3;1;1;3;1;1;1;1;1;1;3;5;;;;400000;;;;;;;;;;1;;;2
20230311;03;2023;7382583;1;1;01;70;1;128.5305403;70;1;1;4;1;3;1;1;1;3;1;1;5;2;1;1;1;1;1;3;1;;;450000000;1000000;;;1;;;;;;;;;;2
20230311;03;2023;7382584;1;1;01;70;1;101.50155568;70;1;1;2;1;1;1;1;1;3;1;1;3;2;1;1;1;1;1;3;4;;;;450000;;;;;;;;;;1;;;3
20230311;03;2023;7382585;1;1;01;70;1;128.45370612;70;1;4;1;1;1;1;1;1;3;1;1;2;1;1;1;1;1;5;3;4;;;;450000;;;1;;;;;;;;;;2
20230311;03;2023;7382586;1;1;01;70;1;104.05321341;70;1;4;1;1;1;1;1;1;3;1;1;1;1;1;1;1;1;3;3;4;;;;350000;;;1;;;;;;;;;;1
20230311;03;2023;7382587;1;1;01;70;1;109.47451924;70;2;1;2;1;1;1;1;1;3;1;1;2;1;1;1;1;1;1;3;4;;;;350000;;;1;;;;;;;;;;2
20230311;03;2023;7382588;1;1;01;70;1;96.179174459;70;1;1;4;1;3;1;1;1;3;1;1;3;2;1;1;1;1;1;3;3;;;;;1200000;;1;;;;;;;;;;3
20230311;03;2023;7382589;1;1;01;70;1;107.02614143;70;2;1;4;1;1;1;1;1;3;1;1;4;3;1;1;1;1;3;3;4;;;;600000;;;1;;;;;;;;;;5
20230311;03;2023;7382590;1;1;01;70;1;89.147468488;70;1;1;4;1;3;1;1;1;3;1;1;4;3;1;1;1;1;1;3;1;;;120000000;600000;;;1;;;;;;;;;;6
20230311;03;2023;7382592;1;1;01;70;1;102.69358811;70;4;1;2;1;1;1;1;1;3;1;1;1;1;1;2;1;1;5;3;4;;;;200000;;;1;;;;;;;;;;2
20230311;03;2023;7382593;1;1;01;70;1;109.47451924;70;1;1;4;1;1;1;1;1;3;1;1;3;1;1;1;1;1;1;3;3;;;;;450000;;1;;;;;;;;;;2
20230311;03;2023;7382594;1;1;01;70;1;69.460725689;70;2;1;4;1;1;1;1;1;3;1;1;3;2;1;1;1;1;1;3;3;;;;;400000;;1;;;;;;;;;;4
20230311;03;2023;7382595;1;1;01;70;1;128.13667688;70;2;1;4;1;1;1;1;1;3;1;1;4;3;1;1;1;1;1;3;3;;;;;640000;;1;;;;;;;;;;5
20230311;03;2023;7382596;1;1;01;70;1;168.21906001;70;1;1;4;1;3;1;1;1;3;1;1;4;3;1;1;1;1;1;3;3;;;;;600000;1;1;;;;;1;;;;;4
20230311;03;2023;7382597;1;1;01;70;1;149.99631427;70;1;1;4;1;3;1;1;1;3;1;1;4;2;1;1;1;1;1;3;2;;600000;250000000;700000;;1;1;;;;;;;;;;3
20230311;03;2023;7382598;1;1;01;70;1;201.32376093;70;1;1;4;1;3;1;1;1;3;1;1;4;2;1;1;1;1;3;3;2;;800000;160000000;750000;;;1;;1;;;;;;;;4
20230311;03;2023;7382599;1;1;01;70;1;191.53486686;70;1;1;4;1;3;1;1;1;3;1;1;4;3;1;1;1;1;1;3;2;;700000;120000000;700000;;;1;;;;;;;;;;4
20230311;03;2023;7382601;1;1;01;70;1;167.12577254;70;1;1;4;1;3;1;1;1;3;1;1;4;2;1;1;1;1;1;3;3;;;;;850000;;1;;;;;1;;;;;2
20230311;03;2023;7382602;1;1;01;70;1;201.32376093;70;1;1;4;1;3;1;1;1;3;1;1;4;3;1;1;1;1;1;3;1;;;150000000;800000;;1;1;;;;;1;;;;;4
20230311;03;2023;7382603;1;1;01;70;1;168.13512483;70;1;1;4;1;3;1;1;1;3;1;1;4;2;1;1;1;1;1;3;2;;600000;120000000;700000;;;1;;;;;;;;;;3
20230311;03;2023;7382605;1;1;01;70;1;214.40295834;70;1;1;4;1;3;1;1;1;3;1;1;4;2;1;1;1;1;3;3;4;;;;700000;;;1;;;;;;;;;;4
20230311;03;2023;7382606;1;1;01;70;1;191.72295086;70;1;1;4;1;3;1;1;1;3;1;1;3;2;1;1;1;1;1;3;2;;1100000;300000000;900000;;;1;;1;;;;;;;;3
20230311;03;2023;7382607;1;1;01;70;1;91.812744174;70;1;1;2;1;1;1;1;1;3;1;1;3;1;1;1;1;1;1;3;1;;;45000000;200000;;;;;;;;;;1;;;1
20230311;03;2023;7382608;1;1;01;70;1;81.813263885;70;2;1;2;1;1;1;1;1;3;1;1;3;1;1;1;1;1;3;3;1;;;90000000;400000;;;;;;;;;;1;;;2
20230311;03;2023;7382609;1;1;01;70;1;93.787970564;70;1;1;2;1;1;1;1;1;3;1;1;3;2;1;1;1;1;3;3;4;;;;300000;;;;;;;;;;1;;;3
20230311;03;2023;7382610;1;1;01;70;1;80.306246375;70;2;1;4;1;3;1;1;1;3;1;1;4;3;1;1;1;1;1;3;3;;;;;600000;1;1;;;;;1;;;;;3
20230311;03;2023;7382612;1;1;01;70;1;105.96895038;70;1;1;2;1;1;1;1;1;3;1;1;2;1;1;1;1;1;1;3;3;;;;;300000;;1;;;;;;;;;;1
20230311;03;2023;7382613;1;1;01;70;1;119.21506917;70;2;1;4;1;3;1;1;1;3;1;1;2;1;1;1;1;1;1;3;3;;;;;450000;;1;;;;1;;;;;;1
20230311;03;2023;7382614;1;1;01;70;1;63.542916639;70;1;1;4;1;3;1;1;1;3;1;1;4;3;1;1;1;1;1;3;1;;;100000000;800000;;;1;;;;;;;;;;4
20230311;03;2023;7382615;1;1;01;70;1;88.604735209;70;1;1;2;1;1;1;1;1;3;1;1;3;1;1;1;1;1;1;3;3;;;;;320000;;1;;;;;;;;;;2
20230311;03;2023;7382617;1;1;01;70;1;88.48948849;70;2;1;4;1;3;1;1;1;3;1;1;4;3;1;1;1;1;1;3;3;;;;;650000;;1;;;;;;;;;;8
20230311;03;2023;7382619;1;1;01;70;1;105.64553683;70;1;1;2;1;3;1;1;1;3;1;1;4;3;1;1;1;1;1;3;1;;;150000000;800000;;;1;;;;;;;;;;4
20230311;03;2023;7382620;1;1;01;70;1;98.373845148;70;1;1;4;1;3;1;1;1;3;1;1;5;4;1;1;1;1;1;3;1;;;150000000;700000;;;1;;;;;;;;;;6
20230311;03;2023;7382621;1;1;01;70;1;90.718063941;70;2;1;4;1;3;1;1;1;3;1;1;5;2;1;1;1;1;1;3;1;;;300000000;1000000;;;1;;;;;;;;;;3
20230311;03;2023;7382623;1;1;01;70;1;88.747545278;70;1;1;4;1;1;1;2;1;3;1;1;4;1;2;1;1;1;1;3;1;;;60000000;450000;;;;;;;;;;1;;;2
20230311;03;2023;7382624;1;1;01;70;1;110.09214468;70;2;1;4;1;3;1;1;1;3;1;1;3;2;1;1;1;1;1;3;1;;;250000000;500000;;;1;;;;;;;;;;2
20230311;03;2023;7382626;1;1;01;70;1;88.747545278;70;2;1;2;1;1;1;1;1;3;1;1;3;1;1;1;1;1;3;3;1;;;90000000;400000;;;1;;;;1;1;;;;;2
20230311;03;2023;7382627;1;1;01;70;1;91.812744174;70;1;1;2;1;1;1;1;1;3;1;1;3;1;1;1;1;1;1;3;4;;;;200000;;;;;;;;;;1;;;1
20230311;03;2023;7382629;1;1;01;70;1;88.747545278;70;1;1;2;1;1;1;1;1;3;1;1;2;1;1;1;1;1;1;3;6;;;;200000;;;1;;;;;;;;;;2
20230311;03;2023;7382630;1;1;01;70;1;110.45497974;70;2;1;2;1;2;1;1;1;3;1;1;2;1;1;1;1;1;3;3;4;;;;400000;;;;;;;;;;1;;;2
20230311;03;2023;7382633;1;1;01;70;1;99.840988438;70;2;1;4;1;3;1;1;1;3;1;1;3;1;1;1;1;1;1;3;3;;;;;750000;;1;;;;;;;;;;2
20230311;03;2023;7382634;1;1;01;70;1;118.33704241;70;2;1;4;1;2;1;1;1;3;1;1;3;1;1;1;1;1;1;3;4;;;;350000;;;1;;;;;;;;;;2
20230311;03;2023;7382635;1;1;01;70;1;185.72681441;70;1;1;4;1;2;1;1;1;3;1;1;4;3;1;1;1;1;1;3;3;;;;;450000;;1;;;;;;;;;;7
20230311;03;2023;7382636;1;1;01;70;1;127.08350917;70;1;1;4;1;2;1;1;1;3;1;1;4;3;1;1;1;1;1;3;3;;;;;450000;;1;;;;;;;;;;3
20230311;03;2023;7382638;1;1;01;70;1;112.10403882;70;2;1;4;1;3;1;1;1;3;1;1;2;1;1;1;1;1;1;3;3;;;;;300000;;1;;;;;;;;;;3
20230311;03;2023;7382640;1;1;01;70;1;107.47197214;70;1;1;4;1;2;1;1;1;3;1;1;3;2;1;1;1;1;1;3;1;;;85000000;350000;;;1;;;;;;;;;;4
20230311;03;2023;7382641;1;1;01;70;1;144.36987812;70;1;1;4;1;2;1;1;1;3;1;1;4;3;1;1;1;1;1;3;1;;;120000000;500000;;;1;;;;;;;;;;5
20230311;03;2023;7382642;1;1;01;70;1;119.2014465;70;1;1;2;1;2;1;1;1;3;1;1;3;2;1;1;1;1;1;3;4;;;;400000;;;1;;;;;;;;;;3
20230311;03;2023;7382643;1;1;01;70;1;145.58961581;70;1;1;4;1;2;1;1;1;3;1;1;4;2;1;1;1;1;1;3;1;;;180000000;700000;;;1;;;;1;1;;;;;3
20230311;03;2023;7382644;1;1;01;70;1;130.06651676;70;1;1;4;1;2;1;1;1;3;1;1;4;1;1;1;1;1;1;3;4;;;;550000;;;1;;;;;;;;;;1
20230311;03;2023;7382645;1;1;01;70;1;128.36698513;70;2;1;4;1;2;1;1;1;3;1;1;2;1;1;1;1;1;3;3;3;;;;;450000;;1;;;;;1;;;;;2
20230311;03;2023;7382646;1;1;01;70;1;108.17716539;70;1;1;4;1;2;1;1;1;3;1;1;2;1;1;1;1;1;1;3;3;;;;;450000;;1;;;;;;;;;;3
20230311;03;2023;7382647;1;1;01;70;1;109.57133556;70;2;1;4;1;3;1;1;1;3;1;1;6;2;1;1;1;1;1;3;1;;;350000000;1000000;;;1;;;;;1;;;;;2
20230311;03;2023;7382648;1;1;01;70;1;141.5557694;70;2;1;4;1;3;1;1;1;3;1;1;3;2;1;1;1;1;1;3;4;;;;800000;;;1;;;;1;1;;;;;4
20230309;03;2023;7382650;1;1;01;73;1;254.43417023;73;2;1;4;1;1;2;1;1;3;1;1;5;1;1;1;1;1;1;4;3;;;;;99;;1;;;;;;;;;;1
20230310;03;2023;7382651;1;1;01;73;1;253.54067841;73;2;1;4;1;1;1;1;1;3;1;1;3;2;1;1;1;1;1;3;4;;;;400000;;;;;;;;;;1;;;3
20230311;03;2023;7382652;1;1;01;73;1;327.46415814;73;2;1;4;1;2;1;1;1;3;1;1;2;1;1;1;1;1;1;3;4;;;;300000;;;;;;;;;;1;;;2
20230311;03;2023;7382653;1;1;01;73;1;312.90405437;73;2;1;4;1;2;1;1;1;3;1;1;2;1;1;1;1;1;1;3;4;;;;550000;;;;;;;;;;1;;;2
20230311;03;2023;7382654;1;1;01;73;1;476.32600339;73;2;1;4;1;1;1;1;1;3;1;1;3;2;1;1;1;1;1;3;4;;;;350000;;;;;;;;;;1;;;5
20230311;03;2023;7382655;1;1;01;73;1;303.28629792;73;2;1;4;1;2;1;1;1;3;1;1;3;2;1;1;1;1;1;3;3;;;;;500000;;1;;;;;;;;;;2
20230311;03;2023;7382656;1;1;01;73;1;325.50030151;73;1;1;4;1;2;1;1;1;3;1;1;3;2;1;1;1;1;1;3;3;;;;;550000;;1;;;;;;;;;;3
20230311;03;2023;7382657;1;1;01;73;1;332.70876626;73;2;1;2;1;2;1;1;1;3;1;1;4;3;1;1;1;1;1;3;1;;;99;99;;;;;;;;;;1;;;1
20230311;03;2023;7382660;1;1;01;73;1;402.52665176;73;2;1;4;1;1;1;1;1;3;1;1;3;2;1;1;1;1;1;3;4;;;;350000;;;;;;;;;;1;;;7
20230311;03;2023;7382661;1;1;01;73;1;473.1179177;73;2;1;4;1;1;1;1;1;3;1;1;4;3;1;1;1;1;1;3;3;;;;;350000;;1;;;;;;;;;;4
20230311;03;2023;7382662;1;1;01;73;1;565.64090695;73;1;1;4;1;1;1;1;1;3;1;1;3;2;1;1;1;1;1;3;4;;;;99;;;1;;;;;;;;;;5
20230311;03;2023;7382663;1;1;01;73;1;292.33613363;73;1;1;4;1;3;1;1;1;3;1;1;4;3;1;1;1;1;1;3;4;;;;99;;;;;;;;;;1;;;4
20230311;03;2023;7382664;1;1;01;73;1;505.62287188;73;1;1;4;1;1;1;1;1;3;1;1;2;1;1;1;1;1;1;3;6;;;;98;;;;;;;;;;1;;;2
20230311;03;2023;7382665;1;1;01;73;1;536.41049975;73;2;1;2;1;1;1;1;1;3;1;1;3;2;1;1;1;1;1;3;3;;;;;440000;;;;;;;;;1;;;2
20230311;03;2023;7382666;1;1;01;73;1;517.95752011;73;2;1;2;1;1;1;1;1;3;1;1;2;1;1;1;1;1;1;3;3;;;;;350000;;;;;;;;;1;;;2
20230311;03;2023;7382667;1;1;01;73;1;440.2670174;73;2;1;2;1;1;1;1;1;3;1;1;2;1;1;1;1;1;1;3;3;;;;;350000;;1;;;;;;;;;;2
20230311;03;2023;7382668;1;1;01;73;1;517.0750076;73;1;1;4;1;2;1;1;1;3;1;1;3;2;1;1;1;1;1;3;3;;;;;450000;;1;;;;;;;;;;5
20230311;03;2023;7382669;1;1;01;73;1;407.02310182;73;1;1;4;1;1;1;1;1;3;1;1;4;3;1;1;1;1;1;3;3;;;;;300000;;1;;;;;;;;;;6
20230311;03;2023;7382670;1;1;01;73;1;347.54458104;73;1;1;4;1;3;1;1;1;3;1;1;4;3;1;1;1;1;1;3;1;;;180000000;700000;;;1;;;;;;;;;;5
20230311;03;2023;7382671;1;1;01;73;1;380.72424339;73;1;1;4;1;3;1;1;1;3;1;1;3;2;1;1;1;1;1;3;2;;679000;200000000;800000;;;1;;1;;;;;;;;3
20230311;03;2023;7382674;1;1;01;73;1;487.84460041;73;1;1;4;1;3;1;1;1;3;1;1;3;2;1;1;1;1;1;3;3;;;;;500000;;1;;;;;;;;;;2
20230311;03;2023;7382675;1;1;01;73;1;536.41049975;73;2;1;4;1;3;1;1;1;3;1;1;3;1;1;1;1;1;1;3;1;;;98;500000;;;;;;;;;;1;;;2
20230311;03;2023;7382676;1;1;01;73;1;536.41049975;73;2;1;4;1;2;1;1;1;3;1;1;3;1;1;1;1;1;1;3;3;;;;;550000;;1;;;;;1;;;;;2
20230311;03;2023;7382677;1;1;01;73;1;588.24873801;73;2;1;4;1;2;1;1;1;3;1;1;5;2;1;1;1;1;1;3;3;;;;;650000;;1;;;;;;;;;;1
20230311;03;2023;7382678;1;1;01;73;1;532.38415478;73;1;1;4;1;2;1;1;1;3;1;1;6;2;1;1;1;1;1;3;1;;;99;99;;;1;;;;;;;;;;2
20230311;03;2023;7382679;1;1;01;73;1;413.45889413;73;2;1;4;1;2;1;1;1;3;1;1;6;3;1;1;1;1;1;3;3;;;;;99;;1;;;;;;;;;;3
20230311;03;2023;7382680;1;1;01;73;1;287.94924681;73;2;1;4;1;3;1;1;1;3;1;1;3;2;1;1;1;1;1;3;3;;;;;600000;;1;;;;;;;;;;4
20230311;03;2023;7382681;1;1;01;73;1;441.18655351;73;2;1;4;1;3;1;1;1;3;1;1;3;1;1;1;1;1;1;3;3;;;;;600000;;1;;;;;;;;;;1
20230311;03;2023;7382682;1;1;01;73;1;363.47738604;73;2;1;4;1;2;1;1;1;3;1;1;3;1;1;1;1;1;1;3;1;;;98;550000;;;1;;;;1;1;;;;;1
20230311;03;2023;7382683;1;1;01;73;1;380.07576385;73;2;1;4;1;3;1;1;1;3;1;1;3;1;1;1;1;1;1;3;3;;;;;606000;;1;;;;;;;;;;1
20230311;03;2023;7382684;1;1;01;73;1;342.35030344;73;2;1;4;1;3;1;1;1;3;1;1;4;3;1;1;1;1;1;3;3;;;;;650000;;1;;;;;;;;;;6
20230311;03;2023;7382685;1;1;01;73;1;337.08191458;73;1;1;4;1;3;1;1;1;3;1;1;5;1;1;1;1;1;1;3;1;;;98;800000;;;1;;;;;;;;;;2
20230311;03;2023;7382687;1;1;01;73;1;283.48158603;73;2;1;4;1;3;1;1;1;3;1;1;4;3;1;1;1;1;1;3;3;;;;;600000;;1;;;;;;;;;;3
20230311;03;2023;7382688;1;1;01;73;1;367.22475628;73;2;1;4;1;3;1;1;1;3;1;1;4;2;1;1;1;1;1;3;1;;;98;98;;;1;;;;;;;;;;2
20230311;03;2023;7382690;1;1;01;73;1;357.60699983;73;2;1;4;1;3;1;1;1;3;1;1;4;3;1;1;1;1;1;3;3;;;;;1000000;;;;;;;;;1;;;2
20230311;03;2023;7382691;1;1;01;73;1;332.5581374;73;2;1;4;1;2;1;1;1;3;1;1;7;3;1;1;1;1;1;3;3;;;;;650000;;1;;;;;;;;;;5
20230311;03;2023;7382692;1;1;01;73;1;426.68181536;73;2;1;4;1;3;1;1;1;3;1;1;3;2;1;1;1;1;1;3;3;;;;;430000;;1;;;;;;;;;;2
20230311;03;2023;7382693;1;1;01;73;1;364.56430703;73;1;1;4;1;3;1;1;1;3;1;1;4;3;1;1;1;1;1;3;3;;;;;600000;;1;;;;;;;;;;7
20230311;03;2023;7382695;1;1;01;73;1;307.77044375;73;2;1;4;1;5;1;1;1;3;1;1;4;3;1;1;1;1;1;3;4;;;;1200000;;;1;;;;;;;;;;2
20230311;03;2023;7382696;1;1;01;73;1;339.28504334;73;2;1;4;1;5;1;1;1;3;1;1;4;3;1;1;1;1;1;3;3;;;;;1000000;;1;;;;;;;;;;3
20230311;03;2023;7382697;1;1;01;73;1;389.57904881;73;2;1;4;1;5;1;1;1;3;1;1;3;2;1;1;1;1;1;3;3;;;;;650000;;1;;;;;;;;;;2
20230311;03;2023;7382698;1;1;01;73;1;294.99613939;73;2;1;4;1;5;1;1;1;3;1;1;3;1;1;1;1;1;1;3;3;;;;;850000;;1;;;;;;;;;;1
20230311;03;2023;7382699;1;1;01;73;1;294.99613939;73;2;1;4;1;5;1;1;1;3;1;1;4;1;1;1;1;1;1;3;3;;;;;1000000;;1;;;;;;;;;;1
20230311;03;2023;7382700;1;1;01;73;1;328.74963772;73;2;1;4;1;5;1;1;1;3;1;1;3;2;1;1;1;1;1;3;3;;;;;900000;;1;;;;1;1;;;;;2
20230311;03;2023;7382702;1;1;01;73;1;233.69793944;73;2;1;4;1;5;1;1;1;3;1;1;4;3;1;1;1;1;1;3;3;;;;;900000;;1;;;;;;;;;;4
20230311;03;2023;7382703;1;1;01;73;1;328.46348679;73;2;1;4;1;5;1;1;1;3;1;1;4;3;1;1;1;1;1;3;3;;;;;1500000;;1;;;;;1;;;;;3
20230311;03;2023;7382704;1;1;01;73;1;358.06444922;73;2;1;4;1;5;1;1;1;3;1;1;4;1;1;1;1;1;1;3;2;;99;99;99;;;1;;1;;;1;;;;;1
20230311;03;2023;7382706;1;1;01;73;1;461.12738394;73;2;1;4;1;2;1;1;1;3;1;1;4;2;1;1;1;1;1;3;4;;;;550000;;;1;;;;;;;;;;3
20230311;03;2023;7382707;1;1;01;73;1;346.14835794;73;2;1;4;1;3;1;1;1;3;1;1;5;2;1;1;1;1;1;3;3;;;;;540000;;1;;;;;;;;;;3
20230311;03;2023;7382709;1;1;01;73;1;444.45460205;73;2;1;4;1;2;1;1;1;3;1;1;3;1;1;1;1;1;1;3;3;;;;;500000;;;;;;;;;1;;;1
20230311;03;2023;7382710;1;1;01;73;1;430.51235077;73;2;1;4;1;3;1;1;1;3;1;1;4;1;1;1;1;1;1;3;4;;;;550000;;;1;;;;;;;;;;1
20230311;03;2023;7382711;1;1;01;73;1;405.28793315;73;2;1;4;1;2;1;1;1;3;1;1;3;1;1;1;1;1;1;3;3;;;;;650000;;1;;;;;;;;;;2
20230311;03;2023;7382713;1;1;01;73;1;410.2927148;73;2;1;4;1;2;1;1;1;3;1;1;6;1;1;1;1;1;1;3;1;;;99;99;;;1;;;;;;;;;;1
20230311;03;2023;7382714;1;1;01;73;1;242.6989785;73;2;1;4;1;2;1;1;1;3;1;1;3;2;1;1;1;1;1;3;3;;;;;400000;;1;;;;;;;;;;2
20230311;03;2023;7382715;1;1;01;73;1;227.89007557;73;2;1;2;1;2;1;1;1;3;1;1;3;2;1;1;1;1;1;3;3;;;;;400000;;;;;;;;;1;;;4
20230311;03;2023;7382716;1;1;01;73;1;239.55031171;73;2;1;4;1;3;1;1;1;3;1;1;3;2;1;1;1;1;1;3;3;;;;;400000;;1;;;;;;;;;;1
20230311;03;2023;7382717;1;1;01;73;1;246.4442548;73;1;1;4;1;2;1;1;1;3;1;1;5;2;1;1;1;1;1;3;1;;;99;500000;;;1;;;;;1;;;;;3
20230311;03;2023;7382718;1;1;01;73;1;225.55671936;73;2;1;4;1;2;1;1;1;3;1;1;3;2;1;1;1;1;1;3;3;;;;;300000;;1;;;;;;;;;;3
20230311;03;2023;7382719;1;1;01;73;1;273.47112247;73;1;1;2;1;2;1;1;1;3;1;1;3;2;1;1;1;1;1;3;3;;;;;650000;;1;;;;;;;;;;3
20230311;03;2023;7382720;1;1;01;73;1;232.62552706;73;3;1;2;1;1;1;1;1;3;1;1;1;1;1;2;1;1;1;3;3;;;;;150000;;;;;;;;;1;;;1
20230311;03;2023;7382721;1;1;01;73;1;260.65654822;73;1;4;2;1;1;1;1;1;3;1;1;2;1;1;1;1;1;1;3;6;;;;98;;;;;;;;;;1;;;1
20230311;03;2023;7382722;1;1;01;73;1;440.3058788;73;1;1;2;1;1;2;2;1;3;2;1;2;1;2;1;1;6;1;2;5;;;;400000;;;;;;;;;;1;;;3
20230311;03;2023;7382723;1;1;01;73;1;520.24080242;73;1;1;3;1;1;2;2;1;3;2;1;2;2;2;1;1;6;1;4;5;;;;400000;;;1;;;;;;;;;;4
20230311;03;2023;7382724;1;1;01;73;1;366.73560388;73;1;5;2;1;1;2;2;1;3;2;1;3;2;3;1;1;2;1;4;3;;;;;300000;;;;;;;;;1;;;4
20230311;03;2023;7382725;1;1;01;73;1;487.64590886;73;1;1;4;1;1;2;2;1;3;2;1;4;1;2;1;1;6;1;4;1;;;10000000;500000;;;1;;;;;;;;;;2
20230311;03;2023;7382726;1;1;01;73;1;366.73560388;73;2;1;4;1;1;2;2;1;3;1;1;5;2;2;1;1;1;1;4;3;;;;;99;;1;;;;;;;;;;4
20230311;03;2023;7382727;1;1;01;73;1;309.19689292;73;1;5;1;1;1;2;2;1;3;1;1;2;1;2;1;1;2;1;4;3;;;;;100000;;1;;;;;;;;;;6
20230311;03;2023;7382728;1;1;01;73;1;332.72505516;73;1;4;2;1;1;2;2;1;3;2;1;3;2;3;1;1;2;1;4;1;;;98;100000;;;;;;;;;;1;;;5
20230311;03;2023;7382729;1;1;01;73;1;534.77158001;73;1;1;2;1;1;2;2;1;3;2;1;2;1;3;1;1;2;1;4;1;;;10000000;150000;;;;;;;;;;1;;;1
20230311;03;2023;7382730;1;1;01;73;1;506.72441537;73;1;5;2;1;1;2;2;1;3;1;1;2;1;2;1;1;2;1;4;1;;;40000000;250000;;;1;;;;;;;;;;3
20230311;03;2023;7382731;1;1;01;73;1;443.86404752;73;1;5;2;1;1;2;2;1;3;1;1;5;2;2;1;1;2;1;4;1;;;99;99;;;1;;;;;;;;;;3
20230311;03;2023;7382732;1;1;01;73;1;413.57222443;73;1;5;3;1;1;2;2;1;3;1;1;5;1;2;1;1;2;1;4;5;;;;98;;;1;;;;;;;;;;2
20230311;03;2023;7382734;1;1;01;73;1;313.60188523;73;2;1;4;1;2;1;1;1;3;1;1;3;2;1;1;1;1;1;3;4;;;;500000;;;1;;;;;;;;;;2
20230311;03;2023;7382735;1;1;01;73;1;281.93003393;73;1;1;4;1;2;1;1;1;3;1;1;4;2;1;1;1;1;1;3;3;;;;;250000;;;;;;;;;1;;;10
20230311;03;2023;7382736;1;1;01;73;1;388.46814008;73;2;1;4;1;2;1;1;1;3;1;1;3;2;1;1;1;1;1;3;3;;;;;450000;;;;;;;;;1;;;2
20230311;03;2023;7382737;1;1;01;73;1;404.20790795;73;2;1;4;1;2;1;1;1;3;1;1;4;3;1;1;1;1;1;3;1;;;99;99;;;1;;;;1;1;;;;;3
20230311;03;2023;7382738;1;1;01;73;1;274.67501662;73;1;1;4;1;2;1;1;1;3;1;1;4;3;1;1;1;1;1;3;3;;;;;450000;;1;;;;;;;;;;5
20230311;03;2023;7382739;1;1;01;73;1;380.02757394;73;1;1;4;1;2;1;1;1;3;1;1;3;2;1;1;1;1;1;3;3;;;;;700000;;1;;;;;;;;;;3
20230311;03;2023;7382741;1;1;01;73;1;402.30787481;73;1;1;2;1;2;1;1;1;3;1;1;5;2;1;1;1;1;1;3;4;;;;600000;;;;;;;;;;1;;;2
20230311;03;2023;7382742;1;1;01;73;1;491.11987168;73;1;1;2;1;2;1;1;1;3;1;1;4;3;1;1;1;1;1;3;3;;;;;500000;;;;;;;;;1;;;5
20230311;03;2023;7382743;1;1;01;73;1;263.64803716;73;1;1;4;1;4;1;1;1;3;1;1;4;3;1;1;1;1;1;3;4;;;;1000000;;;1;;;;;;;;;;5
20230311;03;2023;7382744;1;1;01;73;1;230.82574744;73;1;1;4;1;4;1;1;1;3;1;1;8;3;1;1;1;1;1;3;6;;;;99;;;1;;;;;;;;;;2
20230311;03;2023;7382746;1;1;01;73;1;266.16701301;73;1;1;4;1;4;1;1;1;3;1;1;3;1;1;1;1;1;1;3;1;;;98;1000000;;;1;;;;;;;;;;1
20230311;03;2023;7382748;1;1;01;73;1;269.66553167;73;1;1;4;1;4;1;1;1;3;1;1;3;1;1;1;1;1;1;4;3;;;;;1200000;;1;;;;;;;;;;2
20230311;03;2023;7382749;1;1;01;73;1;289.61838692;73;1;1;4;1;4;1;1;1;3;1;1;4;1;1;1;1;1;1;3;4;;;;1500000;;;1;;;;;;;;;;1
20230311;03;2023;7382750;1;1;01;73;1;250.61857707;73;1;1;4;1;4;1;1;1;3;1;1;4;2;1;1;1;1;1;4;3;;;;;1800000;;1;;;;1;;;;;;3
20230311;03;2023;7382751;1;1;01;73;1;269.66553167;73;1;1;4;1;3;1;1;1;3;1;1;3;1;1;1;1;1;1;3;3;;;;;600000;;1;1;;;;1;;;;;2
20230311;03;2023;7382752;1;1;01;73;1;266.16701301;73;1;1;4;1;2;1;1;1;3;1;1;6;2;1;1;1;1;1;3;3;;;;;99;;1;;;;;;;;;;1
20230311;03;2023;7382753;1;1;01;73;1;289.61838692;73;1;1;4;1;3;1;1;1;3;1;1;6;2;1;1;1;1;1;3;1;;;99;98;;;1;;;;;;;;;;1
20230311;03;2023;7382754;1;1;01;73;1;306.23015127;73;1;1;4;1;2;1;1;1;3;1;1;4;3;1;1;1;1;1;3;3;;;;;700000;;1;;;;;;;;;;5
20230311;03;2023;7382755;1;1;01;73;1;326.80485445;73;2;1;4;1;2;1;1;1;3;1;1;3;1;1;1;1;1;1;3;4;;;;700000;;;1;;;;;;;;;;1
20230311;03;2023;7382756;1;1;01;73;1;235.9062868;73;1;1;4;1;2;1;1;1;3;1;1;3;2;1;1;1;1;1;3;4;;;;700000;;;1;;;;;;;;;;5
20230311;03;2023;7382757;1;1;01;73;1;269.24250818;73;2;1;4;1;2;1;1;1;3;1;1;6;2;1;1;1;1;1;3;3;;;;;99;;1;;;;;;;;;;1
20230311;03;2023;7382758;1;1;01;73;1;277.25730522;73;2;1;4;1;2;1;1;1;3;1;1;3;1;1;1;1;1;1;3;4;;;;600000;;;;;;;;;;1;;;1
20230311;03;2023;7382759;1;1;01;73;1;282.90933857;73;1;1;4;1;2;1;1;1;3;1;1;4;3;1;1;1;1;1;3;1;;;150000000;600000;;;1;;;;;;;;;;4
20230311;03;2023;7382760;1;1;01;73;1;353.2025323;73;1;1;4;1;2;1;1;1;3;1;2;5;2;1;1;1;1;1;3;3;;;;;450000;;;;;;;;;1;;;2
20230311;03;2023;7382760;2;2;01;73;1;353.2025323;73;1;1;4;1;2;1;1;1;3;1;2;5;1;1;1;1;1;1;3;4;;;;450000;;;1;;;;;;;;;;1
20230311;03;2023;7382761;1;1;01;73;1;252.10257423;73;1;1;4;1;2;1;1;1;3;1;1;4;3;1;1;1;1;1;3;1;;;120000000;650000;;;1;;;;;1;;;;;3
20230311;03;2023;7382762;1;1;01;73;1;345.31652411;73;1;1;4;1;2;1;1;1;3;1;1;7;3;1;1;1;1;1;3;3;;;;;500000;;1;;;;;;;;;;2
20230311;03;2023;7382763;1;1;01;73;1;260.7176824;73;1;1;4;1;2;1;1;1;3;1;1;4;3;1;1;1;1;1;3;4;;;;600000;;;1;;;;;1;;;;;4
20230311;03;2023;7382764;1;1;01;73;1;242.05906339;73;1;1;4;1;2;1;1;1;3;1;1;6;2;1;1;1;1;1;3;1;;;99;99;;;1;;;;;;;;;;5
20230311;03;2023;7382765;1;1;01;73;1;326.80485445;73;1;1;4;1;2;1;1;1;3;1;1;4;1;1;1;1;1;1;3;4;;;;500000;;;1;;;;1;1;;;;;1
20230311;03;2023;7382766;1;1;01;;1;658.38870389;76;1;1;4;1;1;1;2;1;3;1;1;3;2;3;1;1;1;1;3;3;;;;;200000;;;;;;;;;1;;;5
20230311;03;2023;7382767;1;1;01;;1;180.19366754;76;1;1;4;1;1;1;2;1;3;1;1;5;3;3;1;1;1;1;3;1;;;99;300000;;;;;;;;;;1;;;4
20230311;03;2023;7382768;1;1;01;;1;420.58737986;76;1;1;2;1;1;2;2;1;3;1;1;3;2;3;1;1;1;1;4;1;;;98;200000;;;1;;;;;;;;;;5
20230311;03;2023;7382769;1;1;01;;1;180.19366754;76;1;2;2;1;1;2;2;1;3;1;1;4;3;3;1;1;1;1;4;4;;;;180000;;;;;;;;;;1;;;4
20230311;03;2023;7382770;1;1;01;;1;180.19366754;76;2;1;2;1;1;2;2;1;3;1;1;3;2;3;1;1;1;1;4;3;;;;;200000;;;;;;;;;1;;;3
20230311;03;2023;7382771;1;1;01;;1;180.19366754;76;1;1;2;1;1;2;2;1;3;1;1;2;1;3;1;1;1;1;4;1;;;99;300000;;;;;;;;;;1;;;2
20230311;03;2023;7382772;1;1;01;;1;720.34838991;76;2;1;2;1;1;1;1;1;3;1;1;4;3;1;1;1;1;1;3;4;;;;150000;;;;;;;;;;1;;;5
20230311;03;2023;7382773;1;1;01;;1;245.26360305;76;2;1;4;1;1;1;1;1;3;1;1;4;3;1;1;1;1;1;3;1;;;98;400000;;;1;;;;;;;;;;3
20230311;03;2023;7382774;1;1;01;;1;493.66820379;76;2;1;2;1;1;1;1;1;3;1;1;4;2;1;1;1;1;1;3;3;;;;;150000;;;;;;;;;1;;;5
20230311;03;2023;7382777;1;1;01;;1;412.74402286;76;1;1;2;1;1;1;1;1;3;1;1;3;2;1;1;1;1;1;3;3;;;;;300000;;;;;;;;;1;;;4
20230311;03;2023;7382781;1;1;01;;1;201.81690765;76;1;5;3;1;0;2;2;2;;2;1;2;1;5;1;3;5;6;;4;;;;90000;;;;;;;;;;1;;;1
20230311;03;2023;7382782;1;1;01;;1;602.7399883;76;1;5;3;1;0;2;2;2;;2;1;1;1;5;1;2;2;3;4;1;;;98;50000;;;;;;;;;;1;;;5
20230311;03;2023;7382783;1;1;01;;1;807.26763059;76;1;2;3;1;0;2;2;2;;2;1;3;3;5;1;5;2;1;4;3;;;;;250000;;;;;;;;;1;;;6
20230311;03;2023;7382784;1;1;01;;1;766.63293471;76;1;5;3;1;0;2;2;2;;2;1;3;2;3;1;3;2;1;4;1;;;12000000;100000;;;;;;;;;;1;;;5
20230311;03;2023;7382785;1;1;01;;1;201.81690765;76;1;5;3;1;0;2;2;2;;2;1;1;1;5;1;2;2;6;;1;;;98;50000;;;;;;;;;;1;;;1
20230311;03;2023;7382789;1;1;01;;1;201.81690765;76;1;2;3;1;0;2;2;2;;2;1;2;1;5;1;5;2;1;4;5;;;;100000;;;;;;;;;;1;;;1
20230311;03;2023;7382790;1;1;01;;1;709.87585822;76;1;2;3;1;0;2;2;2;;2;1;3;2;4;1;3;2;1;4;1;;;60000000;100000;;;;;;;;;;1;;;4
20230311;03;2023;7382791;1;1;01;;1;614.21169723;76;1;2;3;1;0;2;2;2;;2;1;3;2;5;1;5;2;1;4;5;;;;100000;;;;;;;;;;1;;;3
20230311;03;2023;7382792;1;1;01;;1;224.82496946;76;2;1;2;1;1;2;1;1;3;1;1;3;2;1;1;1;1;1;4;4;;;;250000;;;1;;;;;;;;;;3
20230311;03;2023;7382793;1;1;01;;1;224.82496946;76;1;1;4;1;1;1;1;1;3;1;1;4;3;1;1;1;1;1;3;1;;;30000000;200000;;;;;;;;;;1;;;4
20230311;03;2023;7382794;1;1;01;;1;394.80131836;76;2;1;2;1;1;1;2;1;3;1;1;3;2;3;1;1;1;1;3;3;;;;;180000;;1;;;;;;;;;;3
20230311;03;2023;7382795;1;1;01;;1;180.19366754;76;2;1;2;1;1;2;2;1;3;1;1;2;1;3;1;1;1;1;4;3;;;;;120000;;;;;;;;;1;;;2
20230311;03;2023;7382796;1;1;01;;1;180.19366754;76;2;1;2;1;1;1;2;1;3;1;1;3;2;3;1;1;1;1;3;3;;;;;280000;;;;;;;;;1;;;2
20230311;03;2023;7382797;1;1;01;;1;291.70594077;76;1;1;2;1;1;1;2;1;3;1;1;2;1;3;1;1;1;1;3;5;;;;200000;;;1;;;;;;;;;;3
20230311;03;2023;7382798;1;1;01;;1;245.26360305;76;1;2;2;1;1;1;1;1;3;1;1;2;1;1;1;1;1;1;3;4;;;;100000;;;1;;;;;;;;;;1
20230311;03;2023;7382799;1;1;01;;1;245.26360305;76;1;1;2;1;1;1;1;1;3;1;1;3;2;1;1;1;1;1;3;4;;;;350000;;;1;;;;;;;;;;4
20230311;03;2023;7382801;1;1;01;;1;421.10993211;76;1;1;4;1;1;2;1;1;3;1;1;3;2;1;1;1;1;1;4;3;;;;;200000;;;;;;;;;1;;;2
20230311;03;2023;7382802;1;1;01;;1;369.40348256;76;1;1;4;1;1;1;1;1;3;1;1;4;2;1;1;1;1;1;3;5;;;;200000;;;;;;;;;;1;;;3
20230311;03;2023;7382803;1;1;01;76;1;1262.6362569;76;2;1;4;1;5;1;1;1;3;1;1;2;1;1;1;1;1;1;3;3;;;;;750000;;1;;;;;;1;;;NEQUI;1
20230311;03;2023;7382804;1;1;01;76;1;935.540077;76;1;1;4;1;3;2;1;1;3;1;1;3;2;1;1;1;1;1;4;3;;;;;700000;;1;;;;;;;;;;3
20230311;03;2023;7382805;1;1;01;76;1;775.39634742;76;1;1;4;1;4;1;1;1;3;1;1;5;2;1;1;1;1;1;3;1;;;450000000;1500000;;;1;;;;;;;;;;3
20230311;03;2023;7382806;1;1;01;76;1;775.39634742;76;1;1;4;1;4;1;1;1;3;1;1;5;3;1;1;1;1;1;3;1;;;350000000;2000000;;1;;;;;;;;;;;3
20230311;03;2023;7382807;1;1;01;76;1;686.79107519;76;1;7;4;1;4;1;1;1;3;1;1;4;2;1;1;1;1;1;3;1;;;250000000;1500000;;;1;;;;;;;;;;2
20230311;03;2023;7382808;1;1;01;76;1;902.3964699;76;1;1;4;1;4;1;1;1;3;1;1;5;4;1;1;1;1;1;3;1;;;390000000;1500000;;;1;;;;;;;;;;4
20230311;03;2023;7382809;1;1;01;76;1;966.41059663;76;2;1;4;1;5;1;1;1;3;1;1;2;1;1;1;1;1;1;3;3;;;;;850000;;1;;;;;;;;;;1
20230311;03;2023;7382810;1;1;01;76;1;755.2099128;76;1;1;4;1;2;1;1;1;3;1;1;4;3;1;1;1;1;1;3;3;;;;;750000;;1;;;;;;;;;;4
20230311;03;2023;7382811;1;1;01;76;1;934.09557442;76;1;1;4;1;4;1;1;1;3;1;1;5;3;1;1;1;1;1;3;1;;;350000000;1400000;;;1;;;;;1;;;;;4
20230311;03;2023;7382812;1;1;01;76;1;1439.3294699;76;1;1;4;1;5;1;1;1;3;1;1;5;1;1;1;1;1;1;3;1;;;98;2800000;;;1;;;;;;;;;;3
20230311;03;2023;7382813;1;1;01;76;1;1544.3397966;76;2;1;4;1;2;1;1;1;3;1;1;4;2;1;1;1;1;5;3;3;;;;;400000;;1;;;;;;;;;;4
20230311;03;2023;7382814;1;1;01;76;1;1259.3939684;76;1;1;4;1;5;1;1;1;3;1;1;5;2;1;1;1;1;1;3;3;;;;;1324000;1;1;;;;;1;;;;;3
20230311;03;2023;7382819;1;1;01;76;1;536.42607382;76;2;1;4;1;3;1;1;1;3;1;1;4;3;1;1;1;1;1;3;3;;;;;750000;;1;;;;;;;;;;3
20230311;03;2023;7382820;1;1;01;76;1;1218.284736;76;2;1;4;1;2;1;1;1;3;1;1;3;2;1;1;1;1;3;3;3;;;;;500000;;1;;;;;;;;;;4
20230311;03;2023;7382821;1;1;01;76;1;790.33919768;76;2;1;4;1;2;1;1;1;3;1;1;3;2;1;1;1;1;1;3;3;;;;;400000;;1;;;;;;;;;;2
20230311;03;2023;7382822;1;1;01;76;1;1500.5502256;76;2;1;2;1;2;1;1;1;3;1;1;3;2;1;1;1;1;3;3;3;;;;;550000;;1;;;;;;;;;;4
20230311;03;2023;7382824;1;1;01;76;1;1082.500407;76;1;1;4;1;4;1;1;1;3;1;1;5;4;1;1;1;1;1;3;1;;;450000000;1700000;;;1;;;;;1;;;;;4
20230311;03;2023;7382825;1;1;01;76;1;964.90834738;76;1;1;4;1;2;1;1;1;3;1;1;3;2;1;1;1;1;1;3;1;;;120000000;500000;;;1;;;;;;;;;;3
20230311;03;2023;7382826;1;1;01;76;1;1298.7613244;76;2;1;4;1;2;1;1;1;3;1;1;2;1;1;1;1;1;1;4;3;;;;;400000;;1;;;;;;;;;;2
20230311;03;2023;7382827;1;1;01;76;1;790.33919768;76;1;1;2;1;2;1;1;1;3;1;1;4;2;1;1;1;1;1;3;2;;561000;120000000;600000;;;1;;;;1;;;;;;2
20230311;03;2023;7382828;1;1;01;76;1;2422.0909693;76;1;1;4;1;2;1;1;1;3;1;1;5;4;1;1;1;1;1;3;1;;;85000000;700000;;;1;;;;1;1;;;;;7
20230311;03;2023;7382829;1;1;01;76;1;880.12095028;76;2;1;4;1;2;1;1;1;3;1;1;4;3;1;1;1;1;5;3;3;;;;;600000;;;;;;;;;1;;;8
20230311;03;2023;7382831;1;1;01;76;1;825.49139394;76;1;1;4;1;3;1;1;1;3;1;1;4;3;1;1;1;1;1;1;2;;850000;98;900000;;;1;;1;;;;1;;;NEQUI;3
20230311;03;2023;7382832;1;1;01;76;1;1101.1237315;76;2;1;4;1;3;1;1;1;3;1;1;4;2;1;1;1;1;1;3;3;;;;;950000;;1;;;;;;;;;;2
20230311;03;2023;7382833;1;1;01;76;1;578.4669251;76;1;1;4;1;3;1;1;1;3;1;1;3;2;1;1;1;1;1;3;3;;;;;560000;;;;;;;;;1;;;3
20230311;03;2023;7382834;1;1;01;76;1;695.76499521;76;1;1;4;1;3;1;1;1;3;1;1;2;2;1;1;1;1;1;3;4;;;;500000;;;;;;;;;;1;;;2
20230311;03;2023;7382835;1;1;01;76;1;1727.4505607;76;2;1;4;1;3;1;1;1;3;1;1;4;3;1;1;1;1;1;3;1;;;200000000;800000;;;1;;;;;1;;;;;5
20230311;03;2023;7382836;1;1;01;76;1;997.63852396;76;1;1;4;1;2;1;1;1;3;1;1;3;1;1;1;1;1;1;3;2;;800000;99;500000;;;;;;;;;;1;;;1
20230311;03;2023;7382837;1;1;01;76;1;786.83744705;76;1;1;4;1;4;1;1;1;3;1;1;6;3;1;1;1;1;1;3;1;;;400000000;1200000;;;1;;;1;;1;;;;;4
20230311;03;2023;7382838;1;1;01;76;1;1443.7539706;76;1;1;4;1;4;1;1;1;3;1;1;4;3;1;1;1;1;1;3;1;;;300000000;1500000;;;1;;;;;1;;;;;4
20230311;03;2023;7382839;1;1;01;76;1;903.78469276;76;2;1;4;1;3;1;1;1;3;1;1;4;1;1;1;1;1;1;3;1;;;98;900000;;;1;;;;;;;;;;1
20230311;03;2023;7382840;1;1;01;76;1;1098.7330458;76;2;1;4;1;3;1;1;1;3;1;1;4;2;1;1;1;1;1;3;3;;;;;1100000;;1;;;;;;;;;;3
20230311;03;2023;7382841;1;1;01;76;1;1171.885314;76;2;1;4;1;3;1;1;1;3;1;1;4;2;1;1;1;1;1;3;1;;;250000000;1200000;;;;;1;;;;;;;;3
20230311;03;2023;7382842;1;1;01;76;1;842.13645915;76;1;1;4;1;3;1;1;1;3;1;1;4;2;1;1;1;1;1;3;3;;;;;620000;;1;;;;;;;;;;3
20230311;03;2023;7382843;1;1;01;76;1;1308.1584024;76;2;1;4;1;2;1;1;1;3;1;1;3;2;1;1;1;1;1;3;3;;;;;400000;;1;;;;;;;;;;2
20230311;03;2023;7382844;1;1;01;76;1;494.90957016;76;1;1;4;1;3;1;1;1;3;1;1;4;1;1;1;1;1;1;3;4;;;;1000000;;;;;;;;;;1;;;1
20230311;03;2023;7382845;1;1;01;76;1;2133.1850301;76;1;1;4;1;2;1;1;1;3;1;1;5;3;1;1;1;1;1;3;3;;;;;550000;;1;;1;;;1;;;;;5
20230311;03;2023;7382848;1;1;01;76;1;1219.4882672;76;2;1;4;1;3;1;1;1;3;1;1;4;2;1;1;1;1;1;3;3;;;;;1000000;;1;;;;;;;;;;4
20230311;03;2023;7382849;1;1;01;76;1;1295.7451117;76;1;1;4;1;4;1;1;1;3;1;1;5;3;1;1;1;1;1;3;1;;;350000000;1500000;;;1;;;;;;;;;;4
20230311;03;2023;7382850;1;1;01;76;1;1135.1689712;76;1;1;4;1;3;1;1;1;3;1;1;4;3;1;1;1;1;1;3;4;;;;400000;;;1;;;;1;;;;;;5
20230311;03;2023;7382852;1;1;01;76;1;1673.9150772;76;2;1;4;1;3;1;1;1;3;1;1;4;2;1;1;1;1;1;3;3;;;;;1350000;;1;;;;;;;;;;4
20230311;03;2023;7382855;1;1;01;76;1;700.79914416;76;1;1;4;1;3;1;1;1;3;1;1;5;1;1;1;1;1;1;3;4;;;;800000;;;1;;;;;;;;;;2
20230311;03;2023;7382856;1;1;01;76;1;970.22945445;76;2;1;4;1;5;1;1;1;3;1;1;4;3;1;1;1;1;1;3;3;;;;;950000;;1;;;1;;;;;;;3
20230311;03;2023;7382857;1;1;01;76;1;1640.9526762;76;2;1;4;1;3;1;1;1;3;1;1;5;4;1;1;1;1;1;3;4;;;;800000;;;1;;;;;;;;;;5
20230311;03;2023;7382858;1;1;01;76;1;241.65113567;76;2;1;2;1;2;1;1;1;3;1;1;2;2;1;1;1;1;1;3;3;;;;;480000;;;;;;;;;1;;;6
20230311;03;2023;7382859;1;1;01;76;1;1487.8935958;76;2;1;4;1;2;1;1;1;3;1;1;2;1;1;1;1;1;3;3;3;;;;;400000;;1;;;;;;;;;;4
20230311;03;2023;7382860;1;1;01;76;1;1899.0297366;76;1;1;4;1;2;1;1;1;3;1;3;5;4;1;2;1;1;1;3;3;;;;;250000;;1;;;;;;;;;;4
20230311;03;2023;7382860;2;2;01;76;1;1899.0297366;76;1;1;4;1;2;1;1;1;3;1;3;1;1;1;2;1;1;3;3;3;;;;;250000;;1;;;;;;;;;;3
20230311;03;2023;7382860;3;3;01;76;1;1899.0297366;76;1;1;4;1;2;1;1;1;3;1;3;1;1;1;2;1;1;1;3;3;;;;;250000;;1;;;;;;;;;;3
20230311;03;2023;7382862;1;1;01;76;1;137.94226122;76;2;1;2;1;2;2;1;1;3;1;1;1;1;1;2;1;1;5;4;3;;;;;200000;;;;;;;;;1;;;1
20230311;03;2023;7382863;1;1;01;76;1;909.55285264;76;2;1;4;1;2;1;1;1;3;1;1;5;2;1;1;1;1;1;3;1;;;120000000;700000;;;;;;;;;;1;;;3
20230311;03;2023;7382864;1;1;01;76;1;1766.9502725;76;2;1;4;1;2;2;1;1;3;1;1;4;1;1;1;1;1;3;4;4;;;;300000;;;;;;;;;;1;;;3
20230311;03;2023;7382865;1;1;01;76;1;1217.5887416;76;2;1;4;1;2;1;1;1;3;1;1;3;2;1;1;1;1;1;3;3;;;;;300000;;1;;;;;;;;;;2
20230311;03;2023;7382866;1;1;01;76;1;538.49972052;76;2;1;4;1;2;1;1;1;3;1;3;3;2;1;1;1;1;1;3;1;;;230000000;700000;;;1;;;;;;;;;;3
20230311;03;2023;7382866;2;2;01;76;1;538.49972052;76;2;1;4;1;2;1;1;1;3;1;3;3;2;1;1;1;1;1;3;3;;;;;500000;;;;;;;;;1;;;2
20230311;03;2023;7382866;3;3;01;76;1;538.49972052;76;2;1;4;1;2;1;1;1;3;1;3;2;1;1;1;1;1;1;3;3;;;;;500000;;;;;;;;;1;;;1
20230311;03;2023;7382867;1;1;01;76;1;221.34266228;76;1;1;2;1;1;1;1;1;3;1;1;4;2;1;1;1;1;1;3;1;;;20000000;300000;;;1;;;;;;;;;;3
20230311;03;2023;7382868;1;1;01;76;1;809.85369514;76;2;1;4;1;2;1;1;1;3;1;1;3;2;1;1;1;1;1;3;4;;;;650000;;;1;;;;;;1;;;NEQUI;3
20230311;03;2023;7382869;1;1;01;76;1;147.10733012;76;1;1;2;1;1;1;1;1;3;1;2;3;2;1;1;1;1;1;3;3;;;;;200000;;1;;;;;;;;;;3
20230311;03;2023;7382869;2;2;01;76;1;147.10733012;76;1;1;2;1;1;1;1;1;3;1;2;2;1;1;2;1;1;1;3;3;;;;;100000;;1;;;;;;;;;;3
20230311;03;2023;7382870;1;1;01;76;1;1279.9204882;76;2;1;4;1;2;1;1;1;3;1;1;3;2;1;1;1;1;1;3;3;;;;;350000;;;;;;;;;1;;;3
20230311;03;2023;7382871;1;1;01;76;1;140.14197859;76;2;1;4;1;2;1;1;1;3;1;2;3;2;1;1;1;1;1;3;1;;;98;600000;;;1;;;;;;;;;;3
20230311;03;2023;7382871;2;2;01;76;1;140.14197859;76;2;1;4;1;2;1;1;1;3;1;2;2;1;1;1;1;1;3;3;4;;;;98;;;1;;;;1;1;;;;;3
20230311;03;2023;7382873;1;1;01;76;1;185.07728378;76;1;1;2;1;2;1;1;1;3;1;1;5;3;1;1;1;1;1;3;3;;;;;500000;;1;;;;;;;;;;5
20230311;03;2023;7382874;1;1;01;76;1;974.07099329;76;2;1;4;1;2;1;1;1;3;1;1;4;2;1;1;1;1;1;3;4;;;;600000;;;;;;;;;;1;;;2
20230311;03;2023;7382875;1;1;01;76;1;866.09174779;76;1;1;4;1;2;2;1;1;3;1;1;2;1;1;1;1;1;6;;4;;;;400000;;;1;;;;;;;;;;1
20230311;03;2023;7382876;1;1;01;76;1;164.97597085;76;2;1;4;1;2;1;1;1;3;1;1;3;2;1;1;1;1;1;3;3;;;;;450000;;;;;;1;;;;;;3
20230311;03;2023;7382877;1;1;01;76;1;1148.3943732;76;2;1;4;1;2;1;1;1;3;1;1;5;2;1;1;1;1;1;3;1;;;100000000;500000;;;1;;;;;;;;;;2
20230311;03;2023;7382878;1;1;01;76;1;1199.4775226;76;1;1;2;1;2;1;1;1;3;1;1;4;2;1;1;1;1;1;3;3;;;;;450000;;;;;;;;1;;;Ahorro a la mano;3
20230311;03;2023;7382879;1;1;01;76;1;2153.9988821;76;1;1;4;1;2;1;1;1;3;1;1;6;5;1;1;1;1;1;3;3;;;;;350000;;;;;;;;;1;;;10
20230311;03;2023;7382880;1;1;01;76;1;1670.8433499;76;2;1;4;1;2;1;1;1;3;1;1;3;2;1;1;1;1;1;3;3;;;;;600000;;;;;;;;;1;;;4
20230311;03;2023;7382881;1;1;01;76;1;155.80386756;76;2;1;4;1;2;1;1;1;3;1;1;5;3;1;1;1;1;2;3;1;;;98;500000;;;;;;;;;;1;;;4
20230311;03;2023;7382883;1;1;01;76;1;799.50184359;76;2;1;4;1;2;1;1;1;3;1;1;2;1;1;1;1;1;3;3;1;;;90000000;350000;;;;;;;;;;1;;;1
20230311;03;2023;7382886;1;1;01;76;1;935.28611622;76;2;1;4;1;2;1;1;1;3;1;1;3;1;1;1;1;1;1;3;3;;;;;380000;;1;;;;;;;;;;1
20230311;03;2023;7382887;1;1;01;76;1;126.71769806;76;2;1;4;1;2;1;1;1;3;1;1;4;1;1;1;1;1;1;3;3;;;;;500000;;1;;;;;1;;;;;3
20230311;03;2023;7382888;1;1;01;76;1;137.94226122;76;1;1;2;1;2;1;1;1;3;1;1;4;1;1;1;1;1;1;3;4;;;;500000;;;;;;;;;;1;;;1
20230311;03;2023;7382889;1;1;01;76;1;140.94665887;76;2;1;4;1;2;1;1;1;3;1;1;4;3;1;1;1;1;1;3;3;;;;;450000;;;;;;;;;1;;;4
20230311;03;2023;7382890;1;1;01;76;1;160.27591666;76;2;1;4;1;2;1;1;1;3;1;1;3;2;1;1;1;1;1;3;3;;;;;600000;;;;;;;;;1;;;2
20230311;03;2023;7382891;1;1;01;76;1;183.91570272;76;1;7;1;1;1;2;1;1;3;1;1;1;1;1;1;1;1;2;4;1;;;99;100000;;;;;;;;;;1;;;2
20230311;03;2023;7382892;1;1;01;76;1;179.117218;76;2;1;2;1;1;1;1;1;3;1;1;3;2;1;1;1;1;1;3;2;;320000;98;280000;;;1;;1;;;1;;;;;3
20230311;03;2023;7382893;1;1;01;76;1;115.08698001;76;1;7;1;2;;2;2;1;3;2;1;1;1;6;;1;9;5;5;1;;;98;400000;;;;;;;;;;1;;;1
20230311;03;2023;7382894;1;1;01;76;1;180.04465946;76;2;1;2;1;2;1;1;1;3;1;1;4;3;1;1;1;1;1;3;3;;;;;450000;;1;;;;;;;;;;7
20230311;03;2023;7382895;1;1;01;76;1;139.32659138;76;2;7;2;1;1;2;1;1;3;1;1;1;1;1;2;1;1;2;4;4;;;;200000;;;1;;;;;;;;;;2
20230311;03;2023;7382896;1;1;01;76;1;204.31049636;76;1;5;2;1;1;1;1;1;3;1;1;2;1;1;1;1;1;1;3;1;;;99;300000;;;;;;;;;;1;;;2
20230311;03;2023;7382897;1;1;01;76;1;178.55097377;76;2;1;2;1;1;1;1;1;3;1;1;2;1;1;2;1;1;3;3;1;;;98;300000;;;;;;;;;;1;;;1
20230311;03;2023;7382898;1;1;01;76;1;221.34266228;76;1;1;3;1;1;1;1;1;3;1;1;2;2;1;1;1;1;2;3;1;;;15000000;250000;;;;;;;;;;1;;;3
20230311;03;2023;7382899;1;1;01;76;1;286.32656726;76;1;1;2;1;1;1;1;1;3;1;1;4;2;1;1;1;1;1;3;1;;;99;350000;;;1;;;;;;;;;;3
20230311;03;2023;7382900;1;1;01;76;1;136.54199728;76;4;1;2;1;1;2;1;1;3;1;1;1;1;1;2;1;1;6;;4;;;;150000;;;;;;;;;;1;;;1
20230311;03;2023;7382902;1;1;01;76;1;1185.6223743;76;2;1;2;1;2;1;1;1;3;1;1;4;3;1;1;1;1;1;3;4;;;;500000;;;1;;;;;;;;;;5
20230311;03;2023;7382903;1;1;01;76;1;513.17917943;76;2;1;4;1;2;1;1;1;3;1;1;2;1;1;1;1;1;2;3;3;;;;;350000;;1;;;;;;;;;;1
20230311;03;2023;7382904;1;1;01;76;1;1364.1365687;76;2;1;4;1;2;1;1;1;3;1;1;3;2;1;1;1;1;1;3;3;;;;;380000;;1;;;;;;;;;;4
20230311;03;2023;7382905;1;1;01;76;1;877.18940671;76;1;1;4;1;2;1;1;1;3;1;1;5;2;1;1;1;1;3;3;1;;;300000000;600000;;;1;;;;;;;;;;3
20230311;03;2023;7382906;1;1;01;76;1;885.51908481;76;2;1;4;1;2;1;1;1;3;1;1;3;2;1;1;1;1;3;3;3;;;;;380000;;1;;;;;;;;;;2
20230311;03;2023;7382907;1;1;01;76;1;159.5116258;76;1;4;2;1;2;1;1;1;3;1;1;5;5;1;1;1;1;2;3;4;;;;600000;;;;;;;;;;1;;;5
20230311;03;2023;7382908;1;1;01;76;1;138.09122949;76;1;1;2;1;2;2;1;1;3;1;1;3;2;1;1;1;1;1;4;1;;;98;300000;;;1;;;;;;;;;;3
20230311;03;2023;7382909;1;1;01;76;1;175.14623146;76;1;1;4;1;2;1;1;1;3;1;1;4;3;1;1;1;1;1;3;3;;;;;450000;;1;;;;;;;;;;4
20230311;03;2023;7382910;1;1;01;76;1;106.96611711;76;2;1;4;1;2;2;1;1;3;1;1;3;2;1;1;1;1;1;4;1;;;98;550000;;;1;;;;1;;;;;;2
20230311;03;2023;7382911;1;1;01;76;1;513.17917943;76;2;1;4;1;2;2;1;1;3;1;1;1;1;1;1;1;1;2;1;3;;;;;350000;;;;;;;;;1;;;1
20230311;03;2023;7382912;1;1;01;76;1;99.879796538;76;2;1;4;1;2;1;1;1;3;1;2;2;1;1;2;1;1;1;3;1;;;98;200000;;;;;;;;;;1;;;1
20230311;03;2023;7382912;2;2;01;76;1;99.879796538;76;2;1;4;1;2;1;1;1;3;1;2;1;1;1;2;1;1;6;;3;;;;;150000;;;;;;;;;1;;;1
20230311;03;2023;7382914;1;1;01;76;1;939.18284931;76;1;1;2;1;1;2;1;1;3;1;1;3;2;1;1;1;1;1;1;3;;;;;300000;;1;;;;;;;;;;3
20230311;03;2023;7382917;1;1;01;76;1;130.96913441;76;2;1;2;1;2;2;1;1;3;1;1;3;2;1;1;1;1;1;4;1;;;80000000;400000;;;;;;;;;;1;;;2
20230311;03;2023;7382918;1;1;01;76;1;1199.2527654;76;3;1;4;1;2;1;1;1;3;1;1;1;1;1;1;1;1;1;3;3;;;;;250000;;1;;;;;;;;;;1
20230311;03;2023;7382919;1;1;01;76;1;1364.329279;76;1;1;2;1;1;1;1;1;3;1;1;3;2;1;1;1;1;1;3;4;;;;300000;;;;;;;;;;1;;;3
20230311;03;2023;7382920;1;1;01;76;1;1799.2162839;76;1;1;2;1;1;1;1;1;3;1;1;2;1;1;1;1;1;1;3;3;;;;;350000;;;;;;;;;1;;;3
20230311;03;2023;7382921;1;1;01;76;1;159.81621049;76;1;1;2;1;2;2;1;1;3;1;1;2;1;1;1;1;1;1;1;1;;;98;150000;;;;;;;;;;1;;;2
20230311;03;2023;7382922;1;1;01;76;1;1185.5087965;76;1;1;4;1;1;2;1;1;3;1;1;2;1;1;1;1;1;1;4;5;;;;300000;;;;;;;;;;1;;;2
20230311;03;2023;7382923;1;1;01;76;1;504.84950133;76;2;1;2;1;2;2;1;1;3;1;1;2;2;1;1;1;1;5;4;4;;;;400000;;;;;;;;;;1;;;2
20230311;03;2023;7382924;1;1;01;76;1;846.74564605;76;2;1;4;1;2;1;1;1;3;1;1;3;1;1;1;1;1;1;3;4;;;;300000;;;1;;;;;;;;;;1
20230311;03;2023;7382925;1;1;01;76;1;1184.0508231;76;1;1;2;1;1;2;1;1;3;1;1;2;1;1;1;1;1;1;1;3;;;;;150000;;;;;;;;;1;;;3
20230311;03;2023;7382926;1;1;01;76;1;141.38590023;76;2;1;2;1;2;2;1;1;3;1;1;4;3;1;1;1;1;1;1;1;;;98;600000;;;1;;;;;;;;;;4
20230311;03;2023;7382927;1;1;01;76;1;107.63887005;76;1;1;4;1;2;1;1;1;3;1;1;4;1;1;1;1;1;1;3;3;;;;;500000;;1;;;;;;;;;;2
20230311;03;2023;7382928;1;1;01;76;1;197.88967996;76;1;1;2;1;2;2;1;1;3;1;1;2;1;1;1;1;1;1;4;3;;;;;350000;;;;;;;;;1;;;2
20230311;03;2023;7382929;1;1;01;76;1;846.74564605;76;3;1;2;1;2;1;1;1;3;1;1;1;1;1;2;1;1;1;3;4;;;;150000;;;;;;;;;;1;;;1
20230311;03;2023;7382930;1;1;01;76;1;577.53140495;76;2;1;4;1;2;1;1;1;3;1;1;5;2;1;1;1;1;1;3;4;;;;600000;;;1;;;;;1;;;;;2
20230311;03;2023;7382931;1;1;01;76;1;105.48758967;76;1;1;4;1;3;1;1;1;3;1;1;2;1;1;1;1;1;1;4;3;;;;;380000;;;;;;;;1;;;NEQUI;1
20230311;03;2023;7382932;1;1;01;76;1;2054.6559704;76;1;1;2;1;1;1;1;1;3;1;1;3;2;1;1;1;1;1;3;3;;;;;250000;;;;;;;;;1;;;3
20230311;03;2023;7382933;1;1;01;76;1;954.38479164;76;3;1;4;1;2;1;1;1;3;1;1;1;1;1;2;1;1;1;3;3;;;;;250000;;;;;;;;;1;;;1
20230311;03;2023;7382935;1;1;01;76;1;1470.2202293;76;1;1;4;1;1;2;1;1;3;1;1;2;1;1;1;1;1;1;4;1;;;80000000;400000;;;;;;;;;1;;;AHORRA A LA MANO;3
20230311;03;2023;7382936;1;1;01;76;1;1523.6185905;76;1;1;2;1;1;2;1;1;3;1;1;3;2;1;1;1;1;1;1;4;;;;300000;;;;;;;;;;1;;;3
20230311;03;2023;7382937;1;1;01;76;1;1199.2527654;76;2;1;4;1;2;1;1;1;3;1;1;4;1;1;1;1;1;1;3;1;;;120000000;500000;;;1;;;;1;;;;;;1
20230311;03;2023;7382938;1;1;01;76;1;1122.3433395;76;2;1;4;1;2;1;1;1;3;1;1;2;1;1;1;1;1;1;3;3;;;;;250000;;;;;;;;;1;;;1
20230311;03;2023;7382939;1;1;01;76;1;845.49030219;76;2;1;4;1;2;1;1;1;3;1;1;3;2;1;1;1;1;3;3;3;;;;;380000;;;;;;;;;1;;;3
20230311;03;2023;7382940;1;1;01;76;1;121.24389663;76;2;1;2;1;2;2;1;1;3;1;1;2;1;1;1;1;1;1;4;1;;;6000000;300000;;;;;;;;;;1;;;1
20230311;03;2023;7382942;1;1;01;76;1;994.28095514;76;1;1;4;1;1;1;1;1;3;1;3;3;1;1;2;1;1;1;3;3;;;;;300000;;1;;;;;;;;;;2
20230311;03;2023;7382942;2;2;01;76;1;994.28095514;76;1;1;4;1;1;1;1;1;3;1;3;2;1;1;2;1;1;1;3;4;;;;350000;;;1;;;;;;;;;;2
20230311;03;2023;7382942;3;3;01;76;1;994.28095514;76;1;1;4;1;1;1;1;1;3;1;3;1;1;1;1;1;1;1;3;4;;;;300000;;;;;;;;;;1;;;2
20230311;03;2023;7382943;1;1;01;76;1;859.03164145;76;3;1;4;1;2;1;1;1;3;1;1;1;1;1;1;1;1;1;3;3;;;;;250000;;;;;;;;;1;;;1
20230311;03;2023;7382944;1;1;01;76;1;846.74564605;76;1;1;1;1;1;2;1;1;3;1;1;2;1;1;1;1;1;6;;4;;;;250000;;;;;;;;;;1;;;1
20230311;03;2023;7382945;1;1;01;76;1;891.92618347;76;2;1;2;1;2;1;1;1;3;1;1;2;1;1;1;1;1;3;3;3;;;;;580000;;;;;;;;;1;;;2
20230311;03;2023;7382947;1;1;01;76;1;845.49030219;76;2;1;4;1;2;1;1;1;3;1;1;3;2;1;1;1;1;2;3;3;;;;;500000;;;;;;;;;1;;;3
20230311;03;2023;7382950;1;1;01;76;1;320.96893272;76;1;7;1;1;1;2;1;1;3;1;1;3;3;1;1;1;1;1;4;1;;;30000000;200000;;;;;;;;;;1;;;3
20230311;03;2023;7382951;1;1;01;76;1;107.83273145;76;2;1;4;1;2;1;1;1;3;1;1;4;1;1;1;1;1;1;3;3;;;;;350000;;;;;;;;;1;;;2
20230311;03;2023;7382952;1;1;01;76;1;194.57769276;76;2;1;4;1;2;1;1;1;3;1;1;3;2;1;1;1;1;1;3;3;;;;;480000;;1;;;;;;1;;;MOVII;6
20230311;03;2023;7382953;1;1;01;76;1;126.72304802;76;2;1;4;1;2;1;1;1;3;1;1;4;2;1;1;1;1;1;3;3;;;;;400000;;1;;;;;;;;;;3
20230311;03;2023;7382954;1;1;01;76;1;110.19103958;76;2;1;4;1;2;1;1;1;3;1;1;4;3;1;1;1;1;1;3;1;;;98;600000;;;1;;;;;;;;;;5
20230311;03;2023;7382955;1;1;01;76;1;141.84471087;76;1;1;2;1;2;2;1;1;3;1;1;3;2;1;1;1;1;1;4;1;;;400000000;600000;;;;;;;;;;1;;;2
20230311;03;2023;7382956;1;1;01;76;1;119.21799042;76;1;1;2;1;2;2;1;1;3;1;1;2;1;1;1;1;1;3;4;3;;;;;400000;;1;;;;;;;;;;3
20230311;03;2023;7382957;1;1;01;76;1;122.75944534;76;2;1;2;1;2;2;1;1;3;1;1;1;1;1;1;1;1;1;1;4;;;;280000;;;;;;;;;;1;;;1
20230311;03;2023;7382958;1;1;01;76;1;1119.302581;76;1;1;2;1;1;2;2;1;3;1;1;3;1;2;1;1;1;1;1;1;;;98;600000;;;;;;;1;;;;;;1
20230311;03;2023;7382959;1;1;01;76;1;1603.7746526;76;2;1;2;1;1;2;2;1;3;1;1;3;2;2;1;1;1;1;1;5;;;;600000;;;;;;;;;;1;;;5
20230311;03;2023;7382961;1;1;01;76;1;384.64265751;76;1;1;4;1;3;1;1;1;3;1;2;3;1;1;1;1;1;1;3;3;;;;;350000;;1;;;;;;;;;;1
20230311;03;2023;7382961;2;2;01;76;1;384.64265751;76;1;1;4;1;3;1;1;1;3;1;2;1;1;1;1;1;1;1;3;3;;;;;350000;;1;;;;;;;;;;1
20230311;03;2023;7382962;1;1;01;76;1;1601.770839;76;2;1;2;1;1;2;2;1;3;1;1;2;1;2;1;1;1;1;4;3;;;;;250000;;;;;;;;;1;;;3
20230311;03;2023;7382963;1;1;01;76;1;534.44920927;76;1;1;4;1;3;1;1;1;3;1;1;3;1;1;1;1;1;1;3;3;;;;;600000;;1;;;;;;;;;;1
20230311;03;2023;7382964;1;1;01;76;1;790.29593632;76;2;1;2;1;1;2;2;1;3;1;1;2;1;2;1;1;1;3;4;3;;;;;250000;;;;;;;;;1;;;1
20230311;03;2023;7382966;1;1;01;76;1;2223.3811148;76;2;1;4;1;1;2;2;1;3;1;1;3;2;2;1;1;1;1;4;3;;;;;500000;;;;;;;;;1;;;4
20230311;03;2023;7382967;1;1;01;76;1;890.75913886;76;1;1;2;1;1;2;2;1;3;1;1;1;1;2;1;1;1;1;1;5;;;;250000;;;;;;;;;;1;;;1
20230311;03;2023;7382968;1;1;01;76;1;1046.1596749;76;2;1;4;1;2;2;2;1;3;1;1;2;1;2;1;1;1;3;4;3;;;;;500000;;1;;;;;;;;;;2
20230311;03;2023;7382970;1;1;01;76;1;986.65620288;76;2;1;2;1;2;2;1;1;3;1;1;2;1;1;1;1;1;1;4;3;;;;;250000;;;;;;;;;1;;;3
20230311;03;2023;7382971;1;1;01;76;1;614.70826487;76;2;1;4;1;2;1;1;1;3;1;1;4;1;1;1;1;1;1;3;3;;;;;700000;;1;;;;;;;;;;2
20230311;03;2023;7382972;1;1;01;76;1;581.1998194;76;2;1;4;1;2;1;1;1;3;1;1;2;2;1;1;1;1;1;3;3;;;;;500000;;1;;;;;;;;;;2
20230311;03;2023;7382973;1;1;01;76;1;1257.589934;76;2;1;4;1;1;1;1;1;3;1;1;5;2;1;1;1;1;1;3;3;;;;;500000;;1;;;;;;;;;;4
20230311;03;2023;7382974;1;1;01;76;1;635.28454545;76;2;1;4;1;2;1;1;1;3;1;1;3;2;1;1;1;1;1;3;3;;;;;400000;;;;;;;;;1;;;2
20230311;03;2023;7382975;1;1;01;76;1;2267.0424848;76;2;1;4;1;1;1;1;1;3;1;1;3;2;1;1;1;1;1;3;4;;;;400000;;;;;;;;;;1;;;5
20230311;03;2023;7382977;1;1;01;76;1;630.64219358;76;2;1;4;1;2;1;1;1;3;1;1;3;2;1;1;1;1;1;3;3;;;;;650000;;1;;;;;;;;;;2
20230311;03;2023;7382978;1;1;01;76;1;959.40221231;76;2;1;4;1;1;1;1;1;3;1;1;3;1;1;1;1;1;1;3;1;;;120000000;450000;;;;;;;;;;1;;;1
20230311;03;2023;7382979;1;1;01;76;1;831.44807788;76;2;1;4;1;1;1;1;1;3;1;1;4;1;1;1;1;1;1;3;4;;;;500000;;;;;;;;;1;;;NEQUI;1
20230311;03;2023;7382980;1;1;01;76;1;895.56904416;76;2;1;2;1;1;1;1;1;3;1;1;3;2;1;1;1;1;1;3;1;;;13000000;450000;;;;;;;;;;1;;;3
20230311;03;2023;7382981;1;1;01;76;1;948.40703722;76;2;1;4;1;1;1;1;1;3;1;1;4;1;1;1;1;1;1;3;4;;;;500000;;;;;;;;;;1;;;2
20230311;03;2023;7382982;1;1;01;76;1;799.50184359;76;2;1;4;1;2;1;1;1;3;1;1;3;1;1;1;1;1;1;3;4;;;;450000;;;1;;;;;;;;;;1
20230311;03;2023;7382983;1;1;01;76;1;2340.9922474;76;2;1;4;1;1;1;1;1;3;1;1;5;3;1;1;1;1;1;3;3;;;;;650000;;;;;;;;1;;;AHORRO A LA MANO;7
20230311;03;2023;7382984;1;1;01;76;1;1581.2630343;76;1;1;4;1;1;1;1;1;3;1;1;2;2;1;1;1;1;1;3;3;;;;;150000;;;;;;;;;1;;;5
20230311;03;2023;7382986;1;1;01;76;1;2584.7986585;76;2;1;4;1;1;1;1;1;3;1;1;5;2;1;1;1;1;1;3;3;;;;;450000;;1;;;;;;;;;;9
20230311;03;2023;7382987;1;1;01;76;1;932.92696201;76;2;1;4;1;2;1;1;1;3;1;1;4;1;1;1;1;1;1;3;3;;;;;700000;;1;;;;;;;;;;3
20230311;03;2023;7382989;1;1;01;76;1;1240.2761505;76;2;1;4;1;2;1;1;1;3;1;1;4;3;1;1;1;1;1;3;3;;;;;750000;;1;;;;;;;;;;5
20230311;03;2023;7382990;1;1;01;76;1;1166.3473871;76;2;1;4;1;1;1;1;1;3;1;1;3;2;1;1;1;1;1;3;3;;;;;400000;;;;;;;;;1;;;3
20230311;03;2023;7382991;1;1;01;76;1;1009.68587;76;1;1;4;1;3;1;1;1;3;1;1;3;1;1;1;1;1;1;3;3;;;;;850000;;1;;;;;;;;;;3
20230311;03;2023;7382993;1;1;01;76;1;997.63852396;76;2;1;2;1;2;2;1;1;3;1;1;3;1;1;2;1;1;1;4;3;;;;;350000;;;;;;;;;1;;;1
20230311;03;2023;7382994;1;1;01;76;1;1167.5836394;76;1;1;4;1;5;1;1;1;3;1;1;5;2;1;1;1;1;1;3;3;;;;;1500000;;1;;;;;1;;;;;2
20230311;03;2023;7382995;1;1;01;76;1;966.41059663;76;2;1;4;1;5;1;1;1;3;1;1;2;1;1;1;1;1;1;3;3;;;;;730000;;1;;;;;;;;;;1
20230311;03;2023;7383000;1;1;01;81;1;334.96203149;81;2;1;2;1;1;2;1;1;3;1;1;3;1;1;1;1;1;1;4;1;;;40000000;300000;;;1;;;;;;;;;;2
20230311;03;2023;7383001;1;1;01;81;1;200.60194441;81;2;1;4;1;1;2;1;1;3;1;1;4;2;1;1;1;1;1;4;3;;;;;400000;;1;;;;;;;;;;3
20230311;03;2023;7383002;1;1;01;81;1;334.96203149;81;2;1;4;1;1;2;1;1;3;1;1;3;1;1;1;1;1;1;4;3;;;;;500000;;1;;;;;;;;;;2
20230311;03;2023;7383003;1;1;01;81;1;160.29009899;81;1;1;4;1;3;2;1;1;3;1;1;3;2;1;1;1;1;1;4;1;;;98;1000000;;;1;;;;;1;;;;;3
20230311;03;2023;7383004;1;1;01;81;1;155.37550306;81;2;1;4;1;3;2;1;1;3;1;1;1;1;1;1;1;1;6;;4;;;;98;;;;;;;;;;1;;;1
20230311;03;2023;7383005;1;1;01;81;1;65.545750659;81;1;1;2;1;3;2;1;1;3;1;1;5;4;1;1;1;1;1;4;4;;;;500000;;;1;;;;;;;;;;6
20230311;03;2023;7383006;1;1;01;81;1;155.37550306;81;1;1;4;1;3;2;1;1;3;1;1;2;1;1;1;1;1;3;4;3;;;;;500000;;1;;;;;;;;;;1
20230311;03;2023;7383007;1;1;01;81;1;117.98605024;81;2;1;4;1;3;2;1;1;3;1;1;2;1;1;1;1;1;1;4;1;;;98;800000;;;1;;;;;;;;;;1
20230311;03;2023;7383008;1;1;01;81;1;121.80853026;81;1;1;4;1;3;2;1;1;3;1;1;4;2;1;1;1;1;1;4;1;;;176000000;600000;;;1;;;;;;;;;;3
20230311;03;2023;7383009;1;1;01;81;1;160.29009899;81;2;1;4;1;3;2;1;1;3;1;1;3;2;1;1;1;1;1;4;3;;;;;450000;;1;;;;;;;;;;3
20230311;03;2023;7383010;1;1;01;81;1;84.419077447;81;1;1;4;1;3;2;1;1;3;1;1;3;2;1;1;1;1;1;4;3;;;;;550000;;;;;;;;;1;;;3
20230311;03;2023;7383011;1;1;01;81;1;94.292593255;81;2;1;4;1;3;2;1;1;3;1;1;4;3;1;1;1;1;3;4;3;;;;;600000;;;;;;;;;1;;;6
20230311;03;2023;7383012;1;1;01;81;1;117.98605024;81;1;1;4;1;3;2;1;1;3;1;1;4;1;1;1;1;1;1;4;1;;;98;700000;;;1;;;;;;;;;;1
20230311;03;2023;7383013;1;1;01;81;1;155.37550306;81;2;1;4;1;3;2;1;1;3;1;1;2;1;1;1;1;1;1;4;3;;;;;450000;;1;;;;;1;;;;;1
20230311;03;2023;7383014;1;1;01;81;1;139.13807462;81;2;1;4;1;3;2;1;1;3;1;1;3;2;1;1;1;1;1;4;3;;;;;400000;;;;;;;;;1;;;2
20230311;03;2023;7383016;1;1;01;81;1;121.80853026;81;2;1;4;1;3;2;1;1;3;1;1;3;2;1;1;1;1;1;4;3;;;;;700000;;;;;;;;;1;;;3
20230311;03;2023;7383019;1;1;01;85;1;195.77911005;85;2;1;4;1;3;1;1;1;7;1;1;2;1;1;1;1;1;1;3;3;;;;;550000;;1;;;;;;;;;;1
20230311;03;2023;7383020;1;1;01;85;1;373.32298052;85;2;1;4;1;3;1;1;1;7;1;1;3;2;1;1;1;10;1;3;3;;;;;500000;;;;;;;;;1;;;4
20230311;03;2023;7383021;1;1;01;85;1;277.55804961;85;2;1;4;1;3;1;1;1;7;1;1;2;1;1;1;1;1;1;3;3;;;;;550000;;1;;;;;;;;;;2
20230311;03;2023;7383022;1;1;01;85;1;862.71058268;85;1;1;4;1;2;1;1;1;3;1;1;3;2;1;1;1;1;1;3;3;;;;;750000;;1;;;;;;;;;;7
20230311;03;2023;7383023;1;1;01;85;1;329.61362821;85;2;1;4;1;2;1;1;1;3;1;2;3;2;1;1;1;1;1;3;3;;;;;300000;;;;;;;;;1;;;3
20230311;03;2023;7383023;2;2;01;85;1;329.61362821;85;2;1;4;1;2;1;1;1;3;1;2;2;1;1;1;1;1;1;3;3;;;;;300000;;1;;;;;;;;;;1
20230311;03;2023;7383024;1;1;01;85;1;342.61344259;85;2;1;4;1;2;1;1;1;3;1;1;3;1;1;1;1;1;1;3;3;;;;;500000;;1;;;;;;;;;;1
20230311;03;2023;7383025;1;1;01;85;1;459.3441659;85;1;1;4;1;2;1;1;1;3;1;1;3;1;1;1;1;1;1;3;4;;;;500000;;;;;;;;;;1;;;1
20230311;03;2023;7383026;1;1;01;85;1;537.83908816;85;2;1;4;1;2;1;1;1;3;1;1;4;3;1;1;1;1;1;3;3;;;;;680000;;1;;;;;;;;;;5
20230311;03;2023;7383027;1;1;01;85;1;459.3441659;85;2;1;4;1;2;1;1;1;3;1;1;3;1;1;1;1;10;1;3;1;;;99;650000;;;1;;;;;;;;;;1
20230311;03;2023;7383028;1;1;01;85;1;342.61344259;85;2;1;4;1;2;1;1;1;3;1;1;3;1;1;1;1;1;1;3;3;;;;;500000;;1;;;;1;1;;;;;1
20230311;03;2023;7383029;1;1;01;85;1;523.71945239;85;2;1;4;1;2;1;1;1;3;1;1;3;2;1;1;1;1;1;3;3;;;;;450000;;;;;;;;;1;;;3
20230311;03;2023;7383030;1;1;01;85;1;402.45742787;85;1;1;2;1;2;1;1;1;3;1;1;4;3;1;1;1;1;1;3;1;;;90000000;350000;;;;;;;;;;1;;;3
20230311;03;2023;7383031;1;1;01;85;1;436.22692664;85;1;1;2;1;2;1;1;1;3;1;1;4;3;1;1;1;1;1;3;1;;;80000000;500000;;;;;;;;;;1;;;5
20230311;03;2023;7383032;1;1;01;85;1;219.27260326;85;1;1;2;1;2;1;1;1;3;1;1;4;1;1;1;1;1;1;3;3;;;;;500000;;1;;;;;;;;;;1
20230311;03;2023;7383033;1;1;01;85;1;293.98026617;85;3;1;2;1;2;1;1;1;3;1;1;1;1;1;1;1;1;1;3;3;;;;;350000;;;;;;;;;1;;;1
20230311;03;2023;7383034;1;1;01;85;1;219.27260326;85;2;1;4;1;2;1;1;1;3;1;1;2;1;1;1;1;1;3;3;3;;;;;400000;;;;;;;;;1;;;1
20230311;03;2023;7383035;1;1;01;85;1;453.11167603;85;2;1;4;1;2;1;1;1;3;1;1;4;3;1;1;1;10;1;3;1;;;99;400000;;;1;;;;;;;;;;6
20230311;03;2023;7383036;1;1;01;85;1;310.86501556;85;1;1;4;1;2;1;1;1;3;1;1;3;2;1;1;1;1;1;3;3;;;;;500000;;1;;;;;;;;;;2
20230311;03;2023;7383037;1;1;01;85;1;243.58803722;85;1;1;2;1;2;1;1;1;3;1;1;4;2;1;1;1;1;1;3;3;;;;;400000;;1;;;;;;;;;;2
20230311;03;2023;7383038;1;1;01;85;1;236.15735264;85;1;1;2;1;2;2;1;1;3;1;1;2;1;1;1;1;1;1;4;3;;;;;450000;;;;;;;;;1;;;2
20230311;03;2023;7383039;1;1;01;85;1;195.77911005;85;2;1;4;1;3;1;1;1;7;1;1;2;1;1;1;1;1;3;3;3;;;;;600000;;;;;;;1;;;;;1
20230311;03;2023;7383040;1;1;01;85;1;277.18528361;85;2;1;4;1;3;1;1;1;7;1;1;2;1;1;1;1;1;1;3;3;;;;;550000;;;;;;;;;1;;;3
20230311;03;2023;7383041;1;1;01;85;1;219.27260326;85;2;1;4;1;2;1;1;1;3;1;1;2;1;1;1;1;1;1;3;3;;;;;250000;;1;;;;;;;;;;1
20230311;03;2023;7383042;1;1;01;85;1;459.3441659;85;2;1;4;1;2;1;1;1;3;1;1;5;1;1;1;1;1;1;3;3;;;;;1600000;;1;;;;;;;;;;1
20230310;03;2023;7383046;1;1;01;86;1;156.89732051;86;2;1;4;1;1;2;1;1;2;1;1;5;1;1;1;1;1;1;4;3;;;;;400000;1;;;;;;;;;;;2
20230311;03;2023;7383048;1;1;01;86;1;101.08700929;86;1;1;4;1;1;2;1;1;2;1;1;3;2;1;1;1;1;3;4;3;;;;;99;;1;;;;;;;;;;3
20230311;03;2023;7383049;1;1;01;86;1;101.08700929;86;1;1;2;1;1;2;1;1;2;1;1;3;2;1;1;1;1;3;4;3;;;;;99;;1;;;;;;;;;;3
20230311;03;2023;7383050;1;1;01;86;1;91.622650145;86;2;1;4;1;1;2;1;1;2;1;1;5;2;1;1;1;1;1;4;3;;;;;98;;;;;;;;;1;;;3
20230311;03;2023;7383051;1;1;01;86;1;157.68109587;86;2;1;4;1;1;2;1;1;2;1;1;5;2;1;1;1;1;1;4;3;;;;;98;;;;;;;;;1;;;3
20230311;03;2023;7383052;1;1;01;86;1;105.90569135;86;1;1;4;1;1;1;1;1;2;1;1;5;1;1;1;1;1;1;3;3;;;;;98;;;;;;;;;1;;;2
20230311;03;2023;7383053;1;1;01;86;1;141.20758846;86;1;1;2;1;1;2;1;1;2;1;1;3;1;1;1;1;1;3;4;3;;;;;99;;1;;;;;;;;;;2
20230311;03;2023;7383054;1;1;01;86;1;147.63249787;86;1;1;2;1;1;2;1;1;2;1;1;3;1;1;1;1;1;3;4;3;;;;;99;;1;;;;;;;;;;1
20230311;03;2023;7383055;1;1;01;86;1;235.81095436;86;2;1;4;1;1;2;1;1;2;1;1;3;2;1;1;1;1;3;4;3;;;;;99;;1;;;;;;;;;;3
20230311;03;2023;7383056;1;1;01;86;1;185.8211366;86;2;1;4;1;1;2;1;1;2;1;1;5;1;1;1;1;1;1;4;3;;;;;200000;;;;;;;;;1;;;1
20230311;03;2023;7383057;1;1;01;86;1;134.88320791;86;2;1;4;1;1;2;1;1;2;1;1;6;3;1;1;1;1;1;4;3;;;;;98;;;;;;;;;1;;;5
20230311;03;2023;7383058;1;1;01;86;1;117.67299038;86;1;1;2;1;1;2;2;1;1;1;1;3;2;2;1;1;1;3;4;3;;;;;99;;1;;;;;;;;;;2
20230311;03;2023;7383059;1;1;01;86;1;117.67299038;86;1;1;4;1;1;2;2;1;2;1;1;5;1;2;1;1;1;1;4;3;;;;;300000;;;;;;;;;1;;;2
20230311;03;2023;7383061;1;1;01;86;1;154.85094717;86;1;1;2;1;1;2;2;1;1;1;1;2;1;2;1;1;1;3;4;4;;;;99;;;1;;;;;;;;;;1
20230311;03;2023;7383062;1;1;01;86;1;196.50912863;86;1;1;2;1;1;2;2;1;2;1;1;5;2;2;1;1;1;1;4;3;;;;;98;1;;;;;;;;;;;3
20230311;03;2023;7383063;1;1;01;86;1;123.02708156;86;1;1;4;1;1;2;2;1;2;1;1;5;1;2;1;1;1;1;4;3;;;;;98;;;;;;;;;1;;;1
20230311;03;2023;7383064;1;1;01;86;1;138.02326085;86;1;1;2;1;1;2;2;1;2;1;1;6;3;2;1;1;1;1;4;3;;;;;98;1;;;;;;;;;;;4
20230310;03;2023;7383066;1;1;01;88;1;53.839467182;88;2;1;4;1;5;2;1;1;7;1;1;3;2;1;1;1;10;3;4;2;;4000000;98;98;;;1;;;;;;;;;;4
20230311;03;2023;7383067;1;1;01;88;1;45.55242465;88;2;1;4;1;1;2;2;1;3;1;1;3;2;2;1;1;10;3;4;3;;;;;390000;;1;;;;;;;;;;3
20230311;03;2023;7383068;1;1;01;88;1;61.463096347;88;2;5;2;1;1;2;2;1;3;1;1;3;2;2;1;1;10;3;4;3;;;;;450000;;1;;;;;;;;;;5
20230311;03;2023;7383069;1;1;01;88;1;47.146356722;88;3;1;2;1;1;2;2;1;3;1;1;1;1;2;1;1;10;2;4;3;;;;;400000;;1;;;;;;;;;;3
20230311;03;2023;7383070;1;1;01;88;1;37.635689936;88;1;1;4;1;2;2;2;1;3;1;1;3;1;2;1;1;10;3;4;3;;;;;700000;;1;;;;;;;;;;2
20230311;03;2023;7383071;1;1;01;88;1;32.287259994;88;1;1;4;1;4;2;1;1;3;1;1;4;2;1;1;1;10;1;4;1;;;50000000;2500000;;1;;;;;;;;;;;1
20230311;03;2023;7383072;1;1;01;88;1;65.985405254;88;2;1;4;1;1;2;1;1;3;1;1;4;2;1;1;1;10;1;4;3;;;;;600000;;1;;;;;;;;;;3
20230311;03;2023;7383073;1;1;01;88;1;67.28932473;88;2;1;4;1;2;2;1;1;7;1;1;2;1;1;1;1;10;3;4;3;;;;;900000;;;;;;;;;1;;;3
20230311;03;2023;7383074;1;1;01;88;1;49.042021172;88;1;1;4;1;4;2;1;1;3;1;1;4;3;1;1;1;10;1;4;1;;;99;1600000;;;1;;;;;;;;;;3
20230311;03;2023;7383075;1;1;01;88;1;49.48905394;88;1;1;4;1;4;2;1;1;3;1;1;4;2;1;1;1;10;1;4;1;;;99;3000000;;;1;;;;;;;;;;3
20230311;03;2023;7383076;1;1;01;88;1;44.159209524;88;2;1;4;1;6;2;1;1;7;1;1;3;1;1;1;1;10;3;4;1;;;98;3500000;;;1;;;;;;;;;;2
20230311;03;2023;7383077;1;1;01;88;1;41.195357918;88;1;1;4;1;4;2;1;1;3;1;2;3;2;1;1;1;10;1;4;4;;;;1500000;;;1;;;;;;;;;;4
20230311;03;2023;7383077;2;2;01;88;1;41.195357918;88;1;1;4;1;4;2;1;1;3;1;2;2;1;1;1;1;10;1;4;1;;;99;1800000;;;1;;;;;;;;;;1
20230311;03;2023;7383078;1;1;01;88;1;32.287259994;88;1;1;4;1;4;2;1;1;3;1;1;3;1;1;1;1;10;1;4;1;;;99;99;;;1;;;;;;;;;;1
20230311;03;2023;7383079;1;1;01;88;1;46.098659906;88;1;5;2;1;1;2;2;1;3;2;1;3;2;2;1;1;10;3;4;2;;300000;99;700000;;;1;;;;;;;;;;3
20230311;03;2023;7383080;1;1;01;88;1;57.83327452;88;2;1;4;1;2;2;1;1;3;1;1;3;2;1;1;1;10;1;4;3;;;;;600000;;1;;;;;;;;;;5
20230311;03;2023;7383081;1;1;01;88;1;32.734292762;88;2;1;4;1;4;2;1;1;3;1;1;2;1;1;1;1;10;3;4;4;;;;1500000;;;1;;;;;;;;;;1
20230311;03;2023;7383082;1;1;01;88;1;44.137819055;88;2;1;4;1;1;2;2;1;3;2;1;4;2;2;1;1;10;1;4;1;;;99;500000;;;1;;;;;;;;;;3
20230311;03;2023;7383083;1;1;01;88;1;58.814774625;88;1;5;4;1;1;2;2;1;3;2;1;4;3;2;1;1;10;3;4;1;;;99;500000;;;1;;;;;;;;;;5
20230311;03;2023;7383084;1;1;01;88;1;46.098659906;88;2;1;4;1;1;2;2;1;3;2;1;4;2;2;1;1;10;1;4;1;;;99;600000;;;1;;;;;;;;;;3
20230311;03;2023;7383085;1;1;01;88;1;40.856798216;88;2;1;4;1;2;2;1;1;3;1;1;3;2;1;1;1;10;1;4;4;;;;500000;;;1;;;;;;;;;;3
20230311;03;2023;7383086;1;1;01;88;1;36.79934127;88;1;1;4;1;1;2;2;1;3;2;1;3;1;2;1;1;10;3;4;1;;;99;99;;;1;;;;;;;;;;2
20230311;03;2023;7383087;1;1;01;88;1;40.888156967;88;2;1;4;1;3;2;1;1;3;1;1;3;1;1;1;1;10;1;4;4;;;;2000000;;;1;;;;;1;;;;;2
20230311;03;2023;7383088;1;1;01;88;1;33.819700692;88;2;1;4;1;2;2;1;1;3;1;1;3;2;1;1;1;10;1;4;3;;;;;500000;;1;;;;;;;;;;2
20230311;03;2023;7383089;1;1;01;88;1;23.246827196;88;3;1;4;1;3;2;1;1;3;1;1;1;1;1;1;1;10;2;4;4;;;;600000;;;1;;;;;;;;;;1
20230311;03;2023;7383090;1;1;01;88;1;29.460863486;88;1;1;4;1;1;2;2;1;3;2;1;2;1;2;1;1;10;3;4;1;;;99;99;;;1;;;;;;;;;;1
20230311;03;2023;7383091;1;1;01;88;1;29.439473016;88;2;1;4;1;4;2;1;1;7;1;1;3;1;1;1;1;10;1;4;1;;;98;3000000;;;1;;;;;1;;;;;2
20230311;03;2023;7383092;1;1;01;88;1;61.455211563;88;1;1;4;1;1;2;2;1;3;2;1;3;2;2;1;1;10;3;4;3;;;;;500000;;1;;;;;;;;;;5
20230311;03;2023;7383093;1;1;01;88;1;43.587800992;88;2;1;4;1;5;2;1;1;7;1;1;3;1;1;1;1;10;3;4;3;;;;;2000000;;1;;;;;;;;;;1
20230311;03;2023;7383094;1;1;01;88;1;44.159209524;88;2;1;4;1;6;2;1;1;7;1;1;3;1;1;1;1;10;3;1;1;;;99;3000000;;;1;;;;;;;;;;2
20230311;03;2023;7383095;1;1;01;88;1;44.191295228;88;2;1;4;1;5;2;1;1;7;1;1;2;1;1;1;1;10;3;4;4;;;;1000000;;;1;;;;;;;;;;1
20230311;03;2023;7383097;1;1;01;88;1;40.925422456;88;2;1;4;1;2;2;1;1;3;1;1;3;2;1;1;1;10;3;4;3;;;;;500000;;1;;;;;;;;;;3
20230311;03;2023;7383098;1;1;01;88;1;81.475925005;88;2;1;4;1;5;2;1;1;7;1;1;3;2;1;1;1;10;3;4;3;;;;;2000000;;1;;;;;;;;;;4
20230311;03;2023;7383099;1;1;01;88;1;33.453946609;88;2;1;4;1;2;2;1;1;3;1;1;2;1;1;1;1;10;3;4;3;;;;;800000;;1;;;;;;;;;;2
20230311;03;2023;7383100;1;1;01;88;1;44.191295228;88;2;1;4;1;5;2;1;1;7;1;1;3;1;1;1;1;10;3;4;1;;;98;3000000;;;1;;;;;;;;;;1
20230311;03;2023;7383101;1;1;01;88;1;55.199011906;88;2;1;4;1;5;2;1;1;7;1;1;4;1;1;1;1;10;3;1;1;;;98;5000000;;1;1;;;;;;;;;;2
20230311;03;2023;7383102;1;1;01;88;1;37.635689936;88;2;1;2;1;1;2;2;1;3;1;1;2;1;2;1;1;10;3;4;3;;;;;500000;;1;;;;;;;;;;2
20230311;03;2023;7383103;1;1;01;88;1;44.159209524;88;2;1;4;1;6;2;1;1;7;1;1;4;1;1;1;1;10;1;1;1;;;98;5000000;;1;1;;;;;1;;;;;2
20230311;03;2023;7383105;1;1;01;88;1;44.191295228;88;2;1;4;1;5;2;1;1;7;1;1;4;1;1;1;1;10;3;1;3;;;;;2000000;1;1;;;;;;;;;;1
20230311;03;2023;7383106;1;1;01;88;1;63.468501763;88;2;1;4;1;1;2;2;1;3;1;1;3;2;2;1;1;10;3;4;3;;;;;500000;;1;;;;;;;;;;5
20230311;03;2023;7383107;1;1;01;88;1;26.782603169;88;2;1;4;1;2;2;1;1;3;1;1;2;1;1;1;1;10;3;4;3;;;;;450000;;1;;;;;;;;;;1
20230311;03;2023;7383108;1;1;01;88;1;29.439473016;88;2;1;4;1;4;2;1;1;3;1;1;3;1;1;1;1;10;1;4;1;;;98;2500000;;;1;;;;;1;;;;;2
20230311;03;2023;7383109;1;1;01;88;1;23.568690789;88;1;1;4;1;3;2;1;1;3;1;1;3;1;1;1;1;10;1;4;1;;;99;2000000;;;1;;;;;1;;;;;1
20230311;03;2023;7383111;1;1;01;91;1;38.588474505;91;1;1;4;1;1;2;1;1;3;1;1;3;1;1;1;1;1;1;4;3;;;;;800000;;1;;;;;;;;;;2
20230311;03;2023;7383112;1;1;01;91;1;89.537319751;91;1;1;4;1;2;2;1;1;3;1;1;4;3;1;1;1;1;1;4;4;;;;800000;;;1;;;;;;;;;;2
20230311;03;2023;7383113;1;1;01;91;1;108.89160129;91;1;1;2;1;2;2;1;1;3;1;1;3;1;1;1;1;1;1;4;1;;;150000000;850000;;;;;;;;;;1;;;1
20230311;03;2023;7383114;1;1;01;91;1;21.906805906;91;1;1;4;1;1;2;1;1;3;1;1;4;3;1;1;1;1;1;4;1;;;50000000;500000;;;;;;;;;;1;;;7
20230311;03;2023;7383115;1;1;01;91;1;62.516343419;91;2;1;4;1;1;2;1;1;3;1;1;2;2;1;1;1;1;1;4;1;;;50000000;500000;;;1;;;;;;;;;;3
20230311;03;2023;7383116;1;1;01;91;1;59.795072217;91;3;1;4;1;1;2;1;1;3;1;1;1;1;1;1;1;1;6;;3;;;;;400000;;;;;;;;;1;;;1
20230311;03;2023;7383117;1;1;01;91;1;59.795072217;91;3;1;4;1;1;2;1;1;3;1;1;1;1;1;1;1;1;6;;3;;;;;400000;;;;;;;;;1;;;1
20230311;03;2023;7383118;1;1;01;91;1;59.795072217;91;2;1;4;1;1;2;1;1;3;1;1;2;1;1;1;1;1;1;4;1;;;120000000;800000;;;;;;;;;;1;;;1
20230311;03;2023;7383119;1;1;01;91;1;59.795072217;91;3;1;4;1;1;2;1;1;3;1;1;1;1;1;1;1;1;6;;3;;;;;400000;;;;;;;;;1;;;1
20230311;03;2023;7383120;1;1;01;91;1;38.588474505;91;1;1;4;1;1;2;1;1;3;1;1;2;2;1;1;1;1;1;4;1;;;100000000;700000;;1;1;;;;;;;;;;2
20230311;03;2023;7383121;1;1;01;91;1;44.215960371;91;1;1;4;1;1;2;2;1;3;2;1;2;2;2;1;1;3;1;4;1;;;30000000;400000;;;;;;;;;;1;;;2
20230311;03;2023;7383122;1;1;01;91;1;99.050659965;91;1;5;3;1;1;2;2;1;3;2;1;2;2;2;1;1;3;1;4;3;;;;;400000;;;;;;;;;1;;;4
20230311;03;2023;7383123;1;1;01;91;1;43.832622367;91;1;1;4;1;1;2;2;1;3;2;1;3;2;2;1;1;3;1;4;4;;;;500000;;;;;;;;;;1;;;8
20230311;03;2023;7383124;1;1;01;91;1;125.70317155;91;1;1;2;1;2;2;1;1;3;1;1;4;3;1;1;1;1;1;4;4;;;;800000;;;1;;;;;;;;;;4
20230311;03;2023;7383125;1;1;01;91;1;76.497237795;91;1;1;4;1;2;2;1;1;3;1;1;4;3;1;1;1;1;1;4;1;;;120000000;700000;;;1;;;;;;;;;;5
20230311;03;2023;7383126;1;1;01;91;1;89.537319751;91;1;1;4;1;2;2;1;1;3;1;1;3;2;1;1;1;1;1;4;1;;;40000000;400000;;;1;;;;;;;;;;2
20230311;03;2023;7383127;1;1;01;91;1;51.1485488;91;1;1;2;1;1;2;2;1;3;2;1;4;3;2;1;1;3;1;5;1;;;98;98;;;;;;;;;;1;;;3
20230311;03;2023;7383128;1;1;01;91;1;88.123568494;91;1;1;2;1;1;2;2;1;3;2;1;3;2;2;1;1;3;3;4;1;;;98;800000;;;1;;;;;;;;;;3
20230311;03;2023;7383129;1;1;01;91;1;70.183038209;91;1;1;4;1;2;2;1;1;3;1;1;4;2;1;1;1;1;1;4;1;;;98;98;;;1;;;;;;;;;;3
20230311;03;2023;7383130;1;1;01;91;1;34.658290473;91;1;1;2;1;1;2;2;1;3;2;1;4;1;2;1;1;3;1;4;1;;;98;700000;;;1;;;;;;;;;;3
20230311;03;2023;7383131;1;1;01;91;1;138.7432535;91;2;1;2;1;2;2;1;1;3;1;1;1;1;1;1;1;1;4;4;1;;;98;98;;;;;;;;;;1;;;1
20230311;03;2023;7383132;1;1;01;91;1;51.641590585;91;1;1;4;1;1;2;2;1;3;2;1;3;2;2;1;1;3;1;4;1;;;30000000;550000;;;1;;;;;;;;;;7
20230311;03;2023;7383133;1;1;01;91;1;51.1485488;91;1;5;3;1;1;2;2;1;3;2;1;2;1;2;1;1;3;1;4;1;;;40000000;400000;;;1;;;;;;;;;;3
20230311;03;2023;7383134;1;1;01;91;1;89.492990068;91;1;1;4;1;1;2;2;1;3;2;1;3;2;2;1;1;3;1;5;1;;;50000000;450000;;;;;;;;;;1;;;5
20230311;03;2023;7383135;1;1;01;91;1;179.44863582;91;1;1;4;1;2;2;1;1;3;1;1;3;2;1;1;1;1;1;4;3;;;;;450000;;;;;;;;;1;;;7
20230311;03;2023;7383137;1;1;01;91;1;138.7432535;91;2;1;4;1;2;2;1;1;3;1;1;2;1;1;1;1;1;1;4;3;;;;;600000;1;1;;;;;;;;;;1
20230311;03;2023;7383138;1;1;01;91;1;25.101548434;91;1;1;2;1;1;2;2;1;3;2;1;4;3;2;1;1;3;1;4;1;;;40000000;800000;;;1;;;;;;;;;;6
20230311;03;2023;7383139;1;1;01;91;1;75.447775345;91;1;5;3;1;1;2;2;1;3;2;1;3;2;2;1;1;3;1;4;1;;;98;600000;;;1;;;;;;;;;;2
20230311;03;2023;7383144;1;1;01;91;1;25.101548434;91;1;5;3;1;1;2;2;1;3;2;1;5;4;2;1;1;3;1;4;1;;;98;900000;;;1;;;;;;;;;;13
20230311;03;2023;7383145;1;1;01;94;1;56.954202756;94;1;1;2;1;1;2;1;1;2;2;1;2;1;2;1;1;3;1;4;3;;;;;400000;;;;;;;;;1;;;1
20230311;03;2023;7383146;1;1;01;94;1;53.761295119;94;1;1;4;1;1;2;1;1;2;1;1;4;1;1;1;1;1;1;4;6;;;;700000;;;1;;;;;;;;;;2
20230311;03;2023;7383147;1;1;01;94;1;47.636010684;94;1;5;2;1;1;2;1;1;2;2;1;3;1;2;1;1;3;1;4;4;;;;300000;;;1;;;;;;;;;;2
20230311;03;2023;7383148;1;1;01;94;1;48.504691356;94;1;1;4;1;1;2;1;1;2;1;1;3;1;1;1;1;1;1;4;3;;;;;550000;;;;;;;;;1;;;1
20230311;03;2023;7383149;1;1;01;94;1;55.688553806;94;3;1;4;1;1;2;1;1;2;1;1;3;1;1;1;1;1;1;4;3;;;;;1000000;;1;;;;;;;;;;1
20230311;03;2023;7383151;1;1;01;94;1;56.36612483;94;1;1;4;1;1;2;1;1;2;2;1;4;1;2;1;1;3;1;4;1;;;10000000;800000;;;1;;;;;;;;;;3
20230311;03;2023;7383152;1;1;01;94;1;62.702968635;94;1;1;2;1;1;2;1;1;2;2;1;4;2;2;1;1;3;1;4;3;;;;;600000;;;;;;;;;1;;;5
20230311;03;2023;7383153;1;1;01;94;1;49.281930987;94;2;1;4;1;1;2;1;1;2;1;1;2;1;1;1;1;3;1;4;3;;;;;900000;;1;;;;;;;;;;4
20230311;03;2023;7383154;1;1;01;94;1;55.640137701;94;1;5;4;1;1;2;1;1;2;2;1;4;2;1;1;1;3;1;4;3;;;;;450000;;;;;;;;;1;;;4
20230311;03;2023;7383155;1;1;01;94;1;54.70071641;94;2;1;2;1;1;2;1;1;2;1;1;3;1;1;1;1;3;1;4;3;;;;;700000;;1;;;;;;;;;;3
20230311;03;2023;7383156;1;1;01;94;1;56.004549464;94;1;5;3;1;1;2;1;1;2;2;1;1;1;1;1;1;3;5;4;3;;;;;250000;;;;;;;;;1;;;7
20230311;03;2023;7383157;1;1;01;94;1;55.688553806;94;1;5;4;1;1;2;1;1;2;2;1;1;1;1;1;1;3;5;4;1;;;6000000;700000;;;;;;;;;;1;;;1
20230311;03;2023;7383158;1;1;01;94;1;55.688553806;94;2;1;4;1;1;2;1;1;2;2;1;2;1;1;1;1;3;1;4;4;;;;550000;;;;;;;;;;1;;;1
20230311;03;2023;7383159;1;1;01;94;1;60.370148041;94;2;1;2;1;1;2;1;1;2;1;1;3;2;1;1;1;3;1;4;1;;;100000000;800000;;;1;;;;;;;;;;4
20230311;03;2023;7383160;1;1;01;94;1;53.761295119;94;1;1;4;1;1;2;1;1;2;2;1;4;1;1;1;1;3;1;4;1;;;120000000;800000;;;1;;;;;;;;;;2
20230311;03;2023;7383161;1;1;01;94;1;56.627975097;94;1;1;4;1;1;2;1;1;2;2;1;4;2;2;1;1;3;1;4;1;;;90000000;450000;;;1;;;;;1;;;;;2
20230311;03;2023;7383162;1;1;01;94;1;55.94391451;94;2;1;4;1;1;2;1;1;2;2;1;3;2;1;1;1;3;1;4;4;;;;500000;;;;;;;;;;1;;;3
20230311;03;2023;7383164;1;1;01;94;1;58.807301118;94;1;5;2;1;1;2;1;1;2;2;1;3;2;1;1;1;3;1;4;4;;;;500000;;;;;;;;;;1;;;8
20230311;03;2023;7383165;1;1;01;94;1;55.688553806;94;2;1;2;1;1;2;1;1;2;2;1;1;1;1;1;1;3;6;;3;;;;;400000;;1;;;;;;;;;;1
20230311;03;2023;7383166;1;1;01;94;1;55.688553806;94;1;1;2;1;1;2;1;1;2;1;1;2;1;1;1;1;3;6;;4;;;;500000;;;;;;;;;;1;;;1
20230311;03;2023;7383167;1;1;01;94;1;60.359214766;94;1;1;4;1;1;2;1;1;2;2;1;3;2;1;1;1;3;1;4;1;;;7000000;550000;;;;;;;;;;1;;;3
20230311;03;2023;7383168;1;1;01;94;1;56.954202756;94;2;1;4;1;1;2;1;1;2;2;1;2;1;1;1;1;3;1;4;3;;;;;350000;;;;;;;;;1;;;1
20230311;03;2023;7383169;1;1;01;94;1;56.954202756;94;2;1;4;1;1;2;1;1;2;2;1;2;1;1;1;1;3;1;4;3;;;;;550000;;;;;;;;;1;;;1
20230311;03;2023;7383171;1;1;01;94;1;55.688553806;94;1;1;2;1;2;2;1;1;2;1;1;3;1;1;1;1;3;1;4;1;;;200000000;600000;;;;;;;;;;1;;;1
20230311;03;2023;7383173;1;1;01;94;1;56.515630667;94;2;1;4;1;2;2;1;1;2;1;1;4;3;1;1;1;3;1;4;3;;;;;1000000;;;;;;;;;1;;;6
20230311;03;2023;7383174;1;1;01;94;1;53.761295119;94;2;1;4;1;1;2;1;1;2;2;1;3;1;1;1;1;3;1;4;1;;;90000000;500000;;;1;;;;;1;;;;;2
20230311;03;2023;7383175;1;1;01;94;1;50.030734448;94;2;1;4;1;1;2;1;1;2;2;1;4;3;1;1;1;3;1;4;3;;;;;750000;;;;;;;;;1;;;6
20230311;03;2023;7383176;1;1;01;94;1;56.052965569;94;2;5;2;1;1;2;1;1;2;2;1;2;1;1;1;1;3;1;4;3;;;;;500000;;;;;;;;;1;;;4
20230311;03;2023;7383177;1;1;01;94;1;51.950824574;94;1;1;4;1;1;2;1;1;2;2;1;3;2;1;1;1;3;1;4;1;;;120000000;450000;;;;;;;;;;1;;;3
20230311;03;2023;7383178;1;1;01;94;1;54.983142735;94;1;1;4;1;1;2;1;1;2;2;1;3;2;1;1;1;3;1;4;3;;;;;450000;;;;;;;;;1;;;2
20230311;03;2023;7383180;1;1;01;95;1;99.337186959;95;3;1;2;1;2;1;1;1;2;1;1;2;2;1;2;1;1;3;3;3;;;;;250000;;;;;;;;;1;;;7
20230311;03;2023;7383181;1;1;01;95;1;144.7403022;95;3;1;2;1;2;1;1;1;2;1;1;4;3;1;1;1;1;3;3;6;;;;250000;;;1;;;;;;;;;;3
20230311;03;2023;7383182;1;1;01;95;1;152.05075163;95;3;1;2;1;2;2;1;1;2;1;1;3;2;1;2;1;1;1;4;4;;;;300000;;;;;;;;;;1;;;4
20230311;03;2023;7383183;1;1;01;95;1;112.44776133;95;2;1;4;1;2;2;1;1;2;1;1;3;2;1;1;1;1;3;4;6;;;;550000;;;;;;;;;;1;;;3
20230311;03;2023;7383184;1;1;01;95;1;115.72753607;95;1;1;4;1;1;2;1;1;2;1;1;4;4;1;1;1;1;1;4;3;;;;;450000;;1;;;;;;;;;;7
20230311;03;2023;7383185;1;1;01;95;1;107.50068483;95;1;1;4;1;2;2;1;1;2;1;1;3;2;1;1;1;10;1;4;1;;;80000000;400000;;;1;;;;;;;;;;2
20230311;03;2023;7383186;1;1;01;95;1;83.494969368;95;2;1;4;1;3;1;1;1;2;1;1;4;3;1;1;1;10;3;3;1;;;180000000;600000;;;1;;;;;;;;;;4
20230311;03;2023;7383187;1;1;01;95;1;83.494969368;95;2;1;4;1;2;2;1;1;2;1;1;3;2;1;1;1;1;3;4;3;;;;;450000;;;;;;;;;1;;;4
20230311;03;2023;7383188;1;1;01;95;1;79.927200917;95;2;1;4;1;2;2;1;1;2;1;1;3;1;1;1;1;10;3;4;3;;;;;400000;;1;;;;;;;;;;2
20230311;03;2023;7383189;1;1;01;95;1;101.12793053;95;2;1;4;1;2;1;1;1;2;1;1;3;2;1;1;1;1;3;3;3;;;;;450000;;;;;;;;;1;;;5
20230311;03;2023;7383190;1;1;01;95;1;133.18828119;95;2;1;4;1;2;2;1;1;2;1;1;3;2;1;1;1;3;3;4;3;;;;;400000;;;;;;;;;1;;;4
20230311;03;2023;7383191;1;1;01;95;1;136.98393412;95;2;1;4;1;2;2;1;1;2;1;1;2;1;1;1;1;10;3;4;3;;;;;300000;;;;;;;;;1;;;4
20230311;03;2023;7383193;1;1;01;95;1;59.61901833;95;3;1;4;1;2;1;1;1;2;1;1;2;1;1;1;1;1;3;3;1;;;30000000;250000;;;1;;;;;;;;;;1
20230311;03;2023;7383194;1;1;01;95;1;53.911984885;95;2;1;4;1;2;1;1;1;2;1;1;3;2;1;1;1;10;3;3;3;;;;;550000;;1;;;;;;;;;;2
20230311;03;2023;7383195;1;1;01;95;1;121.74882056;95;2;1;4;1;2;1;1;1;2;1;1;3;1;1;1;1;1;3;3;4;;;;550000;;;;;;;;;;1;;;1
20230311;03;2023;7383196;1;1;01;95;1;131.130564;95;1;1;4;1;2;1;1;1;2;1;1;3;1;1;1;1;1;3;3;1;;;60000000;300000;;;1;;;;;;;;;;2
20230311;03;2023;7383197;1;1;01;95;1;76.511073523;95;2;1;4;1;2;2;1;1;2;1;1;3;1;1;1;1;3;4;4;3;;;;;450000;1;;;;;;;;;;;1
20230311;03;2023;7383199;1;1;01;95;1;76.511073523;95;2;1;4;1;2;2;1;1;2;1;1;2;1;1;1;1;1;3;4;3;;;;;300000;;;;;;;;;1;;;1
20230311;03;2023;7383200;1;1;01;95;1;79.927200917;95;4;1;4;1;2;2;1;1;2;2;1;3;2;1;1;1;3;3;4;1;;;100000000;500000;;;1;;;;;;;;;;2
20230311;03;2023;7383203;1;1;01;97;1;49.264118618;97;1;1;4;1;1;2;2;1;2;1;1;3;1;2;1;1;5;1;1;4;;;;140000;;;;;;;;;;1;;;1
20230311;03;2023;7383205;1;1;01;97;1;11.462519859;97;2;5;3;1;1;2;1;1;2;1;1;3;2;1;1;1;10;3;1;3;;;;;700000;;1;;;;;;;;;;3
20230311;03;2023;7383206;1;1;01;97;1;11.462519859;97;1;5;2;1;1;2;1;1;2;1;1;3;2;1;1;1;1;1;1;4;;;;200000;;;1;;;;;;;;;;3
20230311;03;2023;7383207;1;1;01;97;1;49.264118618;97;2;1;2;1;1;2;1;1;2;1;1;1;1;1;1;1;10;2;1;3;;;;;350000;;;;;;;;;1;;;1
20230311;03;2023;7383211;1;1;01;97;1;11.462519859;97;2;5;2;1;1;2;1;1;2;1;1;4;2;1;1;1;10;3;1;1;;;40000000;500000;;;;;;;;;;1;;;3
20230311;03;2023;7383212;1;1;01;97;1;11.462519859;97;2;1;4;1;1;2;1;1;2;1;1;2;1;1;1;1;10;4;1;1;;;30000000;800000;;;1;;;;1;1;;;;;3
20230311;03;2023;7383214;1;1;01;97;1;30.653229363;97;2;1;2;1;1;2;1;1;2;1;1;3;1;1;1;1;10;3;1;3;;;;;800000;;1;;;;;;;;;;1
20230311;03;2023;7383216;1;1;01;97;1;49.264118618;97;3;5;2;1;1;2;1;1;2;1;1;1;1;1;2;1;10;6;;3;;;;;350000;;1;;;;;;;;;;1
20230311;03;2023;7383217;1;1;01;97;1;12.30914612;97;1;5;2;1;1;2;1;1;2;1;1;3;1;1;1;1;5;1;5;1;;;2500000;250000;;;;;;;;;;1;;;2
20230311;03;2023;7383218;1;1;01;99;1;42.920808315;99;1;5;2;1;1;2;2;1;2;2;1;3;2;2;1;1;3;1;2;4;;;;300000;;;;;;;;;;1;;;5
20230311;03;2023;7383219;1;1;01;99;1;23.279017862;99;1;8;1;1;1;2;2;1;2;2;1;3;2;2;1;1;3;2;2;5;;;;200000;;;;;;;;;;1;;;6
20230311;03;2023;7383220;1;1;01;99;1;51.973001327;99;1;8;2;1;1;2;2;1;2;2;1;2;1;2;1;1;3;1;4;5;;;;500000;;;1;;;;;;;;;;3
20230311;03;2023;7383221;1;1;01;99;1;58.822884234;99;2;1;4;1;2;2;1;1;2;1;1;3;2;2;1;1;1;1;4;4;;;;500000;;;1;;;;;;;;;;2
20230311;03;2023;7383222;1;1;01;99;1;26.121919505;99;3;1;2;1;1;2;1;1;2;1;1;1;1;2;2;1;1;2;4;3;;;;;200000;;;;;;;;;1;;;4
20230311;03;2023;7383223;1;1;01;99;1;52.973272896;99;2;1;4;1;2;2;1;1;2;1;1;3;1;2;1;1;1;1;4;3;;;;;450000;;;;;;;;;1;;;2
20230311;03;2023;7383225;1;1;01;99;1;40.151792214;99;2;1;2;1;2;2;1;1;2;1;1;2;1;2;1;1;1;1;4;1;;;50000000;350000;;;1;;;;;1;;;;;3
20230311;03;2023;7383226;1;1;01;99;1;47.123661559;99;1;1;4;1;1;2;1;1;2;1;1;3;2;2;1;1;1;1;4;3;;;;;700000;;1;;;;;;;;;;2
20230311;03;2023;7383228;1;1;01;99;1;37.341782219;99;2;1;2;1;2;2;1;1;2;1;1;2;1;2;1;1;1;1;4;3;;;;;320000;;1;;;;;;;;;;2
20230311;03;2023;7383229;1;1;01;99;1;15.364151789;99;1;1;4;1;1;2;1;1;2;1;1;3;2;2;1;1;1;1;4;3;;;;;450000;;1;;;;;;;;;;5
20230311;03;2023;7383230;1;1;01;99;1;39.547596201;99;1;1;4;1;1;2;1;1;2;1;1;3;1;2;1;1;1;1;4;3;;;;;500000;;1;;;;;;;;;;3
20230311;03;2023;7383231;1;1;01;99;1;50.767458914;99;3;1;2;1;1;2;1;1;2;1;1;1;1;2;2;1;1;1;4;4;;;;200000;;;1;;;;1;;;;;;1
20230311;03;2023;7383232;1;1;01;99;1;58.822884234;99;1;1;2;1;1;2;1;1;2;1;1;3;2;2;1;1;1;1;4;1;;;150000000;400000;;;;;;;;;;1;;;2
20230311;03;2023;7383234;1;1;01;99;1;61.028698216;99;1;1;2;1;1;2;1;1;2;1;1;3;2;2;1;1;1;1;4;1;;;80000000;700000;;;1;;;;;;;;;;3
20230311;03;2023;7383235;1;1;01;99;1;44.917847576;99;2;1;2;1;2;2;1;1;2;1;1;2;1;2;1;1;10;1;4;3;;;;;350000;;1;;;;;;;;;;1
20230311;03;2023;7383236;1;1;01;99;1;20.876504181;99;3;1;2;1;1;2;1;1;2;1;1;2;2;2;2;1;1;2;4;3;;;;;200000;;;;;;;;;1;;;4
20230311;03;2023;7383237;1;1;01;99;1;34.302180876;99;3;1;2;1;1;2;1;1;2;1;1;2;1;2;2;1;1;5;5;3;;;;;120000;;;;;;;;;1;;;3
20230313;03;2023;7383313;1;1;01;;1;1206.2070465;08;2;1;2;1;2;1;2;1;3;1;1;4;3;2;1;1;1;1;3;1;;;60000000;300000;;;1;;;;;;;;;;8
20230313;03;2023;7383314;1;1;01;;1;1633.6202961;08;2;1;2;1;2;2;2;1;3;1;1;2;1;2;1;1;1;6;;1;;;20000000;100000;;;1;;;;;;;;;;1
20230313;03;2023;7383315;1;1;01;;1;618.05670076;08;2;1;2;1;2;1;2;1;3;1;1;4;3;2;1;1;1;1;3;1;;;50000000;350000;;;1;;;;;;;;;;5
20230313;03;2023;7383316;1;1;01;;1;1108.8050214;08;1;1;2;1;2;1;2;1;3;1;1;3;2;2;1;1;1;1;3;1;;;45000000;200000;;;;;;;;;;1;;;3
20230313;03;2023;7383317;1;1;01;;1;1619.55262;08;2;1;4;1;2;1;2;1;3;1;1;2;1;2;1;1;1;5;3;4;;;;250000;;;1;;;;;;;;;;4
20230313;03;2023;7383318;1;1;01;;1;732.52529053;08;1;1;4;1;2;1;2;1;3;1;1;5;3;2;1;1;1;3;3;1;;;80000000;500000;;;;;;;;;;1;;;3
20230313;03;2023;7383320;1;1;01;;1;1386.7694987;08;2;1;2;1;2;1;2;1;3;1;1;2;1;6;;1;1;1;3;4;;;;200000;;;;;;;;;;1;;;4
20230313;03;2023;7383322;1;1;01;;1;1036.9143913;08;1;1;1;1;2;2;2;1;3;1;1;3;2;2;1;1;1;5;5;5;;;;150000;;;;;;;;;;1;;;5
20230313;03;2023;7383323;1;1;01;;1;1907.1552414;08;1;1;2;1;2;2;2;1;3;1;1;3;2;6;;1;1;5;5;1;;;4500000;200000;;;1;;;;;;;;;;6
20230313;03;2023;7383324;1;1;01;;1;1476.3213401;08;2;1;4;1;2;2;1;1;3;1;1;2;1;1;1;1;1;4;4;4;;;;180000;;;;;;;;;;1;;;4
20230313;03;2023;7383327;1;1;01;;1;928.50338668;08;1;1;4;1;2;1;1;1;3;1;1;4;3;1;1;1;1;1;3;1;;;250000000;400000;;;1;;;;;;;;;;4
20230313;03;2023;7383328;1;1;01;;1;601.97195304;08;2;1;4;1;2;1;1;1;3;1;1;4;3;1;1;1;1;1;3;1;;;65000000;350000;;;1;;;;;;;;;;5
20230313;03;2023;7383329;1;1;01;;1;1115.0527855;08;1;1;4;1;2;1;1;1;3;1;1;4;2;1;1;1;1;1;3;4;;;;350000;;;1;;;;;;;;;;5
20230313;03;2023;7383330;1;1;01;;1;1496.7618704;08;1;1;4;1;2;1;1;1;3;1;1;3;2;1;1;1;1;1;3;1;;;75000000;300000;;;1;;;;;;;;;;6
20230313;03;2023;7383331;1;1;01;;1;3503.6959208;13;1;1;4;1;1;1;2;1;3;1;1;3;2;2;1;1;1;3;3;4;;;;250000;;;;;;;;;;1;;;2
20230313;03;2023;7383332;1;1;01;;1;2605.2546141;13;1;1;2;1;1;1;2;1;3;1;1;3;1;2;1;1;1;1;3;1;;;30000000;150000;;;;;;;;;;1;;;2
20230313;03;2023;7383333;1;1;01;;1;3953.6958245;13;1;1;4;1;1;1;2;1;3;1;2;2;1;2;2;1;9;1;4;4;;;;400000;;;;;;;;;;1;;;2
20230313;03;2023;7383333;2;2;01;;1;3953.6958245;13;1;1;4;1;1;1;2;1;3;1;2;2;1;2;2;4;9;1;4;4;;;;200000;;;;;;;;;;1;;;1
20230313;03;2023;7383334;1;1;01;;1;2605.2546141;13;1;1;4;1;1;1;2;1;3;1;1;3;1;2;1;3;1;1;3;1;;;99;150000;;;;;;;;;;1;;;2
20230313;03;2023;7383335;1;1;01;;1;3551.0378816;13;1;1;4;1;1;1;2;1;3;1;1;4;2;2;1;1;9;1;3;1;;;20000000;300000;;;;;;;;;;1;;;4
20230313;03;2023;7383336;1;1;01;;1;3062.6741707;13;1;1;2;1;1;1;2;1;3;1;1;3;1;2;1;3;1;1;3;1;;;99;150000;;;;;;;;;;1;;;1
20230313;03;2023;7383337;1;1;01;;1;2605.2546141;13;1;1;4;1;1;1;2;1;3;1;1;3;2;2;1;1;1;1;3;1;;;98;100000;;;;;;;;;;1;;;2
20230313;03;2023;7383338;1;1;01;;1;4567.966197;13;1;1;2;1;1;1;2;1;3;1;2;2;1;2;2;1;1;1;3;4;;;;150000;;;;;;;;;;1;;;3
20230313;03;2023;7383338;2;2;01;;1;4567.966197;13;1;1;2;1;1;1;2;1;3;1;2;3;2;2;2;3;1;1;3;4;;;;150000;;;1;;;;;;;;;;4
20230313;03;2023;7383339;1;1;01;;1;2996.9360527;13;1;1;4;1;1;1;2;1;3;1;1;4;1;2;1;1;1;1;3;1;;;150000000;600000;;;1;;;;;;;;;;2
20230313;03;2023;7383340;1;1;01;;1;3895.3773594;13;1;1;1;1;1;2;2;1;3;2;1;2;1;2;1;1;2;5;5;4;;;;50000;;;;;;;;;;1;;;2
20230313;03;2023;7383341;1;1;01;;1;3944.7176708;13;1;1;4;1;1;1;2;1;3;1;1;4;3;2;1;3;1;1;3;1;;;15000000;150000;;;1;;;;;;;;;;3
20230313;03;2023;7383342;1;1;01;;1;2369.906959;13;1;4;2;1;1;1;2;1;3;1;1;2;1;4;1;1;1;5;3;4;;;;150000;;;;;;;;;;1;;;4
20230313;03;2023;7383343;1;1;01;;1;2582.667206;13;1;1;2;1;1;1;2;1;3;1;1;3;2;2;1;1;1;1;3;1;;;40000000;150000;;;;;;;;;;1;;;6
20230313;03;2023;7383344;1;1;01;;1;4674.4528312;13;1;1;4;1;1;1;2;1;3;1;1;3;1;2;1;1;1;1;3;1;;;98;250000;;;;;;;;;;1;;;2
20230313;03;2023;7383345;1;1;01;;1;3064.6936346;13;1;1;4;1;1;1;2;1;3;1;2;2;2;2;1;1;1;3;3;4;;;;150000;;;;;;;;;;1;;;3
20230313;03;2023;7383345;2;2;01;;1;3064.6936346;13;1;1;4;1;1;1;2;1;3;1;2;2;1;2;2;1;1;3;3;4;;;;120000;;;;;;;;;;1;;;4
20230313;03;2023;7383346;1;1;01;;1;6910.3981417;13;1;1;2;1;1;1;2;1;3;1;2;2;1;2;2;1;1;1;3;1;;;98;180000;;;;;;;;;;1;;;3
20230313;03;2023;7383346;2;2;01;;1;6910.3981417;13;1;1;2;1;1;1;2;1;3;1;2;2;1;2;2;1;1;1;3;4;;;;60000;;;;;;;;;;1;;;2
20230313;03;2023;7383347;1;1;01;;1;3126.3055369;13;1;1;2;1;1;1;2;1;3;1;1;3;1;2;1;1;1;1;3;1;;;38600000;150000;;;;;;;;;;1;;;2
20230313;03;2023;7383348;1;1;01;;1;4571.9307523;13;1;1;4;1;1;1;2;1;3;1;1;3;2;2;1;1;1;1;3;1;;;48000000;360000;;;;;;;;;;1;;;4
20230313;03;2023;7383349;1;1;01;;1;4683.489964;13;1;1;2;1;1;2;2;1;3;1;1;3;2;2;1;1;1;1;4;1;;;98;250000;;;;;;;;;;1;;;3
20230313;03;2023;7383350;1;1;01;;1;4204.4351049;13;1;1;4;1;1;1;2;1;3;1;1;3;1;2;1;1;1;1;3;4;;;;250000;;;;;;;;;;1;;;2
20230313;03;2023;7383352;1;1;01;;1;2037.6222865;13;1;1;2;1;1;1;2;1;3;1;1;3;2;2;1;1;1;1;3;3;;;;;230000;;1;;;;;;;;;;4
20230313;03;2023;7383353;1;1;01;;1;967.64172233;44;1;1;4;1;1;1;1;1;1;1;1;3;2;1;1;1;1;1;3;3;;;;;150000;;;;;;;;;1;;;5
20230313;03;2023;7383354;1;1;01;;2;1292.8294004;44;5;4;1;2;;2;2;2;;2;1;1;1;6;;4;4;5;5;5;;;;100000;;;1;;;;;;;;;;6
20230313;03;2023;7383355;1;1;01;;2;1691.2144262;44;5;4;1;2;;2;2;2;;2;1;1;1;6;;4;4;5;5;6;;;;80000;;;;;;;;;;1;;;5
20230313;03;2023;7383356;1;1;01;;2;1904.7639328;44;5;4;1;2;;2;2;2;;2;1;2;1;6;;4;4;5;5;6;;;;50000;;;;;;;;;;1;;;1
20230313;03;2023;7383357;1;1;01;;2;2168.1728303;44;5;4;1;2;;2;2;2;;2;1;1;1;6;;4;4;5;5;5;;;;150000;;;;;;;;;;1;;;2
20230313;03;2023;7383358;1;1;01;;2;2242.4601352;44;5;4;1;2;;2;2;2;;2;1;1;1;6;;5;4;5;5;6;;;;80000;;;1;;;;;;;;;;4
20230313;03;2023;7383359;1;1;01;;2;1554.6122572;44;5;4;1;2;;2;2;2;;2;1;2;1;6;;4;4;5;5;6;;;;60000;;;;;;;;;;1;;;4
20230313;03;2023;7383360;1;1;01;;2;2009.0914693;44;5;4;1;2;;2;2;2;;2;1;1;1;6;;4;4;5;5;4;;;;90000;;;1;;;;;;;;;;4
20230313;03;2023;7383361;1;1;01;;2;1782.5968835;44;5;4;1;2;;2;2;2;;2;1;1;1;6;;4;4;5;5;6;;;;98;;;;;;;;;;1;;;2
20230313;03;2023;7383362;1;1;01;;2;2105.8579661;44;5;4;1;2;;2;2;2;;2;1;2;1;6;;4;4;5;5;6;;;;98;;;;;;;;;;1;;;3
20230313;03;2023;7383363;1;1;01;;2;1751.3260323;44;5;4;1;2;;2;2;2;;2;1;1;1;6;;3;4;5;5;5;;;;80000;;;;;;;;;;1;;;6
20230313;03;2023;7383364;1;1;01;;2;2215.6091269;44;5;4;1;2;;2;2;2;;2;1;1;1;6;;4;4;5;5;5;;;;90000;;;1;;;;;;;;;;2
20230313;03;2023;7383365;1;1;01;;2;1477.1357289;44;5;4;1;2;;2;2;2;;2;1;1;1;6;;4;4;5;5;6;;;;98;;;;;;;;;;1;;;3
20230313;03;2023;7383366;1;1;01;;2;2632.4677008;44;5;4;1;2;;2;2;2;;2;1;1;1;6;;4;4;5;5;5;;;;100000;;;;;;;;;;1;;;6
20230313;03;2023;7383367;1;1;01;;2;1651.2504356;44;5;4;1;2;;2;2;2;;2;1;1;1;6;;4;4;5;5;6;;;;60000;;;;;;;;;;1;;;1
20230313;03;2023;7383368;1;1;01;;2;1770.3767977;44;5;4;1;2;;2;2;2;;2;1;1;1;6;;5;4;5;5;6;;;;100000;;;1;;;;;;;;;;6
20230313;03;2023;7383369;1;1;01;;2;2019.1547727;44;1;1;2;2;;2;2;2;;2;1;2;1;6;;4;4;5;5;6;;;;98;;;1;;;;;;;;;;1
20230313;03;2023;7383370;1;1;01;;2;1651.2504356;44;5;4;1;2;;2;2;2;;2;1;1;1;6;;5;4;5;5;5;;;;100000;;;;;;;;;;1;;;1
20230313;03;2023;7383371;1;1;01;;2;2105.8579661;44;5;4;1;2;;2;2;2;;2;1;1;1;2;1;4;4;5;5;6;;;;98;;;;;;;;;;1;;;3
20230313;03;2023;7383372;1;1;01;;2;2022.0761333;44;5;4;1;2;;2;2;2;;2;1;1;1;6;;4;4;5;5;5;;;;150000;;;;;;;;;;1;;;4
20230313;03;2023;7383373;1;1;01;;2;1610.3102623;44;5;4;1;2;;2;2;2;;2;1;1;1;6;;5;4;5;5;6;;;;90000;;;;;;;;;;1;;;7
20230313;03;2023;7383374;1;1;01;;2;2380.8849077;44;5;4;1;2;;2;2;2;;2;1;1;1;6;;4;4;5;5;6;;;;70000;;;;;;;;;;1;;;2
20230313;03;2023;7383375;1;1;01;;2;1553.8152037;44;5;4;1;2;;2;2;2;;2;1;1;1;6;;4;4;5;5;5;;;;150000;;;;;;;;;;1;;;2
20230313;03;2023;7383376;1;1;01;;2;2374.839024;44;5;4;1;2;;2;2;2;;2;1;1;1;6;;4;4;5;5;6;;;;100000;;;;;;;;;;1;;;5
20230313;03;2023;7383377;1;1;01;;2;2198.7818373;44;5;4;1;2;;2;2;2;;2;1;1;1;6;;4;4;5;5;6;;;;98;;;;;;;;;;1;;;3
20230313;03;2023;7383378;1;1;01;;2;2293.3450761;44;5;4;1;2;;2;2;2;;2;1;1;1;6;;4;4;5;5;5;;;;100000;;;;;;;;;;1;;;4
20230313;03;2023;7383379;1;1;01;;2;2373.0248624;44;5;4;1;2;;2;2;2;;2;1;1;1;6;;4;4;5;5;6;;;;90000;;;;;;;;;;1;;;3
20230313;03;2023;7383380;1;1;01;;2;1633.7544109;44;5;4;1;2;;2;2;2;;2;1;1;1;6;;4;4;5;5;6;;;;98;;;;;;;;;;1;;;2
20230313;03;2023;7383381;1;1;01;;2;1641.3154506;44;5;4;1;2;;2;2;2;;2;1;1;1;6;;4;4;5;5;5;;;;90000;;;;;;;;;;1;;;6
20230313;03;2023;7383382;1;1;01;;2;2410.6572766;44;5;4;1;2;;2;2;2;;2;1;1;1;6;;5;4;5;5;6;;;;100000;;;;;;;;;;1;;;7
20230313;03;2023;7383383;1;1;01;;2;2023.7619765;44;1;1;4;2;;2;2;2;;2;1;2;2;2;1;4;4;5;5;5;;;;150000;;;;;;;;;;1;;;4
20230313;03;2023;7383384;1;1;01;;2;2202.6244629;44;5;4;1;2;;2;2;2;;2;1;1;1;6;;4;4;5;5;6;;;;70000;;;;;;;;;;1;;;2
20230313;03;2023;7383385;1;1;01;;2;1817.7532919;44;5;4;1;2;;2;2;2;;2;1;1;1;6;;4;4;5;5;5;;;;180000;;;1;;;;;;;;;;9
20230313;03;2023;7383386;1;1;01;;2;2683.8700565;44;4;1;2;2;;2;2;2;;2;1;1;1;6;;4;4;5;5;6;;;;90000;;;;;;;;;;1;;;4
20230313;03;2023;7383387;1;1;01;;2;2653.2610495;44;5;4;1;2;;2;2;2;;2;1;2;1;6;;4;4;5;5;6;;;;150000;;;1;;;;;;;;;;3
20230313;03;2023;7383388;1;1;01;;2;1300.3017064;44;5;4;1;2;;2;2;2;;2;1;1;1;6;;4;4;5;5;5;;;;90000;;;;;;;;;;1;;;2
20230313;03;2023;7383389;1;1;01;;2;1505.4131595;44;5;4;1;2;;2;2;2;;2;1;1;1;6;;5;4;5;5;6;;;;100000;;;;;;;;;;1;;;4
20230313;03;2023;7383390;1;1;01;;2;1834.7201258;44;5;4;1;2;;2;2;2;;2;1;2;1;6;;4;4;5;5;6;;;;80000;;;;;;;;;;1;;;2
20230313;03;2023;7383391;1;1;01;;2;935.11668514;44;5;4;1;2;;2;2;2;;2;1;1;1;6;;4;4;5;5;5;;;;100000;;;;;;;;;;1;;;5
20230313;03;2023;7383392;1;1;01;;2;1414.6925463;44;5;4;1;2;;2;2;2;;2;1;1;1;6;;4;4;5;5;6;;;;90000;;;;;;;;;;1;;;2
20230313;03;2023;7383393;1;1;01;;2;1651.2504356;44;5;4;1;2;;2;2;2;;2;1;1;1;6;;4;4;5;5;6;;;;90000;;;;;;;;;;1;;;1
20230313;03;2023;7383394;1;1;01;;2;775.76822342;70;1;1;2;1;1;2;2;2;;1;1;5;4;6;;4;1;4;1;4;;;;200000;;;;;;;;;;1;;;5
20230313;03;2023;7383395;1;1;01;;1;7154.787408;25;2;1;4;1;2;1;1;1;2;1;1;3;1;1;1;1;1;1;3;3;;;;;700000;;1;;;;;;;;;;1
20230313;03;2023;7383396;1;1;01;;1;5250.502752;25;1;1;2;1;2;1;1;1;2;1;1;3;1;1;1;1;1;1;3;3;;;;;480000;;;;;;;;;1;;;1
20230313;03;2023;7383397;1;1;01;;1;8960.4029542;25;2;1;4;1;2;1;1;1;2;1;1;3;2;1;1;1;1;1;3;2;;400000;100000000;600000;;;1;;1;;1;;;;;;5
20230313;03;2023;7383399;1;1;01;;1;6717.0070765;25;2;1;4;1;2;1;1;1;3;1;1;3;2;1;1;1;1;1;3;3;;;;;500000;;;;;;;;;1;;;3
20230313;03;2023;7383400;1;1;01;;1;8098.1295536;25;2;1;4;1;2;1;1;1;3;1;1;2;1;1;1;1;1;1;3;3;;;;;520000;;1;;;1;;;;;;;2
20230313;03;2023;7383401;1;1;01;;1;8098.1295536;25;2;1;4;1;2;1;1;1;3;1;1;4;2;1;1;1;1;1;3;3;;;;;260000;;1;;;;;;;;;;2
20230313;03;2023;7383402;1;1;01;;1;5971.7195573;25;2;1;4;1;2;1;1;1;3;1;1;3;1;1;1;1;1;1;3;1;;;100000000;600000;;;1;;;;;1;;;;;1
20230313;03;2023;7383403;1;1;01;;1;10062.805864;25;2;1;4;1;4;1;1;1;3;1;1;4;3;1;1;1;1;1;3;1;;;150000000;800000;;;1;;;;;;;;;;4
20230313;03;2023;7383404;1;1;01;;1;9752.3790288;25;2;1;4;1;4;1;1;1;3;1;1;3;2;1;1;1;1;1;3;2;;300000;160000000;700000;;;1;;;;1;;;;;;2
20230313;03;2023;7383405;1;1;01;;1;9752.3790288;25;2;1;3;1;4;1;1;1;3;1;1;4;1;1;1;1;1;1;3;2;;400000;100000000;800000;;;1;;1;;;1;;;;;2
20230313;03;2023;7383406;1;1;01;;1;6899.6505419;25;3;1;4;1;2;1;1;1;2;1;1;2;1;1;2;1;1;1;3;3;;;;;400000;;1;;;;;;;;;;2
20230313;03;2023;7383407;1;1;01;;1;6306.244243;25;2;1;4;1;2;1;1;1;2;1;1;1;1;1;1;1;1;1;3;3;;;;;520000;;1;;;;;;;;;;1
20230313;03;2023;7383408;1;1;01;;1;8872.7299862;25;1;1;4;1;2;1;1;1;3;1;1;4;3;1;1;1;1;1;3;1;;;98;600000;;1;1;;;;;;;;;;4
20230313;03;2023;7383409;1;1;01;;1;7154.787408;25;3;1;4;1;2;1;1;1;2;1;1;1;1;1;2;1;1;1;3;3;;;;;350000;;;;;;;;;1;;;1
20230313;03;2023;7383410;1;1;01;;1;6485.6296555;25;2;1;4;1;2;1;1;1;2;1;1;4;2;1;1;1;1;1;3;1;;;170000000;600000;;;;;;;;;;1;;;2
20230313;03;2023;7383411;1;1;01;;1;6306.244243;25;1;1;4;1;2;2;1;1;2;1;1;4;1;1;1;1;1;1;4;3;;;;;300000;;1;;;;;;;;;;1
20230313;03;2023;7383412;1;1;01;;1;6306.244243;25;2;1;4;1;2;2;1;1;3;1;1;2;1;1;1;1;1;6;;3;;;;;350000;;;;;;;;;1;;;1
20230313;03;2023;7383413;1;1;01;;1;5843.909051;25;2;1;4;1;2;1;1;1;2;1;1;3;1;1;1;1;1;1;3;2;;500000;120000000;900000;;;;;;;;;;1;;;2
20230313;03;2023;7383414;1;1;01;;1;2533.8428763;25;1;1;4;1;2;1;1;1;3;1;1;4;2;1;1;1;1;1;3;1;;;180000000;600000;;;1;;;;;;;;;;2
20230313;03;2023;7383415;1;1;01;;1;2254.7821955;25;2;1;4;1;2;1;1;1;3;1;1;3;2;1;1;1;1;1;3;1;;;98;98;;;;;;;;;;1;;;2
20230313;03;2023;7383416;1;1;01;;1;2501.3099338;25;2;1;4;1;2;1;1;1;3;1;1;4;3;1;1;1;1;1;3;2;;113000;200000000;800000;;1;1;1;1;1;;;;;;;5
20230313;03;2023;7383417;1;1;01;;1;2602.6189011;25;2;1;4;1;2;1;1;1;3;1;1;4;2;1;1;1;1;1;3;1;;;190000000;700000;;;1;;;;1;;;;;;3
20230313;03;2023;7383418;1;1;01;;1;1802.2254455;25;2;1;4;1;2;1;1;1;3;1;1;4;3;1;1;1;1;1;3;2;;312000;120000000;1000000;;;1;;;;;;;;;;3
20230313;03;2023;7383419;1;1;01;;1;2845.635442;25;1;1;4;1;2;1;1;1;3;1;1;5;3;1;1;1;1;1;3;1;;;60000000;1500000;;;1;;;;;1;;;;;4
20230313;03;2023;7383421;1;1;01;;1;1419.7401754;25;2;1;4;1;2;1;1;1;3;1;1;3;1;1;1;1;1;1;3;2;;240000;140000000;800000;;;1;;1;;;;;;;;1
20230313;03;2023;7383422;1;1;01;;1;2213.2720105;25;2;1;4;1;2;1;1;1;3;1;1;4;3;1;1;1;1;1;3;1;;;98;700000;;;1;;;;;1;;;;;4
20230313;03;2023;7383423;1;1;01;;2;1382.1574901;25;2;1;4;1;3;2;2;1;1;1;1;3;1;2;1;1;1;1;4;1;;;50000000;500000;;;1;;;;1;1;;;;;1
20230313;03;2023;7383424;1;1;01;;2;1540.5332758;25;1;1;2;1;3;2;2;1;1;1;1;3;2;2;1;1;1;1;4;3;;;;;500000;;1;;;;;;;;;;5
20230313;03;2023;7383425;1;1;01;;2;1382.1574901;25;1;1;4;1;3;2;2;1;1;1;1;4;1;2;1;1;1;1;4;1;;;98;1000000;;;1;;;;1;;;;;;1
20230313;03;2023;7383426;1;1;01;;2;1141.2085585;25;2;1;4;1;3;2;2;1;1;1;1;4;3;2;1;1;1;3;4;1;;;98;500000;;;1;;;;;;;;;;4
20230313;03;2023;7383427;1;1;01;;2;1840.0032368;25;1;1;4;1;3;2;2;1;1;1;1;3;1;2;1;1;1;1;4;4;;;;500000;;;1;;;;;;;;;;4
20230313;03;2023;7383428;1;1;01;;2;1151.3461584;25;1;1;2;1;3;2;2;1;1;1;1;3;1;2;1;1;1;1;4;4;;;;800000;;;;;;;;;;1;;;2
20230313;03;2023;7383429;1;1;01;;2;3184.0934297;25;1;1;4;1;3;2;2;1;1;1;1;6;5;2;1;1;1;1;4;3;;;;;500000;;;;;;;;;1;;;9
20230313;03;2023;7383431;1;1;01;;2;1882.6834025;25;1;1;4;1;3;2;2;1;1;1;1;3;1;2;1;1;1;1;4;3;;;;;500000;;;;;;;;;1;;;1
20230313;03;2023;7383432;1;1;01;;2;1470.5437982;25;1;1;4;1;2;2;2;1;1;1;1;4;3;2;1;1;1;1;4;1;;;120000000;800000;;;1;;;1;;1;;;;;4
20230313;03;2023;7383433;1;1;01;;2;1486.6848638;25;1;1;3;1;2;2;2;1;1;1;1;3;2;2;1;1;1;1;4;1;;;98;500000;;;1;;;;;;;;;;2
20230313;03;2023;7383434;1;1;01;;2;1876.5220043;25;1;1;4;1;2;2;2;1;1;1;1;4;4;2;1;1;1;2;4;3;;;;;700000;;;;;;;;;1;;;5
20230313;03;2023;7383435;1;1;01;;2;716.42102168;25;1;1;4;1;2;2;2;1;1;1;1;4;2;2;1;1;1;1;4;1;;;98;1000000;;;;;;;;;;1;;;2
20230313;03;2023;7383436;1;1;01;;2;1601.2273725;25;2;1;4;1;2;2;2;1;1;1;1;2;1;2;1;1;1;1;4;3;;;;;350000;;1;;;;;;;;;;4
20230313;03;2023;7383437;1;1;01;;2;1036.2115426;25;1;1;4;1;2;2;2;1;1;1;1;4;1;2;1;1;1;1;4;1;;;98;1000000;;;1;;;;;;;;;;2
20230313;03;2023;7383438;1;1;01;;2;2328.1239112;25;1;1;3;1;2;2;2;1;1;1;1;4;3;2;1;1;1;1;4;3;;;;;600000;;1;;;;;;;;;;5
20230313;03;2023;7383439;1;1;01;;2;1876.5220043;25;2;1;4;1;2;2;2;1;1;1;1;2;2;2;1;1;1;1;4;3;;;;;600000;;1;;;;;;;;;;5
20230313;03;2023;7383440;1;1;01;;2;1523.8598483;25;1;1;4;1;2;2;2;1;1;1;1;3;2;2;1;1;1;1;4;4;;;;800000;;;1;;;;;;;;;;3
20230313;03;2023;7383441;1;1;01;;2;1289.5934419;25;1;1;4;1;2;2;2;1;1;1;1;3;2;2;1;1;1;1;4;3;;;;;550000;;;;;;;;;1;;;3
20230313;03;2023;7383442;1;1;01;;1;2016.7080683;25;2;1;4;1;2;1;1;1;3;1;1;4;2;1;1;1;1;1;3;1;;;190000000;850000;;;1;;;;;;;;;;2
20230313;03;2023;7383443;1;1;01;;1;7455.0978355;25;2;1;4;1;4;1;1;1;3;1;1;4;2;1;1;1;1;1;3;3;;;;;800000;;1;;;;;;;;;;2
20230313;03;2023;7383444;1;1;01;;1;13453.979099;25;2;1;4;1;4;1;1;1;3;1;1;4;3;1;1;1;1;1;3;3;;;;;750000;;;;;;;;;1;;;7
20230313;03;2023;7383445;1;1;01;;1;8652.7879397;25;2;1;4;1;4;1;1;1;3;1;1;4;3;1;1;1;1;1;3;1;;;98;800000;;;1;;1;;;;;;;;5
20230313;03;2023;7383446;1;1;01;;2;307.47436489;11;2;1;2;1;1;2;2;1;1;1;1;2;1;2;1;1;1;1;4;4;;;;250000;;;;;;;;;;1;;;3
20230313;03;2023;7383447;1;1;01;;2;233.5151599;11;1;1;4;1;1;2;2;1;1;1;1;4;2;2;1;1;1;1;4;1;;;300000;400000;;;1;;;;;1;;;;;2
20230313;03;2023;7383448;1;1;01;;2;655.64470338;11;1;1;4;1;1;2;2;1;1;1;1;2;2;2;2;1;1;3;4;3;;;;;300000;;;;;;;;;1;;;4
20230313;03;2023;7383449;1;1;01;;2;364.74696139;11;1;1;2;1;1;2;2;1;1;1;1;6;3;2;1;1;1;1;4;1;;;98;400000;;;1;;;;;;;;;;5
20230313;03;2023;7383450;1;1;01;;2;496.69728468;11;2;1;2;1;1;2;2;1;1;1;1;1;1;2;1;1;1;1;4;1;;;10000000;300000;;;;;;;;;;1;;;3
20230313;03;2023;7383451;1;1;01;;2;484.58021636;11;1;1;4;1;1;2;2;1;1;1;1;1;1;2;1;1;1;3;4;3;;;;;150000;;;;;;;;;1;;;2
20230313;03;2023;7383452;1;1;01;;2;496.69728468;11;1;1;4;1;1;2;2;1;1;1;1;4;2;2;1;1;1;1;4;1;;;60000000;200000;;;;;;;1;;;;;;3
20230313;03;2023;7383453;1;1;01;;2;552.28921575;11;1;1;4;1;1;2;2;1;1;1;1;1;1;2;1;1;1;1;4;3;;;;;300000;;;;;;;;;1;;;1
20230313;03;2023;7383454;1;1;01;;2;496.69728468;11;1;1;4;1;1;2;2;1;1;1;1;3;2;2;1;1;1;1;4;1;;;98;400000;;;1;;;;;;;;;;3
20230313;03;2023;7383455;1;1;01;;2;707.00679618;11;1;1;4;1;1;2;2;1;1;1;1;3;3;2;1;1;1;1;4;2;;850000;40000000;350000;;;1;;;;1;;;;;;4
20230313;03;2023;7383456;1;1;01;;1;10794.870739;25;2;1;4;1;4;1;1;1;3;1;1;4;2;1;1;1;1;1;3;2;;400000;98;700000;;;1;;1;;;;;;;;3
20230313;03;2023;7383457;1;1;01;;1;9907.5924465;25;2;1;4;1;4;1;1;1;3;1;1;4;2;1;1;1;1;1;3;1;;;140000000;650000;;;1;;;;;1;;;;;3
20230313;03;2023;7383458;1;1;01;;1;8627.102797;25;2;1;4;1;4;1;1;1;3;1;1;4;3;1;1;1;1;1;3;1;;;190000000;750000;;;1;;;;;;;;;;3
20230313;03;2023;7383461;1;1;01;;1;8202.7402407;25;1;1;2;1;2;1;1;1;3;1;1;2;2;1;1;1;1;1;3;4;;;;650000;;;1;;;;;;;;;;4
20230313;03;2023;7383462;1;1;01;;1;7379.187275;25;1;1;4;1;2;1;1;1;3;1;1;5;4;1;1;1;1;1;3;3;;;;;1000000;;;;;;;;;1;;;4
20230313;03;2023;7383465;1;1;01;;1;9575.1178274;25;2;1;4;1;2;1;1;1;3;1;1;3;3;1;1;1;1;1;3;1;;;98;700000;;;;;;;;;;1;;;4
20230313;03;2023;7383466;1;1;01;;1;7949.7637867;25;2;1;4;1;2;1;1;1;3;1;1;2;1;1;2;1;1;1;3;3;;;;;400000;;;;;;;;;1;;;1
20230313;03;2023;7383467;1;1;01;;2;1810.1811388;25;1;1;4;2;;2;2;2;;1;1;3;1;2;1;5;2;1;4;1;;;100000000;400000;;;;;;;;;;1;;;2
20230313;03;2023;7383468;1;1;01;;1;1227.2448406;25;1;1;2;1;1;1;1;1;2;1;1;2;1;1;1;1;1;1;3;1;;;70000000;220000;;;;;;;;;;1;;;1
20230313;03;2023;7383469;1;1;01;;1;1256.2389024;25;1;1;2;1;1;1;1;1;2;1;1;2;1;1;1;1;1;1;3;1;;;40000000;98;;;;;;;;;;1;;;1
20230313;03;2023;7383470;1;1;01;;1;1256.2389024;25;1;1;2;1;1;1;1;1;2;1;1;3;1;1;1;1;1;1;3;1;;;99;150000;;;;;1;;;;;;;;1
20230313;03;2023;7383471;1;1;01;;1;2031.9696568;25;1;1;2;1;1;1;1;1;2;1;1;3;2;1;1;1;1;1;3;1;;;150000000;400000;;;;;;;;;;1;;;3
20230313;03;2023;7383472;1;1;01;;1;1298.1681866;25;1;1;4;1;2;1;1;1;2;1;1;4;1;1;1;1;1;1;3;1;;;150000000;99;;;;;;;;;;1;;;2
20230313;03;2023;7383473;1;1;01;;1;1507.7964748;25;1;1;2;1;1;1;1;1;2;1;1;2;1;1;1;1;1;1;3;1;;;60000000;200000;;;1;;;;;;;;;;3
20230313;03;2023;7383474;1;1;01;;1;1227.2448406;25;1;1;2;1;1;1;1;1;2;1;1;3;1;1;1;1;1;1;3;4;;;;300000;;;;;;;;;;1;;;1
20230313;03;2023;7383475;1;1;01;;1;1811.0514744;25;1;1;4;1;2;1;1;1;2;1;1;3;2;1;1;1;1;1;3;3;;;;;400000;;1;;;;;;;;;;2
20230313;03;2023;7383477;1;1;01;;1;1256.2389024;25;1;1;4;1;2;1;1;1;2;1;1;3;1;1;1;1;1;1;3;3;;;;;500000;;;;;;;;;1;;;1
20230313;03;2023;7383478;1;1;01;;1;1743.2728993;25;1;1;4;1;2;1;1;1;2;1;1;4;1;1;1;1;1;1;3;4;;;;300000;;;;;;;;;;1;;;2
20230313;03;2023;7383479;1;1;01;;1;1227.2448406;25;2;1;2;1;2;1;1;1;2;1;1;3;3;1;1;1;1;1;3;4;;;;450000;;;;;;;;;;1;;;1
20230313;03;2023;7383480;1;1;01;;1;2369.0088174;25;1;1;4;1;2;1;1;1;2;1;1;4;2;1;1;1;1;1;3;1;;;120000000;450000;;;1;;;;;;;;;;4
20230313;03;2023;7383481;1;1;01;;1;1586.8649441;25;1;1;2;1;1;1;1;1;2;1;1;3;2;1;1;1;1;1;3;1;;;99;99;;;1;;;;;;;;;;3
20230313;03;2023;7383482;1;1;01;;2;2801.5325266;25;1;5;1;1;2;2;2;2;;1;1;3;1;2;1;4;2;5;5;1;;;99;99;;;;;;;;;;1;;;2
20230313;03;2023;7383483;1;1;01;;2;6635.0554047;25;1;1;2;1;2;2;2;2;;1;1;2;2;2;1;5;2;1;5;3;;;;;300000;;;;;;;;;1;;;3
20230313;03;2023;7383484;1;1;01;;2;1936.9373072;25;1;1;2;1;2;2;2;2;;1;1;2;1;2;1;4;2;1;5;1;;;50000000;200000;;;;;;;;;;1;;;1
20230313;03;2023;7383485;1;1;01;;2;5420.2692365;25;1;5;2;1;2;2;2;2;;1;1;3;2;2;1;4;2;5;5;4;;;;99;;;;;;;;;;1;;;6
20230313;03;2023;7383486;1;1;01;;2;2701.0251261;25;1;1;2;1;2;2;2;2;;1;1;2;1;2;1;4;2;1;5;1;;;55000000;250000;;;;;;;;;;1;;;1
20230313;03;2023;7383487;1;1;01;;2;1936.9373072;25;1;1;4;1;2;2;2;2;;1;1;3;1;2;1;5;2;1;4;4;;;;200000;;;;;;;;;;1;;;2
20230313;03;2023;7383488;1;1;01;;2;2701.0251261;25;1;5;3;1;0;2;2;2;;1;1;2;1;2;1;5;2;1;1;1;;;98;98;;;;;;;;;;1;;;1
20230313;03;2023;7383489;1;1;01;;2;1936.9373072;25;1;1;2;1;2;2;2;2;;1;1;5;3;2;1;5;2;1;4;1;;;99000000;200000;;;;;;;;;;1;;;4
20230313;03;2023;7383490;1;1;01;;2;3363.158106;25;1;1;2;1;2;2;2;2;;1;1;4;1;3;1;4;2;1;4;4;;;;150000;;;;;;;;;;1;;;1
20230313;03;2023;7383491;1;1;01;;2;3363.158106;25;4;1;2;1;2;2;2;2;;1;1;1;1;2;1;4;2;2;5;4;;;;120000;;;;;;;;;;1;;;1
20230313;03;2023;7383492;1;1;01;;2;4019.4456745;25;1;1;2;1;2;2;2;2;;1;1;2;1;2;1;5;2;1;5;4;;;;220000;;;;;;;;;;1;;;2
20230313;03;2023;7383493;1;1;01;;2;3363.158106;25;1;1;2;1;0;2;2;2;;1;1;2;1;2;1;5;2;1;4;4;;;;100000;;;;;;;;;;1;;;1
20230313;03;2023;7383494;1;1;01;;2;2801.5325266;25;1;5;3;1;2;2;2;2;;1;1;2;1;2;1;5;2;1;5;1;;;85000000;300000;;;;;;;;;;1;;;2
20230313;03;2023;7383495;1;1;01;;2;3363.158106;25;1;1;2;1;2;2;2;2;;1;1;3;1;2;1;4;2;1;5;4;;;;99;;;;;;;;;;1;;;1
20230313;03;2023;7383496;1;1;01;;2;2801.5325266;25;1;5;3;1;2;2;2;2;;1;1;3;2;2;1;4;2;5;5;1;;;99;100000;;;;;;;;;;1;;;2
20230313;03;2023;7383499;1;1;01;;1;6653.5504513;25;1;1;2;1;2;1;1;1;2;1;1;3;1;1;1;1;1;1;3;3;;;;;300000;;;;;;;;;1;;;2
20230313;03;2023;7383500;1;1;01;;1;4578.594636;25;3;4;1;1;2;2;1;1;3;1;1;2;1;1;2;1;1;6;;3;;;;;300000;;;;;;;;;1;;;1
20230313;03;2023;7383501;1;1;01;;1;3913.805371;25;1;1;4;1;2;1;1;1;2;1;1;4;1;1;1;1;1;1;3;1;;;99;600000;;;1;;;;;;;;;;1
20230313;03;2023;7383502;1;1;01;;1;3913.805371;25;1;1;4;1;2;1;1;1;2;1;1;2;1;1;1;1;1;1;3;1;;;99;400000;;;1;;;;;;;;;;1
20230313;03;2023;7383503;1;1;01;;1;4578.594636;25;1;1;2;1;2;1;1;1;3;1;1;4;1;1;1;1;1;1;3;6;;;;500000;;;1;;;;;;;;;;1
20230313;03;2023;7383504;1;1;01;;1;6058.0411844;25;1;1;4;1;2;1;1;1;2;1;1;2;1;1;1;1;1;1;3;3;;;;;300000;;;;;;;;;1;1;;3
20230313;03;2023;7383505;1;1;01;;2;969.1541997;25;1;1;2;1;1;2;2;2;;2;1;3;2;2;1;5;6;5;4;4;;;;300000;;;;;;;;;;1;;;3
20230313;03;2023;7383506;1;1;01;;2;2676.4645819;25;1;1;2;1;1;2;2;2;;2;1;2;2;2;1;5;6;5;4;4;;;;200000;;;;;;;;;;1;;;4
20230313;03;2023;7383507;1;1;01;;2;669.11614547;25;1;1;1;1;1;2;2;2;;2;1;2;1;2;1;5;6;5;5;3;;;;;100000;;;;;;;;;1;;;2
20230313;03;2023;7383508;1;1;01;;2;748.99315083;25;1;3;1;1;1;2;2;2;;2;1;2;1;2;1;5;6;5;5;4;;;;50000;;;;;;;;;;1;;;2
20230313;03;2023;7383509;1;1;01;;2;1161.8049692;25;1;4;1;2;;2;2;2;;2;1;1;1;6;;5;6;6;;4;;;;20000;;;;;;;;;;1;;;1
20230313;03;2023;7383510;1;1;01;;2;1388.5199003;25;1;1;2;1;1;2;2;2;;2;1;3;2;2;1;5;6;1;4;4;;;;100000;;;;;;;;;;1;;;2
20230313;03;2023;7383512;1;1;01;;1;3761.1302969;15;1;1;4;1;2;1;1;1;3;1;1;4;3;1;1;1;1;1;3;1;;;200000000;500000;;;1;;;;;1;;;;;4
20230313;03;2023;7383513;1;1;01;;1;1998.7332994;15;1;1;4;1;2;1;1;1;3;1;1;3;1;1;1;1;1;1;3;3;;;;;470000;;;;;;;;;1;;;1
20230313;03;2023;7383514;1;1;01;;1;2114.2415083;15;1;1;4;1;2;1;1;1;3;1;1;2;2;1;2;1;1;1;4;1;;;98;300000;;;;;;;;;;1;;;2
20230313;03;2023;7383515;1;1;01;;1;2400.6273223;15;1;1;2;1;2;1;1;1;3;1;1;3;1;1;1;1;1;1;3;1;;;150000000;300000;;;;;;;;;;1;;;1
20230313;03;2023;7383516;1;1;01;;1;2207.1717334;15;1;1;4;1;2;1;1;1;3;1;1;2;1;1;1;1;1;1;3;3;;;;;200000;;;;;;;;;1;;;2
20230313;03;2023;7383517;1;1;01;;1;2067.0207786;15;1;1;4;1;1;1;1;1;3;1;1;1;1;1;1;1;1;1;3;3;;;;;80000;;;;;;;;;1;;;2
20230313;03;2023;7383518;1;1;01;;1;2516.1355313;15;2;1;4;1;2;2;1;1;3;1;1;3;2;1;1;1;1;1;4;3;;;;;300000;;;;;;;;;1;;;2
20230313;03;2023;7383519;1;1;01;;2;1299.9383517;15;1;1;4;1;2;2;2;2;;2;1;3;2;2;1;4;2;1;4;4;;;;300000;;;1;;;;;;1;;;NEQUI;2
20230313;03;2023;7383520;1;1;01;;2;1702.2624784;15;1;1;2;1;2;2;2;2;;2;1;4;2;3;1;4;6;1;5;1;;;15000000;300000;;;;;;;;;;1;;;2
20230313;03;2023;7383521;1;1;01;;2;2396.8518656;15;1;1;2;1;1;2;2;2;;2;1;3;3;2;1;4;2;1;5;1;;;98;100000;;;;;;;;;;1;;;7
20230313;03;2023;7383522;1;1;01;;2;2043.5164677;15;1;3;2;1;2;2;2;2;;2;1;3;1;2;1;4;2;1;5;1;;;10000000;150000;;;;;;;;;;1;;;1
20230313;03;2023;7383524;1;1;01;;2;2043.5164677;15;1;1;4;1;2;2;2;2;;2;1;4;1;2;1;4;2;1;5;4;;;;200000;;;;;;;;;;1;;;1
20230313;03;2023;7383525;1;1;01;;2;1641.1923409;15;1;3;2;1;2;2;2;2;;2;1;4;1;2;1;4;2;1;4;1;;;18000000;100000;;;;;;;;;;1;;;1
20230313;03;2023;7383526;1;1;01;;2;1176.9185865;15;1;1;2;1;2;2;2;2;;2;1;2;2;2;1;4;2;1;5;4;;;;200000;;;;;;;;;;1;;;3
20230313;03;2023;7383527;1;1;01;;2;2503.3589529;15;1;1;1;2;;2;2;2;;2;1;2;2;2;1;4;2;1;4;5;;;;200000;;;;;;;;;1;;;DAVIPLATA;3
20230313;03;2023;7383528;1;1;01;;2;3301.0502006;15;1;3;1;1;1;2;2;2;;2;1;4;4;2;1;4;2;1;5;1;;;3000000;500000;;;;;;;;;;1;;;7
20230313;03;2023;7383529;1;1;01;;1;3285.5146244;15;2;1;4;1;2;1;1;1;3;1;1;3;3;1;1;1;1;4;4;3;;;;;500000;;;;;;;;;1;;;6
20230313;03;2023;7383530;1;1;01;;1;2114.2415083;15;1;1;4;1;3;1;1;1;3;1;1;4;1;1;1;1;1;1;3;1;;;800000000;3000000;;;1;;;;;;;;;;2
20230313;03;2023;7383531;1;1;01;;1;2204.9334494;15;2;1;4;1;2;1;1;1;3;1;1;4;4;1;1;1;1;1;3;4;;;;500000;;;;;;;;;;1;;;7
20230313;03;2023;7383532;1;1;01;;1;2058.5717317;15;2;1;4;1;2;1;1;1;3;1;1;4;3;1;1;1;1;1;3;3;;;;;280000;;;;;;;;;1;;;4
20230313;03;2023;7383533;1;1;01;;1;2751.5339067;15;2;1;4;1;2;1;1;1;3;1;1;4;3;1;1;1;1;3;3;3;;;;;1000000;;;;;;;;;1;;;5
20230313;03;2023;7383534;1;1;01;;1;1399.1133096;15;2;1;4;1;2;1;1;1;3;1;1;5;1;1;1;1;1;1;3;1;;;200000000;400000;;;1;;;;;;;;;;1
20230313;03;2023;7383535;1;1;01;;1;2564.8064395;15;1;1;4;1;2;1;1;1;3;1;1;2;2;1;1;1;1;1;3;3;;;;;350000;;;;;;;;;1;;;3
20230313;03;2023;7383536;1;1;01;;1;2474.6648931;15;2;1;4;1;2;1;1;1;3;1;1;2;2;1;1;1;1;1;3;3;;;;;500000;;;;;;;;;1;;;3
20230313;03;2023;7383537;1;1;01;;1;2135.8423002;15;2;1;4;1;2;1;1;1;3;1;1;3;2;1;1;1;1;1;3;3;;;;;350000;;1;;;;1;;;;;;4
20230313;03;2023;7383538;1;1;01;;2;1702.2624784;15;1;1;4;1;2;2;2;2;;1;1;3;1;2;1;5;1;1;5;2;;467000;12000000;100000;;;1;;;;1;;;;;;2
20230313;03;2023;7383539;1;1;01;;2;2442.2888154;15;1;1;2;1;2;2;2;2;;1;1;3;2;2;1;4;1;1;5;1;;;98;250000;;;1;;;;;;1;;;CREDITO AGRARIO;2
20230313;03;2023;7383540;1;1;01;;2;2043.5164677;15;1;3;2;1;2;2;2;2;;1;1;2;1;2;1;4;1;1;5;4;;;;200000;;;;;;;;;;1;;;1
20230313;03;2023;7383541;1;1;01;;2;1176.9185865;15;1;1;2;1;2;2;2;2;;1;1;1;1;2;1;4;1;1;5;1;;;20000000;100000;;;;;;;;;;1;;;2
20230313;03;2023;7383542;1;1;01;;2;1176.9185865;15;1;1;4;1;2;2;2;2;;1;1;1;1;2;1;4;1;1;4;4;;;;400000;;;;;;;;;;1;;;2
20230313;03;2023;7383543;1;1;01;;2;2011.0509341;15;1;1;3;1;2;2;2;2;;1;1;2;2;2;1;4;1;1;5;1;;;20000000;100000;;;;;;;;;;1;;;3
20230313;03;2023;7383544;1;1;01;;2;2442.2888154;15;1;1;4;1;9;2;2;2;;1;1;3;2;2;1;5;1;3;4;1;;;98;200000;;1;1;;;;1;;;;;;2
20230313;03;2023;7383545;1;1;01;;2;1702.2624784;15;1;3;2;1;1;2;2;2;;1;1;4;1;2;1;4;1;1;5;1;;;98;200000;;;;;;;;;;1;;;2
20230313;03;2023;7383546;1;1;01;;2;2043.5164677;15;1;3;2;1;2;2;2;2;;1;1;2;1;2;1;4;1;1;5;4;;;;100000;;;;;;;;;;1;;;1
20230313;03;2023;7383547;1;1;01;;2;1641.1923409;15;1;3;2;1;2;2;2;2;;1;1;3;1;2;1;4;1;1;5;1;;;98;200000;;;;;;;;;;1;;;1
20230313;03;2023;7383548;1;1;01;;1;3193.8276972;15;2;1;4;1;2;1;1;1;3;1;1;4;1;1;1;1;1;1;3;3;;;;;550000;;1;;;;;;1;;;NEQUI;2
20230313;03;2023;7383549;1;1;01;;1;2339.2459808;15;2;1;2;1;2;1;1;1;3;1;1;3;2;1;1;1;1;1;3;3;;;;;350000;;;;;;;;;1;;;4
20230313;03;2023;7383553;1;1;01;;1;1919.0972869;15;2;1;4;1;2;1;1;1;3;1;1;2;1;1;1;1;1;1;4;3;;;;;250000;;1;;;;;;;;;;1
20230313;03;2023;7383554;1;1;01;;1;4098.3776233;15;2;1;4;1;2;1;1;1;3;1;1;4;3;1;1;1;1;1;3;1;;;90000000;500000;;;1;;;;1;;;;;;6
20230313;03;2023;7383555;1;1;01;;1;3380.0912398;15;2;1;4;1;2;1;1;1;3;1;1;4;2;1;1;1;1;1;3;3;;;;;570000;;;;;;;;;1;;;4
20230313;03;2023;7383556;1;1;01;;1;1938.8578197;15;1;1;4;1;2;1;1;1;3;1;1;3;2;1;1;1;1;1;3;4;;;;400000;;;1;;;;;;;;;;2
20230313;03;2023;7383557;1;1;01;;1;2943.02184;15;1;1;4;1;2;1;1;1;3;1;1;4;3;1;1;1;1;1;3;3;;;;;550000;;;;;;;;;1;;;4
20230313;03;2023;7383558;1;1;01;;1;3316.0378377;15;1;1;4;1;2;1;1;1;3;1;1;4;2;1;1;1;1;1;3;1;;;180000000;400000;;;1;;;;1;;;;;;3
20230313;03;2023;7383559;1;1;01;;1;1983.150689;15;1;1;4;1;2;1;1;1;3;1;1;4;1;1;1;1;1;1;3;1;;;98;300000;;;1;;;;;;;;;;2
20230313;03;2023;7383560;1;1;01;;1;2726.6082375;15;1;1;4;1;2;1;1;1;3;1;1;3;2;1;1;1;1;1;4;3;;;;;300000;;1;;;;1;;;;;;4
20230313;03;2023;7383561;1;1;01;;1;2297.8628471;15;2;1;4;1;2;1;1;1;3;1;1;3;2;1;1;1;1;1;3;3;;;;;500000;;1;;;;;;;;;;2
20230313;03;2023;7383562;1;1;01;;1;1637.6296848;15;2;1;4;1;2;1;1;1;3;1;1;4;1;1;1;1;1;1;3;1;;;50000000;300000;;;1;;;;1;;;;;;1
20230313;03;2023;7383563;1;1;01;;1;2192.8294058;15;2;1;4;1;2;1;1;1;3;1;1;3;2;1;1;1;1;1;3;3;;;;;330000;;1;;;;;;;;;;7
20230313;03;2023;7383564;1;1;01;;1;3636.2771475;15;2;1;4;1;2;1;1;1;3;1;1;4;2;1;1;1;1;1;3;3;;;;;600000;;1;;;;;;;;;;4
20230313;03;2023;7383565;1;1;01;;1;2251.7795198;15;2;1;4;1;2;2;1;1;3;1;1;3;1;1;1;1;1;1;4;3;;;;;350000;;1;;;;;;;;;;1
20230313;03;2023;7383566;1;1;01;;1;2644.2009187;15;1;1;4;1;3;1;1;1;3;1;1;4;1;1;1;1;1;1;4;4;;;;1500000;;;;;;;;;;1;;;2
20230313;03;2023;7383567;1;1;01;;1;2499.7392235;15;1;1;4;1;3;1;1;1;3;1;1;4;1;1;1;1;1;1;3;1;;;35000000;1000000;;;1;;;;;;;;;;1
20230313;03;2023;7383568;1;1;01;;1;3994.3980371;15;1;1;4;1;3;1;1;1;3;1;1;4;1;1;1;1;1;1;3;1;;;280000000;1000000;;;1;1;;1;;1;;;;;2
20230313;03;2023;7383569;1;1;01;;1;2644.2009187;15;1;1;4;1;3;1;1;1;3;1;1;4;1;1;1;1;1;1;3;1;;;300000000;1000000;;;1;;;;;;;;;;2
20230313;03;2023;7383570;1;1;01;;1;4057.9706453;15;1;1;4;1;3;1;1;1;3;1;1;4;2;1;1;1;1;1;3;3;;;;;800000;;1;;;;1;1;;;;;3
20230313;03;2023;7383572;1;1;01;;1;4848.36953;15;1;1;4;1;3;1;1;1;3;1;1;4;3;1;1;1;1;1;3;2;;1200000;380000000;1000000;;1;1;;1;;;1;;;;;4
20230313;03;2023;7383573;1;1;01;;1;2603.8380598;15;2;1;4;1;2;1;1;1;3;1;1;4;3;1;1;1;1;1;3;1;;;60000000;400000;;;1;;;;;;;;;;4
20230313;03;2023;7383574;1;1;01;;1;3088.2375181;15;2;1;4;1;2;1;1;1;3;1;1;3;2;1;1;1;1;1;3;3;;;;;500000;;1;;;;;;;;;;3
20230313;03;2023;7383575;1;1;01;;1;2234.7293233;15;1;1;4;1;2;2;1;1;3;1;1;4;2;1;1;1;1;1;4;4;;;;200000;;;1;;;;;;;;;;2
20230313;03;2023;7383576;1;1;01;;1;2829.6856215;15;2;1;4;1;2;1;1;1;3;1;1;3;2;1;1;1;1;1;3;3;;;;;600000;;;;;;;;;1;;;3
20230313;03;2023;7383577;1;1;01;;1;3641.511222;15;1;1;4;1;3;1;1;1;3;1;1;4;2;1;1;1;1;1;3;1;;;280000000;900000;;;1;;;;;;;;;;3
20230313;03;2023;7383578;1;1;01;;2;596.36783463;15;1;1;4;1;2;1;1;1;3;1;1;4;3;1;1;1;1;1;3;4;;;;500000;;;;;;;;;;1;;;4
20230313;03;2023;7383579;1;1;01;;2;479.68550585;15;2;1;4;1;2;1;1;1;3;1;1;3;2;1;1;1;1;1;3;1;;;98;500000;;;;;;;;;;1;;;3
20230313;03;2023;7383580;1;1;01;;2;240.40086496;15;2;1;4;1;2;1;1;1;3;1;1;5;4;1;1;1;1;1;3;3;;;;;400000;;1;;;;;;;;;;6
20230313;03;2023;7383581;1;1;01;;2;577.98745918;15;2;1;4;1;2;1;1;1;3;1;1;3;2;1;1;1;1;1;3;3;;;;;250000;;;;;;;;;1;;;4
20230313;03;2023;7383582;1;1;01;;2;506.73046734;15;1;1;4;1;2;1;1;1;3;1;1;3;2;1;1;1;1;1;3;2;;420000;120000000;400000;;;1;;;;1;1;;;;;4
20230313;03;2023;7383583;1;1;01;;2;961.60345984;15;1;1;2;1;1;1;1;1;3;1;1;3;2;1;1;1;1;1;3;3;;;;;450000;;;;;;;;;1;;;12
20230313;03;2023;7383584;1;1;01;;2;335.23479267;15;2;1;2;1;2;2;1;1;3;1;1;3;1;1;1;1;1;1;4;4;;;;200000;;;1;;;;;;;;;;1
20230313;03;2023;7383585;1;1;01;;2;339.17421641;15;2;1;4;1;2;1;1;1;3;1;1;4;3;1;1;1;1;1;3;4;;;;450000;;;1;;;;;;;;;;3
20230313;03;2023;7383586;1;1;01;;2;643.31983672;15;1;1;4;1;2;1;1;1;3;1;1;4;3;1;1;1;1;1;3;4;;;;500000;;;1;;;;;;;;;;4
20230313;03;2023;7383589;1;1;01;;1;2401.5683442;15;2;1;4;1;2;1;1;1;3;1;1;4;1;1;1;1;1;1;3;3;;;;;550000;;;;;;;;;1;;;3
20230313;03;2023;7383590;1;1;01;;2;216.36077847;15;1;1;2;1;1;2;2;2;;1;1;3;2;2;1;4;1;1;5;5;;;;150000;;;;;;;;;;1;;;2
20230313;03;2023;7383591;1;1;01;;2;448.98221119;15;1;1;4;1;1;2;2;2;;1;1;3;2;2;1;4;1;1;4;3;;;;;150000;;1;;;;;;;;;;2
20230313;03;2023;7383592;1;1;01;;2;607.48003889;15;1;1;4;1;1;2;2;2;;1;1;5;4;2;1;5;1;1;4;1;;;98;400000;;;1;;;;1;;;;;;4
20230313;03;2023;7383593;1;1;01;;2;216.36077847;15;1;1;4;1;1;2;2;2;;1;1;5;3;2;1;4;1;1;4;3;;;;;350000;;1;;;;;;;;;;4
20230313;03;2023;7383594;1;1;01;;2;448.98221119;15;1;3;2;1;1;2;2;2;;1;1;2;2;2;1;4;1;1;5;1;;;100000000;120000;;;;;;;;;;1;;;2
20230313;03;2023;7383595;1;1;01;;2;554.76406659;15;1;1;2;1;1;2;2;2;;1;1;4;3;2;1;4;1;1;4;4;;;;200000;;;;;;;;;;1;;;5
20230313;03;2023;7383596;1;1;01;;2;613.95357779;15;1;3;2;1;1;2;2;2;;1;1;2;1;2;1;4;1;1;4;3;;;;;100000;;1;;;;;;;;;;2
20230313;03;2023;7383597;1;1;01;;2;301.71131341;15;1;1;2;1;1;2;2;2;;1;1;3;2;2;1;4;1;1;5;1;;;98;100000;;;;;;;;;;1;;;1
20230313;03;2023;7383598;1;1;01;;2;216.36077847;15;1;5;2;1;1;2;2;2;;1;1;3;2;2;1;4;1;1;5;6;;;;200000;;;1;;;;;;;;;;2
20230313;03;2023;7383599;1;1;01;;2;312.93824333;15;1;1;4;1;1;2;2;2;;1;1;4;1;2;1;5;1;1;4;4;;;;200000;;;1;1;;;;;;;;;2
20230313;03;2023;7383603;1;1;01;;1;2466.4683052;15;2;1;4;1;2;1;1;1;3;1;1;2;1;1;1;1;1;1;3;3;;;;;500000;;1;;;;;;;;;;4
20230313;03;2023;7383604;1;1;01;;1;2786.707615;15;2;1;4;1;2;1;1;1;3;1;1;3;2;1;1;1;1;1;3;3;;;;;450000;;1;;;;;;;;;;5
20230313;03;2023;7383607;1;1;01;;1;1921.5185235;15;2;1;4;1;2;1;1;1;3;1;1;3;1;1;1;1;1;1;3;3;;;;;450000;;1;;;;;;;;;;1
20230313;03;2023;7383609;1;1;01;;1;2726.0361849;15;2;1;4;1;2;1;1;1;3;1;1;4;3;1;1;1;1;1;3;3;;;;;650000;;1;;;;1;;;;;;6
20230313;03;2023;7383611;1;1;01;;2;1810.0030242;68;1;1;2;1;2;2;2;2;;2;1;3;1;3;1;4;6;1;4;1;;;99;200000;;;1;;;;;;;;;;1
20230313;03;2023;7383612;1;1;01;;2;2080.0230626;68;1;1;4;1;1;2;2;2;;2;1;3;2;2;1;4;6;1;5;1;;;100000000;200000;;;1;;;;;;;;;;3
20230313;03;2023;7383613;1;1;01;;2;1810.0030242;68;1;5;1;1;0;2;2;2;;2;1;2;1;3;1;4;6;1;5;3;;;;;100000;;;;;;;;;1;;;1
20230313;03;2023;7383614;1;1;01;;2;1042.4316292;68;1;1;2;1;2;2;2;2;;2;1;4;1;2;1;4;4;1;4;1;;;99;400000;;;1;;;;;;;;;;2
20230313;03;2023;7383615;1;1;01;;2;2043.0136518;68;1;1;4;1;1;2;2;2;;2;1;3;2;2;1;4;4;1;5;6;;;;150000;;;1;;;;;;;;;;4
20230313;03;2023;7383616;1;1;01;;2;1453.6526362;68;1;1;2;1;1;2;2;2;;2;1;4;1;2;1;4;6;1;5;3;;;;;250000;;;;;;;;;1;;;1
20230313;03;2023;7383617;1;1;01;;2;1470.7348539;68;1;1;4;1;2;2;2;2;;2;1;4;2;2;1;4;4;1;4;2;;1700000;99;1000000;;;1;;;;;;;;;;3
20230313;03;2023;7383618;1;1;01;;2;2137.5977282;68;1;1;2;1;1;2;2;2;;2;1;4;2;2;1;3;6;1;5;4;;;;280000;;;;;;;;;;1;;;3
20230313;03;2023;7383619;1;1;01;;2;1810.0030242;68;1;1;4;1;1;2;2;2;;2;1;3;1;2;1;4;6;1;5;6;;;;250000;;;1;;;;;;;;;;1
20230313;03;2023;7383620;1;1;01;;2;1042.4316292;68;1;1;2;1;1;2;2;2;;2;1;5;4;2;1;3;6;5;5;1;;;99;200000;;;1;;;;;;;;;;5
20230313;03;2023;7383621;1;1;01;;2;2083.5060997;68;1;1;2;1;1;2;2;2;;2;1;7;2;2;1;4;6;1;5;4;;;;300000;;;;;;;;;;1;;;2
20230313;03;2023;7383622;1;1;01;;2;1507.7442647;68;1;1;2;1;1;2;2;2;;2;1;2;1;2;1;4;6;1;5;1;;;68000000;200000;;;1;;;;1;1;;;;;2
20230313;03;2023;7383623;1;1;01;;1;900.54447172;68;1;1;4;1;2;2;1;1;1;1;1;3;2;1;1;1;2;1;4;3;;;;;350000;;1;;;;;;;;;;3
20230313;03;2023;7383624;1;1;01;;1;842.39166324;68;2;1;4;1;2;1;1;1;1;1;1;3;1;1;1;1;1;1;3;3;;;;;500000;;1;;;;;;;;;;1
20230313;03;2023;7383625;1;1;01;;1;987.81325962;68;2;1;4;1;2;1;1;1;1;1;1;4;1;1;1;1;1;6;;3;;;;;580000;;1;;;;1;;;;;;2
20230313;03;2023;7383626;1;1;01;;1;799.33157337;68;1;1;4;1;2;1;1;1;1;1;1;4;2;1;1;1;1;1;3;3;;;;;600000;;1;;;;;;;;;;3
20230313;03;2023;7383627;1;1;01;;1;653.90997699;68;2;1;4;1;2;1;1;1;1;1;1;4;1;1;1;1;1;1;3;1;;;200000000;600000;;;1;;;;;;;;;;2
20230313;03;2023;7383628;1;1;01;;2;2926.8539851;68;1;1;2;1;2;2;2;2;;2;1;4;2;2;1;3;4;1;5;1;;;80000000;99;;;1;;;;;;;;;;4
20230313;03;2023;7383629;1;1;01;;2;1507.7442647;68;1;1;4;1;2;2;2;2;;2;1;5;1;2;1;4;6;1;5;1;;;99;99;;;1;;;;;;;;;;2
20230313;03;2023;7383630;1;1;01;;2;1042.4316292;68;1;3;2;1;2;2;2;2;;2;1;3;2;3;1;4;6;1;5;1;;;99;400000;;;1;;;;;;;;;;3
20230313;03;2023;7383631;1;1;01;;2;1453.6526362;68;1;5;2;1;2;2;2;2;;2;1;3;1;2;1;4;4;1;5;4;;;;100000;;;;;;;;;;1;;;1
20230313;03;2023;7383632;1;1;01;;1;1016.672748;68;1;1;4;1;3;1;1;1;3;1;1;3;2;1;1;1;1;1;3;3;;;;;400000;;;;;;;;;1;;;3
20230313;03;2023;7383633;1;1;01;;1;786.27131387;68;2;1;4;1;3;1;1;1;3;1;1;4;1;1;1;1;1;1;3;1;;;50000000;350000;;;;;;;;;;1;;;1
20230313;03;2023;7383634;1;1;01;;1;944.37031665;68;2;1;4;1;3;1;1;1;3;1;1;3;1;1;1;1;1;1;3;4;;;;350000;;;1;;;;;;;;;;1
20230313;03;2023;7383635;1;1;01;;1;1188.4072403;68;2;1;4;1;3;2;1;1;3;1;1;3;1;1;1;1;1;1;4;4;;;;500000;;;1;;;;;;;;;;1
20230313;03;2023;7383637;1;1;01;;1;1994.930318;68;2;1;4;1;3;2;1;1;3;1;1;3;2;1;1;1;1;1;4;3;;;;;450000;;1;;;;;;;;;;4
20230313;03;2023;7383639;1;1;01;;1;851.70670149;68;2;1;4;1;3;1;1;1;3;1;1;3;2;1;1;1;1;1;3;3;;;;;500000;;;;;;;;;1;;;3
20230313;03;2023;7383640;1;1;01;;1;1649.1434324;68;2;1;4;1;3;2;1;1;3;1;1;3;1;1;1;1;1;1;4;2;;1200000;150000000;500000;;;1;;;;;;;;;;2
20230313;03;2023;7383641;1;1;01;;1;1688.8087101;68;1;1;4;1;3;2;1;1;3;1;1;4;3;1;1;1;1;1;4;1;;;170000000;600000;;;1;;;;;;;;;;3
20230313;03;2023;7383642;1;1;01;;1;1527.3685247;68;2;1;4;1;3;2;1;1;3;1;1;4;2;1;1;1;1;1;4;3;;;;;430000;;;;;;;;;1;;;4
20230313;03;2023;7383643;1;1;01;;1;1582.0496512;68;2;1;4;1;3;2;1;1;3;1;1;3;1;1;1;1;1;3;4;3;;;;;500000;;1;;;;;;;;;;1
20230313;03;2023;7383644;1;1;01;;1;1497.4854751;68;1;1;4;1;3;2;1;1;3;1;1;5;4;1;1;1;1;1;4;6;;;;600000;;;1;;;;;;;;;;4
20230313;03;2023;7383645;1;1;01;;1;1188.4072403;68;2;1;4;1;3;2;1;1;3;1;1;2;1;1;1;1;1;1;4;1;;;130000000;450000;;;1;;;;;;;;;;1
20230313;03;2023;7383646;1;1;01;;1;1621.7149289;68;2;1;4;1;3;2;1;1;3;1;1;4;2;1;1;1;1;1;4;3;;;;;600000;;1;;;;;;;;;;2
20230313;03;2023;7383648;1;1;01;;1;935.67429945;68;2;1;4;1;4;2;1;1;6;1;1;4;1;1;1;1;1;1;4;1;;;150000000;800000;;;1;;;;;;;;;;2
20230313;03;2023;7383655;1;1;01;;1;1556.9731065;54;1;1;4;1;1;2;1;1;2;1;2;2;1;1;2;1;1;4;4;3;;;;;200000;;;;;;;;;1;;;1
20230313;03;2023;7383655;2;2;01;;1;1556.9731065;54;1;1;4;1;1;2;1;1;2;1;2;3;2;1;2;1;1;5;4;3;;;;;400000;;;;;;;;;1;;;3
20230313;03;2023;7383656;1;1;01;;1;1190.368706;54;2;1;4;1;2;1;1;1;2;1;1;3;1;1;1;1;1;1;3;3;;;;;550000;;1;;;;;;;;;;2
20230313;03;2023;7383657;1;1;01;;1;1764.1464791;54;2;1;4;1;2;1;1;1;2;1;1;4;2;1;1;1;1;1;3;3;;;;;500000;;1;;;;;;;;;;3
20230313;03;2023;7383658;1;1;01;;1;1231.1953832;54;1;1;4;1;2;1;1;1;2;1;1;6;3;1;1;1;1;1;3;1;;;180000000;500000;;;1;;;;;;;;;;3
20230313;03;2023;7383659;1;1;01;;1;2073.7220814;54;1;1;4;1;2;2;1;1;2;1;1;3;2;1;1;1;1;1;4;3;;;;;400000;;;;;;;;;1;;;4
20230313;03;2023;7383660;1;1;01;;1;1455.092175;54;1;1;4;1;2;2;1;1;2;1;1;5;2;1;1;1;1;1;4;1;;;110000000;500000;;;1;;;;;;;;;;3
20230313;03;2023;7383661;1;1;01;;1;1533.4781689;54;1;1;4;1;2;2;1;1;2;1;1;3;1;1;1;1;1;1;4;4;;;;500000;;;1;;;;;;;;;;1
20230313;03;2023;7383662;1;1;01;;1;1397.2672519;54;1;1;4;1;1;1;1;1;2;1;1;3;1;1;1;1;1;1;3;2;;200000;120000000;600000;;;1;;;;;;;;;;2
20230313;03;2023;7383663;1;1;01;;1;1286.7763735;54;1;1;4;1;2;1;1;1;2;1;1;4;3;1;1;1;1;1;3;1;;;80000000;500000;;;1;;;;;;;;;;4
20230313;03;2023;7383664;1;1;01;;1;1482.6292556;54;2;1;4;1;2;1;1;1;2;1;1;5;3;1;1;1;1;1;3;1;;;180000000;700000;;;1;;;;;1;;;;;4
20230313;03;2023;7383665;1;1;01;;1;1628.0529425;54;1;1;4;1;2;1;1;1;2;1;1;4;3;1;1;1;1;3;3;3;;;;;350000;;1;;;;;;;;;;4
20230313;03;2023;7383666;1;1;01;;1;1457.1899908;54;2;1;4;1;2;1;1;1;2;1;1;3;1;1;1;1;1;1;3;3;;;;;450000;;1;;;;;;;;;;3
20230313;03;2023;7383667;1;1;01;;1;1413.9702354;54;2;1;4;1;2;1;1;1;2;1;1;5;2;1;1;1;1;1;3;4;;;;150000;;;1;;;;;;;;;;3
20230313;03;2023;7383668;1;1;01;;1;1029.9490976;54;2;1;4;1;2;1;1;1;2;1;1;5;2;1;1;1;1;1;3;1;;;120000000;600000;;;1;;1;;;;;;;;3
20230313;03;2023;7383669;1;1;01;;1;1625.938109;54;2;1;4;1;2;1;1;1;2;1;1;3;2;1;1;1;1;1;3;1;;;80000000;400000;;;1;;;;;;;;;;4
20230313;03;2023;7383670;1;1;01;;1;800.23808886;54;1;1;4;1;3;1;1;1;2;1;1;4;1;1;1;1;1;1;3;1;;;200000000;600000;;;1;;;;;1;;;;;1
20230313;03;2023;7383671;1;1;01;;1;1435.7629379;54;1;1;4;1;3;2;1;1;2;1;1;4;3;1;1;1;1;1;4;3;;;;;650000;;1;;;;;;;;;;4
20230313;03;2023;7383672;1;1;01;;1;819.14397617;54;1;1;4;1;3;2;1;1;2;1;1;4;1;1;1;1;1;3;4;3;;;;;650000;;1;;;;;1;;;;;1
20230313;03;2023;7383673;1;1;01;;1;1164.0601259;54;1;1;4;1;3;1;1;1;2;1;1;6;3;1;1;1;1;1;3;1;;;220000000;700000;;;1;;;;;;;;;;3
20230313;03;2023;7383674;1;1;01;;1;873.82485018;54;1;1;4;1;3;2;1;1;2;1;1;6;2;1;1;1;1;1;4;1;;;99;600000;;;1;;;;;;;;;;3
20230313;03;2023;7383675;1;1;01;;1;846.48441318;54;1;1;4;1;3;2;1;1;2;1;1;3;2;1;1;1;1;1;4;1;;;150000000;600000;;;1;;;;;;;;;;2
20230313;03;2023;7383677;1;1;01;;1;1392.7431923;54;2;1;4;1;2;1;1;1;2;1;1;4;1;1;1;1;1;1;3;3;;;;;400000;;1;;;;;;;;;;3
20230313;03;2023;7383678;1;1;01;;1;1163.782302;54;1;1;4;1;2;1;1;1;2;1;1;6;2;1;1;1;1;1;3;4;;;;200000;;;1;;;;;;;;;;2
20230313;03;2023;7383680;1;1;01;;1;1278.7211647;54;2;1;4;1;3;2;1;1;2;1;1;3;1;1;1;1;1;1;4;4;;;;400000;;;1;;;;;;;;;;2
20230313;03;2023;7383681;1;1;01;;1;800.23808886;54;1;1;4;1;3;2;1;1;2;1;1;4;1;1;1;1;1;3;4;3;;;;;600000;;1;;;;;;;;;;1
20230313;03;2023;7383684;1;1;01;;1;2339.0908833;54;1;1;4;1;2;1;1;1;2;1;1;5;2;1;1;1;1;1;3;3;;;;;600000;;1;;;;;;;;;;3
20230313;03;2023;7383685;1;1;01;;1;2448.8655032;54;1;1;4;1;2;1;1;1;2;1;1;4;3;1;1;1;1;1;3;3;;;;;200000;;1;;;;;;;;;;3
20230313;03;2023;7383686;1;1;01;;1;1587.1582747;54;1;1;4;1;2;2;1;1;2;1;1;4;1;1;1;1;1;3;4;3;;;;;600000;;1;;;;;;;;;;2
20230313;03;2023;7383687;1;1;01;;1;1853.4110419;54;1;1;4;1;2;1;1;1;2;1;1;4;2;1;1;1;1;3;3;4;;;;700000;;;1;;;;;;;;;;2
20230313;03;2023;7383688;1;1;01;;1;2442.0794137;54;1;1;4;1;2;2;1;1;2;1;1;5;3;1;1;1;1;1;4;1;;;280000000;600000;;;1;1;;1;;1;;;;;4
20230313;03;2023;7383691;1;1;01;;1;1535.8949553;54;1;1;4;1;2;2;1;1;2;1;1;4;1;1;1;1;1;1;4;4;;;;800000;;;1;;;;;;;;;;1
20230313;03;2023;7383693;1;1;01;;1;1736.5898053;54;2;1;4;1;2;1;1;1;2;1;1;3;2;1;1;1;1;1;4;3;;;;;350000;;1;;;;;;;;;;4
20230313;03;2023;7383694;1;1;01;;1;2069.4691832;54;3;1;4;1;2;2;1;1;2;1;1;1;1;1;2;1;1;1;4;3;;;;;250000;;1;;;;;;;;;;4
20230313;03;2023;7383695;1;1;01;;1;916.35855572;54;1;1;4;1;2;1;1;1;2;1;1;5;2;1;1;1;1;1;3;4;;;;350000;;;1;;;;;;;;;;2
20230313;03;2023;7383696;1;1;01;;1;1153.853734;54;1;1;4;1;2;2;1;1;2;1;1;2;2;1;1;1;1;6;;1;;;300000000;600000;;;1;;;;;;;;;;2
20230313;03;2023;7383697;1;1;01;;1;1281.5272694;54;1;1;4;1;2;2;1;1;2;1;1;3;1;1;1;1;1;1;4;3;;;;;400000;;1;;;;;;;;;;1
20230313;03;2023;7383699;1;1;01;;1;1066.9841185;54;2;1;4;1;2;2;1;1;2;1;1;4;1;1;1;1;1;1;4;4;;;;200000;;;;;;;;;;1;;;1
20230313;03;2023;7383701;1;1;01;;1;1828.8792186;54;1;1;4;1;3;2;1;1;2;1;1;6;4;1;1;1;1;1;4;1;;;120000000;600000;;;1;;;;;;;;;;5
20230313;03;2023;7383702;1;1;01;;1;1293.4152667;54;1;1;4;1;3;1;1;1;2;1;1;4;3;1;1;1;1;1;3;1;;;99;600000;;;1;;;;;;;;;;3
20230313;03;2023;7383703;1;1;01;;1;2429.0804517;54;1;1;4;1;3;1;1;1;2;1;1;6;4;1;1;1;1;1;3;4;;;;1000000;;;1;;;;;1;;;;;7
20230313;03;2023;7383704;1;1;01;;1;1656.2103023;54;2;1;4;1;3;2;1;1;2;1;1;3;2;1;1;1;1;1;4;3;;;;;200000;;1;;;;;;;;;;4
20230313;03;2023;7383705;1;1;01;;1;1058.1055165;54;1;1;4;1;3;1;2;1;2;1;1;3;2;2;1;1;1;1;3;1;;;130000000;300000;;;1;;;;;;;;;;2
20230313;03;2023;7383706;1;1;01;;1;1092.2810627;54;1;1;4;1;3;1;1;1;2;1;1;7;2;1;1;1;1;1;3;1;;;99;700000;;;1;;;;;1;;;;;3
20230313;03;2023;7383707;1;1;01;;1;1083.5447813;54;1;1;4;1;3;2;2;1;2;1;1;3;2;2;1;1;1;5;5;1;;;110000000;600000;;;;;;;;;;1;;;3
20230313;03;2023;7383708;1;1;01;;1;1023.9299702;54;1;1;4;1;3;2;1;1;2;1;1;3;1;1;1;1;1;6;;4;;;;200000;;;;;;;;;;1;;;1
20230313;03;2023;7383709;1;1;01;;2;870.92468834;54;1;1;2;1;1;2;2;1;1;2;1;4;2;2;1;4;6;1;4;1;;;200000000;400000;;;1;;;;;1;;;;;2
20230313;03;2023;7383710;1;1;01;;2;419.69133489;54;1;1;4;1;1;2;2;1;1;2;1;3;2;2;2;1;6;1;4;1;;;99;300000;;;1;;;;1;1;;;;;2
20230313;03;2023;7383711;1;1;01;;2;723.37683795;54;1;1;2;1;2;2;2;1;1;2;1;4;2;2;1;4;6;5;5;4;;;;250000;;;1;;;;;;;;;;3
20230313;03;2023;7383712;1;1;01;;2;419.69133489;54;1;1;4;1;0;2;2;1;1;2;1;4;2;2;1;4;6;1;4;4;;;;300000;;;1;;;;;;;;;;2
20230313;03;2023;7383713;1;1;01;;2;892.70241182;54;1;1;4;1;1;2;2;2;;2;1;4;2;2;1;4;6;1;4;1;;;190000000;1200000;;;1;;;;;;;;;;3
20230313;03;2023;7383714;1;1;01;;2;607.02993403;54;1;1;4;1;0;2;2;1;1;2;1;3;1;2;1;1;6;1;4;5;;;;300000;;;1;;;;;;;;;;2
20230313;03;2023;7383715;1;1;01;;2;700.19681581;54;1;1;2;1;1;2;2;2;;2;1;3;2;2;1;4;6;1;4;4;;;;200000;;;1;;;;;;;;;;3
20230313;03;2023;7383716;1;1;01;;2;585.25221055;54;1;1;2;1;2;2;2;2;;2;1;4;1;2;1;4;6;1;4;1;;;800000000;600000;;;1;;;;;;;;;;1
20230313;03;2023;7383717;1;1;01;;2;728.72173491;54;1;1;4;1;0;2;2;1;1;2;1;1;1;2;1;1;6;6;;4;;;;150000;;;;;;;;;;1;;;1
20230313;03;2023;7383718;1;1;01;;2;419.69133489;54;1;1;4;1;1;2;2;2;;2;1;2;1;3;1;4;6;5;5;1;;;60000000;100000;;;1;;;;;;;;;;3
20230313;03;2023;7383719;1;1;01;;1;1066.9841185;54;1;1;4;1;2;2;1;1;2;1;1;3;1;1;1;1;1;1;4;4;;;;600000;;;1;;;;;;;;;;1
20230313;03;2023;7383720;1;1;01;;1;2442.0794137;54;1;1;4;1;2;2;1;1;2;1;1;3;2;1;1;1;1;3;4;3;;;;;500000;;1;;;;;;;;;;4
20230313;03;2023;7383721;1;1;01;;1;1066.9841185;54;2;1;4;1;2;1;1;1;2;1;1;3;1;1;1;1;1;1;4;4;;;;350000;;;1;;;;;;;;;;1
20230313;03;2023;7383723;1;1;01;;2;1437.6692779;54;1;1;4;1;2;2;2;2;;2;1;3;1;2;1;4;6;1;4;5;;;;200000;;;1;;;;;;;;;;3
20230313;03;2023;7383724;1;1;01;;2;1009.0493157;54;1;1;4;1;1;2;2;2;;2;1;3;2;2;1;3;6;1;5;4;;;;200000;;;;;;;;;;1;;;4
20230313;03;2023;7383725;1;1;01;;2;1247.5392368;54;1;1;2;1;2;2;2;2;;2;1;5;2;2;1;4;6;1;5;4;;;;150000;;;1;;;;;;;;;;5
20230313;03;2023;7383726;1;1;01;;2;1184.7627688;54;1;1;4;1;2;2;2;2;;2;1;3;1;2;1;4;6;1;4;4;;;;300000;;;1;;;;;;;;;;5
20230313;03;2023;7383727;1;1;01;;2;592.12964839;54;1;1;4;1;1;2;2;2;;2;1;2;1;2;1;3;6;1;5;3;;;;;250000;;1;;;;;;;;;;3
20230313;03;2023;7383728;1;1;01;;2;607.02993403;54;1;1;2;1;2;2;2;2;;2;1;4;1;2;1;4;6;1;5;4;;;;100000;;;1;;;;;;;;;;2
20230313;03;2023;7383729;1;1;01;;2;992.61648922;54;1;1;4;1;2;2;2;2;;2;1;2;1;2;1;4;6;1;5;4;;;;150000;;;;;;;;;;1;;;1
20230313;03;2023;7383731;1;1;01;;2;419.69133489;54;1;1;2;1;2;2;2;2;;2;1;3;1;2;1;4;6;1;4;4;;;;150000;;;1;;;;;;;;;;1
20230313;03;2023;7383732;1;1;01;;2;1262.6333719;54;1;1;2;1;2;2;2;2;;2;1;2;2;2;1;4;6;5;5;1;;;90000000;100000;;;;;;;;;;1;;;5
20230313;03;2023;7383733;1;1;01;;1;548.34360977;17;1;1;4;1;1;1;1;1;2;1;1;4;1;1;1;1;1;1;3;1;;;70000000;300000;;;1;;;;;;;;;;2
20230313;03;2023;7383735;1;1;01;;1;1542.4848098;17;2;4;3;1;1;2;1;1;2;1;1;4;3;1;1;1;1;1;4;4;;;;400000;;;1;;;;;;;;;;3
20230313;03;2023;7383736;1;1;01;;1;789.7029232;17;2;4;3;1;1;1;1;1;2;1;1;5;2;1;1;1;1;1;3;1;;;90000000;400000;;;1;;;;;;;;;;3
20230313;03;2023;7383737;1;1;01;;1;704.48133398;17;2;4;3;1;1;2;1;1;2;1;1;4;1;1;1;1;1;1;4;1;;;98;400000;;;;;;;;;;1;;;1
20230313;03;2023;7383738;1;1;01;;1;1056.5336091;17;2;1;4;1;1;2;1;1;2;1;1;2;1;1;1;1;1;1;4;3;;;;;250000;;1;;;;;;;;;;2
20230313;03;2023;7383740;1;1;01;;1;993.15147981;17;2;4;3;1;1;2;1;1;2;1;1;3;2;1;1;1;1;1;4;4;;;;400000;;;1;;;;;;;;;;4
20230313;03;2023;7383742;1;1;01;;1;1932.9762767;17;2;4;3;1;1;1;1;1;2;1;1;3;3;1;1;1;1;1;3;4;;;;500000;;;1;;;;;;;;;;6
20230313;03;2023;7383743;1;1;01;;1;993.63979703;17;2;1;4;1;2;2;1;1;2;1;1;4;3;1;1;1;1;1;4;4;;;;500000;;;1;;;;1;;;;;;3
20230313;03;2023;7383744;1;1;01;;1;1702.2543585;17;1;4;4;1;2;1;1;1;2;1;1;4;2;1;1;1;1;1;3;1;;;98;800000;;;1;;;;;;;;;;3
20230313;03;2023;7383745;1;1;01;;1;685.42951222;17;2;1;3;1;2;1;1;1;2;1;1;2;1;1;1;1;1;1;3;1;;;98;400000;;;1;;;;;;;;;;2
20230313;03;2023;7383746;1;1;01;;1;1196.3171469;17;1;1;6;1;2;2;1;1;2;1;1;6;2;1;1;1;1;1;4;1;;;98;500000;;;1;;;;;;;;;;2
20230313;03;2023;7383747;1;1;01;;1;1267.4035181;17;2;4;4;1;2;2;1;1;2;1;1;1;1;1;1;1;1;1;4;3;;;;;400000;;;;;;;;;1;;;1
20230313;03;2023;7383748;1;1;01;;1;1064.7261682;17;2;1;4;1;2;2;1;1;2;1;1;3;2;1;1;1;1;1;4;3;;;;;500000;;1;;;;;;;;;;2
20230313;03;2023;7383749;1;1;01;;1;1320.6670114;17;2;1;2;1;2;2;1;1;2;1;1;3;1;1;1;1;1;1;4;3;;;;;350000;;1;;;;;;;;;;2
20230313;03;2023;7383750;1;1;01;;1;1320.6670114;17;1;1;4;1;2;1;1;1;2;1;1;4;1;1;1;1;1;1;3;1;;;150000000;600000;;;1;;;;;;;;;;2
20230313;03;2023;7383751;1;1;01;;1;880.60166748;17;2;1;3;1;2;2;1;1;2;1;1;4;1;1;1;1;1;1;4;1;;;100000000;600000;;;1;;;;;;;;;;1
20230313;03;2023;7383752;1;1;01;;1;880.60166748;17;2;1;3;1;2;1;1;1;2;1;1;4;1;1;1;1;1;1;3;1;;;100000000;500000;;;;;;;;;;1;;;1
20230313;03;2023;7383753;1;1;01;;1;983.32211376;17;1;4;3;1;1;2;1;1;2;1;1;3;3;1;1;1;1;1;4;3;;;;;50000;;;;;;;;;1;;;5
20230313;03;2023;7383754;1;1;01;;1;1004.9515319;17;1;4;2;1;1;2;1;1;2;1;1;2;1;1;1;1;1;1;4;4;;;;200000;;;;;;;;;;1;;;1
20230313;03;2023;7383755;1;1;01;;1;685.42951222;17;2;1;4;1;1;2;1;1;2;1;1;2;1;1;1;1;1;1;4;4;;;;220000;;;;;;;;;;1;;;2
20230313;03;2023;7383756;1;1;01;;1;809.77937666;17;2;1;2;1;1;2;1;1;2;1;1;3;1;1;1;1;1;1;4;4;;;;200000;;;;;;;;;;1;;;2
20230313;03;2023;7383757;1;1;01;;1;1670.8685295;17;2;1;4;1;1;2;1;1;2;1;1;3;2;1;1;1;1;1;4;3;;;;;400000;;1;;;;;;;;;;2
20230313;03;2023;7383758;1;1;01;;1;1124.5008045;17;2;1;2;1;1;2;1;1;2;1;1;2;1;1;1;1;1;1;4;4;;;;200000;;;1;;;;;;;;;;3
20230313;03;2023;7383759;1;1;01;;1;1315.4525079;17;1;4;2;1;1;2;1;1;2;1;1;3;3;1;1;1;1;1;4;5;;;;300000;;;1;;;;;;;;;;3
20230313;03;2023;7383760;1;1;01;;1;1181.6647135;17;2;1;2;1;1;2;1;1;2;1;1;2;2;1;1;1;1;1;5;3;;;;;200000;;1;;;;;;;;;;3
20230313;03;2023;7383761;1;1;01;;1;685.42951222;17;1;1;2;1;1;2;1;1;2;1;1;3;1;1;1;1;1;1;4;4;;;;100000;;;;;;;;;;1;;;2
20230313;03;2023;7383762;1;1;01;;1;685.42951222;17;2;1;4;1;1;2;1;1;2;1;1;2;1;1;1;1;1;1;4;4;;;;400000;;;;;;;;;;1;;;2
20230313;03;2023;7383763;1;1;01;;1;1188.6003102;17;1;1;4;1;1;2;1;1;2;1;1;4;1;1;1;1;1;1;4;3;;;;;300000;;1;;;;1;;;;;;2
20230313;03;2023;7383764;1;1;01;;1;1140.6631663;17;2;4;3;1;1;2;1;1;2;1;1;2;1;1;1;1;1;1;4;4;;;;300000;;;1;;;;;;;;;;1
20230313;03;2023;7383765;1;1;01;;1;680.86429506;17;1;4;3;1;1;2;1;1;2;1;1;3;1;1;1;1;1;1;4;3;;;;;100000;;;;;;;;;1;;;1
20230313;03;2023;7383766;1;1;01;;1;1787.925608;17;2;1;4;1;1;2;1;1;2;1;1;4;2;1;1;1;1;1;4;4;;;;350000;;;1;;;;;;;;;;3
20230313;03;2023;7383767;1;1;01;;1;616.88656099;17;2;1;2;1;1;2;1;1;2;1;1;1;1;1;1;1;1;1;4;4;;;;200000;;;;;;;;;;1;;;2
20230313;03;2023;7383770;1;1;01;;1;840.47864467;17;1;1;4;1;1;1;1;1;2;1;1;4;2;1;1;1;1;1;3;4;;;;400000;;;1;;;;;;;;;;2
20230313;03;2023;7383771;1;1;01;;1;728.56376667;17;2;4;3;1;1;2;1;1;2;1;1;3;2;1;1;1;1;1;4;1;;;98;400000;;;1;;;;;;;;;;2
20230313;03;2023;7383772;1;1;01;;2;1011.6639095;17;1;1;3;1;2;2;1;1;2;1;1;6;3;1;1;1;1;1;4;1;;;20000000;200000;;;;;;;;;;1;;;4
20230313;03;2023;7383774;1;1;01;;2;502.43759597;17;1;4;3;1;1;2;1;1;2;1;1;2;1;1;1;1;1;1;5;1;;;98;200000;;;;;;;;;;1;;;2
20230313;03;2023;7383775;1;1;01;;2;445.01597188;17;1;1;2;1;1;2;1;1;2;1;1;2;2;1;1;1;1;1;4;1;;;98;200000;;;;;;;;;;1;;;2
20230313;03;2023;7383777;1;1;01;;2;988.95494056;17;2;4;3;1;1;2;1;1;2;1;1;4;2;1;1;1;1;1;4;4;;;;200000;;;;;;;;;;1;;;3
20230313;03;2023;7383778;1;1;01;;2;672.94589737;17;2;4;2;1;1;2;1;1;2;1;1;2;1;1;1;1;1;1;4;3;;;;;300000;;1;;;;;1;;;;;1
20230313;03;2023;7383779;1;1;01;;2;759.56977018;17;1;1;3;1;1;2;1;1;2;1;1;3;3;1;1;1;1;1;4;3;;;;;300000;;1;;;;;;;;;;6
20230313;03;2023;7383780;1;1;01;;2;502.43759597;17;1;1;6;1;1;2;1;1;2;1;1;3;2;1;1;1;1;1;4;4;;;;300000;;;1;;;;;;;;;;2
20230313;03;2023;7383782;1;1;01;;1;3026.954757;17;2;1;4;1;2;2;1;1;2;1;1;4;3;1;1;1;1;1;4;3;;;;;200000;;;;;;;;;1;;;4
20230313;03;2023;7383783;1;1;01;;1;1028.1442683;17;2;1;4;1;2;2;1;1;2;1;1;2;1;1;1;1;1;1;4;3;;;;;400000;;;;;;;;;1;;;2
20230313;03;2023;7383785;1;1;01;;1;1981.0005171;17;2;1;2;1;2;2;1;1;2;1;1;4;1;1;1;1;1;1;4;3;;;;;350000;;1;;;;;;;;;;2
20230313;03;2023;7383786;1;1;01;;1;1134.7738251;17;1;1;4;1;2;2;1;1;2;1;1;4;1;1;1;1;1;1;4;4;;;;400000;;;;;;;;;;1;;;1
20230313;03;2023;7383787;1;1;01;;1;1982.9454764;17;2;1;4;1;2;2;1;1;2;1;1;4;3;1;1;1;1;1;4;1;;;120000000;700000;;;1;;;;;;;;;;3
20230313;03;2023;7383788;1;1;01;;1;1400.7977411;17;1;1;4;1;2;2;1;1;2;1;1;3;2;1;1;1;1;1;4;1;;;70000000;500000;;;1;;;;;;;;;;2
20230313;03;2023;7383789;1;1;01;;1;1501.7174875;17;2;1;4;1;2;2;1;1;2;1;1;4;2;1;1;1;1;1;4;1;;;98;500000;;;1;;;;;;;;;;3
20230313;03;2023;7383791;1;1;01;;1;605.21270672;17;1;1;3;1;2;2;1;1;2;1;1;4;1;1;1;1;1;1;4;4;;;;700000;;;1;;;;;;;;;;1
20230313;03;2023;7383792;1;1;01;;1;747.09212859;17;2;1;3;1;2;1;1;1;2;1;1;3;2;1;1;1;1;1;3;3;;;;;500000;;;;;;;;;1;;;2
20230313;03;2023;7383793;1;1;01;;1;593.27949566;17;2;1;4;1;2;2;1;1;2;1;1;3;2;1;1;1;1;1;4;3;;;;;500000;;;;;;;;;1;;;2
20230313;03;2023;7383795;1;1;01;;1;704.48133398;17;2;1;3;1;2;2;1;1;2;1;1;3;1;1;1;1;1;1;4;4;;;;400000;;;1;;;;;;;;;;1
20230313;03;2023;7383796;1;1;01;;1;891.34649698;17;1;1;4;1;2;2;1;1;2;1;1;4;3;1;1;1;1;1;4;4;;;;300000;;;1;;;;;;;;;;5
20230313;03;2023;7383797;1;1;01;;1;548.34360977;17;2;1;4;1;2;1;1;1;2;1;1;4;1;1;1;1;1;1;3;3;;;;;600000;;;;;;;1;;;;;2
20230313;03;2023;7383798;1;1;01;;1;1104.3533181;17;2;1;4;1;2;2;1;1;2;1;1;2;1;1;1;1;1;1;4;3;;;;;450000;;1;;;;;;;;;;3
20230313;03;2023;7383799;1;1;01;;1;1013.9228145;17;1;1;2;1;2;2;1;1;2;1;1;2;1;1;1;1;1;1;4;3;;;;;400000;;1;;;;;;;;;;1
20230313;03;2023;7383801;1;1;01;;1;467.84472796;17;1;1;4;1;2;2;1;1;2;1;1;3;2;1;1;1;1;1;4;4;;;;450000;;;1;;;;;;;;;;3
20230313;03;2023;7383803;1;1;01;;1;529.56111838;17;1;1;4;1;2;1;1;1;2;1;1;3;1;1;1;1;1;1;3;4;;;;400000;;;1;;;;;;;;;;1
20230313;03;2023;7383805;1;1;01;;1;966.30915337;17;1;1;4;1;2;1;1;1;2;1;1;3;2;1;1;1;1;1;3;3;;;;;400000;;1;;;;;;;;;;3
20230313;03;2023;7383806;1;1;01;;1;566.66070741;17;2;1;4;1;2;2;1;1;2;1;1;3;2;1;1;1;1;1;4;4;;;;400000;;;1;;;;;;;;;;2
20230313;03;2023;7383807;1;1;01;;1;529.56111838;17;1;1;4;1;2;2;1;1;2;1;1;3;1;1;1;1;1;1;4;1;;;150000000;400000;;;1;;;;;;;;;;1
20230313;03;2023;7383808;1;1;01;;1;566.66070741;17;1;1;4;1;2;1;1;1;2;1;1;3;2;1;1;1;1;1;3;1;;;70000000;400000;;;1;;;;;;;;;;2
20230313;03;2023;7383811;1;1;01;;1;837.42200286;17;1;1;4;1;2;1;1;1;2;1;1;3;2;1;1;1;1;1;3;1;;;150000000;700000;;;1;;;;;1;;;;;2
20230313;03;2023;7383812;1;1;01;;1;616.42116723;17;1;1;4;1;2;1;1;1;2;1;1;4;1;1;1;1;1;1;3;1;;;20000000;400000;;;1;;;;;;;;;;1
20230313;03;2023;7383813;1;1;01;;1;479.80065855;17;1;1;4;1;2;1;1;1;2;1;1;3;1;1;1;1;1;1;3;1;;;80000000;400000;;;;;;;;;;1;;;2
20230313;03;2023;7383814;1;1;01;;1;966.30915337;17;1;1;4;1;2;2;1;1;2;1;1;3;2;1;1;1;1;1;4;4;;;;400000;;;1;;;;;;;;;;3
20230313;03;2023;7383815;1;1;01;;2;697.14562528;17;1;4;1;1;1;2;2;2;;1;1;3;2;2;1;4;1;1;4;4;;;;98;;;;;;;;;;1;;;3
20230313;03;2023;7383816;1;1;01;;2;489.36774392;17;1;4;3;1;1;2;2;2;;1;1;3;3;3;1;3;1;1;5;1;;;30000000;200000;;;;;;;;;;1;;;4
20230313;03;2023;7383817;1;1;01;;2;419.76254864;17;1;4;2;1;1;2;2;2;;1;1;2;1;2;1;4;1;1;5;4;;;;98;;;;;;;;;;1;;;1
20230313;03;2023;7383818;1;1;01;;2;557.7495394;17;1;4;2;1;1;2;2;2;;1;1;3;2;3;1;3;1;1;5;4;;;;200000;;;1;;;;;;;;;;3
20230313;03;2023;7383819;1;1;01;;2;989.00969881;17;1;4;2;1;1;2;2;2;;1;1;2;2;4;1;4;1;1;5;4;;;;200000;;;;;;;;;;1;;;5
20230313;03;2023;7383820;1;1;01;;2;673.90403796;17;1;4;2;1;1;2;2;2;;1;1;3;1;2;1;4;1;1;4;4;;;;150000;;;1;;;;;;;;;;3
20230313;03;2023;7383821;1;1;01;;2;546.26491009;17;1;4;3;1;1;2;2;2;;1;1;3;2;2;1;4;1;1;5;1;;;60000000;500000;;;;;;;;;;1;;;3
20230313;03;2023;7383822;1;1;01;;2;578.32443479;17;1;4;3;1;1;2;2;2;;1;1;3;2;3;1;4;1;1;5;4;;;;98;;;;;;;;;;1;;;3
20230313;03;2023;7383823;1;1;01;;2;906.60001297;17;1;4;3;1;1;2;2;2;;1;1;4;1;4;1;4;1;1;5;5;;;;200000;;;;;;;;;;1;;;3
20230313;03;2023;7383824;1;1;01;;2;576.63848333;17;1;4;3;1;1;2;2;2;;1;1;3;1;4;1;4;1;1;5;5;;;;200000;;;;;;;;;;1;;;2
20230313;03;2023;7383826;1;1;01;;2;525.6900147;17;1;4;2;1;2;2;2;2;;1;1;4;3;3;1;3;1;1;5;4;;;;150000;;;1;;;;;;;;;;3
20230313;03;2023;7383827;1;1;01;;2;439.63289647;17;1;4;2;1;2;2;2;2;;1;1;3;2;3;1;3;1;1;5;4;;;;150000;;;;;;;;;;1;;;2
20230313;03;2023;7383828;1;1;01;;2;673.90403796;17;2;4;2;1;2;2;2;2;;1;1;2;1;2;1;4;1;1;4;4;;;;200000;;;;;;;;;;1;;;3
20230313;03;2023;7383829;1;1;01;;2;439.63289647;17;1;4;2;1;2;2;2;2;;1;1;4;1;2;1;4;1;1;5;1;;;98;98;;;1;;;;;;;;;;2
20230313;03;2023;7383831;1;1;01;;2;439.63289647;17;1;4;2;1;2;2;2;2;;1;1;3;1;3;1;3;1;1;5;1;;;30000000;200000;;;;;;;;;;1;;;2
20230313;03;2023;7383832;1;1;01;;2;470.00646972;17;1;4;2;1;2;2;2;2;;1;1;3;1;2;1;4;1;1;5;1;;;90000000;400000;;;;;;;;;;1;;;1
20230313;03;2023;7383833;1;1;01;;2;470.00646972;17;1;1;4;1;2;2;2;2;;1;1;3;1;3;1;3;1;1;4;1;;;98;200000;;;1;;;;;;;;;;1
20230313;03;2023;7383835;1;1;01;;2;558.45408696;17;1;4;3;1;1;2;2;2;;2;1;3;2;3;1;4;2;1;5;1;;;98;200000;;;;;;;;;;1;;;2
20230313;03;2023;7383837;1;1;01;;2;439.63289647;17;1;4;2;1;1;2;2;2;;2;1;4;1;3;1;4;2;1;5;4;;;;200000;;;;;;;;;;1;;;2
20230313;03;2023;7383838;1;1;01;;2;588.8276602;17;1;4;3;1;1;2;2;2;;2;1;3;1;2;1;3;2;1;5;4;;;;200000;;;1;;;;;;;;;;1
20230313;03;2023;7383839;1;1;01;;2;588.36510853;17;1;1;4;1;1;2;2;2;;2;1;3;3;2;1;3;2;1;5;1;;;98;98;;;;;;;;;;1;;;4
20230313;03;2023;7383840;1;1;01;;2;558.45408696;17;1;4;2;1;1;2;2;2;;2;1;3;2;3;1;4;2;1;5;1;;;98;98;;;;;;;;;;1;;;2
20230313;03;2023;7383841;1;1;01;;2;451.11752579;17;1;4;1;1;1;2;2;2;;2;1;1;1;2;1;4;2;1;5;4;;;;200000;;;;;;;;;;1;;;2
20230313;03;2023;7383842;1;1;01;;2;885.04437712;17;1;4;3;1;1;2;2;2;;2;1;3;3;3;1;4;2;1;5;4;;;;150000;;;1;;;;;;;;;;4
20230313;03;2023;7383844;1;1;01;;2;439.63289647;17;1;4;2;1;1;2;2;2;;2;1;3;1;2;1;4;2;1;4;1;;;98;200000;;;1;;;;;1;;;;;2
20230313;03;2023;7383845;1;1;01;;2;117.23207066;63;1;1;2;1;1;1;1;1;3;1;1;3;2;1;1;1;1;1;3;3;;;;;250000;;1;;;;;;;;;;2
20230313;03;2023;7383846;1;1;01;;2;154.06967624;63;1;1;2;1;1;1;1;1;3;1;1;2;1;1;1;1;1;3;3;1;;;60000000;300000;;;1;;;;;;;;;;2
20230313;03;2023;7383847;1;1;01;;2;162.36215953;63;1;1;2;1;1;1;1;1;3;1;1;3;2;1;1;1;1;1;3;3;;;;;380000;;1;;;;;;;;;;5
20230313;03;2023;7383848;1;1;01;;2;90.520801677;63;1;1;4;1;1;1;1;1;3;1;1;3;1;1;1;1;1;1;3;4;;;;350000;;;1;;;;;;;;;;1
20230313;03;2023;7383849;1;1;01;;2;80.708391589;63;1;1;4;1;1;1;1;1;3;1;1;3;2;1;1;1;1;1;3;1;;;70000000;300000;;;1;;;;;;;;;;2
20230313;03;2023;7383850;1;1;01;;2;148.21988399;63;1;1;4;1;1;1;1;1;3;1;1;3;2;1;1;1;1;1;3;1;;;60000000;400000;;;1;;;;;;;;;;3
20230313;03;2023;7383851;1;1;01;;2;135.4736151;63;1;4;2;1;1;1;1;1;3;1;1;3;1;1;1;1;1;1;3;6;;;;350000;;;1;;;;;;;;;;2
20230313;03;2023;7383852;1;1;01;;2;215.34321303;63;1;4;2;1;1;1;1;1;3;1;1;3;2;1;1;1;1;1;3;4;;;;300000;;;1;;;;;;;;;;4
20230313;03;2023;7383853;1;1;01;;2;204.07587287;63;2;1;4;1;1;1;1;1;3;1;1;4;2;1;1;1;1;1;3;3;;;;;350000;;1;;;;;;;;;;3
20230313;03;2023;7383854;1;1;01;;2;146.8923769;63;1;1;2;1;2;1;1;1;3;1;1;3;2;1;1;1;1;1;3;1;;;60000000;350000;;;1;;;;;;;;;;5
20230313;03;2023;7383855;1;1;01;;2;156.98144067;63;1;1;4;1;1;1;1;1;3;1;1;3;1;1;1;1;1;3;3;3;;;;;300000;;1;;;;;;;;;;3
20230313;03;2023;7383856;1;1;01;;2;152.14266483;63;1;1;4;1;1;1;1;1;3;1;1;3;2;1;1;1;1;1;3;3;;;;;380000;;1;;;;;;;;;;3
20230313;03;2023;7383857;1;1;01;;2;92.300666514;63;1;1;2;1;1;1;1;1;3;1;1;3;2;1;1;1;1;1;3;1;;;60000000;300000;;;1;;;;;;;;;;2
20230313;03;2023;7383858;1;1;01;;1;499.01111547;63;1;1;4;1;3;1;1;1;3;1;1;3;1;1;1;1;1;1;3;1;;;150000000;600000;;;1;;;;;;;;;;2
20230313;03;2023;7383859;1;1;01;;1;349.78272127;63;1;1;4;1;3;1;1;1;3;1;1;4;3;1;1;1;1;1;3;1;;;130000000;600000;;;1;;;;;;;;;;3
20230313;03;2023;7383860;1;1;01;;1;500.17254132;63;1;1;4;1;2;1;1;1;3;1;1;3;2;1;1;1;1;1;3;3;;;;;400000;;1;;;;;;;;;;3
20230313;03;2023;7383861;1;1;01;;1;339.85952007;63;1;1;4;1;3;1;1;1;3;1;1;5;2;1;1;1;1;1;3;6;;;;700000;;;1;;;;;;;;;;2
20230313;03;2023;7383862;1;1;01;;1;713.06084398;63;1;1;4;1;3;1;1;1;3;1;1;4;3;1;1;1;1;1;3;1;;;16000000;600000;;;1;;;;;;;;;;5
20230313;03;2023;7383863;1;1;01;;1;317.60872986;63;1;1;4;1;3;1;1;1;3;1;1;6;1;1;1;1;1;1;3;4;;;;700000;;;;;;;;;;1;;;1
20230313;03;2023;7383864;1;1;01;;1;420.6581628;63;1;1;4;1;3;1;1;1;2;1;1;4;1;1;1;1;1;1;3;6;;;;700000;;;1;;;;;1;;;;;2
20230313;03;2023;7383865;1;1;01;;1;337.92956528;63;1;1;2;1;2;1;1;1;2;1;1;3;2;1;1;1;1;1;3;1;;;60000000;320000;;;;;;;;;;1;;;3
20230313;03;2023;7383867;1;1;01;;1;893.57324322;63;1;1;4;1;2;1;1;1;2;1;1;3;2;1;1;1;1;1;3;1;;;55000000;350000;;;1;;;;;;;;;;5
20230313;03;2023;7383868;1;1;01;;1;403.80857595;63;1;1;2;1;2;1;1;1;2;1;1;2;1;1;1;1;1;1;3;1;;;40000000;250000;;;;;;;;;;1;;;2
20230313;03;2023;7383869;1;1;01;;1;777.12526331;63;1;1;4;1;2;1;1;1;2;1;1;3;2;1;1;1;1;1;3;1;;;70000000;350000;;;1;;;;;;;;;;4
20230313;03;2023;7383872;1;1;01;;1;1426.4357847;73;1;1;4;1;1;1;1;1;1;1;1;4;2;1;1;1;1;1;3;1;;;85000000;250000;;;1;;;;;;;;;;4
20230313;03;2023;7383873;1;1;01;;1;746.71955096;73;1;1;4;1;1;1;1;1;1;1;1;3;1;1;1;1;1;1;3;1;;;90000000;350000;;;1;;;;1;1;;;;;2
20230313;03;2023;7383875;1;1;01;;1;1380.7327655;73;2;1;2;1;1;1;1;1;1;1;1;3;1;1;1;1;1;1;3;3;;;;;300000;;1;;;;;;;;;;1
20230313;03;2023;7383876;1;1;01;;1;824.16235466;73;1;1;4;1;1;1;1;1;1;1;1;3;1;1;1;1;1;1;3;3;;;;;350000;;;;;;;;;1;;;1
20230313;03;2023;7383878;1;1;01;;1;1718.8149865;73;2;1;4;1;2;1;1;1;1;1;1;2;2;1;1;1;1;1;3;5;;;;400000;;;1;;;;;;;;;;2
20230313;03;2023;7383879;1;1;01;;1;1879.8482355;73;1;1;2;1;2;1;1;1;2;1;1;2;2;1;1;1;1;1;3;3;;;;;450000;;1;;;;;;;;;;3
20230313;03;2023;7383881;1;1;01;;1;2223.6600698;73;1;1;2;1;1;1;1;1;1;1;1;3;3;1;1;1;1;5;3;3;;;;;250000;;;;;;;;;1;;;5
20230313;03;2023;7383882;1;1;01;;1;1622.3710994;73;1;1;4;1;2;1;1;1;1;1;1;3;2;1;1;1;1;1;3;3;;;;;330000;;;;;;;;;1;;;3
20230313;03;2023;7383883;1;1;01;;1;933.3994387;73;1;1;2;1;2;1;1;1;1;1;1;2;1;1;1;1;1;1;3;1;;;60000000;250000;;;;;;;;;;1;;;2
20230313;03;2023;7383884;1;1;01;;1;1688.3665725;73;1;1;2;1;2;1;1;1;1;1;1;2;2;1;1;1;1;1;3;3;;;;;250000;;1;;;;;;;;;;6
20230313;03;2023;7383885;1;1;01;;1;1622.3710994;73;2;1;4;1;2;1;1;1;1;1;1;3;2;1;1;1;1;1;3;3;;;;;300000;;;;;;;;;1;;;3
20230313;03;2023;7383886;1;1;01;;1;933.3994387;73;2;1;4;1;2;1;1;1;1;1;1;3;1;1;1;1;1;1;3;1;;;85000000;300000;;;1;;;;;;;;;;2
20230313;03;2023;7383887;1;1;01;;1;1030.2029433;73;2;1;4;1;2;1;1;1;1;1;1;2;1;1;1;1;1;1;3;3;;;;;350000;;;;;;;;;1;;;1
20230313;03;2023;7383888;1;1;01;;1;1030.2029433;73;1;1;2;1;2;1;1;1;1;1;1;2;1;1;1;1;1;1;3;4;;;;250000;;;;;;;;;;1;;;1
20230313;03;2023;7383889;1;1;01;;1;1199.1796202;73;1;1;4;1;2;1;1;1;1;1;1;4;1;1;1;1;1;1;3;1;;;55000000;300000;;;1;;;;;;;;;;1
20230313;03;2023;7383890;1;1;01;;1;1030.2029433;73;1;1;4;1;2;1;1;1;1;1;1;3;1;1;1;1;1;1;3;4;;;;300000;;;;;;;;;;1;;;1
20230313;03;2023;7383891;1;1;01;;1;1217.800709;73;1;1;4;1;2;1;1;1;1;1;1;3;2;1;1;1;1;1;3;4;;;;350000;;;;;;;;;;1;;;3
20230313;03;2023;7383892;1;1;01;;1;819.126441;73;1;1;2;1;2;1;1;1;1;1;1;4;2;1;1;1;1;1;3;3;;;;;350000;;1;;;;1;;;;;;2
20230313;03;2023;7383893;1;1;01;;1;840.05949483;73;1;1;2;1;2;1;1;1;1;1;1;3;1;1;1;1;1;1;3;1;;;99;350000;;;1;;;;;;;;;;2
20230313;03;2023;7383894;1;1;01;;1;1079.2616582;73;1;1;4;1;1;1;1;1;1;1;1;4;1;1;1;1;1;1;3;4;;;;98;;;;;;;;;;1;;;1
20230313;03;2023;7383895;1;1;01;;1;840.05949483;73;2;1;2;1;2;1;1;1;1;1;1;3;1;1;1;1;1;1;3;1;;;99;350000;;;1;;;;;;;;;;2
20230313;03;2023;7383896;1;1;01;;1;840.05949483;73;1;1;2;1;1;1;1;1;1;1;1;3;1;1;1;1;1;1;3;1;;;98;350000;;;;;;;;;;1;;;2
20230313;03;2023;7383897;1;1;01;;1;992.46215979;73;1;1;4;1;2;1;1;1;1;1;1;3;1;1;1;1;1;1;3;3;;;;;350000;;;;;;;;;1;;;2
20230313;03;2023;7383899;1;1;01;;1;1226.9990436;73;1;1;2;1;2;1;1;1;1;1;1;3;2;1;1;1;1;1;3;1;;;65000000;300000;;;1;;;;;;;;;;3
20230313;03;2023;7383900;1;1;01;;1;1989.1746165;73;1;1;4;1;2;1;1;1;1;1;1;5;4;1;1;1;1;1;3;3;;;;;400000;;1;;;;1;;;;;;5
20230313;03;2023;7383901;1;1;01;;1;2159.5352416;73;1;1;4;1;2;1;1;1;1;1;1;3;2;1;1;1;1;1;3;3;;;;;450000;;1;;;;;;;;;;4
20230313;03;2023;7383903;1;1;01;;1;1129.6904445;73;1;1;1;1;1;1;1;1;1;1;1;2;1;1;1;1;1;1;3;1;;;30000000;350000;;;1;;;;;;;;;;1
20230313;03;2023;7383904;1;1;01;;1;996.51154469;73;1;1;2;1;1;1;1;1;1;1;1;5;2;1;1;1;1;1;3;4;;;;400000;;;1;;;;;;;;;;3
20230313;03;2023;7383905;1;1;01;;1;1334.6783968;73;1;1;2;1;1;1;1;1;1;1;1;4;3;1;1;1;1;1;3;3;;;;;200000;;1;;;;;;;;;;4
20230313;03;2023;7383906;1;1;01;;1;784.91756959;73;1;7;2;1;1;1;1;1;1;1;1;2;1;1;1;1;1;5;3;4;;;;150000;;;;;;;;;;1;;;1
20230313;03;2023;7383907;1;1;01;;1;955.72523475;73;1;1;2;1;1;1;1;1;1;1;1;3;2;1;1;1;1;1;3;3;;;;;300000;;;;;;;;;1;;;2
20230313;03;2023;7383908;1;1;01;;1;1818.2024892;73;1;1;2;1;1;1;1;1;1;1;1;3;2;1;1;1;1;1;3;4;;;;350000;;;1;;;;;;;;;;4
20230313;03;2023;7383909;1;1;01;;1;895.75587139;73;1;1;4;1;1;1;1;1;1;1;1;3;2;1;1;1;1;1;3;1;;;70000000;350000;;;;;;;;;;1;;;1
20230313;03;2023;7383910;1;1;01;;1;1112.3511389;73;1;1;2;1;1;1;1;1;1;1;1;4;2;1;1;1;1;1;3;3;;;;;500000;;1;;;;1;1;;;;;4
20230313;03;2023;7383911;1;1;01;;1;784.91756959;73;1;1;4;1;1;1;1;1;1;1;1;3;1;1;1;1;1;1;3;1;;;50000000;300000;;;;;;;;;;1;;;1
20230313;03;2023;7383912;1;1;01;;1;674.31465381;73;1;1;2;1;1;1;1;1;1;1;1;3;1;1;1;1;1;1;3;1;;;20000000;150000;;;1;;;;;;;;;;1
20230313;03;2023;7383913;1;1;01;;1;1770.7264813;73;2;1;4;1;1;1;1;1;1;1;1;4;1;1;1;1;1;1;3;3;;;;;450000;;;;;;;;;1;;;3
20230313;03;2023;7383914;1;1;01;;1;1725.9159568;73;1;1;2;1;2;1;1;1;1;1;1;3;1;1;1;1;1;1;3;1;;;5000000;300000;;;;;;;1;;;;;;1
20230313;03;2023;7383915;1;1;01;;2;1193.7889226;73;1;1;4;1;2;2;2;2;;1;1;4;3;2;1;4;1;1;4;4;;;;300000;;;1;;;;;;;;;;5
20230313;03;2023;7383916;1;1;01;;2;449.52793613;73;1;1;2;1;1;2;2;2;;2;1;1;1;2;1;4;2;1;4;4;;;;150000;;;1;;;;;;;;;;2
20230313;03;2023;7383918;1;1;01;;2;766.18056375;73;1;1;4;1;2;1;1;2;;1;1;3;3;1;1;4;1;1;3;4;;;;80000;;;1;;;;;;;;;;4
20230313;03;2023;7383919;1;1;01;;2;612.7220361;73;1;1;2;1;1;2;1;2;;1;1;4;3;1;1;4;1;1;4;4;;;;350000;;;1;;;;;;;;;;4
20230313;03;2023;7383920;1;1;01;;2;754.73640249;73;1;1;2;1;2;2;2;2;;1;1;4;3;2;1;4;1;1;5;4;;;;250000;;;;;;;;;;1;;;4
20230313;03;2023;7383921;1;1;01;;2;346.3962426;73;1;1;4;1;2;1;1;2;;1;1;3;2;1;1;4;1;1;3;6;;;;90000;;;;;;;;;;1;;;3
20230313;03;2023;7383922;1;1;01;;2;915.98853448;73;1;1;2;1;1;2;1;2;;1;1;2;2;1;1;4;1;1;4;3;;;;;80000;;1;;;;;;;;;;5
20230313;03;2023;7383923;1;1;01;;2;916.6818487;73;1;4;2;1;1;2;1;2;;1;1;4;3;1;1;4;1;1;4;1;;;98;100000;;;;;;;;;;1;;;7
20230313;03;2023;7383924;1;1;01;;2;556.4862786;73;1;6;1;1;2;2;2;2;;1;1;2;1;2;1;4;1;1;5;1;;;30000000;100000;;;;;;;;;;1;;;2
20230313;03;2023;7383925;1;1;01;;2;421.51528948;73;1;1;2;1;1;1;1;1;1;1;1;3;1;1;1;1;1;1;3;4;;;;250000;;;;;;;;;;1;;;1
20230313;03;2023;7383926;1;1;01;;2;878.91922247;73;1;1;2;1;1;1;1;1;1;1;1;3;2;1;1;1;1;1;3;4;;;;250000;;;;;;;;;;1;;;5
20230313;03;2023;7383927;1;1;01;;2;983.08990998;73;1;1;4;1;1;1;1;1;1;1;1;4;3;1;1;1;1;1;3;3;;;;;100000;;1;;;;;;;;;;5
20230313;03;2023;7383928;1;1;01;;2;518.65794888;73;1;1;4;1;1;1;1;1;1;1;1;4;2;1;1;1;1;1;3;1;;;45000000;150000;;;1;;;;;;;;;;3
20230313;03;2023;7383929;1;1;01;;2;421.51528948;73;1;1;2;1;1;1;1;1;1;1;1;2;1;1;1;1;1;1;3;1;;;35000000;200000;;;;;;;;;;1;;;1
20230313;03;2023;7383930;1;1;01;;2;376.45509924;73;1;1;4;1;1;1;1;1;1;1;1;3;1;1;1;1;1;1;3;1;;;60000000;200000;;;;;;;;;;1;;;1
20230313;03;2023;7383931;1;1;01;;2;421.10045987;73;1;1;2;1;1;1;1;1;1;1;1;3;2;1;1;1;1;1;3;3;;;;;150000;;1;;;;;;;;;;4
20230313;03;2023;7383932;1;1;01;;2;517.14593923;73;1;1;2;1;1;1;1;1;1;1;1;3;2;1;1;1;1;1;3;3;;;;;140000;;;;;;;;;1;;;2
20230313;03;2023;7383934;1;1;01;;2;421.51528948;73;1;1;2;1;1;1;1;1;1;1;1;2;1;1;1;1;1;1;3;3;;;;;150000;;;;;;;;;1;;;1
20230313;03;2023;7383935;1;1;01;;2;500.20579227;73;1;1;4;1;1;1;1;1;1;1;1;3;2;1;1;1;1;1;3;3;;;;;300000;;1;;;;;;;;;;3
20230313;03;2023;7383936;1;1;01;;1;1030.2029433;73;1;1;4;1;2;1;1;1;1;1;1;6;1;1;1;1;1;1;3;3;;;;;520000;;1;;;;;;;;;;1
20230313;03;2023;7383937;1;1;01;;1;933.3994387;73;1;1;4;1;2;1;1;1;1;1;1;4;1;1;1;1;1;1;3;1;;;50000000;400000;;;1;;;;1;1;;;;;2
20230313;03;2023;7383938;1;1;01;;2;350.4670199;73;1;5;2;1;1;2;2;2;;1;1;3;1;2;1;4;1;1;5;4;;;;500000;;;;;;;;;;1;;;2
20230313;03;2023;7383939;1;1;01;;2;393.16392358;73;1;1;2;1;1;2;2;2;;1;1;3;2;2;1;4;1;1;5;4;;;;80000;;;1;;;;;;;;;;3
20230313;03;2023;7383940;1;1;01;;2;537.22353759;73;1;1;4;1;1;2;2;2;;1;1;3;2;2;1;4;1;1;4;4;;;;250000;;;1;;;;;;;;;;3
20230313;03;2023;7383941;1;1;01;;2;374.68025732;73;1;1;1;1;1;2;2;2;;1;1;2;1;2;1;4;1;1;4;4;;;;120000;;;1;;;;;;;;;;1
20230313;03;2023;7383942;1;1;01;;2;374.68025732;73;1;5;1;1;1;2;2;2;;1;1;2;1;2;1;4;1;1;5;1;;;30000000;100000;;;;;;;;;;1;;;1
20230313;03;2023;7383943;1;1;01;;2;374.68025732;73;1;1;4;1;1;2;2;2;;1;1;3;1;2;1;4;1;1;4;4;;;;130000;;;1;;;;;;;;;;1
20230313;03;2023;7383944;1;1;01;;2;883.14180635;73;1;1;2;1;1;2;2;2;;1;1;2;2;2;1;4;1;1;4;4;;;;200000;;;1;;;;;;;;;;5
20230313;03;2023;7383945;1;1;01;;2;349.90536793;73;1;1;4;1;1;2;2;2;;1;1;3;2;2;1;4;1;1;5;4;;;;200000;;;1;;;;;;;;;;3
20230313;03;2023;7383946;1;1;01;;2;350.4670199;73;1;1;2;1;1;2;2;2;;1;1;3;1;2;1;4;1;1;5;1;;;12000000;50000;;;1;;;;1;;;;;;2
20230313;03;2023;7383947;1;1;01;;2;497.20712159;73;1;5;2;1;1;2;2;2;;1;1;3;2;2;1;4;1;1;5;4;;;;150000;;;;;;;;;;1;;;4
20230313;03;2023;7383949;1;1;01;;2;528.92407386;73;2;1;4;1;2;2;2;2;;1;1;4;2;2;2;4;1;1;4;4;;;;250000;;;;;;;;;;1;;;3
20230313;03;2023;7383950;1;1;01;;2;488.83302437;73;1;1;2;1;1;2;2;1;3;1;1;4;3;2;1;1;1;1;4;1;;;99;200000;;;1;;;;;;;;;;4
20230313;03;2023;7383952;1;1;01;;2;706.85650148;73;1;1;2;1;1;2;2;1;3;1;1;3;2;2;1;1;1;1;4;3;;;;;350000;;1;;;;;;;;;;4
20230313;03;2023;7383953;1;1;01;;2;351.120666;73;1;1;4;1;1;2;2;1;3;1;1;3;1;2;1;1;1;1;4;4;;;;99;;;1;;;;;;;;;;2
20230313;03;2023;7383954;1;1;01;;2;375.37906284;73;1;1;4;1;2;2;2;2;;1;1;3;1;2;1;4;1;1;4;5;;;;600000;;;1;;;;;;;;;;1
20230313;03;2023;7383955;1;1;01;;2;528.92407386;73;1;1;4;1;2;2;2;2;;1;1;4;3;2;1;3;3;1;5;3;;;;;400000;;1;;;;;;;;;;3
20230313;03;2023;7383958;1;1;01;;1;2951.5120352;73;2;1;2;1;0;2;1;1;1;1;1;3;2;1;2;1;1;3;4;3;;;;;300000;;1;;;;;;;;;;3
20230313;03;2023;7383959;1;1;01;;1;1269.3191168;73;4;1;2;1;0;2;1;1;1;1;1;1;1;1;2;1;1;1;4;3;;;;;80000;;;;;;;;;1;;;1
20230313;03;2023;7383960;1;1;01;;1;2560.1135672;73;1;5;3;1;0;2;2;1;1;1;1;2;2;3;1;1;1;1;4;3;;;;;280000;;;;;;;;;1;;;7
20230313;03;2023;7383961;1;1;01;;1;2333.6158124;73;1;1;2;1;0;2;2;1;1;1;1;3;2;3;1;1;1;1;4;3;;;;;250000;;;;;;;;;1;;;4
20230313;03;2023;7383964;1;1;01;;1;741.50476933;73;4;1;2;1;2;2;1;1;1;1;1;1;1;1;2;1;1;1;4;4;;;;70000;;;;;;;;;;1;;;1
20230313;03;2023;7383965;1;1;01;;1;955.52874187;73;1;2;3;1;0;2;2;1;1;1;1;2;1;3;1;1;1;1;4;3;;;;;50000;;;;;;;;;1;;;1
20230313;03;2023;7383966;1;1;01;;1;1343.88064;73;1;1;4;1;2;1;1;1;1;1;1;5;4;1;1;1;1;1;3;3;;;;;500000;;1;;;;;;;;;;5
20230313;03;2023;7383967;1;1;01;;1;936.46929053;73;2;1;2;1;2;1;1;1;1;1;1;3;2;1;2;1;1;1;3;3;;;;;150000;;;;;;;;;1;;;5
20230313;03;2023;7383968;1;1;01;;1;741.50476933;73;1;1;4;1;2;1;1;1;1;1;1;4;1;1;1;1;1;6;;1;;;98;200000;;;;;;;;;;1;;;1
20230313;03;2023;7383969;1;1;01;;1;1457.2765517;73;4;1;2;1;2;1;1;1;1;1;1;1;1;1;2;1;1;1;3;3;;;;;180000;;;;;;;;;1;;;3
20230313;03;2023;7383970;1;1;01;;1;681.86933102;73;1;1;4;1;2;1;1;1;1;1;1;4;1;1;1;1;1;3;3;3;;;;;400000;;1;;;;;;;;;;2
20230313;03;2023;7383972;1;1;01;;1;562.77933907;73;2;1;4;1;2;1;1;1;1;1;1;4;3;1;1;1;1;1;3;3;;;;;350000;;1;;;;;;;;;;5
20230313;03;2023;7383974;1;1;01;;1;2000.9849109;73;1;2;3;1;0;2;2;1;1;1;1;4;3;3;1;1;1;1;4;5;;;;300000;;;;;;;;;;1;;;5
20230313;03;2023;7383976;1;1;01;;1;1350.9941734;73;2;1;4;1;2;1;1;1;1;1;1;3;2;1;1;1;1;3;3;3;;;;;500000;;1;;;;;;;;;;2
20230313;03;2023;7383977;1;1;01;;1;667.85814031;73;2;1;4;1;3;1;1;1;1;1;1;5;1;1;1;1;1;1;3;1;;;99;500000;;;1;;;;;;;;;;2
20230313;03;2023;7383978;1;1;01;;1;1234.9129145;73;1;1;2;1;2;1;1;1;1;1;1;4;1;1;1;1;1;1;3;3;;;;;400000;;;;;;;1;;;;;1
20230313;03;2023;7383979;1;1;01;;1;2604.8643694;73;1;2;2;1;2;1;1;1;1;1;1;4;3;1;1;1;1;1;3;3;;;;;450000;;;;;;;;;1;;;7
20230313;03;2023;7383980;1;1;01;;1;737.1221723;73;2;1;2;1;2;1;1;1;1;1;1;2;1;1;1;1;1;1;3;3;;;;;150000;;;;;;;;;1;;;1
20230313;03;2023;7383981;1;1;01;;1;737.1221723;73;1;1;4;1;3;1;1;1;1;1;1;3;1;1;1;1;1;1;3;1;;;150000000;200000;;;1;;;;;;;;;;1
20230313;03;2023;7383982;1;1;01;;1;1217.5469361;73;1;1;4;1;2;1;1;1;1;1;1;4;3;1;1;1;1;1;3;1;;;98;98;;;1;;;;;;;;;;3
20230313;03;2023;7383983;1;1;01;;1;667.85814031;73;1;1;4;1;2;1;1;1;1;1;1;4;1;1;1;1;1;1;3;1;;;99;400000;;;1;;;;;;;;;;2
20230313;03;2023;7383984;1;1;01;;1;901.99241709;73;1;1;4;1;2;1;1;1;1;1;1;5;3;1;1;1;1;1;3;3;;;;;370000;;;;;;;;;1;;;3
20230313;03;2023;7383986;1;1;01;;1;1525.1688713;73;1;1;2;1;2;1;1;1;1;1;1;5;3;1;1;1;1;1;3;1;;;99;99;;;1;;;;;;;;;;4
20230313;03;2023;7383988;1;1;01;;2;767.69485594;73;1;5;2;1;2;2;2;2;;2;1;3;2;2;1;4;6;1;5;3;;;;;85000;;;;;;;;;1;;;4
20230313;03;2023;7383989;1;1;01;;2;974.19546178;73;1;1;2;1;2;2;2;2;;2;1;4;3;2;1;4;6;1;5;1;;;99;150000;;;;;;;1;;;;;;6
20230313;03;2023;7383990;1;1;01;;2;662.69061637;73;1;5;6;1;2;2;2;2;;2;1;9;2;2;1;5;2;1;5;4;;;;300000;;;;;;;1;;;;;;1
20230313;03;2023;7383991;1;1;01;;2;961.27019248;73;1;1;2;1;1;2;2;2;;2;1;6;5;2;1;5;6;1;5;4;;;;200000;;;;;;;;;;1;;;6
20230313;03;2023;7383992;1;1;01;;2;710.04379013;73;1;2;3;1;1;2;2;2;;2;1;2;1;2;1;4;6;1;5;1;;;99;150000;;;;;;;1;;;;;;2
20230313;03;2023;7383994;1;1;01;;2;551.32731037;73;1;1;3;1;2;2;2;2;;2;1;3;2;2;1;4;6;1;5;3;;;;;100000;;;;;;1;;;;;;2
20230313;03;2023;7383995;1;1;01;;2;494.78075646;73;1;1;2;1;2;1;2;2;;2;1;3;2;2;1;4;6;1;3;1;;;10000000;300000;;;;;;;;;;1;;;2
20230313;03;2023;7383996;1;1;01;;2;494.78075646;73;1;5;3;1;1;2;2;2;;2;1;2;1;2;1;5;6;1;5;4;;;;98;;;;;;;;;;1;;;2
20230313;03;2023;7383997;1;1;01;;2;528.96441211;73;1;2;3;1;1;2;2;2;;2;1;2;1;2;1;4;6;1;5;3;;;;;200000;;;;;;;;;1;;;1
20230313;03;2023;7383998;1;1;01;;2;1500.2077914;73;1;1;4;1;2;2;2;2;;2;1;4;3;2;1;4;6;1;4;5;;;;400000;;;1;;;;;;;;;;6
20230313;03;2023;7383999;1;1;01;;2;829.57586383;73;1;1;2;1;2;2;2;2;;2;1;4;2;2;1;4;6;1;4;1;;;99;100000;;;;;;;;;;1;;;5
20230313;03;2023;7384000;1;1;01;;2;549.75639607;73;1;1;2;1;1;1;2;2;;1;1;3;2;2;1;4;1;1;3;1;;;98;98;;;;;;;;;;1;;;2
20230313;03;2023;7384001;1;1;01;;2;549.75639607;73;1;1;2;1;2;2;2;2;;1;1;3;1;2;1;4;1;1;5;1;;;98;98;;;;;;;1;;;;;;2
20230313;03;2023;7384002;1;1;01;;2;549.75639607;73;1;1;4;1;1;2;2;2;;2;1;3;2;2;1;4;6;1;5;1;;;99;150000;;;;;;;;;;1;;;2
20230313;03;2023;7384003;1;1;01;;2;1092.1754329;73;1;2;2;1;2;2;2;2;;2;1;2;1;2;1;4;6;1;5;3;;;;;80000;;;;;;;;;1;;;4
20230313;03;2023;7384004;1;1;01;;2;842.71003872;73;1;5;3;1;2;2;2;2;;2;1;3;2;2;1;4;6;1;5;4;;;;98;;;;;;;1;;;;;;3
20230313;03;2023;7384005;1;1;01;;2;826.28468911;05;2;1;4;1;2;2;2;1;2;2;1;3;2;2;1;1;2;1;4;3;;;;;800000;;1;;;;;;;;;;3
20230313;03;2023;7384006;1;1;01;;2;696.29667489;05;2;1;4;1;2;2;2;1;2;2;1;1;1;2;1;1;2;1;4;1;;;30000000;600000;;;1;;;;;1;;;;;1
20230313;03;2023;7384007;1;1;01;;2;872.32574081;05;1;1;4;1;2;2;2;1;2;2;1;4;1;2;1;1;3;1;4;2;;2000000;200000000;10000000;;;1;;;;;;;;;;1
20230313;03;2023;7384008;1;1;01;;2;668.31342424;05;2;1;4;1;2;2;2;1;2;2;1;3;1;2;1;1;2;1;4;3;;;;;800000;;1;;;;;;;;;;2
20230313;03;2023;7384009;1;1;01;;2;514.98748004;05;2;1;4;1;2;2;2;1;2;2;1;2;1;2;1;1;2;1;4;4;;;;800000;;;1;;;;;;;;;;1
20230313;03;2023;7384010;1;1;01;;2;1280.9179167;05;1;1;4;1;2;2;2;1;2;2;1;3;2;2;1;1;2;1;5;3;;;;;600000;;1;;;;;;;;;;4
20230313;03;2023;7384011;1;1;01;;2;621.8622204;05;1;1;4;1;2;2;2;1;2;2;1;3;2;2;1;1;2;1;4;3;;;;;300000;;1;;;;;;;;;;1
20230313;03;2023;7384012;1;1;01;;2;981.10979102;05;1;1;2;1;2;2;2;1;2;2;1;2;2;2;1;1;2;1;4;3;;;;;735000;;;;;;;;;1;;;3
20230313;03;2023;7384013;1;1;01;;1;2164.3965379;05;2;1;2;1;1;2;1;1;2;1;1;3;2;1;1;1;1;1;4;1;;;400000000;200000;;;;;;;;;;1;;;3
20230313;03;2023;7384014;1;1;01;;1;2953.3029298;05;2;1;2;1;1;2;1;1;2;1;1;3;2;1;1;1;1;1;4;4;;;;200000;;;;;;;;;;1;;;3
20230313;03;2023;7384015;1;1;01;;1;2075.5340806;05;2;1;2;1;1;1;1;1;2;1;1;3;2;1;1;1;1;1;3;1;;;43000000;150000;;;;;;;;;;1;;;2
20230313;03;2023;7384016;1;1;01;;1;1502.3667862;05;2;1;4;1;1;1;1;1;2;1;1;3;2;1;1;1;1;1;3;1;;;44000000;250000;;;;;;;;;;1;;;2
20230313;03;2023;7384017;1;1;01;;1;1612.3260362;05;2;1;4;1;1;1;1;1;2;1;1;3;2;1;1;1;1;1;3;1;;;20000000;200000;;;;;;;;;;1;;;4
20230313;03;2023;7384018;1;1;01;;1;1312.5068904;05;2;1;4;1;1;1;1;1;2;1;1;3;1;1;1;1;1;1;3;1;;;30000000;200000;;;;;;;;;;1;;;1
20230313;03;2023;7384019;1;1;01;;1;2198.8644086;05;2;1;2;1;1;2;1;1;2;1;1;3;1;1;1;1;1;1;4;4;;;;200000;;;1;;;;;;;;;;1
20230313;03;2023;7384020;1;1;01;;2;2528.7616292;05;1;1;2;1;1;2;2;2;;2;1;1;1;2;1;4;2;2;4;4;;;;100000;;;;;;;;;;1;;;2
20230313;03;2023;7384021;1;1;01;;2;2258.099611;05;1;3;2;1;1;2;2;2;;2;1;2;2;2;1;4;6;1;4;1;;;30000000;100000;;;;;;;;;;1;;;2
20230313;03;2023;7384022;1;1;01;;2;2970.7739184;05;1;1;1;1;1;2;2;2;;2;1;1;1;2;1;4;2;5;5;4;;;;50000;;;;;;;;;;1;;;3
20230313;03;2023;7384023;1;1;01;;2;1777.6481463;05;1;1;2;1;1;2;2;2;;2;1;2;1;3;1;4;2;1;4;1;;;30000000;100000;;;;;;;;;;1;;;2
20230313;03;2023;7384024;1;1;01;;2;1774.7993203;05;1;1;2;1;1;2;2;2;;2;1;3;2;2;1;4;6;1;5;1;;;25000000;350000;;;;;;;;;;1;;;3
20230313;03;2023;7384025;1;1;01;;2;4485.0310869;05;1;1;2;1;1;2;2;2;;2;1;3;3;2;1;4;2;1;5;1;;;98;400000;;;;;;;;;;1;;;10
20230313;03;2023;7384026;1;1;01;;2;2128.4674676;05;1;3;2;1;1;2;2;2;;2;1;2;2;2;1;4;6;1;4;5;;;;300000;;;;;;;;;;1;;;2
20230313;03;2023;7384027;1;1;01;;2;3022.4865104;05;1;1;2;1;1;2;2;2;;2;1;3;3;2;1;4;2;1;4;1;;;30000000;250000;;;1;;;;;;;;;;5
20230313;03;2023;7384028;1;1;01;;2;3578.6618996;05;1;1;2;1;1;2;2;2;;2;1;3;2;2;1;4;6;1;4;5;;;;250000;;;;;;;;;;1;;;4
20230313;03;2023;7384029;1;1;01;;2;3108.9931584;05;1;1;2;1;1;2;2;2;;2;1;4;2;2;1;4;2;1;5;1;;;30000000;500000;;;;;;;;;;1;;;4
20230313;03;2023;7384030;1;1;01;;2;1405.6001931;05;1;1;4;1;1;2;2;2;;2;1;1;1;3;1;4;2;1;1;4;;;;100000;;;1;;;;1;1;;;;;1
20230313;03;2023;7384031;1;1;01;;2;2677.8284233;05;1;1;4;1;1;2;2;2;;2;1;3;1;3;1;4;2;1;4;4;;;;200000;;;;;;;;;;1;;;3
20230313;03;2023;7384032;1;1;01;;2;2595.2873827;05;1;1;2;1;1;2;2;2;;2;1;2;1;3;1;4;2;1;1;5;;;;200000;;;;;;;;;;1;;;3
20230313;03;2023;7384033;1;1;01;;2;2675.6327965;05;1;1;2;1;1;2;2;2;;2;1;3;2;3;1;4;2;1;4;1;;;35000000;100000;;;;;;;;;;1;;;4
20230313;03;2023;7384034;1;1;01;;2;2658.3937725;05;1;1;2;1;1;2;2;2;;2;1;1;1;3;1;4;2;1;4;5;;;;200000;;;;;;;;;;1;;;2
20230313;03;2023;7384035;1;1;01;;2;1824.0860498;05;1;1;1;1;1;2;2;2;;2;1;1;1;3;1;4;2;1;4;1;;;98;98;;;1;;;;;;;;;;2
20230313;03;2023;7384036;1;1;01;;2;2675.6327965;05;1;1;2;1;1;2;2;2;;2;1;3;3;3;1;4;2;1;4;1;;;40000000;200000;;;;;;;;;;1;;;4
20230313;03;2023;7384037;1;1;01;;2;2678.4816226;05;1;3;2;1;1;2;2;2;;2;1;4;2;5;1;4;2;1;5;1;;;30000000;250000;;;1;;;;1;;;;;;3
20230313;03;2023;7384038;1;1;01;;2;2658.3937725;05;1;1;2;1;1;2;2;2;;2;1;3;1;3;1;3;2;1;4;4;;;;300000;;;;;;;;;;1;;;2
20230313;03;2023;7384039;1;1;01;;2;2380.9146382;05;1;1;2;1;1;2;2;2;;2;1;2;1;2;1;4;2;1;4;4;;;;250000;;;1;;;;;;;;;;1
20230313;03;2023;7384040;1;1;01;;1;2061.905721;05;2;1;2;1;2;1;1;1;2;1;1;3;2;1;1;1;1;1;3;1;;;98;300000;;;;;;;;;;1;;;2
20230313;03;2023;7384041;1;1;01;;2;1900.4631736;05;1;1;2;1;2;1;2;1;1;1;1;3;1;2;1;1;1;1;3;1;;;50000000;200000;;;1;;;;;;;;;;1
20230313;03;2023;7384042;1;1;01;;2;3762.6120277;05;1;1;2;1;1;2;2;2;;2;1;5;2;2;1;4;2;1;5;1;;;20000000;200000;;;;;;;;;;1;;;5
20230313;03;2023;7384043;1;1;01;;1;1847.2321109;05;2;1;2;1;1;2;1;1;2;1;1;3;2;1;1;1;1;1;4;4;;;;250000;;;;;;;;;;1;;;2
20230313;03;2023;7384044;1;1;01;;2;1697.3027325;05;1;1;2;1;2;2;2;1;1;1;1;5;1;2;1;1;1;1;5;1;;;20000000;100000;;;;;;;;;;1;;;1
20230313;03;2023;7384045;1;1;01;;2;1777.6481463;05;1;1;2;1;1;1;2;1;1;1;1;3;1;2;1;1;1;1;3;1;;;20000000;100000;;;;;;;1;;;;;;2
20230313;03;2023;7384046;1;1;01;;2;1405.6001931;05;1;1;2;1;1;2;2;2;;2;1;3;2;3;1;4;2;1;5;1;;;25000000;200000;;;;;;;;;;1;;;3
20230313;03;2023;7384047;1;1;01;;2;1405.6001931;05;1;1;4;1;1;1;2;1;1;1;1;4;3;2;1;1;1;1;3;4;;;;200000;;;1;;;;;;;;;;3
20230313;03;2023;7384048;1;1;01;;2;3871.6073946;05;1;1;4;1;1;2;2;2;;2;1;3;2;3;1;4;2;1;4;3;;;;;200000;;;;;;;;;1;;;4
20230313;03;2023;7384049;1;1;01;;2;4660.5966779;05;1;1;2;1;1;2;2;2;;2;1;2;2;2;1;4;2;1;5;4;;;;200000;;;;;;;;;;1;;;7
20230313;03;2023;7384050;1;1;01;;2;3607.9479207;05;1;1;4;1;1;2;2;2;;2;1;4;2;3;1;4;2;1;4;4;;;;150000;;;;;;;;;;1;;;3
20230313;03;2023;7384051;1;1;01;;2;1777.6481463;05;1;1;4;1;1;1;2;1;1;1;1;2;1;2;1;1;1;1;3;4;;;;300000;;;;;;;;;;1;;;2
20230313;03;2023;7384052;1;1;01;;1;2061.905721;05;2;1;4;1;2;2;1;1;2;1;1;4;2;1;1;1;1;1;4;2;;120000;100000000;400000;;;1;;;;;;;;;;2
20230313;03;2023;7384053;1;1;01;;1;1388.7399384;05;2;1;4;1;2;2;1;1;2;1;1;5;2;1;1;1;1;1;4;1;;;80000000;700000;;;1;;;;;;;;;;2
20230313;03;2023;7384054;1;1;01;;1;2394.9783662;05;2;1;2;1;1;2;1;1;2;1;1;3;2;1;1;1;1;1;4;2;;5000;40000000;300000;;;;;;;;;;1;;;3
20230313;03;2023;7384055;1;1;01;;1;2145.1352208;05;2;1;4;1;2;1;1;1;2;1;1;3;2;1;1;1;1;1;3;4;;;;350000;;;;;;;;;;1;;;5
20230313;03;2023;7384056;1;1;01;;1;1527.7878253;05;2;1;2;1;1;2;1;1;2;1;1;3;1;1;1;1;1;1;4;1;;;10000000;100000;;;;;;;;;;1;;;1
20230313;03;2023;7384057;1;1;01;;1;2248.5260022;05;1;1;4;1;2;2;1;1;2;1;1;6;3;1;1;1;1;1;4;1;;;500000000;800000;;;1;;;;;1;;;;;3
20230313;03;2023;7384058;1;1;01;;1;1833.3453904;05;1;1;4;1;2;2;1;1;2;1;1;3;1;1;1;1;1;1;4;1;;;98;400000;;;;;;;;;;1;;;1
20230313;03;2023;7384059;1;1;01;;1;1427.011875;05;2;1;4;1;2;1;1;1;2;1;1;5;1;1;1;1;1;1;3;1;;;60000000;500000;;;1;;;;1;;;;;;2
20230313;03;2023;7384060;1;1;01;;1;3975.5795041;05;1;1;2;1;2;1;1;1;2;1;1;3;2;1;1;1;1;1;3;4;;;;300000;;;;;;;;;;1;;;5
20230313;03;2023;7384061;1;1;01;;1;1575.0082685;05;2;1;4;1;2;1;1;1;2;1;1;2;1;1;1;1;1;1;3;4;;;;150000;;;;;;;;;;1;;;1
20230313;03;2023;7384062;1;1;01;;1;1537.9023985;05;1;1;4;1;2;1;1;1;2;1;1;4;2;1;1;1;1;1;3;1;;;40000000;500000;;;;;;;;;;1;;;3
20230313;03;2023;7384063;1;1;01;;1;1391.4528264;05;1;1;4;1;2;2;1;1;2;1;1;7;3;1;1;1;1;1;4;1;;;80000000;450000;;;1;1;;;;1;;;;;4
20230313;03;2023;7384064;1;1;01;;1;1019.2941964;05;2;1;4;1;2;1;1;1;2;1;1;4;1;1;1;1;1;1;3;1;;;100000000;400000;;;;;;;;;;1;;;2
20230313;03;2023;7384066;1;1;01;;1;2610.610028;05;2;1;4;1;2;2;1;1;2;1;1;3;2;1;1;1;1;1;4;2;;100000;50000000;200000;;;1;;1;;;;;;;;4
20230313;03;2023;7384067;1;1;01;;1;1309.5324217;05;2;1;4;1;2;1;1;1;2;1;1;3;1;1;1;1;1;1;3;1;;;70000000;600000;;;1;;;;1;;;;;;1
20230313;03;2023;7384070;1;1;01;;1;2216.6785331;05;2;1;4;1;2;1;1;1;2;1;1;2;1;1;1;1;1;1;3;4;;;;200000;;;1;;;;;;;;;;2
20230313;03;2023;7384071;1;1;01;;1;3478.6206177;05;2;1;4;1;2;2;1;1;2;1;1;2;2;1;1;1;1;1;1;3;;;;;400000;;1;;;;1;;;;;;2
20230313;03;2023;7384072;1;1;01;;1;3543.9635158;05;2;1;4;1;2;2;1;1;2;1;1;2;1;1;1;1;1;1;4;4;;;;250000;;;;;;;1;;;;;;3
20230313;03;2023;7384074;1;1;01;;1;1833.3453904;05;1;1;4;1;2;1;1;1;2;1;1;4;1;1;1;1;1;1;3;1;;;60000000;600000;;;1;;;;;;;;;;1
20230313;03;2023;7384075;1;1;01;;1;1309.5324217;05;1;1;2;1;2;2;1;1;2;1;1;3;1;1;1;1;1;1;4;4;;;;350000;;;;;;;;;;1;;;1
20230313;03;2023;7384076;1;1;01;;1;1427.011875;05;2;1;4;1;2;2;1;1;2;1;1;3;1;1;1;1;1;1;4;1;;;20000000;200000;;;;;;;;;;1;;;2
20230313;03;2023;7384081;1;1;01;;2;602.99447483;05;1;1;4;1;4;2;2;1;3;1;1;3;2;2;1;1;1;1;4;4;;;;650000;;;1;;;;;;;;;;3
20230313;03;2023;7384082;1;1;01;;2;847.95567711;05;1;1;4;1;4;2;2;1;3;1;1;3;2;2;1;1;1;1;4;4;;;;700000;;;1;;;;;;;;;;4
20230313;03;2023;7384083;1;1;01;;2;523.37839338;05;1;1;4;1;4;2;2;1;2;1;1;3;1;2;1;1;1;1;4;2;;98;800000000;2000000;;1;1;1;;;;;;;;;2
20230313;03;2023;7384084;1;1;01;;2;670.96154823;05;1;1;4;1;4;2;2;1;3;1;1;5;3;2;1;1;1;1;4;1;;;500000000;3000000;;;1;;;;;;;;;;3
20230313;03;2023;7384086;1;1;01;;2;403.30376458;05;1;1;4;1;4;2;2;1;3;1;1;5;2;2;1;1;1;1;4;1;;;98;5000000;;;1;;;;;;;;;;2
20230313;03;2023;7384087;1;1;01;;2;438.75899033;05;1;1;4;1;4;2;2;1;3;1;1;5;4;2;1;1;1;1;4;1;;;50000000;5000000;;;1;;;;;;;;;;5
20230313;03;2023;7384088;1;1;01;;2;620.9438609;05;1;1;4;1;4;2;2;1;3;1;1;3;2;2;1;1;1;1;4;4;;;;400000;;;1;;;;;1;;;;;2
20230313;03;2023;7384089;1;1;01;;2;523.37839338;05;1;1;4;1;4;2;2;1;3;1;1;2;1;2;1;1;1;1;4;4;;;;700000;;;;;;;;;;1;;;2
20230313;03;2023;7384090;1;1;01;;2;683.14720036;05;1;1;2;1;4;2;2;1;3;1;1;2;1;2;1;1;1;1;4;4;;;;400000;;;;;;;;;;1;;;1
20230313;03;2023;7384091;1;1;01;;2;694.34342878;05;1;1;6;1;6;1;1;1;2;1;1;5;2;1;1;1;1;1;3;1;;;98;4000000;;;1;;;;;1;;;;;2
20230313;03;2023;7384092;1;1;01;;2;1140.9027525;05;1;1;4;1;6;1;1;1;2;1;1;6;3;1;1;1;1;1;3;3;;;;;15000000;;1;;;;;;;;;;4
20230313;03;2023;7384093;1;1;01;;2;669.99386092;05;1;1;5;1;6;1;1;1;2;1;1;5;2;1;1;1;1;1;3;1;;;3500000000;18000000;;1;1;;1;1;1;1;;;;;3
20230313;03;2023;7384094;1;1;01;;2;1229.3650652;05;1;1;3;1;6;1;1;1;2;1;1;6;5;1;1;1;1;1;3;2;;3700000;1400000000;15000000;;;1;1;1;;;1;;;;;5
20230313;03;2023;7384095;1;1;01;;2;448.11529397;05;1;1;4;1;6;1;1;1;2;1;1;6;1;1;1;1;1;1;3;1;;;2000000000;8000000;;;1;;;;1;1;;;;;2
20230313;03;2023;7384096;1;1;01;;2;764.65207792;05;1;1;6;1;6;2;1;1;2;1;1;5;4;1;1;1;1;1;1;2;;6000000;2000000000;10000000;;1;1;;1;;;1;;;;;5
20230313;03;2023;7384097;1;1;01;;2;813.85638017;05;1;1;6;1;6;1;1;1;2;1;1;6;4;1;1;1;1;1;3;1;;;2000000000;15000000;;;1;;;;;1;;;;;5
20230313;03;2023;7384098;1;1;01;;2;719.89814455;05;1;1;6;1;6;1;1;1;2;1;1;8;2;1;1;1;1;1;3;1;;;1500000000;8000000;;;1;;1;;1;1;;;;;2
20230313;03;2023;7384099;1;1;01;;2;986.23824694;05;1;1;6;1;6;1;1;1;2;1;1;8;4;1;1;1;1;1;3;1;;;3000000000;13000000;;;1;;;;;1;;;;;5
20230312;03;2023;7384101;1;1;01;05;1;1351.7532075;05;2;1;4;1;3;1;1;1;2;1;1;4;2;1;1;1;1;1;3;1;;;400000000;1200000;;;1;;;;;;;;;;3
20230312;03;2023;7384102;1;1;01;05;1;901.22447291;05;2;1;4;1;5;1;1;1;2;1;1;5;3;1;1;1;1;1;3;3;;;;;2614000;;1;;;;;;;;;;6
20230312;03;2023;7384103;1;1;01;05;1;1198.3964621;05;2;1;4;1;5;1;1;1;2;1;1;3;1;1;1;1;1;1;3;4;;;;2500000;;;1;;;;;;;;;;2
20230312;03;2023;7384104;1;1;01;05;1;1521.9967908;05;2;1;2;1;1;2;1;1;2;1;1;3;3;1;1;1;1;1;4;3;;;;;700000;;;;;;;;;1;;;5
20230312;03;2023;7384105;1;1;01;05;1;771.84011072;05;2;1;4;1;2;1;1;1;2;1;1;4;3;1;1;1;1;1;3;4;;;;1200000;;;1;;;;;;;;;;4
20230312;03;2023;7384106;1;1;01;05;1;1227.0458434;05;2;1;4;1;3;1;1;1;2;1;1;3;2;1;1;1;1;1;3;3;;;;;600000;;1;;;;;;;;;;3
20230312;03;2023;7384107;1;1;01;05;1;1447.007809;05;2;1;4;1;1;1;1;1;2;1;1;4;2;1;1;1;1;1;3;1;;;90000000;600000;;;1;;;;;;;;;;2
20230312;03;2023;7384108;1;1;01;05;1;776.51330414;05;1;1;4;1;2;1;1;1;2;1;1;4;3;1;1;1;1;1;3;1;;;100000000;1000000;;;1;;;;;;;;;;4
20230312;03;2023;7384109;1;1;01;05;1;1356.1164677;05;2;1;4;1;3;1;1;1;2;1;1;4;4;1;1;1;1;1;3;1;;;90000000;1000000;;;1;;;;;;;;;;4
20230312;03;2023;7384110;1;1;01;05;1;955.21464754;05;2;1;4;1;2;2;1;1;2;1;1;4;3;1;1;1;1;1;1;4;;;;600000;;;;;;;;;;1;;;3
20230312;03;2023;7384111;1;1;01;05;1;1003.5143675;05;2;1;2;1;2;2;1;1;2;1;1;1;1;1;1;1;1;1;4;3;;;;;450000;;1;;;;;;;;;;5
20230312;03;2023;7384112;1;1;01;05;1;1081.0432835;05;2;1;4;1;2;1;1;1;2;1;1;4;3;1;1;1;1;1;3;3;;;;;620000;;1;;;;;;;;;;4
20230312;03;2023;7384113;1;1;01;05;1;917.19852239;05;2;1;4;1;2;1;1;1;2;1;1;3;2;1;1;1;1;1;3;1;;;80000000;800000;;;1;;;;;;;;;;2
20230312;03;2023;7384114;1;1;01;05;1;1041.8125539;05;2;1;2;1;1;1;1;1;2;1;1;3;2;1;1;1;1;1;3;3;;;;;400000;;;;;;;;;1;;;3
20230312;03;2023;7384115;1;1;01;05;1;906.23251061;05;2;1;2;1;1;1;1;1;2;1;1;3;2;1;1;1;1;1;3;3;;;;;400000;;;;;;;;;1;;;4
20230312;03;2023;7384116;1;1;01;05;1;1006.6530282;05;2;1;2;1;1;1;1;1;2;1;1;3;1;1;1;1;1;1;3;3;;;;;350000;;1;;;;;;;;;;2
20230312;03;2023;7384117;1;1;01;05;1;1065.4690215;05;2;1;4;1;1;1;1;1;2;1;1;3;2;1;1;1;1;1;3;1;;;98;500000;;;1;;;;;;;;;;3
20230312;03;2023;7384118;1;1;01;05;1;915.13911655;05;2;1;4;1;3;1;1;1;2;1;1;2;1;1;1;1;1;1;3;1;;;35000000;900000;;;1;;;;;;;;;;2
20230312;03;2023;7384119;1;1;01;05;1;628.43001474;05;1;1;4;1;3;1;1;1;2;1;1;4;3;1;1;1;1;1;3;4;;;;1200000;;;1;;;;;;;;;;5
20230312;03;2023;7384120;1;1;01;05;1;834.64274536;05;2;1;2;1;1;1;1;1;2;1;2;4;2;1;2;1;1;3;3;3;;;;;400000;;;;;;;;;1;;;4
20230312;03;2023;7384120;2;2;01;05;1;834.64274536;05;2;1;2;1;1;1;1;1;2;1;2;4;1;1;2;1;1;6;;3;;;;;450000;;1;;;;;;;;;;1
20230312;03;2023;7384121;1;1;01;05;1;1421.519403;05;2;1;4;1;2;1;1;1;2;1;1;3;2;1;1;1;1;1;3;1;;;30000000;700000;;;1;;;;;;;;;;3
20230312;03;2023;7384123;1;1;01;05;1;1577.1134019;05;2;1;4;1;2;1;1;1;2;1;1;4;2;1;1;1;1;3;3;3;;;;;400000;;1;;;;;;;;;;2
20230312;03;2023;7384125;1;1;01;05;1;3398.149747;05;1;1;4;1;3;1;1;1;2;1;1;3;2;1;1;1;1;1;3;4;;;;98;;;1;;;;;;;;;;2
20230312;03;2023;7384126;1;1;01;05;1;1449.4457109;05;2;1;2;1;2;2;1;1;2;1;1;4;3;1;1;1;1;1;1;4;;;;700000;;;1;;;;;;;;;;6
20230312;03;2023;7384127;1;1;01;05;1;2684.8111522;05;2;1;4;1;3;2;1;1;3;1;1;3;1;1;1;1;1;1;1;4;;;;800000;;;1;;;;1;1;;;;;1
20230312;03;2023;7384128;1;1;01;05;1;2988.1134349;05;1;1;4;1;3;1;1;1;2;1;1;5;2;1;1;1;1;1;3;4;;;;800000;;;1;;;;;;;;;;3
20230312;03;2023;7384129;1;1;01;05;1;4012.0642664;05;1;1;4;1;3;1;1;1;2;1;1;5;1;1;1;1;1;1;3;3;;;;;950000;;1;;;;;;;;;;2
20230312;03;2023;7384130;1;1;01;05;1;4012.0642664;05;2;1;4;1;3;1;1;1;3;1;1;3;2;1;1;1;1;1;3;3;;;;;98;;;;;;;;;1;;;2
20230312;03;2023;7384131;1;1;01;05;1;1927.1377786;05;1;1;4;1;3;2;1;1;2;1;1;1;1;1;1;1;1;1;4;4;;;;200000;;;1;;;;;1;;;;;1
20230312;03;2023;7384132;1;1;01;05;1;4760.2658182;05;2;1;4;1;3;1;1;1;3;1;1;3;1;1;1;1;1;1;3;3;;;;;800000;;;;;;;;;1;;;2
20230312;03;2023;7384133;1;1;01;05;1;6052.8645272;05;2;1;4;1;3;1;1;1;3;1;1;2;1;1;1;1;1;1;3;3;;;;;600000;;1;;;;;;;;;;3
20230312;03;2023;7384134;1;1;01;05;1;1649.3759572;05;2;1;4;1;3;1;1;1;2;1;1;3;3;1;1;1;1;1;3;1;;;130000000;600000;;;1;;;;1;;;;;;4
20230312;03;2023;7384135;1;1;01;05;1;1771.6054761;05;2;1;4;1;3;1;1;1;2;1;1;8;1;1;1;1;1;1;3;4;;;;1000000;;;1;;;;;;;;;;1
20230312;03;2023;7384136;1;1;01;05;1;1078.4673009;05;2;1;4;1;3;1;1;1;2;1;1;4;3;1;1;1;1;1;3;3;;;;;1000000;;1;;;;;;;;;;5
20230312;03;2023;7384137;1;1;01;05;1;966.51896915;05;2;1;2;1;1;1;1;1;2;1;1;3;1;1;1;1;1;1;3;3;;;;;550000;;1;;;;;;;;;;1
20230312;03;2023;7384138;1;1;01;05;1;1301.6499749;05;2;1;4;1;2;1;1;1;2;1;1;4;3;1;1;1;1;1;3;4;;;;500000;;;1;;;;;;;;;;4
20230312;03;2023;7384139;1;1;01;05;1;1642.990014;05;2;1;4;1;2;1;1;1;2;1;1;3;3;1;1;1;1;1;3;3;;;;;400000;;1;;;;;;;;;;3
20230312;03;2023;7384140;1;1;01;05;1;929.34516264;05;2;1;4;1;2;2;1;1;2;1;1;1;1;1;1;1;1;1;1;3;;;;;500000;;1;;;;;;;;;;1
20230312;03;2023;7384141;1;1;01;05;1;1024.4894438;05;2;1;4;1;2;1;1;1;2;1;1;4;2;1;1;1;1;1;3;3;;;;;600000;;1;;;;;;;;;;3
20230312;03;2023;7384142;1;1;01;05;1;1004.214356;05;2;1;4;1;3;1;1;1;2;1;1;2;2;1;1;1;1;1;3;3;;;;;550000;;1;;;;;;;;;;2
20230312;03;2023;7384143;1;1;01;05;1;991.93172771;05;2;1;4;1;2;2;1;1;2;1;1;3;1;1;1;1;1;1;4;1;;;200000000;550000;;;;;;;;;;1;;;1
20230312;03;2023;7384144;1;1;01;05;1;949.07436222;05;2;1;4;1;3;2;1;1;2;1;1;1;1;6;;1;1;1;4;3;;;;;700000;;;;;;;;;1;;;1
20230312;03;2023;7384145;1;1;01;08;1;733.15408601;08;1;1;4;1;5;1;1;1;3;1;1;5;3;1;1;1;1;1;3;1;;;700000000;2000000;;;1;;;;;1;;;;;5
20230312;03;2023;7384146;1;1;01;08;1;891.10713945;08;1;1;4;1;5;1;1;1;3;1;1;4;2;1;1;1;1;1;3;1;;;800000000;2000000;;;1;;;;;1;;;;;3
20230312;03;2023;7384147;1;1;01;08;1;681.3278656;08;2;1;4;1;3;1;1;1;3;1;1;4;2;1;1;1;1;1;3;3;;;;;1000000;;1;;;;;1;;;;;2
20230312;03;2023;7384148;1;1;01;08;1;1111.4724238;08;2;1;4;1;2;1;1;1;3;1;1;4;2;1;1;1;1;1;3;3;;;;;650000;;1;;;;;1;;;;;3
20230312;03;2023;7384149;1;1;01;08;1;1616.5807274;08;2;1;4;1;2;1;1;1;3;1;1;3;1;1;1;1;1;3;3;3;;;;;460000;;1;;;;;;;;;;1
20230311;03;2023;7384151;1;1;01;11;1;3670.1459834;11;2;1;4;1;2;1;1;1;3;1;1;3;2;1;1;1;1;1;3;3;;;;;650000;;;;;;;;;1;;;5
20230312;03;2023;7384153;1;1;01;11;1;4778.1394367;11;2;1;4;1;4;1;1;1;3;1;1;4;1;1;1;1;1;1;3;3;;;;;1620000;;1;;1;;;1;;;;;2
20230312;03;2023;7384155;1;1;01;11;1;4602.8586579;11;2;1;4;1;6;1;1;1;9;1;1;4;2;1;1;1;1;1;3;1;;;800000000;5000000;;;1;;;;;1;;;;;3
20230312;03;2023;7384156;1;1;01;11;1;4867.3169283;11;1;1;4;1;3;1;1;1;3;1;1;5;1;1;1;1;1;1;3;1;;;200000000;1000000;;;1;1;;;;1;;;;;1
20230312;03;2023;7384157;1;1;01;11;1;2965.6095038;11;1;1;4;1;3;1;1;1;3;1;1;4;3;1;1;1;1;1;3;1;;;98;800000;;;1;;;;;;;;;;3
20230312;03;2023;7384158;1;1;01;11;1;4778.1394367;11;2;1;4;1;6;1;1;1;9;1;1;3;1;1;1;1;1;1;3;1;;;98;98;;;1;;;;;;;;;;2
20230312;03;2023;7384159;1;1;01;11;1;4856.8593714;11;2;1;6;1;4;1;1;1;3;1;1;4;2;1;1;1;1;1;3;2;;2150000;350000000;1800000;;;1;1;1;;;1;;;;;4
20230312;03;2023;7384162;1;1;01;11;1;4477.8886614;11;2;1;4;1;3;1;1;1;3;1;1;3;1;1;1;1;1;1;3;2;;1000000;170000000;1000000;;;1;;1;;;1;;;;;3
20230312;03;2023;7384163;1;1;01;11;1;3909.8444447;11;2;1;4;1;3;1;1;1;3;1;1;4;3;1;1;1;1;1;3;2;;900000;120000000;700000;;;1;;1;;;1;;;;;3
20230312;03;2023;7384164;1;1;01;11;1;4247.2350549;11;2;1;3;1;3;1;1;1;3;1;1;4;1;1;1;1;1;1;3;3;;;;;900000;;1;;;;1;1;;;;;2
20230312;03;2023;7384165;1;1;01;11;1;4778.1394367;11;2;1;4;1;4;1;1;1;3;1;1;4;2;1;1;1;1;1;3;3;;;;;2050000;;1;;1;;;;;;;;2
20230312;03;2023;7384166;1;1;01;11;1;4371.1993121;11;2;1;4;1;4;1;1;1;3;1;1;3;1;1;1;1;1;1;3;3;;;;;1800000;;1;;;;;;;;;;1
20230312;03;2023;7384167;1;1;01;11;1;4601.5612336;11;2;1;3;1;4;1;1;1;3;1;1;4;1;1;1;1;1;1;3;3;;;;;1800000;;1;;;;1;1;;;;;2
20230312;03;2023;7384170;1;1;01;11;1;4143.1597415;11;2;1;4;1;3;1;1;1;1;1;1;4;3;1;1;1;1;1;3;2;;500000;99;500000;;;1;;;;;;;;;;4
20230312;03;2023;7384171;1;1;01;11;1;3792.0967651;11;2;1;4;1;2;1;1;1;3;1;1;2;1;1;1;1;1;1;3;3;;;;;500000;;;;;;;;;1;;;4
20230312;03;2023;7384172;1;1;01;11;1;4034.8701688;11;2;1;4;1;2;1;1;1;3;1;1;3;2;1;1;1;1;1;3;3;;;;;600000;;1;;;;;;;;;;4
20230312;03;2023;7384175;1;1;01;11;1;3681.2489869;11;2;1;4;1;2;1;1;1;3;1;1;2;1;1;1;1;1;1;3;3;;;;;320000;;1;;;;;;;;;;2
20230312;03;2023;7384176;1;1;01;11;1;3889.8751722;11;2;1;4;1;2;1;1;1;3;1;1;3;2;1;1;1;1;1;3;3;;;;;515000;;;;;;;;;1;;;4
20230312;03;2023;7384177;1;1;01;13;1;385.61677605;13;2;1;4;1;1;1;1;1;3;1;1;3;2;1;1;1;1;3;3;1;;;35000000;300000;;;;;;;;;;1;;;2
20230312;03;2023;7384178;1;1;01;13;1;347.06092939;13;2;1;4;1;1;1;1;1;3;1;1;2;1;1;1;1;1;3;3;3;;;;;450000;;1;;;;;;;;;;4
20230312;03;2023;7384179;1;1;01;13;1;434.1178216;13;2;1;4;1;1;1;1;1;3;1;1;2;1;1;1;1;1;1;3;3;;;;;350000;;;;;;;;1;;;DAVIPLATA;2
20230312;03;2023;7384180;1;1;01;13;1;388.66738976;13;2;1;4;1;1;1;1;1;3;1;1;2;1;1;1;1;1;1;3;3;;;;;370000;;1;;;;;;;;;;4
20230312;03;2023;7384181;1;1;01;13;1;397.98481611;13;2;1;4;1;1;1;1;1;3;1;1;2;1;1;1;1;1;1;3;3;;;;;300000;;1;;;;;;;;;;3
20230312;03;2023;7384182;1;1;01;13;1;253.38728668;13;1;1;4;1;1;1;1;1;3;1;1;3;2;1;1;1;1;1;3;4;;;;400000;;;;;;;;;;1;;;4
20230312;03;2023;7384183;1;1;01;13;1;394.32509276;13;1;1;4;1;1;1;1;1;3;1;1;4;3;1;1;1;1;1;3;1;;;99;600000;;;;;;;;;;1;;;1
20230312;03;2023;7384184;1;1;01;13;1;381.26795746;13;1;1;2;1;1;1;1;1;3;1;1;2;1;1;1;1;1;1;3;3;;;;;150000;;1;;;;;;;;;;5
20230312;03;2023;7384185;1;1;01;13;1;395.94800837;13;2;1;4;1;1;1;1;1;3;1;1;3;1;1;1;1;1;3;3;3;;;;;400000;;1;;;;;;;;;;3
20230312;03;2023;7384186;1;1;01;13;1;412.88109024;13;2;1;2;1;1;1;1;1;3;1;1;2;1;1;1;1;1;3;3;3;;;;;300000;;;;;;;;;1;;;4
20230312;03;2023;7384187;1;1;01;13;1;503.28120739;13;1;1;2;1;1;1;1;1;3;1;2;4;1;1;1;1;1;1;3;3;;;;;400000;;;;;;;;;1;;;4
20230312;03;2023;7384187;2;2;01;13;1;503.28120739;13;1;1;2;1;1;1;1;1;3;1;2;4;1;1;1;1;1;1;3;3;;;;;400000;;;;;;;;;1;;;3
20230312;03;2023;7384188;1;1;01;13;1;367.32526547;13;2;1;4;1;1;1;1;1;3;1;1;3;2;1;1;1;1;1;3;3;;;;;400000;;1;;;;;;;;;;5
20230312;03;2023;7384189;1;1;01;13;1;352.10338721;13;1;1;2;1;1;1;1;1;3;1;1;5;3;1;1;1;1;1;3;1;;;99;700000;;;1;;;;;1;;;;;3
20230312;03;2023;7384190;1;1;01;13;1;311.77033393;13;2;1;4;1;1;1;1;1;3;1;1;3;2;1;1;1;1;1;3;3;;;;;600000;;;;;;;;;1;;;2
20230312;03;2023;7384191;1;1;01;13;1;161.80225718;13;1;1;4;1;1;1;1;1;3;1;1;4;3;1;1;1;1;3;3;1;;;80000000;500000;;;1;;;;;;;;;;5
20230312;03;2023;7384192;1;1;01;13;1;386.15410578;13;1;1;4;1;1;1;1;1;3;1;1;4;3;1;1;1;1;1;3;3;;;;;750000;;1;;;;;;;;;;5
20230312;03;2023;7384193;1;1;01;13;1;408.16309688;13;1;1;4;1;1;1;1;1;3;1;1;4;2;1;1;1;1;3;3;1;;;80000000;600000;;;1;;;;;;;;;;3
20230312;03;2023;7384194;1;1;01;13;1;304.66673596;13;2;1;4;1;1;1;1;1;3;1;1;3;2;1;1;1;1;3;3;1;;;120000000;600000;;;1;;;;;;;;;;3
20230312;03;2023;7384195;1;1;01;13;1;469.45139924;13;2;1;2;1;1;1;1;1;3;1;1;2;1;1;1;1;1;4;3;1;;;99;450000;;;1;;;;;;;;;;2
20230312;03;2023;7384196;1;1;01;13;1;369.53319348;13;2;5;1;1;1;2;1;1;3;1;1;2;2;1;1;1;1;4;4;4;;;;450000;;;;;;;;;;1;;;4
20230312;03;2023;7384197;1;1;01;13;1;474.97333116;13;2;1;4;1;1;1;1;1;3;1;1;3;2;1;1;1;1;1;3;3;;;;;410000;;;;;;;;;1;;;3
20230312;03;2023;7384198;1;1;01;13;1;328.27703673;13;1;1;2;1;1;1;1;1;3;1;1;3;2;1;1;1;1;1;3;6;;;;400000;;;1;;;;;;;;;;5
20230312;03;2023;7384199;1;1;01;13;1;306.6681359;13;1;1;2;1;1;1;1;1;3;1;1;5;3;1;1;1;1;3;3;3;;;;;650000;;1;;;;;;;;;;6
20230312;03;2023;7384200;1;1;01;13;1;161.80225718;13;1;1;2;1;1;1;1;1;3;1;1;3;2;1;1;1;1;3;3;1;;;99;400000;;;;;;;;;;1;;;6
20230312;03;2023;7384201;1;1;01;13;1;317.03122096;13;2;1;4;1;1;1;1;1;3;1;1;4;3;1;1;1;1;3;3;1;;;99;450000;;;;;;;;;;1;;;3
20230312;03;2023;7384202;1;1;01;13;1;429.60985728;13;1;1;2;1;1;2;2;1;3;2;1;2;1;6;;1;10;6;;6;;;;200000;;;;;;;;;;1;;;1
20230312;03;2023;7384203;1;1;01;13;1;378.5499649;13;1;1;4;1;1;1;1;1;3;1;1;3;2;1;1;1;1;1;3;4;;;;400000;;;1;;;;;;;;;;4
20230312;03;2023;7384204;1;1;01;13;1;265.80720179;13;2;1;4;1;1;1;1;1;3;1;1;3;2;1;1;1;1;1;3;1;;;98;98;;;1;;;;;1;;;;;4
20230312;03;2023;7384205;1;1;01;13;1;381.4596354;13;1;1;4;1;1;1;1;1;3;1;1;4;2;1;1;1;1;1;3;3;;;;;400000;;;;;;;;;1;;;2
20230312;03;2023;7384206;1;1;01;13;1;480.19185336;13;2;1;4;1;1;1;1;1;3;1;1;3;2;1;1;1;1;1;3;6;;;;250000;;;;;;;;;;1;;;3
20230312;03;2023;7384208;1;1;01;13;1;420.66492931;13;2;1;4;1;1;1;1;1;3;1;1;3;2;1;1;1;1;1;3;6;;;;350000;;;1;;;;;;;;;;2
20230312;03;2023;7384209;1;1;01;13;1;526.13075579;13;2;1;4;1;1;1;1;1;3;1;1;2;1;1;1;1;1;1;3;3;;;;;320000;;1;;;;;;;;;;1
20230312;03;2023;7384210;1;1;01;13;1;464.49122652;13;2;1;2;1;1;1;1;1;3;1;1;2;1;1;1;1;1;1;3;3;;;;;350000;;1;;;;;;;;;;4
20230312;03;2023;7384211;1;1;01;13;1;385.01089875;13;2;1;2;1;2;1;1;1;3;1;1;4;2;1;1;1;1;1;3;3;;;;;600000;;1;;;;;;;;;;3
20230312;03;2023;7384213;1;1;01;13;1;315.09138843;13;2;1;4;1;1;1;1;1;3;1;1;4;3;1;1;1;1;1;3;3;;;;;400000;;1;;;;;;;;;;7
20230312;03;2023;7384214;1;1;01;13;1;396.43625644;13;2;1;4;1;2;1;1;1;3;1;1;3;2;1;1;1;1;1;3;3;;;;;650000;;1;;;;;;;;;;4
20230312;03;2023;7384215;1;1;01;13;1;239.40589651;13;2;1;4;1;2;1;1;1;3;1;1;3;2;1;1;1;1;1;3;3;;;;;350000;;1;;;;;;;;;;3
20230312;03;2023;7384216;1;1;01;13;1;117.67436885;13;2;1;4;1;2;1;1;1;3;1;1;5;4;1;1;1;1;1;3;6;;;;800000;;;1;;;;;;;;;;6
20230312;03;2023;7384217;1;1;01;13;1;357.61254238;13;2;1;2;1;2;1;1;1;3;1;1;2;1;1;1;1;1;3;3;1;;;99;450000;;;;;;;;;;1;;;2
20230312;03;2023;7384218;1;1;01;13;1;291.75987379;13;1;1;2;1;2;1;1;1;3;1;1;5;3;1;1;1;1;1;3;1;;;160000000;650000;;;1;;;;;;;;;;4
20230312;03;2023;7384219;1;1;01;13;1;284.14680119;13;1;1;2;1;2;1;1;1;3;1;1;3;2;1;1;1;1;1;3;1;;;150000000;1000000;;;1;;;;;;;;;;4
20230312;03;2023;7384220;1;1;01;13;1;157.30775003;13;1;1;4;1;2;1;1;1;3;1;1;3;2;1;1;1;1;1;3;1;;;98;98;;;1;;;;;;;;;;6
20230312;03;2023;7384221;1;1;01;13;1;308.77711065;13;2;1;4;1;2;1;1;1;3;1;1;2;1;1;1;1;1;1;3;3;;;;;500000;;1;;;;;;;;;;2
20230312;03;2023;7384222;1;1;01;13;1;179.3660719;13;1;1;4;1;2;1;1;1;3;1;1;4;3;1;1;1;1;1;3;1;;;80000000;600000;;;1;;;;;;;;;;4
20230312;03;2023;7384224;1;1;01;13;1;286.20053246;13;2;1;4;1;2;1;1;1;3;1;1;4;2;1;1;1;1;1;3;1;;;98;700000;;;1;;;;;1;;;;;4
20230312;03;2023;7384225;1;1;01;13;1;147.59278751;13;2;1;4;1;2;1;1;1;3;1;1;4;3;1;1;1;1;1;3;1;;;98;600000;;;1;;;;;;;;;;6
20230312;03;2023;7384226;1;1;01;15;1;53.23037866;15;2;1;4;1;3;1;1;1;3;1;1;3;2;1;1;1;1;1;3;3;;;;;650000;;1;;;;;;;;;;3
20230312;03;2023;7384227;1;1;01;15;1;74.596875688;15;1;1;4;1;3;1;1;1;3;1;1;4;3;1;1;1;1;1;3;2;;98;98;98;;;1;;1;;;;;;;;5
20230312;03;2023;7384228;1;1;01;15;1;49.599829233;15;1;1;4;1;3;1;1;1;3;1;1;2;1;1;1;1;1;1;3;3;;;;;600000;;1;;;;;;;;;;2
20230312;03;2023;7384229;1;1;01;15;1;53.23037866;15;1;1;4;1;3;1;1;1;3;1;1;4;2;1;1;1;1;1;3;3;;;;;890000;;1;;;;;1;;;;;3
20230312;03;2023;7384230;1;1;01;15;1;53.23037866;15;2;1;4;1;3;1;1;1;3;1;1;4;2;1;1;1;1;1;3;1;;;250000000;650000;;;1;;;;1;;;;;;3
20230312;03;2023;7384231;1;1;01;15;1;40.450649588;15;2;1;4;1;3;1;1;1;3;1;1;3;3;1;1;1;1;1;3;3;;;;;500000;;1;;;;;;;;;;5
20230312;03;2023;7384232;1;1;01;15;1;91.81253479;15;1;1;4;1;5;1;1;1;3;1;1;4;3;1;1;1;1;1;3;1;;;750000000;4000000;;;1;;;;;;;;;;3
20230312;03;2023;7384233;1;1;01;15;1;71.411254612;15;1;1;4;1;5;1;1;1;3;1;1;4;1;1;1;1;1;1;3;1;;;350000000;1500000;;;1;;;;;1;;;;;1
20230312;03;2023;7384234;1;1;01;15;1;103.06034321;15;1;1;4;1;5;1;1;1;3;1;1;4;2;1;1;1;1;1;3;3;;;;;1800000;;1;;;;;;;;;;3
20230312;03;2023;7384235;1;1;01;17;1;155.02056709;17;2;1;2;1;3;1;1;1;2;1;1;3;1;1;1;1;1;1;3;4;;;;400000;;;;;;;;;;1;;;1
20230312;03;2023;7384236;1;1;01;17;1;140.92778827;17;2;1;4;1;4;2;1;1;2;1;1;1;1;1;1;1;1;2;4;3;;;;;650000;;1;;;;;;;;;;1
20230312;03;2023;7384237;1;1;01;17;1;264.45647032;17;2;1;4;1;3;1;1;1;2;1;1;4;3;1;1;1;1;1;3;3;;;;;540000;;1;;;;;;;;;;4
20230312;03;2023;7384238;1;1;01;17;1;154.75132138;17;2;1;4;1;4;1;1;1;2;1;1;3;2;1;1;1;1;1;3;3;;;;;1050000;;1;;;;;1;;;;;3
20230312;03;2023;7384239;1;1;01;17;1;142.69531871;17;1;1;4;1;4;1;1;1;2;1;1;7;5;1;1;1;1;1;3;1;;;400000000;1500000;;;1;;;;;;;;;;5
20230312;03;2023;7384240;1;1;01;17;1;182.50016304;17;2;1;4;1;5;2;1;1;2;1;1;2;1;1;1;1;1;1;4;1;;;180000000;750000;;;1;;;;;1;;;;;1
20230312;03;2023;7384241;1;1;01;17;1;231.96061214;17;1;1;4;1;3;1;1;1;2;1;1;2;1;1;1;1;1;1;3;3;;;;;520000;;1;;;;;;;;;;3
20230312;03;2023;7384242;1;1;01;17;1;140.92778827;17;1;1;4;1;4;1;1;1;2;1;1;3;1;1;1;1;1;1;3;1;;;600000000;2000000;;;1;;;;;;;;;;1
20230312;03;2023;7384243;1;1;01;17;1;144.08129509;17;2;1;4;1;3;1;1;1;1;1;1;3;1;1;1;1;1;1;3;3;;;;;600000;;1;;;;;;;;;;1
20230312;03;2023;7384244;1;1;01;17;1;146.98246361;17;2;1;4;1;3;1;1;1;2;1;1;2;1;1;1;1;1;1;3;3;;;;;500000;;1;;;;;;;;;;1
20230312;03;2023;7384245;1;1;01;17;1;160.21962188;17;2;1;4;1;3;1;1;1;2;1;1;3;1;1;1;1;1;1;3;3;;;;;700000;;1;;;;;;;;;;1
20230312;03;2023;7384246;1;1;01;17;1;122.74754089;17;2;1;2;1;2;1;1;1;2;1;1;3;1;1;1;1;1;1;3;3;;;;;600000;;1;;;;;1;;;;;2
20230312;03;2023;7384247;1;1;01;17;1;186.01465019;17;2;1;4;1;5;1;1;1;2;1;1;3;1;1;1;1;1;1;3;3;;;;;930000;;1;;;1;;1;;;;;1
20230312;03;2023;7384248;1;1;01;17;1;179.30840368;17;2;1;4;1;5;1;1;1;2;1;1;3;1;1;1;1;1;1;3;3;;;;;1000000;;1;;;;;;;;;;2
20230312;03;2023;7384249;1;1;01;17;1;208.60757144;17;1;4;4;1;2;1;1;1;2;1;1;6;2;1;1;1;1;1;3;1;;;150000000;800000;;;1;;;;1;1;;;;;2
20230312;03;2023;7384250;1;1;01;17;1;345.00452293;17;2;1;4;1;2;1;1;1;2;1;1;3;2;1;1;1;1;1;3;3;;;;;550000;;;;;;;;;1;;;6
20230312;03;2023;7384251;1;1;01;17;1;252.40066193;17;2;1;4;1;2;1;1;1;2;1;1;4;2;1;1;1;1;1;3;3;;;;;400000;;1;;;;;;;;;;3
20230312;03;2023;7384252;1;1;01;17;1;228.57141378;17;2;1;4;1;2;1;1;1;2;1;1;3;2;1;1;1;1;1;3;1;;;99;500000;;;;;;;;;;1;;;3
20230312;03;2023;7384253;1;1;01;17;1;232.70887961;17;2;1;4;1;2;1;1;1;2;1;1;3;1;1;1;1;1;1;3;3;;;;;500000;;1;;;;;;;;;;2
20230312;03;2023;7384254;1;1;01;17;1;232.43681959;17;2;1;4;1;2;1;1;1;2;1;1;3;1;1;1;1;1;1;3;3;;;;;400000;;1;;;;;;;;;;2
20230312;03;2023;7384255;1;1;01;17;1;131.45830448;17;1;1;4;1;4;1;1;1;3;1;1;5;3;1;1;1;1;1;3;3;;;;;2500000;;1;;;;;;;;;;4
20230312;03;2023;7384256;1;1;01;17;1;131.45830448;17;1;1;4;1;4;1;1;1;2;1;1;5;3;1;1;1;1;1;3;1;;;650000000;2200000;;;1;;;;1;1;;;;;4
20230312;03;2023;7384257;1;1;01;17;1;104.62386032;17;1;1;4;1;4;1;1;1;2;1;1;6;3;1;1;1;1;1;3;1;;;700000000;3000000;;;1;;1;1;1;;;;;;4
20230312;03;2023;7384258;1;1;01;17;1;121.77013749;17;1;1;4;1;5;1;1;1;2;1;1;5;2;1;1;1;1;1;3;1;;;500000000;99;;;1;;;;1;1;;;;;3
20230312;03;2023;7384259;1;1;01;17;1;217.02879393;17;2;4;3;1;2;1;1;1;2;1;1;3;1;1;1;1;1;1;3;1;;;99;500000;;;1;;;;;;;;;;1
20230312;03;2023;7384260;1;1;01;17;1;105.75983123;17;1;1;4;1;4;1;1;1;3;1;1;5;2;1;1;1;1;1;3;2;;3300000;550000000;2800000;;;1;;1;;;;;;;;4
20230312;03;2023;7384261;1;1;01;17;1;135.06659316;17;1;1;4;1;4;1;1;1;3;1;1;4;1;1;1;1;1;1;3;1;;;450000000;2000000;;;1;;;;;;;;;;1
20230312;03;2023;7384262;1;1;01;17;1;181.11959968;17;2;1;4;1;4;1;1;1;2;1;1;2;2;1;1;1;1;1;3;1;;;70000000;600000;;;1;;;;;;;;;;2
20230312;03;2023;7384263;1;1;01;17;1;169.11334592;17;2;1;4;1;4;2;1;1;2;1;1;3;1;1;1;1;1;1;4;6;;;;600000;;;1;;;;;;;;;;1
20230312;03;2023;7384264;1;1;01;17;1;186.67785474;17;1;1;4;1;4;1;1;1;2;1;1;8;4;1;1;1;1;1;3;1;;;600000000;4000000;;;;;;;;;;1;;;5
20230312;03;2023;7384265;1;1;01;17;1;181.11959968;17;2;1;4;1;4;1;1;1;2;1;1;4;3;1;1;1;1;1;3;3;;;;;650000;;1;;;;;;;;;;2
20230312;03;2023;7384266;1;1;01;17;1;182.68958112;17;2;1;4;1;4;1;1;1;2;1;1;6;3;1;1;1;1;1;3;1;;;600000000;1500000;;;1;;;;1;;;;;;4
20230312;03;2023;7384267;1;1;01;17;1;187.89358605;17;2;1;4;1;4;1;1;1;2;1;1;2;1;1;1;1;1;1;3;3;;;;;550000;;1;;;;;1;;;;;1
20230312;03;2023;7384268;1;1;01;17;1;197.91983424;17;2;1;4;1;4;1;1;1;2;1;1;6;3;1;1;1;1;1;3;1;;;300000000;1200000;;;1;;;;;1;;;;;4
20230312;03;2023;7384269;1;1;01;17;1;311.44583486;17;2;1;4;1;2;1;1;1;2;1;1;3;2;1;1;1;1;1;3;3;;;;;657000;;1;;;;;;;;;;3
20230312;03;2023;7384270;1;1;01;17;1;279.03702077;17;2;1;4;1;2;1;1;1;2;1;1;2;1;1;1;1;1;1;3;3;;;;;400000;;1;;;;;1;;;;;1
20230312;03;2023;7384271;1;1;01;17;1;304.70481805;17;2;1;4;1;2;1;1;1;2;1;1;3;2;1;1;1;1;1;3;3;;;;;450000;;1;;;;;;;;;;2
20230312;03;2023;7384272;1;1;01;17;1;396.68470548;17;2;1;4;1;2;1;1;1;2;1;1;4;2;1;1;1;1;1;3;3;;;;;580000;;1;;;;;;;;;;4
20230312;03;2023;7384273;1;1;01;17;1;273.52933364;17;2;1;4;1;2;1;1;1;2;1;1;1;1;1;1;1;1;1;3;3;;;;;400000;;1;;;;;;;;;;1
20230311;03;2023;7384276;1;1;01;18;1;81.269932986;18;1;1;2;1;2;1;1;1;2;1;1;5;2;1;1;1;1;1;3;6;;;;400000;;;;;;;;;;1;;;3
20230311;03;2023;7384277;1;1;01;18;1;133.37476736;18;2;1;2;1;2;1;1;1;2;1;1;3;2;1;1;1;1;3;3;3;;;;;300000;;;;;;;;;1;;;6
20230311;03;2023;7384279;1;1;01;18;1;68.431665495;18;1;1;2;1;2;1;1;1;2;1;1;5;3;1;1;1;1;1;3;6;;;;400000;;;1;;;;;;;;;;4
20230311;03;2023;7384281;1;1;01;18;1;80.947301411;18;1;1;2;1;1;1;1;1;2;1;1;4;2;1;1;1;1;3;3;3;;;;;200000;;;;;;;;;1;;;3
20230311;03;2023;7384284;1;1;01;18;1;95.622273731;18;1;1;4;1;2;1;1;1;2;1;1;4;3;1;1;1;1;1;3;3;;;;;500000;;1;;;;;;;;;;3
20230312;03;2023;7384285;1;1;01;18;1;92.581838235;18;1;1;4;1;1;1;1;1;2;1;1;4;1;1;1;1;1;1;4;6;;;;300000;;;1;;;;;;;;;;2
20230312;03;2023;7384286;1;1;01;18;1;126.61554562;18;1;1;2;1;1;1;1;1;2;1;1;4;3;1;1;1;1;1;3;6;;;;400000;;;;;;;;;;1;;;4
20230312;03;2023;7384287;1;1;01;18;1;85.066746073;18;2;1;4;1;3;1;1;1;2;1;1;4;1;1;1;1;1;1;3;6;;;;11000000;;;1;;;;;1;;;;;2
20230312;03;2023;7384288;1;1;01;18;1;89.796283499;18;2;1;4;1;3;1;1;1;2;1;1;4;2;1;1;1;1;1;3;6;;;;1200000;;;1;;;;;1;;;;;3
20230312;03;2023;7384289;1;1;01;18;1;48.568106492;18;2;1;4;1;1;1;1;1;2;1;1;3;1;1;1;1;1;3;3;3;;;;;370000;;;;;;;;;1;;;2
20230312;03;2023;7384290;1;1;01;18;1;82.173788874;18;1;1;4;1;1;1;1;1;2;1;1;4;3;1;1;1;1;1;3;6;;;;400000;;;;;;;;;;1;;;5
20230312;03;2023;7384291;1;1;01;18;1;58.467792694;18;1;1;2;1;1;1;1;1;2;1;1;4;3;1;1;1;1;3;3;3;;;;;250000;;;;;;;;;1;;;4
20230312;03;2023;7384292;1;1;01;18;1;46.893026825;18;1;1;4;1;1;1;1;1;2;1;1;4;3;1;1;1;1;1;3;6;;;;600000;;;;;;;;;;1;;;3
20230312;03;2023;7384293;1;1;01;18;1;75.851937454;18;1;1;4;1;1;1;1;1;2;1;1;4;2;1;1;1;1;3;3;3;;;;;300000;;1;;;;;;;;;;3
20230312;03;2023;7384294;1;1;01;18;1;86.291356007;18;1;1;2;1;1;1;1;1;2;1;1;5;3;1;1;1;1;1;3;6;;;;300000;;;1;;;;;;;;;;5
20230312;03;2023;7384295;1;1;01;18;1;70.405709935;18;1;1;2;1;1;1;1;1;2;1;1;4;2;1;1;1;1;4;3;3;;;;;600000;;1;;;;;;;;;;3
20230312;03;2023;7384296;1;1;01;18;1;76.704048851;18;1;1;4;1;1;1;1;1;2;1;1;4;2;1;1;1;1;1;3;3;;;;;650000;;1;;;;;;;;;;3
20230312;03;2023;7384297;1;1;01;18;1;90.754230888;18;1;2;3;1;1;1;1;1;2;1;1;2;1;1;1;1;1;3;3;5;;;;99;;;;;;;;;;1;;;5
20230312;03;2023;7384298;1;1;01;18;1;57.075501763;18;1;1;3;1;1;1;1;1;2;1;1;3;1;1;1;1;1;3;3;4;;;;99;;;;;;;;;;1;;;1
20230312;03;2023;7384299;1;1;01;18;1;105.23854477;18;1;1;4;1;1;1;1;1;2;1;1;3;2;1;1;1;1;3;3;3;;;;;250000;;;;;;;;;1;;;6
20230312;03;2023;7384300;1;1;01;18;1;59.840454793;18;1;1;4;1;1;1;1;1;2;1;1;2;1;1;1;1;1;3;3;3;;;;;800000;;1;;;;;;;;;;4
20230312;03;2023;7384301;1;1;01;18;1;34.518615842;18;1;1;4;1;1;1;1;1;2;1;1;2;1;1;1;1;1;3;3;3;;;;;400000;;1;;;;1;;;;;;1
20230312;03;2023;7384302;1;1;01;18;1;115.77150586;18;1;1;2;1;1;1;1;1;2;1;1;2;1;1;1;1;1;3;3;1;;;99;99;;;;;;;;;;1;;;3
20230312;03;2023;7384303;1;1;01;18;1;82.320435235;18;1;1;4;1;2;1;1;1;2;1;1;4;1;1;1;1;1;3;3;3;;;;;400000;;;;;;;;;1;;;1
20230312;03;2023;7384304;1;1;01;18;1;45.975946398;18;1;2;1;1;1;1;2;1;2;1;1;4;2;2;1;1;1;1;3;5;;;;200000;;;;;;;;;;1;;;3
20230312;03;2023;7384305;1;1;01;18;1;42.806626322;18;1;2;1;1;1;2;2;1;2;1;1;4;1;2;1;1;1;1;4;3;;;;;115000;;;;;;;;;1;;;1
20230312;03;2023;7384306;1;1;01;18;1;140.8849593;18;2;1;4;1;1;1;1;1;2;1;1;4;2;1;1;1;1;1;3;3;;;;;400000;;1;;;;;;;;;;2
20230312;03;2023;7384307;1;1;01;18;1;94.725248811;18;1;1;4;1;2;1;1;1;2;1;1;4;2;1;1;1;1;1;3;3;;;;;450000;;1;;;;;;;;;;2
20230312;03;2023;7384308;1;1;01;18;1;43.03211805;18;1;1;4;1;1;2;1;1;2;1;1;4;2;1;1;1;1;1;4;4;;;;300000;;;;;;;;;;1;;;3
20230312;03;2023;7384309;1;1;01;18;1;58.099673938;18;1;1;4;1;1;1;1;1;3;1;1;3;1;1;1;1;1;1;3;3;;;;;300000;;;;;;;;;1;;;1
20230312;03;2023;7384310;1;1;01;18;1;70.783687645;18;1;1;4;1;2;1;1;1;3;1;1;5;2;1;1;1;1;1;3;1;;;180000000;400000;;;1;;;;;;;;;;3
20230312;03;2023;7384311;1;1;01;18;1;36.69139399;18;1;1;4;1;2;1;1;1;2;1;1;5;2;1;1;1;1;1;3;1;;;120000000;400000;;;1;;;;;;;;;;1
20230312;03;2023;7384312;1;1;01;18;1;67.770973596;18;1;1;2;1;1;1;1;1;2;1;1;2;1;1;1;1;1;3;3;3;;;;;300000;;;;;;;;;1;;;3
20230312;03;2023;7384313;1;1;01;18;1;75.614885398;18;2;1;4;1;1;1;1;1;2;1;1;3;2;1;1;1;1;3;3;3;;;;;400000;;1;;;;;;;;;;2
20230312;03;2023;7384314;1;1;01;18;1;46.167013283;18;1;1;2;1;1;2;1;1;6;1;1;1;1;1;1;1;1;2;4;3;;;;;800000;;;;;;;;;1;;;1
20230312;03;2023;7384315;1;1;01;18;1;51.200057781;18;1;1;4;1;1;1;1;1;2;1;1;3;2;1;1;1;1;3;3;4;;;;300000;;;;;;;;;;1;;;3
20230312;03;2023;7384317;1;1;01;18;1;48.067917354;18;1;5;2;1;1;1;2;1;2;1;1;1;1;2;1;1;1;1;3;5;;;;150000;;;;;;;;;;1;;;3
20230312;03;2023;7384320;1;1;01;19;1;65.249332776;19;1;1;4;1;4;1;1;1;3;1;1;7;3;1;1;1;1;1;3;1;;;98;1000000;;;1;;;;;;;;;;4
20230312;03;2023;7384321;1;1;01;19;1;248.64351664;19;1;1;4;1;3;1;1;1;3;1;1;5;3;1;1;1;1;1;3;1;;;99;600000;;;1;;;;;;;;;;4
20230312;03;2023;7384322;1;1;01;19;1;130.55026053;19;1;1;4;1;2;1;1;1;3;1;1;3;2;1;1;1;1;1;3;1;;;170000000;700000;;;;;;;;;;1;;;3
20230312;03;2023;7384323;1;1;01;19;1;170.68774513;19;1;1;4;1;4;1;1;1;3;1;1;4;2;1;1;1;1;1;3;3;;;;;900000;;1;;;;1;;;;;;4
20230312;03;2023;7384324;1;1;01;19;1;176.27117636;19;2;1;4;1;2;1;1;1;3;1;1;2;1;1;1;1;1;1;3;4;;;;400000;;;;;;;;;;1;;;3
20230312;03;2023;7384325;1;1;01;19;1;290.21671787;19;1;1;4;1;3;1;1;1;3;1;1;4;1;1;1;1;1;1;3;3;;;;;550000;;;;;;;;;1;;;1
20230312;03;2023;7384326;1;1;01;19;1;65.249332776;19;1;1;4;1;4;1;1;1;3;1;1;6;2;1;1;1;1;1;3;1;;;250000000;1400000;;;1;;;;;;;;;;2
20230312;03;2023;7384327;1;1;01;19;1;161.25704368;19;1;1;4;1;5;1;1;1;3;1;1;5;4;1;1;1;1;1;3;3;;;;;1400000;;1;;;;1;1;;;;;5
20230312;03;2023;7384328;1;1;01;19;1;158.36845582;19;3;1;4;1;3;1;1;1;1;1;1;1;1;1;1;1;1;6;;3;;;;;300000;;1;;;;;;;;;;1
20230312;03;2023;7384329;1;1;01;19;1;138.37603417;19;1;1;4;1;3;1;1;1;3;1;1;3;2;1;1;1;1;1;3;1;;;100000000;400000;;;;;;;;;;1;;;3
20230312;03;2023;7384330;1;1;01;19;1;274.57096444;19;2;1;4;1;2;2;1;1;1;1;1;1;1;1;1;1;1;3;4;3;;;;;400000;;1;;;;;;;;;;1
20230312;03;2023;7384331;1;1;01;19;1;172.13500752;19;2;1;4;1;3;2;1;1;3;1;1;2;1;1;1;1;1;2;4;3;;;;;600000;;;;;;;;;1;;;2
20230312;03;2023;7384332;1;1;01;19;1;157.22434582;19;2;1;4;1;2;1;1;1;3;1;1;4;1;1;1;1;1;1;3;1;;;400000000;800000;;;1;;;;;;;;;;2
20230312;03;2023;7384333;1;1;01;19;1;285.44291504;19;2;1;4;1;3;1;1;1;3;1;1;3;2;1;1;1;1;1;3;4;;;;650000;;;1;;;;1;1;;;;;4
20230312;03;2023;7384334;1;1;01;19;1;125.51204836;19;3;1;4;1;3;1;1;1;3;1;1;2;1;1;1;1;1;1;3;3;;;;;580000;;1;;;;;;;;;;2
20230312;03;2023;7384336;1;1;01;19;1;265.73848395;19;2;1;4;1;3;1;1;1;3;1;1;3;1;1;1;1;1;1;3;3;;;;;500000;;1;;;;1;;;;;;2
20230312;03;2023;7384337;1;1;01;19;1;158.36845582;19;3;1;4;1;2;1;1;1;3;1;1;1;1;1;2;1;1;3;3;3;;;;;350000;;;;;;;;;1;;;1
20230312;03;2023;7384338;1;1;01;19;1;158.36845582;19;3;1;4;1;3;1;1;1;3;1;1;1;1;1;1;1;1;1;3;3;;;;;360000;;;;;;;;;1;;;1
20230312;03;2023;7384339;1;1;01;19;1;234.176986;19;1;1;4;1;2;1;1;1;3;1;1;4;3;1;1;1;1;1;3;1;;;98;600000;;;1;;;;;;;;;;3
20230312;03;2023;7384340;1;1;01;19;1;264.54673772;19;1;1;4;1;3;2;1;1;3;1;1;4;1;1;1;1;1;1;4;1;;;150000000;700000;;;1;;;;;;;;;;1
20230312;03;2023;7384341;1;1;01;19;1;165.21866608;19;1;1;4;1;3;1;1;1;3;1;1;4;2;1;1;1;1;1;3;3;;;;;400000;;1;;;;;;;;;;3
20230312;03;2023;7384342;1;1;01;19;1;148.05957193;19;1;1;4;1;2;1;1;1;3;1;1;4;2;1;1;1;1;3;3;1;;;70000000;350000;;;;;;;;;;1;;;3
20230312;03;2023;7384343;1;1;01;19;1;216.77508416;19;1;1;4;1;3;1;1;1;3;1;1;4;3;1;1;1;1;1;3;3;;;;;500000;;1;;;;;;;;;;4
20230312;03;2023;7384344;1;1;01;19;1;86.39637895;19;1;1;4;1;2;1;1;1;3;1;1;3;3;1;1;1;1;1;3;3;;;;;1000000;;1;;;;;;;;;;3
20230312;03;2023;7384345;1;1;01;19;1;134.28105799;19;1;1;2;1;3;1;1;1;3;1;1;3;1;1;1;1;1;1;3;1;;;98;150000;;;;;;;;;;1;;;1
20230312;03;2023;7384346;1;1;01;19;1;121.39965981;19;3;1;4;1;2;1;1;1;3;1;1;2;2;1;1;1;1;1;3;3;;;;;540000;;1;;;;;;;;;;2
20230312;03;2023;7384347;1;1;01;19;1;136.54761515;19;1;1;2;1;2;1;1;1;3;1;2;3;1;1;2;1;1;1;3;4;;;;300000;;;;;;;;;;1;;;1
20230312;03;2023;7384347;2;2;01;19;1;136.54761515;19;1;1;2;1;2;1;1;1;3;1;2;3;2;1;2;1;1;1;3;4;;;;250000;;;1;;;;;;;;;;2
20230310;03;2023;7384348;1;1;01;20;1;282.04898547;20;1;1;4;1;2;1;1;1;3;1;1;4;3;1;1;1;1;1;3;2;;670000;99;700000;;;;;;;;;;1;;;5
20230311;03;2023;7384349;1;1;01;20;1;214.91716173;20;2;1;4;1;2;1;1;1;3;1;1;2;1;1;1;1;1;1;3;4;;;;450000;;;;;;;;;;1;;;3
20230311;03;2023;7384350;1;1;01;20;1;246.79511449;20;2;1;3;1;1;1;1;1;3;1;1;5;3;1;1;1;1;1;3;1;;;99;450000;;;1;;;;;;;;;;7
20230311;03;2023;7384352;1;1;01;20;1;419.03406309;20;1;1;4;1;2;1;1;1;3;1;1;4;3;1;1;1;1;1;3;2;;3100000;300000000;1500000;;;1;;1;;1;;;;;;4
20230312;03;2023;7384353;1;1;01;20;1;428.35518445;20;1;1;3;1;2;1;1;1;3;1;1;4;2;1;1;1;1;1;3;1;;;99;400000;;;1;;;;;;;;;;3
20230312;03;2023;7384356;1;1;01;20;1;272.75344745;20;1;1;4;1;3;1;1;1;3;1;1;4;3;1;1;1;1;1;3;3;;;;;600000;;1;;;;1;1;;;;;4
20230312;03;2023;7384357;1;1;01;20;1;272.75344745;20;1;1;4;1;3;1;1;1;3;1;1;4;3;1;1;1;1;1;3;3;;;;;600000;;1;;;;1;1;;;;;4
20230312;03;2023;7384358;1;1;01;20;1;207.00735737;20;1;1;5;1;2;1;1;1;3;1;1;4;1;1;1;1;1;1;3;2;;99;99;600000;;;;;;;;;;1;;;2
20230312;03;2023;7384359;1;1;01;20;1;164.26259981;20;1;1;4;1;2;1;1;1;3;1;1;4;3;1;1;1;1;1;3;2;;800000;99;600000;;;1;;1;;;1;;;;;4
20230312;03;2023;7384362;1;1;01;23;1;453.27781131;23;1;1;4;1;3;1;1;1;3;1;1;4;2;1;1;1;1;1;3;1;;;200000000;900000;;;1;;;;;;;;;;1
20230312;03;2023;7384363;1;1;01;23;1;269.89790783;23;2;7;2;1;1;1;2;1;3;1;1;1;1;2;1;1;1;3;3;4;;;;300000;;;;;;;;;;1;;;3
20230312;03;2023;7384364;1;1;01;23;1;309.60359687;23;2;1;4;1;1;1;2;1;3;1;1;3;2;2;1;1;1;1;3;1;;;50000000;300000;;;1;;;;;;;;;;4
20230312;03;2023;7384365;1;1;01;23;1;289.28142961;23;1;1;4;1;3;1;1;1;3;1;1;4;3;1;1;1;1;1;3;3;;;;;800000;;1;;;;;;;;;;4
20230312;03;2023;7384366;1;1;01;23;1;263.41156461;23;1;1;2;1;1;1;1;1;3;1;1;4;1;1;1;1;1;1;3;3;;;;;400000;;;;;;;;;1;;;2
20230312;03;2023;7384367;1;1;01;23;1;218.10217183;23;1;1;2;1;1;1;1;1;3;1;1;3;2;1;1;1;1;1;3;1;;;98;400000;;;1;;;;;;;;;;3
20230312;03;2023;7384368;1;1;01;23;1;267.33053968;23;1;1;4;1;1;1;2;1;3;1;1;2;1;2;1;1;1;3;3;5;;;;400000;;;;;;;;;;1;;;1
20230312;03;2023;7384369;1;1;01;23;1;216.12691683;23;1;1;4;1;1;1;1;1;3;1;1;5;4;1;1;1;1;1;3;3;;;;;450000;;1;;;;;;;;;;5
20230312;03;2023;7384370;1;1;01;23;1;228.37515278;23;2;1;4;1;1;1;1;1;3;1;1;3;1;1;1;1;1;1;3;3;;;;;350000;;;;;;;;;1;;;3
20230312;03;2023;7384372;1;1;01;23;1;267.33053968;23;2;1;4;1;2;1;1;1;3;1;1;3;1;1;1;1;1;1;3;3;;;;;700000;;;;;;;;;1;;;1
20230312;03;2023;7384373;1;1;01;23;1;267.33053968;23;2;1;2;1;2;1;1;1;3;1;1;2;1;1;1;1;1;1;3;1;;;140000000;100000;;;1;;;;;;;;;;1
20230312;03;2023;7384374;1;1;01;23;1;437.08931805;23;1;1;3;1;1;2;1;1;3;1;1;2;1;1;1;1;1;2;4;1;;;30000000;200000;;;;;;;;;;1;;;1
20230312;03;2023;7384375;1;1;01;23;1;271.9605627;23;2;1;4;1;2;1;1;1;3;1;1;3;2;1;1;1;1;1;3;1;;;150000000;700000;;;1;;;;1;;;;;;2
20230312;03;2023;7384376;1;1;01;23;1;277.56821442;23;2;1;4;1;2;1;1;1;3;1;1;2;1;1;1;1;1;3;3;4;;;;400000;;;1;;;;;;;;;;3
20230312;03;2023;7384377;1;1;01;23;1;146.5671999;23;2;1;4;1;2;1;1;1;3;1;1;6;2;1;1;1;1;1;3;4;;;;1000000;;;1;;;;;1;;;;;3
20230312;03;2023;7384378;1;1;01;23;1;312.28913862;23;1;1;4;1;1;1;1;1;3;1;1;4;2;1;1;1;1;1;3;1;;;60000000;300000;;;;;;;;;;1;;;2
20230312;03;2023;7384379;1;1;01;23;1;141.93717688;23;1;1;4;1;2;1;1;1;3;1;1;4;2;1;1;1;1;3;3;1;;;130000000;500000;;;;;;;;;;1;;;2
20230312;03;2023;7384380;1;1;01;23;1;241.7427224;23;1;1;4;1;1;1;1;1;3;1;1;4;1;1;1;1;1;3;3;5;;;;500000;;;;;;;;;;1;;;2
20230312;03;2023;7384381;1;1;01;23;1;241.7427224;23;2;1;4;1;1;1;1;1;3;1;1;3;2;1;1;1;1;1;3;1;;;80000000;400000;;;;;;;;;;1;;;2
20230312;03;2023;7384382;1;1;01;23;1;241.7427224;23;4;1;2;1;1;1;1;1;3;1;1;2;1;1;1;1;1;1;3;1;;;30000000;200000;;;;;;;;;;1;;;2
20230312;03;2023;7384383;1;1;01;23;1;108.47480838;23;1;1;4;1;1;1;1;1;3;1;1;4;3;1;1;1;1;1;3;3;;;;;400000;;1;;;;;;;;;;5
20230312;03;2023;7384384;1;1;01;23;1;196.93820548;23;4;1;2;1;1;1;1;1;3;1;1;2;1;1;1;1;1;3;3;4;;;;250000;;;;;;;;;;1;;;3
20230312;03;2023;7384385;1;1;01;23;1;201.26829071;23;2;1;4;1;1;1;1;1;3;1;1;2;1;1;1;1;1;1;4;4;;;;280000;;;1;;;;;;;;;;2
20230312;03;2023;7384386;1;1;01;23;1;123.80497434;23;2;1;4;1;1;1;1;1;3;1;1;3;2;1;1;1;1;1;3;3;;;;;380000;;1;;;;;;;;;;3
20230312;03;2023;7384387;1;1;01;23;1;519.15023713;23;2;1;4;1;2;1;1;1;3;1;1;2;1;1;1;1;1;3;3;3;;;;;1800000;;;;;;;1;;;;;1
20230312;03;2023;7384388;1;1;01;23;1;332.3962433;23;1;1;2;1;2;1;1;1;3;1;1;3;1;1;1;1;1;3;3;4;;;;750000;;;1;;;;;;;;;;2
20230312;03;2023;7384389;1;1;01;;1;2485.3604124;25;1;1;2;1;1;2;1;1;1;2;1;2;1;1;1;1;3;6;;1;;;30000000;200000;;;;;;;;;;1;;;1
20230312;03;2023;7384390;1;1;01;;1;1591.4497776;25;2;1;4;1;3;1;1;1;3;1;1;3;2;1;1;1;1;1;3;3;;;;;550000;;;;;;;;;1;;;3
20230312;03;2023;7384391;1;1;01;;1;1972.9257868;25;2;1;4;1;3;1;1;1;3;1;1;3;1;1;1;1;1;1;3;2;;600000;120000000;500000;;;1;;1;;;;;;;;1
20230311;03;2023;7384392;1;1;01;27;1;50.502226734;27;1;1;4;1;1;2;2;1;3;2;1;4;1;3;1;1;5;6;;1;;;25000000;400000;;;;;;;;;;1;;;1
20230312;03;2023;7384394;1;1;01;27;1;43.06814369;27;1;1;2;1;2;1;1;1;3;2;1;4;1;1;1;1;5;3;4;3;;;;;700000;;1;;;;1;;;;;;1
20230312;03;2023;7384395;1;1;01;27;1;54.941354854;27;1;1;4;1;2;2;1;1;3;2;1;5;2;1;1;1;5;3;4;3;;;;;700000;;1;;;;1;1;;;;;2
20230312;03;2023;7384396;1;1;01;27;1;54.941354854;27;1;1;4;1;2;2;1;1;3;2;1;2;1;1;1;1;5;3;4;3;;;;;550000;;1;;;;;;;;;;2
20230312;03;2023;7384397;1;1;01;27;1;53.385712451;27;1;1;4;1;2;2;1;1;3;2;1;4;2;1;1;1;5;1;4;1;;;100000000;1200000;;;1;;;;;;;;;;3
20230312;03;2023;7384398;1;1;01;27;1;64.182366477;27;1;1;4;1;2;2;1;1;3;2;1;4;2;1;1;1;5;6;;4;;;;700000;;;;;;;;;;1;;;2
20230312;03;2023;7384399;1;1;01;27;1;74.029797914;27;1;1;4;1;1;2;1;1;3;2;1;4;2;1;1;1;5;6;;4;;;;700000;;;1;;;;1;1;;;;;2
20230312;03;2023;7384401;1;1;01;27;1;52.741622034;27;1;1;4;1;2;2;1;1;3;2;1;4;3;1;1;1;5;1;4;4;;;;400000;;;1;;;;;1;;;;;4
20230312;03;2023;7384402;1;1;01;27;1;37.128571894;27;1;1;4;1;2;2;1;1;3;2;1;4;2;1;1;1;5;1;4;4;;;;600000;;;1;;;;;;;;;;3
20230312;03;2023;7384403;1;1;01;27;1;50.291789259;27;1;1;4;1;1;2;1;1;3;2;1;4;3;1;1;1;5;1;4;1;;;99;99;;;;;;;;;;1;;;4
20230312;03;2023;7384404;1;1;01;27;1;45.107524172;27;2;1;4;1;1;2;1;1;3;2;1;2;1;1;1;1;5;6;;3;;;;;650000;;1;;;;;1;;;;;1
20230312;03;2023;7384405;1;1;01;27;1;41.691094098;27;1;1;4;1;1;2;1;1;3;2;1;3;1;1;1;1;5;3;4;3;;;;;600000;;1;;;;;;;;;;2
20230312;03;2023;7384406;1;1;01;27;1;59.143537335;27;1;1;4;1;1;2;1;1;3;2;1;3;1;1;1;1;5;1;4;1;;;99;1500000;;;1;;;;;;;;;;1
20230312;03;2023;7384408;1;1;01;27;1;45.107524172;27;1;1;4;1;1;2;1;1;3;2;1;3;1;1;1;1;5;1;4;3;;;;;600000;;1;;;;;;;;;;1
20230312;03;2023;7384409;1;1;01;27;1;45.107524172;27;1;1;4;1;1;2;1;1;3;2;1;3;1;1;1;1;5;1;4;3;;;;;650000;;1;;;;;;;;;;1
20230312;03;2023;7384412;1;1;01;27;1;61.76458385;27;3;1;2;1;1;2;2;1;3;1;1;1;1;2;2;1;1;2;4;3;;;;;150000;;;;;;;;;1;;;2
20230312;03;2023;7384413;1;1;01;27;1;60.927317664;27;3;1;2;1;1;2;2;1;3;1;1;1;1;2;2;1;1;2;4;3;;;;;200000;;;;;;;;;1;;;2
20230312;03;2023;7384414;1;1;01;27;1;66.97364528;27;3;1;2;1;1;2;2;1;3;1;1;1;1;2;2;1;1;2;4;3;;;;;180000;;;;;;;;;1;;;2
20230312;03;2023;7384415;1;1;01;27;1;59.987771568;27;3;1;2;1;1;2;2;1;3;1;1;1;1;2;2;1;1;2;4;3;;;;;200000;;1;;;;;;;;;;1
20230312;03;2023;7384416;1;1;01;27;1;80.493639258;27;3;1;2;1;1;2;2;1;3;1;1;1;1;2;2;1;1;2;4;3;;;;;150000;;1;;;;;;;;;;2
20230312;03;2023;7384418;1;1;01;27;1;59.987771568;27;3;1;2;1;1;2;2;1;3;1;1;1;1;2;2;1;1;2;4;4;;;;200000;;;;;;;;;;1;;;1
20230312;03;2023;7384419;1;1;01;27;1;59.987771568;27;3;1;2;1;1;2;2;1;3;1;1;1;1;2;2;1;1;2;4;3;;;;;120000;;;;;;;;;1;;;1
20230312;03;2023;7384420;1;1;01;27;1;56.858763027;27;1;1;2;1;1;2;2;1;3;2;1;2;1;2;1;1;5;1;4;3;;;;;200000;;;;;;;;;1;;;4
20230312;03;2023;7384421;1;1;01;27;1;51.212732202;27;1;1;2;1;1;2;2;1;3;2;1;4;3;3;1;1;5;1;4;1;;;20000000;300000;;;;;;;;;;1;;;6
20230312;03;2023;7384423;1;1;01;27;1;35.831693225;27;1;1;2;1;1;2;2;1;3;2;1;3;2;2;1;1;5;1;4;4;;;;250000;;;;;;;;;;1;;;3
20230312;03;2023;7384424;1;1;01;27;1;40.618211776;27;1;1;2;1;1;2;2;1;3;2;1;3;2;3;1;1;5;1;4;3;;;;;200000;;;;;;;;;1;;;2
20230312;03;2023;7384425;1;1;01;27;1;39.133780186;27;1;1;4;1;1;2;2;1;3;2;1;4;3;2;1;1;5;3;4;3;;;;;650000;;;;;;;;;1;;;4
20230312;03;2023;7384427;1;1;01;27;1;48.974363317;27;1;1;2;1;1;2;2;1;3;2;1;4;3;3;1;1;5;1;4;1;;;70000000;300000;;;1;;;;;;;;;;4
20230312;03;2023;7384428;1;1;01;27;1;29.816653365;27;1;1;2;1;1;2;2;1;3;2;1;4;3;3;1;1;5;3;4;3;;;;;300000;;1;;;;;;;;;;3
20230312;03;2023;7384429;1;1;01;27;1;32.031633244;27;1;1;2;1;1;2;2;1;3;2;1;4;3;2;1;1;5;1;4;3;;;;;250000;;;;;;;;;1;;;4
20230312;03;2023;7384430;1;1;01;27;1;32.90380397;27;1;1;2;1;1;2;2;1;3;2;1;4;3;3;1;1;5;3;4;4;;;;200000;;;1;;;;;;;;;;5
20230312;03;2023;7384431;1;1;01;27;1;29.802541783;27;1;1;2;1;1;2;2;1;3;2;1;3;2;2;1;1;5;1;4;4;;;;200000;;;;;;;;;;1;;;4
20230312;03;2023;7384433;1;1;01;27;1;23.995108627;27;1;1;4;1;1;2;2;1;3;2;1;3;1;2;1;1;5;1;4;4;;;;200000;;;;;;;;;;1;;;1
20230312;03;2023;7384435;1;1;01;41;1;109.84683908;41;1;1;4;1;1;1;1;1;3;1;1;3;2;1;1;1;1;1;3;3;;;;;350000;;1;;;;;;;;;;2
20230312;03;2023;7384436;1;1;01;41;1;124.31524509;41;1;1;4;1;1;1;1;1;3;1;1;3;2;1;1;1;1;1;3;5;;;;300000;;;1;;;;;;;;;;3
20230312;03;2023;7384437;1;1;01;41;1;159.98197974;41;2;1;4;1;1;1;1;1;3;1;1;2;1;1;1;1;1;1;3;5;;;;350000;;;1;;;;;;;;;;5
20230312;03;2023;7384438;1;1;01;41;1;153.20410176;41;1;1;4;1;3;1;1;1;3;1;1;4;2;1;1;1;1;1;3;1;;;250000000;700000;;1;1;;;;;1;;;;;3
20230312;03;2023;7384439;1;1;01;41;1;157.5399383;41;1;1;4;1;2;1;1;1;3;1;1;4;2;1;1;1;1;1;3;1;;;98;800000;;;1;;;;;;;;;;2
20230312;03;2023;7384440;1;1;01;41;1;151.03940374;41;2;1;4;1;3;1;1;1;3;1;1;4;1;1;1;1;1;3;3;1;;;250000000;700000;;1;1;;;;;1;;;;;2
20230312;03;2023;7384441;1;1;01;41;1;151.03940374;41;2;1;4;1;3;1;1;1;3;1;1;3;2;1;1;1;1;1;3;3;;;;;600000;;1;;;;;1;;;;;2
20230312;03;2023;7384442;1;1;01;41;1;137.30854885;41;1;1;4;1;2;1;1;1;3;1;1;4;2;1;1;1;1;1;3;1;;;98;98;;;1;;;;;;;;;;2
20230312;03;2023;7384443;1;1;01;41;1;113.65281765;41;1;1;4;1;2;1;1;1;3;1;1;3;2;1;1;1;1;1;3;3;;;;;400000;;1;;;;;;;;;;2
20230312;03;2023;7384444;1;1;01;41;1;221.90573433;41;2;1;4;1;4;1;1;1;3;1;1;4;2;1;1;1;1;3;3;1;;;99;900000;;1;1;;;;;1;;;;;2
20230312;03;2023;7384445;1;1;01;41;1;233.14939646;41;1;1;4;1;2;1;1;1;3;1;1;4;3;1;1;1;1;1;3;1;;;100000000;500000;;;1;;;;1;;;;;;5
20230312;03;2023;7384446;1;1;01;41;1;228.30647552;41;2;1;4;1;4;1;1;1;3;1;1;4;1;1;1;1;1;3;3;4;;;;1000000;;1;1;;;;;1;;;;;1
20230312;03;2023;7384447;1;1;01;41;1;114.12297172;41;1;1;4;1;2;1;1;1;3;1;1;4;2;1;1;1;1;1;3;4;;;;500000;;;1;;;;;;;;;;2
20230312;03;2023;7384448;1;1;01;41;1;149.29549354;41;1;1;4;1;2;1;1;1;3;1;1;3;2;1;1;1;1;1;3;3;;;;;550000;;1;;;;;;;;;;2
20230312;03;2023;7384449;1;1;01;41;1;106.94671199;41;1;1;4;1;2;1;1;1;3;1;1;4;2;1;1;1;1;1;3;3;;;;;500000;;1;;;;;;;;;;4
20230312;03;2023;7384450;1;1;01;41;1;112.08184496;41;2;1;3;1;2;1;1;1;3;1;1;3;1;1;1;1;1;1;3;3;;;;;450000;;1;;;;1;1;;;;;1
20230312;03;2023;7384451;1;1;01;41;1;101.17796597;41;1;1;3;1;2;1;1;1;3;1;1;3;2;1;1;1;1;1;3;7;FAMILIAR;;;500000;;;;;;;;;;1;;;3
20230311;03;2023;7384452;1;1;01;44;1;103.96866955;44;1;1;4;1;2;1;1;1;3;1;1;4;3;1;1;1;1;1;3;3;;;;;600000;;1;;;;;;;;;;3
20230311;03;2023;7384457;1;1;01;44;1;98.93120278;44;1;1;4;1;2;1;1;1;3;1;1;3;2;1;1;1;1;1;3;3;;;;;700000;;1;;;;;1;;;;;4
20230312;03;2023;7384458;1;1;01;44;1;139.15466138;44;2;1;4;1;1;1;1;1;3;1;1;4;3;1;1;1;1;1;3;1;;;99;500000;;;;;;;;;;1;;;5
20230312;03;2023;7384459;1;1;01;44;1;97.13498534;44;1;1;2;1;1;1;1;1;3;1;1;5;3;1;1;1;1;1;3;1;;;100000000;600000;;;1;;;;;;;;;;4
20230312;03;2023;7384460;1;1;01;44;1;70.36223527;44;1;1;2;1;1;1;2;1;3;1;1;4;1;2;1;1;1;1;3;4;;;;300000;;;1;;;;;;;;;;2
20230312;03;2023;7384461;1;1;01;44;1;65.677104889;44;2;1;4;1;2;1;1;1;3;1;1;3;2;1;1;1;1;1;3;3;;;;;500000;;1;;;;;;;;;;6
20230312;03;2023;7384462;1;1;01;44;1;77.636346252;44;2;1;2;1;1;1;2;1;3;1;1;2;1;2;1;1;1;1;3;3;;;;;200000;;;;;;;;;1;;;4
20230312;03;2023;7384463;1;1;01;44;1;74.045276012;44;4;1;2;1;1;2;2;1;3;1;1;1;1;2;1;1;1;5;5;4;;;;100000;;;1;;;;;;;;;;3
20230312;03;2023;7384464;1;1;01;44;1;68.194855379;44;2;1;4;1;2;1;1;1;3;1;1;4;3;1;1;1;1;1;3;6;;;;600000;;;1;;;;;;;;;;3
20230312;03;2023;7384465;1;1;01;44;1;101.02022797;44;1;1;2;1;1;1;1;1;3;1;1;2;1;1;1;1;1;1;3;4;;;;350000;;;;;;;;;;1;;;3
20230312;03;2023;7384466;1;1;01;44;1;32.08281983;44;1;1;2;1;1;2;2;1;3;1;1;2;1;2;1;1;1;2;4;4;;;;150000;;;1;;;;;;;;;;4
20230312;03;2023;7384467;1;1;01;44;1;75.246568912;44;1;1;4;1;1;1;2;1;3;1;1;4;2;2;1;1;10;1;3;1;;;1000000000;400000;;;1;;;;;;;;;;3
20230312;03;2023;7384468;1;1;01;44;1;72.93876765;44;2;1;2;1;1;1;1;1;3;1;1;2;1;1;1;1;1;1;3;4;;;;300000;;;;;;;;;;1;;;1
20230311;03;2023;7384469;1;1;01;47;1;183.35115611;47;1;1;4;1;1;1;1;1;3;2;1;3;1;1;1;1;2;3;3;1;;;98;300000;;;;;;;;;;1;;;1
20230312;03;2023;7384470;1;1;01;47;1;127.34811972;47;2;1;4;1;4;1;1;1;3;1;1;3;1;1;1;1;1;1;3;4;;;;1000000;;;1;;;;;;;;;;1
20230312;03;2023;7384471;1;1;01;47;1;118.11041451;47;2;1;4;1;4;1;1;1;7;1;1;4;2;1;1;1;1;4;3;1;;;98;1500000;;;1;;;;1;1;;;;;2
20230312;03;2023;7384472;1;1;01;47;1;201.21297403;47;2;1;4;1;4;1;1;1;3;1;1;4;3;1;1;1;10;1;3;6;;;;1000000;;;1;;;;;;;;;;1
20230312;03;2023;7384473;1;1;01;47;1;165.84873898;47;2;1;2;1;1;1;2;1;3;1;1;1;1;2;1;1;2;2;1;3;;;;;130000;;;;;;;;;1;;;3
20230312;03;2023;7384474;1;1;01;47;1;243.85771599;47;1;1;2;1;1;1;2;1;3;1;1;3;2;2;1;1;2;3;3;5;;;;400000;;;;;;;1;;;;;;4
20230312;03;2023;7384475;1;1;01;47;1;199.9762292;47;2;1;4;1;3;1;1;1;3;1;1;3;2;1;1;1;1;4;3;3;;;;;500000;;;;;;;;;1;;;3
20230312;03;2023;7384476;1;1;01;47;1;261.5674;47;2;1;4;1;3;1;1;1;3;1;1;3;2;1;1;1;1;3;3;3;;;;;600000;;;;;;;;;1;;;5
20230312;03;2023;7384477;1;1;01;47;1;251.51621754;47;2;1;4;1;3;1;1;1;3;1;1;3;1;1;1;1;1;3;3;3;;;;;500000;;1;;;;;1;;;;;1
20230312;03;2023;7384478;1;1;01;47;1;145.99357628;47;2;1;4;1;2;1;1;1;3;1;1;4;1;1;1;1;1;1;3;1;;;90000000;600000;;;1;;;;;;;;;;2
20230312;03;2023;7384479;1;1;01;47;1;314.39527193;47;2;1;2;1;1;2;2;1;3;2;1;1;1;2;1;1;10;6;;5;;;;300000;;;1;;;;;;;;;;1
20230312;03;2023;7384480;1;1;01;47;1;169.97839096;47;2;1;4;1;2;1;1;1;3;1;1;3;2;1;1;1;1;1;3;6;;;;400000;;;1;;;;;;;;;;3
20230312;03;2023;7384481;1;1;01;47;1;314.39527193;47;2;1;1;1;1;2;2;1;3;2;1;1;1;2;1;1;10;6;;5;;;;300000;;;;;;;;;;1;;;1
20230312;03;2023;7384482;1;1;01;47;1;186.19632203;47;2;1;2;1;2;1;1;1;3;1;1;3;2;1;1;1;1;3;3;4;;;;400000;;;1;;;;;;;;;;4
20230312;03;2023;7384483;1;1;01;47;1;226.36459579;47;2;1;4;1;2;1;1;1;3;1;1;2;1;1;1;1;1;6;;4;;;;300000;;;1;;;;;;;;;;1
20230312;03;2023;7384484;1;1;01;47;1;253.81760233;47;2;1;4;1;3;1;1;1;3;1;1;3;1;1;1;1;1;3;3;3;;;;;700000;;1;;;;;;;;;;2
20230312;03;2023;7384485;1;1;01;47;1;192.1634459;47;2;1;4;1;3;1;1;1;3;1;1;3;2;1;1;1;1;3;3;3;;;;;600000;;;;;;;;;1;;;5
20230312;03;2023;7384486;1;1;01;47;1;181.02420198;47;1;1;4;1;3;1;1;1;3;1;1;3;2;1;1;1;1;1;3;4;;;;800000;;;1;;;;;;;;;;4
20230312;03;2023;7384487;1;1;01;47;1;220.07669035;47;2;1;4;1;3;1;1;1;3;1;1;3;1;1;1;1;1;1;3;3;;;;;500000;;1;;;;;;;;;;1
20230311;03;2023;7384494;1;1;01;50;1;188.73491142;50;2;1;4;1;1;2;1;1;3;2;1;3;1;1;1;1;3;1;4;3;;;;;250000;;1;;;;;;;;;;1
20230311;03;2023;7384495;1;1;01;50;1;182.40776945;50;1;1;4;1;3;1;1;1;3;1;1;5;2;1;1;1;1;1;3;1;;;130000000;1500000;;;1;;1;;;1;;;;;3
20230311;03;2023;7384496;1;1;01;50;1;179.4079858;50;1;1;4;1;3;1;1;1;3;1;1;4;1;1;1;1;1;1;3;3;;;;;1100000;;1;;;;1;1;;;;;2
20230311;03;2023;7384498;1;1;01;50;1;141.73225283;50;1;1;4;1;2;1;1;1;3;1;1;4;3;1;1;1;1;1;3;1;;;80000000;600000;;;1;;;;;;;;;;3
20230311;03;2023;7384502;1;1;01;50;1;191.35966943;50;1;1;4;1;2;1;1;1;3;1;1;4;3;1;1;1;1;1;3;3;;;;;700000;;1;;;;;;1;;;NEQUI;5
20230311;03;2023;7384504;1;1;01;50;1;243.49498279;50;1;1;4;1;3;1;1;1;3;1;1;4;3;1;1;1;1;1;3;1;;;185000000;500000;;;1;;;;;;1;;;NEQUI;4
20230311;03;2023;7384510;1;1;01;50;1;141.26424578;50;2;1;4;1;1;2;1;1;3;2;1;4;3;1;1;1;3;1;4;4;;;;500000;;;1;;;;;;;;;;6
20230311;03;2023;7384511;1;1;01;50;1;206.03761602;50;1;1;4;1;3;1;1;1;3;1;1;4;2;1;1;1;1;1;3;1;;;255000000;1200000;;;1;;;;;;;;;;2
20230311;03;2023;7384512;1;1;01;50;1;223.39194322;50;1;1;4;1;3;1;1;1;3;1;1;4;3;1;1;1;1;1;3;1;;;265000000;1000000;;;1;;;;;;;;;;4
20230311;03;2023;7384514;1;1;01;50;1;158.94330379;50;2;1;4;1;1;2;1;1;3;2;1;4;2;1;1;1;10;1;4;1;;;75000000;550000;;;1;;;;;;1;;;DAVIPLATA;2
20230312;03;2023;7384522;1;1;01;50;1;183.36402714;50;1;1;4;1;3;1;1;1;3;1;1;5;2;1;1;1;1;1;3;4;;;;1200000;;;;;;;;;;1;;;2
20230312;03;2023;7384523;1;1;01;50;1;313.24347762;50;1;1;4;1;3;1;1;1;3;1;1;4;1;1;1;1;1;1;3;1;;;200000000;600000;;;1;;;;;;;;;;1
20230312;03;2023;7384524;1;1;01;50;1;162.75893156;50;1;1;4;1;3;1;1;1;3;1;1;6;2;1;1;1;1;1;3;1;;;250000000;1500000;;;1;;;;;;1;;;NEQUI Y DAVIPLATA;2
20230312;03;2023;7384525;1;1;01;50;1;222.01334927;50;1;1;4;1;3;1;1;1;3;1;1;4;1;1;1;1;1;1;3;1;;;195000000;1000000;;;1;;;;;1;;;;;2
20230312;03;2023;7384526;1;1;01;50;1;207.0907891;50;1;1;4;1;3;1;1;1;3;1;1;3;2;1;1;1;1;1;3;1;;;300000000;700000;;;;;;;;;;1;;;4
20230312;03;2023;7384527;1;1;01;50;1;290.68129458;50;2;1;4;1;3;1;1;1;3;1;1;3;2;1;1;1;1;1;3;3;;;;;550000;;1;;;;;;;;;;3
20230312;03;2023;7384528;1;1;01;50;1;295.18097005;50;2;1;4;1;3;1;1;1;3;1;1;3;2;1;1;1;1;1;3;3;;;;;550000;;;;;;;;;1;;;4
20230312;03;2023;7384529;1;1;01;50;1;203.44866445;50;1;1;4;1;3;1;1;1;3;1;1;4;2;1;1;1;1;1;3;1;;;180000000;700000;;;1;;;;;;;;;;2
20230312;03;2023;7384530;1;1;01;50;1;330.58823937;50;1;1;4;1;3;1;1;1;3;1;1;3;2;1;1;1;1;1;3;1;;;220000000;650000;;;1;;;;;;;;;;3
20230312;03;2023;7384531;1;1;01;50;1;198.06413069;50;1;1;4;1;3;1;1;1;3;1;1;3;1;1;1;1;1;1;3;1;;;300000000;700000;;;;;;;;;;1;;;1
20230312;03;2023;7384532;1;1;01;50;1;380.44949914;50;1;1;4;1;3;1;1;1;3;1;1;4;2;1;1;1;1;1;3;1;;;220000000;450000;;;1;;;;;;;;;;2
20230312;03;2023;7384533;1;1;01;50;1;250.5947821;50;2;1;4;1;3;1;1;1;3;1;1;3;1;1;1;1;1;1;3;3;;;;;1000000;;1;;;;;;1;;;NEQUI;1
20230312;03;2023;7384534;1;1;01;50;1;245.95452807;50;1;1;4;1;3;1;1;1;3;1;1;4;3;1;1;1;1;1;3;3;;;;;600000;;1;;;;;;1;;;NEQUI;4
20230312;03;2023;7384535;1;1;01;50;1;298.84192476;50;2;1;4;1;3;1;1;1;3;1;1;2;1;1;1;1;1;1;3;3;;;;;350000;;;;;;;;;1;;;2
20230312;03;2023;7384536;1;1;01;50;1;278.52768378;50;1;1;4;1;1;1;1;1;3;1;1;3;1;1;1;1;1;1;3;1;;;75000000;400000;;;;;;;;;;1;;;1
20230312;03;2023;7384537;1;1;01;50;1;279.29219348;50;2;1;4;1;3;1;1;1;3;1;1;3;2;1;1;1;1;1;3;1;;;150000000;600000;;;1;;;;;;;;;;4
20230312;03;2023;7384538;1;1;01;50;1;225.07287579;50;1;1;4;1;3;1;1;1;3;1;1;5;1;1;1;1;1;1;3;1;;;140000000;600000;;;;;;;1;;;;;;1
20230312;03;2023;7384539;1;1;01;50;1;352.39891232;50;2;1;2;1;1;2;1;1;3;1;1;1;1;1;1;1;1;2;4;4;;;;250000;;;1;;;;;;;;;;1
20230312;03;2023;7384540;1;1;01;50;1;247.58016336;50;2;1;4;1;3;1;1;1;3;1;1;3;1;1;1;1;1;1;3;3;;;;;550000;;;;;;;;;1;;;1
20230312;03;2023;7384541;1;1;01;;1;124.18327705;52;2;1;4;1;1;2;2;1;3;1;1;3;2;2;1;1;1;1;4;3;;;;;400000;;1;;;;;;;;;;3
20230312;03;2023;7384542;1;1;01;;1;124.18327705;52;2;1;4;1;1;2;2;1;3;1;1;4;3;3;1;1;1;3;4;6;;;;500000;;;1;;;;1;;;;;;6
20230312;03;2023;7384543;1;1;01;;1;124.18327705;52;1;1;2;1;1;2;2;1;3;1;1;3;2;3;1;1;1;1;4;3;;;;;300000;;1;;;;;;;;;;5
20230312;03;2023;7384544;1;1;01;;1;124.18327705;52;1;5;3;1;1;2;2;1;3;1;1;4;2;3;1;1;1;1;4;3;;;;;300000;;1;;;;;;;;;;2
20230312;03;2023;7384545;1;1;01;;1;482.17823814;52;1;5;3;1;1;2;2;1;3;1;1;2;1;5;1;1;1;1;4;3;;;;;200000;;;;;;;;;1;;;1
20230312;03;2023;7384546;1;1;01;;1;124.18327705;52;1;1;4;1;1;2;2;1;3;1;1;5;3;3;1;1;1;1;4;1;;;100000000;800000;;;1;;;;;;;;;;4
20230312;03;2023;7384547;1;1;01;;1;124.18327705;52;2;1;4;1;1;2;2;1;3;1;1;5;3;3;1;1;1;3;4;1;;;90000000;500000;;;1;;;;;;;;;;4
20230312;03;2023;7384548;1;1;01;;1;218.18700889;52;2;1;4;1;1;2;2;1;3;1;1;3;2;3;1;1;1;1;4;3;;;;;400000;;1;;;;;;;;;;4
20230312;03;2023;7384549;1;1;01;;1;339.06415579;52;2;1;4;1;1;2;2;1;3;1;1;3;2;3;1;1;1;3;4;6;;;;450000;;;1;;;;;;;;;;3
20230312;03;2023;7384550;1;1;01;;1;74.509966232;52;1;5;3;1;1;2;2;1;2;1;1;2;1;4;1;1;1;1;4;3;;;;;100000;;;;;;;;;1;;;3
20230312;03;2023;7384551;1;1;01;;1;74.509966232;52;1;5;3;1;1;2;2;1;1;1;1;3;2;4;1;1;1;1;1;1;;;3000000;100000;;;;;;;;;;1;;;4
20230312;03;2023;7384552;1;1;01;;1;182.22352854;52;1;5;3;1;1;2;2;1;1;1;1;4;1;3;1;1;1;1;4;4;;;;250000;;;1;;;;;;;;;;2
20230312;03;2023;7384553;1;1;01;;1;173.67360854;52;1;5;3;1;1;2;2;1;1;1;1;3;2;4;1;1;1;1;4;1;;;2000000;100000;;;;;;;;;;1;;;2
20230312;03;2023;7384554;1;1;01;;1;380.00082778;52;1;5;3;1;1;2;2;1;1;1;1;3;2;4;1;1;1;1;4;4;;;;200000;;;1;;;;;;;;;;4
20230312;03;2023;7384555;1;1;01;52;1;116.96605702;52;1;1;4;1;2;2;1;1;3;1;1;1;1;1;1;1;1;1;4;1;;;150000000;400000;;;;;;;;;;1;;;1
20230312;03;2023;7384556;1;1;01;52;1;119.86556134;52;1;1;4;1;2;1;1;1;3;1;1;3;2;1;1;1;1;1;3;4;;;;300000;;;1;;;;;;;;;;4
20230312;03;2023;7384557;1;1;01;52;1;81.327605666;52;1;1;4;1;2;1;1;1;3;1;1;3;3;1;1;1;1;1;4;3;;;;;500000;;;;;;;;;1;;;5
20230312;03;2023;7384558;1;1;01;52;1;391.77879351;52;2;1;4;1;2;2;1;1;3;1;1;4;2;1;1;1;1;1;4;2;;860000;400000000;1600000;;;1;;1;;;1;;;;;2
20230312;03;2023;7384559;1;1;01;52;1;87.724542768;52;2;1;4;1;2;1;1;1;3;1;1;4;1;1;1;1;1;1;3;4;;;;380000;;;;;;;;;;1;;;1
20230312;03;2023;7384560;1;1;01;52;1;88.503741443;52;1;1;4;1;2;2;1;1;3;1;1;5;3;1;1;1;1;1;4;1;;;170000000;550000;;;1;;1;;;;;;;;4
20230312;03;2023;7384561;1;1;01;52;1;301.25744711;52;2;1;4;1;2;2;1;1;3;1;1;4;2;1;1;1;1;1;4;2;;1300000;320000000;1000000;;;1;;;;1;1;;;;;2
20230312;03;2023;7384562;1;1;01;52;1;94.819204574;52;2;1;4;1;2;1;1;1;3;1;1;4;2;1;1;1;1;1;3;1;;;130000000;450000;;;1;;;;;;;;;;4
20230312;03;2023;7384563;1;1;01;52;1;77.112812496;52;2;1;4;1;2;1;1;1;3;1;1;4;2;1;1;1;1;1;3;4;;;;400000;;;1;;;;;;;;;;2
20230312;03;2023;7384564;1;1;01;52;1;109.97331295;52;1;1;4;1;2;2;1;1;3;1;1;4;1;1;1;1;1;1;4;1;;;180000000;700000;;;;;;;;;;1;;;2
20230312;03;2023;7384565;1;1;01;52;1;85.884200745;52;2;1;4;1;2;2;1;1;3;1;1;4;3;1;1;1;1;1;4;3;;;;;450000;;;;;;;;;1;;;6
20230312;03;2023;7384566;1;1;01;52;1;151.00735234;52;1;1;4;1;3;1;1;1;3;1;1;4;1;1;1;1;1;1;3;1;;;98;600000;;;;;;;;1;;;;;1
20230312;03;2023;7384567;1;1;01;52;1;109.97331295;52;2;1;4;1;2;2;1;1;3;1;1;3;1;1;1;1;1;1;4;1;;;170000000;600000;;;;;;;;;;1;;;2
20230312;03;2023;7384568;1;1;01;52;1;66.843720321;52;1;1;4;1;2;1;1;1;3;1;1;2;1;1;1;1;1;1;3;3;;;;;250000;;;;;;;;;1;;;3
20230312;03;2023;7384569;1;1;01;52;1;118.94805746;52;2;1;4;1;2;2;1;1;3;1;1;2;1;1;1;1;1;1;5;3;;;;;200000;;;;;;;;;1;;;3
20230312;03;2023;7384570;1;1;01;52;1;91.939335938;52;1;1;4;1;2;1;1;1;3;1;1;4;2;1;1;1;1;1;3;4;;;;700000;;;;;;;;;;1;;;4
20230312;03;2023;7384571;1;1;01;52;1;90.604411404;52;3;1;4;1;2;1;1;1;3;1;1;1;1;1;1;1;1;1;3;4;;;;150000;;;;;;;;;;1;;;1
20230312;03;2023;7384572;1;1;01;52;1;118.16335293;52;2;1;4;1;2;2;1;1;3;1;1;2;1;1;1;1;1;1;4;3;;;;;400000;;;;;;;;;1;;;3
20230312;03;2023;7384573;1;1;01;52;1;88.960694703;52;1;1;4;1;2;2;1;1;3;1;1;3;2;1;1;1;1;1;4;3;;;;;700000;;1;;;;;;;;;;4
20230312;03;2023;7384574;1;1;01;52;1;99.917087872;52;1;1;4;1;2;1;1;1;3;1;1;3;2;1;1;1;1;1;3;1;;;200000000;700000;;;;;;;;;;1;;;3
20230312;03;2023;7384575;1;1;01;52;1;152.74071243;52;2;1;4;1;3;2;1;1;3;1;1;6;2;1;1;1;1;1;4;1;;;350000000;700000;;;1;;;;1;;;;;;2
20230312;03;2023;7384576;1;1;01;52;1;215.12211344;52;1;1;4;1;3;2;1;1;3;1;1;2;1;1;1;1;1;1;4;3;;;;;500000;;1;;;;;;;;;;1
20230312;03;2023;7384577;1;1;01;52;1;258.08036713;52;2;1;4;1;2;1;1;1;3;1;1;2;1;1;1;1;1;1;3;1;;;98;400000;;;;;;;1;;;;;;2
20230312;03;2023;7384578;1;1;01;52;1;258.08036713;52;2;1;4;1;2;1;1;1;3;1;1;3;1;1;1;1;1;1;3;4;;;;400000;;;;;;;;;;1;;;2
20230312;03;2023;7384579;1;1;01;52;1;100.18637679;52;1;1;4;1;2;1;1;1;3;1;1;4;2;1;1;1;1;1;3;1;;;200000000;550000;;;1;;;;;;;;;;4
20230312;03;2023;7384580;1;1;01;52;1;142.13942622;52;2;1;4;1;2;2;1;1;3;1;1;4;3;1;1;1;1;1;4;2;;280000;100000000;350000;;;;;;;;;;1;;;3
20230312;03;2023;7384581;1;1;01;52;1;228.75520688;52;2;1;4;1;2;2;1;1;3;1;1;3;2;1;1;1;1;1;4;3;;;;;500000;;;;;;;;;1;;;3
20230312;03;2023;7384582;1;1;01;52;1;248.24905889;52;2;1;4;1;3;1;1;1;7;1;1;7;2;1;1;1;1;1;3;1;;;800000000;700000;;;1;;;;;;;;;;2
20230312;03;2023;7384583;1;1;01;52;1;269.09940627;52;2;1;4;1;2;2;1;1;3;1;1;3;2;1;1;1;1;1;4;4;;;;400000;;;;;;;;;;1;;;5
20230312;03;2023;7384584;1;1;01;52;1;113.55536154;52;1;1;4;1;2;1;1;1;3;1;1;3;1;1;1;1;1;1;3;1;;;150000000;500000;;;1;;;;;;;;;;2
20230312;03;2023;7384585;1;1;01;52;1;154.64997133;52;2;1;2;1;1;1;1;1;3;1;1;3;2;1;1;1;1;1;3;3;;;;;200000;;;;;;;;;1;;;2
20230312;03;2023;7384586;1;1;01;52;1;147.90630554;52;2;1;4;1;3;2;1;1;3;1;1;4;3;1;1;1;1;1;4;3;;;;;800000;;1;;;;;;;;;;3
20230312;03;2023;7384587;1;1;01;52;1;141.85660508;52;1;1;4;1;2;1;1;1;3;1;1;3;2;1;1;1;1;1;3;3;;;;;700000;;1;;;;;;;;;;2
20230312;03;2023;7384588;1;1;01;52;1;338.81732867;52;2;1;4;1;2;2;1;1;7;1;1;3;1;1;1;1;1;1;4;3;;;;;250000;;1;;;;1;;;;;;1
20230312;03;2023;7384589;1;1;01;52;1;304.24448581;52;2;1;4;1;2;2;1;1;3;1;1;4;2;1;1;1;1;1;4;2;;750000;150000000;800000;;;1;;1;;;1;;;;;4
20230312;03;2023;7384590;1;1;01;52;1;236.42767513;52;2;1;4;1;2;2;1;1;3;1;1;4;2;1;1;1;1;1;4;1;;;180000000;500000;;;1;;;;;;;;;;2
20230312;03;2023;7384591;1;1;01;52;1;258.99552706;52;2;1;4;1;2;2;1;1;3;1;1;3;1;1;1;1;1;1;4;2;;740000;180000000;700000;;;1;;1;;;1;;;;;1
20230312;03;2023;7384592;1;1;01;52;1;340.08634835;52;2;1;4;1;2;2;1;1;3;1;1;4;3;1;1;1;1;1;4;3;;;;;650000;;1;;;;;;;;;;3
20230312;03;2023;7384593;1;1;01;52;1;304.24448581;52;2;1;4;1;2;2;1;1;3;1;1;4;3;1;1;1;1;1;4;2;;700000;90000000;800000;;;1;;1;;;;;;;;4
20230312;03;2023;7384594;1;1;01;52;1;223.15366452;52;2;1;4;1;2;2;1;1;3;1;1;4;2;1;1;1;1;1;4;3;;;;;550000;;1;;;;;;;;;;2
20230312;03;2023;7384595;1;1;01;54;1;225.32582426;54;1;1;4;1;2;1;1;1;3;1;1;4;1;1;1;1;1;1;3;3;;;;;450000;;;;;;;;;1;;;2
20230312;03;2023;7384596;1;1;01;54;1;502.74602696;54;1;1;4;1;2;1;1;1;3;1;1;2;2;1;1;1;1;1;3;3;;;;;200000;;;;;;;;;1;;;2
20230312;03;2023;7384597;1;1;01;54;1;401.01064331;54;1;1;4;1;2;1;1;1;3;1;1;5;2;1;1;1;1;1;3;5;;;;400000;;;;;;;;;;1;;;2
20230312;03;2023;7384598;1;1;01;54;1;531.56634505;54;1;1;2;1;1;1;1;1;3;1;1;3;2;1;2;1;1;1;3;3;;;;;300000;;;;;;;;;1;;;5
20230312;03;2023;7384599;1;1;01;54;1;281.75252279;54;2;1;4;1;2;1;1;1;3;1;1;4;2;1;1;1;1;1;3;3;;;;;450000;;1;;;;1;;;;;;5
20230312;03;2023;7384600;1;1;01;54;1;582.44131664;54;1;1;4;1;2;1;1;1;3;1;1;3;2;1;1;1;1;1;3;5;;;;300000;;;1;;;;;;;;;;3
20230312;03;2023;7384601;1;1;01;54;1;588.79278296;54;1;1;4;1;1;1;1;1;3;1;1;4;2;1;1;1;1;1;3;1;;;40000000;300000;;;;;;;;;;1;;;3
20230312;03;2023;7384602;1;1;01;54;1;386.28788745;54;3;1;2;1;2;2;1;1;3;1;1;1;1;1;1;1;1;2;4;3;;;;;250000;;1;;;;;;;;;;2
20230312;03;2023;7384603;1;1;01;54;1;496.37470827;54;1;1;2;1;1;1;2;1;3;1;1;2;1;3;1;1;1;4;3;4;;;;250000;;;;;;;;;;1;;;2
20230312;03;2023;7384604;1;1;01;54;1;434.32786974;54;3;1;4;1;2;2;1;1;3;1;1;1;1;1;1;1;1;2;4;3;;;;;250000;;;;;;;;;1;;;2
20230312;03;2023;7384605;1;1;01;54;1;408.76616569;54;1;1;2;1;1;1;1;1;3;1;1;3;2;1;1;1;1;3;3;1;;;35000000;350000;;;1;;;;;;;;;;3
20230312;03;2023;7384606;1;1;01;54;1;191.92690083;54;1;3;4;1;2;1;1;1;3;1;1;2;1;1;1;1;1;1;3;1;;;85000000;400000;;;;;;;;;;1;;;1
20230312;03;2023;7384607;1;1;01;54;1;298.8194111;54;1;1;4;1;2;2;1;1;3;1;1;3;1;1;1;1;1;1;4;3;;;;;300000;;1;;;;;;;;;;3
20230312;03;2023;7384608;1;1;01;54;1;584.70626408;54;2;1;4;1;1;2;1;1;3;1;1;3;2;1;1;1;1;1;4;3;;;;;360000;;1;;;;;;;;;;4
20230312;03;2023;7384609;1;1;01;54;1;196.65816041;54;2;1;4;1;2;1;1;1;3;1;1;4;2;1;1;1;1;1;3;3;;;;;400000;;1;;;;;;;;;;4
20230312;03;2023;7384610;1;1;01;54;1;272.82253826;54;2;1;4;1;2;1;1;1;3;1;1;6;4;1;1;1;1;1;3;4;;;;500000;;;1;;;;1;;;;;;5
20230312;03;2023;7384611;1;1;01;54;1;623.00578337;54;1;1;2;1;1;1;2;1;3;1;1;2;1;2;1;1;1;1;3;3;;;;;200000;;;;;;;;;1;;;1
20230312;03;2023;7384612;1;1;01;54;1;261.66242902;54;1;1;4;1;2;2;1;1;3;1;1;3;1;1;1;1;1;1;4;4;;;;250000;;;;;;;;;;1;;;1
20230312;03;2023;7384613;1;1;01;54;1;266.38396242;54;2;1;4;1;2;2;1;1;3;1;1;2;1;1;1;1;1;1;4;3;;;;;340000;;1;;;;;;;;;;1
20230312;03;2023;7384614;1;1;01;54;1;176.07877323;54;2;1;4;1;2;1;1;1;3;1;1;4;3;1;1;1;1;1;3;3;;;;;500000;;1;;;1;;;;;;;3
20230312;03;2023;7384615;1;1;01;54;1;315.26837405;54;2;1;4;1;2;1;1;1;3;1;1;4;2;1;1;1;1;3;3;3;;;;;500000;;1;;;;;;;;;;3
20230312;03;2023;7384616;1;1;01;54;1;277.22555935;54;1;1;4;1;2;1;1;1;3;1;1;2;1;1;1;1;1;1;4;4;;;;500000;;;1;;;;;;;;;;1
20230312;03;2023;7384617;1;1;01;54;1;244.8195647;54;1;1;2;1;2;1;1;1;3;1;1;3;3;1;1;1;1;1;3;3;;;;;300000;;1;;;;;;;;;;8
20230312;03;2023;7384618;1;1;01;54;1;202.84259368;54;1;1;4;1;2;1;1;1;3;1;1;3;2;1;1;1;1;1;3;3;;;;;500000;;1;;;;;;;;;;5
20230312;03;2023;7384619;1;1;01;54;1;312.40977622;54;1;1;2;1;1;1;2;1;3;1;1;4;3;2;1;1;1;1;3;3;;;;;200000;;;;;;;;;1;;;8
20230312;03;2023;7384620;1;1;01;54;1;217.58310554;54;1;1;2;1;2;1;1;1;3;1;1;5;3;1;1;1;1;1;3;1;;;100000000;400000;;;1;;;;;;;;;;3
20230312;03;2023;7384621;1;1;01;54;1;352.00446264;54;1;1;4;1;2;1;1;1;3;1;1;2;1;1;1;1;1;1;3;4;;;;400000;;;;;;;;;;1;;;2
20230312;03;2023;7384622;1;1;01;54;1;489.95303574;54;1;1;2;1;1;1;2;1;3;1;1;4;2;2;1;1;1;1;3;5;;;;350000;;;;;;;;;;1;;;3
20230312;03;2023;7384623;1;1;01;54;1;336.71238174;54;1;1;4;1;2;1;1;1;3;1;1;4;2;1;1;1;1;1;3;1;;;150000000;500000;;;1;;;;;;;;;;3
20230312;03;2023;7384624;1;1;01;54;1;262.46705397;54;2;1;4;1;2;1;1;1;3;1;1;5;2;1;1;1;1;1;3;1;;;75000000;400000;;;1;;;;;;;;;;3
20230312;03;2023;7384625;1;1;01;54;1;438.34330335;54;1;1;4;1;2;1;1;1;3;1;1;3;2;1;1;1;1;3;3;1;;;300000000;700000;;;1;;;;;;;;;;5
20230312;03;2023;7384626;1;1;01;54;1;308.45827597;54;1;1;4;1;2;1;1;1;3;1;1;2;2;1;1;1;1;1;3;5;;;;350000;;;;;;;;;;1;;;4
20230312;03;2023;7384627;1;1;01;54;1;279.89339704;54;1;3;2;1;2;1;1;1;3;1;1;2;1;1;1;1;1;1;3;1;;;50000000;200000;;;;;;;;;;1;;;1
20230312;03;2023;7384628;1;1;01;54;1;246.29129917;54;1;1;4;1;2;1;1;1;3;1;1;2;1;1;1;1;1;1;3;3;;;;;480000;;1;;;;;;;;;;3
20230312;03;2023;7384629;1;1;01;54;1;277.22555935;54;1;1;2;1;2;1;1;1;3;1;1;2;1;1;1;1;1;1;3;4;;;;300000;;;;;;;;;;1;;;1
20230312;03;2023;7384630;1;1;01;54;1;545.26343044;54;2;1;4;1;2;1;1;1;3;1;1;4;1;1;1;1;1;1;3;3;;;;;350000;;1;;;;;;;;;;2
20230312;03;2023;7384631;1;1;01;54;1;424.80738561;54;2;1;4;1;2;2;1;1;3;1;1;2;1;1;1;1;1;6;;3;;;;;300000;;;;;;;;;1;;;1
20230312;03;2023;7384632;1;1;01;54;1;281.27471789;54;2;1;2;1;2;1;1;1;3;1;1;3;2;1;1;1;1;1;4;1;;;70000000;400000;;;;;;;;;;1;;;3
20230312;03;2023;7384633;1;1;01;54;1;418.17619919;54;1;1;4;1;2;1;1;1;3;1;1;3;2;1;1;1;1;1;3;1;;;200000000;500000;;;1;;;;;;;;;;2
20230312;03;2023;7384634;1;1;01;54;1;424.80738561;54;2;1;4;1;2;2;1;1;3;1;1;2;1;1;1;1;1;6;;3;;;;;300000;;;;;;;;;1;;;1
20230312;03;2023;7384635;1;1;01;54;1;491.34833565;54;2;1;4;1;2;1;1;1;3;1;1;4;2;1;1;1;1;1;3;3;;;;;400000;;1;;;;;1;;;;;3
20230312;03;2023;7384636;1;1;01;54;1;497.10200522;54;2;1;4;1;2;2;1;1;3;1;1;3;1;1;1;1;1;1;4;3;;;;;350000;;1;;;;;;;;;;2
20230312;03;2023;7384637;1;1;01;54;1;422.48592048;54;1;1;4;1;4;1;1;1;3;1;1;4;1;1;1;1;1;1;3;1;;;350000000;900000;;;1;;;;;;;;;;2
20230312;03;2023;7384638;1;1;01;54;1;332.53988986;54;2;1;4;1;2;2;1;1;3;1;1;3;2;1;1;1;1;3;4;3;;;;;350000;;1;;;;;;;;;;2
20230312;03;2023;7384639;1;1;01;54;1;384.34029034;54;1;1;4;1;4;1;1;1;3;1;1;6;2;1;1;1;1;1;3;1;;;400000000;1600000;;;1;;;;1;1;;;;;3
20230312;03;2023;7384640;1;1;01;54;1;289.4394611;54;1;1;4;1;4;1;1;1;3;1;1;5;3;1;1;1;1;1;3;1;;;360000000;1000000;;;1;1;;;;;;;;;4
20230312;03;2023;7384641;1;1;01;54;1;351.92221887;54;1;1;4;1;4;1;1;1;3;1;1;3;1;1;1;1;1;1;3;1;;;220000000;1000000;;;1;;;;;;;;;;2
20230312;03;2023;7384642;1;1;01;54;1;287.07334028;54;1;1;4;1;4;1;1;1;3;1;1;3;2;1;1;1;1;1;3;1;;;300000000;1200000;;;1;;;;;;;;;;3
20230312;03;2023;7384643;1;1;01;54;1;381.59104232;54;1;1;5;1;4;2;1;1;3;1;1;4;1;1;1;1;1;1;4;1;;;300000000;1000000;;;1;;;;;;;;;;1
20230312;03;2023;7384644;1;1;01;54;1;328.60016038;54;1;1;4;1;4;1;1;1;3;1;1;5;1;1;1;1;1;1;3;1;;;180000000;600000;;;1;;1;;;1;;;;;2
20230312;03;2023;7384645;1;1;01;54;1;945.71921661;54;1;1;4;1;3;1;1;1;3;1;1;4;1;1;1;1;1;1;3;6;;;;600000;;;;;;;;;;1;;;2
20230312;03;2023;7384646;1;1;01;54;1;1152.1720426;54;1;1;4;1;3;1;1;1;3;1;1;4;1;1;1;1;1;1;3;4;;;;300000;;;1;;;;;;;;;;1
20230310;03;2023;7384647;1;1;01;63;1;158.82173094;63;3;1;4;1;5;1;1;1;3;1;1;1;1;1;1;1;1;3;3;3;;;;;490000;;;;;;;;1;;;NEQUI;1
20230311;03;2023;7384648;1;1;01;63;1;172.48875075;63;1;1;4;1;4;1;1;1;3;1;1;5;3;1;1;1;1;1;3;1;;;99;1300000;;;1;;;;;1;;;;;4
20230311;03;2023;7384649;1;1;01;63;1;141.13271998;63;1;1;4;1;4;1;1;1;3;1;1;5;4;1;1;1;1;1;3;2;;900000;380000000;1200000;;;1;;1;;1;;;;;;4
20230311;03;2023;7384650;1;1;01;63;1;240.40020034;63;1;1;4;1;4;1;1;1;3;1;1;5;4;1;1;1;1;1;3;1;;;330000000;1300000;;;1;;;;;;;;;;5
20230311;03;2023;7384651;1;1;01;63;1;216.05936091;63;1;1;4;1;4;1;1;1;3;1;1;5;1;1;1;1;1;1;3;2;;400000;98;1600000;;;1;;1;;;1;;;;;2
20230311;03;2023;7384652;1;1;01;63;1;232.36578511;63;1;1;4;1;4;1;1;1;3;1;1;5;3;1;1;1;1;1;3;2;;1900000;350000000;2000000;;;1;;1;;1;1;;;;;4
20230311;03;2023;7384654;1;1;01;63;1;84.478082396;63;2;1;4;1;4;1;1;1;3;1;1;4;2;1;1;1;1;1;3;2;;980000;99;800000;;;1;;1;;;1;;;;;2
20230311;03;2023;7384655;1;1;01;63;1;147.7917679;63;2;1;4;1;4;1;1;1;3;1;1;4;2;1;1;1;1;1;3;3;;;;;750000;;1;;;;1;1;;;;;3
20230311;03;2023;7384656;1;1;01;63;1;115.63145491;63;2;1;4;1;4;1;1;1;3;1;1;4;1;1;1;1;1;1;3;3;;;;;961000;;1;;;;;;;;;;2
20230311;03;2023;7384657;1;1;01;63;1;109.567621;63;2;1;4;1;4;1;1;1;3;1;1;4;1;1;1;1;1;1;3;1;;;98;98;;;1;;;;;;;;;;1
20230311;03;2023;7384658;1;1;01;63;1;150.47269572;63;2;1;4;1;4;1;1;1;3;1;1;4;2;1;1;1;1;1;3;3;;;;;720000;;1;;;;;;;;;;3
20230311;03;2023;7384659;1;1;01;63;1;107.13818592;63;2;1;4;1;4;2;1;1;3;1;1;4;1;1;1;1;1;1;4;1;;;150000000;700000;;;1;;;;;;;;;;2
20230311;03;2023;7384661;1;1;01;63;1;88.746649893;63;2;1;4;1;3;1;1;1;3;1;1;3;1;1;1;1;1;1;3;3;;;;;500000;;1;;;;;;;;;;1
20230311;03;2023;7384662;1;1;01;63;1;92.444426972;63;2;1;4;1;2;1;1;1;3;1;1;4;1;1;1;1;1;1;3;1;;;98;500000;;;1;;;;;;;;;;1
20230311;03;2023;7384664;1;1;01;63;1;196.02734917;63;2;1;4;1;3;1;1;1;3;1;1;4;3;1;1;1;1;1;3;3;;;;;530000;;1;;;;;;;;;;3
20230311;03;2023;7384665;1;1;01;63;1;106.18446601;63;2;1;4;1;3;1;1;1;3;1;1;3;3;1;1;1;1;1;3;3;;;;;500000;;1;;;;;;;;;;3
20230311;03;2023;7384667;1;1;01;63;1;97.973905089;63;2;1;4;1;3;1;1;1;3;1;1;3;1;1;1;1;1;1;3;3;;;;;450000;;1;;;;;;;;;;1
20230311;03;2023;7384668;1;1;01;63;1;145.49630187;63;1;1;4;1;1;1;1;1;3;1;1;3;1;1;1;1;1;1;3;3;;;;;350000;;;;;;;;1;;;NEQUI;2
20230311;03;2023;7384670;1;1;01;63;1;172.42502526;63;1;1;4;1;1;1;1;1;3;1;1;3;2;1;1;1;1;1;3;2;;420000;99;550000;;;1;;;;;;;;;;4
20230311;03;2023;7384671;1;1;01;63;1;229.62405163;63;1;1;4;1;1;1;1;1;3;1;1;4;3;1;1;1;1;1;3;4;;;;400000;;;;;;;;;;1;;;4
20230311;03;2023;7384672;1;1;01;63;1;211.57721266;63;2;1;4;1;5;1;1;1;3;1;1;5;2;1;1;1;1;1;3;3;;;;;1650000;;1;;;;;;;;;;2
20230311;03;2023;7384673;1;1;01;63;1;250.19504676;63;2;1;4;1;5;1;1;1;3;1;1;5;1;1;1;1;1;1;3;4;;;;3000000;;;1;;;;1;;;;;;1
20230311;03;2023;7384674;1;1;01;63;1;132.54386521;63;1;1;4;1;2;1;1;1;3;1;1;5;2;1;1;1;1;1;3;2;;445000;150000000;600000;;;1;;1;;;;;;;;2
20230311;03;2023;7384675;1;1;01;63;1;181.79477027;63;2;1;4;1;5;1;1;1;3;1;1;5;3;1;1;1;1;1;3;1;;;400000000;1800000;;;1;;;;;1;;;;;3
20230311;03;2023;7384677;1;1;01;63;1;265.58984848;63;2;1;4;1;3;1;1;1;3;1;1;4;2;1;1;1;1;1;3;1;;;110000000;600000;;;1;;;;;;;;;;3
20230311;03;2023;7384679;1;1;01;63;1;96.634944222;63;2;1;4;1;3;1;1;1;3;1;1;4;2;1;1;1;1;1;3;3;;;;;500000;;1;;;;1;;;;;;2
20230311;03;2023;7384680;1;1;01;63;1;250.19504676;63;2;1;4;1;3;1;1;1;3;1;1;3;1;1;1;1;1;1;3;3;;;;;550000;;1;;;;1;1;;;;;1
20230311;03;2023;7384681;1;1;01;63;1;183.70107204;63;2;1;4;1;3;1;1;1;3;1;1;3;1;1;1;1;1;1;3;3;;;;;260000;;1;;;;;;;;;;1
20230311;03;2023;7384682;1;1;01;63;1;179.01350961;63;2;1;4;1;3;1;1;1;3;1;1;4;1;1;1;1;1;1;3;1;;;140000000;600000;;;1;;;;1;1;;;;;2
20230311;03;2023;7384683;1;1;01;63;1;174.79998805;63;2;1;4;1;3;1;1;1;3;1;1;4;2;1;1;1;1;1;3;2;;1200000;130000000;600000;;;1;;1;;;1;;;;;3
20230311;03;2023;7384685;1;1;01;63;1;128.22861373;63;2;1;4;1;3;1;1;1;3;1;1;4;2;1;1;1;1;1;3;3;;;;;400000;;1;;;;1;;1;;;DAVIPLATA;2
20230311;03;2023;7384687;1;1;01;63;1;219.74855641;63;2;1;4;1;2;1;1;1;3;1;1;3;2;1;1;1;1;1;3;2;;300000;110000000;450000;;1;;;1;;;;;;;;3
20230311;03;2023;7384689;1;1;01;63;1;222.39814959;63;2;1;4;1;1;1;1;1;3;1;1;3;2;1;1;1;1;1;3;3;;;;;400000;;1;;;;;;;;;;4
20230311;03;2023;7384690;1;1;01;63;1;148.79553469;63;2;1;1;1;1;1;1;1;1;1;1;3;1;1;1;1;1;1;3;4;;;;300000;;;1;;;;;;;;;;1
20230311;03;2023;7384691;1;1;01;63;1;216.24099146;63;2;1;4;1;3;1;1;1;3;1;1;3;2;1;1;1;1;1;3;3;;;;;450000;;1;;;;;;;;;;2
20230311;03;2023;7384692;1;1;01;63;1;214.60273972;63;1;1;4;1;2;1;1;1;3;1;1;4;3;1;1;1;1;1;3;3;;;;;500000;;1;;;;1;;;;;;4
20230311;03;2023;7384693;1;1;01;63;1;197.40563716;63;1;1;4;1;2;1;1;1;3;1;1;4;3;1;1;1;1;1;3;1;;;120000000;600000;;;1;;;;1;;;;;;4
20230311;03;2023;7384694;1;1;01;63;1;223.73379049;63;1;1;4;1;2;1;1;1;3;1;1;4;2;1;1;1;1;1;3;1;;;98;500000;;;1;;;;;;;;;;4
20230311;03;2023;7384695;1;1;01;63;1;145.49630187;63;1;1;4;1;2;1;1;1;3;1;1;4;1;1;1;1;1;1;3;4;;;;500000;;;1;;;;;;;;;;2
20230311;03;2023;7384697;1;1;01;63;1;202.5667028;63;2;1;4;1;3;1;1;1;3;1;1;3;2;1;1;1;1;2;3;6;;;;1000000;;;1;;;;;;;;;;3
20230311;03;2023;7384698;1;1;01;63;1;235.71296635;63;1;1;4;1;3;1;1;1;3;1;1;4;3;1;1;1;1;1;3;1;;;120000000;600000;;;1;;;;;;;;;;5
20230311;03;2023;7384699;1;1;01;63;1;162.18074359;63;2;1;4;1;3;1;1;1;3;1;1;4;2;1;1;1;1;1;3;3;;;;;800000;;1;;;;;;;;;;2
20230311;03;2023;7384703;1;1;01;63;1;269.10671102;63;2;1;4;1;3;1;1;1;3;1;1;4;3;1;1;1;1;1;3;1;;;80000000;400000;;;1;;;;;;;;;;4
20230311;03;2023;7384706;1;1;01;63;1;110.63750157;63;2;1;4;1;2;1;1;1;3;1;1;4;2;1;1;1;1;1;3;3;;;;;300000;;;;;;;;;1;;;3
20230311;03;2023;7384707;1;1;01;63;1;116.76893495;63;1;1;4;1;2;1;1;1;3;1;1;4;2;1;1;1;1;1;3;1;;;98;600000;;;1;;;;;;1;;;NEQUI;3
20230311;03;2023;7384708;1;1;01;63;1;113.03210481;63;2;1;4;1;1;2;1;1;3;1;1;2;1;1;1;1;1;1;4;3;;;;;450000;;1;;;;;;;;;;2
20230311;03;2023;7384709;1;1;01;63;1;141.91590352;63;2;1;4;1;1;1;1;1;3;1;1;4;3;1;1;1;1;1;3;3;;;;;600000;;1;;;;;;;;;;4
20230311;03;2023;7384710;1;1;01;63;1;114.45810361;63;2;1;4;1;1;2;1;1;3;1;1;2;1;1;1;1;1;1;4;3;;;;;350000;;1;;;;;;;;;;1
20230311;03;2023;7384711;1;1;01;63;1;114.45810361;63;2;1;4;1;1;1;1;1;3;1;1;1;1;1;1;1;1;1;3;3;;;;;300000;;;;;;;;;1;;;1
20230311;03;2023;7384712;1;1;01;63;1;148.93509827;63;2;1;4;1;1;1;1;1;3;1;1;4;2;1;1;1;1;1;3;3;;;;;600000;;1;;;;;;;;;;3
20230311;03;2023;7384713;1;1;01;63;1;114.45810361;63;2;1;4;1;1;1;1;1;3;1;1;1;1;1;1;1;1;2;3;3;;;;;350000;;;;;;;;;1;;;1
20230311;03;2023;7384714;1;1;01;63;1;68.63896148;63;2;1;4;1;1;1;1;1;3;1;1;3;3;1;1;1;1;1;3;3;;;;;450000;;1;;;;;;;;;;4
20230311;03;2023;7384715;1;1;01;63;1;186.0727496;63;2;1;4;1;1;1;1;1;3;1;1;3;2;1;1;1;1;1;3;3;;;;;600000;;1;;;;;;;;;;5
20230311;03;2023;7384716;1;1;01;63;1;165.71323042;63;2;1;4;1;4;1;1;1;7;1;1;3;2;1;1;1;1;1;3;3;;;;;750000;;;;;;;;;1;;;5
20230311;03;2023;7384717;1;1;01;63;1;155.7982225;63;2;1;4;1;4;1;1;1;7;1;1;5;4;1;1;1;1;1;3;3;;;;;770000;;1;;;;;;;;;;5
20230311;03;2023;7384719;1;1;01;63;1;151.33664079;63;2;1;4;1;4;1;1;1;7;1;1;5;3;1;1;1;1;1;3;3;;;;;750000;;1;;;;;;;;;;3
20230311;03;2023;7384720;1;1;01;63;1;190.62479753;63;2;1;4;1;2;1;1;1;3;1;1;3;1;1;1;1;1;2;3;1;;;90000000;450000;;;1;;;;;;;;;;1
20230311;03;2023;7384722;1;1;01;63;1;174.38347897;63;2;1;4;1;2;1;1;1;3;1;1;4;2;1;1;1;1;1;3;3;;;;;300000;;1;;;;;;;;;;2
20230311;03;2023;7384723;1;1;01;63;1;178.5443546;63;2;1;4;1;3;1;1;1;3;1;1;4;2;1;1;1;1;1;3;1;;;70000000;450000;;;1;;;;;;;;;;2
20230311;03;2023;7384724;1;1;01;63;1;126.78092842;63;2;1;4;1;2;1;1;1;3;1;1;3;1;1;1;1;1;1;3;3;;;;;350000;;1;;;;;;;;;;1
20230311;03;2023;7384726;1;1;01;63;1;122.59228917;63;2;1;4;1;3;1;1;1;7;1;1;4;1;1;1;1;1;1;3;6;;;;800000;;;1;;;;;;;;;;1
20230311;03;2023;7384727;1;1;01;63;1;133.43735827;63;2;1;4;1;4;1;1;1;7;1;1;4;1;1;1;1;1;1;3;3;;;;;350000;;1;;;;;;;;;;1
20230311;03;2023;7384728;1;1;01;63;1;154.8925022;63;2;1;4;1;4;1;1;1;7;1;1;4;2;1;1;1;1;1;3;1;;;98;700000;;;1;;;;;;;;;;3
20230311;03;2023;7384729;1;1;01;63;1;79.376348291;63;2;1;4;1;1;1;1;1;3;1;1;4;1;1;1;1;1;1;3;3;;;;;500000;;;;;;;;;1;;;2
20230311;03;2023;7384730;1;1;01;63;1;114.45810361;63;2;1;4;1;1;1;1;1;3;1;1;4;1;1;1;1;1;1;3;3;;;;;600000;;1;1;;;1;1;1;;;NEQUI DAVIPLATA;1
20230311;03;2023;7384731;1;1;01;63;1;70.060269828;63;2;1;4;1;1;1;1;1;3;1;1;3;2;1;1;1;1;1;3;3;;;;;600000;;1;;;;;1;1;;;NEQUI;2
20230311;03;2023;7384732;1;1;01;63;1;203.60465405;63;2;1;4;1;3;1;1;1;3;1;1;4;2;1;1;1;1;1;3;3;;;;;700000;;1;;;;;1;1;;;NEQUI;2
20230311;03;2023;7384733;1;1;01;63;1;175.61446461;63;1;1;4;1;2;1;1;1;3;1;1;4;3;1;1;1;1;3;3;1;;;99;600000;;;;;;;;;;1;;;3
20230311;03;2023;7384734;1;1;01;63;1;259.74221437;63;1;1;4;1;2;1;1;1;3;1;1;5;3;1;1;1;1;1;3;3;;;;;500000;;1;;;;;;;;;;5
20230311;03;2023;7384735;1;1;01;63;1;114.68849713;63;2;1;4;1;2;1;1;1;3;1;1;4;2;1;1;1;1;1;3;3;;;;;400000;;1;;;;;;1;;;NEQUI;3
20230312;03;2023;7384736;1;1;01;63;1;291.89422122;63;2;1;4;1;5;1;1;1;3;1;1;2;1;1;1;1;1;1;3;2;;1800000;99;99;;;1;;1;;1;1;;;;;1
20230312;03;2023;7384737;1;1;01;63;1;268.17063255;63;2;1;4;1;5;1;1;1;3;1;1;4;1;1;1;1;1;1;3;3;;;;;1100000;;1;;;;;;;;;;1
20230312;03;2023;7384739;1;1;01;63;1;62.399988206;63;2;1;4;1;1;1;1;1;3;1;1;3;1;1;1;1;1;1;3;1;;;98;250000;;;;;;;;;;1;;;1
20230312;03;2023;7384740;1;1;01;63;1;145.49630187;63;1;1;4;1;3;1;1;1;3;1;1;4;1;1;1;1;1;1;3;1;;;98;700000;;;1;;;;;;;;;;2
20230312;03;2023;7384741;1;1;01;63;1;81.841669802;63;1;1;4;1;1;1;1;1;3;1;1;5;1;1;1;1;1;1;3;1;;;300000000;350000;;;1;;;;1;1;;;;;2
20230312;03;2023;7384742;1;1;01;63;1;211.62288849;63;2;1;4;1;2;2;1;1;3;1;1;4;3;1;1;1;1;1;4;1;;;98;600000;;;;;;;;;;1;;;4
20230312;03;2023;7384743;1;1;01;63;1;110.93331237;63;2;1;2;1;1;1;1;1;3;1;1;3;1;1;1;1;1;1;3;4;;;;99;;;;;;;;;;1;;;1
20230312;03;2023;7384744;1;1;01;63;1;110.93331237;63;2;1;4;1;1;2;1;1;3;1;1;2;1;1;1;1;1;1;4;1;;;99;99;;;;;;;;;;1;;;1
20230312;03;2023;7384745;1;1;01;63;1;175.5998023;63;1;1;4;1;3;1;1;1;3;1;1;5;4;1;1;1;1;1;3;3;;;;;650000;;1;;;;;;;;;;8
20230312;03;2023;7384746;1;1;01;63;1;141.38012289;63;2;1;4;1;3;1;1;1;3;1;1;4;3;1;1;1;1;1;3;1;;;98;600000;;;1;;;;;;;;;;2
20230312;03;2023;7384747;1;1;01;63;1;98.60738877;63;2;1;4;1;3;1;1;1;3;1;1;3;1;1;1;1;1;1;3;3;;;;;400000;;1;;;;;;;;;;1
20230312;03;2023;7384748;1;1;01;63;1;172.10278023;63;1;1;4;1;3;1;1;1;3;1;1;4;2;1;1;1;1;1;3;1;;;98;600000;;;1;;;;;;;;;;3
20230312;03;2023;7384749;1;1;01;63;1;114.61384276;63;2;1;4;1;3;1;1;1;3;1;1;4;2;1;1;1;1;1;3;3;;;;;380000;;1;;;;;;;;;;2
20230312;03;2023;7384750;1;1;01;63;1;99.83998113;63;2;4;3;1;1;1;1;1;3;1;1;1;1;1;1;1;1;1;3;5;;;;400000;;;;;;;;;;1;;;1
20230312;03;2023;7384751;1;1;01;63;1;79.418166808;63;2;1;4;1;1;1;1;1;3;1;1;3;1;1;1;1;1;1;3;4;;;;99;;;;;;;;;;1;;;1
20230312;03;2023;7384752;1;1;01;63;1;148.3162925;63;2;1;4;1;1;1;1;1;3;1;1;2;1;1;1;1;1;1;3;3;;;;;450000;;;;;;;;;1;;;3
20230312;03;2023;7384753;1;1;01;63;1;99.887779509;63;2;1;4;1;1;1;1;1;3;1;1;2;1;1;1;1;1;1;3;3;;;;;300000;;;;;;;;;1;;;3
20230312;03;2023;7384754;1;1;01;63;1;99.83998113;63;1;1;4;1;2;1;1;1;3;1;1;4;1;1;1;1;1;1;3;1;;;98;600000;;;1;;;;;;;;;;1
20230312;03;2023;7384755;1;1;01;63;1;99.83998113;63;1;1;4;1;2;1;1;1;3;1;1;4;1;1;1;1;1;1;3;1;;;98;600000;;;;;;;;;;1;;;1
20230312;03;2023;7384756;1;1;01;63;1;153.52803652;63;1;1;4;1;2;1;1;1;3;1;1;4;2;1;1;1;1;1;3;1;;;130000000;550000;;;1;;;;1;1;;;;;2
20230312;03;2023;7384757;1;1;01;63;1;99.83998113;63;1;1;4;1;2;1;1;1;3;1;1;4;1;1;1;1;1;1;3;1;;;98;500000;;;;;;;;;;1;;;1
20230312;03;2023;7384758;1;1;01;63;1;61.357624193;63;1;1;4;1;3;1;1;1;3;1;1;4;3;1;1;1;1;1;3;4;;;;450000;;;1;;;;1;;;;;;3
20230312;03;2023;7384759;1;1;01;63;1;232.77378411;63;1;1;4;1;3;1;1;1;3;1;1;4;3;1;1;1;1;1;3;1;;;200000000;1000000;;;1;;;;;;;;;;4
20230312;03;2023;7384760;1;1;01;63;1;259.57798225;63;1;1;4;1;3;1;1;1;3;1;1;4;2;1;1;1;1;1;3;3;;;;;815000;;1;;;;;;;;;;3
20230312;03;2023;7384761;1;1;01;63;1;149.75997169;63;2;1;4;1;3;1;1;1;3;1;1;4;1;1;1;1;1;1;3;3;;;;;650000;;;;;;;;;1;;;1
20230312;03;2023;7384762;1;1;01;63;1;138.86783136;63;2;1;4;1;3;1;1;1;3;1;1;3;2;1;1;1;1;1;3;3;;;;;350000;;;;;;;;;1;;;2
20230312;03;2023;7384763;1;1;01;63;1;175.56829985;63;2;1;2;1;1;2;1;1;3;1;1;3;2;1;1;1;1;1;4;3;;;;;300000;;;;;;;;;1;;;5
20230312;03;2023;7384764;1;1;01;63;1;125.57320853;63;2;1;2;1;1;1;1;1;3;1;1;1;1;1;1;1;1;1;3;3;;;;;450000;;;;;;;;;1;;;3
20230312;03;2023;7384765;1;1;01;63;1;125.22931117;63;1;1;4;1;3;1;1;1;3;1;1;5;3;1;1;1;1;1;3;1;;;150000000;600000;;;1;;;;;;;;;;3
20230312;03;2023;7384766;1;1;01;63;1;166.68956745;63;2;1;4;1;3;1;1;1;3;1;1;4;2;1;1;1;1;1;3;4;;;;700000;;;1;;;;;;;;;;2
20230312;03;2023;7384767;1;1;01;63;1;100.84846579;63;2;1;4;1;3;1;1;1;3;1;1;3;1;1;1;1;1;1;3;1;;;150000000;500000;;;1;;;;;;;;;;1
20230312;03;2023;7384768;1;1;01;63;1;121.18855956;63;1;1;4;1;3;1;1;1;3;1;1;5;4;1;1;1;1;3;3;1;;;350000;1000000;;;1;;;;;;;;;;3
20230312;03;2023;7384769;1;1;01;63;1;71.314272235;63;1;1;4;1;3;1;1;1;3;1;1;4;1;1;1;1;1;1;3;1;;;98;500000;;;1;;;;;;;;;;1
20230312;03;2023;7384770;1;1;01;63;1;71.314272235;63;1;1;4;1;3;1;1;1;3;1;1;4;1;1;1;1;1;1;3;4;;;;500000;;;1;;;;;;;;;;1
20230312;03;2023;7384771;1;1;01;63;1;148.79553469;63;1;1;4;1;2;1;1;1;3;1;1;3;1;1;1;1;1;1;3;1;;;135000000;500000;;;1;;;;;;;;;;1
20230312;03;2023;7384772;1;1;01;66;1;199.86526773;66;1;1;4;1;3;1;1;1;3;1;1;4;3;1;1;1;1;1;3;4;;;;600000;;;1;;;;;;;;;;3
20230312;03;2023;7384773;1;1;01;66;1;81.365455654;66;1;1;2;1;1;1;1;1;3;1;1;2;1;1;1;1;1;1;3;1;;;30000000;300000;;;1;;;;;;;;;;3
20230312;03;2023;7384774;1;1;01;66;1;147.15978735;66;2;1;4;1;2;1;1;1;3;1;1;3;2;1;1;1;1;1;3;3;;;;;550000;;1;;;;;;;;;;4
20230312;03;2023;7384775;1;1;01;66;1;262.61874612;66;1;1;4;1;4;1;1;1;3;1;1;3;1;1;1;1;1;1;3;3;;;;;800000;;1;;;;;;;;;;2
20230312;03;2023;7384776;1;1;01;66;1;90.781063074;66;2;1;4;1;3;1;1;1;3;1;1;1;1;1;2;1;1;1;3;3;;;;;370000;;1;;;;;;;;;;1
20230312;03;2023;7384777;1;1;01;66;1;88.027135506;66;1;1;4;1;1;1;1;1;3;1;1;1;1;1;1;1;1;1;3;1;;;45000000;300000;;;1;;;;;;;;;;2
20230312;03;2023;7384778;1;1;01;66;1;155.62592363;66;2;1;4;1;4;1;1;1;3;1;1;4;1;1;1;1;1;3;3;1;;;98;900000000;;;1;;;;;;;;;;2
20230312;03;2023;7384779;1;1;01;66;1;165.98553656;66;2;1;4;1;3;1;1;1;3;1;1;5;3;1;1;1;1;1;3;4;;;;1000000;;;1;;;;1;;;;;;3
20230312;03;2023;7384780;1;1;01;66;1;154.9926322;66;1;1;4;1;1;1;1;1;3;1;1;3;2;1;1;1;1;1;3;3;;;;;350000;;1;;;;;;;;;;3
20230312;03;2023;7384781;1;1;01;66;1;212.94164731;66;1;1;4;1;4;1;1;1;3;1;1;3;2;1;1;1;1;1;3;1;;;180000000;1000000;;;1;;;;;;;;;;2
20230312;03;2023;7384782;1;1;01;66;1;115.49538341;66;3;1;4;1;3;1;1;1;3;1;1;1;1;1;1;1;1;1;3;3;;;;;380000;;1;;;;;;;;;;1
20230312;03;2023;7384783;1;1;01;66;1;212.77213835;66;1;1;4;1;2;2;1;1;3;1;1;5;2;1;1;1;1;1;4;1;;;200000000;600000;;;1;;;;;;;;;;3
20230312;03;2023;7384784;1;1;01;66;1;195.45980049;66;2;1;4;1;4;1;1;1;3;1;1;3;1;1;1;1;1;1;3;1;;;98;800000;;;;;;;;;;1;;;1
20230312;03;2023;7384785;1;1;01;66;1;133.1139295;66;1;1;2;1;1;1;1;1;3;1;1;2;2;1;1;1;1;1;3;1;;;45000000;300000;;;1;;;;;;;;;;3
20230312;03;2023;7384786;1;1;01;66;1;125.05654577;66;1;1;4;1;1;1;1;1;3;1;1;3;1;1;1;1;1;1;3;1;;;35000000;280000;;;1;;;;;;;;;;2
20230312;03;2023;7384787;1;1;01;66;1;178.73186077;66;2;1;4;1;4;1;1;1;3;1;1;2;1;1;1;1;1;1;3;3;;;;;850000;;1;;;;;;;;;;1
20230312;03;2023;7384788;1;1;01;66;1;321.75903255;66;1;1;4;1;2;1;1;1;3;1;1;4;3;1;1;1;1;1;3;1;;;220000000;700000;;;1;;;;;;;;;;6
20230312;03;2023;7384789;1;1;01;66;1;160.87226378;66;2;1;4;1;2;1;1;1;3;1;1;2;1;1;1;1;1;1;3;3;;;;;520000;;1;;;;;;;;;;1
20230312;03;2023;7384790;1;1;01;66;1;179.24381087;66;1;1;4;1;4;1;1;1;3;1;1;4;2;1;1;1;1;1;3;1;;;99;800000;;;;;;;;;;1;;;2
20230312;03;2023;7384791;1;1;01;66;1;174.72498309;66;1;1;4;1;1;1;1;1;3;1;1;2;2;1;1;1;1;1;3;4;;;;350000;;;;;;;;;;1;;;4
20230312;03;2023;7384792;1;1;01;66;1;118.46048514;66;1;1;4;1;4;1;1;1;3;1;1;5;1;1;1;1;1;1;3;4;;;;1000000;;;1;;;;;;;;;;1
20230312;03;2023;7384793;1;1;01;66;1;137.87634565;66;1;1;4;1;1;1;1;1;3;1;1;3;2;1;1;1;1;1;3;4;;;;500000;;;1;;;;;;;;;;3
20230312;03;2023;7384794;1;1;01;66;1;256.6713161;66;2;1;4;1;4;1;1;1;3;1;1;4;3;1;1;1;1;1;3;3;;;;;760000;;1;;;;;;;;;;4
20230312;03;2023;7384795;1;1;01;66;1;232.7957373;66;2;1;4;1;4;1;1;1;3;1;1;3;2;1;1;1;1;1;3;3;;;;;687000;;1;;;;;;;;;;4
20230312;03;2023;7384796;1;1;01;66;1;108.31612719;66;1;1;4;1;1;1;1;1;3;1;1;4;3;1;1;1;1;1;3;1;;;65000000;320000;;;1;;;;;;;;;;4
20230312;03;2023;7384797;1;1;01;66;1;120.07405846;66;2;1;4;1;2;1;1;1;3;1;1;4;3;1;1;1;1;1;3;1;;;300000000;600000;;;1;;;;;;;;;;3
20230312;03;2023;7384798;1;1;01;66;1;206.97879327;66;1;1;4;1;4;1;1;1;3;1;1;2;2;1;1;1;1;1;3;3;;;;;570000;;;;;;;;;1;;;2
20230312;03;2023;7384799;1;1;01;66;1;177.82619377;66;2;1;4;1;2;1;1;1;3;1;1;3;1;1;1;1;1;1;3;3;;;;;520000;;;;;;;;;1;;;2
20230312;03;2023;7384800;1;1;01;66;1;140.06333127;66;1;1;4;1;1;1;1;1;3;1;1;3;1;1;1;1;1;1;3;1;;;94000000;420000;;;1;;;;;;;;;;2
20230312;03;2023;7384801;1;1;01;66;1;159.61978983;66;1;1;4;1;3;1;1;1;3;1;1;4;2;1;1;1;1;1;3;3;;;;;800000;;1;;;;;;;;;;3
20230312;03;2023;7384802;1;1;01;66;1;273.46429734;66;1;1;4;1;4;1;1;1;3;1;1;5;4;1;1;1;1;1;3;1;;;220000000;900000;;;1;;;;;;;;;;5
20230312;03;2023;7384803;1;1;01;66;1;251.02990646;66;1;1;4;1;6;1;2;1;3;1;1;4;3;2;1;1;1;3;3;3;;;;;5600000;1;1;;1;;1;1;;;;;4
20230312;03;2023;7384804;1;1;01;66;1;185.31694628;66;1;1;4;1;1;1;1;1;3;1;1;2;2;1;1;1;1;1;3;1;;;65000000;350000;;;;;;;;;;1;;;4
20230312;03;2023;7384805;1;1;01;66;1;304.9323137;66;1;1;4;1;6;1;1;1;3;1;1;5;2;1;1;1;1;1;3;2;;2300000;1800000000;8000000;;;1;;1;1;;;;;;;3
20230312;03;2023;7384806;1;1;01;66;1;130.54509898;66;2;1;4;1;4;1;1;1;3;1;1;3;2;1;1;1;1;1;3;3;;;;;800000;;1;;;;;;;;;;3
20230312;03;2023;7384807;1;1;01;66;1;165.75091944;66;1;1;4;1;6;1;2;1;3;1;1;8;3;2;1;1;1;3;3;3;;;;;6700000;1;1;;;1;;1;;;;;3
20230312;03;2023;7384808;1;1;01;66;1;195.45980049;66;1;1;4;1;4;1;1;1;3;1;1;3;1;1;1;1;1;1;3;4;;;;800000;;;;;;;;;;1;;;1
20230312;03;2023;7384809;1;1;01;66;1;150.60353972;66;1;1;2;1;1;1;1;1;3;1;1;2;1;1;1;1;1;2;3;3;;;;;250000;;1;;;;;;;;;;4
20230312;03;2023;7384810;1;1;01;66;1;145.73951088;66;1;1;4;1;1;1;1;1;3;1;1;2;2;1;1;1;1;1;3;3;;;;;500000;;1;;;;;;;;;;3
20230312;03;2023;7384812;1;1;01;;1;325.89203002;68;1;1;4;1;2;1;1;1;3;1;1;3;1;1;1;1;1;1;3;1;;;98;420000;;;1;;;;;;;;;;4
20230312;03;2023;7384813;1;1;01;;1;613.33989285;68;1;1;2;1;2;1;1;1;3;1;1;3;1;1;1;1;1;1;3;3;;;;;200000;;;;;;;;;1;;;4
20230312;03;2023;7384814;1;1;01;;1;204.20072626;68;1;1;2;1;2;1;1;1;3;1;1;3;1;1;1;1;1;1;3;3;;;;;350000;;;;;;;;;1;;;2
20230312;03;2023;7384815;1;1;01;;1;392.40519865;68;1;1;4;1;2;1;1;1;3;1;1;3;1;1;1;1;1;1;3;3;;;;;320000;;;;;;;;;1;;;3
20230312;03;2023;7384816;1;1;01;;1;338.95997557;68;1;1;4;1;3;1;1;1;3;1;1;4;2;1;1;1;1;1;3;1;;;98;500000;;;1;;;;;;;;;;2
20230312;03;2023;7384817;1;1;01;;1;336.73205719;68;2;1;4;1;3;1;1;1;3;1;1;4;2;1;1;1;1;1;3;3;;;;;800000;;1;;;;;;;;;;3
20230312;03;2023;7384818;1;1;01;;1;344.84936473;68;1;1;4;1;3;1;1;1;3;1;1;5;1;1;1;1;1;1;3;1;;;98;700000;;;1;;;;;;;;;;1
20230312;03;2023;7384819;1;1;01;68;1;269.9222557;68;1;1;4;1;2;1;1;1;3;1;1;4;3;1;1;1;1;1;3;1;;;120000000;900000;;;;;;;1;;;;;;4
20230312;03;2023;7384820;1;1;01;68;1;250.86051252;68;2;1;4;1;2;1;1;1;3;1;1;3;1;1;1;1;1;3;3;4;;;;600000;;;;;;;;;;1;;;1
20230312;03;2023;7384821;1;1;01;68;1;212.57563423;68;1;1;4;1;2;1;1;1;3;1;1;6;5;1;1;1;1;1;3;4;;;;600000;;;;;;;;;;1;;;5
20230312;03;2023;7384822;1;1;01;68;1;323.1886963;68;1;1;4;1;2;1;1;1;3;1;1;4;3;1;1;1;1;1;3;3;;;;;850000;;1;;;;;;;;;;3
20230312;03;2023;7384823;1;1;01;68;1;434.16620028;68;1;1;4;1;1;1;1;1;3;1;1;3;2;1;1;1;1;1;3;1;;;40000000;400000;;1;;;;;;;;;;;7
20230312;03;2023;7384824;1;1;01;68;1;320.2488771;68;1;1;4;1;1;2;2;1;3;1;1;4;1;3;1;1;1;1;4;3;;;;;450000;;;;;;;;;1;;;6
20230312;03;2023;7384825;1;1;01;68;1;735.19003389;68;1;1;2;1;1;2;1;1;3;1;1;2;1;1;1;1;1;1;4;1;;;36000000;400000;;;1;;;;;;;;;;4
20230312;03;2023;7384826;1;1;01;68;1;865.7936248;68;1;1;2;1;1;1;1;1;3;1;2;3;1;1;1;1;1;3;3;3;;;;;160000;;1;;;;;;;;;;4
20230312;03;2023;7384826;2;2;01;68;1;865.7936248;68;1;1;2;1;1;1;1;1;3;1;2;2;2;1;1;1;1;3;3;6;;;;450000;;;1;;;;;;;;;;5
20230312;03;2023;7384827;1;1;01;68;1;295.17128745;68;2;1;4;1;1;2;2;1;3;1;1;3;1;3;1;1;1;1;4;3;;;;;400000;;;;;;;;1;;;NEQUI;2
20230312;03;2023;7384828;1;1;01;68;1;479.01470938;68;1;1;4;1;1;1;1;1;3;1;1;3;2;1;1;1;1;1;3;1;;;90000000;400000;;;1;;;;;;;;;;5
20230312;03;2023;7384829;1;1;01;68;1;269.92464047;68;2;1;4;1;1;2;2;1;3;1;1;3;2;3;1;1;1;1;4;3;;;;;300000;;;;;;;;;1;;;3
20230312;03;2023;7384830;1;1;01;68;1;390.87051904;68;1;1;4;1;1;2;2;1;3;1;1;3;2;3;1;1;1;1;4;3;;;;;300000;;1;;;;;;;;;;4
20230312;03;2023;7384831;1;1;01;68;1;320.16814176;68;2;1;2;1;1;2;2;1;3;1;1;3;2;3;1;1;1;1;4;3;;;;;300000;;1;;;;;;;;;;3
20230312;03;2023;7384832;1;1;01;68;1;440.52566686;68;2;1;4;1;2;1;1;1;3;1;1;4;3;1;1;1;1;1;3;2;;1300000;99;900000;;;1;;1;;;;;;;;5
20230312;03;2023;7384833;1;1;01;68;1;506.92753275;68;1;1;4;1;1;1;1;1;3;1;1;3;2;1;1;1;1;3;3;6;;;;500000;;;1;;;;;;;;;;4
20230312;03;2023;7384834;1;1;01;68;1;553.58028626;68;1;1;2;1;1;1;1;1;3;1;1;3;1;1;1;1;1;1;3;1;;;40000000;300000;;;1;;;;;;;;;;1
20230312;03;2023;7384835;1;1;01;68;1;735.78948709;68;1;1;4;1;1;1;1;1;3;1;1;3;2;1;1;1;1;1;3;3;;;;;400000;;1;;;;;;;;;;5
20230312;03;2023;7384836;1;1;01;68;1;332.14817176;68;2;1;4;1;6;1;1;1;6;1;1;3;1;1;1;1;1;1;3;1;;;98;98;;;1;;;;;;;;;;1
20230312;03;2023;7384837;1;1;01;68;1;332.14817176;68;2;1;4;1;6;1;1;1;6;1;1;4;1;1;1;1;1;1;3;1;;;99;99;;;1;;;;;1;;;;;1
20230312;03;2023;7384838;1;1;01;68;1;332.14817176;68;2;1;4;1;6;1;1;1;6;1;1;3;1;1;1;1;1;1;3;1;;;350000000;1200000;;;1;;;;;;;;;;1
20230312;03;2023;7384839;1;1;01;68;1;334.06880074;68;2;1;4;1;4;1;1;1;3;1;1;4;1;1;1;1;1;1;3;3;;;;;1000000;;1;;;;;1;;;;;2
20230312;03;2023;7384840;1;1;01;68;1;439.76883452;68;2;1;4;1;3;1;1;1;3;1;1;4;3;1;1;1;1;1;3;3;;;;;900000;;1;;;;;;;;;;3
20230312;03;2023;7384841;1;1;01;68;1;382.24495876;68;2;1;4;1;6;1;1;1;6;1;1;4;3;1;1;1;1;1;3;1;;;99;99;;;1;;;;;;;;;;3
20230312;03;2023;7384842;1;1;01;68;1;217.44950689;68;2;1;4;1;4;1;1;1;3;1;1;2;1;1;1;1;1;1;3;3;;;;;950000;;1;;;;;1;;;;;1
20230312;03;2023;7384843;1;1;01;68;1;334.06880074;68;2;1;4;1;4;1;1;1;3;1;1;4;1;1;1;1;1;1;3;3;;;;;965000;1;1;;;;;1;;;;;2
20230312;03;2023;7384844;1;1;01;68;1;404.86562573;68;2;1;4;1;6;1;1;1;6;1;1;3;2;1;1;1;1;1;3;1;;;300000000;1500000;;;1;;;;;;;;;;2
20230312;03;2023;7384845;1;1;01;68;1;295.17128745;68;1;1;4;1;6;1;1;1;6;1;1;8;2;1;1;1;1;1;3;1;;;80000000;3000000;;;1;;;;;;;;;;2
20230312;03;2023;7384846;1;1;01;68;1;276.79014313;68;2;1;4;1;4;1;1;1;3;1;1;3;1;1;1;1;1;1;3;4;;;;1000000;;;1;;;;;;;;;;1
20230312;03;2023;7384847;1;1;01;68;1;384.34903281;68;2;1;4;1;4;1;1;1;3;1;1;4;2;1;1;1;1;1;3;3;;;;;1500000;;1;;;;;;;;;;3
20230312;03;2023;7384848;1;1;01;68;1;276.79014313;68;2;1;4;1;4;1;1;1;3;1;1;3;1;1;1;1;1;1;3;2;;1000000;250000000;1000000;;;1;;1;;;;;;;;1
20230312;03;2023;7384849;1;1;01;68;1;261.99667593;68;2;1;4;1;4;1;1;1;3;1;1;3;3;1;1;1;1;1;3;1;;;300000000;1300000;;;1;;;;;;;;;;3
20230312;03;2023;7384850;1;1;01;68;1;240.4685355;68;2;1;4;1;4;1;1;1;3;1;1;2;1;1;1;1;1;1;3;3;;;;;800000;;1;;;;;;;;;;2
20230312;03;2023;7384851;1;1;01;68;1;445.42506766;68;2;1;4;1;3;1;1;1;3;1;1;3;1;1;1;1;1;1;3;3;;;;;750000;;1;;;;;;;;;;2
20230312;03;2023;7384852;1;1;01;68;1;330.26091895;68;2;1;4;1;4;1;1;1;3;1;1;4;3;1;1;1;1;1;3;1;;;180000000;1200000;;;1;;;;;;;;;;4
20230312;03;2023;7384853;1;1;01;68;1;339.4535883;68;2;1;4;1;4;1;1;1;3;1;1;3;2;1;1;1;1;1;3;3;;;;;1200000;;1;;;;;;;;;;2
20230312;03;2023;7384854;1;1;01;68;1;245.28583446;68;2;1;4;1;4;1;1;1;3;1;1;2;1;1;1;1;1;1;3;3;;;;;650000;;;;;;;;;1;;;1
20230312;03;2023;7384855;1;1;01;68;1;327.96809716;68;2;1;4;1;3;1;1;1;3;1;1;3;1;1;1;1;1;3;3;1;;;300000000;900000;;;1;;;;;;;;;;2
20230312;03;2023;7384856;1;1;01;68;1;384.43418672;68;2;1;4;1;4;1;1;1;3;1;1;3;1;1;1;1;1;1;3;3;;;;;680000;;1;;;;;1;;;;;3
20230312;03;2023;7384857;1;1;01;68;1;322.79412178;68;2;1;4;1;4;1;1;1;3;1;1;4;2;1;1;1;1;1;3;1;;;2800000000;1200000;;;1;;;;;;;;;;3
20230312;03;2023;7384858;1;1;01;68;1;302.70780659;68;2;1;4;1;4;1;1;1;3;1;1;2;1;1;1;1;1;1;3;3;;;;;650000;;1;;;;1;1;;;;;1
20230312;03;2023;7384859;1;1;01;68;1;459.83428659;68;2;1;4;1;3;1;1;1;3;1;1;4;3;1;1;1;1;1;3;3;;;;;700000;;1;;;;;;;;;;4
20230312;03;2023;7384860;1;1;01;68;1;414.73302951;68;2;1;4;1;3;1;1;1;3;1;1;3;1;1;1;1;1;3;3;3;;;;;820000;;1;;;;;;;;;;1
20230312;03;2023;7384861;1;1;01;68;1;223.63142959;68;1;1;4;1;4;1;1;1;3;1;1;4;3;1;1;1;1;1;3;1;;;99;1500000;;;1;;;;;;;;;;3
20230312;03;2023;7384862;1;1;01;68;1;406.29436106;68;2;1;4;1;4;1;1;1;3;1;1;5;2;1;1;1;1;1;3;1;;;168000000;1800000;;;1;;;;;;;;;;3
20230312;03;2023;7384863;1;1;01;68;1;364.03506471;68;2;1;4;1;4;1;1;1;3;1;1;5;3;1;1;1;1;1;3;1;;;99;99;;;;;;;;;;1;;;4
20230312;03;2023;7384864;1;1;01;68;1;332.14817176;68;3;1;4;1;3;1;1;1;3;1;1;1;1;1;1;1;1;3;3;3;;;;;300000;;;;;;;;;1;;;1
20230312;03;2023;7384865;1;1;01;68;1;1542.7397911;68;1;8;1;1;1;2;1;1;3;1;1;1;1;1;1;1;1;4;4;4;;;;100000;;;;;;;;;;1;;;2
20230312;03;2023;7384866;1;1;01;70;1;114.2338264;70;1;1;4;1;2;1;1;1;3;1;1;3;2;1;1;1;1;1;3;2;;300000;650000000;400000;;;1;;;;;;;;;;4
20230312;03;2023;7384867;1;1;01;70;1;146.40035077;70;1;1;2;1;2;1;1;1;3;1;1;3;2;1;1;1;1;1;3;3;;;;;250000;;1;;;;;;;;;;4
20230312;03;2023;7384868;1;1;01;70;1;108.6183839;70;1;1;4;1;2;1;1;1;3;1;1;3;2;1;1;1;1;1;3;6;;;;400000;;;1;;;;;;;;;;3
20230312;03;2023;7384869;1;1;01;70;1;135.13401696;70;1;1;2;1;1;1;1;1;3;1;1;3;2;1;1;1;1;3;3;4;;;;300000;;;;;;;;;;1;;;5
20230312;03;2023;7384870;1;1;01;70;1;126.89662379;70;1;1;2;1;1;1;1;1;3;1;1;3;2;1;1;1;1;1;3;1;;;60000000;300000;;;;;;;;;;1;;;3
20230312;03;2023;7384871;1;1;01;70;1;162.96324197;70;2;1;1;1;1;1;1;1;3;1;1;2;1;1;1;1;1;1;3;4;;;;150000;;;1;;;;;;;;;;3
20230312;03;2023;7384872;1;1;01;70;1;138.28978518;70;1;5;1;1;1;1;1;1;3;1;1;2;1;1;1;1;1;5;3;4;;;;200000;;;;;;;;;;1;;;3
20230312;03;2023;7384873;1;1;01;70;1;123.24572861;70;1;1;2;1;2;1;1;1;3;1;1;3;2;1;1;1;1;1;3;1;;;60000000;300000;;;;;;;;;;1;;;4
20230312;03;2023;7384874;1;1;01;70;1;190.42865964;70;1;1;1;1;1;1;1;1;3;1;1;3;2;1;1;1;1;1;3;6;;;;200000;;;;;;;;;;1;;;7
20230312;03;2023;7384875;1;1;01;70;1;200.02837564;70;1;1;4;1;1;1;1;1;3;1;1;4;2;1;1;1;1;1;3;3;;;;;500000;;1;;;;;;;;;;2
20230312;03;2023;7384876;1;1;01;70;1;141.94043686;70;1;1;2;1;1;1;1;1;3;1;1;3;2;1;1;1;1;1;3;3;;;;;200000;;1;;;;;;;;;;5
20230312;03;2023;7384877;1;1;01;70;1;137.09924298;70;1;1;2;1;1;1;1;1;3;1;1;3;1;1;1;1;1;1;3;5;;;;200000;;;;;;;;;;1;;;2
20230312;03;2023;7384878;1;1;01;70;1;127.76975923;70;2;1;2;1;2;1;1;1;3;1;1;3;2;1;1;1;1;1;3;3;;;;;300000;;1;;;;;;;;;;4
20230312;03;2023;7384879;1;1;01;70;1;122.59236559;70;1;1;4;1;2;1;1;1;3;1;1;4;3;1;1;1;1;1;3;6;;;;400000;;;1;;;;;;;;;;5
20230312;03;2023;7384880;1;1;01;73;1;337.08191458;73;2;1;4;1;3;1;1;1;3;1;1;4;3;1;1;1;1;1;3;3;;;;;1250000;;;;;;;;;1;;;2
20230312;03;2023;7384881;1;1;01;73;1;235.51750993;73;2;1;4;1;3;1;1;1;3;1;1;4;3;1;1;1;1;1;3;3;;;;;935000;;1;;;;;;;;;;4
20230312;03;2023;7384882;1;1;01;73;1;228.03905114;73;1;1;4;1;3;1;1;1;3;1;1;4;3;1;1;1;1;1;3;1;;;99;99;;;1;;;;;1;;;;;4
20230312;03;2023;7384883;1;1;01;73;1;304.65909282;73;2;1;4;1;3;1;1;1;3;1;1;2;1;1;1;1;1;1;3;3;;;;;950000;;1;;;;;;;;;;2
20230312;03;2023;7384884;1;1;01;73;1;279.3723242;73;1;1;4;1;3;1;1;1;3;1;1;5;3;1;1;1;1;1;3;1;;;98;1000000;;;1;;;;;;;;;;3
20230312;03;2023;7384885;1;1;01;73;1;272.2162633;73;1;1;4;1;3;1;1;1;3;1;1;3;1;1;1;1;1;1;3;4;;;;700000;;;1;;;;;;;;;;1
20230312;03;2023;7384886;1;1;01;73;1;332.70876626;73;2;1;4;1;4;1;1;1;3;1;1;4;1;1;1;1;1;1;3;1;;;220000000;1000000;;;1;;;;;;;;;;1
20230312;03;2023;7384887;1;1;01;73;1;192.78352082;73;1;1;4;1;1;1;1;1;3;1;1;3;2;1;1;1;1;1;3;2;;483000;98;450000;;;;;1;;;;;;;;3
20230312;03;2023;7384888;1;1;01;73;1;160.67153429;73;2;1;4;1;2;1;1;1;3;1;1;3;2;1;1;1;1;1;3;3;;;;;450000;;1;;;;;;;;;;4
20230312;03;2023;7384889;1;1;01;73;1;174.23407978;73;2;1;4;1;1;1;1;1;3;1;1;3;2;1;1;1;1;1;3;3;;;;;550000;;;;;;;;;1;;;3
20230312;03;2023;7384890;1;1;01;73;1;293.71909983;73;2;1;4;1;1;1;1;1;3;1;1;5;2;1;1;1;1;1;3;6;;;;450000;;;1;;;;;;;;;;1
20230312;03;2023;7384891;1;1;01;73;1;325.09727258;73;2;1;4;1;1;1;1;1;3;1;1;6;2;1;1;1;1;1;3;5;;;;99;;;1;;;;;;;;;;2
20230312;03;2023;7384893;1;1;01;;1;1054.799383;76;1;5;3;1;1;2;2;2;;2;1;2;1;5;1;2;2;3;4;1;;;98;98;;;;;;;;;;1;;;5
20230312;03;2023;7384894;1;1;01;;1;950.71885853;76;1;5;3;1;1;2;2;2;;2;1;5;3;3;1;4;2;1;4;1;;;99;100000;;;;;;;;;;1;;;5
20230312;03;2023;7384895;1;1;01;;1;923.85306568;76;1;2;3;1;1;2;2;2;;2;1;4;2;5;1;5;2;1;4;3;;;;;200000;;;;;;;;;1;;;4
20230312;03;2023;7384896;1;1;01;;1;514.66736002;76;1;2;4;1;1;2;2;1;3;2;1;3;2;5;1;2;2;3;4;1;;;98;100000;;;;;;;;;;1;;;3
20230312;03;2023;7384897;1;1;01;;1;308.48372433;76;1;5;3;1;1;2;2;2;;2;1;4;2;3;1;3;2;1;4;4;;;;200000;;;;;;;;;;1;;;3
20230312;03;2023;7384898;1;1;01;;1;473.0083773;76;1;5;3;1;1;2;2;1;3;2;1;3;2;5;1;2;2;3;4;4;;;;100000;;;;;;;;;;1;;;3
20230312;03;2023;7384899;1;1;01;;1;769.68921096;76;1;5;3;1;1;2;2;2;;2;1;3;2;3;1;3;2;1;4;4;;;;250000;;;;;;;;;;1;;;5
20230312;03;2023;7384900;1;1;01;;1;841.71818578;76;1;1;4;1;1;1;2;1;3;1;1;4;2;3;1;1;1;1;3;5;;;;350000;;;;;;;;;;1;;;3
20230312;03;2023;7384901;1;1;01;;1;490.63658725;76;1;5;3;1;1;2;2;1;3;1;1;3;2;3;1;1;1;1;4;1;;;98;100000;;;;;;;;;;1;;;4
20230312;03;2023;7384902;1;1;01;;1;1267.6354611;76;1;2;6;1;1;1;2;1;3;1;1;3;2;3;1;1;1;1;3;5;;;;200000;;;;;;;;;;1;;;4
20230312;03;2023;7384903;1;1;01;76;1;1499.0659567;76;2;1;4;1;3;1;1;1;3;1;1;4;1;1;1;1;1;1;3;1;;;98;900000;;;1;;;;;1;;;;;1
20230312;03;2023;7384905;1;1;01;76;1;849.90395555;76;1;1;4;1;2;1;1;1;3;1;1;3;2;1;1;1;1;1;3;1;;;400000000;1200000;;;1;;;;;;;;;;2
20230312;03;2023;7384906;1;1;01;76;1;705.48061708;76;2;1;4;1;2;1;1;1;3;1;1;4;1;1;1;1;1;1;3;3;;;;;900000;;1;;;;;;;;;;2
20230312;03;2023;7384907;1;1;01;76;1;841.75750459;76;2;1;4;1;2;1;1;1;3;1;1;2;1;1;1;1;1;6;;3;;;;;700000;;;;;;;;;1;;;1
20230312;03;2023;7384908;1;1;01;76;1;911.41683903;76;1;1;4;1;3;1;1;1;3;1;1;4;2;1;1;1;1;1;3;1;;;98;700000;;;1;;;;;;;;;;2
20230312;03;2023;7384909;1;1;01;76;1;1499.0659567;76;2;1;4;1;3;1;1;1;3;1;1;4;1;1;1;1;1;1;3;1;;;98;800000;;;1;;;;;;;;;;1
20230312;03;2023;7384910;1;1;01;76;1;1518.4756784;76;2;1;4;1;3;1;1;1;3;1;1;4;2;1;1;1;1;1;3;1;;;1800000;900000;;;1;;;;;;;;;;3
20230312;03;2023;7384911;1;1;01;76;1;1261.9178754;76;2;1;4;1;4;1;1;1;3;1;1;4;3;1;1;1;1;1;3;1;;;170000000;800000;;;1;;;;;;;;;;4
20230312;03;2023;7384912;1;1;01;76;1;451.5976779;76;2;1;4;1;4;1;1;1;3;1;1;3;1;1;1;1;1;6;;3;;;;;800000;;1;;;;;;;;;;1
20230312;03;2023;7384913;1;1;01;76;1;1110.4192272;76;2;1;4;1;4;1;1;1;3;1;1;3;1;1;1;1;1;1;3;1;;;170000000;900000;;;1;;;;;1;;;;;1
20230312;03;2023;7384914;1;1;01;76;1;1110.4192272;76;2;1;4;1;4;1;1;1;3;1;1;3;1;1;1;1;1;1;3;1;;;200000000;900000;;;1;;;;;;;;;;1
20230312;03;2023;7384915;1;1;01;76;1;1831.8517602;76;2;1;4;1;4;1;1;1;3;1;1;4;3;1;1;1;1;1;3;2;;406000;190000000;900000;;;1;;1;;;1;;;;;3
20230312;03;2023;7384916;1;1;01;76;1;746.3189844;76;1;1;4;1;3;2;1;1;3;1;1;8;2;1;1;1;1;1;4;4;;;;600000;;;1;;;;;;;;;;3
20230312;03;2023;7384917;1;1;01;76;1;713.0489651;76;2;1;4;1;3;1;1;1;3;1;1;3;1;1;1;1;1;1;3;1;;;150000000;700000;;;1;;;;1;;;;;;1
20230312;03;2023;7384918;1;1;01;76;1;897.17595092;76;2;1;4;1;3;2;1;1;3;1;1;3;2;1;1;1;1;1;4;1;;;130000000;450000;;;1;;;;;;;;;;2
20230312;03;2023;7384919;1;1;01;76;1;2166.9149091;76;2;1;4;1;3;1;1;1;3;1;1;4;2;1;1;1;1;1;3;2;;700000;23000000;1100000;;;1;;1;;;1;;;;;3
20230312;03;2023;7384920;1;1;01;76;1;1894.2040968;76;2;1;4;1;3;1;1;1;3;1;1;4;3;1;1;1;1;1;3;3;;;;;760000;;1;;;;;;;;;;5
20230312;03;2023;7384921;1;1;01;76;1;556.72446179;76;3;1;4;1;3;2;1;1;3;1;1;1;1;1;2;1;1;2;4;3;;;;;400000;;1;;;;;;;;;;1
20230312;03;2023;7384922;1;1;01;76;1;506.59995918;76;2;1;2;1;2;1;1;1;3;1;1;3;1;1;1;1;1;1;3;1;;;100000000;400000;;;1;;;;;1;;;;;1
20230312;03;2023;7384923;1;1;01;76;1;670.8491168;76;2;1;2;1;1;2;1;1;3;1;1;3;2;1;1;1;1;1;4;3;;;;;300000;;;;;;;;;1;;;2
20230312;03;2023;7384924;1;1;01;76;1;369.48900919;76;1;7;1;1;1;2;1;1;3;1;1;1;1;1;1;1;1;1;4;1;;;98;98;;;;;;;;;;1;;;1
20230312;03;2023;7384925;1;1;01;76;1;1499.4748012;76;2;1;2;1;2;1;1;1;3;1;1;5;2;1;1;1;1;1;3;3;;;;;350000;;1;;;;;;;;;;4
20230312;03;2023;7384926;1;1;01;76;1;645.84590349;76;1;1;4;1;2;1;1;1;3;1;1;4;3;1;1;1;1;1;3;4;;;;600000;;;1;;;;;;;;;;3
20230312;03;2023;7384927;1;1;01;76;1;830.26942745;76;1;1;2;1;2;1;1;1;3;1;1;4;3;1;1;1;1;1;3;4;;;;360000;;;1;;;;;;;;;;4
20230312;03;2023;7384928;1;1;01;76;1;801.93830687;76;2;1;4;1;2;1;1;1;3;1;1;3;2;1;1;1;1;1;3;3;;;;;550000;;;;;;;;;1;;;3
20230312;03;2023;7384929;1;1;01;81;1;210.28028565;81;1;1;4;1;1;2;1;1;3;1;1;3;2;1;1;1;1;1;4;3;;;;;350000;;;;;;;;;1;;;8
20230312;03;2023;7384930;1;1;01;81;1;250.26009214;81;1;1;4;1;1;2;1;1;3;1;3;1;1;1;1;1;1;3;4;1;;;93000000;700000;;;1;;;;;;;;;;1
20230312;03;2023;7384930;2;2;01;81;1;250.26009214;81;1;1;4;1;1;2;1;1;3;1;3;1;1;1;1;1;1;3;4;3;;;;;230000;;;;;;;;;1;;;4
20230312;03;2023;7384930;3;3;01;81;1;250.26009214;81;1;1;4;1;1;2;1;1;3;1;3;1;1;1;1;1;1;3;4;3;;;;;230000;;;;;;;;;1;;;3
20230312;03;2023;7384931;1;1;01;81;1;149.25667788;81;1;1;4;1;1;2;1;1;3;1;1;3;2;1;1;1;1;1;4;1;;;99;400000;;;;;;;;;;1;;;3
20230312;03;2023;7384932;1;1;01;81;1;210.09421677;81;1;1;4;1;1;2;1;1;3;1;1;6;3;1;1;1;1;3;4;1;;;145000000;500000;;;1;;;;;;;;;;4
20230312;03;2023;7384933;1;1;01;81;1;200.41395205;81;1;1;2;1;1;2;1;1;3;1;1;3;1;1;1;1;1;4;4;1;;;99;300000;;;;;;;;;;1;;;2
20230312;03;2023;7384934;1;1;01;81;1;190.9197562;81;1;1;4;1;1;2;1;1;3;1;1;2;1;1;1;1;1;3;4;1;;;98;800000;;;1;;;;;1;;;;;4
20230312;03;2023;7384935;1;1;01;81;1;200.41395205;81;1;1;4;1;1;2;1;1;3;1;1;5;2;1;1;1;1;3;4;1;;;120000000;800000;;;1;;;;;;;;;;2
20230312;03;2023;7384936;1;1;01;81;1;306.04265753;81;1;1;4;1;1;2;1;1;3;1;1;3;1;1;1;1;1;3;4;3;;;;;400000;;1;;;;;1;;;;;1
20230312;03;2023;7384937;1;1;01;81;1;166.28000103;81;1;1;2;1;1;2;1;1;3;1;1;3;1;1;1;1;1;1;4;1;;;99;500000;;;1;;;;;;;;;;3
20230312;03;2023;7384938;1;1;01;81;1;114.97625713;81;2;1;2;1;1;1;1;1;3;1;1;3;2;1;1;1;1;1;3;3;;;;;350000;;;;;;;;;1;;;5
20230312;03;2023;7384939;1;1;01;81;1;129.03752822;81;2;1;2;1;1;1;1;1;3;1;1;4;3;1;1;1;1;3;3;1;;;40000000;200000;;;1;;;;;;;;;;5
20230312;03;2023;7384940;1;1;01;81;1;229.43988133;81;2;1;2;1;1;1;1;1;3;1;2;2;1;1;2;1;1;3;3;1;;;99;300000;;;1;;;;;;;;;;4
20230312;03;2023;7384940;2;2;01;81;1;229.43988133;81;2;1;2;1;1;1;1;1;3;1;2;2;1;1;2;1;1;3;3;4;;;;200000;;;1;;;;;;;;;;3
20230312;03;2023;7384941;1;1;01;81;1;213.59743972;81;2;1;4;1;1;1;1;1;3;1;1;3;2;1;1;1;1;3;3;1;;;52000000;300000;;;1;;;;;;;;;;6
20230312;03;2023;7384942;1;1;01;81;1;231.53014299;81;2;1;2;1;1;1;1;1;3;1;1;3;2;1;1;1;1;3;3;1;;;30000000;250000;;;;;;;;;;1;;;3
20230312;03;2023;7384943;1;1;01;81;1;224.43128219;81;2;1;4;1;1;1;1;1;3;1;1;3;1;1;1;1;1;3;3;3;;;;;350000;;1;;;;;;;;;;1
20230312;03;2023;7384944;1;1;01;85;1;339.9906284;85;1;1;2;1;2;1;1;1;3;1;1;2;1;1;1;1;1;1;3;3;;;;;200000;;1;;;;;;;;;;2
20230312;03;2023;7384945;1;1;01;85;1;443.03209224;85;2;1;4;1;2;1;1;1;3;1;1;3;2;1;1;1;1;1;3;4;;;;800000;;;;;;;;;;1;;;3
20230312;03;2023;7384946;1;1;01;85;1;284.67236479;85;1;1;2;1;2;1;1;1;3;1;1;3;2;1;1;1;10;1;3;1;;;99;500000;;;1;;;;1;;;;;;3
20230312;03;2023;7384947;1;1;01;85;1;330.72779945;85;2;1;4;1;2;1;1;1;3;1;1;2;1;1;1;1;10;1;3;3;;;;;400000;;1;;;;;;;;;;1
20230312;03;2023;7384948;1;1;01;85;1;330.72779945;85;3;1;4;1;2;1;1;1;3;1;1;1;1;1;1;1;1;1;3;3;;;;;350000;;1;;;;;;;;;;1
20230312;03;2023;7384949;1;1;01;85;1;349.25345735;85;2;1;4;1;2;1;1;1;3;1;1;2;1;1;1;1;1;1;3;3;;;;;400000;;1;;;;;;;;;;3
20230312;03;2023;7384950;1;1;01;85;1;358.08266266;85;1;1;4;1;2;1;1;1;3;1;1;4;1;1;1;1;10;1;3;3;;;;;400000;;1;;;;;;;;;;2
20230312;03;2023;7384951;1;1;01;85;1;246.68167866;85;3;1;4;1;2;1;1;1;3;1;1;1;1;1;1;1;1;6;;3;;;;;250000;;1;;;;;;;;;;1
20230312;03;2023;7384952;1;1;01;86;1;160.46316871;86;2;1;4;1;1;1;1;1;2;1;1;3;1;1;1;1;1;3;4;3;;;;;99;;1;;;;;;;;;;2
20230312;03;2023;7384953;1;1;01;86;1;182.21837756;86;2;1;4;1;1;2;1;1;2;1;1;3;2;1;1;1;1;3;4;3;;;;;99;;1;;;;;;;;;;3
20230312;03;2023;7384954;1;1;01;86;1;120.34737653;86;1;1;4;1;1;2;1;1;2;1;1;3;1;1;1;1;1;3;4;4;;;;99;;;1;;;;;;;;;;2
20230312;03;2023;7384955;1;1;01;86;1;104.11664789;86;2;1;4;1;1;2;1;1;2;1;1;3;1;1;1;1;1;1;4;3;;;;;300000;;;;;;;;;1;;;3
20230312;03;2023;7384956;1;1;01;86;1;125.8231516;86;2;1;4;1;1;2;1;1;2;1;1;3;1;1;1;1;1;1;4;3;;;;;320000;;;;;;;;;1;;;1
20230312;03;2023;7384957;1;1;01;86;1;184.65883855;86;1;1;4;1;1;2;1;1;2;1;1;5;2;1;1;1;1;1;4;3;;;;;300000;;;;;;;;;1;;;2
20230309;03;2023;7384958;1;1;01;88;1;47.912929319;88;2;1;4;1;4;2;1;1;3;1;1;3;2;1;1;1;10;3;4;3;;;;;2000000;;1;;;;;1;;;;;4
20230312;03;2023;7384959;1;1;01;88;1;18.399670635;88;2;1;4;1;2;2;1;1;3;1;1;3;1;1;1;1;10;3;4;1;;;98;800000;;;1;;;;;1;;;;;2
20230312;03;2023;7384960;1;1;01;88;1;26.379385989;88;1;5;2;1;2;2;1;1;3;1;1;3;2;1;1;1;10;1;4;1;;;99;600000;;;1;;;;;;;;;;4
20230312;03;2023;7384961;1;1;01;88;1;21.426082535;88;2;1;4;1;3;2;1;1;7;1;1;3;1;1;1;1;10;3;4;1;;;98;1000000;;;1;;;;;;;;;;1
20230312;03;2023;7384962;1;1;01;88;1;23.250494698;88;2;1;4;1;2;2;1;1;3;1;1;3;2;1;1;1;10;3;4;3;;;;;98;;1;;;;;;;;;;3
20230312;03;2023;7384963;1;1;01;88;1;18.600835381;88;1;1;2;1;2;2;1;1;3;1;1;3;2;1;1;1;10;1;4;1;;;99;900000;;;1;;;;;;;;;;2
20230312;03;2023;7384964;1;1;01;88;1;33.526298113;88;1;1;4;1;3;2;1;1;7;1;1;3;2;1;1;1;10;3;4;1;;;98;2000000;;;1;;;;;;;;;;3
20230312;03;2023;7384965;1;1;01;88;1;37.729910059;88;2;1;4;1;3;2;1;1;7;1;1;3;2;1;1;1;10;3;4;3;;;;;270000;;1;;;;;;;;;;4
20230312;03;2023;7384966;1;1;01;88;1;33.526298113;88;2;1;4;1;3;2;1;1;7;1;1;3;2;1;1;1;10;1;4;4;;;;800000;;;1;;;;;;;;;;3
20230312;03;2023;7384967;1;1;01;88;1;22.068909528;88;2;1;4;1;2;2;1;1;3;1;1;3;2;1;1;1;10;3;4;3;;;;;500000;;1;;;;;;;;;;3
20230312;03;2023;7384968;1;1;01;88;1;21.426082535;88;2;1;4;1;3;2;1;1;7;1;1;3;1;1;1;1;10;3;4;1;;;99;500000;;;1;;;;;;;;;;1
20230312;03;2023;7384969;1;1;01;88;1;27.901253071;88;2;1;4;1;2;2;1;1;3;2;1;3;2;1;1;1;10;3;4;1;;;98;1000000;;;1;;;;;;;;;;2
20230312;03;2023;7384970;1;1;01;88;1;32.392835306;88;2;1;4;1;3;2;1;1;7;1;1;3;2;1;1;1;10;3;4;1;;;99;900000;;;1;;;;1;;;;;;3
20230312;03;2023;7384971;1;1;01;88;1;22.508982351;88;1;5;2;1;2;2;1;1;3;1;1;3;2;1;1;1;10;4;4;1;;;99;600000;;1;;;;;;;;;;;3
20230312;03;2023;7384972;1;1;01;88;1;21.793900496;88;2;1;4;1;2;2;1;1;3;2;1;2;1;1;1;1;10;3;4;4;;;;1000000;;;1;;;;;;;;;;1
20230312;03;2023;7384973;1;1;01;88;1;43.359588078;88;2;1;4;1;3;2;1;1;7;1;1;5;3;1;1;1;10;3;4;3;;;;;650000;;1;;;;;;;;;;5
20230312;03;2023;7384974;1;1;01;88;1;18.399670635;88;2;1;3;1;2;2;1;1;3;1;1;3;2;1;1;1;10;2;4;3;;;;;600000;;1;;;;;;;;;;2
20230312;03;2023;7384975;1;1;01;88;1;14.529266997;88;2;1;4;1;2;2;1;1;3;1;1;3;1;1;1;1;10;1;4;4;;;;9000000;;;1;;;;;;;;;;1
20230312;03;2023;7384976;1;1;01;88;1;22.095647614;88;2;1;4;1;2;2;1;1;3;2;1;2;1;1;1;1;10;3;4;3;;;;;700000;;1;;;;;;;;;;1
20230312;03;2023;7384977;1;1;01;91;1;99.485910834;91;1;1;2;1;3;2;1;1;3;1;1;2;2;1;1;1;10;1;4;3;;;;;700000;;1;;;;;;;;;;2
20230312;03;2023;7384978;1;1;01;91;1;77.981153565;91;2;1;2;1;3;2;1;1;3;1;1;2;2;1;1;1;10;3;4;3;;;;;500000;;1;;;;;;;;;;3
20230312;03;2023;7384979;1;1;01;94;1;55.688553806;94;4;1;2;1;2;2;1;1;2;1;1;1;1;1;1;1;10;6;;3;;;;;350000;;1;;;;;;;;;;1
20230312;03;2023;7384980;1;1;01;94;1;37.697481041;94;1;5;1;2;;2;2;2;;2;1;1;1;2;1;4;3;5;5;1;;;2000000;6000000;;;;;;;;;;1;;;3
20230312;03;2023;7384981;1;1;01;94;1;38.380696526;94;1;8;1;2;;2;2;2;;2;1;1;1;2;1;4;3;5;5;5;;;;450000;;;;;;;;;;1;;;4
20230312;03;2023;7384982;1;1;01;94;1;44.588777696;94;1;5;2;2;;2;2;2;;2;1;3;2;2;1;4;3;1;4;5;;;;400000;;;;;;;;;;1;;;5
20230312;03;2023;7384983;1;1;01;95;1;102.17966026;95;4;5;1;1;9;2;2;1;2;2;1;3;1;2;2;4;3;2;4;5;;;;100000;;;;;;;;;;1;;;2
20230312;03;2023;7384984;1;1;01;95;1;112.44776133;95;1;1;2;1;9;2;2;1;2;2;1;2;1;2;1;1;10;1;4;3;;;;;200000;;1;;;;;;;;;;3
20230312;03;2023;7384985;1;1;01;95;1;94.869210826;95;3;5;2;1;9;2;2;1;2;2;1;2;1;2;2;1;10;6;;5;;;;150000;;;;;;;;;;1;;;1
20230312;03;2023;7384986;1;1;01;95;1;94.869210826;95;1;5;1;1;9;2;2;1;2;2;1;1;1;2;1;1;3;5;5;5;;;;300000;;;1;;;;1;;;;;;1
20230312;03;2023;7384987;1;1;01;97;1;13.397750484;97;1;1;2;1;1;2;1;1;2;1;1;3;2;1;1;1;5;1;1;1;;;99000000;500000;;;;;;;;;;1;;;3
20230312;03;2023;7384988;1;1;01;97;1;76.367177761;97;1;1;2;1;1;2;1;1;2;1;1;5;4;1;1;1;5;1;1;5;;;;300000;;;1;;;;;;;;;;5
20230312;03;2023;7384989;1;1;01;97;1;13.397750484;97;1;1;2;1;1;2;1;1;2;1;1;5;3;1;1;1;10;1;1;1;;;45000000;500000;;;1;;;;;;;;;;4
20230312;03;2023;7384990;1;1;01;97;1;76.367177761;97;1;8;1;1;1;2;2;1;2;1;1;4;3;2;1;1;5;1;5;1;;;15000000;300000;;;;;;;;;;1;;;5
20230312;03;2023;7384991;1;1;01;97;1;13.397750484;97;1;1;2;1;1;2;1;1;2;1;1;4;3;1;1;1;5;1;1;1;;;40000000;300000;;;1;;;;;;;;;;5
20230312;03;2023;7384992;1;1;01;97;1;76.367177761;97;1;1;2;1;1;2;1;1;2;1;2;3;2;1;1;1;5;1;5;4;;;;300000;;;1;;;;;;;;;;5
20230312;03;2023;7384992;2;2;01;97;1;76.367177761;97;1;1;2;1;1;2;1;1;2;1;2;5;4;1;1;1;5;1;4;1;;;30000000;400000;;;1;;;;;;;;;;6
20230312;03;2023;7384993;1;1;01;97;1;13.397750484;97;1;1;2;1;1;2;1;1;2;1;1;1;1;1;2;1;5;1;5;5;;;;250000;;;1;;;;;;;;;;3
20230312;03;2023;7384994;1;1;01;97;1;76.367177761;97;1;5;2;1;1;2;1;1;2;1;1;5;5;1;1;1;5;1;1;1;;;60000000;400000;;;1;;;;;;;;;;7
20230312;03;2023;7384995;1;1;01;97;1;16.077252075;97;1;1;2;1;2;2;1;1;2;1;1;4;1;1;1;1;10;3;1;1;;;100000000;500000;;;1;;;;;;;;;;2
20230312;03;2023;7384996;1;1;01;99;1;85.75545219;99;5;8;1;1;0;2;2;1;2;2;1;1;1;6;;1;2;5;5;5;;;;100000;;;;;;;;;;1;;;3
20230312;03;2023;7384997;1;1;01;99;1;98.868990502;99;4;8;1;1;0;2;2;1;2;2;1;1;1;6;;1;2;5;5;5;;;;50000;;;;;;;;;;1;;;3
20230312;03;2023;7384998;1;1;01;99;1;38.410379473;99;5;8;1;1;0;2;2;1;2;2;1;1;1;6;;1;2;5;5;5;;;;100000;;;;;;;;;;1;;;3
20230312;03;2023;7384999;1;1;01;99;1;46.676725496;99;5;8;1;1;0;2;2;1;2;2;1;1;1;6;;4;2;5;5;5;;;;60000;;;;;;;;;;1;;;3
20230313;03;2023;7385019;1;1;01;;2;1041.3929734;13;1;1;4;1;1;1;2;2;;2;1;4;1;2;1;4;2;1;3;1;;;98;100000;;;1;;;;;;;;;;2
20230313;03;2023;7385020;1;1;01;;2;1106.6956977;13;1;1;1;1;1;1;2;2;;2;1;4;2;2;1;5;2;6;;1;;;99;100000;;;;;;;;;;1;;;1
20230313;03;2023;7385021;1;1;01;;2;1131.917572;13;1;1;4;1;1;1;2;2;;2;1;3;2;2;1;3;2;1;3;1;;;99;99;;;;;;;;;;1;;;5
20230313;03;2023;7385022;1;1;01;;2;1537.0382799;13;1;1;4;1;1;1;2;2;;2;1;4;3;2;1;3;10;1;3;3;;;;;200000;;;;;;;;;1;;;4
20230313;03;2023;7385023;1;1;01;;2;701.57498985;13;1;1;2;1;1;1;2;2;;2;1;3;2;2;1;4;2;1;3;1;;;98;100000;;;;;;;;;;1;;;2
20230313;03;2023;7385024;1;1;01;;2;1014.9631101;13;1;1;2;1;1;1;2;2;;2;1;4;2;2;1;3;2;1;3;1;;;9000000;35000;;;1;;;;;;;;;;4
20230313;03;2023;7385025;1;1;01;;2;610.46089175;13;1;1;4;1;1;1;2;2;;2;1;4;2;2;1;4;2;1;3;4;;;;120000;;;;;;;;;;1;;;3
20230313;03;2023;7385026;1;1;01;;2;750.80285683;13;1;1;4;1;1;1;2;2;;2;1;4;3;2;1;4;2;1;3;4;;;;150000;;;;;;;;;;1;;;8
20230313;03;2023;7385027;1;1;01;;2;1399.5691488;13;1;1;2;1;1;1;2;2;;2;1;4;1;2;1;3;2;1;3;1;;;99;50000;;;;;;;;;;1;;;2
20230313;03;2023;7385029;1;1;01;;2;1229.7461581;13;1;1;4;1;1;1;2;2;;2;1;3;2;2;1;3;2;1;3;4;;;;150000;;;1;;;;;;;;;;4
20230313;03;2023;7385031;1;1;01;;1;558.1829084;44;2;1;4;1;2;1;1;1;1;1;1;3;2;1;1;1;1;1;3;1;;;98;400000;;;1;;;;;;;;;;4
20230313;03;2023;7385032;1;1;01;;1;679.12280302;44;1;1;4;1;2;1;1;1;1;1;1;3;1;1;1;1;1;1;3;4;;;;400000;;;1;;;;;;;;;;1
20230313;03;2023;7385033;1;1;01;;1;922.79878981;44;1;1;4;1;2;1;1;1;1;1;1;5;2;1;1;1;1;1;3;4;;;;300000;;;;;;;;;;1;;;4
20230313;03;2023;7385034;1;1;01;;1;879.16882261;44;1;1;4;1;2;1;1;1;1;1;1;3;2;1;1;1;1;1;3;4;;;;400000;;;1;;;;;;;;;;5
20230313;03;2023;7385035;1;1;01;;1;927.43852261;44;1;1;2;1;2;1;1;1;1;1;1;2;1;1;1;1;1;1;3;3;;;;;250000;;;;;;;;;1;;;3
20230313;03;2023;7385036;1;1;01;;1;664.54591612;44;1;1;4;1;2;1;1;1;1;1;1;7;2;1;1;1;1;1;3;1;;;98;500000;;;1;;;;;;;;;;2
20230313;03;2023;7385037;1;1;01;;1;894.74936357;44;1;1;4;1;2;1;1;1;1;1;1;2;1;1;1;1;1;1;3;3;;;;;180000;;;;;;;;;1;;;5
20230313;03;2023;7385038;1;1;01;;1;679.12280302;44;2;1;4;1;2;1;1;1;1;1;1;3;1;1;1;1;1;1;3;4;;;;350000;;;1;;;;;;;;;;1
20230313;03;2023;7385039;1;1;01;;1;664.54591612;44;1;1;4;1;2;1;1;1;1;1;1;5;1;1;1;1;1;1;3;1;;;98;500000;;;1;;;;;;;;;;2
20230313;03;2023;7385040;1;1;01;;1;469.56064208;44;1;1;2;1;1;1;1;1;1;1;1;3;2;1;1;1;1;1;3;1;;;98;200000;;;1;;;;;;;;;;5
20230313;03;2023;7385041;1;1;01;;1;917.86447886;44;1;1;4;1;1;1;1;1;1;1;1;4;2;1;1;1;1;1;3;1;;;98;500000;;;1;;;;;;;;;;4
20230313;03;2023;7385042;1;1;01;;1;785.24353188;44;1;1;2;1;1;1;1;1;1;1;1;3;1;1;1;1;1;1;3;1;;;98;500000;;;1;;;;;;;;;;2
20230313;03;2023;7385043;1;1;01;;1;342.29240911;44;1;1;4;1;1;1;1;1;1;1;1;4;2;1;1;1;1;1;3;1;;;98;300000;;;1;;;;;;;;;;3
20230313;03;2023;7385044;1;1;01;;1;787.75814295;44;1;4;1;1;1;2;1;1;1;1;1;2;1;1;1;1;1;5;5;3;;;;;150000;;;;;;;;;1;;;7
20230313;03;2023;7385045;1;1;01;;1;342.29240911;44;1;1;2;1;1;1;1;1;1;1;1;4;3;1;1;1;1;1;3;4;;;;400000;;;;;;;;;;1;;;4
20230313;03;2023;7385046;1;1;01;;1;904.73224551;44;1;4;1;1;1;2;1;1;1;1;1;2;1;1;1;1;1;1;5;4;;;;100000;;;;;;;;;;1;;;1
20230313;03;2023;7385047;1;1;01;;1;904.73224551;44;1;4;2;1;1;1;1;1;1;1;1;2;1;1;1;1;1;1;3;1;;;98;150000;;;;;;;;;;1;;;1
20230313;03;2023;7385048;1;1;01;;1;1152.1535999;44;2;1;2;1;1;1;1;1;1;1;1;2;1;1;1;1;1;1;3;4;;;;90000;;;;;;;;;;1;;;2
20230313;03;2023;7385049;1;1;01;;1;614.07884027;44;1;4;2;1;1;1;1;1;1;1;1;2;1;1;1;1;1;5;3;4;;;;150000;;;;;;;;;;1;;;3
20230313;03;2023;7385050;1;1;01;;1;1077.2517748;44;1;1;2;1;1;1;1;1;1;1;1;4;2;1;1;1;1;1;3;1;;;98;250000;;;1;;;;;;;;;;4
20230313;03;2023;7385052;1;1;01;;2;2040.2656917;44;1;5;2;1;1;2;2;2;;1;1;6;3;2;1;3;1;1;5;4;;;;300000;;;;;;;;;;1;;;7
20230313;03;2023;7385053;1;1;01;;2;1326.4422736;44;1;1;2;1;1;2;2;2;;2;1;2;1;2;2;4;3;1;4;4;;;;80000;;;;;;;;;;1;;;3
20230313;03;2023;7385054;1;1;01;;2;1742.178064;44;2;1;2;1;1;2;2;2;;2;1;2;1;2;2;4;3;1;5;4;;;;150000;;;;;;;;;;1;;;3
20230313;03;2023;7385055;1;1;01;;2;1632.3726992;44;2;1;2;1;1;2;2;2;;2;1;2;1;2;2;4;3;1;5;4;;;;100000;;;;;;;;;;1;;;2
20230313;03;2023;7385056;1;1;01;;2;790.41458027;47;1;1;2;1;1;1;2;1;2;1;1;3;2;2;1;1;1;1;3;4;;;;250000;;;;;;;;;;1;;;6
20230313;03;2023;7385057;1;1;01;;2;755.44296083;47;1;1;4;1;1;1;2;1;2;1;1;3;2;2;1;1;1;1;3;3;;;;;400000;;;;;;;;;1;;;4
20230313;03;2023;7385058;1;1;01;;2;1004.2590405;47;1;1;1;1;1;2;2;1;2;1;1;2;1;2;1;1;1;4;4;3;;;;;170000;;1;;;;;;;;;;1
20230313;03;2023;7385059;1;1;01;;2;768.73938179;47;2;1;2;1;1;1;2;1;2;1;1;4;3;2;1;1;1;1;3;3;;;;;400000;;;;;;;;;1;;;5
20230313;03;2023;7385060;1;1;01;;2;1092.3994237;47;2;1;2;1;1;2;2;1;2;1;1;3;2;2;1;1;1;1;4;3;;;;;200000;;;;;;;;;1;;;3
20230313;03;2023;7385061;1;1;01;;2;679.85207282;47;2;1;2;1;1;1;2;1;2;1;1;2;1;2;1;1;1;1;3;3;;;;;250000;;1;;;;;;;;;;1
20230313;03;2023;7385062;1;1;01;;2;1164.8856079;47;1;1;2;1;1;1;2;1;2;1;1;4;3;2;1;1;1;1;3;5;;;;350000;;;1;;;;;;;;;;5
20230313;03;2023;7385063;1;1;01;;2;520.46683122;47;1;1;4;1;1;1;2;1;2;1;1;4;3;2;1;1;1;1;3;4;;;;4000000;;;;;;;;;;1;;;11
20230313;03;2023;7385064;1;1;01;;2;958.39939445;47;1;1;4;1;1;1;2;1;2;1;1;3;2;2;1;1;1;1;3;4;;;;400000;;;1;;;;;;;;;;4
20230313;03;2023;7385065;1;1;01;;1;598.81273666;47;1;1;2;1;1;1;1;1;3;1;1;3;2;1;1;1;1;1;3;4;;;;450000;;;1;;;;;;;;;;5
20230313;03;2023;7385066;1;1;01;;1;1373.7197079;47;1;1;4;1;1;1;1;1;3;1;1;3;1;1;1;1;1;1;3;3;;;;;450000;;1;;;;;1;;;;;2
20230313;03;2023;7385067;1;1;01;;1;827.24156417;47;1;1;4;1;1;1;1;1;3;1;1;3;2;1;1;1;1;1;3;3;;;;;250000;;1;;;;;;;;;;4
20230313;03;2023;7385068;1;1;01;;1;598.81273666;47;1;1;2;1;1;1;1;1;3;1;1;3;2;1;1;1;1;1;3;3;;;;;400000;;1;;;;;;;;;;4
20230313;03;2023;7385069;1;1;01;;1;1648.5271803;47;1;1;4;1;1;1;1;1;3;1;1;3;2;1;1;1;1;1;3;3;;;;;350000;;1;;;;;;;;;;5
20230313;03;2023;7385070;1;1;01;;1;847.84516024;47;1;1;4;1;1;1;1;1;3;1;1;3;2;1;1;1;1;1;3;1;;;60000000;400000;;;1;;;;;;;;;;3
20230313;03;2023;7385071;1;1;01;;1;825.72198594;47;1;1;4;1;1;1;1;1;3;1;1;4;3;1;1;1;1;1;3;3;;;;;350000;;1;;;;;;;;;;4
20230313;03;2023;7385072;1;1;01;;1;1080.0637471;47;1;1;4;1;1;1;1;1;3;1;1;3;1;1;1;1;1;1;3;1;;;45000000;300000;;;;;;;;;;1;;;1
20230313;03;2023;7385073;1;1;01;;1;1275.26085;47;1;1;2;1;1;1;1;1;3;1;1;3;2;1;1;1;1;2;3;3;;;;;180000;;1;;;;;;;;;;7
20230313;03;2023;7385074;1;1;01;;1;1438.3768202;47;1;1;4;1;1;1;1;1;3;1;1;4;3;1;1;1;1;1;3;3;;;;;300000;;1;;;;;;;;;;3
20230313;03;2023;7385075;1;1;01;;2;950.07554781;47;1;1;2;1;1;2;2;2;;2;1;4;3;2;1;4;3;1;5;4;;;;100000;;;;;;;;;;1;;;9
20230313;03;2023;7385076;1;1;01;;2;1307.1287314;47;1;1;2;1;1;2;2;2;;2;1;3;1;2;1;4;6;5;5;4;;;;100000;;;;;;;;;;1;;;6
20230313;03;2023;7385077;1;1;01;;2;960.05648191;47;1;1;2;1;1;2;2;2;;2;1;3;1;2;1;4;3;1;5;1;;;60000000;100000;;;;;;;;;;1;;;2
20230313;03;2023;7385078;1;1;01;;2;1226.0808308;47;1;1;1;1;1;2;2;2;;2;1;3;2;2;1;4;6;5;5;4;;;;100000;;;;;;;;;;1;;;4
20230313;03;2023;7385079;1;1;01;;2;844.41964157;47;1;5;2;1;1;2;2;2;;2;1;2;1;2;1;4;6;1;5;4;;;;100000;;;;;;;;;;1;;;3
20230313;03;2023;7385080;1;1;01;;2;1227.1340064;47;1;5;2;1;1;2;2;2;;2;1;3;2;2;1;4;6;1;4;4;;;;100000;;;;;;;;;;1;;;3
20230313;03;2023;7385081;1;1;01;;2;1890.5121049;47;1;1;2;1;1;2;2;2;;2;1;2;2;2;1;4;6;5;5;4;;;;200000;;;;;;;;;;1;;;4
20230313;03;2023;7385082;1;1;01;;2;1354.7303164;47;1;5;2;1;1;2;2;2;;2;1;2;1;6;;4;6;1;5;4;;;;200000;;;;;;;;;;1;;;4
20230313;03;2023;7385083;1;1;01;;2;1090.618988;47;1;5;1;1;1;2;2;2;;2;1;1;1;6;;4;6;5;5;4;;;;100000;;;;;;;;;;1;;;3
20230313;03;2023;7385084;1;1;01;;2;1784.3332223;47;1;5;1;1;1;2;2;2;;2;1;3;2;2;2;4;6;5;5;4;;;;100000;;;;;;;;;;1;;;4
20230313;03;2023;7385085;1;1;01;;1;1694.5902506;47;1;1;2;1;1;1;1;1;3;1;1;4;3;1;1;1;1;1;3;4;;;;200000;;;;;;;;;;1;;;7
20230313;03;2023;7385086;1;1;01;;1;1930.4665803;47;2;1;2;1;1;1;1;1;3;1;1;2;1;1;1;1;1;1;3;3;;;;;270000;;;;;;;;;1;;;2
20230313;03;2023;7385087;1;1;01;;1;1922.5266612;47;2;1;2;1;1;1;1;1;3;1;1;2;1;1;1;1;1;1;3;3;;;;;210000;;1;;;;;;;;;;5
20230313;03;2023;7385088;1;1;01;;1;1878.6883257;47;1;1;2;1;1;1;1;1;3;1;1;3;2;1;1;1;1;1;3;4;;;;150000;;;;;;;;;;1;;;4
20230313;03;2023;7385089;1;1;01;;1;1615.5403769;47;1;1;2;1;1;1;1;1;3;1;1;3;2;1;1;1;1;4;3;3;;;;;200000;;;;;;;;;1;;;3
20230313;03;2023;7385090;1;1;01;;1;1234.3585682;47;1;1;1;1;1;1;1;1;3;1;1;2;1;1;1;1;1;1;3;1;;;10000000;300000;;;;;;;;;;1;;;1
20230313;03;2023;7385091;1;1;01;;1;1646.8696801;47;1;1;2;1;1;1;1;1;3;1;1;2;2;1;1;1;1;1;3;4;;;;250000;;;;;;;;;;1;;;6
20230313;03;2023;7385094;1;1;01;;1;568.83613053;47;1;1;4;1;2;1;1;1;2;1;1;4;2;1;1;1;1;1;3;1;;;150000000;600000;;;;;;;;;;1;;;3
20230313;03;2023;7385095;1;1;01;;1;2085.9788279;47;1;1;2;1;2;1;1;1;2;1;1;3;2;1;1;1;10;1;3;3;;;;;250000;;1;;;;;;;;;;3
20230313;03;2023;7385096;1;1;01;;1;872.76015592;47;1;1;2;1;2;1;1;1;2;1;1;3;1;1;1;1;1;1;3;5;;;;400000;;;;;;;;;;1;;;2
20230313;03;2023;7385097;1;1;01;;1;403.75843956;47;1;1;4;1;2;1;1;1;2;1;1;4;3;1;1;1;10;1;3;1;;;12000000;500000;;;1;;;;;;;;;;6
20230313;03;2023;7385098;1;1;01;;1;670.70739739;47;1;1;4;1;2;1;1;1;2;1;1;3;2;1;1;1;1;1;3;1;;;260000000;450000;;;1;;;;;;;;;;2
20230313;03;2023;7385099;1;1;01;;1;325.04921745;47;1;1;2;1;2;1;1;1;2;1;1;4;3;1;1;1;1;1;3;4;;;;400000;;;;;;;;;;1;;;6
20230313;03;2023;7385100;1;1;01;;1;325.04921745;47;1;1;2;1;2;1;1;1;2;1;1;5;2;1;1;1;10;1;3;1;;;150000000;600000;;;;;;;;;;1;;;4
20230313;03;2023;7385101;1;1;01;;1;661.26225357;47;1;1;2;1;2;1;1;1;2;1;1;3;1;1;1;1;10;1;3;3;;;;;380000;;;;;;;;;1;;;1
20230313;03;2023;7385102;1;1;01;;1;573.69909533;47;2;1;4;1;2;1;1;1;2;1;1;3;1;1;1;1;1;1;3;3;;;;;450000;;1;;;;;;;;;;2
20230313;03;2023;7385103;1;1;01;;1;504.77219925;47;1;1;4;1;2;1;1;1;2;1;1;5;4;1;1;1;10;1;3;1;;;400000000;450000;;;1;;;;;;;;;;5
20230313;03;2023;7385104;1;1;01;;1;871.62648844;47;1;1;4;1;2;1;1;1;2;1;1;3;2;1;1;1;1;1;3;1;;;30000000;400000;;;;;;;;;;1;;;4
20230313;03;2023;7385105;1;1;01;;1;704.36311571;47;1;1;4;1;2;1;1;1;2;1;1;4;1;1;1;1;1;1;3;4;;;;300000;;;;;;;;;;1;;;2
20230313;03;2023;7385106;1;1;01;;1;498.72008909;47;1;1;4;1;2;1;1;1;2;1;1;3;1;1;1;1;1;1;3;1;;;100000000;400000;;;;;;;;;;1;;;2
20230313;03;2023;7385107;1;1;01;;1;745.68640362;47;2;1;4;1;2;1;1;1;2;1;1;3;2;1;1;1;1;1;3;3;;;;;400000;;;;;;;;;1;;;2
20230313;03;2023;7385108;1;1;01;;2;1484.2633738;47;1;1;2;1;1;2;2;2;;2;1;3;2;2;1;4;4;1;5;4;;;;200000;;;;;;;;;;1;;;4
20230313;03;2023;7385109;1;1;01;;2;1053.254944;47;1;5;2;1;1;2;2;2;;2;1;1;1;2;2;4;4;5;5;4;;;;70000;;;;;;;;;;1;;;2
20230313;03;2023;7385111;1;1;01;;2;838.28339914;47;1;1;2;1;1;2;2;2;;2;1;2;1;2;1;4;10;1;4;5;;;;200000;;;1;;;;1;;;;;;2
20230313;03;2023;7385112;1;1;01;;2;1232.8448623;47;1;2;1;1;1;2;2;2;;2;1;2;1;6;;4;4;2;4;4;;;;100000;;;;;;;;;;1;;;5
20230313;03;2023;7385113;1;1;01;;2;1710.5143217;47;1;5;1;1;1;2;2;2;;2;1;1;1;6;;4;10;1;4;4;;;;200000;;;;;;;;;;1;;;3
20230313;03;2023;7385114;1;1;01;;2;1687.4228758;47;1;2;1;1;1;2;2;2;;2;1;2;1;2;1;4;4;1;4;4;;;;150000;;;;;;;;;;1;;;1
20230313;03;2023;7385115;1;1;01;;2;827.51784354;47;1;1;2;1;1;2;2;2;;2;1;1;1;2;1;4;4;5;5;5;;;;300000;;;;;;;;;;1;;;5
20230313;03;2023;7385116;1;1;01;;2;838.28339914;47;1;5;2;1;1;2;2;2;;2;1;1;1;2;1;4;5;5;4;5;;;;200000;;;;;;;;;;1;;;2
20230313;03;2023;7385117;1;1;01;;2;823.79142907;47;1;1;2;1;1;2;2;2;;2;1;4;2;2;1;4;5;5;5;5;;;;150000;;;;;;;;;;1;;;5
20230313;03;2023;7385118;1;1;01;;1;973.46510986;47;2;1;4;1;2;1;1;1;2;1;1;3;1;1;1;1;10;3;3;4;;;;400000;;;;;;;;;;1;;;3
20230313;03;2023;7385119;1;1;01;;1;1290.9450705;47;1;1;2;1;1;1;1;1;2;1;1;3;2;1;1;1;1;1;3;3;;;;;200000;;;;;;;;;1;;;2
20230313;03;2023;7385120;1;1;01;;1;1586.4295957;47;2;1;4;1;1;1;1;1;2;1;1;4;3;1;1;1;1;1;3;5;;;;400000;;;;;;;;;;1;;;4
20230313;03;2023;7385121;1;1;01;;1;1752.3411436;47;1;1;2;1;1;1;1;1;2;1;1;3;1;1;1;1;10;1;3;4;;;;450000;;;;;;;;;;1;;;3
20230313;03;2023;7385122;1;1;01;;1;1290.9450705;47;1;1;4;1;1;1;1;1;2;1;1;3;1;1;1;1;10;1;3;3;;;;;470000;;;;;;;;;;1;;2
20230313;03;2023;7385123;1;1;01;;1;1471.0758891;47;1;1;4;1;1;1;1;1;2;1;1;3;2;1;1;1;1;1;3;1;;;35000000;300000;;;;;;;;;;1;;;6
20230313;03;2023;7385124;1;1;01;;1;1642.1435694;47;2;1;4;1;1;1;1;1;2;1;1;2;1;1;1;1;1;1;3;4;;;;200000;;;;;;;;;;1;;;2
20230313;03;2023;7385125;1;1;01;;1;1455.8042238;47;1;1;2;1;1;1;1;1;2;1;1;3;2;1;1;1;10;1;3;3;;;;;250000;;;;;;;;;1;;;4
20230313;03;2023;7385126;1;1;01;;1;1173.7379454;47;1;1;4;1;1;1;1;1;2;1;1;4;2;1;1;1;10;1;3;5;;;;500000;;;;;;;;;;1;;;2
20230313;03;2023;7385127;1;1;01;;1;767.33315812;47;1;1;4;1;2;1;1;1;2;1;1;3;2;1;1;1;10;1;3;3;;;;;450000;;1;;;;;;;;;;3
20230313;03;2023;7385128;1;1;01;;2;1032.626887;47;1;1;2;1;1;1;2;2;;1;1;5;2;2;1;3;1;1;3;5;;;;100000;;;;;;;;;;1;;;4
20230313;03;2023;7385129;1;1;01;;2;554.21400692;47;2;1;2;1;1;1;2;2;;1;1;3;2;2;2;4;1;4;3;5;;;;150000;;;;;;;;;;1;;;3
20230313;03;2023;7385130;1;1;01;;2;419.4317166;47;1;1;2;1;1;1;2;2;;1;1;3;2;6;;3;1;1;3;5;;;;300000;;;;;;;;;;1;;;5
20230313;03;2023;7385131;1;1;01;;2;781.84027872;47;1;1;2;1;1;1;2;2;;1;1;4;2;2;1;4;1;1;3;1;;;20000000;100000;;;;;;;;;;1;;;5
20230313;03;2023;7385132;1;1;01;;2;931.26207016;47;2;1;2;1;1;2;2;2;;1;1;1;1;2;2;4;1;2;4;4;;;;100000;;;;;;;;;;1;;;5
20230313;03;2023;7385133;1;1;01;;2;580.67367762;47;1;1;2;1;1;2;2;2;;1;1;3;2;6;;3;1;5;5;5;;;;150000;;;;;;;;;;1;;;6
20230313;03;2023;7385134;1;1;01;;2;598.77385653;47;1;1;2;1;1;1;2;2;;1;1;3;2;2;1;4;1;1;3;4;;;;100000;;;;;;;;;;1;;;2
20230313;03;2023;7385135;1;1;01;;2;760.38167642;47;1;1;2;1;1;1;2;2;;1;1;2;1;2;1;3;1;6;;4;;;;50000;;;;;;;;;;1;;;1
20230313;03;2023;7385136;1;1;01;;2;735.99426559;47;1;1;2;1;1;1;2;2;;1;1;3;2;2;1;4;1;1;3;5;;;;350000;;;;;;;;;;1;;;5
20230313;03;2023;7385137;1;1;01;;2;1011.4989625;47;1;1;2;1;1;1;2;2;;1;1;3;2;2;1;3;1;1;3;5;;;;300000;;;;;;;;;;1;;;5
20230313;03;2023;7385138;1;1;01;;2;760.38167642;47;1;1;2;1;1;1;2;2;;1;1;3;1;2;1;4;1;1;3;4;;;;150000;;;;;;;;;;1;;;1
20230313;03;2023;7385139;1;1;01;;2;598.77385653;47;1;1;1;1;1;2;2;2;;1;1;3;2;6;;3;1;5;5;3;;;;;150000;;;;;;;;;1;;;2
20230313;03;2023;7385140;1;1;01;;2;554.21400692;47;1;4;2;1;1;2;2;2;;1;1;3;2;2;1;4;1;1;4;4;;;;100000;;;;;;;;;;1;;;3
20230313;03;2023;7385141;1;1;01;;2;926.9542087;47;1;1;2;1;1;1;2;2;;1;1;2;1;2;1;3;1;1;3;4;;;;100000;;;;;;;;;;1;;;2
20230313;03;2023;7385142;1;1;01;;1;1157.2089438;47;1;1;4;1;2;1;1;1;2;1;1;3;1;1;1;1;1;1;3;1;;;6000000;200000;;;;;;;;;;1;;;1
20230313;03;2023;7385143;1;1;01;;1;882.74287794;47;1;1;4;1;2;1;1;1;2;1;1;4;3;1;1;1;1;1;3;5;;;;300000;;;;;;;;;;1;;;7
20230313;03;2023;7385144;1;1;01;;1;568.83613053;47;1;1;4;1;2;1;1;1;2;1;1;4;2;1;1;1;1;1;3;1;;;80000000;500000;;;1;;;;;;;;;;5
20230313;03;2023;7385145;1;1;01;;1;1308.0619612;47;2;1;1;1;2;1;1;1;2;1;1;5;2;1;1;1;1;1;3;4;;;;200000;;;;;;;;;;1;;;3
20230313;03;2023;7385146;1;1;01;;1;1299.795074;47;1;1;2;1;2;1;1;1;2;1;1;3;2;1;1;1;10;1;3;1;;;35000000;450000;;;;;;;;;;1;;;5
20230313;03;2023;7385147;1;1;01;;1;951.81412185;47;1;1;2;1;2;1;1;1;2;1;1;3;2;1;1;1;10;1;3;1;;;80000000;300000;;;;;;;;;;1;;;4
20230313;03;2023;7385148;1;1;01;;2;976.28722504;47;1;1;4;1;1;1;2;2;;1;1;3;1;2;1;4;1;1;3;4;;;;150000;;;;;;;;;;1;;;1
20230313;03;2023;7385149;1;1;01;;2;572.65980368;47;1;1;2;1;1;1;2;2;;1;1;4;2;2;1;4;1;1;3;5;;;;150000;;;;;;;;;;1;;;7
20230313;03;2023;7385150;1;1;01;;2;971.42148879;47;1;1;4;1;1;1;2;2;;1;1;3;2;2;1;4;1;1;3;3;;;;;100000;;;;;;;;;1;;;4
20230313;03;2023;7385151;1;1;01;;2;1151.1883839;47;2;1;2;1;1;1;2;2;;1;1;2;1;2;1;4;1;1;3;3;;;;;50000;;;;;;;;;1;;;2
20230313;03;2023;7385152;1;1;01;;2;892.32365618;47;1;1;2;1;1;1;2;2;;1;1;5;3;2;1;4;1;4;3;5;;;;100000;;;;;;;;;;1;;;4
20230313;03;2023;7385153;1;1;01;;2;756.13617268;47;1;1;2;1;1;2;2;2;;1;1;1;1;2;1;4;1;1;4;1;;;8000000;120000;;;;;;;;;;1;;;5
20230313;03;2023;7385154;1;1;01;;2;440.40330243;47;1;1;2;1;1;1;2;2;;1;1;2;1;2;1;4;1;5;3;5;;;;180000;;;;;;;;;;1;;;6
20230313;03;2023;7385155;1;1;01;;2;637.23414524;47;1;1;4;1;1;1;2;2;;1;1;4;1;2;1;4;1;1;3;1;;;10000000;180000;;;;;;;;;;1;;;3
20230313;03;2023;7385156;1;1;01;;2;1207.0290851;47;1;4;1;1;1;1;2;2;;1;1;2;2;6;;4;1;2;3;5;;;;80000;;;;;;;;;;1;;;8
20230313;03;2023;7385157;1;1;01;;2;1223.2405257;47;1;1;1;1;1;2;2;2;;1;1;3;2;6;;4;1;5;5;5;;;;150000;;;;;;;;;;1;;;3
20230313;03;2023;7385158;1;1;01;;2;709.34833059;47;1;1;1;1;1;1;2;2;;1;1;4;1;2;1;4;1;4;3;3;;;;;100000;;;;;;;;;1;;;6
20230313;03;2023;7385160;1;1;01;;2;920.97778706;47;2;1;2;1;1;1;2;2;;1;1;2;1;2;1;4;1;1;3;3;;;;;50000;;1;;;;;;;;;;1
20230313;03;2023;7385161;1;1;01;;1;586.28324734;47;1;1;4;1;2;1;1;1;2;1;1;3;1;1;1;1;10;1;3;1;;;200000000;350000;;;1;;;;;;;;;;1
20230313;03;2023;7385166;1;1;01;;1;581.33172146;47;1;1;1;1;1;2;2;1;2;1;1;4;3;2;1;1;1;4;4;5;;;;100000;;;;;;;;;;1;;;4
20230313;03;2023;7385167;1;1;01;;1;702.90268756;47;1;4;1;1;1;2;2;1;2;1;1;3;2;2;1;1;1;4;4;5;;;;70000;;;;;;;;;;1;;;4
20230313;03;2023;7385168;1;1;01;;1;673.85825943;47;1;1;2;1;1;2;2;1;2;1;1;4;3;2;1;1;1;5;5;5;;;;150000;;;;;;;;;;1;;;5
20230313;03;2023;7385169;1;1;01;;1;401.95179246;47;1;1;2;1;1;2;2;1;2;1;1;4;2;2;1;1;1;1;4;5;;;;200000;;;;;;;;;;1;;;3
20230313;03;2023;7385170;1;1;01;;1;361.93503599;47;1;1;4;1;1;2;2;1;2;1;1;4;2;2;1;1;1;1;4;5;;;;200000;;;1;;;;;;;;;;4
20230313;03;2023;7385171;1;1;01;;1;501.60291313;47;1;1;2;1;1;2;2;1;2;1;1;4;4;2;1;1;1;5;5;1;;;50000000;400000;;;1;;;;;;;;;;16
20230313;03;2023;7385172;1;1;01;;1;549.09142836;47;1;1;2;1;1;2;2;1;2;1;1;3;2;2;1;1;1;5;5;5;;;;300000;;;;;;;;;;1;;;8
20230313;03;2023;7385173;1;1;01;;1;688.60147139;47;2;4;2;1;1;1;2;1;2;1;1;4;3;2;1;1;1;1;3;5;;;;200000;;;;;;;;;;1;;;6
20230313;03;2023;7385175;1;1;01;;1;617.68649154;47;1;4;1;1;1;1;2;1;2;1;1;4;3;2;1;1;1;4;4;5;;;;70000;;;;;;;;;;1;;;12
20230313;03;2023;7385176;1;1;01;;1;1000.4059268;47;2;4;1;1;1;2;2;1;2;1;1;2;1;6;;1;1;6;;5;;;;150000;;;;;;;;;;1;;;3
20230313;03;2023;7385177;1;1;01;;1;792.52714712;47;1;1;4;1;1;1;2;1;2;1;1;3;2;2;1;1;1;1;3;5;;;;400000;;;;;;;;;;1;;;6
20230313;03;2023;7385178;1;1;01;;1;484.74623261;47;1;1;4;1;1;2;2;1;2;1;1;3;1;2;1;1;1;1;5;5;;;;150000;;;;;;;;;;1;;;2
20230313;03;2023;7385179;1;1;01;;2;1035.8888909;47;1;2;1;1;1;2;2;1;1;1;1;3;2;2;1;1;1;5;5;3;;;;;50000;;;;;;;;;1;;;6
20230313;03;2023;7385180;1;1;01;;2;1035.8888909;47;1;4;2;1;1;2;2;1;1;1;1;3;2;2;1;1;5;2;4;5;;;;60000;;;;;;;;;;1;;;6
20230313;03;2023;7385181;1;1;01;;2;814.66571239;47;1;5;1;1;1;2;2;1;1;1;1;2;1;2;1;1;2;5;5;3;;;;;50000;;;;;;;;;1;;;3
20230313;03;2023;7385182;1;1;01;;2;905.17581828;47;1;1;2;1;1;1;2;1;1;1;1;3;2;2;1;1;5;1;3;5;;;;100000;;;;;;;;;;1;;;4
20230313;03;2023;7385183;1;1;01;;2;1086.6087643;47;2;1;2;1;1;2;2;1;1;1;1;1;1;2;1;1;2;2;4;5;;;;50000;;;;;;;;;;1;;;2
20230313;03;2023;7385184;1;1;01;;2;1177.1188702;47;1;1;1;1;1;1;2;1;1;1;1;3;2;2;1;1;5;1;3;5;;;;50000;;;;;;;;;;1;;;3
20230313;03;2023;7385186;1;1;01;;2;1293.818689;47;1;5;1;1;1;2;2;1;1;1;1;3;2;2;1;1;2;5;5;4;;;;70000;;;;;;;;;;1;;;2
20230313;03;2023;7385187;1;1;01;;2;449.34024276;47;1;4;1;1;1;2;2;1;1;1;1;3;2;2;1;1;1;5;5;5;;;;50000;;;;;;;;;;1;;;7
20230313;03;2023;7385188;1;1;01;;2;905.17581828;47;1;1;2;1;1;1;2;1;1;1;1;2;1;2;1;1;5;1;3;5;;;;100000;;;;;;;;;;1;;;4
20230313;03;2023;7385189;1;1;01;;2;766.92842203;47;1;4;1;1;1;2;2;1;1;1;1;2;1;6;;1;5;5;5;3;;;;;100000;;;;;;;;;1;;;4
20230313;03;2023;7385191;1;1;01;;2;905.17581828;47;1;1;1;1;1;2;2;1;1;1;1;3;2;2;1;1;5;5;5;3;;;;;100000;;;;;;;;;1;;;4
20230313;03;2023;7385192;1;1;01;;1;336.46023498;47;1;1;2;1;1;2;2;1;2;1;1;4;3;2;1;1;1;1;4;3;;;;;120000;;;;;;;;;1;;;5
20230313;03;2023;7385193;1;1;01;;1;570.12470865;47;1;5;1;1;1;2;2;1;2;1;1;2;1;2;1;1;1;5;5;3;;;;;100000;;;;;;;;;1;;;3
20230313;03;2023;7385194;1;1;01;;1;479.95774969;47;1;1;1;1;1;2;2;1;2;1;1;2;1;2;1;1;1;5;5;5;;;;150000;;;;;;;;;;1;;;2
20230313;03;2023;7385195;1;1;01;;1;254.36266716;47;1;1;1;1;1;1;2;1;2;1;1;3;2;2;1;1;1;4;3;6;;;;100000;;;;;;;;;;1;;;4
20230313;03;2023;7385196;1;1;01;;1;555.73462104;47;1;1;2;1;1;2;2;1;2;1;1;3;2;2;1;1;1;4;1;5;;;;150000;;;;;;;;;;1;;;3
20230313;03;2023;7385197;1;1;01;;1;781.84492814;47;1;1;1;1;1;2;2;1;2;1;1;3;2;2;1;1;1;1;4;5;;;;150000;;;;;;;;;;1;;;5
20230313;03;2023;7385198;1;1;01;;1;585.66266665;47;1;5;1;1;1;2;2;1;2;1;1;3;2;2;1;1;1;4;4;5;;;;150000;;;;;;;;;;1;;;3
20230313;03;2023;7385199;1;1;01;;1;416.54086479;47;1;1;2;1;1;2;2;1;2;1;1;3;2;2;1;1;1;4;4;4;;;;100000;;;;;;;;;;1;;;3
20230313;03;2023;7385200;1;1;01;;1;725.21052283;47;1;1;2;1;1;2;2;1;2;1;1;3;2;2;1;1;1;1;4;3;;;;;150000;;;;;;;;;1;;;3
20230313;03;2023;7385201;1;1;01;;1;415.49677081;47;1;1;1;1;1;1;2;1;2;1;1;3;1;2;1;1;5;1;3;1;;;30000000;200000;;;;;;;;;;1;;;2
20230313;03;2023;7385202;1;1;01;;1;318.82364603;47;1;1;1;1;1;2;2;1;2;1;1;3;2;2;1;1;1;5;5;3;;;;;180000;;;;;;;;;1;;;4
20230313;03;2023;7385203;1;1;01;;1;395.64461137;47;1;1;2;1;1;1;2;1;2;1;1;3;2;2;1;1;1;1;3;5;;;;250000;;;;;;;;;;1;;;6
20230313;03;2023;7385204;1;1;01;;2;955.65175377;47;1;4;1;1;1;2;2;2;;1;1;2;2;6;;4;1;5;5;5;;;;75000;;;;;;;;;;1;;;3
20230313;03;2023;7385205;1;1;01;;2;1138.9901171;47;2;4;1;1;1;2;2;2;;1;1;1;1;2;2;3;1;5;5;5;;;;200000;;;;;;;;;;1;;;1
20230313;03;2023;7385206;1;1;01;;2;1437.8834903;47;1;4;1;1;1;2;2;2;;1;1;3;2;2;1;4;1;5;5;5;;;;50000;;;;;;;;;;1;;;10
20230313;03;2023;7385207;1;1;01;;2;1577.4358068;47;2;4;1;1;1;2;2;2;;1;1;1;1;2;2;3;1;5;5;5;;;;60000;;;;;;;;;;1;;;5
20230313;03;2023;7385208;1;1;01;;2;1533.4050028;47;1;1;2;1;1;2;2;2;;1;1;3;2;2;1;4;10;5;5;4;;;;100000;;;;;;;;;;1;;;3
20230313;03;2023;7385209;1;1;01;;2;1433.9976933;47;2;4;1;1;1;2;2;2;;1;1;2;1;2;2;4;1;5;5;5;;;;120000;;;;;;;;;;1;;;5
20230313;03;2023;7385210;1;1;01;;2;777.54033837;47;1;1;2;1;1;2;2;2;;1;1;3;1;2;1;4;1;4;4;5;;;;150000;;;;;;;;;;1;;;2
20230313;03;2023;7385211;1;1;01;;2;1966.0119435;47;1;1;2;1;1;2;2;2;;1;1;4;3;2;1;3;1;5;5;5;;;;150000;;;;;;;;;;1;;;5
20230313;03;2023;7385212;1;1;01;;2;987.39686031;47;2;5;2;1;1;2;2;2;;1;1;2;1;2;1;3;1;6;;4;;;;50000;;;;;;;;;;1;;;1
20230313;03;2023;7385213;1;1;01;;2;1458.5558583;47;1;1;2;1;1;2;2;2;;1;1;2;1;2;1;4;1;5;5;4;;;;100000;;;;;;;;;;1;;;1
20230313;03;2023;7385214;1;1;01;;2;719.27707316;47;2;1;2;1;1;2;2;2;;1;1;4;2;2;1;4;1;1;4;5;;;;70000;;;1;;;;;;;;;;3
20230313;03;2023;7385215;1;1;01;;1;616.87810551;47;1;1;2;1;1;2;2;1;2;1;1;3;2;2;1;1;1;4;4;5;;;;150000;;;1;;;;;;;;;;4
20230313;03;2023;7385217;1;1;01;;1;622.23640094;47;1;1;2;1;1;1;2;1;2;1;1;3;1;2;1;1;1;1;3;5;;;;150000;;;;;;;;;;1;;;1
20230313;03;2023;7385218;1;1;01;;1;820.84406606;47;1;1;4;1;1;2;2;1;2;1;1;4;1;2;1;1;1;1;1;4;;;;500000;;;;;;;;;;1;;;3
20230313;03;2023;7385219;1;1;01;;1;422.53826588;47;1;1;4;1;0;2;2;1;2;1;1;4;3;2;1;1;1;1;4;5;;;;150000;;;;;;;;;;1;;;5
20230313;03;2023;7385220;1;1;01;;1;1270.9292588;47;1;1;2;1;1;2;2;1;2;1;1;3;2;2;1;1;9;1;4;3;;;;;80000;;;;;;;;;1;;;6
20230313;03;2023;7385221;1;1;01;;1;747.63744963;47;1;1;4;1;1;2;2;1;2;1;1;4;2;2;1;1;1;1;1;5;;;;200000;;;;;;;;;;1;;;3
20230313;03;2023;7385222;1;1;01;;1;641.52121689;47;1;1;4;1;1;2;2;1;2;1;1;4;1;2;1;1;1;1;4;5;;;;300000;;;;;;;;;;1;;;2
20230313;03;2023;7385223;1;1;01;;1;593.9017199;47;1;4;1;1;1;1;2;1;2;1;1;3;2;2;1;1;1;1;3;5;;;;100000;;;;;;;;;;1;;;8
20230313;03;2023;7385224;1;1;01;;1;1051.1894017;47;1;1;2;1;1;2;2;1;2;1;1;3;1;6;;1;1;4;4;5;;;;270000;;;;;;;;;;1;;;3
20230313;03;2023;7385225;1;1;01;;1;1133.0454748;47;1;1;2;1;1;2;2;1;2;1;1;3;2;2;1;1;1;1;4;5;;;;200000;;;;;;;;;;1;;;4
20230313;03;2023;7385226;1;1;01;;1;1168.0149102;47;1;4;1;1;1;2;2;1;2;1;1;3;2;2;1;1;1;1;4;5;;;;150000;;;;;;;;;;1;;;4
20230313;03;2023;7385227;1;1;01;;1;1262.5856141;47;2;1;2;1;1;2;2;1;2;1;1;1;1;2;1;1;1;1;4;3;;;;;150000;;;;;;;;;1;;;6
20230313;03;2023;7385228;1;1;01;;1;969.33332852;47;1;4;1;1;1;2;2;1;2;1;1;2;1;2;1;1;1;1;4;3;;;;;150000;;;;;;;;;1;;;2
20230313;03;2023;7385229;1;1;01;;1;1189.0731856;47;2;1;2;1;1;1;2;1;2;1;1;4;2;2;1;1;1;1;3;3;;;;;250000;;;;;;;;;1;;;5
20230313;03;2023;7385230;1;1;01;;1;928.81902533;47;1;1;2;1;1;2;2;1;2;1;1;4;3;2;1;1;1;1;4;3;;;;;150000;;;;;;;;;1;;;7
20230313;03;2023;7385231;1;1;01;;2;1271.7003151;47;1;5;1;2;;2;2;2;;2;1;3;2;6;;4;4;5;5;4;;;;100000;;;;;;;;;;1;;;4
20230313;03;2023;7385232;1;1;01;;2;633.31572138;47;1;5;1;2;;2;2;2;;2;1;3;2;6;;5;5;5;5;5;;;;300000;;;;;;;;;;1;;;3
20230313;03;2023;7385233;1;1;01;;2;1125.1235382;47;2;5;1;2;;2;2;2;;2;1;2;1;6;;4;5;5;5;5;;;;50000;;;;;;;;;;1;;;4
20230313;03;2023;7385234;1;1;01;;2;1016.4406492;47;1;5;1;2;;2;2;2;;2;1;3;2;6;;4;5;5;5;4;;;;300000;;;;;;;;;;1;;;3
20230313;03;2023;7385235;1;1;01;;2;601.82073102;47;1;5;1;2;;2;2;2;;2;1;3;2;6;;4;4;5;5;1;;;2500000;150000;;;;;;;;;;1;;;3
20230313;03;2023;7385236;1;1;01;;2;1488.82368;47;1;5;1;2;;2;2;2;;2;1;3;2;6;;4;5;5;5;4;;;;200000;;;;;;;;;;1;;;5
20230313;03;2023;7385237;1;1;01;;2;1396.1801218;47;1;5;1;2;;2;2;2;;2;1;2;1;6;;4;5;5;5;5;;;;100000;;;;;;;;;;1;;;3
20230313;03;2023;7385238;1;1;01;;2;780.77961072;47;1;2;1;2;;2;2;2;;2;1;2;2;6;;4;4;5;5;1;;;20000000;200000;;;;;;;;;;1;;;3
20230313;03;2023;7385239;1;1;01;;2;1271.7003151;47;1;5;1;2;;2;2;2;;2;1;3;2;6;;4;5;5;5;1;;;9000000;90000;;;;;;;;;;1;;;4
20230313;03;2023;7385240;1;1;01;;2;919.89653627;47;2;5;1;2;;2;2;2;;2;1;1;1;6;;4;5;5;5;4;;;;100000;;;;;;;;;;1;;;2
20230313;03;2023;7385241;1;1;01;;1;1295.4440216;47;1;1;4;1;0;2;1;1;2;1;1;3;2;2;1;3;1;1;4;3;;;;;350000;;;;;;;;;1;;;4
20230313;03;2023;7385242;1;1;01;;1;1167.0427042;47;1;1;2;1;0;2;1;1;2;1;1;3;1;2;1;1;1;1;4;3;;;;;200000;;;;;;;;;1;;;3
20230313;03;2023;7385243;1;1;01;;1;1064.0864299;47;1;4;2;1;0;2;1;1;2;1;1;2;2;2;1;1;1;1;4;5;;;;150000;;;;;;;;;;1;;;4
20230313;03;2023;7385245;1;1;01;;1;1229.8916;47;1;1;2;1;0;2;1;1;2;1;1;2;1;1;1;1;1;4;4;5;;;;200000;;;;;;;;;;1;;;3
20230313;03;2023;7385246;1;1;01;;1;1033.6956907;47;1;1;4;1;0;2;1;1;2;1;1;4;3;1;1;1;1;1;4;3;;;;;420000;;1;;;;;;;;;;6
20230313;03;2023;7385247;1;1;01;;1;1306.696442;47;1;1;2;1;0;2;1;1;2;1;1;3;1;1;1;1;1;1;4;5;;;;200000;;;;;;;;;;1;;;1
20230313;03;2023;7385248;1;1;01;;1;1419.4284587;47;1;1;4;1;0;2;1;1;2;1;1;3;2;1;1;1;1;1;4;3;;;;;240000;;;;;;;;;1;;;7
20230313;03;2023;7385249;1;1;01;;1;1076.6162826;47;1;1;4;1;0;2;1;1;2;1;1;3;2;1;1;1;1;1;4;3;;;;;500000;;;;;;;;;1;;;4
20230313;03;2023;7385250;1;1;01;;1;1056.4990757;47;1;1;2;1;0;2;1;1;2;1;1;4;3;2;1;1;1;1;4;3;;;;;400000;;;;;;;;;1;;;7
20230313;03;2023;7385251;1;1;01;;1;1167.0427042;47;1;1;2;1;0;2;1;1;2;1;1;3;2;1;1;1;1;1;1;3;;;;;400000;;;;;;;;;1;;;3
20230313;03;2023;7385252;1;1;01;;1;7621.3097985;25;2;1;4;1;2;1;1;1;3;1;1;3;2;1;1;1;1;1;3;3;;;;;600000;;;;;;;;;1;;;5
20230313;03;2023;7385253;1;1;01;;1;5495.6376845;25;3;1;4;1;2;1;1;1;3;1;1;1;1;1;2;1;1;1;3;3;;;;;300000;;1;;;;1;;;;;;1
20230313;03;2023;7385254;1;1;01;;1;6433.5217574;25;1;1;4;1;2;1;1;1;3;1;1;4;4;1;1;1;1;1;3;1;;;120000000;800000;;;;;;;1;;;;;;4
20230313;03;2023;7385255;1;1;01;;1;6019.6018512;25;1;1;2;1;2;1;1;1;3;1;1;3;2;1;1;1;1;1;3;3;;;;;500000;;;;;;;;;1;;;4
20230313;03;2023;7385256;1;1;01;;1;7828.6018392;25;2;1;2;1;2;1;1;1;3;1;1;4;3;1;1;1;1;1;3;2;;730000;98;700000;;;1;;;;;1;;;;;3
20230313;03;2023;7385258;1;1;01;;1;9052.1006957;25;2;1;4;1;3;2;1;1;2;1;1;2;2;1;1;1;1;6;;3;;;;;650000;;1;;;;1;;;;;;4
20230313;03;2023;7385259;1;1;01;;1;6251.7153175;25;2;1;4;1;3;1;1;1;3;1;1;4;3;1;1;1;1;1;3;3;;;;;500000;;1;;;;;;;;;;3
20230313;03;2023;7385260;1;1;01;;1;6703.4410191;25;2;1;4;1;3;1;1;1;2;1;1;4;2;1;1;1;1;1;3;4;;;;250000;;;1;;;;;;;;;;2
20230313;03;2023;7385261;1;1;01;;1;4785.8061709;25;2;1;4;1;3;1;1;1;3;1;1;3;2;1;1;1;1;1;3;3;;;;;700000;;;;;;;;;1;;;2
20230313;03;2023;7385262;1;1;01;;1;6798.8477492;25;2;1;4;1;3;1;1;1;2;1;1;4;2;1;1;1;1;1;3;3;;;;;700000;;;;;;;;;1;;;3
20230313;03;2023;7385263;1;1;01;;1;6292.476404;25;1;1;4;1;3;1;1;1;2;1;1;6;3;1;1;1;1;1;3;1;;;450000000;1200000;;;1;;;;1;;;;;;3
20230313;03;2023;7385265;1;1;01;;1;4667.1135574;25;2;1;4;1;3;1;1;1;3;1;1;3;1;1;1;1;1;1;3;4;;;;800000;;;;;;;;;;;1;;1
20230313;03;2023;7385266;1;1;01;;1;5042.1033073;25;2;1;4;1;3;1;1;1;2;1;1;2;2;1;1;1;1;1;3;3;;;;;1100000;;;;;;;;;1;;;3
20230313;03;2023;7385267;1;1;01;;1;7055.8860446;25;1;1;4;1;3;1;1;1;2;1;1;4;3;1;1;1;1;1;3;3;;;;;750000;;1;;;;;;;;;;6
20230313;03;2023;7385268;1;1;01;;2;1517.1306867;25;1;1;4;1;2;2;2;1;1;1;1;4;1;2;1;1;1;1;4;1;;;98;500000;;;;;;;;;;1;;;1
20230313;03;2023;7385269;1;1;01;;2;1573.5843865;25;1;1;2;1;2;2;2;1;1;1;1;1;1;2;1;5;1;1;4;1;;;80000000;500000;;;;;;;;;;1;;;2
20230313;03;2023;7385270;1;1;01;;2;1573.5843865;25;1;1;4;1;2;2;2;1;1;1;1;4;1;2;1;1;1;1;4;3;;;;;300000;;;;;;;;;1;;;2
20230313;03;2023;7385271;1;1;01;;2;1958.3685586;25;1;1;3;1;2;2;2;1;1;1;1;3;2;2;1;1;1;1;4;3;;;;;480000;;1;;;;;;;;;;3
20230313;03;2023;7385272;1;1;01;;2;1087.9524957;25;1;1;4;1;2;2;2;1;1;1;1;5;4;2;1;1;1;3;4;2;;1300000;400000000;500000;;;1;;;;1;;;;;;4
20230313;03;2023;7385273;1;1;01;;2;1958.3685586;25;1;1;4;1;2;2;2;1;1;1;1;3;2;2;1;1;4;1;4;3;;;;;500000;;1;;;;;;;;;;3
20230313;03;2023;7385274;1;1;01;;2;1758.4376635;25;1;1;4;1;2;2;2;1;1;1;1;5;4;2;1;1;1;1;4;1;;;98;600000;;;1;;;;;;;;;;8
20230313;03;2023;7385275;1;1;01;;2;1958.3685586;25;1;1;4;1;2;2;2;1;1;1;1;4;2;2;1;1;1;1;4;1;;;150000000;800000;;;1;;;;;;;;;;3
20230313;03;2023;7385276;1;1;01;;2;1350.846312;25;1;1;4;1;2;2;2;1;1;1;1;4;2;2;1;1;1;1;4;4;;;;400000;;;1;;;;;;;;;;3
20230313;03;2023;7385278;1;1;01;;2;1716.6375125;25;2;1;4;1;2;2;2;1;1;1;1;4;1;2;1;1;1;1;5;4;;;;350000;;;;;;;;;;1;;;2
20230313;03;2023;7385279;1;1;01;;2;2952.4407107;25;1;1;4;1;2;2;2;1;1;1;1;4;3;2;1;1;1;1;4;4;;;;700000;;;;;;;;;;1;;;5
20230313;03;2023;7385280;1;1;01;;2;1186.8572681;25;1;1;4;1;2;2;2;1;1;1;1;3;1;2;1;1;1;1;5;4;;;;650000;;;1;;;;;;;;;;2
20230313;03;2023;7385282;1;1;01;;2;3766.0455906;25;2;1;4;1;2;2;2;1;1;1;1;4;3;2;1;1;1;1;4;3;;;;;500000;;;;;;;;;1;;;4
20230313;03;2023;7385283;1;1;01;;2;2853.5197529;25;2;1;4;1;2;2;2;1;1;1;1;3;2;2;2;1;1;1;4;3;;;;;300000;;1;;;;1;;;;;;4
20230313;03;2023;7385284;1;1;01;;2;1186.8572681;25;2;1;4;1;2;2;2;1;1;1;1;4;2;2;1;1;1;1;4;3;;;;;700000;;;;;;;;;1;;;4
20230313;03;2023;7385285;1;1;01;;2;3205.3149875;25;1;1;4;1;2;2;2;1;1;1;1;4;3;2;1;1;1;1;4;3;;;;;450000;;1;;;;;;;;;;4
20230313;03;2023;7385286;1;1;01;;2;1186.8572681;25;1;1;2;1;2;2;2;1;1;1;1;3;2;2;1;1;1;1;4;3;;;;;400000;;1;;;;;;;;;;2
20230313;03;2023;7385287;1;1;01;;2;2807.0488874;25;1;1;2;1;2;2;2;1;1;1;1;3;1;2;1;1;1;1;4;3;;;;;600000;;;;;;;;;1;;;1
20230313;03;2023;7385288;1;1;01;;2;2136.4020639;25;2;1;4;1;2;2;2;1;1;1;1;1;1;2;1;1;1;1;4;3;;;;;150000;;;;;;1;;;;;;3
20230313;03;2023;7385290;1;1;01;;1;7447.1051882;25;1;1;4;1;2;1;1;1;3;1;1;4;3;1;1;1;1;1;3;2;;1200000;98;600000;;;1;;1;;;;;;;;4
20230313;03;2023;7385291;1;1;01;;1;5495.6376845;25;2;1;4;1;2;1;1;1;3;1;1;2;1;1;1;1;1;1;3;4;;;;300000;;;1;;;;;;;;;;1
20230313;03;2023;7385292;1;1;01;;1;4814.433051;25;3;1;4;1;2;1;1;1;3;1;1;1;1;1;1;1;1;1;3;3;;;;;350000;;1;;;;;;;;;;5
20230313;03;2023;7385293;1;1;01;;1;6235.1088523;25;2;1;4;1;2;1;1;1;3;1;1;2;1;1;1;1;1;1;4;3;;;;;350000;;;;;;;;;1;;;1
20230313;03;2023;7385295;1;1;01;;1;4535.6396773;25;3;1;4;1;2;1;1;1;3;1;1;1;1;1;2;1;1;1;3;3;;;;;230000;;;;;;;;;1;;;1
20230313;03;2023;7385296;1;1;01;;1;5605.5504382;25;2;1;4;1;3;1;1;1;2;1;1;3;1;1;1;1;1;1;3;4;;;;600000;;;1;;;;1;1;;;;;1
20230313;03;2023;7385298;1;1;01;;1;3392.9028251;25;1;1;4;1;2;1;1;1;2;1;1;4;3;1;1;1;1;1;3;1;;;99;500000;;;;;1;;;;;;;;3
20230313;03;2023;7385300;1;1;01;;1;309.13670757;18;1;1;4;1;1;1;1;1;2;1;1;3;2;1;1;1;1;1;3;3;;;;;300000;;1;;;;;;;;;;2
20230313;03;2023;7385301;1;1;01;;1;270.06990737;18;1;1;2;1;1;1;1;1;2;1;1;3;1;1;1;1;1;1;3;4;;;;230000;;;;;;;;;;1;;;1
20230313;03;2023;7385302;1;1;01;;1;834.21308749;18;1;1;2;1;1;1;1;1;2;1;1;3;2;1;1;1;1;1;3;4;;;;200000;;;;;;;;;;1;;;3
20230313;03;2023;7385303;1;1;01;;1;584.17500203;18;1;1;4;1;1;1;1;1;2;1;1;4;3;1;1;1;1;1;3;1;;;60000000;350000;;;1;;;;;;;;;;3
20230313;03;2023;7385305;1;1;01;;1;244.69266136;18;1;1;4;1;1;1;1;1;2;1;1;4;1;1;1;1;1;1;3;1;;;50000000;400000;;;1;;;;;;;;;;2
20230313;03;2023;7385306;1;1;01;;1;314.36750501;18;2;1;4;1;1;1;1;1;2;1;1;3;1;1;1;1;1;1;3;4;;;;350000;;;;;;;;;;1;;;1
20230313;03;2023;7385307;1;1;01;;1;270.06990737;18;2;1;4;1;1;2;1;1;2;1;1;3;1;1;1;1;1;1;4;3;;;;;300000;;;;;;;;;1;;;1
20230313;03;2023;7385308;1;1;01;;1;283.75946156;18;1;1;4;1;1;1;1;1;2;1;1;3;2;1;1;1;1;1;3;1;;;50000000;300000;;;;;;;;;;1;;;3
20230313;03;2023;7385309;1;1;01;;1;380.09842745;18;1;5;2;1;1;1;1;1;2;1;1;3;2;1;1;1;1;1;3;3;;;;;100000;;;;;;;;;1;;;2
20230313;03;2023;7385310;1;1;01;;1;314.36750501;18;1;1;2;1;1;1;1;1;2;1;1;3;1;1;1;1;1;6;;4;;;;150000;;;;;;;;;;1;;;1
20230313;03;2023;7385311;1;1;01;;1;238.59527816;18;1;1;4;1;1;1;1;1;2;1;1;4;3;1;1;1;1;1;3;1;;;40000000;300000;;;1;;;;;;;;;;4
20230313;03;2023;7385312;1;1;01;;1;272.68485123;18;1;1;2;1;1;1;1;1;2;1;1;3;1;1;1;1;1;3;3;4;;;;200000;;;1;;;;;;;;;;2
20230313;03;2023;7385313;1;1;01;;1;212.80261878;18;1;1;2;1;1;1;1;1;2;1;1;3;1;1;1;1;1;3;3;1;;;50000000;150000;;;;;;;;;;1;;;1
20230313;03;2023;7385315;1;1;01;;1;182.81655268;18;1;1;2;1;1;1;1;1;2;1;1;3;1;1;1;1;1;1;3;5;;;;200000;;;;;;;;;;1;;;1
20230313;03;2023;7385316;1;1;01;;1;165.63810923;18;1;1;4;1;1;1;1;1;2;1;1;4;1;1;1;1;1;1;3;4;;;;300000;;;;;;;;;;1;;;2
20230313;03;2023;7385317;1;1;01;;1;165.63810923;18;1;1;2;1;1;1;1;1;2;1;1;3;1;1;1;1;1;1;3;4;;;;300000;;;1;;;;1;;;;;;2
20230313;03;2023;7385318;1;1;01;;1;209.26177128;18;1;1;4;1;1;1;1;1;2;1;1;4;1;1;1;1;1;1;3;1;;;70000000;300000;;;1;;;;;;;;;;2
20230313;03;2023;7385319;1;1;01;;1;646.04259933;18;1;1;2;1;1;1;1;1;2;1;1;5;3;1;1;1;1;1;3;3;;;;;180000;;;;;;;;;1;;;5
20230313;03;2023;7385320;1;1;01;;1;306.27558141;18;1;1;2;1;1;1;1;1;2;1;1;2;1;1;1;1;1;1;3;3;;;;;180000;;;;;;;;;1;;;1
20230313;03;2023;7385321;1;1;01;;1;165.63810923;18;1;1;2;1;1;1;1;1;2;1;1;3;1;1;1;1;1;1;3;1;;;25000000;100000;;;;;;;;;;1;;;2
20230313;03;2023;7385322;1;1;01;;1;646.04259933;18;1;1;4;1;1;1;1;1;2;1;1;3;2;1;1;1;1;1;3;3;;;;;400000;;1;;;;;;;;;;4
20230313;03;2023;7385323;1;1;01;;1;448.82363311;18;1;1;4;1;1;1;1;1;2;1;1;4;3;1;1;1;1;1;3;1;;;30000000;400000;;;;;;;;;;1;;;4
20230313;03;2023;7385324;1;1;01;;1;165.63810923;18;1;1;4;1;1;1;1;1;2;1;1;3;1;1;1;1;1;1;3;1;;;30000000;200000;;;;;;;;;;1;;;2
20230313;03;2023;7385325;1;1;01;;1;196.39033204;18;1;1;2;1;1;1;1;1;2;1;1;3;1;1;1;1;1;1;3;1;;;30000000;200000;;;;;;;;;;1;;;1
20230313;03;2023;7385326;1;1;01;;1;264.06835387;18;2;1;2;1;2;1;1;1;2;1;1;2;1;1;1;1;1;1;3;3;;;;;100000;;;;;;;;;1;;;1
20230313;03;2023;7385327;1;1;01;;1;307.38156045;18;2;1;2;1;2;1;1;1;2;1;1;3;1;1;1;1;1;1;3;1;;;70000000;400000;;;;;;;;;;1;;;1
20230313;03;2023;7385328;1;1;01;;1;350.78694655;18;2;1;2;1;2;1;1;1;2;1;1;3;1;1;1;1;1;3;3;3;;;;;250000;;1;;;;;;;;;;1
20230313;03;2023;7385329;1;1;01;;1;483.983281;18;2;1;4;1;2;1;1;1;2;1;1;4;2;1;1;1;1;1;3;4;;;;400000;;;1;;;;;;;;;;2
20230313;03;2023;7385330;1;1;01;;1;264.06835387;18;2;1;2;1;2;1;1;1;2;1;1;2;1;1;1;1;1;1;3;3;;;;;110000;;;;;;;;;1;;;1
20230313;03;2023;7385331;1;1;01;;1;307.38156045;18;2;1;2;1;2;1;1;1;2;1;1;2;1;1;1;1;1;1;3;3;;;;;120000;;;;;;;;;1;;;1
20230313;03;2023;7385332;1;1;01;;1;442.39806204;18;2;1;2;1;2;1;1;1;2;1;1;2;1;1;1;4;1;1;3;3;;;;;100000;;;;;;;;;1;;;1
20230313;03;2023;7385333;1;1;01;;1;442.39806204;18;2;1;2;1;2;1;1;1;2;1;1;3;1;1;1;1;1;1;3;3;;;;;150000;;;;;;;;;1;;;1
20230313;03;2023;7385334;1;1;01;;1;857.40471723;18;1;1;4;1;2;1;1;1;2;1;1;3;2;1;1;1;1;1;3;3;;;;;250000;;;;;;;;;1;;;5
20230313;03;2023;7385335;1;1;01;;1;307.38156045;18;1;1;4;1;2;1;1;1;2;1;1;3;1;1;1;1;1;1;3;1;;;70000000;400000;;;1;;;;1;;;;;;1
20230313;03;2023;7385336;1;1;01;;1;286.91012379;18;1;1;2;1;1;1;1;1;3;1;1;2;1;1;1;1;1;1;3;3;;;;;150000;;1;;;;;;;;;;3
20230313;03;2023;7385337;1;1;01;;1;359.69578705;18;2;1;4;1;1;1;1;1;3;1;1;3;2;1;1;1;1;1;3;3;;;;;250000;;1;;;;;;;;;;3
20230313;03;2023;7385338;1;1;01;;1;154.88276151;18;1;1;2;1;1;1;1;1;3;1;1;4;2;1;1;1;1;1;3;1;;;30000000;400000;;;1;;;;;;;;;;3
20230313;03;2023;7385339;1;1;01;;1;359.69578705;18;1;1;2;1;1;1;1;1;3;1;1;3;2;1;1;1;1;1;3;4;;;;200000;;;;;;;;;;1;;;3
20230313;03;2023;7385340;1;1;01;;1;183.02369669;18;1;1;2;1;1;1;1;1;3;1;1;4;1;1;1;1;1;1;4;1;;;18000000;200000;;;;;;;;;;1;;;1
20230313;03;2023;7385341;1;1;01;;1;359.69578705;18;1;5;2;1;1;2;1;1;3;1;1;3;1;1;1;1;1;1;4;4;;;;200000;;;;;;;;;;1;;;3
20230313;03;2023;7385342;1;1;01;;1;138.90936285;18;1;5;2;1;1;1;1;1;3;1;1;2;1;1;1;1;1;1;3;1;;;15000000;200000;;;;;;;;;;1;;;3
20230313;03;2023;7385343;1;1;01;;1;138.90936285;18;1;1;2;1;1;1;1;1;3;1;1;4;3;1;1;1;1;1;3;1;;;60000000;300000;;;;;;;;;;1;;;5
20230313;03;2023;7385344;1;1;01;;1;421.27078917;18;1;1;2;1;1;1;1;1;3;1;1;3;2;1;1;1;1;1;3;3;;;;;150000;;;;;;;;;1;;;7
20230313;03;2023;7385345;1;1;01;;1;138.90936285;18;1;1;2;1;1;1;1;1;3;1;1;4;3;1;1;1;1;1;3;3;;;;;150000;;;;;;;;;1;;;2
20230313;03;2023;7385346;1;1;01;;1;183.02369669;18;1;1;2;1;1;1;1;1;3;1;1;3;1;1;1;1;1;1;4;4;;;;150000;;;;;;;;;;1;;;1
20230313;03;2023;7385348;1;1;01;;1;314.99305945;18;1;1;2;1;1;1;1;1;3;1;1;3;2;1;1;1;1;1;3;1;;;35000000;200000;;;1;;;;;;;;;;5
20230313;03;2023;7385349;1;1;01;;1;289.75798505;18;1;1;2;1;2;2;1;1;3;1;1;3;1;1;1;1;1;1;4;1;;;40000000;250000;;;;;;;;;;1;;;1
20230313;03;2023;7385350;1;1;01;;1;353.57021328;18;1;1;2;1;1;1;1;1;3;1;1;3;2;1;1;1;1;1;3;1;;;40000000;200000;;;1;;;;;;;;;;2
20230313;03;2023;7385351;1;1;01;;1;404.23486703;18;1;1;2;1;2;2;1;1;3;1;1;4;3;1;1;1;1;1;4;3;;;;;250000;;;;;;;;;1;;;3
20230313;03;2023;7385352;1;1;01;;1;283.82197099;18;1;1;2;1;1;1;1;1;3;1;1;2;1;1;1;1;1;1;3;3;;;;;300000;;1;;;;1;;;;;;4
20230313;03;2023;7385353;1;1;01;;1;199.46477761;18;1;1;2;1;2;1;1;1;3;1;1;4;2;1;1;1;1;1;3;3;;;;;400000;;1;;;;;;;;;;2
20230313;03;2023;7385355;1;1;01;;1;442.00213197;18;1;5;2;1;1;1;1;1;3;1;1;2;1;1;1;1;1;1;3;3;;;;;60000;;;;;;;;;1;;;2
20230313;03;2023;7385356;1;1;01;;1;389.17502273;18;1;1;2;1;1;1;1;1;3;1;1;3;2;1;1;1;1;1;3;3;;;;;250000;;1;;;;;;;;;;3
20230313;03;2023;7385357;1;1;01;;1;375.80558966;18;1;5;2;1;1;1;1;1;3;1;1;3;2;1;1;1;1;1;3;5;;;;150000;;;;;;;;;;1;;;3
20230313;03;2023;7385358;1;1;01;;1;389.17502273;18;1;1;2;1;1;1;1;1;3;1;1;2;1;1;1;1;1;1;3;1;;;18000000;200000;;;;;;;;;;1;;;3
20230313;03;2023;7385359;1;1;01;;1;240.66930579;18;1;1;2;1;1;1;1;1;3;1;1;3;2;1;1;1;1;1;3;3;;;;;100000;;;;;;;;;1;;;4
20230313;03;2023;7385360;1;1;01;;1;243.11642996;18;1;1;2;1;2;1;1;1;3;1;1;3;2;1;1;1;1;1;3;4;;;;200000;;;;;;;;;;1;;;2
20230313;03;2023;7385361;1;1;01;;1;312.03952174;18;2;1;2;1;1;1;1;1;3;1;1;2;1;1;1;1;1;1;3;3;;;;;150000;;;;;;;;;1;;;4
20230313;03;2023;7385362;1;1;01;;1;329.83265123;18;1;1;2;1;2;1;1;1;3;1;1;4;3;1;1;1;1;1;3;3;;;;;200000;;1;;;;;;;;;;5
20230313;03;2023;7385363;1;1;01;;1;139.29347784;18;1;1;4;1;1;1;1;1;3;1;1;4;1;1;1;1;1;1;3;1;;;60000000;300000;;;1;;;;1;;;;;;2
20230313;03;2023;7385364;1;1;01;;1;331.48713012;18;1;5;2;1;2;1;1;1;3;1;1;3;2;1;1;1;1;1;3;3;;;;;200000;;;;;;;;;1;;;4
20230313;03;2023;7385365;1;1;01;;1;428.00991838;18;2;1;2;1;1;1;1;1;3;1;1;4;3;1;1;1;1;1;3;1;;;35000000;200000;;;1;;;;;;;;;;5
20230313;03;2023;7385366;1;1;01;;1;204.22697221;18;1;1;2;1;2;2;1;1;3;1;1;3;1;1;1;1;1;1;4;1;;;30000000;200000;;;1;;;;;;;;;;1
20230313;03;2023;7385367;1;1;01;;1;415.86247386;18;1;4;4;1;1;1;1;1;3;1;1;3;2;1;1;1;1;1;3;3;;;;;200000;;;;;;;;;1;;;4
20230313;03;2023;7385368;1;1;01;;1;139.29347784;18;1;1;2;1;2;1;1;1;3;1;1;3;1;1;1;1;1;1;3;1;;;30000000;200000;;;1;;;;;;;;;;2
20230313;03;2023;7385369;1;1;01;;1;174.1168473;18;1;1;2;1;1;1;1;1;3;1;1;4;1;1;1;1;1;1;3;1;;;17000000;200000;;;1;;;;;;;;;;2
20230313;03;2023;7385370;1;1;01;;1;424.44387851;18;1;1;2;1;1;1;1;1;3;1;1;3;2;1;1;1;1;1;3;3;;;;;220000;;1;;;;;;;;;;2
20230313;03;2023;7385371;1;1;01;;1;432.41669192;18;1;5;2;1;1;1;1;1;3;1;1;4;2;1;1;1;1;1;3;3;;;;;200000;;;;;;;;;1;;;3
20230313;03;2023;7385372;1;1;01;;1;413.83966872;18;1;1;2;1;1;1;1;1;3;1;1;3;2;1;1;1;1;1;3;1;;;50000000;250000;;;;;;;;;;1;;;4
20230313;03;2023;7385373;1;1;01;;1;300.17343988;18;1;1;4;1;1;1;1;1;3;1;1;3;2;1;1;1;1;1;3;1;;;30000000;300000;;;1;;;;;;;;;;3
20230313;03;2023;7385374;1;1;01;;1;174.1168473;18;1;1;2;1;2;1;1;1;3;1;1;3;2;1;1;1;1;1;3;1;;;60000000;300000;;;;;;;;;;1;;;2
20230313;03;2023;7385375;1;1;01;;1;223.69562929;18;1;5;2;1;1;1;1;1;3;1;1;2;1;1;1;1;1;1;3;1;;;15000000;150000;;;;;;;;;;1;;;1
20230313;03;2023;7385376;1;1;01;;1;174.1168473;18;1;1;2;1;2;1;1;1;3;1;1;4;2;1;1;1;1;1;3;1;;;50000000;250000;;;;;;;;;;1;;;2
20230313;03;2023;7385377;1;1;01;;1;223.69562929;18;1;1;2;1;1;1;1;1;3;1;1;3;1;1;1;1;1;1;3;1;;;30000000;200000;;;;;;;;;;1;;;1
20230313;03;2023;7385378;1;1;01;;1;303.37629352;18;1;5;2;1;1;1;1;1;3;1;1;3;1;1;1;1;1;1;3;4;;;;150000;;;1;;;;;;;;;;2
20230313;03;2023;7385379;1;1;01;;2;177.71460126;18;1;1;2;1;1;2;2;2;;2;1;3;1;2;1;4;3;1;4;4;;;;200000;;;1;;;;;;;;;;1
20230313;03;2023;7385380;1;1;01;;2;301.02677679;18;4;5;3;1;1;2;2;2;;2;1;1;1;2;2;4;6;6;;4;;;;70000;;;;;;;;;;1;;;1
20230313;03;2023;7385381;1;1;01;;2;450.0046702;18;1;5;2;1;1;2;2;2;;2;1;4;2;2;1;4;3;1;5;4;;;;200000;;;;;;;;;;1;;;3
20230313;03;2023;7385382;1;1;01;;2;214.23531515;18;1;5;3;1;1;2;2;2;;2;1;2;1;6;;4;6;5;5;4;;;;60000;;;;;;;;;;1;;;2
20230313;03;2023;7385383;1;1;01;;2;383.80747246;18;1;5;2;1;1;2;2;2;;2;1;4;3;2;1;4;3;1;5;1;;;6000000;200000;;;;;;;;;;1;;;5
20230313;03;2023;7385384;1;1;01;;2;446.50797509;18;1;5;2;1;1;2;2;2;;2;1;3;2;2;1;4;3;1;4;4;;;;120000;;;;;;;;;;1;;;4
20230313;03;2023;7385385;1;1;01;;2;265.70771729;18;1;5;2;1;1;2;2;2;;2;1;5;2;2;1;4;6;1;4;1;;;8000000;350000;;;1;;;;1;;;;;;3
20230313;03;2023;7385386;1;1;01;;2;283.77539256;18;1;1;2;1;1;2;2;2;;2;1;4;2;2;1;4;3;1;5;1;;;10000000;100000;;;;;;;;;;1;;;3
20230313;03;2023;7385387;1;1;01;;2;665.88751689;18;1;5;1;1;1;2;2;2;;2;1;2;1;2;1;4;3;1;5;4;;;;150000;;;;;;;;;;1;;;5
20230313;03;2023;7385388;1;1;01;;2;230.6251284;18;1;5;3;1;1;2;2;2;;2;1;3;2;2;1;4;3;1;5;4;;;;70000;;;;;;;;;;1;;;2
20230313;03;2023;7385389;1;1;01;;2;230.6251284;18;1;5;2;1;1;2;2;2;;2;1;3;1;2;1;4;3;1;5;1;;;5000000;100000;;;1;;;;1;;;;;;2
20230313;03;2023;7385390;1;1;01;;2;328.13061968;18;1;5;2;1;1;2;2;2;;2;1;3;2;2;1;4;3;1;5;4;;;;100000;;;;;;;;;;1;;;3
20230313;03;2023;7385391;1;1;01;;2;214.59550149;18;1;1;2;1;1;2;2;2;;2;1;3;1;3;1;4;6;1;4;4;;;;200000;;;;;;;;;;1;;;1
20230313;03;2023;7385392;1;1;01;;2;215.0972253;18;1;1;2;1;1;2;2;2;;2;1;3;2;2;1;4;3;1;4;1;;;15000000;100000;;;;;;;;;;1;;;3
20230313;03;2023;7385393;1;1;01;;2;399.03399187;18;1;5;2;1;1;2;2;2;;2;1;4;3;2;1;4;4;1;5;1;;;5000000;200000;;;;;;;;;;1;;;4
20230313;03;2023;7385394;1;1;01;;2;214.59550149;18;1;1;2;1;1;2;2;2;;2;1;2;1;2;1;4;3;1;4;5;;;;70000;;;;;;;;;;1;;;1
20230313;03;2023;7385395;1;1;01;;2;373.64914063;18;1;1;2;1;1;2;2;2;;2;1;3;2;3;1;4;6;1;4;4;;;;150000;;;;;;;;;;1;;;4
20230313;03;2023;7385396;1;1;01;;2;224.75383332;18;1;5;2;1;1;2;2;2;;2;1;3;2;2;1;4;3;1;4;4;;;;80000;;;;;;;;;;1;;;2
20230313;03;2023;7385397;1;1;01;;2;267.66317955;18;1;5;2;1;1;2;2;2;;2;1;3;1;2;1;4;2;1;4;3;;;;;80000;;;;;;;;;1;;;2
20230313;03;2023;7385398;1;1;01;;2;265.70771729;18;1;5;2;1;1;2;2;2;;2;1;3;2;2;1;4;3;1;4;5;;;;100000;;;;;;;;;;1;;;3
20230313;03;2023;7385399;1;1;01;;2;558.44781735;18;1;5;2;1;1;2;2;2;;2;1;4;3;2;1;4;6;1;5;1;;;3000000;100000;;;;;;;;;;1;;;6
20230313;03;2023;7385400;1;1;01;;2;177.71460126;18;1;5;2;1;1;2;2;2;;2;1;2;1;2;1;4;3;1;4;1;;;12000000;80000;;;;;;;;;;1;;;2
20230313;03;2023;7385401;1;1;01;;2;671.84139807;18;1;5;2;1;1;2;2;2;;2;1;3;2;2;1;4;6;1;5;1;;;3000000;140000;;;;;;;;;;1;;;5
20230313;03;2023;7385402;1;1;01;;2;265.20599348;18;1;5;2;1;1;2;2;2;;2;1;2;1;2;1;4;3;4;4;4;;;;50000;;;;;;;;;;1;;;1
20230313;03;2023;7385403;1;1;01;;2;710.85840506;18;1;5;2;1;9;2;2;2;;2;1;4;3;6;;4;6;1;5;1;;;4000000;100000;;;;;;;;;;1;;;7
20230313;03;2023;7385404;1;1;01;;2;344.52043293;18;1;5;2;1;9;2;2;2;;2;1;4;2;6;;4;6;1;5;1;;;2000000;100000;;;;;;;;;;1;;;3
20230313;03;2023;7385405;1;1;01;;2;252.13527645;18;1;5;2;1;9;2;2;2;;2;1;3;2;6;;4;6;1;5;6;;;;80000;;;;;;;;;;1;;;3
20230313;03;2023;7385406;1;1;01;;2;630.56845739;18;1;5;3;1;9;2;2;2;;2;1;3;2;6;;4;6;1;5;6;;;;70000;;;;;;;;;;1;;;7
20230313;03;2023;7385407;1;1;01;;2;557.94609354;18;1;5;2;1;9;2;2;2;;2;1;4;2;6;;4;6;1;5;4;;;;100000;;;;;;;;;;1;;;4
20230313;03;2023;7385408;1;1;01;;2;344.52043293;18;1;5;3;1;9;2;2;2;;2;1;3;2;6;;4;6;1;5;5;;;;50000;;;;;;;;;;1;;;3
20230313;03;2023;7385409;1;1;01;;2;224.75383332;18;1;5;2;1;9;2;2;2;;2;1;5;1;6;;4;6;1;5;1;;;1500000;150000;;;;;;;;;;1;;;2
20230313;03;2023;7385410;1;1;01;;2;381.55848408;18;1;5;3;1;9;2;2;2;;2;1;2;1;6;;4;6;1;4;6;;;;60000;;;;;;;;;;1;;;3
20230313;03;2023;7385411;1;1;01;;2;458.41573745;18;1;5;2;1;9;2;2;2;;2;1;7;2;2;1;4;6;1;5;4;;;;300000;;;;;;;;;;1;;;4
20230313;03;2023;7385412;1;1;01;;2;301.02677679;18;1;5;3;1;9;2;2;2;;2;1;2;1;6;;3;4;6;;4;;;;60000;;;;;;;;;;1;;;1
20230313;03;2023;7385413;1;1;01;;2;273.61706074;18;1;5;3;1;9;2;2;2;;2;1;3;1;6;;4;6;1;5;1;;;1000000;200000;;;;;;;;;;1;;;2
20230313;03;2023;7385414;1;1;01;;2;263.88102662;18;1;5;3;1;9;2;2;2;;2;1;4;3;2;1;4;3;1;5;1;;;15000000;100000;;;;;;;;;;1;;;7
20230313;03;2023;7385415;1;1;01;;2;458.41573745;18;1;5;2;1;1;2;2;2;;2;1;3;2;2;1;4;3;1;5;1;;;7000000;150000;;;;;;;;;;1;;;4
20230313;03;2023;7385416;1;1;01;;2;428.52288591;18;1;1;2;1;1;2;2;2;;2;1;3;2;2;1;4;3;1;4;5;;;;150000;;;;;;;;;;1;;;4
20230313;03;2023;7385417;1;1;01;;2;319.71955242;18;1;5;2;1;1;2;2;2;;2;1;3;1;2;1;4;3;1;5;4;;;;100000;;;;;;;;;;1;;;2
20230313;03;2023;7385418;1;1;01;;2;224.75383332;18;1;5;2;1;1;2;2;2;;2;1;3;2;2;1;4;3;1;4;4;;;;120000;;;;;;;;;;1;;;2
20230313;03;2023;7385419;1;1;01;;2;487.54444516;18;1;5;2;1;1;2;2;2;;2;1;3;2;2;1;4;3;1;5;1;;;6000000;150000;;;;;;;;;;1;;;5
20230313;03;2023;7385420;1;1;01;;2;285.49887368;18;1;5;1;1;1;2;2;2;;2;1;3;2;2;1;4;6;1;5;4;;;;70000;;;;;;;;;;1;;;2
20230313;03;2023;7385421;1;1;01;;2;285.49887368;18;1;5;2;1;1;2;2;2;;2;1;3;1;2;1;4;6;1;4;1;;;7000000;300000;;;1;;;;;;;;;;2
20230313;03;2023;7385422;1;1;01;;2;279.26739226;18;1;5;2;1;1;2;2;2;;2;1;3;2;2;1;4;6;1;5;1;;;10000000;70000;;;;;;;;;;1;;;3
20230313;03;2023;7385423;1;1;01;;2;338.56655174;18;1;1;2;1;1;2;2;2;;2;1;6;2;2;1;4;6;1;4;4;;;;500000;;;;;;;;;;1;;;3
20230313;03;2023;7385424;1;1;01;;2;240.28173642;18;1;5;1;1;1;2;2;2;;2;1;2;1;2;1;4;6;5;5;1;;;12000000;80000;;;;;;;;;;1;;;1
20230313;03;2023;7385425;1;1;01;;2;214.59550149;18;1;5;2;1;1;2;2;2;;2;1;3;1;2;1;4;3;1;4;1;;;5000000;100000;;;;;;;;;;1;;;1
20230313;03;2023;7385426;1;1;01;;2;557.94609354;18;1;5;2;1;1;2;2;2;;2;1;3;2;2;1;4;3;1;4;4;;;;100000;;;;;;;;;;1;;;4
20230313;03;2023;7385427;1;1;01;;2;206.01168143;18;1;1;2;1;1;1;2;1;3;2;1;4;1;5;1;1;4;1;3;1;;;20000000;200000;;;;;;;;;;1;;;1
20230313;03;2023;7385428;1;1;01;;2;288.98570572;18;1;1;2;1;1;2;2;1;3;2;1;3;1;3;1;1;4;6;;3;;;;;150000;;1;;;;;;;;;;1
20230313;03;2023;7385429;1;1;01;;2;383.41841108;18;1;5;2;1;1;1;2;1;3;2;1;3;2;5;1;1;4;1;3;1;;;16000000;200000;;;;;;;;;;1;;;3
20230313;03;2023;7385430;1;1;01;;2;215.76367999;18;1;1;2;1;1;1;2;1;3;2;1;3;2;2;1;1;3;1;3;1;;;30000000;150000;;;;;;;;;;1;;;2
20230313;03;2023;7385431;1;1;01;;2;205.66590255;18;1;1;2;1;1;1;2;1;3;2;1;5;1;5;1;1;4;1;3;4;;;;300000;;;;;;;;;;1;;;2
20230313;03;2023;7385434;1;1;01;;2;372.01187065;18;1;5;2;1;1;1;2;1;3;2;1;1;1;2;1;1;3;1;3;4;;;;150000;;;;;;;;;;1;;;3
20230313;03;2023;7385435;1;1;01;;2;475.91742213;18;1;1;2;1;1;1;2;1;3;2;1;1;1;5;1;1;4;2;4;4;;;;100000;;;1;;;;;;;;;;7
20230313;03;2023;7385436;1;1;01;;2;363.93724609;18;1;2;2;1;1;1;2;1;3;2;1;2;1;2;1;1;3;1;3;4;;;;150000;;;;;;;;;;1;;;2
20230313;03;2023;7385437;1;1;01;;2;334.29423338;18;1;1;2;1;1;1;2;1;3;2;1;3;1;5;1;1;4;1;3;1;;;20000000;300000;;;1;;;;;;;;;;2
20230313;03;2023;7385438;1;1;01;;2;330.73961561;18;1;1;2;1;1;1;2;1;3;2;1;3;2;2;1;1;3;1;3;1;;;40000000;200000;;;;;;;;;;1;;;3
20230313;03;2023;7385439;1;1;01;;2;550.09888494;18;1;5;1;1;1;2;2;2;;2;1;3;2;2;1;3;6;1;4;3;;;;;150000;;1;;;;;;;;;;4
20230313;03;2023;7385440;1;1;01;;2;342.16642481;18;1;5;2;1;1;2;2;2;;2;1;3;2;2;1;4;3;1;4;4;;;;120000;;;;;;;;;;1;;;3
20230313;03;2023;7385441;1;1;01;;2;342.16642481;18;1;5;2;1;1;2;2;2;;2;1;3;2;2;1;3;6;1;4;1;;;14000000;300000;;;1;;;;;;;;;;3
20230313;03;2023;7385442;1;1;01;;2;446.31617877;18;1;5;2;1;1;2;2;2;;2;1;2;1;2;1;4;3;5;4;5;;;;100000;;;;;;;;;;1;;;2
20230313;03;2023;7385443;1;1;01;;2;276.75015408;18;1;5;2;1;1;2;2;2;;2;1;4;2;2;1;3;6;1;4;1;;;24000000;300000;;;;;;;;;;1;;;2
20230313;03;2023;7385444;1;1;01;;2;328.34047288;18;1;5;2;1;1;2;2;2;;2;1;3;2;2;1;4;3;3;4;5;;;;100000;;;;;;;;;;1;;;2
20230313;03;2023;7385445;1;1;01;;2;447.77690019;18;1;1;2;1;1;2;2;2;;2;1;3;1;2;1;3;6;1;4;4;;;;180000;;;;;;;;;;1;;;2
20230313;03;2023;7385446;1;1;01;;2;321.19581546;18;1;5;2;1;1;2;2;2;;2;1;3;2;2;1;4;3;1;4;5;;;;120000;;;;;;;;;;1;;;2
20230313;03;2023;7385447;1;1;01;;2;513.19317092;18;1;5;2;1;1;2;2;2;;2;1;2;1;2;1;3;6;1;4;3;;;;;150000;;1;;;;1;;;;;;3
20230313;03;2023;7385448;1;1;01;;2;331.03925894;18;1;5;3;1;1;2;2;2;;2;1;4;3;2;1;4;3;1;4;5;;;;130000;;;;;;;;;;1;;;4
20230313;03;2023;7385449;1;1;01;;1;1055.0724778;68;1;1;2;1;2;1;1;1;1;1;1;5;3;1;1;1;1;1;3;1;;;95000000;250000;;;1;;;;;;;;;;4
20230313;03;2023;7385450;1;1;01;;1;470.46366922;68;1;1;4;1;2;1;1;1;1;1;3;6;3;1;1;1;1;1;3;4;;;;600000;;;1;;;;;;;;;;3
20230313;03;2023;7385450;2;2;01;;1;470.46366922;68;1;1;4;1;2;1;1;1;1;1;3;1;1;1;1;1;1;1;3;3;;;;;300000;;;;;;;;;1;;;2
20230313;03;2023;7385450;3;3;01;;1;470.46366922;68;1;1;4;1;2;1;1;1;1;1;3;1;1;1;1;1;1;1;3;3;;;;;300000;;;;;;;;;1;;;1
20230313;03;2023;7385451;1;1;01;;1;995.38434593;68;1;1;4;1;2;1;1;1;1;1;1;3;1;1;1;1;1;1;3;1;;;99;250000;;;1;;;;;;;;;;2
20230313;03;2023;7385452;1;1;01;;1;649.09388199;68;1;1;4;1;2;1;1;1;1;1;1;3;2;1;1;1;1;1;3;1;;;135000000;300000;;;1;;;;;;;;;;1
20230313;03;2023;7385453;1;1;01;;1;945.5716953;68;2;1;4;1;2;1;1;1;1;1;1;2;1;1;1;1;1;3;3;3;;;;;500000;;1;;;;;;;;;;3
20230313;03;2023;7385454;1;1;01;;1;1221.43693;68;1;5;2;1;2;2;1;1;1;1;1;3;2;1;1;1;1;1;4;3;;;;;350000;;1;;;;;;;;;;4
20230313;03;2023;7385455;1;1;01;;1;767.3245493;68;1;1;4;1;2;1;1;1;1;1;1;5;4;1;1;1;1;1;3;1;;;99;600000;;;1;;;;;;;;;;5
20230313;03;2023;7385456;1;1;01;;1;759.50340511;68;1;1;4;1;2;1;1;1;1;1;1;5;3;1;1;1;1;1;3;1;;;99;99;;;1;;;;;;;;;;3
20230313;03;2023;7385457;1;1;01;;2;2506.2822002;68;1;1;2;1;1;2;2;2;;2;1;3;2;2;1;4;4;1;5;4;;;;200000;;;1;;;;;;;;;;4
20230313;03;2023;7385458;1;1;01;;2;2217.2991249;68;1;1;4;1;1;2;2;2;;2;1;4;2;2;1;4;6;1;5;1;;;55000000;250000;;;;;;;;;;1;;;3
20230313;03;2023;7385459;1;1;01;;2;1220.965505;68;1;1;4;1;1;2;2;2;;2;1;4;2;2;1;4;6;1;5;4;;;;400000;;;1;;;;;;;;;;3
20230313;03;2023;7385460;1;1;01;;2;1507.7442647;68;1;1;2;1;2;2;2;2;;2;1;3;2;2;1;4;4;1;5;1;;;130000000;300000;;;1;;;;;;;;;;2
20230313;03;2023;7385461;1;1;01;;2;2519.5578844;68;1;1;4;1;2;2;2;2;;2;1;3;2;2;1;4;4;1;5;1;;;87000000;200000;;;1;;;;;;;;;;2
20230313;03;2023;7385462;1;1;01;;2;1348.417371;68;1;1;2;1;1;2;2;2;;2;1;4;3;2;1;4;4;1;5;1;;;65000000;150000;;;1;;;;;;;;;;4
20230313;03;2023;7385463;1;1;01;;2;1042.4316292;68;1;1;2;1;1;2;2;2;;2;1;4;2;2;1;4;6;1;5;4;;;;200000;;;;;;;;;;1;;;3
20230313;03;2023;7385464;1;1;01;;2;2409.5744856;68;1;1;2;1;2;2;2;2;;2;1;4;2;2;1;4;6;1;5;4;;;;280000;;;;;;;;;;1;;;4
20230313;03;2023;7385466;1;1;01;;1;1355.881016;68;1;1;4;1;2;2;1;1;3;1;1;4;3;1;1;1;1;1;4;3;;;;;350000;;1;;;;;;;;;;4
20230313;03;2023;7385467;1;1;01;;1;1055.5049306;68;1;1;4;1;2;2;1;1;3;1;1;6;3;1;1;1;1;1;4;4;;;;350000;;;;;;;;;;1;;;3
20230313;03;2023;7385468;1;1;01;;1;1117.0618154;68;1;1;4;1;2;2;1;1;3;1;1;3;2;1;1;1;1;1;4;3;;;;;450000;;;;;;;;;1;;;2
20230313;03;2023;7385469;1;1;01;;2;2146.1278257;68;1;1;4;1;1;2;2;2;;2;1;2;1;2;1;4;2;1;5;4;;;;200000;;;;;;;;;;1;;;5
20230313;03;2023;7385470;1;1;01;;2;664.75840659;68;1;1;2;1;1;2;2;2;;2;1;5;1;2;1;4;4;1;5;1;;;100000000;500000;;;1;;;;;;;;;;3
20230313;03;2023;7385471;1;1;01;;2;664.75840659;68;1;1;4;1;1;2;2;2;;2;1;3;1;2;1;4;2;1;5;6;;;;200000;;;;;;;;;;1;;;2
20230313;03;2023;7385472;1;1;01;;2;961.48816561;68;1;5;1;1;1;2;2;2;;2;1;2;1;2;1;4;2;1;5;1;;;100000000;400000;;;;;;;;;;1;;;2
20230313;03;2023;7385473;1;1;01;;2;926.99394675;68;1;1;4;1;1;2;2;2;;2;1;5;1;2;1;4;4;1;5;1;;;85000000;100000;;;;;;;;;;1;;;1
20230313;03;2023;7385474;1;1;01;;2;926.99394675;68;1;1;4;1;1;2;2;2;;2;1;3;1;2;1;4;2;1;5;6;;;;200000;;;;;;;;;;1;;;1
20230313;03;2023;7385475;1;1;01;;2;1145.7726052;68;1;1;2;1;1;2;2;2;;2;1;3;2;3;1;3;4;1;5;3;;;;;200000;;;;;;;;;1;;;3
20230313;03;2023;7385476;1;1;01;;2;1572.2272558;68;1;1;4;1;1;2;2;2;;2;1;2;1;2;1;4;2;1;5;6;;;;250000;;;;;;;;;;1;;;1
20230313;03;2023;7385478;1;1;01;;2;664.75840659;68;1;1;2;1;1;2;2;2;;2;1;4;2;2;1;3;6;1;4;3;;;;;250000;;;;;;;;;1;;;3
20230313;03;2023;7385479;1;1;01;;2;664.75840659;68;1;1;4;1;1;2;2;2;;2;1;3;1;2;1;4;2;1;5;3;;;;;300000;;;;;;;;;1;;;2
20230313;03;2023;7385480;1;1;01;;2;926.99394675;68;1;1;4;1;1;2;2;2;;2;1;3;1;2;1;4;2;1;5;1;;;150000000;250000;;;;;;;;;;1;;;1
20230313;03;2023;7385481;1;1;01;;2;2599.9439902;68;1;1;2;1;1;2;2;2;;2;1;4;3;2;1;4;6;1;5;1;;;70000000;350000;;;;;;;;;;1;;;8
20230313;03;2023;7385482;1;1;01;;2;1773.6754247;68;1;1;4;1;1;2;2;2;;2;1;4;2;2;1;4;2;1;4;3;;;;;200000;;;;;;;;;1;;;5
20230313;03;2023;7385483;1;1;01;;2;1726.9092841;68;1;1;4;1;1;2;2;2;;2;1;3;2;6;;4;6;1;5;6;;;;200000;;;;;;;;;;1;;;5
20230313;03;2023;7385484;1;1;01;;2;649.98599756;68;1;1;4;1;1;2;2;2;;2;1;3;2;2;1;4;2;1;5;6;;;;360000;;;;;;;;;;1;;;3
20230313;03;2023;7385485;1;1;01;;2;1545.114239;68;1;1;4;1;1;2;2;2;;2;1;3;2;2;1;4;2;1;4;3;;;;;400000;;;;;;;;;1;;;5
20230313;03;2023;7385486;1;1;01;;1;1291.1373793;68;1;1;4;1;2;2;1;1;3;1;1;3;2;1;1;1;1;1;4;1;;;150000;450000;;;;;;;;;;1;;;2
20230313;03;2023;7385487;1;1;01;;1;1814.2960022;68;1;1;4;1;2;2;1;1;3;1;1;4;3;1;1;1;1;1;4;3;;;;;450000;;1;;;;;;;;;;5
20230313;03;2023;7385490;1;1;01;;1;591.57567195;68;1;1;4;1;2;2;1;1;3;1;1;2;1;1;1;1;1;1;4;6;;;;1200000;;;1;;;;;;;;;;2
20230313;03;2023;7385491;1;1;01;;1;952.61280559;68;2;1;4;1;2;2;1;1;3;1;1;3;1;1;1;1;1;1;4;3;;;;;280000;;;;;;;;;1;;;1
20230313;03;2023;7385493;1;1;01;;2;2698.6395823;76;1;1;4;1;3;2;2;2;;2;1;3;3;3;1;5;2;1;5;2;;500000;98;200000;;;1;;1;;;;;;;;4
20230313;03;2023;7385494;1;1;01;;2;1650.4439239;76;1;4;2;1;1;2;1;1;8;1;1;5;1;1;1;1;1;1;4;4;;;;200000;;;;;;;1;;;;;;2
20230313;03;2023;7385495;1;1;01;;2;1444.1384334;76;1;1;4;1;1;2;2;2;;1;1;4;1;2;1;3;1;1;4;1;;;70000000;200000;;;;;;;;;;1;;;2
20230313;03;2023;7385496;1;1;01;;2;1444.1384334;76;1;1;2;1;1;2;2;2;;1;1;3;1;2;1;4;1;1;4;1;;;25000000;100000;;;;;;;;;;1;;;2
20230313;03;2023;7385497;1;1;01;;1;2690.711812;76;2;1;2;1;1;1;1;1;3;1;1;3;2;1;1;1;1;1;3;3;;;;;300000;;;;;;;;;1;;;3
20230313;03;2023;7385500;1;1;01;;1;4071.3706742;76;2;1;4;1;1;1;1;1;3;1;1;3;2;1;1;1;1;1;3;3;;;;;350000;;;;;;1;;;;;;4
20230313;03;2023;7385502;1;1;01;;2;483.2392722;76;1;1;4;1;1;1;1;1;3;1;1;3;2;1;1;1;9;1;3;3;;;;;250000;;;;;;;;;1;;;6
20230313;03;2023;7385503;1;1;01;;2;666.05606128;76;1;1;2;1;0;1;1;1;3;1;1;4;3;1;1;1;9;1;3;5;;;;150000;;;;;;;;;;1;;;7
20230313;03;2023;7385504;1;1;01;;2;279.18586528;76;1;1;2;1;2;2;2;1;3;1;1;1;1;2;1;1;1;1;4;4;;;;200000;;;1;;;;;;;;;;3
20230313;03;2023;7385505;1;1;01;;2;2501.8260354;76;2;1;2;1;1;1;1;1;3;1;1;4;1;1;1;1;1;1;3;3;;;;;260000;;1;;;;;;;;;;2
20230313;03;2023;7385506;1;1;01;;2;1216.7567008;76;2;1;4;1;1;1;1;1;3;1;1;4;3;1;1;1;1;1;3;4;;;;500000;;;1;;;;;;;;;;4
20230313;03;2023;7385507;1;1;01;;2;2248.8863355;76;2;1;4;1;1;1;1;1;3;1;1;3;1;1;1;1;1;1;3;3;;;;;400000;;1;;;;;;;;;;2
20230313;03;2023;7385510;1;1;01;;1;4446.0818051;76;2;1;2;1;2;1;1;1;3;1;1;4;2;1;1;1;1;1;3;1;;;98;250000;;;1;;;;1;;;;;;3
20230313;03;2023;7385511;1;1;01;;2;2630.0788054;76;1;1;4;1;1;1;1;1;3;1;1;4;1;1;1;1;1;1;3;4;;;;400000;;;1;1;;;;1;;;;;1
20230313;03;2023;7385512;1;1;01;;2;908.51224411;76;1;1;4;1;1;1;1;1;3;1;1;3;2;1;1;1;9;1;3;3;;;;;120000;;;;;;;;;1;;;4
20230313;03;2023;7385513;1;1;01;;2;299.2701364;76;1;1;4;1;2;2;2;1;1;1;1;3;2;2;1;1;1;1;4;1;;;99;300000;;;;;;;;;;1;;;3
20230313;03;2023;7385514;1;1;01;;2;203.24984992;76;2;1;4;1;1;2;2;1;1;1;1;2;1;2;1;1;1;1;4;4;;;;200000;;;;;;;;;;1;;;3
20230313;03;2023;7385515;1;1;01;;2;337.4403395;76;1;1;4;1;2;2;2;1;1;1;1;3;2;2;1;1;1;3;4;4;;;;300000;;;1;;;;;;;;;;3
20230313;03;2023;7385516;1;1;01;;2;523.8516285;76;2;1;2;1;1;2;2;1;1;1;1;3;1;2;1;1;1;1;4;3;;;;;300000;;;;;;;;;1;;;2
20230313;03;2023;7385517;1;1;01;;2;188.05456295;76;1;1;2;1;2;2;2;1;3;1;1;4;2;2;1;1;1;1;4;3;;;;;420000;;1;;;;;1;;;;;4
20230313;03;2023;7385518;1;1;01;;2;1465.8901955;76;1;1;4;1;2;1;1;1;3;1;1;3;1;1;1;1;1;5;3;1;;;80000000;300000;;;;;;;;;;1;;;1
20230313;03;2023;7385519;1;1;01;;2;1247.7923457;76;2;1;4;1;2;1;1;1;3;1;1;3;1;1;1;1;1;1;3;3;;;;;600000;;;;;;;;;1;;;2
20230313;03;2023;7385520;1;1;01;;2;287.52250002;76;4;1;2;1;1;2;2;1;3;1;1;3;2;2;2;1;1;1;1;4;;;;600000;;;;;;;;;;1;;;2
20230313;03;2023;7385521;1;1;01;;2;408.21903706;76;2;1;4;1;9;2;2;1;3;1;1;1;1;2;2;1;1;1;4;3;;;;;350000;;1;;;;;;;;;;2
20230313;03;2023;7385522;1;1;01;;2;416.23617594;76;2;1;4;1;1;2;2;1;1;1;1;4;3;2;1;1;1;1;4;3;;;;;650000;;;;;;;;;1;;;6
20230313;03;2023;7385523;1;1;01;;2;422.31870433;76;1;1;4;1;9;2;2;1;1;1;1;3;2;2;1;5;1;1;4;3;;;;;230000;;1;;;;;;;;;;4
20230313;03;2023;7385524;1;1;01;;2;438.15967442;76;1;1;4;1;2;2;2;1;1;1;1;5;2;2;1;1;1;1;4;1;;;98;98;;;1;;;;1;1;;;;;3
20230313;03;2023;7385525;1;1;01;;1;2002.4471322;76;1;1;4;1;3;1;1;1;3;1;1;4;3;1;1;1;1;1;3;1;;;190000000;1000000;;;1;;;;;;;;;;3
20230313;03;2023;7385526;1;1;01;;1;2240.5411656;76;1;1;4;1;3;1;1;1;3;1;1;4;3;1;1;1;1;1;3;3;;;;;600000;;1;;;;;;;;;;2
20230313;03;2023;7385527;1;1;01;;1;2240.5411656;76;2;1;4;1;3;1;1;1;3;1;1;4;1;1;1;1;1;1;3;1;;;200000000;1000000;;;1;;;;;;;;;;2
20230313;03;2023;7385528;1;1;01;;1;2235.8328316;76;2;1;4;1;3;1;1;1;3;1;1;3;1;1;1;1;1;1;3;4;;;;1000000;;;1;;;;;;;;;;2
20230313;03;2023;7385529;1;1;01;;1;5532.9805597;76;3;1;2;1;2;1;1;1;3;1;1;1;1;1;2;1;1;6;;3;;;;;210000;;;;;;;;;1;;;1
20230313;03;2023;7385530;1;1;01;;1;10583.513949;76;1;1;4;1;2;1;1;1;3;1;1;3;2;1;1;1;1;1;3;4;;;;400000;;;1;;;;;;;;;;3
20230313;03;2023;7385531;1;1;01;;2;1585.6168485;76;2;1;2;1;1;1;1;1;3;1;1;4;3;1;1;1;1;1;3;1;;;95000000;400000;;;1;;;;;;;;;;5
20230313;03;2023;7385532;1;1;01;;1;4713.7675233;76;2;1;4;1;3;1;1;1;3;1;1;4;3;1;1;1;1;1;3;4;;;;1200000;;;1;;;;;;;;;;4
20230313;03;2023;7385533;1;1;01;;2;2271.825554;76;4;1;2;1;1;2;1;2;;1;1;1;1;1;2;5;1;6;;3;;;;;70000;;1;;;;;;;;;;1
20230313;03;2023;7385534;1;1;01;;2;2963.2997094;76;1;1;2;1;1;2;1;2;;1;1;2;1;1;1;5;1;1;4;3;;;;;400000;;1;;;;;;;;;;1
20230313;03;2023;7385535;1;1;01;;2;2300.0850857;76;2;1;2;1;1;2;1;2;;1;1;2;1;1;1;5;1;1;4;3;;;;;150000;;1;;;;;;;;;;4
20230313;03;2023;7385536;1;1;01;;2;2531.9588971;76;1;1;4;1;1;2;1;2;;1;1;2;1;1;1;5;1;1;4;1;;;130000000;200000;;;1;;;;;;;;;;1
20230313;03;2023;7385537;1;1;01;;1;1598.6744217;76;2;1;4;1;2;1;1;1;3;1;1;2;1;1;1;1;1;1;3;1;;;100000000;200000;;;;;;;;;;1;;;1
20230313;03;2023;7385538;1;1;01;;1;3180.7847094;76;3;1;2;1;2;1;1;1;3;1;1;1;1;1;2;1;1;1;3;3;;;;;280000;;;;;;;;;1;;;2
20230313;03;2023;7385539;1;1;01;;1;1767.9705319;76;1;1;4;1;2;1;1;1;3;1;1;3;1;1;1;1;1;1;3;4;;;;250000;;;1;;;;;;;;;;2
20230313;03;2023;7385540;1;1;01;;1;1643.9069891;76;3;1;2;1;2;1;1;1;3;1;1;1;1;1;2;1;1;1;3;3;;;;;280000;;;;;;;;;1;;;2
20230313;03;2023;7385541;1;1;01;;1;1598.6744217;76;3;1;2;1;2;1;1;1;3;1;1;1;1;1;2;1;1;6;;3;;;;;150000;;;;;;;;;1;;;1
20230313;03;2023;7385542;1;1;01;;1;1559.3346011;76;3;1;2;1;2;1;1;1;3;1;2;2;1;1;2;1;1;1;3;3;;;;;150000;;1;;;;;;;;;;6
20230313;03;2023;7385542;2;2;01;;1;1559.3346011;76;3;1;2;1;2;1;1;1;3;1;2;2;1;1;2;1;1;1;3;3;;;;;150000;;;;;;;;;1;;;5
20230313;03;2023;7385543;1;1;01;;1;3057.9527362;76;3;1;2;1;2;1;1;1;3;1;1;2;2;1;2;1;1;1;3;3;;;;;250000;;;;;;;;;1;;;3
20230313;03;2023;7385544;1;1;01;;1;3126.1230316;76;3;1;2;1;2;1;1;1;3;1;1;1;1;1;2;1;1;1;3;3;;;;;150000;;;;;;;;;1;;;1
20230313;03;2023;7385545;1;1;01;;1;1598.6744217;76;3;1;2;1;2;1;1;1;3;1;1;1;1;1;2;1;1;6;;3;;;;;80000;;;;;;;;;1;;;1
20230313;03;2023;7385546;1;1;01;;2;1078.6263229;76;1;1;4;1;1;1;1;1;2;1;1;3;1;1;1;1;1;1;2;1;;;98;98;;;1;;;;;;;;;;2
20230313;03;2023;7385547;1;1;01;;2;2050.4752161;76;1;1;4;1;1;1;1;1;2;1;1;3;1;1;1;1;1;1;3;1;;;98;200000;;;1;;;;;;;;;;1
20230313;03;2023;7385548;1;1;01;;1;2772.2471908;76;2;1;4;1;2;1;1;1;3;1;1;4;3;1;1;1;1;1;3;1;;;220000000;800000;;;1;;;;;;;;;;3
20230313;03;2023;7385549;1;1;01;;1;2168.94338;76;2;1;4;1;2;1;1;1;3;1;1;4;1;1;1;1;1;1;3;4;;;;800000;;;1;;;;;;;;;;2
20230313;03;2023;7385550;1;1;01;;1;2173.5108547;76;2;1;4;1;2;1;1;1;3;1;1;3;1;1;1;1;1;1;3;1;;;180000000;400000;;;1;;;;;;;;;;2
20230313;03;2023;7385551;1;1;01;;1;1643.9069891;76;2;1;2;1;2;1;1;1;3;1;1;4;1;1;1;1;1;1;3;3;;;;;250000;;;;;;;;;1;;;2
20230313;03;2023;7385552;1;1;01;;2;975.25585686;76;1;1;4;1;1;1;1;1;2;1;1;4;3;1;1;1;1;1;3;4;;;;200000;;;1;;;;;;;;;;4
20230313;03;2023;7385553;1;1;01;;2;2330.8489182;76;1;1;4;1;1;1;1;1;2;1;1;3;2;1;1;1;1;1;3;1;;;98;350000;;;;;;;;;;1;;;3
20230313;03;2023;7385554;1;1;01;;2;2059.5575052;76;1;1;4;1;1;1;1;1;2;1;1;4;3;1;1;1;1;1;3;3;;;;;170000;;;;;;;;;1;;;5
20230313;03;2023;7385555;1;1;01;;1;3969.4329261;76;1;1;2;1;2;1;1;1;3;1;1;3;2;1;1;1;1;1;3;3;;;;;275000;;;;;;;;;1;;;3
20230313;03;2023;7385556;1;1;01;;1;2038.3329829;76;1;1;4;1;3;1;1;1;3;1;1;4;3;1;1;1;1;1;3;1;;;100000000;400000;;;1;;;;;;;;;;4
20230313;03;2023;7385557;1;1;01;;2;1171.8409434;76;2;1;4;1;2;1;1;1;2;1;1;3;1;1;1;1;1;1;3;4;;;;500000;;;1;;;;;;;;;;2
20230313;03;2023;7385558;1;1;01;;2;2044.3887578;76;2;1;4;1;2;1;1;1;2;1;1;3;2;1;1;1;1;1;3;3;;;;;380000;;1;;;;;;;;;;3
20230313;03;2023;7385559;1;1;01;;1;1912.6895521;76;1;1;4;1;3;1;1;1;3;1;1;3;1;1;1;1;1;1;3;1;;;200000000;800000;;;1;;;;;;;;;;2
20230313;03;2023;7385560;1;1;01;;1;4284.0448844;76;2;1;4;1;3;1;1;1;3;1;1;4;2;1;1;1;1;1;3;4;;;;500000;;;1;;;;;;;;;;2
20230313;03;2023;7385561;1;1;01;;1;4082.5333008;76;1;1;4;1;3;1;1;1;3;1;1;4;3;1;1;1;1;1;3;4;;;;800000;;;1;;;;;;;;;;6
20230313;03;2023;7385562;1;1;01;;1;2298.3616915;76;1;1;4;1;3;1;1;1;3;1;1;3;2;1;1;1;1;1;3;3;;;;;300000;;1;;;;;;;;;;2
20230313;03;2023;7385563;1;1;01;;1;4189.5178695;76;1;1;4;1;3;1;1;1;3;1;1;5;4;1;1;1;1;1;3;3;;;;;650000;;1;;;;;;;;;;4
20230313;03;2023;7385564;1;1;01;;2;1780.2161111;76;1;1;4;1;2;1;1;1;2;1;1;5;1;1;1;1;1;1;3;1;;;100000000;450000;;;1;;;;;;;;;;2
20230313;03;2023;7385565;1;1;01;;2;1171.8409434;76;2;1;4;1;2;1;1;1;2;1;1;5;1;1;1;1;1;1;3;3;;;;;400000;;1;;;;;;;;;;2
20230313;03;2023;7385566;1;1;01;;2;1529.4785817;76;1;1;2;1;2;1;1;1;2;1;1;4;2;1;1;1;1;1;3;4;;;;250000;;;1;;;;;;;;;;2
20230313;03;2023;7385567;1;1;01;;1;4038.1602724;76;1;1;4;1;2;1;1;1;3;1;1;5;4;1;1;1;1;1;3;3;;;;;500000;;1;;;;;;;;;;4
20230313;03;2023;7385568;1;1;01;;1;4502.2265329;76;1;1;4;1;2;1;1;1;3;1;1;3;2;1;1;1;1;1;3;3;;;;;400000;;;;;;;;;1;;;4
20230313;03;2023;7385569;1;1;01;;1;2593.8114063;76;1;1;4;1;2;1;1;1;3;1;1;3;2;1;1;1;1;1;3;4;;;;200000;;;1;;;;;;;;;;3
20230313;03;2023;7385570;1;1;01;;1;6067.2177247;76;1;1;4;1;2;1;1;1;3;1;1;3;2;1;1;1;1;1;3;3;;;;;400000;;1;;;;;;;;;;8
20230313;03;2023;7385571;1;1;01;;1;4038.1602724;76;1;1;4;1;2;1;1;1;3;1;1;4;2;1;1;1;1;1;3;1;;;80000000;360000;;;1;;;;;;;;;;4
20230313;03;2023;7385572;1;1;01;;2;222.34368571;17;1;4;4;1;2;2;2;1;1;1;1;4;2;3;1;1;1;1;4;1;;;98;250000;;;;;;;;;;1;;;3
20230313;03;2023;7385573;1;1;01;;2;245.08454098;17;1;1;4;1;2;2;2;1;1;1;1;1;1;2;1;1;1;1;4;3;;;;;250000;;1;;;;;;;;;;2
20230313;03;2023;7385574;1;1;01;;2;238.84513563;17;1;1;2;1;2;2;2;1;1;1;1;3;2;2;1;1;1;1;4;1;;;50000000;300000;;;1;;;;;;;;;;2
20230313;03;2023;7385575;1;1;01;;2;314.19390854;17;1;1;2;1;2;2;2;1;1;1;1;3;2;2;1;1;1;1;4;1;;;30000000;300000;;;1;;;;;;;;;;3
20230313;03;2023;7385576;1;1;01;;2;445.15304605;17;1;1;2;1;2;2;2;1;1;1;1;3;2;2;1;1;1;1;4;1;;;200000000;600000;;;;;;;;;;1;;;6
20230313;03;2023;7385577;1;1;01;;2;228.04991088;17;1;1;4;1;2;2;1;1;1;1;1;2;2;2;1;1;1;1;4;3;;;;;300000;;;;;;;;;1;;;1
20230313;03;2023;7385578;1;1;01;;2;303.01591499;17;1;1;2;1;2;2;2;1;1;1;1;2;2;2;1;1;1;1;4;3;;;;;250000;;;;;;;;;1;;;3
20230313;03;2023;7385579;1;1;01;;2;238.84513563;17;1;1;4;1;2;2;2;1;1;1;1;4;2;2;1;1;1;1;4;1;;;99;300000;;;;;;;;;;1;;;2
20230313;03;2023;7385581;1;1;01;;2;286.92250848;17;1;1;4;1;2;2;2;1;1;1;1;5;3;2;1;1;1;1;4;1;;;100000000;400000;;;;;;;;;;1;;;4
20230313;03;2023;7385582;1;1;01;;2;471.89126593;17;1;1;4;1;2;2;2;1;1;1;1;2;2;2;1;1;1;1;4;3;;;;;300000;;1;;;;;;;;;;3
20230313;03;2023;7385583;1;1;01;;2;480.82967854;17;1;1;4;1;2;2;2;1;1;1;1;3;2;2;1;1;1;1;5;4;;;;700000;;;;;;;;1;;;;;4
20230313;03;2023;7385584;1;1;01;;2;226.6280441;17;1;1;4;1;2;1;1;1;2;1;1;5;2;1;1;1;1;1;3;1;;;150000000;400000;;;;;;;;;;1;;;2
20230313;03;2023;7385585;1;1;01;;2;526.20671677;17;1;1;4;1;2;1;1;1;2;1;1;4;3;1;1;1;1;1;3;1;;;100000000;400000;;;1;;;;;;;;;;6
20230313;03;2023;7385586;1;1;01;;2;286.61416275;17;2;1;4;1;2;1;1;1;2;1;1;3;2;1;1;1;1;1;3;3;;;;;400000;;;;;;;;;1;;;2
20230313;03;2023;7385587;1;1;01;;2;357.87076657;17;1;4;3;1;2;1;1;1;2;1;1;4;3;1;1;1;1;1;3;1;;;99;100000;;;1;;;;;;;;;;6
20230313;03;2023;7385588;1;1;01;;2;261.3757691;17;2;1;4;1;2;1;1;1;2;1;1;3;2;1;1;1;1;1;3;3;;;;;550000;;1;;;;;;;;;;3
20230313;03;2023;7385589;1;1;01;;2;584.58821743;17;2;1;4;1;2;1;1;1;2;1;1;3;2;1;1;1;1;1;3;3;;;;;420000;;1;;;;;;;;;;4
20230313;03;2023;7385591;1;1;01;;2;226.6280441;17;2;1;4;1;2;1;1;1;2;1;1;4;3;1;1;1;1;1;3;3;;;;;650000;;1;;;;;;;;;;3
20230313;03;2023;7385592;1;1;01;;2;226.6280441;17;2;1;4;1;2;1;1;1;2;1;1;4;2;1;1;1;1;1;3;3;;;;;520000;;1;;;;;;;;;;3
20230313;03;2023;7385594;1;1;01;;2;431.39822432;17;1;1;4;1;2;2;1;1;2;1;1;5;3;1;1;1;1;1;4;1;;;450000000;1300000;;;1;;;;1;1;;;;;4
20230313;03;2023;7385595;1;1;01;;2;119.66657449;17;1;1;4;1;2;2;2;1;9;1;1;3;2;2;1;1;1;1;4;4;;;;400000;;;1;;;;1;;;;;;5
20230313;03;2023;7385596;1;1;01;;2;87.020058067;17;1;1;4;1;2;2;2;1;1;1;1;1;1;2;1;1;1;1;4;1;;;44000000;150000;;;;;;;;;;1;;;2
20230313;03;2023;7385597;1;1;01;;2;100.3986416;17;1;1;4;1;2;2;2;1;8;1;1;4;1;2;1;1;1;1;4;4;;;;100000;;;;;;;;;;1;;;2
20230313;03;2023;7385598;1;1;01;;2;164.28817057;17;1;1;4;1;2;2;2;1;8;1;1;5;2;2;1;1;1;1;5;1;;;98;150000;;;;;;;;;;1;;;4
20230313;03;2023;7385599;1;1;01;;2;103.02137796;17;1;1;2;1;2;2;2;1;9;1;1;1;1;2;1;1;1;2;4;3;;;;;50000;;;;;;;;;1;;;2
20230313;03;2023;7385600;1;1;01;;2;79.385985532;17;1;1;4;1;2;2;2;1;8;1;1;5;1;2;1;1;1;1;4;1;;;45000000;300000;;;;;;;;;;1;;;2
20230313;03;2023;7385601;1;1;01;;2;111.87280895;17;1;4;4;1;2;2;2;1;8;1;1;5;4;2;1;1;1;1;5;1;;;70000000;150000;;;;;;;;;;1;;;2
20230313;03;2023;7385604;1;1;01;;2;118.69294279;17;1;1;2;1;2;2;2;1;9;1;1;2;2;2;1;1;1;1;5;1;;;50000000;180000;;;;;;;;;;1;;;3
20230313;03;2023;7385605;1;1;01;;2;207.26370144;17;1;1;4;1;2;2;2;1;9;1;1;4;3;2;1;1;1;1;4;3;;;;;250000;;;;;;;;;1;;;5
20230313;03;2023;7385606;1;1;01;;2;100.3986416;17;1;1;4;1;2;2;2;1;8;1;1;4;1;2;1;1;1;1;4;1;;;98;500000;;;1;;;;;;;;;;2
20230313;03;2023;7385608;1;1;01;;2;134.47014019;17;1;1;2;1;2;2;2;1;1;1;1;4;1;3;1;1;1;1;4;6;;;;100000;;;;;;;;;;1;;;1
20230313;03;2023;7385609;1;1;01;;2;199.45730625;17;1;1;2;1;2;2;2;1;9;1;1;2;1;2;1;1;1;1;4;1;;;50000000;150000;;;;;;;;;;1;;;4
20230313;03;2023;7385610;1;1;01;;2;79.385985532;17;1;4;3;1;2;2;2;1;8;1;1;3;1;3;1;1;1;1;4;1;;;3000000;200000;;;;;;;;;;1;;;2
20230313;03;2023;7385611;1;1;01;;2;146.96257948;17;1;1;2;1;2;2;2;1;9;1;1;4;3;2;1;1;1;1;4;1;;;18000000;200000;;;1;;;;;;;;;;4
20230313;03;2023;7385612;1;1;01;;2;100.3986416;17;1;1;2;1;2;2;2;1;8;1;1;5;2;2;1;1;1;1;4;1;;;99;500000;;;;;;;;;;1;;;2
20230313;03;2023;7385613;1;1;01;;2;134.47014019;17;1;1;4;1;2;2;2;1;1;1;1;4;1;2;1;1;1;1;4;6;;;;1200000;;;1;;;;;;;;;;1
20230313;03;2023;7385615;1;1;01;;2;134.47014019;17;1;1;4;1;2;2;2;1;8;1;1;3;1;3;1;1;1;1;4;1;;;98;200000;;;;;;;;;;1;;;1
20230313;03;2023;7385616;1;1;01;;2;153.89897008;17;1;4;3;1;2;2;2;1;9;1;1;3;2;2;1;1;1;1;4;4;;;;250000;;;;;;;;;;1;;;3
20230313;03;2023;7385617;1;1;01;;2;159.20663431;17;1;4;4;1;2;2;2;1;1;1;1;2;2;3;1;1;1;1;4;4;;;;99;;;;;;;;;;1;;;3
20230313;03;2023;7385619;1;1;01;;1;2767.0360728;23;1;1;2;1;1;1;2;1;2;2;1;4;1;2;1;1;2;1;3;4;;;;300000;;1;;;;;;;;;;;1
20230313;03;2023;7385620;1;1;01;;1;1290.6173637;23;1;1;2;1;1;1;2;1;2;2;1;3;2;2;1;1;3;1;3;4;;;;100000;;;;;;;;;;1;;;3
20230313;03;2023;7385621;1;1;01;;1;1828.4963725;23;1;1;2;1;1;1;2;1;2;2;1;3;2;2;1;1;2;1;3;3;;;;;250000;1;1;;;;;;;;;;6
20230313;03;2023;7385622;1;1;01;;1;2807.1997384;23;1;1;2;1;1;1;2;1;2;2;1;4;1;2;1;1;3;3;3;4;;;;400000;;;1;;;;;1;;;;;4
20230313;03;2023;7385623;1;1;01;;1;1606.2005024;23;1;1;1;1;1;1;2;1;2;2;1;3;2;2;1;1;2;1;4;4;;;;100000;;;;;;;;;;1;;;2
20230313;03;2023;7385624;1;1;01;;1;2767.0360728;23;1;1;1;1;1;1;2;1;3;2;1;3;2;2;1;1;4;5;5;4;;;;50000;;;;;;;;;;1;;;1
20230313;03;2023;7385625;1;1;01;;1;1888.210375;23;2;1;2;1;1;1;2;1;2;2;1;2;1;2;1;1;3;4;3;4;;;;300000;;;;;;;;;;1;;;1
20230313;03;2023;7385626;1;1;01;;1;3096.6431406;23;1;1;2;1;1;1;2;1;2;2;1;3;2;2;1;1;3;3;3;1;;;50000000;320000;;;1;;;;;;;;;;5
20230313;03;2023;7385627;1;1;01;;1;1486.461175;23;1;1;2;1;1;2;2;1;2;2;1;3;2;2;1;1;3;1;4;1;;;60000000;250000;;;;;;;;;;1;;;5
20230313;03;2023;7385628;1;1;01;;1;1635.3371898;23;1;1;2;1;1;2;2;1;2;2;1;4;3;2;1;1;2;1;4;1;;;30000000;100000;;;1;;;;;;;;;;6
20230313;03;2023;7385629;1;1;01;;1;1897.6677679;23;1;1;2;1;1;2;2;1;2;2;2;3;2;2;2;1;3;2;4;4;;;;200000;;;;;;;;;;1;;;4
20230313;03;2023;7385629;2;2;01;;1;1897.6677679;23;1;1;2;1;1;2;2;1;2;2;2;2;1;2;2;1;3;1;4;4;;;;100000;;;;;;;;;;1;;;3
20230313;03;2023;7385630;1;1;01;;1;1230.1621497;23;1;1;2;1;1;2;2;1;2;2;1;4;3;2;1;1;2;1;4;1;;;30000000;200000;;;1;;;;;;;;;;5
20230313;03;2023;7385631;1;1;01;;1;1860.7186707;23;1;1;2;1;1;2;2;1;2;2;1;4;3;2;1;1;3;1;4;5;;;;200000;;;;;;;;;;1;;;5
20230313;03;2023;7385632;1;1;01;;1;1462.6604842;23;1;1;2;1;1;2;2;1;2;2;1;3;2;2;1;1;3;1;4;5;;;;500000;;;;;;;;;;1;;;2
20230313;03;2023;7385633;1;1;01;;1;1391.9518097;23;1;1;4;1;1;2;2;1;2;2;1;3;2;2;1;1;2;1;4;3;;;;;300000;;1;;;;;;;;;;4
20230313;03;2023;7385634;1;1;01;;1;1448.5402377;23;1;1;2;1;1;2;2;1;2;2;1;4;2;2;1;1;3;4;4;1;;;55000000;200000;;;;;;;;;;1;;;5
20230313;03;2023;7385635;1;1;01;;1;1543.345522;23;1;1;2;1;1;2;2;1;2;2;1;3;2;2;1;1;2;1;4;1;;;30000000;100000;;1;;;;;;;;;;;3
20230313;03;2023;7385636;1;1;01;;1;1467.0136269;23;1;1;2;1;1;2;2;1;2;2;1;4;3;2;1;1;3;4;4;4;;;;200000;;;;;;;;;;1;;;8
20230313;03;2023;7385647;1;1;01;;2;5447.07157;23;1;4;1;1;1;2;2;2;;1;1;3;2;6;;4;1;1;5;1;;;5000000;60000;;1;;;;;;;;;;;7
20230313;03;2023;7385648;1;1;01;;2;8222.2654738;23;1;1;1;1;1;2;2;2;;1;1;3;2;6;;4;1;1;5;4;;;;70000;;1;;;;;;;;;;;4
20230313;03;2023;7385649;1;1;01;;2;6469.7573318;23;1;4;1;1;0;2;2;2;;1;1;2;1;6;;4;1;1;5;4;;;;90000;;;;;;;;;;1;;;1
20230313;03;2023;7385650;1;1;01;;2;4087.9505393;23;1;4;1;1;1;2;2;2;;1;1;3;2;6;;4;2;1;5;1;;;4000000;60000;;;;;;;;;;1;;;3
20230313;03;2023;7385651;1;1;01;;2;6232.2810561;23;1;7;1;1;0;2;2;2;;1;1;2;2;6;;4;1;5;5;4;;;;100000;;;;;;;;;;1;;;4
20230313;03;2023;7385652;1;1;01;;2;4087.9505393;23;1;5;1;1;0;2;2;2;;1;1;2;1;6;;4;1;1;5;1;;;20000000;100000;;;;;;;;;;1;;;3
20230313;03;2023;7385654;1;1;01;;2;4096.7511704;23;1;7;1;1;0;2;2;2;;1;1;3;2;6;;4;1;5;5;4;;;;100000;;;;;;;;;;1;;;4
20230313;03;2023;7385655;1;1;01;;2;3900.7402357;23;1;1;1;1;0;2;2;2;;1;1;6;5;6;;4;1;5;5;1;;;98;100000;;;;;;;;;;1;;;8
20230313;03;2023;7385656;1;1;01;;2;5640.4438895;23;1;4;1;1;0;2;2;2;;1;1;3;2;2;1;4;1;1;5;1;;;30000000;120000;;;;;;;;;;1;;;4
20230313;03;2023;7385657;1;1;01;;2;2180.7902861;23;1;2;1;1;1;2;2;2;;2;1;2;1;6;;4;4;2;1;1;;;7000000;200000;;;;;;;;;;1;;;1
20230313;03;2023;7385658;1;1;01;;2;3014.2057314;23;1;5;1;1;1;2;2;2;;2;1;3;2;6;;4;4;1;5;1;;;12000000;60000;;;;;;;;;;1;;;6
20230313;03;2023;7385659;1;1;01;;2;3494.3462743;23;1;4;1;1;1;2;2;2;;2;1;2;1;6;;4;4;5;5;1;;;13000000;100000;;;;;;;;;;1;;;4
20230313;03;2023;7385660;1;1;01;;2;2437.3358072;23;1;5;1;1;1;2;2;2;;2;1;4;3;6;;4;4;1;5;1;;;15000000;70000;;;;;;;1;;;;;;4
20230313;03;2023;7385661;1;1;01;;2;2180.7902861;23;1;5;1;1;1;2;2;2;;2;1;2;1;6;;4;3;1;5;1;;;10000000;60000;;;;;;;;;;1;;;1
20230313;03;2023;7385662;1;1;01;;2;3028.7983923;23;1;5;1;1;1;2;2;2;;2;1;3;2;6;;4;4;1;5;1;;;5000000;400000;;;;;;;;;;1;;;4
20230313;03;2023;7385663;1;1;01;;2;2423.2663789;23;1;4;1;1;1;2;2;2;;2;1;2;1;6;;4;3;1;5;1;;;8000000;80000;;;;;;;;;;1;;;4
20230313;03;2023;7385664;1;1;01;;2;2515.6030803;23;1;5;1;1;1;2;2;2;;2;1;2;1;6;;4;4;5;5;1;;;14000000;120000;;;;;;;;;;1;;;1
20230313;03;2023;7385665;1;1;01;;2;2000.0273749;23;1;5;3;1;1;2;2;2;;2;1;3;2;2;1;4;4;1;5;1;;;18000000;70000;;;;;;;;;;1;;;4
20230313;03;2023;7385666;1;1;01;;2;2551.064944;23;1;5;1;1;1;2;2;2;;2;1;3;1;2;1;4;4;5;5;4;;;;100000;;;;;;;;;;1;;;3
20230313;03;2023;7385667;1;1;01;;2;2193.1453214;23;1;5;1;1;1;2;2;2;;2;1;2;1;6;;4;4;1;5;4;;;;50000;;;;;;;;;;1;;;4
20230313;03;2023;7385668;1;1;01;;2;1624.7895648;23;1;1;1;1;1;2;2;2;;2;1;2;1;6;;4;4;1;5;1;;;12000000;300000;;;;;;;;;;1;;;3
20230313;03;2023;7385669;1;1;01;;1;3462.9564755;23;2;1;1;1;3;1;1;1;2;1;1;4;1;1;1;1;1;1;4;1;;;180000000;800000;;;1;;;;;;;;;;1
20230313;03;2023;7385670;1;1;01;;1;3462.9564755;23;2;1;4;1;3;1;1;1;2;1;1;3;2;1;1;1;1;1;3;1;;;250000000;500000;;1;;;;;;;;;;;1
20230313;03;2023;7385671;1;1;01;;1;3444.4155249;23;2;1;2;1;3;1;1;1;2;1;1;3;2;1;1;1;1;1;3;3;;;;;500000;;;;;;;;;1;;;3
20230313;03;2023;7385672;1;1;01;;1;2945.7535583;23;1;1;4;1;3;1;1;1;2;1;1;3;2;1;1;1;1;1;3;1;;;200000000;800000;;;1;;;;;;;;;;2
20230313;03;2023;7385673;1;1;01;;1;2012.9099579;23;1;1;4;1;3;1;1;1;2;1;1;5;3;1;1;1;1;1;3;1;;;300000000;1200000;;;1;;;;;;;;;;5
20230313;03;2023;7385674;1;1;01;;1;2031.4509085;23;1;1;4;1;3;1;1;1;2;1;1;4;2;1;1;1;1;1;3;1;;;160000000;1000000;;;1;;;;;1;;;;;3
20230313;03;2023;7385675;1;1;01;;1;1919.9444936;23;1;5;2;1;3;1;1;1;2;1;1;4;2;1;1;1;1;1;3;1;;;75000000;350000;;;;;;;;;;1;;;2
20230313;03;2023;7385677;1;1;01;;1;1919.9444936;23;2;1;4;1;3;1;1;1;2;1;1;4;3;1;1;1;1;1;3;1;;;280000000;800000;;;1;;;;;;;;;;3
20230313;03;2023;7385678;1;1;01;;1;3462.9564755;23;1;1;4;1;3;1;1;1;2;1;1;4;1;1;1;1;1;1;4;1;;;200000000;1000000;;;1;;;;;1;;;;;1
20230313;03;2023;7385680;1;1;01;;1;3915.1035262;23;1;1;2;1;1;2;2;2;;1;1;3;1;2;1;4;1;1;4;3;;;;;200000;;;;;;;;;1;;;2
20230313;03;2023;7385681;1;1;01;;1;4926.74519;23;1;1;2;1;1;2;2;2;;1;1;3;1;2;1;3;1;1;4;3;;;;;200000;;;;;;;;;1;;;2
20230313;03;2023;7385683;1;1;01;;1;4698.3052943;23;1;1;1;1;1;2;2;2;;1;1;3;2;2;1;4;1;1;5;5;;;;130000;;;1;;;;;;;;;;5
20230313;03;2023;7385684;1;1;01;;1;3802.462271;23;1;1;1;1;1;2;2;2;;1;1;2;1;2;1;4;1;1;4;3;;;;;100000;;;;;;;;;1;;;2
20230313;03;2023;7385685;1;1;01;;1;3698.1424157;23;2;1;2;1;1;2;2;2;;1;1;3;1;2;1;4;1;1;4;1;;;15000000;200000;;;1;;;;;;;;;;2
20230313;03;2023;7385686;1;1;01;;1;3873.0824364;23;1;1;2;1;1;2;2;2;;1;1;3;2;2;1;4;1;1;4;3;;;;;200000;;;;;;;;;1;;;2
20230313;03;2023;7385687;1;1;01;;1;1789.2532959;23;2;1;2;1;1;2;2;2;;1;1;3;2;2;1;4;1;1;4;1;;;22000000;250000;;;;;;;;;;1;;;5
20230313;03;2023;7385689;1;1;01;;1;2984.7467447;23;1;5;1;1;1;2;2;2;;1;1;2;2;6;;2;1;1;4;5;;;;50000;;;;;;;;;;1;;;2
20230313;03;2023;7385690;1;1;01;;1;4510.8558821;23;1;1;2;1;1;2;2;2;;1;1;3;1;2;1;4;1;1;4;5;;;;250000;;;1;;;;;;;;;;1
20230313;03;2023;7385691;1;1;01;;1;4367.6914681;23;1;1;2;1;1;2;2;2;;1;1;3;2;2;1;4;1;1;4;3;;;;;200000;;1;;;;;;;;;;4
20230313;03;2023;7385693;1;1;01;;2;3309.0310528;23;1;1;2;1;1;2;2;2;;1;1;4;3;2;1;4;1;1;4;3;;;;;100000;;;;;;;1;;;;;5
20230313;03;2023;7385694;1;1;01;;2;2479.1052389;23;1;4;2;1;1;2;2;2;;1;1;2;1;2;1;4;1;1;5;4;;;;100000;;;1;;;;;;;;;;5
20230313;03;2023;7385695;1;1;01;;2;3381.6105555;23;1;1;4;1;1;2;2;2;;1;1;3;2;2;1;4;1;1;4;1;;;120000000;300000;;;1;;;;;;;;;;5
20230313;03;2023;7385696;1;1;01;;2;1655.4716068;23;1;1;2;1;1;2;2;2;;1;1;3;2;2;1;4;1;1;4;4;;;;140000;;;;;;;;;;1;;;4
20230313;03;2023;7385697;1;1;01;;2;2528.2451676;23;1;1;2;1;1;2;2;2;;1;1;3;2;2;1;4;1;1;4;1;;;80000000;100000;;;;;;;;;;1;;;5
20230313;03;2023;7385698;1;1;01;;2;2493.4589857;23;1;1;4;1;1;2;2;2;;1;1;4;1;2;1;4;1;1;4;3;;;;;100000;;;;;;;;;1;;;2
20230313;03;2023;7385699;1;1;01;;2;1854.6793938;23;1;1;4;1;1;2;2;2;;1;1;4;1;2;1;5;1;1;4;1;;;20000000;150000;;;;;;;;;;1;;;2
20230313;03;2023;7385700;1;1;01;;2;1854.6793938;23;1;1;2;1;1;2;2;2;;1;1;4;1;2;1;4;1;1;5;1;;;25000000;50000;;;1;;;;;;;;;;2
20230313;03;2023;7385701;1;1;01;;2;2716.8513267;23;1;1;2;1;1;2;2;2;;1;1;3;1;2;1;4;1;1;4;1;;;45000000;50000;;;;;;;;;;1;;;1
20230313;03;2023;7385702;1;1;01;;2;1992.8848705;23;1;1;2;1;1;2;2;2;;1;1;4;2;2;1;4;1;1;4;1;;;50000000;100000;;;;;;;;;;1;;;3
20230312;03;2023;7385704;1;1;01;05;1;1650.8334219;05;2;1;4;1;6;1;1;1;2;1;1;4;2;1;1;1;1;1;3;2;;5000000;800000000;5000000;;;1;;1;1;;1;;;;;3
20230312;03;2023;7385705;1;1;01;05;1;1657.284829;05;2;1;4;1;6;1;1;1;2;1;1;4;3;1;1;1;1;1;3;1;;;1000000000;12000000;;;1;;;1;;1;;;;;4
20230312;03;2023;7385706;1;1;01;05;1;920.59472251;05;2;1;4;1;2;1;1;1;2;1;1;3;2;1;1;1;1;1;3;1;;;80000000;500000;;;1;;;;;;;;;;3
20230312;03;2023;7385707;1;1;01;05;1;1138.8892347;05;2;1;2;1;2;1;1;1;2;1;1;2;1;1;1;1;1;1;3;3;;;;;650000;;1;;;;;;;;;;1
20230312;03;2023;7385708;1;1;01;05;1;1047.2437102;05;2;1;4;1;5;1;1;1;2;1;1;4;3;1;1;1;1;1;3;1;;;98;98;;;;;;;;;;1;;;4
20230312;03;2023;7385709;1;1;01;05;1;1193.586042;05;2;1;2;1;2;2;1;1;2;1;1;3;2;1;1;1;1;1;1;3;;;;;450000;;1;;;;;;;;;;5
20230312;03;2023;7385710;1;1;01;05;1;906.0823701;05;2;1;4;1;5;1;1;1;2;1;1;5;4;1;1;1;1;1;3;1;;;98;98;;;1;;;;;;;;;;7
20230312;03;2023;7385711;1;1;01;05;1;1215.4754444;05;2;1;4;1;3;1;1;1;2;1;3;5;4;1;2;1;1;1;3;1;;;250000000;700000;;;1;;;;;;;;;;2
20230312;03;2023;7385711;2;2;01;05;1;1215.4754444;05;2;1;4;1;3;1;1;1;2;1;3;1;1;1;2;1;1;2;1;3;;;;;250000;;1;;;;;;;;;;1
20230312;03;2023;7385711;3;3;01;05;1;1215.4754444;05;2;1;4;1;3;1;1;1;2;1;3;1;1;1;2;1;1;2;3;3;;;;;2500000;;1;;;;;;;;;;1
20230312;03;2023;7385712;1;1;01;05;1;1210.4155038;05;2;1;2;1;1;1;1;1;2;1;1;4;4;1;1;1;1;1;3;4;;;;300000;;;1;;;;;;;;;;11
20230312;03;2023;7385715;1;1;01;05;1;1439.2222846;05;2;1;4;1;3;1;1;1;2;1;1;4;3;1;1;1;1;1;3;1;;;150000000;1200000;;;1;;;;;;;;;;3
20230312;03;2023;7385716;1;1;01;05;1;1129.7983181;05;3;1;4;1;3;1;1;1;2;1;1;1;1;1;2;1;1;1;3;3;;;;;450000;;1;;;;;;;;;;1
20230312;03;2023;7385717;1;1;01;05;1;1129.7983181;05;3;1;4;1;3;1;1;1;2;1;1;1;1;1;1;1;1;1;3;3;;;;;350000;;;;;;;;;1;;;1
20230312;03;2023;7385718;1;1;01;05;1;730.80665271;05;2;1;4;1;3;1;1;1;2;1;1;4;2;1;1;1;1;1;3;3;;;;;800000;;1;;;;;;;;;;3
20230312;03;2023;7385719;1;1;01;05;1;867.16951208;05;2;1;4;1;3;1;1;1;2;1;1;3;1;1;1;1;1;1;3;1;;;99;700000;;;1;;;;;;;;;;2
20230312;03;2023;7385720;1;1;01;05;1;1669.3013108;05;2;1;4;1;5;1;1;1;2;1;1;4;3;1;1;1;1;1;3;1;;;890000000;6000000;;;1;;;;;;;;;;2
20230312;03;2023;7385721;1;1;01;05;1;1527.5748607;05;2;1;4;1;6;1;1;1;2;1;1;6;1;1;1;1;1;1;3;1;;;600000000;4700000;;;1;;;;;1;;;;;1
20230312;03;2023;7385722;1;1;01;05;1;1527.5748607;05;2;1;4;1;5;1;1;1;2;1;1;4;3;1;1;1;1;1;3;1;;;850000000;2500000;;;1;;;;;;;;;;1
20230312;03;2023;7385723;1;1;01;05;1;1659.338634;05;2;1;4;1;3;1;1;1;2;1;1;4;2;1;1;1;1;1;3;1;;;400000000;1500000;;;1;;;;;;;;;;3
20230312;03;2023;7385724;1;1;01;05;1;1669.3013108;05;2;1;4;1;3;1;1;1;2;1;1;5;1;1;1;1;1;1;3;1;;;400000000;1000000;;;1;;;;;;;;;;2
20230312;03;2023;7385725;1;1;01;05;1;1298.814997;05;2;1;4;1;3;1;1;1;2;1;1;4;2;1;1;1;1;1;3;1;;;400000000;1400000;;;1;;;;;;;;;;2
20230312;03;2023;7385726;1;1;01;05;1;1560.0573578;05;2;1;4;1;3;1;1;1;2;1;2;4;3;1;1;1;1;1;3;1;;;300000000;1000000;;;;;;;;;;1;;;5
20230312;03;2023;7385726;2;2;01;05;1;1560.0573578;05;2;1;4;1;3;1;1;1;2;1;2;1;1;1;1;1;1;1;3;4;;;;300000;;;;;;;;;;1;;;4
20230312;03;2023;7385728;1;1;01;05;1;2696.0029863;05;2;1;4;1;3;1;1;1;3;1;1;4;2;1;1;1;1;1;3;1;;;200000000;1000000;;;1;;;;1;;;;;;3
20230312;03;2023;7385729;1;1;01;05;1;3908.2160629;05;1;1;4;1;3;1;1;1;3;1;1;4;2;1;1;1;1;1;3;2;;2000000;400000000;1500000;;;1;;1;;;1;;;;;3
20230312;03;2023;7385730;1;1;01;05;1;2648.8740841;05;2;1;4;1;3;2;1;1;3;1;1;4;4;1;1;1;1;1;4;1;;;400000000;1000000;;;1;;;;1;1;;;;;2
20230312;03;2023;7385731;1;1;01;05;1;1657.0768723;05;2;1;4;1;3;2;1;1;2;1;1;3;2;1;1;1;1;1;4;3;;;;;1000000;;1;;;;;;;;;;3
20230312;03;2023;7385732;1;1;01;05;1;872.94436182;05;2;1;4;1;1;2;1;1;2;1;2;3;1;1;2;1;1;1;4;1;;;75000000;350000;;;1;;;;;;;;;;1
20230312;03;2023;7385732;2;2;01;05;1;872.94436182;05;2;1;4;1;1;2;1;1;2;1;2;3;1;1;2;1;1;1;4;3;;;;;350000;;1;;;;;;;;;;3
20230312;03;2023;7385733;1;1;01;05;1;2194.1187293;05;2;1;4;1;3;1;1;1;3;1;1;3;2;1;1;1;1;1;3;3;;;;;1350000;;1;;;;;;;;;;2
20230312;03;2023;7385734;1;1;01;05;1;1116.4174675;05;2;1;4;1;1;2;1;1;2;1;2;4;1;1;2;1;1;1;4;3;;;;;250000;;1;;;;;;;;;;3
20230312;03;2023;7385734;2;2;01;05;1;1116.4174675;05;2;1;4;1;1;2;1;1;2;1;2;3;1;1;2;1;1;1;4;1;;;80000000;500000;;;;;;;;;;1;;;2
20230312;03;2023;7385735;1;1;01;05;1;3885.7057344;05;1;1;4;1;3;2;1;1;3;1;1;3;2;1;1;1;1;1;4;1;;;600000000;900000;;;1;;;;;;;;;;4
20230312;03;2023;7385736;1;1;01;05;1;2917.811796;05;1;1;4;1;3;1;1;1;3;1;1;6;3;1;1;1;1;1;3;2;;900000;400000000;2000000;;;1;;;;;1;;;;;5
20230312;03;2023;7385737;1;1;01;05;1;1280.1675616;05;2;1;4;1;3;1;1;1;3;1;1;3;2;1;1;1;1;1;3;3;;;;;1200000;;1;;;;;;;;;;2
20230312;03;2023;7385738;1;1;01;05;1;1280.1675616;05;1;1;4;1;3;1;1;1;3;1;1;5;1;1;1;1;1;1;3;3;;;;;1800000;;1;;;;;1;;;;;2
20230312;03;2023;7385739;1;1;01;05;1;2626.3637556;05;1;1;4;1;3;1;1;1;3;1;1;5;2;1;1;1;1;1;3;4;;;;2000000;;;1;;;;;;;;;;3
20230312;03;2023;7385740;1;1;01;05;1;931.33428135;05;2;1;4;1;2;1;1;1;2;1;1;3;2;1;1;1;1;1;3;3;;;;;900000;;;;;;;;;1;;;3
20230312;03;2023;7385741;1;1;01;05;1;752.54410795;05;2;1;4;1;2;1;1;1;2;1;1;4;3;1;1;1;1;1;3;4;;;;800000;;;1;;;;;;;;;;4
20230312;03;2023;7385742;1;1;01;05;1;813.00652708;05;1;1;2;1;2;2;1;1;2;1;1;3;2;1;1;1;1;1;4;1;;;50000000;500000;;;;;;;;;;1;;;2
20230312;03;2023;7385743;1;1;01;05;1;690.4566001;05;2;1;4;1;2;1;1;1;2;1;1;4;3;1;1;1;1;1;3;2;;500000;300000000;500000;;;1;;;;;;;;;;3
20230312;03;2023;7385744;1;1;01;05;1;768.94344578;05;1;1;4;1;2;2;1;1;2;1;1;4;3;1;1;1;1;1;4;3;;;;;800000;;1;;;;;;;;;;3
20230312;03;2023;7385745;1;1;01;05;1;1518.7204076;05;2;1;2;1;1;1;1;1;2;1;1;3;2;1;1;1;1;1;3;3;;;;;350000;;;;;;;;;1;;;3
20230312;03;2023;7385746;1;1;01;05;1;662.52025564;05;2;1;4;1;1;1;1;1;7;1;1;3;2;1;1;1;1;1;3;1;;;200000000;800000;;;1;;;;;;;;;;2
20230312;03;2023;7385747;1;1;01;05;1;1675.1671967;05;1;1;4;1;3;1;1;1;3;1;1;4;1;1;1;1;1;1;3;3;;;;;1400000;;1;;;;;;;;;;1
20230312;03;2023;7385748;1;1;01;05;1;754.04034901;05;2;1;4;1;3;1;1;1;2;1;1;4;2;1;1;1;1;1;3;1;;;180000000;1000000;;;1;;;;1;;;;;;3
20230312;03;2023;7385749;1;1;01;05;1;989.16962082;05;1;1;4;1;1;1;1;1;3;1;1;3;2;1;1;1;1;1;3;1;;;98;600000;;;;;;;;;;1;;;4
20230312;03;2023;7385750;1;1;01;05;1;650.96467716;05;1;1;4;1;1;1;1;1;3;1;1;2;1;1;1;1;1;1;3;4;;;;400000;;;1;;;;;;;;;;1
20230312;03;2023;7385751;1;1;01;05;1;650.96467716;05;1;1;4;1;1;1;1;1;3;1;1;2;1;1;1;1;1;1;3;1;;;98;98;;;;;;;;;;1;;;1
20230312;03;2023;7385752;1;1;01;05;1;1733.0398677;05;1;1;4;1;1;1;1;1;3;1;1;2;2;1;1;1;1;1;3;4;;;;650000;;;1;;;;;;;;;;5
20230312;03;2023;7385753;1;1;01;05;1;673.64426696;05;2;1;2;1;1;1;1;1;3;1;1;2;1;1;1;1;1;1;3;4;;;;450000;;;;;;;;;;1;;;1
20230312;03;2023;7385754;1;1;01;05;1;2143.1523961;05;2;1;4;1;3;1;1;1;2;1;1;3;3;1;1;1;1;1;3;1;;;200000000;1000000;;;1;;;;;1;;;;;3
20230312;03;2023;7385755;1;1;01;05;1;991.93172771;05;2;1;4;1;2;2;1;1;2;1;1;3;1;1;1;1;1;1;4;3;;;;;550000;;1;;;;;;;;;;1
20230312;03;2023;7385756;1;1;01;05;1;951.31162637;05;2;1;4;1;3;2;1;1;2;1;1;3;2;1;1;1;1;1;4;3;;;;;1000000;;1;;;;;;;;;;3
20230312;03;2023;7385757;1;1;01;05;1;908.72787437;05;2;1;4;1;2;2;1;1;2;1;1;1;1;1;1;1;1;1;4;3;;;;;300000;;1;;;;;;;;;;2
20230312;03;2023;7385758;1;1;01;05;1;985.70251563;05;2;1;4;1;1;1;1;1;2;1;1;3;2;1;1;1;1;1;3;3;;;;;570000;;;;;;;;;1;;;3
20230312;03;2023;7385759;1;1;01;05;1;1059.603729;05;2;1;4;1;2;1;1;1;2;1;1;5;3;1;1;1;1;1;3;3;;;;;650000;;1;;;;;;;;;;4
20230312;03;2023;7385760;1;1;01;05;1;846.60134386;05;2;1;4;1;3;1;1;1;2;1;1;4;2;1;1;1;1;1;3;1;;;200000000;800000;;;;;;;;;;1;;;3
20230312;03;2023;7385761;1;1;01;05;1;711.26387941;05;3;1;4;1;3;2;1;1;2;1;1;6;1;1;2;1;1;1;1;3;;;;;460000;;1;;;;;;;;;;1
20230312;03;2023;7385762;1;1;01;05;1;665.58283212;05;2;1;4;1;3;1;1;1;2;1;1;6;3;1;1;1;1;1;4;3;;;;;1200000;;1;;;;;;;;;;4
20230312;03;2023;7385763;1;1;01;05;1;546.23758758;05;2;1;4;1;1;1;1;1;2;1;1;5;4;1;1;1;1;1;3;3;;;;;620000;;1;;;;;;;;;;6
20230312;03;2023;7385764;1;1;01;05;1;779.37492892;05;2;1;4;1;3;1;1;1;2;1;1;3;1;1;1;1;1;1;3;1;;;150000000;700000;;;1;;;;;;;;;;1
20230312;03;2023;7385765;1;1;01;05;1;898.79734661;05;2;1;4;1;3;2;1;1;2;1;1;1;1;1;1;1;1;1;4;3;;;;;470000;;;1;;;;;;;;;2
20230312;03;2023;7385766;1;1;01;05;1;774.29193055;05;2;1;4;1;3;1;1;1;2;1;1;3;2;1;1;1;1;1;3;1;;;150000000;1000000;;;1;;;;;;;;;;2
20230312;03;2023;7385767;1;1;01;05;1;2090.0244162;05;2;1;4;1;3;2;1;1;2;1;1;4;2;1;1;1;1;1;1;1;;;280000000;1500000;;;1;;;;;;;;;;2
20230312;03;2023;7385768;1;1;01;05;1;2482.3480211;05;2;1;4;1;3;1;1;1;2;1;1;2;1;1;1;1;1;1;3;3;;;;;1000000;1;;;;;;;;;;;1
20230312;03;2023;7385769;1;1;01;05;1;746.24914913;05;2;1;4;1;3;1;1;1;2;1;1;4;2;1;1;1;1;1;3;1;;;98;1000000;;;1;;;;;;;;;;2
20230312;03;2023;7385770;1;1;01;05;1;3882.8168408;05;2;1;4;1;3;2;1;1;2;1;1;3;2;1;1;1;1;1;4;1;;;170000000;1200000;;;1;;;;;;;;;;3
20230312;03;2023;7385771;1;1;01;05;1;650.96467716;05;2;1;4;1;1;1;1;1;2;1;1;2;1;1;1;1;1;1;3;1;;;50000000;500000;;;;;;;;;;1;;;1
20230312;03;2023;7385772;1;1;01;05;1;740.11829109;05;2;1;4;1;3;1;1;1;2;1;1;4;3;1;1;1;1;1;3;3;;;;;950000;;1;;;;;;;;;;4
20230312;03;2023;7385773;1;1;01;05;1;694.69349571;05;2;1;2;1;2;1;1;1;2;1;1;4;2;1;1;1;1;3;3;4;;;;800000;;;1;;;;;;;;;;3
20230312;03;2023;7385774;1;1;01;05;1;980.68201555;05;2;1;4;1;2;1;1;1;2;1;1;3;1;1;1;1;1;1;3;3;;;;;550000;;1;;;;;;;;;;1
20230312;03;2023;7385775;1;1;01;05;1;2493.0563914;05;2;1;4;1;3;1;1;1;2;1;1;4;3;1;1;1;1;1;3;1;;;150000000;1200000;;;1;;;;;;;;;;3
20230312;03;2023;7385776;1;1;01;05;1;1101.0111342;05;2;1;4;1;5;1;1;1;2;1;1;4;3;1;1;1;1;1;3;1;;;98;98;;;1;;;;;;;;;;4
20230312;03;2023;7385777;1;1;01;08;1;2333.3887307;08;2;1;4;1;2;1;1;1;3;1;1;4;3;1;1;1;1;1;3;3;;;;;600000;;1;;;;;1;;;;;6
20230312;03;2023;7385778;1;1;01;08;1;437.43295395;08;2;1;4;1;1;1;1;1;3;1;1;4;3;1;1;1;1;1;3;1;;;20000000;400000;;;;;;;;;1;;;DAVIPLATA;10
20230312;03;2023;7385779;1;1;01;08;1;1408.0498708;08;2;1;4;1;2;1;1;1;3;1;1;3;2;1;1;1;1;3;3;3;;;;;450000;;1;;;;;;;;;;5
20230312;03;2023;7385780;1;1;01;08;1;2240.2676467;08;2;1;4;1;2;1;1;1;3;1;1;3;2;1;1;1;1;1;3;3;;;;;600000;;;;;;;;;1;;;4
20230312;03;2023;7385781;1;1;01;08;1;630.04529403;08;2;1;4;1;2;1;1;1;3;1;1;3;2;1;1;1;1;1;3;1;;;90000000;600000;;;1;;;;;;;;;;3
20230312;03;2023;7385782;1;1;01;08;1;706.07155735;08;2;1;4;1;2;1;1;1;3;1;1;4;2;1;1;1;1;1;3;1;;;50000000;500000;;;;;;;;;;1;;;2
20230312;03;2023;7385783;1;1;01;08;1;1335.2627674;08;2;1;4;1;2;1;1;1;3;1;1;4;3;1;1;1;1;1;3;4;;;;600000;;;1;;;;;1;;;;;5
20230312;03;2023;7385784;1;1;01;08;1;1868.5122937;08;2;1;4;1;2;1;1;1;3;1;1;4;3;1;1;1;1;1;3;3;;;;;750000;;;;;;;;;1;;;5
20230312;03;2023;7385785;1;1;01;08;1;606.84657446;08;1;1;4;1;1;1;1;1;3;1;1;3;2;1;1;1;1;3;3;3;;;;;350000;;;;;;;;;1;;;3
20230312;03;2023;7385786;1;1;01;08;1;488.04315034;08;1;1;4;1;1;1;1;1;3;1;1;5;4;1;1;1;1;3;3;1;;;40000000;450000;;;;;;;;;;1;;;8
20230312;03;2023;7385787;1;1;01;08;1;2520.1811761;08;2;1;4;1;2;1;1;1;3;1;1;3;2;1;1;1;1;3;3;3;;;;;460000;;1;;;;;;;;;;3
20230312;03;2023;7385788;1;1;01;08;1;2019.5094802;08;2;1;4;1;2;1;1;1;3;1;1;3;2;1;1;1;1;3;3;3;;;;;600000;;1;;;;;;;;;;3
20230312;03;2023;7385789;1;1;01;08;1;672.16716428;08;2;1;4;1;2;1;1;1;3;1;1;3;2;1;1;1;1;1;3;3;;;;;600000;;1;;;;;;1;;;NEQUI;4
20230312;03;2023;7385790;1;1;01;08;1;456.67609538;08;1;1;4;1;1;1;1;1;3;1;1;4;2;1;1;1;1;1;3;1;;;140000000;800000;;;1;;;;;;;;;;2
20230312;03;2023;7385791;1;1;01;08;1;420.76117794;08;1;1;4;1;1;1;1;1;3;1;1;4;3;1;1;1;1;1;3;1;;;140000000;700000;;;1;;;;;;;;;;3
20230312;03;2023;7385792;1;1;01;08;1;275.13772086;08;1;1;4;1;1;1;1;1;3;1;1;3;3;1;1;1;1;3;3;3;;;;;600000;;1;;;;;;;;;;5
20230312;03;2023;7385793;1;1;01;08;1;392.49825064;08;1;1;4;1;1;1;1;1;3;1;1;3;2;1;1;1;1;1;3;3;;;;;750000;;1;;;;;1;;;;;3
20230312;03;2023;7385794;1;1;01;08;1;1334.9142813;08;2;1;4;1;2;1;1;1;3;1;1;3;2;1;1;1;1;3;3;3;;;;;600000;;;;;;;;;1;;;3
20230312;03;2023;7385795;1;1;01;08;1;2019.5094802;08;2;1;4;1;2;1;1;1;3;1;1;3;2;1;1;1;1;3;3;3;;;;;500000;;;;;;;;1;;;DAVIPLATA;3
20230312;03;2023;7385797;1;1;01;11;1;4499.3852879;11;2;1;4;1;4;1;1;1;3;1;1;4;2;1;1;1;1;1;3;1;;;99;1800000;;;1;;;;;;;;;;2
20230312;03;2023;7385798;1;1;01;11;1;4778.1394367;11;2;1;3;1;6;1;1;1;3;1;1;3;1;1;1;1;1;1;3;3;;;;;3800000;1;1;1;1;1;;1;;;;;2
20230312;03;2023;7385799;1;1;01;11;1;5475.7315444;11;1;1;4;1;6;2;1;1;3;1;1;1;1;1;1;1;1;1;4;3;;;;;1100000;;1;;;;;1;;;;;1
20230312;03;2023;7385800;1;1;01;11;1;3379.3717158;11;1;1;4;1;3;1;1;1;3;1;1;4;3;1;1;1;1;1;3;1;;;90000000;800000;;;;;;;;;;1;;;3
20230312;03;2023;7385801;1;1;01;11;1;3930.7495869;11;1;1;4;1;3;1;1;1;3;1;1;4;3;1;1;1;1;1;3;3;;;;;630000;;;;;;;;;1;;;4
20230312;03;2023;7385802;1;1;01;11;1;4371.1993121;11;2;1;3;1;6;1;1;1;3;1;1;4;1;1;1;1;10;1;3;1;;;99;99;;;1;;;1;1;1;;;;;1
20230312;03;2023;7385803;1;1;01;11;1;3265.4286262;11;1;1;4;1;3;1;1;1;3;1;1;4;2;1;1;1;1;1;3;1;;;98;1000000;;;1;;;;;;;;;;2
20230312;03;2023;7385804;1;1;01;11;1;2107.375092;11;2;1;7;1;6;2;1;1;3;1;1;4;2;1;1;1;1;1;1;1;;;3000000000;15000000;;1;;;;;;1;;;;;3
20230312;03;2023;7385805;1;1;01;11;1;3470.1947786;11;2;1;4;1;3;1;1;1;3;1;1;3;2;1;1;1;1;1;3;3;;;;;1000000;;1;;;;;1;;;;;3
20230312;03;2023;7385806;1;1;01;11;1;5037.6247441;11;2;1;6;1;4;1;1;1;3;1;1;4;2;1;1;1;1;1;3;1;;;300000000;1800000;;;1;;1;;;1;;;;;3
20230312;03;2023;7385807;1;1;01;11;1;3735.9450134;11;2;1;4;1;3;1;1;1;3;1;1;3;2;1;1;1;1;1;3;1;;;98;98;;;1;;;;;;;;;;2
20230312;03;2023;7385808;1;1;01;11;1;3237.9062476;11;2;1;4;1;3;1;1;1;3;1;1;3;2;1;1;1;1;1;3;3;;;;;570000;;1;;;;;;;;;;4
20230312;03;2023;7385810;1;1;01;11;1;3358.4164961;11;2;1;4;1;3;1;1;1;3;1;1;4;3;1;1;1;1;1;3;3;;;;;700000;;1;;;;1;;;;;;3
20230312;03;2023;7385811;1;1;01;11;1;4708.542268;11;2;1;4;1;3;1;1;1;3;1;1;4;2;1;1;1;1;1;3;2;;700000;160000000;900000;;;1;;1;;;1;;;;;4
20230312;03;2023;7385814;1;1;01;11;1;3185.4262912;11;2;1;4;1;3;1;1;1;3;1;1;3;1;1;1;1;1;1;3;3;;;;;600000;;1;;;;;1;;;;;2
20230312;03;2023;7385816;1;1;01;11;1;5397.9534432;11;2;1;4;1;2;1;1;1;3;1;1;3;1;1;1;1;1;1;3;2;;165000;99;400000;;;;;;;;;;1;;;2
20230312;03;2023;7385817;1;1;01;11;1;3199.5628714;11;2;1;4;1;2;1;1;1;3;1;1;4;2;1;1;1;1;1;3;1;;;98;300000;;;1;;;;;;;;;;2
20230312;03;2023;7385818;1;1;01;11;1;2747.4395743;11;1;1;4;1;1;1;1;1;3;1;1;5;4;1;1;1;1;1;3;5;;;;99;;;;;;;;;;1;;;4
20230312;03;2023;7385819;1;1;01;11;1;3885.4874971;11;2;1;4;1;1;1;1;1;3;1;1;2;1;1;1;1;1;1;3;3;;;;;400000;;1;;;;;;;;;;4
20230312;03;2023;7385820;1;1;01;11;1;1865.4324867;11;1;1;4;1;1;1;1;1;3;1;1;4;3;1;1;1;1;1;3;5;;;;300000;;;;;;;;;;1;;;7
20230312;03;2023;7385821;1;1;01;11;1;4581.8946901;11;2;1;6;1;4;2;1;1;3;1;1;4;3;1;1;1;1;1;1;1;;;99;1500000;;;1;;;;;1;;;;;3
20230312;03;2023;7385822;1;1;01;11;1;2382.8504021;11;2;1;4;1;3;1;1;1;3;1;1;3;2;1;1;1;1;1;3;3;;;;;545000;;1;;;;;;;;;;4
20230312;03;2023;7385824;1;1;01;11;1;3788.9925298;11;2;1;4;1;4;1;1;1;3;1;1;4;3;1;1;1;1;1;3;4;;;;2000000;;;1;;;;;1;;;;;3
20230312;03;2023;7385825;1;1;01;11;1;3504.4681884;11;2;1;4;1;3;1;1;1;3;1;1;3;1;1;2;1;1;1;3;3;;;;;500000;;1;;;;1;1;;;;;1
20230312;03;2023;7385826;1;1;01;11;1;2498.5402406;11;2;1;4;1;3;1;1;1;3;1;1;1;1;1;1;1;1;1;3;3;;;;;600000;;1;;;;;;;;;;3
20230312;03;2023;7385827;1;1;01;11;1;5885.3657306;11;2;1;4;1;2;1;1;1;3;1;1;3;2;1;1;1;1;1;3;3;;;;;500000;;;;;;;;;1;;;3
20230312;03;2023;7385828;1;1;01;11;1;4177.8184174;11;2;1;4;1;2;1;1;1;3;1;1;4;2;1;1;1;1;1;3;2;;150000;90000000;650000;;;1;;1;;;;;;;;3
20230312;03;2023;7385829;1;1;01;11;1;4354.4329469;11;2;1;4;1;2;1;1;1;3;1;1;3;1;1;1;1;1;1;3;2;;350000;90000000;650000;;;1;;1;;;1;;;;;2
20230312;03;2023;7385830;1;1;01;11;1;6222.5187089;11;2;1;4;1;2;1;1;1;3;1;1;3;1;1;1;1;1;1;3;2;;300000;99;500000;;;;;;;;;;1;;;1
20230312;03;2023;7385832;1;1;01;11;1;3639.6651197;11;2;1;4;1;2;1;1;1;3;1;1;4;3;1;1;1;1;1;3;3;;;;;650000;;1;;;;;;;;;;4
20230312;03;2023;7385833;1;1;01;11;1;2689.6613237;11;2;1;4;1;2;1;1;1;3;1;1;4;3;1;1;1;1;1;3;3;;;;;550000;;1;;;;;;;;;;4
20230312;03;2023;7385834;1;1;01;11;1;2942.319401;11;2;1;4;1;3;1;1;1;3;1;1;3;2;1;1;1;10;1;3;1;;;98;600000;;;1;;;;;;;;;;3
20230312;03;2023;7385835;1;1;01;11;1;2849.4659103;11;1;1;4;1;3;1;1;1;3;1;1;5;4;1;1;1;1;1;3;4;;;;900000;;;1;;;;;;;;;;4
20230312;03;2023;7385836;1;1;01;11;1;4962.3177932;11;2;1;6;1;4;1;1;1;3;1;1;4;3;1;1;1;1;1;3;3;;;;;1700000;;1;;;;;;;;;;4
20230312;03;2023;7385837;1;1;01;11;1;2274.1808437;11;2;1;4;1;3;1;1;1;3;1;1;3;2;1;1;1;1;1;3;3;;;;;700000;;1;;;;;;;;;;5
20230312;03;2023;7385838;1;1;01;11;1;3664.1494328;11;2;1;4;1;2;1;1;1;3;1;1;3;2;1;1;1;1;1;3;3;;;;;550000;;1;;;;;;;;;;4
20230312;03;2023;7385839;1;1;01;11;1;3962.5114898;11;2;1;4;1;4;1;1;1;3;1;1;4;3;1;1;1;10;1;3;1;;;350000000;2800000;;;1;;1;1;;1;;;;;2
20230312;03;2023;7385840;1;1;01;11;1;3269.2437789;11;2;1;4;1;2;1;1;1;3;1;1;2;1;1;1;1;1;1;3;3;;;;;800000;;;;;;;;;1;;;3
20230312;03;2023;7385843;1;1;01;11;1;3893.8535427;11;2;1;4;1;2;1;1;1;3;1;1;3;1;1;1;1;1;1;3;3;;;;;680000;;1;;;;;;;;;;1
20230312;03;2023;7385844;1;1;01;11;1;2703.4973726;11;2;1;4;1;3;1;1;1;3;1;1;3;2;1;1;1;1;1;3;1;;;99;1000000;;;1;;;1;;;;;;;3
20230312;03;2023;7385845;1;1;01;11;1;3066.7782743;11;2;1;4;1;3;1;1;1;3;1;1;3;2;1;1;1;1;1;3;3;;;;;1000000;;1;;;;;;;;;;2
20230312;03;2023;7385847;1;1;01;11;1;2703.4973726;11;2;1;4;1;3;1;1;1;3;1;1;3;2;1;1;1;1;1;3;1;;;200000000;1000000;;;1;;;;;;;;;;3
20230312;03;2023;7385849;1;1;01;13;1;283.05783512;13;1;1;4;1;1;1;1;1;3;1;1;4;3;1;1;1;1;1;3;3;;;;;650000;;1;;;;;;;;;;4
20230312;03;2023;7385850;1;1;01;13;1;473.51768021;13;2;1;4;1;1;1;1;1;3;1;1;2;1;1;1;1;1;1;3;3;;;;;330000;;1;;;;;;;;;;1
20230312;03;2023;7385851;1;1;01;13;1;157.30775003;13;2;1;4;1;2;1;1;1;3;1;1;5;4;1;1;1;1;3;3;4;;;;600000;;;1;;;;;;;;;;8
20230312;03;2023;7385855;1;1;01;13;1;345.79820806;13;1;1;4;1;2;1;1;1;3;1;1;3;2;1;1;1;1;3;3;1;;;130000000;700000;;;1;;;;;;;;;;2
20230312;03;2023;7385856;1;1;01;13;1;365.36410089;13;2;1;4;1;1;1;1;1;3;1;1;3;2;1;1;1;2;1;3;6;;;;400000;;;1;;;;;;;;;;3
20230312;03;2023;7385857;1;1;01;13;1;303.11004687;13;1;1;4;1;2;1;1;1;3;1;1;3;1;1;1;1;1;1;3;1;;;80000000;750000;;;1;;;;;;;;;;2
20230312;03;2023;7385859;1;1;01;13;1;251.21584154;13;2;1;4;1;2;1;1;1;3;1;1;4;3;1;1;1;1;1;3;3;;;;;450000;;;;;;;;;1;;;6
20230312;03;2023;7385860;1;1;01;13;1;356.5615671;13;2;1;4;1;3;1;1;1;3;1;1;3;2;1;1;1;1;1;3;3;;;;;700000;;;;;;;;;1;;;6
20230312;03;2023;7385861;1;1;01;13;1;117.67436885;13;1;1;4;1;2;1;1;1;3;1;1;4;3;1;1;1;1;1;3;3;;;;;500000;;1;;;;;;;;;;5
20230312;03;2023;7385862;1;1;01;13;1;316.11501531;13;2;1;4;1;2;1;1;1;3;1;1;2;1;1;1;1;1;1;3;3;;;;;400000;;1;;;;;;;;;;2
20230312;03;2023;7385863;1;1;01;13;1;301.9160967;13;2;1;4;1;1;1;1;1;3;1;1;3;2;1;1;1;1;1;3;3;;;;;520000;;;;;;;;;1;;;3
20230312;03;2023;7385864;1;1;01;13;1;215.47867842;13;2;1;4;1;3;1;1;1;3;1;1;3;2;1;1;1;1;1;3;6;;;;1000000;;;1;;;;;;;;;;3
20230312;03;2023;7385865;1;1;01;13;1;321.76459585;13;2;1;4;1;1;1;1;1;3;1;1;3;2;1;1;1;1;1;3;1;;;98;400000;;;1;;;;;;;;;;4
20230312;03;2023;7385866;1;1;01;13;1;171.37015067;13;1;1;4;1;1;1;1;1;3;1;1;4;3;1;1;1;1;1;3;1;;;98;450000;;;1;;;;;1;;;;;5
20230312;03;2023;7385867;1;1;01;13;1;361.18790574;13;2;1;4;1;1;1;1;1;3;1;1;4;3;1;1;1;1;1;3;4;;;;600000;;;1;;;;;;;;;;3
20230312;03;2023;7385869;1;1;01;13;1;346.41148214;13;2;1;4;1;3;1;1;1;3;1;1;4;1;1;1;1;1;1;3;3;;;;;900000;;1;;;;;;;;;;2
20230312;03;2023;7385870;1;1;01;13;1;371.68439685;13;2;1;4;1;1;1;1;1;3;1;1;2;1;1;1;1;1;2;3;6;;;;200000;;;;;;;;;;1;;;2
20230312;03;2023;7385871;1;1;01;13;1;809.44927824;13;2;1;4;1;3;1;1;1;3;1;1;3;1;1;1;1;1;1;3;3;;;;;750000;;1;;;;;;;;;;1
20230312;03;2023;7385872;1;1;01;13;1;732.7516745;13;2;1;4;1;3;1;1;1;3;1;1;3;2;1;1;1;1;1;3;3;;;;;800000;;1;;;;;;;;;;3
20230312;03;2023;7385873;1;1;01;13;1;691.89105495;13;2;1;4;1;3;1;1;1;3;1;1;3;2;1;1;1;1;3;3;3;;;;;650000;;1;;;;;;;;;;3
20230312;03;2023;7385874;1;1;01;13;1;350.57635461;13;2;1;4;1;3;1;1;1;3;1;1;4;3;1;1;1;1;1;3;7;VIVIENDA FAMILIAR;;;900000;;;;;;;;;;1;;;4
20230312;03;2023;7385875;1;1;01;13;1;214.27829326;13;2;1;4;1;3;1;1;1;3;1;1;4;3;1;1;1;1;1;3;1;;;99;700000;;;1;;;;;;;;;;6
20230312;03;2023;7385876;1;1;01;13;1;233.05276903;13;1;1;4;1;3;1;1;1;3;1;1;3;2;1;1;1;1;1;3;4;;;;800000;;;1;;;;;;;;;;4
20230312;03;2023;7385877;1;1;01;13;1;434.40324598;13;2;1;4;1;3;1;1;1;3;1;1;4;1;1;1;1;1;1;3;3;;;;;1000000;;1;;;;;;;;;;2
20230312;03;2023;7385878;1;1;01;13;1;428.80176805;13;2;1;4;1;3;1;1;1;3;1;1;4;2;1;1;1;1;1;3;3;;;;;1000000;;1;;;;;;;;;;3
20230312;03;2023;7385879;1;1;01;13;1;322.13720364;13;2;1;2;1;3;1;1;1;3;1;1;5;3;1;1;1;1;1;3;1;;;450000000;1500000;;;1;;;;;1;;;;;5
20230312;03;2023;7385880;1;1;01;13;1;307.63531472;13;2;1;4;1;3;1;1;1;3;1;1;3;2;1;1;1;1;1;3;6;;;;800000;;;1;;;;;1;;;;;5
20230312;03;2023;7385881;1;1;01;13;1;437.25081348;13;2;1;2;1;3;1;1;1;3;1;1;4;2;1;1;1;1;1;3;3;;;;;500000;;1;;;;;;;;;;4
20230312;03;2023;7385882;1;1;01;13;1;300.77038902;13;1;1;2;1;3;1;1;1;3;1;1;5;3;1;1;1;1;1;3;1;;;99;1000000;;;1;;;;;;;;;;4
20230312;03;2023;7385883;1;1;01;13;1;356.83972959;13;2;1;4;1;3;1;1;1;3;1;1;4;2;1;1;1;1;1;3;1;;;98;800000;;;1;;;;;;;;;;3
20230312;03;2023;7385884;1;1;01;13;1;395.19795207;13;2;1;4;1;3;1;1;1;3;1;1;4;2;1;1;1;1;1;3;6;;;;1100000;;;1;;;;;;;;;;2
20230312;03;2023;7385885;1;1;01;13;1;342.64731493;13;2;1;4;1;1;1;1;1;3;1;1;2;1;1;1;1;1;3;3;3;;;;;330000;;;;;;;;;1;;;3
20230312;03;2023;7385886;1;1;01;13;1;336.3467796;13;2;1;4;1;1;1;1;1;3;1;1;2;1;1;1;1;1;3;3;6;;;;400000;;;;;;;;;;1;;;4
20230312;03;2023;7385887;1;1;01;13;1;317.51695591;13;2;1;4;1;1;1;1;1;3;1;1;3;2;1;1;1;1;1;3;3;;;;;470000;;1;;;;;;;;;;3
20230312;03;2023;7385888;1;1;01;13;1;303.99842467;13;2;1;4;1;1;1;1;1;3;1;1;3;2;1;1;1;1;3;3;6;;;;500000;;;1;;;;;;;;;;2
20230312;03;2023;7385889;1;1;01;13;1;350.51119357;13;2;1;4;1;5;1;1;1;7;1;1;3;1;1;1;1;1;1;3;3;;;;;1500000;;1;;;;;;;;;;1
20230312;03;2023;7385890;1;1;01;13;1;277.12918571;13;2;1;4;1;5;1;1;1;7;1;1;3;1;1;1;1;1;1;3;3;;;;;1750000;;1;;;;;;;;;;2
20230312;03;2023;7385891;1;1;01;13;1;461.88197619;13;2;1;2;1;1;1;1;1;3;1;1;2;1;1;1;1;1;2;3;7;VIVIENDA FAMILIAR;;;300000;;;;;;;;;;1;;;2
20230312;03;2023;7385892;1;1;01;13;1;271.80006108;13;1;1;4;1;1;1;1;1;3;1;1;4;3;1;1;1;1;1;3;6;;;;400000;;;;;;;;;;1;;;5
20230312;03;2023;7385893;1;1;01;13;1;340.44401246;13;2;1;2;1;1;1;1;1;3;1;1;2;1;1;1;1;1;1;3;1;;;98;300000;;;;;;;;;;1;;;6
20230312;03;2023;7385894;1;1;01;13;1;546.83862329;13;2;1;4;1;1;1;1;1;3;1;1;4;3;1;1;1;1;1;3;3;;;;;390000;;1;;;;;;;;;;5
20230312;03;2023;7385896;1;1;01;13;1;615.01427106;13;2;1;2;1;1;1;1;1;3;1;1;3;2;1;1;1;1;1;3;7;VIVIENDA FAMILIAR;;;300000;;;;;;;;;;1;;;3
20230312;03;2023;7385897;1;1;01;13;1;633.29777488;13;2;1;2;1;1;1;1;1;3;1;1;2;1;1;1;1;1;4;3;6;;;;200000;;;;;;;;;;1;;;3
20230312;03;2023;7385898;1;1;01;13;1;526.93060276;13;2;1;2;1;1;1;1;1;3;1;1;3;2;1;1;1;1;1;3;7;VIVIENDA FAMILIAR;;;300000;;;;;;;;;;1;;;2
20230312;03;2023;7385899;1;1;01;13;1;469.67588291;13;1;1;2;1;1;1;1;1;3;1;1;3;2;1;1;1;1;1;3;4;;;;400000;;;1;;;;;;;;;;3
20230312;03;2023;7385900;1;1;01;13;1;435.35014345;13;1;1;4;1;1;1;1;1;3;1;1;3;2;1;1;1;1;1;3;3;;;;;300000;;;;;;;;;1;;;7
20230312;03;2023;7385901;1;1;01;13;1;506.34786952;13;2;1;4;1;2;1;1;1;3;1;1;3;2;1;1;1;1;1;3;3;;;;;500000;;1;;;;;;;;;;2
20230312;03;2023;7385902;1;1;01;13;1;395.3276409;13;2;1;4;1;2;1;1;1;3;1;1;3;2;1;1;1;1;1;3;6;;;;500000;;;1;;;;;1;;;;;4
20230312;03;2023;7385903;1;1;01;15;1;77.903177577;15;2;1;4;1;2;2;1;1;3;1;1;2;1;1;1;1;1;1;1;3;;;;;350000;;1;;;;;;;;;;1
20230312;03;2023;7385904;1;1;01;15;1;80.014048397;15;1;1;4;1;2;1;1;1;3;1;1;3;2;1;1;1;1;1;3;3;;;;;450000;;1;;;;;;;;;;3
20230312;03;2023;7385905;1;1;01;15;1;129.55282383;15;1;1;4;1;2;1;1;1;3;1;1;4;2;1;1;1;1;1;3;3;;;;;800000;;1;;;;;;;;;;3
20230312;03;2023;7385906;1;1;01;15;1;71.896076977;15;2;1;4;1;2;1;1;1;3;1;1;2;1;1;1;1;1;3;3;4;;;;250000;;;1;;;;;;;;;;2
20230312;03;2023;7385907;1;1;01;15;1;108.78575139;15;1;1;4;1;2;1;1;1;3;1;1;3;1;1;1;1;1;1;3;3;;;;;300000;;1;;;;;;;;;;1
20230312;03;2023;7385908;1;1;01;15;1;103.33297757;15;2;1;4;1;3;1;1;1;3;1;1;3;1;1;1;1;1;1;3;4;;;;200000;;;;;;;;;;1;;;2
20230312;03;2023;7385909;1;1;01;15;1;104.35472092;15;2;1;4;1;3;1;1;1;3;1;1;3;2;1;1;1;1;1;3;3;;;;;400000;;;;;;;;;1;;;5
20230312;03;2023;7385910;1;1;01;15;1;81.863109884;15;2;1;4;1;3;1;1;1;3;1;1;2;2;1;1;1;1;1;3;3;;;;;550000;;;;;;;;;1;;;4
20230312;03;2023;7385911;1;1;01;15;1;108.78575139;15;2;1;4;1;3;1;1;1;3;1;1;2;1;1;1;1;1;1;3;3;;;;;250000;;;;;;;;;1;;;1
20230312;03;2023;7385912;1;1;01;15;1;106.23160579;15;2;1;4;1;3;1;1;1;7;1;1;4;1;1;1;1;1;1;3;1;;;600000000;500000;;;1;;;;1;;;;;;1
20230312;03;2023;7385913;1;1;01;15;1;148.34420644;15;2;1;4;1;3;1;1;1;3;1;1;2;1;1;1;1;1;3;3;3;;;;;450000;;;;;;;;;1;;;1
20230312;03;2023;7385914;1;1;01;15;1;54.216306566;15;1;1;4;1;2;1;1;1;7;1;1;3;1;1;1;1;1;1;3;1;;;98;400000;;;;;;;;;;1;;;3
20230312;03;2023;7385915;1;1;01;15;1;54.216306566;15;2;1;4;1;3;1;1;1;7;1;1;2;1;1;1;1;1;3;3;3;;;;;450000;;1;;;;;;;;;;1
20230312;03;2023;7385916;1;1;01;15;1;103.33297757;15;2;1;4;1;3;1;1;1;7;1;1;4;1;1;1;1;1;1;4;4;;;;700000;;;;;;;;;;1;;;2
20230312;03;2023;7385917;1;1;01;18;1;88.888989204;18;2;1;4;1;1;2;1;1;2;1;1;3;1;1;1;1;1;3;4;3;;;;;300000;;;;;;;;;1;;;3
20230312;03;2023;7385918;1;1;01;18;1;75.021396585;18;2;1;4;1;3;1;1;1;2;1;1;3;1;1;1;1;1;3;3;3;;;;;850000;;1;;;;;;;;;;1
20230312;03;2023;7385919;1;1;01;18;1;94.411970149;18;2;1;4;1;1;1;1;1;2;1;1;3;1;1;1;1;1;1;3;3;;;;;550000;;;;;;;;;1;;;1
20230312;03;2023;7385920;1;1;01;18;1;94.411970149;18;1;1;4;1;1;1;1;1;2;1;1;3;1;1;1;1;1;3;3;3;;;;;380000;;1;;;;;;;;;;1
20230312;03;2023;7385921;1;1;01;18;1;36.69139399;18;1;1;4;1;2;1;1;1;2;1;1;3;1;1;1;1;1;3;3;4;;;;350000;;;;;;;;;;1;;;1
20230312;03;2023;7385922;1;1;01;18;1;36.059625477;18;1;1;4;1;2;1;1;1;2;1;1;4;1;1;1;1;1;3;3;3;;;;;400000;;1;;;;;;;;;;1
20230312;03;2023;7385923;1;1;01;18;1;36.69139399;18;1;1;4;1;2;1;1;1;2;1;1;4;1;1;1;1;1;3;3;1;;;99;99;;;;;;;;;;1;;;1
20230312;03;2023;7385924;1;1;01;18;1;65.397828891;18;1;1;4;1;2;1;1;1;2;1;1;7;4;1;1;1;1;3;3;1;;;99;99;;;1;;;;1;;;;;;7
20230312;03;2023;7385925;1;1;01;18;1;49.860222882;18;1;1;4;1;1;1;1;1;2;1;1;5;1;1;1;1;1;3;3;4;;;;500000;;;;;;;;;;1;;;1
20230312;03;2023;7385926;1;1;01;18;1;45.337832762;18;1;1;2;1;1;1;1;1;2;1;1;5;4;1;1;1;1;3;3;4;;;;100000;;;1;;;;1;;;;;;4
20230312;03;2023;7385927;1;1;01;18;1;69.273322788;18;1;1;2;1;1;2;2;1;2;1;1;1;1;3;1;1;1;2;4;3;;;;;100000;;;;;;;;;1;;;4
20230312;03;2023;7385928;1;1;01;18;1;82.320435235;18;1;1;4;1;2;1;1;1;2;1;1;3;1;1;1;1;1;3;3;4;;;;600000;;;1;;;;;;;;;;1
20230312;03;2023;7385929;1;1;01;18;1;154.90400869;18;2;1;4;1;2;1;1;1;2;1;1;3;2;1;1;1;1;3;3;3;;;;;400000;;1;;;;1;;;;;;5
20230312;03;2023;7385930;1;1;01;18;1;62.69636565;18;1;1;4;1;1;1;1;1;2;1;1;3;2;1;1;1;1;3;3;3;;;;;250000;;;;;;;;;1;;;3
20230312;03;2023;7385931;1;1;01;18;1;38.60779807;18;1;2;2;1;1;1;1;1;2;1;1;3;2;1;1;1;1;3;3;3;;;;;250000;;;;;;;;;1;;;3
20230312;03;2023;7385932;1;1;01;18;1;49.994192647;18;1;1;2;1;1;1;1;1;2;1;1;3;1;1;1;1;1;3;3;5;;;;99;;;;;;;;;;1;;;2
20230312;03;2023;7385933;1;1;01;18;1;44.520764284;18;1;2;2;1;1;1;1;1;2;1;1;4;2;1;1;1;1;3;3;5;;;;99;;;;;;;;;;1;;;2
20230312;03;2023;7385934;1;1;01;18;1;92.990175306;18;1;1;4;1;1;1;1;1;2;1;1;4;2;1;1;1;1;3;3;3;;;;;450000;;;;;;;;;1;;;4
20230312;03;2023;7385935;1;1;01;18;1;35.46947136;18;1;1;4;1;2;1;1;1;2;1;1;4;3;1;1;1;1;3;3;3;;;;;300000;;1;;;;;;;;;;3
20230312;03;2023;7385936;1;1;01;18;1;93.057630724;18;1;1;5;1;2;1;1;1;2;1;1;4;2;1;1;1;1;3;3;4;;;;600000;;;1;;;;;;;;;;2
20230312;03;2023;7385937;1;1;01;18;1;136.33531864;18;2;1;4;1;2;1;1;1;2;1;1;3;2;1;1;1;1;1;3;3;;;;;500000;;1;;;;;;;;;;4
20230312;03;2023;7385938;1;1;01;18;1;42.806626322;18;2;1;2;1;1;1;1;1;2;1;1;3;1;1;1;1;1;3;3;3;;;;;230000;;;;;;;;;1;;;1
20230312;03;2023;7385939;1;1;01;18;1;79.271530226;18;1;1;4;1;1;1;1;1;2;1;1;4;1;1;1;1;1;1;3;4;;;;400000;;;1;;;;;;;;;;1
20230312;03;2023;7385940;1;1;01;18;1;131.2858624;18;2;1;4;1;1;1;1;1;2;1;1;3;2;1;1;1;1;1;3;3;;;;;400000;;1;;;;;;;;;;4
20230312;03;2023;7385941;1;1;01;18;1;158.38991862;18;1;1;4;1;1;1;1;1;2;1;1;4;3;1;1;1;1;1;3;1;;;90000000;700000;;;1;;;;;;;;;;3
20230312;03;2023;7385942;1;1;01;18;1;123.080496;18;1;1;2;1;1;1;1;1;2;1;1;3;2;1;1;1;1;1;3;4;;;;300000;;;;;;;;;;1;;;4
20230312;03;2023;7385943;1;1;01;18;1;79.819351385;18;1;1;4;1;1;1;2;1;2;1;1;3;2;2;1;1;1;1;3;4;;;;350000;;;1;;;;;;;;;;3
20230312;03;2023;7385944;1;1;01;18;1;93.064551802;18;2;1;4;1;3;1;1;1;2;1;1;4;3;1;1;1;1;1;3;3;;;;;1000000;;1;;;;;;;;;;4
20230312;03;2023;7385945;1;1;01;18;1;89.796283499;18;2;1;4;1;3;1;1;1;2;1;1;4;2;1;1;1;1;1;3;4;;;;1350000;;;1;;;;;1;;;;;3
20230312;03;2023;7385946;1;1;01;18;1;97.240739039;18;2;1;4;1;3;1;1;1;2;1;1;4;3;1;1;1;1;1;3;1;;;200000000;1000000;;;1;;;;;1;;;;;4
20230312;03;2023;7385947;1;1;01;18;1;69.600064969;18;2;1;4;1;1;1;1;1;2;1;1;3;1;1;1;1;1;1;3;3;;;;;340000;;;;;;;;;1;;;2
20230312;03;2023;7385948;1;1;01;18;1;67.293602062;18;2;1;4;1;1;1;1;1;2;1;1;3;2;1;1;1;1;1;3;3;;;;;350000;;;;;;;;;1;;;6
20230312;03;2023;7385949;1;1;01;18;1;61.38114266;18;1;1;4;1;1;1;1;1;2;1;1;4;1;1;1;1;1;1;3;1;;;60000000;400000;;;1;;;;;;;;;;1
20230312;03;2023;7385950;1;1;01;18;1;47.090025374;18;1;1;4;1;1;1;1;1;2;1;1;2;1;1;1;1;1;1;3;1;;;40000000;150000;;;;;;;1;;;;;;2
20230312;03;2023;7385951;1;1;01;18;1;70.861559969;18;1;1;4;1;1;1;1;1;2;1;1;4;3;1;1;1;1;1;3;4;;;;350000;;;;;;;;;;1;;;4
20230312;03;2023;7385952;1;1;01;18;1;122.06025713;18;1;1;4;1;1;1;1;1;2;1;1;3;2;1;1;1;1;1;3;1;;;50000000;350000;;;1;;;;;;;;;;4
20230312;03;2023;7385953;1;1;01;18;1;158.90526304;18;1;1;4;1;1;1;1;1;2;1;1;4;3;1;1;1;1;1;3;3;;;;;380000;;1;;;;;;;;;;4
20230312;03;2023;7385954;1;1;01;18;1;61.301261863;18;2;1;4;1;1;1;1;1;2;1;1;3;2;1;1;1;1;1;3;3;;;;;520000;;1;;;;;;;;;;3
20230312;03;2023;7385955;1;1;01;19;1;109.86632017;19;1;1;4;1;4;2;1;1;6;1;1;5;1;1;1;1;1;1;4;4;;;;500000;;;1;;1;;;;;;;;1
20230312;03;2023;7385956;1;1;01;19;1;120.19521389;19;3;1;4;1;3;1;1;1;3;1;1;1;1;1;1;1;1;1;4;3;;;;;530000;;;;;;;;;1;;;2
20230312;03;2023;7385957;1;1;01;19;1;141.50191123;19;2;1;4;1;4;1;1;1;3;1;1;4;1;1;1;1;1;1;3;2;;1100000;450000000;1200000;;;1;;;;;;;;;;2
20230312;03;2023;7385958;1;1;01;19;1;112.96084352;19;3;1;4;1;3;2;1;1;3;1;1;1;1;1;1;1;1;1;4;3;;;;;450000;;;;;;;;;1;;;2
20230312;03;2023;7385959;1;1;01;19;1;170.68774513;19;1;1;4;1;4;1;1;1;3;1;1;5;3;1;1;1;1;1;3;2;;2000000;450000000;1500000;;;1;;1;;1;;;;;;4
20230312;03;2023;7385960;1;1;01;19;1;191.50807508;19;1;1;4;1;4;1;1;1;3;1;1;4;2;1;1;1;1;1;3;2;;1100000;400000000;1200000;;;1;;;;;;;;;;3
20230312;03;2023;7385961;1;1;01;19;1;210.97233838;19;2;1;4;1;4;1;1;1;3;1;1;2;1;1;1;1;1;3;3;3;;;;;570000;;1;;;;;;;;;;1
20230312;03;2023;7385962;1;1;01;19;1;107.49308349;19;2;1;4;1;4;2;1;1;3;1;1;3;2;1;1;1;1;3;4;3;;;;;750000;;1;;;;1;;;;;;2
20230312;03;2023;7385963;1;1;01;19;1;57.999406912;19;1;1;4;1;3;1;1;1;3;1;1;4;2;1;1;1;1;1;3;3;;;;;300000;;;;;;;;;1;;;3
20230312;03;2023;7385964;1;1;01;19;1;80.530147179;19;1;1;4;1;3;1;1;1;3;1;1;4;3;1;1;1;1;1;3;1;;;98;700000;;;1;;;;1;;;;;;4
20230312;03;2023;7385965;1;1;01;19;1;158.72804263;19;1;1;4;1;4;1;1;1;3;1;1;4;1;1;1;1;1;1;3;2;;1500000;200000000;800000;;;1;;1;;1;1;;;;;1
20230312;03;2023;7385966;1;1;01;19;1;126.91524698;19;1;1;4;1;4;1;1;1;3;1;1;8;3;1;1;1;1;1;3;4;;;;1500000;;;1;;;;;;;;;;3
20230312;03;2023;7385967;1;1;01;19;1;268.78776778;19;1;1;4;1;4;1;1;1;3;1;1;4;2;1;1;1;1;1;3;1;;;99;1200000;;;1;;;;;;;;;;2
20230312;03;2023;7385968;1;1;01;19;1;106.46338449;19;2;1;4;1;4;2;1;1;3;1;1;4;3;1;1;1;1;1;4;4;;;;900000;;;;;;;;;;1;;;3
20230312;03;2023;7385969;1;1;01;19;1;83.141992696;19;1;1;4;1;3;1;1;1;3;1;1;4;2;1;1;1;1;1;3;1;;;300000000;700000;;;1;;;;;;;;;;2
20230312;03;2023;7385970;1;1;01;19;1;190.52112099;19;1;1;4;1;1;1;1;1;3;1;1;4;3;1;1;1;1;1;3;1;;;160000000;600000;;;;;1;;;;;;;;4
20230312;03;2023;7385971;1;1;01;19;1;106.64952149;19;1;1;4;1;2;1;1;1;3;1;1;4;3;1;1;1;1;1;3;1;;;98;500000;;;1;;;;;;;;;;5
20230312;03;2023;7385972;1;1;01;19;1;94.416708966;19;2;1;4;1;2;1;1;1;3;1;1;3;2;1;1;1;1;1;3;3;;;;;700000;;1;;;;1;;;;;;4
20230312;03;2023;7385975;1;1;01;19;1;197.07065307;19;1;1;4;1;2;1;1;1;3;1;1;4;2;1;1;1;1;1;3;3;;;;;700000;;;;;;;;;1;;;2
20230312;03;2023;7385976;1;1;01;19;1;213.85235573;19;1;1;2;1;2;1;1;1;3;1;1;3;2;1;1;1;1;1;3;4;;;;500000;;;1;;;;1;;;;;;2
20230312;03;2023;7385977;1;1;01;19;1;206.56200902;19;1;1;2;1;2;2;1;1;3;1;1;3;1;1;1;1;1;1;4;3;;;;;450000;;1;;;;1;;;;;;2
20230312;03;2023;7385978;1;1;01;19;1;167.13432007;19;1;1;4;1;3;1;1;1;3;1;1;3;2;1;1;1;1;1;3;1;;;98;700000;;;1;;;;;;;;;;3
20230312;03;2023;7385979;1;1;01;19;1;190.14300576;19;2;1;4;1;3;1;1;1;3;1;1;3;2;1;1;1;1;1;3;3;;;;;600000;;;;;;1;;;;;;3
20230312;03;2023;7385980;1;1;01;19;1;142.7461178;19;1;1;4;1;3;1;1;1;3;1;1;4;3;1;1;1;1;1;3;3;;;;;600000;;1;;;;;;;;;;4
20230312;03;2023;7385981;1;1;01;19;1;95.155276966;19;1;1;4;1;1;1;1;1;3;1;1;4;3;1;1;1;1;1;3;2;;230000;180000000;700000;;;1;;;;;;;;;;3
20230312;03;2023;7385982;1;1;01;19;1;236.87597401;19;1;1;4;1;4;1;1;1;3;1;1;4;3;1;1;1;1;1;3;3;;;;;1300000;;1;;;;;;;;;;3
20230312;03;2023;7385983;1;1;01;19;1;156.0229143;19;1;1;4;1;4;2;1;1;3;1;3;3;2;1;1;1;1;1;4;1;;;99;800000;;;1;;;;;;;;;;3
20230312;03;2023;7385983;2;2;01;19;1;156.0229143;19;1;1;4;1;4;2;1;1;3;1;3;1;1;1;2;1;1;1;4;3;;;;;270000;;1;;;;;;;;;;1
20230312;03;2023;7385983;3;3;01;19;1;156.0229143;19;1;1;4;1;4;2;1;1;3;1;3;1;1;1;2;1;1;1;4;3;;;;;300000;;1;;;;;;;;;;1
20230312;03;2023;7385984;1;1;01;19;1;296.3275573;19;2;1;4;1;3;1;1;1;3;1;1;3;2;1;1;1;1;1;3;4;;;;500000;;1;1;;;;1;;;;;;3
20230312;03;2023;7385985;1;1;01;19;1;144.29822058;19;2;1;4;1;4;1;1;1;3;1;1;2;1;1;1;1;1;3;3;3;;;;;900000;;1;;;;;;;;;;1
20230312;03;2023;7385986;1;1;01;19;1;207.42873355;19;1;1;4;1;2;1;1;1;3;1;1;3;2;1;1;1;1;1;3;3;;;;;500000;;1;;;;1;;;;;;3
20230312;03;2023;7385987;1;1;01;19;1;146.4884269;19;2;1;4;1;3;1;1;1;3;1;1;2;1;1;1;1;1;1;3;3;;;;;350000;;1;;;;;1;;;;;1
20230312;03;2023;7385988;1;1;01;19;1;190.29527669;19;2;1;4;1;3;1;1;1;3;1;1;3;2;1;1;1;1;1;3;3;;;;;450000;;;;;;;;;1;;;4
20230312;03;2023;7385989;1;1;01;19;1;237.06631268;19;1;1;4;1;3;1;1;1;3;1;1;4;3;1;1;1;1;3;3;3;;;;;500000;;1;;;;;;;;;;4
20230312;03;2023;7385990;1;1;01;19;1;186.55709783;19;2;1;4;1;4;1;1;1;3;1;1;5;2;1;1;1;1;1;3;1;;;98;900000;;;1;;;;1;;;;;;3
20230312;03;2023;7385991;1;1;01;19;1;72.499258641;19;1;1;4;1;3;1;1;1;3;1;1;7;5;1;1;1;1;1;3;1;;;170000000;700000;;;1;;;;;1;;;;;7
20230312;03;2023;7385992;1;1;01;19;1;158.36845582;19;2;1;4;1;3;1;1;1;3;1;1;2;1;1;1;1;1;1;3;3;;;;;600000;;;;;;;;;1;;;1
20230312;03;2023;7385993;1;1;01;19;1;122.07368908;19;2;1;4;1;3;1;1;1;3;1;1;4;1;1;1;1;1;3;3;3;;;;;800000;;;;;;1;;;;;;1
20230312;03;2023;7385994;1;1;01;19;1;160.46978432;19;2;1;4;1;3;1;1;1;3;1;1;4;2;1;1;1;1;3;3;3;;;;;800000;;1;;;;;;;;;;2
20230312;03;2023;7385995;1;1;01;19;1;128.79533775;19;1;1;4;1;4;1;1;1;3;1;1;5;2;1;1;1;1;1;3;4;;;;1500000;;;1;;;;;1;;;;;4
20230312;03;2023;7385998;1;1;01;19;1;249.96240626;19;1;1;4;1;1;1;1;1;3;1;1;3;2;1;1;1;1;3;3;3;;;;;450000;;1;;;;;;;;;;5
20230312;03;2023;7385999;1;1;01;20;1;318.54204891;20;1;1;4;1;2;1;1;1;3;1;1;3;2;1;1;1;1;1;3;1;;;99;400000;;;;;;;;;;1;;;4
20230312;03;2023;7386000;1;1;01;20;1;416.5054601;20;2;1;4;1;2;1;1;1;3;1;1;3;2;1;1;1;1;1;3;3;;;;;430000;;;;;;;;;1;;;3
20230312;03;2023;7386001;1;1;01;20;1;529.93678355;20;2;1;4;1;2;1;1;1;3;1;1;3;2;1;1;1;1;1;3;3;;;;;280000;;;;;;;;;1;;;4
20230312;03;2023;7386002;1;1;01;20;1;216.96475651;20;1;1;4;1;3;1;1;1;3;1;1;4;2;1;1;1;1;1;3;1;;;98;500000;;;1;;;;;;;;;;4
20230312;03;2023;7386003;1;1;01;20;1;164.93806951;20;1;1;4;1;3;1;1;1;3;1;1;3;2;1;1;1;1;1;3;3;;;;;500000;;1;;;;;;;;;;2
20230312;03;2023;7386004;1;1;01;20;1;203.05458995;20;1;1;4;1;3;1;1;1;1;1;1;4;3;1;1;1;1;1;3;3;;;;;600000;;1;;;;;;;;;;7
20230312;03;2023;7386005;1;1;01;20;1;164.93806951;20;1;1;4;1;3;1;1;1;3;1;1;3;2;1;1;1;1;1;3;3;;;;;600000;;1;;;;;;;;;;2
20230312;03;2023;7386006;1;1;01;20;1;137.94516777;20;1;1;4;1;2;1;1;1;3;1;1;4;2;1;1;1;1;1;3;2;;1300000;250000000;750000;;;1;;;;;;;;;;4
20230312;03;2023;7386007;1;1;01;20;1;221.84313494;20;1;1;4;1;2;1;1;1;3;1;1;4;3;1;1;1;1;1;3;1;;;19000000;800000;;;1;;;;;;;;;;5
20230312;03;2023;7386008;1;1;01;20;1;209.02697284;20;1;1;4;1;2;1;1;1;3;1;1;3;2;1;1;1;1;1;3;1;;;250000000;750000;;;1;;;;;;;;;;2
20230312;03;2023;7386009;1;1;01;20;1;235.77048824;20;1;1;3;1;2;1;1;1;3;1;1;4;3;1;1;1;1;1;3;3;;;;;1000000;;1;;;;;;;;;;4
20230312;03;2023;7386010;1;1;01;20;1;232.56391853;20;1;1;4;1;2;1;1;1;3;1;1;4;2;1;1;1;1;1;3;1;;;98;650000;;;;;;;;;;1;;;3
20230312;03;2023;7386011;1;1;01;20;1;253.47151877;20;2;1;2;1;1;2;2;1;3;1;1;2;1;2;1;1;1;3;4;5;;;;250000;;;;;;;;;;1;;;4
20230312;03;2023;7386012;1;1;01;20;1;320.63985687;20;1;1;2;1;1;2;2;1;3;1;1;3;2;2;1;1;1;1;4;3;;;;;200000;;;;;;;;;1;;;5
20230312;03;2023;7386013;1;1;01;20;1;272.6217557;20;1;1;2;1;1;2;2;1;3;1;1;2;1;2;1;1;1;1;4;3;;;;;250000;;;;;;;;;1;;;3
20230312;03;2023;7386014;1;1;01;20;1;318.65727063;20;1;5;1;1;1;2;2;1;3;1;1;2;1;2;1;1;1;4;4;3;;;;;100000;;;;;;;;;1;;;1
20230312;03;2023;7386015;1;1;01;20;1;217.08075847;20;1;5;2;1;1;2;2;1;3;1;1;2;1;2;1;1;1;4;4;3;;;;;100000;;;;;;;;;1;;;3
20230312;03;2023;7386016;1;1;01;20;1;144.74250166;20;1;1;4;1;2;1;1;1;3;1;1;4;3;1;1;1;1;1;3;3;;;;;800000;;1;;;;;;;;;;5
20230312;03;2023;7386017;1;1;01;20;1;312.56144482;20;2;1;4;1;2;1;1;1;3;1;1;2;1;1;1;1;1;1;3;3;;;;;400000;;1;;;;;;;;;;2
20230312;03;2023;7386018;1;1;01;20;1;238.93730514;20;2;1;3;1;2;1;1;1;3;1;1;3;2;1;1;1;1;1;3;3;;;;;700000;;1;;;;;;;;;;2
20230312;03;2023;7386019;1;1;01;20;1;220.98535566;20;2;1;4;1;2;1;1;1;3;1;1;3;2;1;1;1;1;1;3;1;;;99;700000;;;1;;;;;;;;;;2
20230312;03;2023;7386020;1;1;01;20;1;185.5553282;20;2;1;4;1;2;1;1;1;3;1;1;4;2;1;1;1;1;1;3;3;;;;;700000;;1;;;;;;;;;;2
20230312;03;2023;7386021;1;1;01;20;1;208.94507948;20;2;1;4;1;2;1;1;1;3;1;1;3;2;1;1;1;1;1;3;3;;;;;380000;;;;;;;;;1;;;3
20230312;03;2023;7386022;1;1;01;23;1;128.39034376;23;2;1;4;1;3;1;1;1;3;1;1;4;3;1;1;1;1;1;3;3;;;;;900000;;1;;;;;;;;;;4
20230312;03;2023;7386023;1;1;01;23;1;336.86587488;23;2;1;4;1;3;1;1;1;3;1;1;7;1;1;2;1;1;1;3;4;;;;1000000;;;1;;;;;;;;;;1
20230312;03;2023;7386026;1;1;01;23;1;226.20276434;23;2;1;2;1;1;1;1;1;3;1;1;3;1;1;1;1;1;1;3;1;;;60000000;400000;;;;;;;;;;1;;;1
20230312;03;2023;7386027;1;1;01;23;1;380.93838259;23;2;1;2;1;1;1;1;1;3;1;1;3;2;1;1;1;1;1;3;3;;;;;400000;;1;;;;;;;;;;2
20230312;03;2023;7386028;1;1;01;23;1;149.13456806;23;1;1;1;1;1;1;2;1;3;1;1;3;2;2;1;1;1;3;3;5;;;;300000;;;1;;;;;;;;;;5
20230312;03;2023;7386029;1;1;01;23;1;253.30962642;23;2;1;2;1;1;1;1;1;3;1;1;3;2;1;1;1;1;1;3;4;;;;400000;;;;;;;;;;1;;;2
20230312;03;2023;7386030;1;1;01;23;1;226.20276434;23;1;1;2;1;1;1;1;1;3;1;1;3;1;1;1;1;1;1;3;3;;;;;400000;;;;;;;;;1;;;1
20230312;03;2023;7386031;1;1;01;23;1;228.37515278;23;2;1;4;1;1;1;1;1;3;1;1;3;2;1;1;1;1;1;3;3;;;;;450000;;1;;;;;;;;;;3
20230312;03;2023;7386033;1;1;01;23;1;369.63446036;23;1;1;4;1;1;1;1;1;3;1;1;4;3;1;1;1;1;1;3;4;;;;400000;;;;;;;;;;1;;;4
20230312;03;2023;7386034;1;1;01;23;1;112.54997667;23;1;1;2;1;2;1;1;1;3;1;1;3;2;1;1;1;1;1;3;3;;;;;600000;;1;;;;;;;;;;4
20230312;03;2023;7386035;1;1;01;23;1;309.60359687;23;2;1;2;1;2;1;1;1;3;1;1;3;2;1;1;1;1;1;3;4;;;;700000;;;1;;;;;;;;;;4
20230312;03;2023;7386036;1;1;01;23;1;209.59536023;23;1;1;1;1;1;1;1;1;3;1;1;4;3;1;1;1;1;1;3;1;;;55000000;350000;;;;;;;;;;1;;;4
20230312;03;2023;7386037;1;1;01;23;1;143.33120395;23;1;1;2;1;1;1;1;1;3;1;1;3;2;1;1;1;1;1;3;1;;;98;400000;;;;;;;;;;1;;;5
20230312;03;2023;7386038;1;1;01;23;1;350.87237123;23;1;1;4;1;1;1;1;1;3;1;1;2;1;1;1;1;1;1;3;4;;;;450000;;;1;;;;;;;;;;2
20230312;03;2023;7386039;1;1;01;23;1;237.86252538;23;2;1;4;1;2;1;1;1;3;1;1;3;1;1;1;1;1;3;3;3;;;;;550000;;1;;;;;;;;;;2
20230312;03;2023;7386040;1;1;01;23;1;377.56380882;23;2;1;2;1;1;1;1;1;3;1;1;1;1;1;1;1;1;2;3;3;;;;;200000;;;;;;;;;1;;;1
20230312;03;2023;7386041;1;1;01;23;1;330.10408409;23;1;5;2;1;1;1;1;1;3;1;2;4;2;1;1;1;1;1;3;1;;;20000000;370000;;;1;;;;;;;;;;4
20230312;03;2023;7386041;2;2;01;23;1;330.10408409;23;1;5;2;1;1;1;1;1;3;1;2;2;1;1;1;1;1;1;3;4;;;;200000;;;1;;;;;;;;;;1
20230312;03;2023;7386042;1;1;01;23;1;467.23521342;23;4;1;2;1;1;1;1;1;3;1;1;1;1;1;1;1;1;1;4;3;;;;;300000;;;;;;;;;1;;;1
20230312;03;2023;7386043;1;1;01;23;1;289.45680326;23;2;1;1;1;1;1;1;1;3;1;1;2;1;1;1;1;1;3;3;4;;;;200000;;;1;;;;;;;;;;4
20230312;03;2023;7386044;1;1;01;23;1;298.56507509;23;1;1;4;1;1;1;1;1;3;1;1;4;3;1;1;1;1;1;3;3;;;;;400000;;1;;;;;;;;;;6
20230312;03;2023;7386046;1;1;01;23;1;463.23223433;23;2;1;4;1;3;1;1;1;3;1;1;4;1;1;1;1;1;1;3;3;;;;;1500000;;1;;;;;;;;;;1
20230312;03;2023;7386047;1;1;01;23;1;463.23223433;23;2;1;4;1;3;1;1;1;3;1;1;3;1;1;1;1;1;1;3;3;;;;;1500000;;1;;;;;;;;;;1
20230312;03;2023;7386048;1;1;01;23;1;451.10918733;23;2;1;4;1;3;1;1;1;3;1;1;4;1;1;1;1;1;1;3;1;;;200000000;1400000;;;1;;;;;;;;;;2
20230312;03;2023;7386049;1;1;01;23;1;447.6877995;23;2;1;4;1;3;1;1;1;3;1;1;4;3;1;1;1;1;1;3;1;;;200000000;1500000;;;1;;;;;;;;;;3
20230312;03;2023;7386050;1;1;01;23;1;648.0923371;23;2;1;4;1;3;1;1;1;3;1;1;4;2;1;1;1;1;1;3;3;;;;;1900000;;1;;;;;;;;;;4
20230312;03;2023;7386051;1;1;01;23;1;429.01254658;23;2;1;3;1;1;1;1;1;3;1;1;3;1;1;1;1;1;1;3;3;;;;;350000;;1;;;;;;;;;;3
20230312;03;2023;7386052;1;1;01;23;1;429.01254658;23;1;1;4;1;1;1;1;1;3;1;1;3;2;1;1;1;1;1;3;4;;;;500000;;;1;;;;;;;;;;3
20230312;03;2023;7386053;1;1;01;23;1;417.18356869;23;2;1;4;1;1;1;1;1;3;1;1;3;2;1;1;1;1;1;3;1;;;98;400000;;;;;;;;;;1;;;7
20230312;03;2023;7386054;1;1;01;23;1;279.26707028;23;2;1;4;1;1;1;1;1;3;1;1;3;2;1;1;1;1;2;3;3;;;;;480000;;1;;;;;;;;;;4
20230312;03;2023;7386055;1;1;01;23;1;159.25689328;23;1;1;4;1;1;1;1;1;3;1;1;5;2;1;1;1;1;1;3;1;;;120000000;700000;;;1;;;;;;;;;;5
20230312;03;2023;7386056;1;1;01;23;1;429.01254658;23;2;1;4;1;1;1;1;1;3;1;1;3;2;1;1;1;1;1;3;3;;;;;350000;;1;;;;;;;;;;3
20230312;03;2023;7386058;1;1;01;23;1;329.87522069;23;1;1;4;1;1;1;1;1;3;1;1;3;2;1;1;1;1;1;3;3;;;;;400000;;;;;;;;;1;;;3
20230312;03;2023;7386060;1;1;01;23;1;252.4824419;23;1;1;4;1;2;1;1;1;3;1;1;5;3;1;1;1;1;1;3;1;;;100000000;600000;;;1;;;;;;;;;;4
20230312;03;2023;7386061;1;1;01;23;1;485.65479783;23;1;1;4;1;2;1;1;1;3;1;1;3;1;1;1;1;2;1;3;1;;;100000000;700000;;;1;;;;;;;;;;1
20230312;03;2023;7386062;1;1;01;23;1;185.99148531;23;1;1;4;1;2;1;1;1;3;1;1;4;2;1;1;1;2;1;3;1;;;50000000;600000;;;1;;;;;;;;;;4
20230312;03;2023;7386063;1;1;01;23;1;447.6877995;23;2;1;4;1;3;1;1;1;3;1;1;3;2;1;1;1;1;1;3;1;;;250000000;1900000;;1;1;;;;;1;;;;;3
20230312;03;2023;7386065;1;1;01;23;1;196.04239576;23;1;1;4;1;4;1;1;1;3;1;1;5;1;1;1;1;1;1;3;1;;;300000000;1500000;;1;1;;;;;;;;;;1
20230312;03;2023;7386066;1;1;01;23;1;199.43774598;23;1;1;4;1;4;1;1;1;3;1;1;5;1;1;1;1;1;1;3;1;;;280000000;1200000;;;1;;;;1;1;;;;;2
20230312;03;2023;7386067;1;1;01;23;1;277.77002015;23;1;1;4;1;4;1;1;1;3;1;1;5;4;1;1;1;1;1;3;1;;;300000000;1700000;;1;1;;;;;;;;;;4
20230312;03;2023;7386068;1;1;01;23;1;243.44459786;23;1;1;4;1;4;1;1;1;3;1;1;5;3;1;1;1;1;1;3;1;;;120000000;1500000;;;1;;;;;1;;;;;3
20230312;03;2023;7386069;1;1;01;23;1;169.07285573;23;1;1;4;1;4;1;1;1;3;1;1;5;2;1;1;1;1;1;3;1;;;120000000;1100000;;;1;;;;;1;;;;;3
20230312;03;2023;7386070;1;1;01;23;1;199.43774598;23;1;1;4;1;4;1;1;1;3;1;1;5;1;1;1;1;1;1;3;4;;;;2000000;;;1;;;;1;1;;;;;2
20230312;03;2023;7386071;1;1;01;23;1;447.6877995;23;2;1;4;1;3;1;1;1;3;1;1;3;2;1;1;1;1;1;3;3;;;;;1500000;;1;;;;;1;;;;;3
20230312;03;2023;7386073;1;1;01;23;1;280.830755;23;1;1;2;1;1;1;1;1;3;1;1;3;2;1;1;1;1;1;3;1;;;50000000;400000;;;;;;;;;;1;;;3
20230312;03;2023;7386074;1;1;01;;1;3214.9727745;25;1;1;4;1;1;2;1;1;1;2;1;3;1;1;1;1;3;1;4;3;;;;;250000;;;;;;;;;1;;;2
20230312;03;2023;7386075;1;1;01;;1;2255.9369372;25;2;1;4;1;1;2;1;1;1;2;1;2;1;1;1;1;3;1;4;3;;;;;200000;;;;;;;;;1;;;4
20230312;03;2023;7386076;1;1;01;;1;2743.4522063;25;2;1;2;1;1;2;1;1;1;2;1;3;2;1;1;1;3;1;4;1;;;100000000;450000;;;1;;;;;;;;;;3
20230312;03;2023;7386077;1;1;01;;1;750.00604942;25;2;1;4;1;3;1;1;1;3;1;1;4;3;1;1;1;1;1;4;3;;;;;580000;;;;;;;;;1;;;7
20230312;03;2023;7386078;1;1;01;;1;1928.7244921;25;2;1;4;1;3;1;1;1;3;1;1;4;2;1;1;1;1;1;3;2;;450000;12000000;600000;;;1;;;;1;1;;;;;2
20230312;03;2023;7386079;1;1;01;;1;750.00604942;25;2;1;4;1;3;1;1;1;3;1;1;4;3;1;1;1;1;1;3;2;;540000;130000000;700000;;;1;;;;;;;;;;4
20230312;03;2023;7386080;1;1;01;;1;1710.0277905;25;2;1;4;1;3;1;1;1;3;1;1;4;3;1;1;1;1;1;3;3;;;;;600000;;1;;;;1;;;;;;3
20230312;03;2023;7386081;1;1;01;;1;1563.0574397;25;1;1;2;1;1;1;1;1;3;1;1;3;2;1;1;1;1;1;3;3;;;;;350000;;;;;;;;;1;;;5
20230312;03;2023;7386082;1;1;01;27;1;59.143537335;27;1;1;4;1;1;2;1;1;3;2;1;5;1;1;1;1;5;1;4;1;;;400000000;1500000;;;1;;;;;1;;;;;1
20230312;03;2023;7386083;1;1;01;27;1;38.323917756;27;1;1;4;1;1;2;1;1;3;2;1;4;1;1;1;1;5;3;4;1;;;200000000;600000;;;1;;;;;;;;;;2
20230312;03;2023;7386085;1;1;01;27;1;50.809704444;27;2;1;2;1;1;2;1;1;3;2;1;4;2;1;1;1;5;1;4;3;;;;;600000;;1;;;;;;;;;;4
20230312;03;2023;7386088;1;1;01;27;1;51.542289877;27;2;1;2;1;1;2;2;1;3;2;1;4;3;2;1;1;5;1;4;3;;;;;350000;;1;;;;;;;;;;5
20230312;03;2023;7386089;1;1;01;27;1;41.92701722;27;1;1;2;1;1;2;2;1;3;2;1;5;2;3;1;1;5;1;4;4;;;;150000;;;;;;;;;;1;;;2
20230312;03;2023;7386090;1;1;01;27;1;51.975748017;27;1;1;4;1;1;2;2;1;3;2;1;4;1;2;1;1;5;6;;1;;;150000000;500000;;;1;;;;;;;;;;1
20230312;03;2023;7386092;1;1;01;27;1;58.390998101;27;2;1;4;1;1;2;2;1;3;2;1;3;2;3;1;1;5;1;4;3;;;;;300000;;;;;;;;;1;;;4
20230312;03;2023;7386093;1;1;01;27;1;44.42616913;27;2;1;4;1;1;2;2;1;3;2;1;4;2;3;1;1;5;1;4;4;;;;250000;;;;;;;;;;1;;;2
20230312;03;2023;7386095;1;1;01;27;1;50.130541972;27;1;1;2;1;1;2;2;1;3;2;1;2;1;6;;1;5;1;1;4;;;;100000;;;;;;;;;;1;;;3
20230312;03;2023;7386096;1;1;01;27;1;54.519145527;27;1;5;3;1;1;2;2;1;3;2;1;1;1;3;1;1;5;2;1;4;;;;1200000;;;;;;;;;;1;;;1
20230312;03;2023;7386098;1;1;01;27;1;57.095405813;27;2;1;2;1;1;2;2;1;3;2;1;2;1;3;1;1;5;1;4;3;;;;;350000;;;;;;;;;1;;;3
20230312;03;2023;7386099;1;1;01;27;1;41.580598413;27;1;5;3;1;1;2;2;1;3;2;1;2;1;3;1;1;5;3;4;4;;;;200000;;;;;;;;;;1;;;1
20230312;03;2023;7386100;1;1;01;27;1;43.340717593;27;1;1;2;1;1;2;2;1;3;2;1;2;1;3;1;1;5;3;4;4;;;;150000;;;;;;;;;;1;;;5
20230312;03;2023;7386104;1;1;01;27;1;73.606564191;27;1;1;4;1;1;2;2;1;3;2;1;4;2;2;1;1;5;1;4;4;;;;400000;;;1;;;;;;;;;;3
20230312;03;2023;7386106;1;1;01;27;1;71.768680863;27;1;1;4;1;1;2;2;1;3;2;1;3;2;2;1;1;5;1;4;1;;;30000000;400000;;;;;;;;;;1;;;5
20230312;03;2023;7386107;1;1;01;27;1;60.9017662;27;1;1;4;1;1;2;2;1;3;2;1;4;3;3;1;1;5;1;4;1;;;60000000;500000;;;1;;;;;;;;;;3
20230312;03;2023;7386108;1;1;01;27;1;62.208971178;27;1;1;4;1;1;2;2;1;3;2;1;5;4;2;1;1;5;1;4;1;;;50000000;400000;;;1;;;;;;;;;;8
20230312;03;2023;7386109;1;1;01;27;1;59.519801092;27;1;1;2;1;1;2;2;1;3;2;1;4;3;2;1;1;5;1;4;4;;;;400000;;;1;;;;;;;;;;2
20230312;03;2023;7386110;1;1;01;27;1;63.889623665;27;1;1;4;1;1;2;2;1;3;2;1;3;2;2;1;1;5;1;4;3;;;;;300000;;;;;;;;;1;;;1
20230312;03;2023;7386111;1;1;01;27;1;63.127783417;27;1;1;4;1;1;2;2;1;3;2;1;4;1;2;1;1;5;1;4;3;;;;;400000;;1;;;;;;;;;;1
20230312;03;2023;7386113;1;1;01;27;1;50.084931094;27;2;1;4;1;1;2;2;1;3;2;1;3;2;2;1;1;5;1;4;3;;;;;350000;;1;;;;;;;;;;2
20230312;03;2023;7386114;1;1;01;27;1;46.019256261;27;2;1;4;1;1;2;2;1;3;2;1;3;2;2;1;1;5;1;4;3;;;;;350000;;1;;;;;;;;;;3
20230312;03;2023;7386115;1;1;01;27;1;41.580598413;27;1;1;4;1;1;2;2;1;3;2;1;3;1;2;1;1;5;1;4;1;;;60000000;400000;;;;;;;;;;1;;;1
20230312;03;2023;7386116;1;1;01;27;1;55.033144959;27;1;5;2;1;1;2;2;1;3;2;1;4;1;3;1;1;5;1;4;1;;;10000000;200000;;;;;;;;;;1;;;1
20230312;03;2023;7386117;1;1;01;27;1;61.990053352;27;1;1;2;1;1;2;2;1;3;2;1;3;2;3;1;1;5;1;4;3;;;;;200000;;;;;;;;;1;;;4
20230312;03;2023;7386118;1;1;01;27;1;58.032626496;27;1;5;3;1;1;2;2;1;3;2;1;3;2;6;;1;5;4;4;1;;;5000000;100000;;;1;;;;;;;;;;4
20230312;03;2023;7386119;1;1;01;27;1;62.371096343;27;1;5;2;1;1;2;2;1;3;2;1;3;2;3;1;1;5;4;4;4;;;;100000;;;;;;;;;;1;;;4
20230312;03;2023;7386120;1;1;01;27;1;71.297261271;27;1;5;3;1;1;2;2;1;3;2;1;2;1;3;1;1;5;1;4;3;;;;;170000;;;;;;;;;1;;;1
20230312;03;2023;7386121;1;1;01;27;1;58.422680228;27;2;1;2;1;1;2;2;1;3;2;1;3;2;3;1;1;5;3;4;3;;;;;150000;;;;;;;;;1;;;2
20230312;03;2023;7386122;1;1;01;27;1;70.782451661;27;1;1;2;1;1;2;2;1;3;2;1;3;2;3;1;1;5;1;4;1;;;40000000;250000;;;;;;;;;;1;;;9
20230312;03;2023;7386123;1;1;01;27;1;58.081281047;27;1;5;3;1;1;2;2;1;3;2;1;1;1;6;;1;5;1;4;1;;;3000000;100000;;;;;;;;;;1;;;4
20230312;03;2023;7386124;1;1;01;27;1;67.743125821;27;1;1;4;1;1;2;2;1;3;2;1;3;2;3;1;1;5;4;1;3;;;;;150000;;;;;;;;;1;;;5
20230312;03;2023;7386125;1;1;01;27;1;80.280183268;27;1;5;3;1;1;2;2;1;3;2;1;3;2;6;;1;5;1;4;1;;;10000000;250000;;;1;;;;;;;;;;5
20230312;03;2023;7386126;1;1;01;27;1;32.193079057;27;1;1;4;1;1;2;2;1;3;2;1;5;3;2;1;1;5;3;4;3;;;;;200000;;1;;;;;;;;;;4
20230312;03;2023;7386127;1;1;01;27;1;43.347870956;27;1;2;3;1;1;2;2;1;3;2;1;4;3;3;1;1;5;1;4;1;;;60000000;300000;;;1;;;;;;;;;;6
20230312;03;2023;7386128;1;1;01;27;1;77.619185916;27;1;1;2;1;1;2;2;1;3;2;1;2;1;3;1;1;5;6;;1;;;25000000;250000;;;;;;;;;;1;;;1
20230312;03;2023;7386129;1;1;01;27;1;55.375144141;27;1;1;2;1;1;2;2;1;3;2;1;4;3;2;1;1;5;3;4;1;;;90000000;500000;;;;;;;;;;1;;;2
20230312;03;2023;7386130;1;1;01;27;1;78.555911659;27;1;1;2;1;1;2;2;1;3;2;1;3;1;3;1;1;5;1;4;1;;;90000000;300000;;;;;;;;;;1;;;1
20230312;03;2023;7386131;1;1;01;27;1;78.555911659;27;1;2;3;1;1;2;2;1;3;2;1;3;1;3;1;1;5;1;4;4;;;;300000;;;;;;;;;;1;;;1
20230312;03;2023;7386132;1;1;01;27;1;49.13057771;27;1;5;3;1;1;2;2;1;3;2;1;3;2;3;1;1;5;1;4;1;;;30000000;300000;;;;;;;;;;1;;;6
20230312;03;2023;7386133;1;1;01;27;1;27.500183025;27;1;1;2;1;1;2;2;1;3;2;1;3;2;2;1;1;5;3;4;3;;;;;300000;;;;;;;;;1;;;3
20230312;03;2023;7386134;1;1;01;27;1;32.3933401;27;1;1;4;1;1;2;2;1;3;2;1;4;3;2;1;1;5;1;4;3;;;;;300000;;;;;;;;;1;;;6
20230312;03;2023;7386135;1;1;01;27;1;40.633415885;27;1;1;4;1;1;2;2;1;3;2;1;5;4;2;1;1;5;3;4;1;;;60000000;400000;;;;;;;;;;1;;;8
20230312;03;2023;7386136;1;1;01;27;1;53.774731799;27;1;1;4;1;1;2;2;1;3;2;1;4;3;2;1;1;5;3;4;4;;;;500000;;;1;;;;;;;;;;6
20230312;03;2023;7386137;1;1;01;27;1;26.730384694;27;1;1;2;1;1;2;2;1;3;2;1;4;1;3;1;1;5;4;4;1;;;40000000;400000;;;1;;;;;;;;;;1
20230312;03;2023;7386138;1;1;01;27;1;34.991805188;27;1;1;2;1;1;2;2;1;3;2;1;4;2;3;1;1;5;3;4;1;;;50000000;400000;;;1;;;;1;;;;;;3
20230312;03;2023;7386139;1;1;01;27;1;50.902777096;27;1;1;2;1;1;2;2;1;3;2;1;4;1;3;1;1;5;1;4;4;;;;250000;;;;;;;;;;1;;;2
20230312;03;2023;7386140;1;1;01;27;1;90.667475847;27;1;1;2;1;1;2;2;1;3;2;1;3;1;6;;1;5;1;4;1;;;20000000;200000;;;;;;;;;;1;;;3
20230312;03;2023;7386143;1;1;01;27;1;52.556019008;27;1;1;2;1;1;2;2;1;3;2;1;3;1;3;1;1;5;1;4;4;;;;400000;;;1;;;;;;;;;;1
20230312;03;2023;7386144;1;1;01;27;1;46.067411164;27;2;1;2;1;1;2;2;1;3;2;1;3;2;2;1;1;5;1;4;3;;;;;350000;;1;;;;;;;;;;3
20230312;03;2023;7386146;1;1;01;27;1;41.297523657;27;1;1;2;1;1;2;2;1;3;2;1;4;3;3;1;1;5;1;4;4;;;;300000;;;1;;;;;;;;;;4
20230312;03;2023;7386148;1;1;01;27;1;52.137781384;27;1;1;2;1;1;2;2;1;3;2;1;5;4;2;1;1;5;1;4;1;;;45000000;500000;;;1;;;;;;;;;;3
20230312;03;2023;7386149;1;1;01;27;1;51.155959946;27;1;1;4;1;1;2;2;1;3;2;1;4;3;2;1;1;5;1;4;1;;;90000000;600000;;;1;;;;;;;;;;5
20230312;03;2023;7386150;1;1;01;27;1;52.412519008;27;1;1;4;1;1;2;2;1;3;2;1;3;1;2;1;1;5;1;4;1;;;55000000;350000;;;;;;;;;;1;;;1
20230311;03;2023;7386153;1;1;01;41;1;234.18658948;41;2;1;4;1;4;1;1;1;3;1;1;4;2;1;1;1;1;1;3;3;;;;;950000;;1;;;;1;1;;;;;2
20230312;03;2023;7386154;1;1;01;41;1;109.13048234;41;1;1;4;1;1;1;1;1;3;1;2;2;1;1;2;1;1;1;3;1;;;99;99;;;;;;;;;;1;;;3
20230312;03;2023;7386154;2;2;01;41;1;109.13048234;41;1;1;4;1;1;1;1;1;3;1;2;2;1;1;2;1;1;1;3;1;;;99;99;;;;;;;;;;1;;;3
20230312;03;2023;7386155;1;1;01;41;1;187.23063861;41;2;1;1;1;1;1;1;1;3;1;1;4;4;1;1;1;1;1;3;5;;;;80000;;;;;;;;;;1;;;7
20230312;03;2023;7386156;1;1;01;41;1;106.67879546;41;1;1;4;1;1;1;1;1;3;1;1;4;2;1;1;1;1;1;3;5;;;;300000;;;1;;;;;;;;;;3
20230312;03;2023;7386157;1;1;01;41;1;126.41075179;41;1;1;4;1;1;1;1;1;3;1;1;4;3;1;1;1;1;1;3;1;;;99;400000;;;;;;;;;;1;;;4
20230312;03;2023;7386158;1;1;01;41;1;119.87377409;41;1;1;1;1;1;2;1;1;3;1;1;3;2;1;1;1;1;4;4;4;;;;5000000;;;;;;;;;;1;;;4
20230312;03;2023;7386159;1;1;01;41;1;213.45446414;41;1;1;4;1;2;1;1;1;3;1;1;4;3;1;1;1;1;1;3;2;;735000;120000000;800000;;;;;1;;;;;;;;5
20230312;03;2023;7386160;1;1;01;41;1;157.5399383;41;1;1;4;1;2;1;1;1;3;1;1;4;1;1;1;1;1;1;3;2;;620000;98;800000;;;1;;;;;;;;;;2
20230312;03;2023;7386161;1;1;01;41;1;172.56076712;41;1;1;4;1;2;1;1;1;3;1;1;4;3;1;1;1;1;1;3;2;;650000;98;98;;;1;;;;;;;;;;4
20230312;03;2023;7386162;1;1;01;41;1;221.3341369;41;1;1;4;1;2;1;1;1;3;1;1;4;3;1;1;1;1;1;3;2;;450000;150000000;700000;;;1;;1;;1;;;;;;5
20230312;03;2023;7386163;1;1;01;41;1;223.48953684;41;1;1;4;1;2;1;1;1;3;1;1;4;3;1;1;1;1;1;3;3;;;;;650000;;1;;;;;;;;;;4
20230312;03;2023;7386164;1;1;01;41;1;187.00042287;41;1;1;4;1;2;1;1;1;3;1;1;3;2;1;1;1;1;3;3;2;;570000;1500000;700000;;;;;1;;;;;;;;4
20230312;03;2023;7386165;1;1;01;41;1;226.20736636;41;1;1;4;1;2;1;1;1;3;1;1;4;3;1;1;1;1;1;3;2;;550000;150000000;800000;;;1;;1;;1;;;;;;4
20230312;03;2023;7386166;1;1;01;41;1;176.50309172;41;1;1;4;1;2;1;1;1;3;1;1;4;2;1;1;1;1;3;3;4;;;;600000;;1;1;;;;;1;;;;;2
20230312;03;2023;7386167;1;1;01;41;1;184.11910116;41;1;1;4;1;2;1;1;1;3;1;1;4;3;1;1;1;1;3;3;1;;;130000000;600000;;1;1;;;;;1;;;;;3
20230312;03;2023;7386168;1;1;01;41;1;234.38477351;41;2;1;4;1;2;1;1;1;3;1;1;3;2;1;1;1;1;1;3;3;;;;;450000;;1;;;;;;;;;;5
20230312;03;2023;7386169;1;1;01;41;1;137.30854885;41;1;1;4;1;2;1;1;1;3;1;1;3;2;1;1;1;1;3;3;1;;;1000000;500000;;;;;;;;;;1;;;2
20230312;03;2023;7386170;1;1;01;41;1;252.00012696;41;1;1;4;1;2;1;1;1;3;1;1;3;2;1;1;1;1;6;;3;;;;;400000;;;;;;;;;1;;;6
20230312;03;2023;7386171;1;1;01;41;1;146.16617428;41;1;1;4;1;2;1;1;1;3;1;1;4;2;1;1;1;1;1;1;1;;;99;600000;;;1;;;;;1;;;;;3
20230312;03;2023;7386172;1;1;01;41;1;211.7677106;41;1;1;4;1;2;1;1;1;3;1;1;4;3;1;1;1;1;3;3;2;;420000;12000000;500000;;;1;;1;;;;;;;;4
20230312;03;2023;7386173;1;1;01;41;1;209.24967403;41;1;8;2;1;1;2;2;1;3;1;1;3;2;2;1;1;1;1;4;5;;;;150000;;;1;;;;;;;;;;4
20230312;03;2023;7386174;1;1;01;41;1;118.10141118;41;2;1;4;1;1;1;2;1;3;1;1;2;1;2;1;1;1;1;3;5;;;;450000;;;1;;;;;;;;;;1
20230312;03;2023;7386175;1;1;01;41;1;202.58332697;41;1;1;4;1;1;1;2;1;3;1;1;3;2;2;1;1;1;1;3;1;;;98;350000;;;1;;;;;;;;;;6
20230312;03;2023;7386176;1;1;01;41;1;170.00038443;41;2;1;2;1;1;1;2;1;3;1;1;2;1;2;1;1;1;4;3;3;;;;;300000;;;;;;;;;1;;;4
20230312;03;2023;7386177;1;1;01;41;1;154.56030916;41;1;1;4;1;1;1;2;1;3;1;1;4;3;2;1;1;1;1;3;1;;;60000000;300000;;;1;;;;;;;;;;5
20230312;03;2023;7386178;1;1;01;41;1;137.30854885;41;1;1;2;1;1;1;2;1;3;1;1;4;1;2;1;1;1;1;3;1;;;60000000;300000;;;1;;;;;;;;;;2
20230312;03;2023;7386179;1;1;01;41;1;209.24967403;41;2;1;4;1;1;1;2;1;3;1;1;3;2;2;1;1;1;1;3;3;;;;;250000;;1;;;;;;;;;;4
20230312;03;2023;7386180;1;1;01;41;1;135.72441982;41;1;1;4;1;2;1;1;1;3;1;1;4;3;1;1;1;1;1;3;3;;;;;500000;;1;;;;;1;;;;;4
20230312;03;2023;7386181;1;1;01;41;1;137.30854885;41;1;1;4;1;1;1;1;1;3;1;1;2;1;1;1;1;1;2;3;1;;;99;100000;;;;;;;;;;1;;;2
20230312;03;2023;7386182;1;1;01;41;1;127.06062636;41;1;1;4;1;2;1;1;1;3;1;1;4;3;1;1;1;1;1;3;3;;;;;600000;1;1;;;;;1;;;;;4
20230312;03;2023;7386183;1;1;01;41;1;195.8409274;41;2;1;4;1;1;1;1;1;3;1;1;3;2;1;1;1;1;1;3;1;;;98;450000;;;1;;;;;;;;;;3
20230312;03;2023;7386184;1;1;01;41;1;151.03940374;41;1;1;2;1;2;1;1;1;3;1;1;2;1;1;1;1;1;5;3;4;;;;99;;;;;;;;;;1;;;2
20230312;03;2023;7386185;1;1;01;41;1;151.03940374;41;1;1;2;1;2;1;1;1;3;1;1;3;2;1;1;1;1;1;3;1;;;98;500000;;;1;;;;;;;;;;2
20230312;03;2023;7386186;1;1;01;41;1;151.03940374;41;1;1;4;1;2;1;1;1;3;1;1;4;1;1;1;1;1;1;3;1;;;90000000;400000;;;1;;;;;;;;;;2
20230312;03;2023;7386187;1;1;01;41;1;220.49239162;41;1;1;4;1;2;1;1;1;3;1;1;4;3;1;1;1;1;3;3;3;;;;;400000;;;;;;;;;1;;;5
20230312;03;2023;7386188;1;1;01;41;1;183.02384972;41;1;1;2;1;2;1;1;1;3;1;1;4;2;1;1;1;1;1;3;1;;;100000000;400000;;;1;;;;1;;;;;;2
20230312;03;2023;7386189;1;1;01;41;1;125.86616978;41;1;1;4;1;2;1;1;1;3;1;1;3;1;1;1;1;1;1;3;1;;;98;450000;;;1;;;;;;;;;;2
20230312;03;2023;7386190;1;1;01;41;1;175.56038263;41;1;1;2;1;2;1;1;1;3;1;1;5;3;1;1;1;1;1;3;1;;;98;500000;;;1;;;;;;;;;;3
20230312;03;2023;7386191;1;1;01;41;1;127.22225737;41;1;1;4;1;2;1;1;1;3;1;1;3;2;1;1;1;1;1;3;3;;;;;450000;;1;;;;;;;;;;3
20230312;03;2023;7386192;1;1;01;41;1;237.99319617;41;1;1;2;1;2;1;1;1;3;1;1;4;3;1;1;1;1;1;3;3;;;;;400000;;1;;;;;;;;;;6
20230312;03;2023;7386193;1;1;01;41;1;131.89481832;41;2;1;4;1;2;1;1;1;3;1;1;4;2;1;1;1;1;1;1;4;;;;600000;;;1;;;;;1;;;;;3
20230312;03;2023;7386194;1;1;01;41;1;150.88066394;41;1;1;4;1;2;1;1;1;3;1;1;4;3;1;1;1;1;1;3;1;;;120000000;500000;;;1;;;;;1;;;;;5
20230312;03;2023;7386195;1;1;01;41;1;152.51987477;41;1;1;4;1;2;1;1;1;3;1;1;3;2;1;1;1;1;3;3;2;;5500000;600000;60000;;;;;;;;;;1;;;2
20230312;03;2023;7386196;1;1;01;41;1;129.4793669;41;1;1;2;1;2;1;1;1;3;1;1;2;1;1;1;1;1;1;3;1;;;2700000;400000;;;;;;;;;;1;;;1
20230312;03;2023;7386197;1;1;01;41;1;155.66431264;41;2;1;4;1;2;1;1;1;3;1;1;4;3;1;1;1;1;1;3;4;;;;500000;;;1;;;;;1;;;;;4
20230312;03;2023;7386198;1;1;01;41;1;103.3395353;41;2;1;4;1;2;1;1;1;3;1;1;3;1;1;1;1;1;1;1;3;;;;;500000;;1;;;;;1;;;;;2
20230312;03;2023;7386199;1;1;01;41;1;148.90667764;41;2;1;4;1;2;1;1;1;3;1;1;4;2;1;1;1;1;1;3;4;;;;450000;;;1;;;;;;;;;;3
20230312;03;2023;7386200;1;1;01;41;1;108.24277406;41;2;1;4;1;2;1;1;1;3;1;1;3;1;1;1;1;1;1;3;4;;;;400000;;;1;;;;;;;;;;1
20230312;03;2023;7386201;1;1;01;41;1;159.46373571;41;2;1;4;1;2;1;1;1;3;1;1;2;1;1;1;1;1;1;3;3;;;;;300000;;;;;;;;;1;;;3
20230312;03;2023;7386202;1;1;01;41;1;187.37370966;41;2;1;4;1;2;2;1;1;3;1;1;3;2;1;1;1;1;3;4;3;;;;;300000;;1;;;;;;;;;;4
20230312;03;2023;7386203;1;1;01;44;1;61.69101908;44;1;1;4;1;1;1;2;1;3;1;1;3;1;2;1;1;1;1;3;1;;;120000000;450000;;;1;;;;;;;;;;1
20230312;03;2023;7386204;1;1;01;44;1;61.513574183;44;1;1;2;1;1;1;2;1;3;1;1;3;2;2;1;1;1;1;3;3;;;;;300000;;;;;;;1;;;;;9
20230312;03;2023;7386205;1;1;01;44;1;116.8876403;44;2;1;2;1;1;1;2;1;3;1;1;2;2;2;1;1;10;4;3;3;;;;;200000;;1;;;;;1;;;;;4
20230312;03;2023;7386206;1;1;01;44;1;103.61172833;44;1;1;4;1;1;1;1;1;3;1;1;3;2;1;1;1;10;1;3;4;;;;600000;;;1;;;;;;;;;;3
20230312;03;2023;7386207;1;1;01;44;1;131.27970838;44;1;1;2;1;1;1;1;1;3;1;1;3;2;1;1;1;1;1;3;3;;;;;450000;;;;;;;;;1;;;4
20230312;03;2023;7386208;1;1;01;44;1;65.238364023;44;2;1;4;1;1;1;1;1;3;1;1;3;1;1;1;1;1;1;3;3;;;;;400000;;;;;;;;;1;;;2
20230312;03;2023;7386209;1;1;01;44;1;115.15117141;44;2;1;2;1;1;1;1;1;3;1;1;2;1;1;1;1;1;3;3;3;;;;;350000;;1;;;;;;;;;;3
20230312;03;2023;7386210;1;1;01;44;1;123.9793707;44;2;1;4;1;1;1;1;1;3;1;1;2;1;1;1;1;10;3;3;3;;;;;400000;;;;;;;;;1;;;3
20230312;03;2023;7386211;1;1;01;44;1;175.09585696;44;1;1;2;1;3;1;1;1;7;1;1;2;1;1;1;1;1;1;3;3;;;;;450000;;1;;;;;;;;;;2
20230312;03;2023;7386212;1;1;01;44;1;62.588259912;44;1;1;4;1;1;1;1;1;3;1;1;4;3;1;1;1;1;1;3;3;;;;;300000;;;;;;;;;1;;;7
20230312;03;2023;7386213;1;1;01;44;1;101.36292408;44;3;1;2;1;1;1;1;1;3;1;1;1;1;1;2;1;1;1;3;3;;;;;100000;;;;;;;;;1;;;2
20230312;03;2023;7386214;1;1;01;44;1;104.23783629;44;2;1;4;1;1;1;1;1;3;1;1;2;1;1;1;1;1;1;3;3;;;;;250000;;;;;;;;;1;;;3
20230312;03;2023;7386215;1;1;01;44;1;111.74741296;44;2;1;3;1;1;1;1;1;3;1;1;4;2;1;1;1;1;1;3;4;;;;350000;;;;;;;;;;1;;;4
20230312;03;2023;7386216;1;1;01;44;1;81.489350219;44;1;1;4;1;1;1;1;1;3;1;1;3;2;1;1;1;1;1;3;3;;;;;450000;;;;;;;;;1;;;5
20230312;03;2023;7386217;1;1;01;44;1;87.24330723;44;1;1;4;1;2;1;1;1;3;1;1;3;2;1;1;1;1;1;3;3;;;;;300000;;;;;;;;;1;;;4
20230312;03;2023;7386218;1;1;01;44;1;75.136454688;44;2;1;4;1;2;1;1;1;3;1;1;4;3;1;1;1;1;1;3;1;;;200000000;500000;;;;;;;;;;1;;;3
20230312;03;2023;7386219;1;1;01;44;1;75.334527817;44;1;1;4;1;1;1;1;1;3;1;1;4;3;1;1;1;1;1;3;1;;;120000000;600000;;;1;;;;;;;;;;2
20230312;03;2023;7386220;1;1;01;44;1;57.332191701;44;2;1;2;1;1;1;1;1;3;1;1;2;1;1;1;1;1;1;3;4;;;;200000;;;;;;;;;;1;;;2
20230312;03;2023;7386221;1;1;01;44;1;79.236198376;44;2;1;2;1;1;2;2;1;3;1;1;2;1;2;1;1;1;1;4;4;;;;180000;;;;;;;;;;1;;;4
20230312;03;2023;7386222;1;1;01;44;1;101.41354069;44;3;1;2;1;1;2;2;1;3;1;1;2;1;2;2;1;1;1;4;4;;;;180000;;;;;;;;;;1;;;4
20230312;03;2023;7386223;1;1;01;47;1;290.12879854;47;2;1;4;1;3;1;1;1;3;1;1;4;2;1;1;1;10;3;3;3;;;;;550000;;1;;;;;;;;;;3
20230312;03;2023;7386224;1;1;01;47;1;296.91521452;47;2;1;2;1;1;1;1;1;3;1;1;2;1;1;1;1;1;3;3;3;;;;;270000;;;;;;;;;1;;;3
20230312;03;2023;7386225;1;1;01;47;1;416.35733307;47;2;1;4;1;1;1;1;1;3;1;1;4;3;2;1;1;1;3;3;4;;;;600000;;;;;;;1;;;;;;6
20230312;03;2023;7386226;1;1;01;47;1;413.9853702;47;2;1;2;1;1;1;1;1;3;1;1;3;2;1;1;1;1;3;3;4;;;;300000;;;;;;;;;;1;;;4
20230312;03;2023;7386227;1;1;01;47;1;143.26663468;47;2;1;4;1;2;1;1;1;3;1;1;2;1;1;1;1;1;1;3;4;;;;400000;;;;;;;;;;1;;;1
20230312;03;2023;7386228;1;1;01;47;1;172.95873776;47;2;1;4;1;2;1;1;1;3;1;1;3;1;1;1;1;1;1;3;4;;;;400000;;;;;;;;;;1;;;2
20230312;03;2023;7386229;1;1;01;47;1;375.54493874;47;1;1;2;1;2;1;2;1;3;1;1;3;2;2;1;1;2;1;3;3;;;;;350000;;;;;;;;;1;;;5
20230312;03;2023;7386230;1;1;01;47;1;418.69819396;47;1;1;4;1;1;1;2;1;3;1;1;3;2;2;1;1;2;3;3;1;;;18000000;650000;;;1;;;;;;;;;;2
20230312;03;2023;7386231;1;1;01;47;1;239.96908604;47;1;1;4;1;3;1;1;1;3;1;1;4;2;1;1;1;1;1;3;1;;;200000000;800000;;;;;;;;;;1;;;2
20230312;03;2023;7386232;1;1;01;47;1;218.94039249;47;1;1;2;1;2;1;2;1;3;1;1;2;1;2;1;1;2;6;;4;;;;200000;;;;;;;;;;1;;;1
20230312;03;2023;7386233;1;1;01;47;1;299.44501254;47;2;1;4;1;2;1;2;1;3;1;1;2;1;2;1;1;2;3;3;3;;;;;350000;;1;;;;;1;;;;;4
20230312;03;2023;7386234;1;1;01;47;1;313.02284091;47;2;1;4;1;3;1;1;1;3;1;1;3;2;1;1;1;1;3;3;3;;;;;700000;;;;;;;;;1;;;5
20230312;03;2023;7386235;1;1;01;47;1;126.68382486;47;2;1;4;1;3;1;1;1;3;1;1;3;2;1;1;1;1;3;3;3;;;;;500000;;;;;;;;;1;;;3
20230312;03;2023;7386236;1;1;01;47;1;104.82969174;47;1;1;2;1;3;1;1;1;3;1;1;2;1;1;1;1;1;3;3;3;;;;;300000;;1;;;;;;;;;;4
20230312;03;2023;7386237;1;1;01;47;1;169.52249373;47;1;1;4;1;3;1;1;1;3;1;1;3;2;1;1;1;1;1;3;4;;;;400000;;;;;;;;;;1;;;4
20230312;03;2023;7386238;1;1;01;47;1;169.52249373;47;1;1;2;1;3;1;1;1;3;1;1;4;2;1;1;1;1;1;3;6;;;;600000;;;1;;;;;;;;;;4
20230312;03;2023;7386239;1;1;01;47;1;175.19229154;47;1;1;2;1;2;1;1;1;3;1;1;5;2;1;1;1;1;1;3;6;;;;400000;;;1;;;;;;;;;;2
20230312;03;2023;7386240;1;1;01;47;1;357.02299814;47;2;1;4;1;2;1;2;1;3;1;1;2;1;2;1;1;2;3;3;3;;;;;300000;;;;;;;;;1;;;4
20230312;03;2023;7386241;1;1;01;47;1;418.69819396;47;1;1;4;1;2;1;2;1;3;1;1;3;2;2;1;1;1;3;3;1;;;170000000;600000;;;1;;;;1;1;;;;;2
20230312;03;2023;7386242;1;1;01;47;1;304.61117397;47;2;1;4;1;2;1;1;1;3;1;1;3;2;1;1;1;1;1;3;3;;;;;500000;;1;;;;;;;;;;4
20230312;03;2023;7386243;1;1;01;47;1;210.82281524;47;1;1;4;1;2;1;1;1;3;1;1;4;2;1;1;1;1;1;3;5;;;;600000;;;1;;;;;;;;;;3
20230312;03;2023;7386244;1;1;01;47;1;171.91996162;47;1;1;4;1;2;1;1;1;3;1;1;4;1;1;1;1;1;1;3;5;;;;500000;;;1;;;;;;;;;;1
20230312;03;2023;7386245;1;1;01;47;1;222.50688291;47;2;1;2;1;2;1;1;1;3;1;1;2;1;1;1;1;1;3;3;3;;;;;250000;;;;;;;;;1;;;2
20230312;03;2023;7386246;1;1;01;47;1;295.41944112;47;2;1;2;1;1;1;1;1;3;1;1;3;1;1;1;1;2;3;3;4;;;;400000;;;1;;;;;;;;;;2
20230311;03;2023;7386247;1;1;01;50;1;261.61316513;50;1;1;4;1;2;1;1;1;3;1;1;3;2;1;1;1;1;1;3;3;;;;;550000;;;;;;;;;1;;;3
20230312;03;2023;7386248;1;1;01;50;1;282.19721794;50;1;1;4;1;3;1;1;1;3;1;1;4;3;1;1;1;1;1;3;1;;;200000000;1200000;;1;1;;;;1;1;;;;;4
20230312;03;2023;7386249;1;1;01;50;1;219.13942084;50;1;1;4;1;3;1;1;1;3;1;1;3;2;1;1;1;1;1;3;3;;;;;550000;;1;;;;;;1;;;NEQUI;5
20230312;03;2023;7386250;1;1;01;50;1;199.30872515;50;1;1;4;1;3;1;1;1;3;1;1;4;2;1;1;1;1;1;3;1;;;260000000;1200000;;;1;;;;;;;;;;2
20230312;03;2023;7386251;1;1;01;50;1;238.70440145;50;1;1;4;1;3;1;1;1;3;1;1;4;3;1;1;1;1;1;3;1;;;245000000;1000000;;;1;;;;;1;;;;;3
20230312;03;2023;7386252;1;1;01;50;1;237.61526401;50;2;1;4;1;3;1;1;1;3;1;1;2;1;1;1;1;1;1;3;3;;;;;350000;;1;;;;;;;;;;1
20230312;03;2023;7386253;1;1;01;50;1;194.15763243;50;1;1;4;1;3;1;1;1;3;1;1;4;3;1;1;1;1;1;3;3;;;;;450000;;1;;;;;;;;;;4
20230312;03;2023;7386254;1;1;01;50;1;250.5947821;50;1;1;2;1;1;1;1;1;3;1;1;4;1;1;1;1;1;1;3;3;;;;;250000;;;;;;;;;1;;;1
20230312;03;2023;7386255;1;1;01;50;1;219.87339165;50;2;1;2;1;1;1;1;1;3;1;1;2;1;1;1;1;1;1;3;3;;;;;370000;;;;;;;;;1;;;2
20230312;03;2023;7386256;1;1;01;50;1;255.87995586;50;2;1;2;1;1;1;1;1;3;1;1;2;1;1;1;1;1;1;3;4;;;;300000;;;1;;;;;;;;;;2
20230312;03;2023;7386257;1;1;01;50;1;220.60907552;50;1;1;4;1;3;1;1;1;3;1;1;4;3;1;1;1;1;1;3;3;;;;;700000;;1;;;;;;;;;;3
20230312;03;2023;7386258;1;1;01;50;1;340.42046888;50;2;1;4;1;4;1;1;1;3;1;1;3;1;1;1;1;1;1;3;4;;;;600000;;;1;;;;;;;;;;2
20230312;03;2023;7386259;1;1;01;50;1;221.66243711;50;1;1;4;1;1;1;1;1;3;2;1;4;2;1;1;1;10;1;3;3;;;;;350000;;;;;;;;1;;;AHORRO A LA MANO;3
20230312;03;2023;7386260;1;1;01;50;1;252.86938321;50;2;1;4;1;4;1;1;1;3;1;1;4;2;1;1;1;1;1;3;1;;;100000000;600000;;;1;;;;;;;;;;2
20230312;03;2023;7386261;1;1;01;50;1;302.75097604;50;1;1;2;1;1;1;1;1;3;2;1;4;1;1;1;1;10;1;3;2;;100000;50000000;250000;;;;;;;;;;1;;;2
20230312;03;2023;7386262;1;1;01;50;1;316.33712546;50;2;1;4;1;4;1;1;1;3;1;1;5;4;1;1;1;1;1;3;1;;;300000000;500000;;;1;;;;;;;;;;5
20230312;03;2023;7386263;1;1;01;50;1;376.76923714;50;1;1;4;1;4;1;1;1;3;1;1;5;3;1;1;1;1;1;3;1;;;200000000;700000;;1;1;;;;;1;;;;;3
20230312;03;2023;7386264;1;1;01;50;1;226.34605909;50;1;1;4;1;3;1;1;1;3;1;1;4;2;1;1;1;1;1;3;1;;;280000000;800000;;;1;;;;;;;;;;3
20230312;03;2023;7386265;1;1;01;50;1;232.10486515;50;2;1;4;1;3;1;1;1;3;1;1;3;1;1;1;1;1;1;3;1;;;310000000;700000;;;1;;;;;;;;;;2
20230312;03;2023;7386266;1;1;01;50;1;233.41213985;50;1;1;2;1;2;1;1;1;3;1;1;4;2;1;1;1;1;1;3;1;;;80000000;400000;;;;;;;;;;1;;;4
20230312;03;2023;7386267;1;1;01;50;1;340.65430753;50;2;1;4;1;2;1;1;1;3;1;1;4;2;1;1;1;1;1;3;3;;;;;600000;;1;;;;;;1;;;DAVIPLATA;2
20230312;03;2023;7386268;1;1;01;50;1;266.37661905;50;1;1;4;1;2;1;1;1;3;1;1;4;3;1;1;1;1;1;3;1;;;85000000;400000;;;;;;;;;1;;;AHORRO A LA MANO;7
20230312;03;2023;7386269;1;1;01;50;1;185.75747624;50;1;1;4;1;3;1;1;1;3;1;1;4;2;1;1;1;1;1;3;1;;;300000000;850000;;;1;;;;;;;;;;2
20230312;03;2023;7386270;1;1;01;50;1;269.51305961;50;1;1;4;1;3;1;1;1;3;1;1;3;2;1;1;1;1;1;3;4;;;;600000;;;1;;;;;;;;;;4
20230312;03;2023;7386271;1;1;01;50;1;220.60907552;50;2;1;4;1;2;1;1;1;3;1;1;3;2;1;1;1;1;1;3;3;;;;;300000;;;;;;;;1;;;NEQUI;3
20230312;03;2023;7386272;1;1;01;50;1;208.36821265;50;2;1;4;1;2;1;1;1;3;1;1;2;1;1;1;1;1;1;3;3;;;;;350000;;1;;;;;;;;;;2
20230312;03;2023;7386273;1;1;01;50;1;250.94245786;50;1;1;4;1;3;1;1;1;3;1;1;3;2;1;1;1;1;1;3;4;;;;600000;;;1;;;;;;;;;;2
20230312;03;2023;7386274;1;1;01;50;1;254.48489545;50;1;1;4;1;3;1;1;1;3;1;1;4;3;1;1;1;1;1;3;3;;;;;900000;;1;;;;;;;;;;3
20230312;03;2023;7386275;1;1;01;50;1;232.397486;50;1;1;4;1;2;1;1;1;3;1;1;6;5;1;1;1;1;1;3;1;;;135000000;600000;;;1;;;;;1;;;;;6
20230312;03;2023;7386276;1;1;01;50;1;236.94022222;50;2;1;4;1;2;1;1;1;3;1;1;4;2;1;1;1;1;1;3;1;;;180000000;500000;;;;;;;;;;1;;;3
20230312;03;2023;7386277;1;1;01;50;1;256.7158533;50;1;1;4;1;2;1;1;1;3;1;1;4;3;1;1;1;1;1;3;1;;;80000000;500000;;;1;;;;1;;;;;;4
20230312;03;2023;7386278;1;1;01;50;1;216.9136136;50;1;1;4;1;2;1;1;1;3;1;1;4;3;1;1;1;1;1;3;1;;;85000000;550000;;;;;;;;;1;;;AHORRO A LA MANO;3
20230312;03;2023;7386279;1;1;01;50;1;295.18097005;50;2;1;4;1;2;1;1;1;3;1;1;4;3;1;1;1;1;1;3;3;;;;;630000;;;;;;;;;1;;;4
20230312;03;2023;7386280;1;1;01;50;1;253.43328986;50;1;1;4;1;1;1;1;1;3;1;1;4;2;1;1;1;1;1;3;1;;;100000000;450000;;;1;;;;;;;;;;3
20230312;03;2023;7386281;1;1;01;50;1;226.00777864;50;2;1;4;1;1;1;1;1;3;1;1;2;1;1;1;1;1;1;3;3;;;;;360000;;;;;;;;;1;;;4
20230312;03;2023;7386282;1;1;01;50;1;255.31535166;50;2;1;4;1;2;1;1;1;3;1;1;4;1;1;1;1;1;1;3;4;;;;500000;;;;;;;;;;1;;;2
20230312;03;2023;7386283;1;1;01;50;1;204.25228133;50;2;1;4;1;1;1;1;1;3;1;1;4;1;1;1;1;1;1;3;4;;;;350000;;;;;;;;;;1;;;2
20230312;03;2023;7386284;1;1;01;50;1;298.84192476;50;2;1;4;1;2;1;1;1;3;1;1;2;1;1;1;1;1;1;3;3;;;;;400000;;;;;;;;;1;;;2
20230312;03;2023;7386285;1;1;01;50;1;302.72173736;50;1;1;4;1;2;1;1;1;3;1;1;3;2;1;1;1;1;1;3;3;;;;;450000;;1;;;;;;;;;;3
20230312;03;2023;7386286;1;1;01;50;1;255.31535166;50;1;1;4;1;2;1;1;1;3;1;1;4;1;1;1;1;1;1;3;1;;;80000000;400000;;;;;;;;;;1;;;2
20230312;03;2023;7386287;1;1;01;50;1;454.42356759;50;1;1;4;1;3;1;1;1;3;1;1;4;3;1;1;1;1;1;3;4;;;;700000;;;1;;;;;;1;;;DAVIPLATA;4
20230312;03;2023;7386288;1;1;01;50;1;236.84429824;50;2;1;4;1;1;1;1;1;3;1;1;5;3;1;1;1;1;1;3;3;;;;;400000;;1;;;;;;;;;;5
20230312;03;2023;7386289;1;1;01;50;1;328.14642894;50;2;1;4;1;2;1;1;1;3;1;1;2;1;1;1;1;1;1;3;3;;;;;350000;;;;;;;;1;;;NEQUI;4
20230312;03;2023;7386290;1;1;01;50;1;330.10688449;50;2;1;4;1;3;1;1;1;3;1;1;3;1;1;1;1;1;1;3;1;;;150000000;600000;;;;;;;;;;1;;;1
20230312;03;2023;7386291;1;1;01;50;1;277.26445322;50;1;1;4;1;3;1;1;1;3;1;1;3;2;1;1;1;1;1;3;4;;;;650000;;;1;;;;;;;;;;3
20230312;03;2023;7386292;1;1;01;50;1;259.43361419;50;2;1;4;1;2;1;1;1;3;1;1;2;1;1;1;1;1;1;3;3;;;;;380000;;;;;;;;1;;;DAVIPLATA;1
20230312;03;2023;7386293;1;1;01;50;1;290.68129458;50;1;1;4;1;2;1;1;1;3;1;1;4;2;1;1;1;1;1;3;3;;;;;400000;;;;;;;;1;;;NEQUI;3
20230312;03;2023;7386294;1;1;01;50;1;313.24347762;50;2;1;4;1;2;1;1;1;3;1;1;1;1;1;1;1;1;2;3;4;;;;150000;;;;;;;;;;1;;;1
20230312;03;2023;7386295;1;1;01;50;1;222.01334927;50;1;1;4;1;3;1;1;1;3;1;1;4;1;1;1;1;1;1;3;3;;;;;1000000;;1;;;;;;;;;;2
20230312;03;2023;7386296;1;1;01;50;1;295.18097005;50;1;1;4;1;3;1;1;1;3;1;1;3;2;1;1;1;1;1;3;1;;;270000000;550000;;;1;;;;;;;;;;4
20230312;03;2023;7386297;1;1;01;50;1;234.2771769;50;2;1;4;1;2;1;1;1;3;1;1;3;2;1;1;1;1;3;3;3;;;;;350000;;;;;;;;;1;;;3
20230312;03;2023;7386298;1;1;01;50;1;181.95907972;50;1;1;4;1;3;1;1;1;3;1;1;4;2;1;1;1;1;1;3;1;;;400000000;1000000;;;1;;;;;;1;;;DAVIPLATA;2
20230312;03;2023;7386299;1;1;01;50;1;304.62537712;50;1;1;4;1;3;1;1;1;3;1;1;4;3;1;1;1;1;1;3;3;;;;;650000;;1;;;;;;;;;;4
20230312;03;2023;7386300;1;1;01;50;1;261.88218123;50;2;1;4;1;3;1;1;1;3;1;1;3;2;1;1;1;1;1;3;3;;;;;1250000;;1;;;;;1;;;;;3
20230312;03;2023;7386301;1;1;01;50;1;258.28244086;50;2;1;4;1;3;1;1;1;3;1;1;3;1;1;1;1;1;1;3;3;;;;;1200000;;1;;;;;1;;;;;2
20230312;03;2023;7386302;1;1;01;50;1;290.68129458;50;2;1;4;1;2;1;1;1;3;1;1;3;2;1;1;1;1;1;3;4;;;;650000;;;1;;;;;1;;;;;3
20230312;03;2023;7386303;1;1;01;50;1;203.44866445;50;2;1;4;1;2;1;1;1;3;1;1;4;2;1;1;1;1;1;3;3;;;;;600000;;;;;;;;;1;;;2
20230312;03;2023;7386304;1;1;01;50;1;430.47073476;50;2;1;4;1;3;1;1;1;3;1;1;3;2;1;1;1;1;1;3;3;;;;;700000;;1;;;;1;1;;;;;2
20230312;03;2023;7386305;1;1;01;50;1;297.59338776;50;2;1;4;1;3;1;1;1;3;1;1;3;2;1;1;1;1;1;3;3;;;;;400000;;1;;;;;;;;;;3
20230312;03;2023;7386306;1;1;01;;1;74.509966232;52;1;5;3;1;1;2;2;1;1;1;1;3;2;5;1;1;1;2;4;6;;;;100000;;;;;;;;;;1;;;6
20230312;03;2023;7386307;1;1;01;;1;222.17079322;52;1;5;3;1;1;2;2;1;1;1;1;3;2;5;1;1;1;1;4;1;;;25000000;150000;;;;;;;;;;1;;;3
20230312;03;2023;7386308;1;1;01;;1;350.86183808;52;1;5;3;1;1;2;2;1;1;1;1;4;3;5;1;1;1;1;4;1;;;20000000;100000;;;;;;;;;;1;;;4
20230312;03;2023;7386309;1;1;01;;1;74.509966232;52;1;5;3;1;1;2;2;1;1;1;1;2;1;5;1;1;1;4;4;1;;;7000000;100000;;;;;;;;;;1;;;3
20230312;03;2023;7386310;1;1;01;52;1;127.17039227;52;1;1;4;1;2;1;1;1;3;1;1;3;2;1;1;1;1;1;3;3;;;;;600000;;;;;;;;;1;;;3
20230312;03;2023;7386311;1;1;01;52;1;101.08501159;52;1;1;4;1;2;2;1;1;3;1;1;5;4;1;1;1;1;1;4;1;;;200000000;800000;;;1;;;;1;1;;;;;5
20230312;03;2023;7386312;1;1;01;52;1;81.546793418;52;2;1;4;1;2;1;1;1;3;1;1;3;2;1;1;1;1;1;3;3;;;;;460000;;1;;;;;;;;;;2
20230312;03;2023;7386313;1;1;01;52;1;90.132737843;52;2;1;4;1;2;2;1;1;3;1;1;7;5;1;1;1;1;1;4;4;;;;500000;;;;;;;;;;1;;;5
20230312;03;2023;7386314;1;1;01;52;1;82.47998471;52;2;1;4;1;2;2;1;1;3;1;1;3;1;1;1;1;1;1;4;3;;;;;300000;;1;;;;;;;;;;2
20230312;03;2023;7386315;1;1;01;52;1;99.148167267;52;2;1;4;1;2;1;1;1;3;1;2;3;3;1;1;1;1;1;3;1;;;150000000;550000;;;1;;;;;;;;;;4
20230312;03;2023;7386315;2;2;01;52;1;99.148167267;52;2;1;4;1;2;1;1;1;3;1;2;3;2;1;1;1;1;1;3;4;;;;200000;;;1;;;;;;;;;;3
20230312;03;2023;7386316;1;1;01;52;1;113.55536154;52;2;1;4;1;2;1;1;1;3;1;1;3;1;1;1;1;1;1;3;4;;;;400000;;;1;;;;;;;;;;2
20230312;03;2023;7386317;1;1;01;52;1;212.71645825;52;2;1;4;1;3;2;1;1;3;1;1;4;2;1;1;1;1;1;4;4;;;;900000;;;1;;;;;;;;;;4
20230312;03;2023;7386318;1;1;01;52;1;247.58974204;52;2;1;4;1;2;1;1;1;3;1;1;4;3;1;1;1;1;1;3;1;;;150000000;500000;;;1;;;;;;;;;;4
20230312;03;2023;7386319;1;1;01;52;1;233.35077807;52;2;1;4;1;2;2;1;1;3;1;1;2;1;1;1;1;1;1;4;3;;;;;390000;;;;;;;;;1;;;2
20230312;03;2023;7386320;1;1;01;52;1;221.01793221;52;2;1;4;1;2;2;1;1;3;1;1;4;3;1;1;1;1;1;4;3;;;;;450000;;1;;;;;;;;;;5
20230312;03;2023;7386321;1;1;01;52;1;244.42731023;52;1;1;4;1;1;2;1;1;3;1;1;2;1;1;1;1;1;1;4;3;;;;;400000;;;;;;;;;1;;;2
20230312;03;2023;7386322;1;1;01;52;1;108.68913811;52;2;1;4;1;2;2;1;1;3;1;1;6;5;1;1;1;1;1;4;3;;;;;480000;;1;;;;;;;;;;5
20230312;03;2023;7386323;1;1;01;52;1;237.43016405;52;2;1;4;1;2;2;1;1;3;1;2;3;2;1;1;1;1;1;4;3;;;;;300000;;1;;;;;;;;;;3
20230312;03;2023;7386323;2;2;01;52;1;237.43016405;52;2;1;4;1;2;2;1;1;3;1;2;3;1;1;1;1;1;1;4;4;;;;250000;;;1;;;;;;;;;;1
20230312;03;2023;7386324;1;1;01;52;1;328.89927432;52;1;1;4;1;2;2;1;1;3;1;1;4;2;1;1;1;1;1;4;3;;;;;600000;;1;;;;;;;;;;5
20230312;03;2023;7386325;1;1;01;52;1;356.55135101;52;2;1;4;1;2;2;1;1;3;1;1;4;3;1;1;1;1;1;4;3;;;;;500000;;;1;;;;;;;;;3
20230312;03;2023;7386326;1;1;01;52;1;221.85945831;52;2;1;4;1;2;1;1;1;3;1;1;2;2;1;1;1;1;1;3;1;;;270000000;500000;;;1;;;;;;;;;;3
20230312;03;2023;7386327;1;1;01;52;1;117.92609789;52;1;1;5;1;3;1;1;1;3;1;1;5;2;1;1;1;1;1;3;6;;;;1000000;;;;;;;;;;1;;;2
20230312;03;2023;7386328;1;1;01;52;1;81.888500969;52;2;1;4;1;3;1;1;1;3;1;1;4;3;1;1;1;1;1;3;1;;;400000000;800000;;;1;;;;;;;;;;5
20230312;03;2023;7386329;1;1;01;52;1;109.52801489;52;2;1;4;1;2;1;1;1;3;1;1;4;2;1;1;1;1;1;3;3;;;;;450000;;1;;;;;;;;;;4
20230312;03;2023;7386330;1;1;01;52;1;178.35291613;52;2;1;4;1;2;2;1;1;3;1;1;4;3;1;1;1;1;1;4;3;;;;;1250000;;1;;;;;;;;;;6
20230312;03;2023;7386331;1;1;01;52;1;150.22753807;52;1;1;5;1;3;1;1;1;3;1;1;6;4;1;1;1;1;1;3;1;;;400000000;1000000;;;1;;;;1;1;;;;;5
20230312;03;2023;7386332;1;1;01;52;1;94.8653755;52;3;1;4;1;1;2;1;1;3;1;1;3;3;1;1;1;1;1;4;1;;;70000000;400000;;;1;;;;;;;;;;5
20230312;03;2023;7386333;1;1;01;52;1;152.03740575;52;3;3;1;1;1;2;1;1;3;1;1;1;1;1;1;1;2;1;4;4;;;;350000;;;;;;;;;;1;;;4
20230312;03;2023;7386334;1;1;01;52;1;205.36502792;52;2;1;2;1;1;2;1;1;3;1;1;3;2;1;1;1;1;1;4;3;;;;;240000;;;;;;;;;1;;;4
20230312;03;2023;7386335;1;1;01;52;1;192.01831809;52;3;1;2;1;1;2;1;1;3;1;1;2;2;1;1;1;1;2;4;5;;;;200000;;;;;;;;;;1;;;6
20230312;03;2023;7386336;1;1;01;52;1;102.67434235;52;3;1;4;1;2;2;1;1;3;1;1;1;1;1;2;1;1;2;4;3;;;;;230000;;;;;;;;;1;;;2
20230312;03;2023;7386337;1;1;01;52;1;126.19907364;52;1;1;4;1;2;1;1;1;3;1;1;4;2;1;1;1;1;1;3;3;;;;;600000;;;;;;;;;1;;;4
20230312;03;2023;7386338;1;1;01;52;1;117.98064731;52;1;1;4;1;2;2;1;1;3;1;1;6;2;1;1;1;1;1;4;1;;;300000000;800000;;;1;;;;;;;;;;3
20230312;03;2023;7386339;1;1;01;52;1;146.20757128;52;1;1;4;1;2;1;1;1;3;1;1;3;1;1;1;1;1;1;3;1;;;300000000;600000;;;;;;;;;;1;;;1
20230312;03;2023;7386340;1;1;01;52;1;113.42532418;52;2;1;4;1;2;1;1;1;3;1;1;4;3;1;1;1;1;1;3;4;;;;500000;;;;;;;;;;1;;;3
20230312;03;2023;7386341;1;1;01;52;1;122.37061121;52;2;1;4;1;2;2;1;1;3;1;1;3;2;1;1;1;1;1;4;3;;;;;450000;;1;;;;;;;;;;3
20230312;03;2023;7386342;1;1;01;52;1;240.56662207;52;2;1;4;1;3;2;1;1;7;1;1;3;1;1;1;1;1;1;4;1;;;150000000;700000;;;1;;;;;;;;;;2
20230312;03;2023;7386343;1;1;01;52;1;126.72157741;52;1;1;4;1;2;1;1;1;3;1;1;3;2;1;1;1;1;1;3;1;;;170000000;500000;;;1;;;;;;;;;;2
20230312;03;2023;7386344;1;1;01;52;1;180.06919094;52;2;1;4;1;2;2;1;1;3;1;1;4;2;1;1;1;1;1;4;1;;;160000000;400000;;;1;;;;1;1;;;;;2
20230312;03;2023;7386345;1;1;01;52;1;133.89219871;52;2;1;4;1;2;2;1;1;3;1;1;3;2;1;1;1;1;1;4;3;;;;;750000;;1;;;;1;;;;;;2
20230312;03;2023;7386346;1;1;01;52;1;276.39870524;52;2;1;4;1;2;2;1;1;3;1;1;1;1;1;1;1;1;1;1;3;;;;;300000;;1;;;;;;;;;;3
20230312;03;2023;7386347;1;1;01;52;1;84.157373138;52;2;1;4;1;2;2;1;1;3;1;1;3;1;1;1;1;1;1;4;3;;;;;450000;;1;;;;;;;;;;1
20230312;03;2023;7386348;1;1;01;52;1;240.56662207;52;2;1;4;1;3;1;1;1;3;1;1;3;2;1;1;1;1;1;3;6;;;;500000;;;;;;;;;;1;;;2
20230312;03;2023;7386349;1;1;01;52;1;319.4567101;52;4;1;4;1;3;2;1;1;3;1;1;1;1;1;2;1;1;1;4;3;;;;;700000;;1;;;;;;;;;;4
20230312;03;2023;7386350;1;1;01;52;1;169.88327138;52;2;1;2;1;1;2;1;1;3;1;1;2;1;1;1;1;1;1;4;3;;;;;100000;;;;;;;;;1;;;1
20230312;03;2023;7386351;1;1;01;52;1;111.80606785;52;1;1;4;1;3;1;1;1;3;1;1;4;2;1;1;1;1;1;3;3;;;;;900000;;1;;;;;;;;;;5
20230312;03;2023;7386354;1;1;01;52;1;131.79362178;52;1;1;4;1;3;1;1;1;3;1;1;5;4;1;1;1;1;1;3;1;;;350000000;1200000;;;1;;;;;;;;;;4
20230312;03;2023;7386355;1;1;01;52;1;180.06919094;52;2;1;4;1;2;1;1;1;3;1;1;4;2;1;1;1;1;1;3;3;;;;;980000;;1;;;;;;;;;;2
20230312;03;2023;7386356;1;1;01;52;1;180.06919094;52;2;1;4;1;2;1;1;1;3;1;1;5;2;1;1;1;1;1;3;1;;;150000000;180000;;;1;;;;;;;;;;2
20230312;03;2023;7386357;1;1;01;52;1;138.13094776;52;1;1;4;1;3;2;1;1;3;1;1;3;1;1;1;1;1;1;4;3;;;;;500000;;1;;;;;;;;;;1
20230312;03;2023;7386358;1;1;01;52;1;114.77628608;52;2;1;4;1;2;1;1;1;3;1;1;2;1;1;1;1;1;1;4;3;;;;;500000;;;;;;;;;1;;;2
20230312;03;2023;7386359;1;1;01;52;1;141.85660508;52;1;1;4;1;2;2;1;1;3;1;1;5;2;1;1;1;1;1;4;1;;;200000000;700000;;;1;1;;;;1;;;;;2
20230312;03;2023;7386360;1;1;01;52;1;189.2589359;52;2;1;4;1;2;2;1;1;3;1;1;4;3;1;1;1;1;1;4;1;;;300000000;800000;;;1;;;;;1;;;;;2
20230312;03;2023;7386361;1;1;01;52;1;118.55535187;52;1;1;2;1;1;2;1;1;3;1;1;3;2;1;1;1;1;1;4;4;;;;300000;;;;;;;;;;1;;;2
20230312;03;2023;7386362;1;1;01;52;1;82.250336678;52;1;1;2;1;1;1;1;1;3;1;1;4;3;1;1;1;1;1;3;1;;;80000000;500000;;;;;;;;;;1;;;7
20230312;03;2023;7386363;1;1;01;52;1;108.44399377;52;1;1;2;1;1;2;1;1;3;1;1;3;2;1;1;1;1;1;4;3;;;;;200000;;;;;;;;;1;;;4
20230312;03;2023;7386364;1;1;01;52;1;111.57683226;52;4;1;2;1;1;2;1;1;3;1;1;2;2;1;2;1;1;1;4;4;;;;150000;;;;;;;1;;;;;;2
20230312;03;2023;7386365;1;1;01;52;1;157.71577992;52;1;1;2;1;1;2;1;1;3;1;1;4;2;1;1;1;1;1;4;5;;;;400000;;;;;;;;;;1;;;2
20230312;03;2023;7386366;1;1;01;52;1;137.91422382;52;2;1;2;1;1;2;1;1;3;1;1;3;2;1;1;1;1;1;1;3;;;;;280000;;;;;;;;;1;;;4
20230312;03;2023;7386367;1;1;01;52;1;102.35749008;52;2;1;2;1;1;1;1;1;3;1;1;2;2;1;1;1;1;1;3;3;;;;;400000;;;;;;;;;1;;;5
20230312;03;2023;7386368;1;1;01;52;1;114.55553432;52;1;1;2;1;1;2;1;1;3;1;1;3;1;1;1;1;1;1;4;3;;;;;300000;;;;;;;;;1;;;2
20230312;03;2023;7386369;1;1;01;52;1;157.71577992;52;1;1;2;1;1;2;1;1;3;1;1;2;1;1;1;1;1;1;4;3;;;;;200000;;;;;;;;;1;;;2
20230312;03;2023;7386370;1;1;01;52;1;161.34158508;52;4;1;4;1;1;2;1;1;3;1;1;2;1;1;2;1;1;1;4;4;;;;150000;;;;;;;1;;;;;;1
20230312;03;2023;7386371;1;1;01;52;1;161.63575236;52;1;1;4;1;3;2;1;1;3;1;1;5;4;1;1;1;1;1;4;1;;;98;98;;;1;;;;;;;;;;5
20230312;03;2023;7386372;1;1;01;52;1;124.39479265;52;1;1;4;1;3;1;1;1;3;1;1;5;3;1;1;1;1;1;3;3;;;;;4454000;;1;;;;1;1;;;;;4
20230312;03;2023;7386373;1;1;01;52;1;87.160692118;52;2;1;4;1;2;1;1;1;3;1;1;3;2;1;1;1;1;1;3;3;;;;;500000;;1;;;;;;;;;;4
20230312;03;2023;7386374;1;1;01;52;1;226.8173678;52;1;1;2;1;1;1;1;1;3;1;1;3;2;1;1;1;1;1;3;1;;;100000000;200000;;;;;;;;;;1;;;4
20230312;03;2023;7386375;1;1;01;52;1;258.99552706;52;2;1;4;1;2;2;1;1;3;1;1;3;1;1;1;1;1;1;4;2;;360000;100000000;600000;;;1;;1;;;;;;;;1
20230312;03;2023;7386376;1;1;01;52;1;217.81113986;52;1;1;4;1;1;1;1;1;3;1;1;3;1;1;1;1;1;1;3;1;;;100000000;450000;;;1;;;;;;;;;;1
20230312;03;2023;7386377;1;1;01;52;1;122.21365512;52;1;1;2;1;1;1;1;1;3;1;1;2;1;1;1;1;1;1;3;1;;;300000000;300000;;;1;;;;;;;;;;2
20230312;03;2023;7386378;1;1;01;52;1;109.97331295;52;1;1;4;1;2;1;1;1;3;1;1;4;1;1;1;1;1;1;3;1;;;200000000;700000;;;1;;;;1;;;;;;2
20230312;03;2023;7386379;1;1;01;52;1;108.30506947;52;3;1;4;1;1;2;1;1;3;1;1;1;1;1;1;3;1;2;4;4;;;;200000;;;;;;;;;;1;;;3
20230312;03;2023;7386380;1;1;01;52;1;290.20651371;52;2;1;4;1;2;2;1;1;3;1;1;4;1;1;1;1;1;1;4;3;;;;;550000;;;;;;;;;1;;;2
20230312;03;2023;7386381;1;1;01;52;1;163.42629772;52;3;1;4;1;1;1;1;1;3;1;1;3;2;1;2;1;1;1;3;1;;;98;500000;;;;;;;;;;1;;;4
20230312;03;2023;7386382;1;1;01;52;1;264.01350286;52;2;1;4;1;2;2;1;1;3;1;1;2;1;1;1;1;1;1;4;3;;;;;560000;;;;;;;;;1;;;1
20230312;03;2023;7386383;1;1;01;52;1;212.91630289;52;1;1;4;1;1;1;1;1;3;1;1;3;1;1;1;1;1;1;3;3;;;;;400000;;1;;;;;;;;;;2
20230312;03;2023;7386384;1;1;01;52;1;255.86324974;52;2;1;4;1;3;1;1;1;3;1;1;3;1;1;1;1;1;1;3;6;;;;600000;;;1;;;;;;;;;;1
20230312;03;2023;7386385;1;1;01;52;1;90.604411404;52;3;1;2;1;2;2;1;1;3;1;1;1;1;1;2;1;1;2;4;3;;;;;180000;;;;;;;;;1;;;1
20230312;03;2023;7386386;1;1;01;54;1;245.93232969;54;1;1;4;1;2;1;1;1;3;1;1;5;3;1;1;1;1;1;3;1;;;120000000;400000;;;1;;;;;;;;;;3
20230312;03;2023;7386387;1;1;01;54;1;324.18026528;54;1;1;2;1;1;1;1;1;3;1;1;4;2;1;1;1;1;1;3;3;;;;;300000;;1;;;;;;;;;;5
20230312;03;2023;7386388;1;1;01;54;1;271.48423915;54;1;1;4;1;1;1;1;1;3;1;1;2;2;1;1;1;1;3;3;3;;;;;350000;;1;;;;;;;;;;3
20230312;03;2023;7386389;1;1;01;54;1;657.64137058;54;1;1;4;1;2;1;1;1;3;1;1;3;2;1;1;1;1;1;3;3;;;;;300000;;1;;;;;;;;;;3
20230312;03;2023;7386390;1;1;01;54;1;336.71238174;54;1;1;2;1;2;1;1;1;3;1;1;3;2;1;1;1;1;1;3;1;;;60000000;400000;;;1;;;;;;;;;;3
20230312;03;2023;7386391;1;1;01;54;1;205.22206705;54;2;1;4;1;2;2;1;1;3;1;1;1;1;1;1;1;1;2;4;3;;;;;400000;;;;;;;;;1;;;2
20230312;03;2023;7386392;1;1;01;54;1;188.9892195;54;1;1;4;1;2;1;1;1;3;1;1;3;2;1;1;1;1;1;3;3;;;;;500000;;1;;;;1;;;;;;3
20230312;03;2023;7386393;1;1;01;54;1;452.75668348;54;2;1;4;1;1;2;1;1;3;1;1;2;1;1;1;1;1;1;4;3;;;;;300000;;;;;;;;;1;;;3
20230312;03;2023;7386394;1;1;01;54;1;415.73247326;54;1;1;2;1;1;1;2;1;3;1;1;4;3;2;1;1;1;1;3;5;;;;400000;;;;;;;;;;1;;;5
20230312;03;2023;7386395;1;1;01;54;1;267.79777769;54;2;1;2;1;1;1;1;1;3;1;1;4;3;1;1;1;1;1;3;4;;;;400000;;;1;;;;;;;;;;3
20230312;03;2023;7386396;1;1;01;54;1;411.18804923;54;1;5;2;1;1;1;2;1;3;1;1;1;1;3;1;1;1;1;3;5;;;;300000;;;;;;;;;;1;;;4
20230312;03;2023;7386397;1;1;01;54;1;300.53602431;54;1;1;2;1;2;1;1;1;3;1;1;4;2;1;1;1;1;1;3;3;;;;;500000;;1;;;;;;;;;;5
20230312;03;2023;7386398;1;1;01;54;1;318.14528334;54;2;1;4;1;2;1;1;1;3;1;1;2;1;1;1;1;1;1;3;3;;;;;350000;;;;;;;;;1;;;2
20230312;03;2023;7386399;1;1;01;54;1;447.82439495;54;2;1;4;1;1;1;1;1;3;1;1;3;2;1;1;1;1;1;3;1;;;120000000;380000;;1;1;1;;;;1;;;;;3
20230312;03;2023;7386400;1;1;01;54;1;281.19431483;54;2;1;4;1;2;1;1;1;3;1;1;3;2;1;1;1;1;1;3;1;;;60000000;500000;;;1;;;;;1;;;;;4
20230312;03;2023;7386401;1;1;01;54;1;521.83969939;54;1;1;4;1;2;1;1;1;3;1;1;6;6;1;1;1;1;1;4;4;;;;400000;;;;;;;;;;1;;;9
20230312;03;2023;7386402;1;1;01;54;1;255.88706408;54;1;1;1;1;1;2;1;1;3;1;1;3;2;1;1;1;1;4;4;5;;;;300000;;;1;;;;;;;;;;3
20230312;03;2023;7386403;1;1;01;54;1;280.96354384;54;1;1;2;1;1;2;1;1;3;1;1;3;2;1;1;1;1;3;4;4;;;;380000;;;1;;;;;;;;;;4
20230312;03;2023;7386404;1;1;01;54;1;675.93194595;54;1;1;2;1;1;1;2;1;3;1;1;2;1;2;1;1;1;1;3;5;;;;350000;;;;;;;;;;1;;;3
20230312;03;2023;7386405;1;1;01;54;1;258.0658449;54;1;1;4;1;2;2;1;1;3;1;1;2;1;1;1;1;1;1;4;1;;;50000000;600000;;;;;;;;;;1;;;2
20230312;03;2023;7386406;1;1;01;54;1;339.84590849;54;2;1;4;1;2;1;1;1;3;1;1;3;1;1;1;1;1;1;3;3;;;;;200000;;1;;;;;;;;;;1
20230312;03;2023;7386407;1;1;01;54;1;221.78044748;54;2;1;4;1;2;1;1;1;3;1;1;2;1;1;1;1;1;1;3;3;;;;;400000;;1;;;;;;;;;;1
20230312;03;2023;7386408;1;1;01;54;1;223.26528009;54;2;1;4;1;2;1;1;1;3;1;1;3;2;1;1;1;1;1;3;3;;;;;600000;;1;;;;;;;;;;4
20230312;03;2023;7386409;1;1;01;54;1;190.80937464;54;2;1;4;1;2;1;1;1;3;1;1;3;2;1;1;1;1;3;3;3;;;;;350000;;1;;;;;;;;;;3
20230312;03;2023;7386410;1;1;01;54;1;304.03269192;54;2;1;4;1;2;1;1;1;3;1;1;3;2;1;1;1;1;3;3;3;;;;;650000;;1;;;;;;;;;;2
20230312;03;2023;7386411;1;1;01;54;1;254.15399264;54;1;1;4;1;2;1;1;1;3;1;2;4;2;1;2;1;1;1;3;3;;;;;185000;;1;;;;;;;;;;6
20230312;03;2023;7386411;2;2;01;54;1;254.15399264;54;1;1;4;1;2;1;1;1;3;1;2;1;1;1;2;1;1;1;3;3;;;;;185000;;1;;;;;;;;;;3
20230312;03;2023;7386412;1;1;01;54;1;284.33614938;54;2;1;2;1;1;1;1;1;3;1;1;2;1;1;1;1;1;1;3;3;;;;;150000;;;;;;;;;1;;;1
20230312;03;2023;7386413;1;1;01;54;1;394.08546756;54;2;1;4;1;2;1;1;1;3;1;1;3;2;1;1;1;1;3;3;3;;;;;400000;;1;;;;1;1;;;;;3
20230312;03;2023;7386414;1;1;01;54;1;308.02839928;54;1;1;2;1;1;1;1;1;3;1;1;2;1;1;1;1;1;1;3;3;;;;;200000;;;;;;;;;1;;;1
20230312;03;2023;7386415;1;1;01;54;1;304.03269192;54;1;1;2;1;1;1;1;1;3;1;1;2;1;1;1;1;1;1;4;3;;;;;300000;;1;;;;;;;;;;2
20230312;03;2023;7386416;1;1;01;54;1;208.84168366;54;2;1;2;1;1;1;1;1;3;1;1;3;2;1;1;1;1;1;3;3;;;;;300000;;;;;;;;;1;;;5
20230312;03;2023;7386417;1;1;01;54;1;387.64804299;54;1;5;2;1;1;1;1;1;3;1;1;3;1;1;1;1;1;1;3;5;;;;300000;;;;;;;;;;1;;;1
20230312;03;2023;7386418;1;1;01;54;1;605.84825605;54;1;1;2;1;1;1;1;1;3;1;1;3;2;1;1;1;1;1;3;4;;;;300000;;;;;;;;;;1;;;2
20230312;03;2023;7386419;1;1;01;54;1;375.99022322;54;1;1;4;1;1;1;1;1;3;1;1;3;2;1;1;1;1;1;3;5;;;;300000;;;;;;;;;;1;;;3
20230312;03;2023;7386420;1;1;01;54;1;422.72120266;54;2;1;4;1;2;1;1;1;3;1;1;4;3;1;1;1;1;3;3;3;;;;;400000;;;;;;;;;1;;;3
20230312;03;2023;7386421;1;1;01;54;1;472.00820624;54;2;1;2;1;1;1;1;1;3;1;1;2;1;1;1;1;1;1;3;3;;;;;350000;;;;;;;;;1;;;1
20230312;03;2023;7386422;1;1;01;54;1;353.15616535;54;1;1;2;1;1;1;1;1;3;1;1;2;2;1;1;1;1;2;3;4;;;;80000;;;;;;;;;;1;;;4
20230312;03;2023;7386423;1;1;01;54;1;279.89339704;54;1;1;4;1;2;1;1;1;3;1;1;4;1;1;1;1;1;1;4;1;;;80000000;400000;;;;;;;;;;1;;;1
20230312;03;2023;7386424;1;1;01;54;1;257.10342821;54;2;1;4;1;2;1;1;1;3;1;1;6;4;1;1;1;1;1;3;1;;;98;500000;;;1;;;;;1;;;;;6
20230312;03;2023;7386425;1;1;01;54;1;163.27358209;54;2;1;4;1;2;1;1;1;3;1;1;4;3;1;1;1;1;1;3;1;;;200000000;500000;;;1;;;;1;1;;;;;4
20230312;03;2023;7386426;1;1;01;54;1;464.63307802;54;4;1;4;1;2;2;1;1;3;1;1;1;1;1;2;1;1;6;;3;;;;;200000;;;;;;;;;1;;;1
20230312;03;2023;7386427;1;1;01;54;1;464.63307802;54;1;1;2;1;2;1;1;1;3;1;1;1;1;1;1;1;1;1;3;4;;;;300000;;;;;;;;;;1;;;1
20230312;03;2023;7386428;1;1;01;54;1;304.03269192;54;2;1;4;1;2;1;1;1;3;1;1;3;1;1;1;1;1;1;3;3;;;;;500000;;1;;;;;;;;;;2
20230312;03;2023;7386429;1;1;01;54;1;322.76394884;54;1;1;4;1;4;1;1;1;3;1;1;6;3;1;1;1;1;1;3;1;;;350000000;1700000;;;1;;;;;1;;;;;3
20230312;03;2023;7386430;1;1;01;54;1;282.00515231;54;1;1;4;1;2;1;1;1;3;1;1;4;2;1;1;1;1;1;3;1;;;80000000;400000;;;1;;;;;1;;;;;5
20230312;03;2023;7386431;1;1;01;54;1;445.14761149;54;1;1;4;1;2;1;1;1;3;1;1;4;2;1;1;1;1;1;3;3;;;;;400000;;;;;;;;;1;;;4
20230312;03;2023;7386432;1;1;01;54;1;422.48592048;54;1;1;4;1;4;1;1;1;3;1;1;4;1;1;1;1;1;1;3;4;;;;98;;;1;;;;;;;;;;2
20230312;03;2023;7386434;1;1;01;54;1;463.19477843;54;1;1;2;1;2;1;1;1;3;1;1;3;2;1;1;1;1;4;3;4;;;;350000;;;1;;;;;;;;;;3
20230312;03;2023;7386435;1;1;01;54;1;559.23975588;54;1;1;4;1;4;1;1;1;3;1;1;5;1;1;1;1;1;1;3;3;;;;;1200000;;1;;;;;1;;;;;2
20230312;03;2023;7386436;1;1;01;54;1;837.94550884;54;1;1;4;1;3;1;1;1;3;1;1;3;2;1;1;1;1;1;3;3;;;;;500000;;;;;;;;;1;;;5
20230312;03;2023;7386437;1;1;01;54;1;342.96712502;54;2;1;4;1;2;2;1;1;3;1;1;3;2;1;1;1;1;1;4;3;;;;;300000;;;;;;;;;1;;;3
20230312;03;2023;7386438;1;1;01;54;1;643.17689048;54;1;1;4;1;2;1;1;1;3;1;1;4;2;1;1;1;1;1;3;3;;;;;400000;;;;;;;;;1;;;4
20230312;03;2023;7386439;1;1;01;54;1;356.48953292;54;2;1;4;1;2;2;1;1;3;1;1;4;1;1;1;1;1;1;4;3;;;;;300000;;1;;;;;;;;;;1
20230312;03;2023;7386440;1;1;01;54;1;450.57312886;54;2;1;4;1;2;2;1;1;3;1;1;4;2;1;1;1;1;3;4;3;;;;;350000;;1;;;;;;;;;;4
20230312;03;2023;7386441;1;1;01;54;1;597.38538602;54;1;1;4;1;4;1;1;1;3;1;1;4;1;1;1;1;1;1;3;1;;;250000000;1800000;;;1;;;;;;;;;;1
20230312;03;2023;7386442;1;1;01;54;1;394.25148776;54;1;1;4;1;4;1;1;1;3;1;1;4;3;1;1;1;1;1;3;3;;;;;1000000;;1;;1;;;1;;;;;4
20230312;03;2023;7386443;1;1;01;54;1;460.34895941;54;1;1;4;1;4;1;1;1;3;1;1;5;3;1;1;1;1;1;3;1;;;350000000;2000000;;;1;;;;1;;;;;;3
20230312;03;2023;7386444;1;1;01;54;1;298.93133693;54;1;1;4;1;4;1;1;1;3;1;1;4;2;1;1;1;1;1;3;3;;;;;800000;;1;;;;;1;;;;;3
20230312;03;2023;7386445;1;1;01;54;1;349.82747383;54;1;1;4;1;3;1;1;1;3;1;1;4;3;1;1;1;1;1;3;6;;;;600000;;;1;;;;;;;;;;2
20230312;03;2023;7386446;1;1;01;54;1;602.3624448;54;1;1;4;1;3;1;1;1;3;1;1;4;2;1;1;1;1;1;3;3;;;;;600000;;;;;;;;;1;;;4
20230312;03;2023;7386447;1;1;01;54;1;649.70627071;54;1;1;4;1;3;1;1;1;3;1;1;4;3;1;1;1;1;1;3;4;;;;600000;;;1;;;;;;;;;;3
20230312;03;2023;7386448;1;1;01;54;1;736.38422837;54;1;1;4;1;3;1;1;1;3;1;1;4;2;1;1;1;1;1;3;4;;;;600000;;;1;;;;;;;;;;3
20230312;03;2023;7386449;1;1;01;54;1;443.25344472;54;1;1;4;1;3;1;1;1;3;1;1;5;3;1;1;1;1;1;3;3;;;;;600000;;;;;;;;;1;;;4
20230312;03;2023;7386450;1;1;01;54;1;349.82747383;54;1;1;4;1;3;1;1;1;3;1;1;4;3;1;1;1;1;1;3;3;;;;;500000;;1;;;;;;;;;;4
20230312;03;2023;7386451;1;1;01;54;1;424.65619726;54;1;1;2;1;1;1;1;1;3;1;1;4;2;1;1;1;1;1;3;4;;;;500000;;;1;;;;;;;;;;6
20230312;03;2023;7386452;1;1;01;54;1;1398.6237069;54;1;1;4;1;1;1;1;1;3;1;1;4;1;1;1;1;1;1;3;1;;;50000000;300000;;;1;;;;;;;;;;1
20230312;03;2023;7386453;1;1;01;54;1;993.20376171;54;1;1;4;1;3;1;1;1;3;1;1;4;2;1;1;1;1;1;3;3;;;;;600000;;1;;;;;;;;;;4
20230312;03;2023;7386454;1;1;01;54;1;1123.0120736;54;1;1;4;1;3;1;1;1;3;1;1;4;2;1;1;1;1;1;3;1;;;160000000;600000;;;1;;;;;;;;;;3
20230312;03;2023;7386455;1;1;01;54;1;615.41981693;54;2;1;4;1;2;1;1;1;3;1;1;2;2;1;1;1;1;1;3;4;;;;400000;;;1;;;;;;;;;;4
20230311;03;2023;7386457;1;1;01;63;1;160.23332238;63;1;1;4;1;2;1;1;1;3;1;1;4;1;1;1;1;1;1;3;3;;;;;550000;;1;;;;;;;;;;3
20230311;03;2023;7386458;1;1;01;63;1;138.74125952;63;1;1;4;1;2;1;1;1;3;1;1;3;2;1;1;1;1;1;3;1;;;120000000;700000;;;1;;;;;;;;;;4
20230311;03;2023;7386459;1;1;01;63;1;98.636739959;63;1;1;4;1;2;1;1;1;3;1;1;4;1;1;1;1;1;1;3;1;;;98;600000;;;;;;;;;;1;;;2
20230311;03;2023;7386461;1;1;01;63;1;124.34755983;63;2;1;4;1;2;1;1;1;3;1;1;5;3;1;1;1;1;1;3;3;;;;;500000;;;;;;;;;1;;;5
20230311;03;2023;7386462;1;1;01;63;1;114.68849713;63;2;1;4;1;2;1;1;1;3;1;1;4;2;1;1;1;1;1;3;1;;;120000000;500000;;;1;;;;1;1;;;;;3
20230311;03;2023;7386463;1;1;01;63;1;114.12043568;63;1;1;4;1;2;1;1;1;3;1;1;4;3;1;1;1;1;1;3;3;;;;;400000;;1;;;;;;1;;;NEQUI;4
20230311;03;2023;7386464;1;1;01;63;1;108.09760056;63;1;1;4;1;2;1;1;1;3;1;1;4;2;1;1;1;1;1;3;4;;;;600000;;;1;;;;;1;1;;;NEQUI;3
20230311;03;2023;7386465;1;1;01;63;1;158.01792427;63;2;1;4;1;3;1;1;1;3;1;1;2;1;1;1;1;1;3;3;3;;;;;510000;;1;;;;;;;;;;1
20230311;03;2023;7386466;1;1;01;63;1;148.7656145;63;2;1;4;1;3;1;1;1;3;1;1;3;2;1;1;1;1;3;3;1;;;98;550000;;;1;;;;1;1;;;;;2
20230311;03;2023;7386469;1;1;01;63;1;149.09474786;63;2;1;4;1;2;1;1;1;3;1;1;4;2;1;1;1;1;1;3;3;;;;;450000;;1;;;;;;1;;;NEQUI;2
20230311;03;2023;7386470;1;1;01;63;1;163.39166355;63;1;1;4;1;2;1;1;1;3;1;1;5;3;1;1;1;1;3;3;3;;;;;400000;;1;;;;;;1;;;NEQUI;4
20230311;03;2023;7386471;1;1;01;63;1;92.444426972;63;1;1;4;1;2;1;1;1;3;1;1;4;1;1;1;1;1;3;3;4;;;;600000;;;1;;;;;;;;;;1
20230311;03;2023;7386472;1;1;01;63;1;144.52820051;63;1;1;4;1;2;1;1;1;3;1;1;5;3;1;1;1;1;1;3;4;;;;500000;;;1;;;;;;1;;;NEQUI;5
20230311;03;2023;7386473;1;1;01;63;1;166.79669784;63;1;1;4;1;2;1;1;1;3;1;1;4;1;1;1;1;1;1;3;3;;;;;400000;;1;;;;;;;;;;1
20230311;03;2023;7386474;1;1;01;63;1;167.33727334;63;1;1;4;1;2;1;1;1;3;1;1;5;3;1;1;1;1;1;3;3;;;;;300000;;1;;;;;;1;;;DAVIPLATA;6
20230311;03;2023;7386475;1;1;01;63;1;190.14145577;63;2;1;4;1;3;1;1;1;3;1;1;4;2;1;1;1;1;3;3;4;;;;800000;;;1;;;;;1;;;;;3
20230312;03;2023;7386477;1;1;01;63;1;291.89422122;63;2;1;4;1;5;1;1;1;3;1;1;4;1;1;1;1;1;1;3;3;;;;;970000;;1;;;;;;;;;;1
20230312;03;2023;7386478;1;1;01;63;1;336.489977;63;2;1;4;1;5;1;1;1;3;1;1;4;2;1;1;1;1;1;3;2;;1000000;99;1000000;;;1;;1;;;;;;;;3
20230312;03;2023;7386479;1;1;01;63;1;194.13329664;63;2;1;4;1;5;2;1;1;3;1;1;4;1;1;1;1;1;1;4;4;;;;1000000;;;1;;;;;;;;;;1
20230312;03;2023;7386480;1;1;01;63;1;121.19651351;63;1;1;4;1;1;2;1;1;3;1;1;3;2;1;1;1;1;1;4;6;;;;400000;;;1;;;;;;;;;;3
20230312;03;2023;7386481;1;1;01;63;1;79.418166808;63;2;1;4;1;1;1;1;1;3;1;1;3;1;1;1;1;1;1;3;4;;;;400000;;;1;;;;;;;;;;1
20230312;03;2023;7386482;1;1;01;63;1;187.32208101;63;1;1;4;1;1;1;1;1;3;1;1;2;1;1;1;1;1;1;3;1;;;98;300000;;;;;;;;;;1;;;4
20230312;03;2023;7386483;1;1;01;63;1;140.60367925;63;2;1;4;1;1;1;1;1;3;1;1;2;1;1;1;1;1;1;3;3;;;;;250000;;1;;;;;;;;;;2
20230312;03;2023;7386484;1;1;01;63;1;143.14737442;63;2;1;4;1;1;1;1;1;3;1;1;2;1;1;1;1;1;1;3;3;;;;;400000;;1;;;;;;;;;;2
20230312;03;2023;7386485;1;1;01;63;1;114.72332177;63;1;1;4;1;2;1;1;1;3;1;1;2;1;1;1;1;1;1;3;3;;;;;450000;;;;;;;;;1;;;2
20230312;03;2023;7386487;1;1;01;63;1;191.96670285;63;1;1;4;1;2;1;1;1;3;1;1;4;3;1;1;1;1;1;3;1;;;180000000;700000;;;1;;;;;;;;;;5
20230312;03;2023;7386488;1;1;01;63;1;103.18925278;63;1;1;4;1;2;1;1;1;3;1;1;4;2;1;1;1;1;1;3;3;;;;;550000;;;;;;;;;1;;;2
20230312;03;2023;7386489;1;1;01;63;1;86.197703321;63;3;1;4;1;1;1;1;1;3;1;1;1;1;1;2;1;1;1;4;3;;;;;200000;;;;;;;;;1;;;1
20230312;03;2023;7386490;1;1;01;63;1;86.197703321;63;3;1;4;1;1;1;1;1;3;1;1;1;1;1;2;1;1;1;4;3;;;;;250000;;;;;;;;;1;;;1
20230312;03;2023;7386491;1;1;01;63;1;130.94667168;63;1;1;4;1;3;1;1;1;3;1;1;4;2;1;1;1;1;1;3;1;;;99;99;;;1;;;;;;;;;;2
20230312;03;2023;7386492;1;1;01;66;1;176.20813922;66;2;1;4;1;3;1;1;1;3;1;1;4;3;1;1;1;1;1;3;3;;;;;570000;;1;;;;1;;;;;;4
20230312;03;2023;7386493;1;1;01;66;1;180.96034756;66;2;1;4;1;3;2;1;1;3;1;1;3;2;1;1;1;1;1;4;3;;;;;400000;;;;;;;;;1;;;5
20230312;03;2023;7386494;1;1;01;66;1;125.05654577;66;1;1;4;1;1;1;1;1;3;1;1;3;1;1;1;1;1;1;3;1;;;65000000;250000;;;;;;;;;;1;;;2
20230312;03;2023;7386495;1;1;01;66;1;148.56781776;66;2;1;4;1;3;1;1;1;3;1;1;3;1;1;1;1;1;1;3;4;;;;650000;;;1;;;;;;;;;;1
20230312;03;2023;7386496;1;1;01;66;1;81.006452271;66;1;1;4;1;1;1;1;1;3;1;1;3;2;1;1;1;1;1;1;3;;;;;270000;;1;;;;;;;;;;2
20230312;03;2023;7386497;1;1;01;66;1;142.72221343;66;2;1;4;1;3;2;1;1;3;1;1;1;1;1;1;1;1;1;4;3;;;;;700000;;1;;;;;;;;;;1
20230312;03;2023;7386498;1;1;01;66;1;198.84579611;66;2;1;4;1;2;1;1;1;3;1;1;3;1;1;1;1;1;1;3;3;;;;;550000;;1;;;;;;;;;;2
20230312;03;2023;7386499;1;1;01;66;1;129.7655599;66;1;1;4;1;1;1;1;1;3;1;1;3;2;1;1;1;1;1;3;3;;;;;400000;;1;;;;;;;;;;2
20230312;03;2023;7386500;1;1;01;66;1;105.91517675;66;2;1;4;1;3;1;1;1;3;1;1;1;1;1;1;1;1;1;3;3;;;;;600000;;1;;;;;;;;;;1
20230312;03;2023;7386501;1;1;01;66;1;88.027135506;66;1;1;2;1;1;1;1;1;3;1;1;3;2;1;1;1;1;1;3;3;;;;;250000;;1;;;;;;;;;;2
20230312;03;2023;7386502;1;1;01;66;1;141.09366079;66;2;1;4;1;2;1;1;1;3;1;1;3;2;1;1;1;1;1;3;1;;;135000000;550000;;;1;;;;;;;;;;3
20230312;03;2023;7386503;1;1;01;66;1;138.27842944;66;1;1;4;1;1;1;1;1;3;1;1;3;3;1;1;1;1;1;3;4;;;;400000;;;1;;;;;;;;;;4
20230312;03;2023;7386504;1;1;01;66;1;198.84579611;66;2;1;4;1;2;1;1;1;3;1;1;3;1;1;1;1;1;1;3;3;;;;;450000;;1;;;;;;;;;;2
20230312;03;2023;7386505;1;1;01;66;1;162.38049267;66;1;1;4;1;1;1;1;1;3;1;1;3;2;1;1;1;1;1;3;1;;;98;300000;;;1;;;;;;;;;;3
20230312;03;2023;7386506;1;1;01;66;1;146.4228135;66;2;1;4;1;4;1;1;1;3;1;1;3;1;1;1;1;1;1;3;3;;;;;700000;;1;;;;;;;;;;2
20230312;03;2023;7386507;1;1;01;66;1;149.02473115;66;1;1;4;1;4;1;1;1;3;1;1;5;1;1;1;1;1;1;3;1;;;270000000;1000000;;;1;;;;1;1;;;;;2
20230312;03;2023;7386508;1;1;01;66;1;108.32233986;66;2;1;4;1;4;1;1;1;3;1;1;2;1;1;1;1;1;1;3;3;;;;;600000;;1;;;;1;1;;;;;1
20230312;03;2023;7386509;1;1;01;66;1;175.86793256;66;1;1;4;1;3;1;1;1;3;1;1;5;3;1;1;1;1;1;3;3;;;;;800000;;1;;;;1;1;;;;;4
20230312;03;2023;7386510;1;1;01;66;1;230.53546744;66;2;1;4;1;2;1;1;1;3;1;1;3;2;1;1;1;1;1;3;3;;;;;410000;;1;;;;;;;;;;3
20230312;03;2023;7386511;1;1;01;66;1;276.77740927;66;1;1;4;1;6;1;2;1;3;1;1;5;1;2;1;1;1;1;3;1;;;750000000;4500000;;;1;;;;;;;;;;2
20230312;03;2023;7386512;1;1;01;66;1;337.35997888;66;2;1;4;1;2;1;1;1;3;1;1;4;2;1;1;1;1;1;3;1;;;360000000;700000;;;1;;;;;;;;;;3
20230312;03;2023;7386513;1;1;01;66;1;298.26869416;66;2;1;4;1;2;1;1;1;3;1;1;2;1;1;1;1;1;1;3;4;;;;500000;;;1;;;;;;;;;;2
20230312;03;2023;7386514;1;1;01;66;1;447.62103326;66;2;1;4;1;2;1;1;1;3;1;1;4;3;1;1;1;1;1;3;1;;;125000000;600000;;;1;;;;;;;;;;6
20230312;03;2023;7386515;1;1;01;66;1;356.66253941;66;2;1;4;1;2;1;1;1;3;1;1;4;3;1;1;1;1;1;3;2;;300000;280000000;650000;;;1;;;;1;;;;;;3
20230312;03;2023;7386516;1;1;01;66;1;239.45349451;66;2;1;4;1;2;1;1;1;3;1;1;3;3;1;1;1;1;1;3;2;;200000;80000000;500000;;;1;;;;;;;;;;5
20230312;03;2023;7386517;1;1;01;66;1;198.84579611;66;2;1;4;1;2;1;1;1;3;1;1;3;1;1;1;1;1;1;3;4;;;;600000;;;1;;;;;;;;;;2
20230312;03;2023;7386518;1;1;01;66;1;148.56781776;66;1;1;4;1;4;1;1;1;3;1;1;3;1;1;1;1;1;1;3;1;;;300000000;1000000;;1;1;;;;;1;;;;;1
20230312;03;2023;7386519;1;1;01;66;1;296.20319364;66;2;1;4;1;2;1;1;1;3;1;1;4;3;1;1;1;1;1;3;2;;250000;110000000;300000;;;1;;;;;;;;;;5
20230312;03;2023;7386520;1;1;01;66;1;173.16526864;66;2;1;4;1;2;1;1;1;3;1;1;3;2;1;1;1;1;1;3;3;;;;;500000;;1;;;;1;;;;;;2
20230312;03;2023;7386521;1;1;01;66;1;326.70591806;66;1;1;4;1;6;1;2;1;3;1;1;5;3;2;1;1;1;1;3;1;;;750000000;4500000;;;1;;;;;;;;;;4
20230312;03;2023;7386522;1;1;01;66;1;156.56095878;66;2;1;4;1;1;1;1;1;3;1;1;3;2;1;1;1;1;1;3;3;;;;;350000;;1;;;;;;;;;;2
20230312;03;2023;7386523;1;1;01;66;1;148.56781776;66;3;1;2;1;1;1;1;1;3;1;1;1;1;1;2;1;1;6;;3;;;;;180000;;;;;;;;;1;;;1
20230312;03;2023;7386524;1;1;01;66;1;108.32233986;66;2;1;2;1;1;1;1;1;3;1;1;2;1;1;1;1;1;1;3;3;;;;;450000;;;;;;;;;1;;;1
20230312;03;2023;7386525;1;1;01;66;1;216.76761582;66;2;1;4;1;2;1;1;1;3;1;1;4;2;1;1;1;1;1;3;2;;280000;98;400000;;;1;;;;;;;;;;3
20230312;03;2023;7386526;1;1;01;66;1;664.17377739;66;1;1;4;1;3;1;1;1;2;1;1;5;1;1;1;1;1;1;3;4;;;;800000;;;;;;;;;;1;;;1
20230312;03;2023;7386527;1;1;01;66;1;534.30843848;66;3;1;4;1;3;2;1;1;2;1;1;1;1;1;1;1;1;6;;3;;;;;367000;;1;;;;1;;;;;;1
20230312;03;2023;7386528;1;1;01;66;1;145.9659001;66;3;1;2;1;1;1;1;1;3;1;1;1;1;1;2;1;1;6;;3;;;;;310000;;;;;;;;;1;;;1
20230312;03;2023;7386529;1;1;01;66;1;159.16287644;66;2;1;4;1;2;1;1;1;3;1;1;2;1;1;1;1;1;1;3;3;;;;;700000;;1;;;;;;;;;;2
20230312;03;2023;7386530;1;1;01;66;1;534.30843848;66;3;1;4;1;3;2;1;1;3;1;1;1;1;1;1;1;1;6;;3;;;;;370000;;1;;;;;;;;;;1
20230312;03;2023;7386531;1;1;01;66;1;534.30843848;66;3;1;4;1;3;2;1;1;2;1;1;1;1;1;1;1;1;6;;3;;;;;367000;;;;;;;;;1;;;1
20230312;03;2023;7386532;1;1;01;66;1;721.0548464;66;3;1;4;1;3;1;1;1;3;1;1;1;1;2;1;1;1;1;3;3;;;;;367000;;1;;;;;;;;;;2
20230312;03;2023;7386533;1;1;01;66;1;186.66829139;66;2;1;4;1;3;2;1;1;3;1;1;3;2;1;1;1;1;1;4;3;;;;;450000;;1;;;;;;;;;;2
20230312;03;2023;7386534;1;1;01;66;1;130.94474269;66;1;1;4;1;2;1;1;1;3;1;1;2;1;1;1;1;1;1;3;3;;;;;420000;;1;;;;;;;;;;2
20230312;03;2023;7386535;1;1;01;66;1;115.49538341;66;3;1;4;1;3;1;1;1;3;1;1;1;1;1;2;1;1;1;3;3;;;;;300000;;1;;;;;;;;;;1
20230312;03;2023;7386536;1;1;01;66;1;145.2663107;66;2;1;4;1;4;1;1;1;3;1;1;4;1;1;1;1;1;1;3;4;;;;800000;;;;;;;1;;;;;;1
20230312;03;2023;7386537;1;1;01;66;1;363.07047473;66;1;1;4;1;6;1;2;1;3;1;1;5;4;2;1;1;1;3;3;1;;;98;5000000;;;1;;;1;;1;;;;;5
20230312;03;2023;7386538;1;1;01;;1;319.23440456;68;1;1;2;1;2;1;1;1;3;1;1;3;2;1;1;1;1;1;3;1;;;98;400000;;;;;;;;;;1;;;4
20230312;03;2023;7386539;1;1;01;;1;354.18618479;68;1;1;4;1;2;1;1;1;3;1;1;3;2;1;1;1;1;1;3;4;;;;150000;;;;;;;;;;1;;;2
20230312;03;2023;7386540;1;1;01;;1;350.69250027;68;1;1;4;1;2;1;1;1;3;1;1;2;1;1;1;1;1;1;3;3;;;;;250000;;;;;;;;;1;;;4
20230312;03;2023;7386541;1;1;01;;1;462.45894495;68;1;1;4;1;2;1;1;1;3;1;1;3;2;1;1;1;1;1;3;4;;;;350000;;;;;;;;;;1;;;3
20230312;03;2023;7386542;1;1;01;;1;552.90116065;68;1;1;4;1;2;1;1;1;3;1;1;3;2;1;1;1;1;1;3;1;;;98;350000;;;1;;;;;;;;;;3
20230312;03;2023;7386543;1;1;01;;1;392.40519865;68;1;1;2;1;2;1;1;1;3;1;1;3;2;1;1;1;1;1;3;3;;;;;300000;;1;;;;;;;;;;3
20230312;03;2023;7386544;1;1;01;;1;395.25338977;68;1;1;4;1;1;1;1;1;3;1;1;3;2;1;1;1;1;1;3;1;;;150000000;350000;;;1;;;;;;;;;;2
20230312;03;2023;7386545;1;1;01;;1;338.95997557;68;1;1;4;1;3;1;1;1;3;1;1;4;1;1;1;1;1;1;3;1;;;250000000;600000;;;1;;;;;;;;;;2
20230312;03;2023;7386546;1;1;01;;1;338.95997557;68;1;1;4;1;3;1;1;1;3;1;1;3;1;1;1;1;1;1;3;3;;;;;700000;;1;;;;;;;;;;2
20230312;03;2023;7386547;1;1;01;;1;392.01411287;68;2;1;4;1;3;1;1;1;3;1;1;2;1;1;1;1;1;1;3;3;;;;;600000;;1;;;;;;;;;;1
20230312;03;2023;7386548;1;1;01;;1;416.13225692;68;1;1;4;1;3;1;1;1;3;1;1;4;3;1;1;1;1;1;3;1;;;250000000;1200000;;;1;;;;;1;;;;;4
20230312;03;2023;7386549;1;1;01;;1;344.84936473;68;1;1;4;1;3;1;1;1;3;1;1;3;1;1;1;1;1;1;3;1;;;300000000;1000000;;;1;;;;;;;;;;1
20230312;03;2023;7386551;1;1;01;;1;306.9480665;68;1;1;4;1;3;1;1;1;3;1;1;3;2;1;1;1;1;1;3;3;;;;;700000;;1;;;;;;;;;;3
20230312;03;2023;7386552;1;1;01;;1;387.88919852;68;1;1;2;1;1;1;1;1;3;1;1;4;1;1;1;1;1;1;3;5;;;;350000;;;;;;;;;;1;;;1
20230312;03;2023;7386553;1;1;01;;1;308.98711186;68;1;5;2;1;1;1;1;1;3;1;1;3;2;1;1;1;1;1;3;5;;;;150000;;;1;;;;;;;;;;5
20230312;03;2023;7386554;1;1;01;;1;387.88919852;68;1;1;4;1;1;1;1;1;3;1;1;3;1;1;1;1;1;1;3;5;;;;400000;;;;;;;;;;1;;;1
20230312;03;2023;7386555;1;1;01;;1;426.31675902;68;1;1;4;1;1;1;1;1;3;1;1;3;2;1;1;1;1;1;3;1;;;60000000;300000;;;1;;;;;;;;;;3
20230312;03;2023;7386556;1;1;01;;1;470.77774385;68;1;1;4;1;1;2;1;1;3;1;1;3;1;1;1;1;1;1;4;5;;;;400000;;;;;;;;;;1;;;2
20230312;03;2023;7386557;1;1;01;;1;241.46823085;68;2;1;4;1;1;1;1;1;3;1;1;3;2;1;1;1;1;1;3;5;;;;400000;;;1;;;;;;;;;;3
20230312;03;2023;7386558;1;1;01;;1;548.71490959;68;1;1;4;1;1;1;1;1;3;1;1;3;2;1;1;1;1;1;3;1;;;98;400000;;;1;;;;;;;;;;3
20230312;03;2023;7386559;1;1;01;;1;429.71110831;68;1;1;2;1;1;1;1;1;3;1;1;4;3;1;1;1;1;1;3;5;;;;300000;;;1;;;;;;;;;;5
20230312;03;2023;7386560;1;1;01;68;1;330.22516792;68;2;1;4;1;2;1;1;1;3;1;1;2;1;1;1;1;1;1;3;3;;;;;680000;;1;;;;;;;;;;3
20230312;03;2023;7386561;1;1;01;68;1;346.23497927;68;2;1;4;1;2;1;1;1;3;1;1;3;2;1;1;1;1;1;3;3;;;;;750000;;1;;;;;;;;;;6
20230312;03;2023;7386562;1;1;01;68;1;363.39013084;68;2;1;4;1;2;1;1;1;3;1;1;4;3;1;1;1;1;1;3;2;;850000;16000000;650000;;;;;1;;;;;;;;5
20230312;03;2023;7386563;1;1;01;68;1;432.48846005;68;1;1;4;1;1;2;2;1;3;1;1;3;2;2;1;1;1;1;4;3;;;;;450000;;;;;;;;;1;;;3
20230312;03;2023;7386564;1;1;01;68;1;236.28418057;68;2;1;4;1;2;1;1;1;3;1;1;3;2;1;1;1;1;3;3;3;;;;;750000;;1;;;;;;;;;;5
20230312;03;2023;7386565;1;1;01;68;1;588.59151254;68;1;1;2;1;1;1;1;1;3;1;1;3;2;1;1;1;1;3;3;3;;;;;200000;;1;;;;;;;;;;2
20230312;03;2023;7386566;1;1;01;68;1;279.53928699;68;2;1;4;1;3;1;1;1;3;1;1;3;2;1;1;1;1;3;3;2;;700000;180000000;700000;;;1;;;;;;;;;;3
20230312;03;2023;7386567;1;1;01;68;1;436.0938336;68;2;1;4;1;3;1;1;1;3;1;1;3;1;1;1;1;1;1;3;3;;;;;1000000;;1;;;;;1;;;;;2
20230312;03;2023;7386568;1;1;01;68;1;432.48846005;68;2;1;4;1;6;1;1;1;6;1;1;4;2;1;1;1;1;1;3;3;;;;;1800000;;1;;;;;1;;;;;3
20230312;03;2023;7386569;1;1;01;68;1;414.73302951;68;2;1;4;1;3;1;1;1;3;1;1;2;1;1;1;1;1;1;3;3;;;;;750000;;1;;;;;1;;;;;1
20230312;03;2023;7386570;1;1;01;68;1;245.97607287;68;2;1;4;1;4;1;1;1;3;1;1;4;1;1;1;1;1;1;3;4;;;;900000;;;1;;;;;;;;;;2
20230312;03;2023;7386571;1;1;01;68;1;400.88256089;68;2;1;4;1;6;1;1;1;6;1;1;3;1;1;1;1;1;1;3;3;;;;;1400000;;1;;;;;;;;;;2
20230312;03;2023;7386572;1;1;01;68;1;373.25972656;68;2;1;4;1;6;1;1;1;6;1;1;3;1;1;1;1;1;1;3;3;;;;;1400000;;;;;;;;;1;;;1
20230312;03;2023;7386573;1;1;01;68;1;337.29933122;68;2;1;4;1;3;1;1;1;3;1;1;4;2;1;1;1;1;1;3;3;;;;;700000;;1;;;;;;;;;;2
20230312;03;2023;7386574;1;1;01;68;1;382.24495876;68;2;1;4;1;4;1;1;1;3;1;1;4;2;1;1;1;1;1;3;1;;;200000000;1000000;;;1;;;;1;1;;;;;3
20230312;03;2023;7386575;1;1;01;68;1;295.17128745;68;2;1;4;1;4;1;1;1;3;1;1;4;1;1;1;1;1;1;3;4;;;;400000;;;1;;;;;;;;;;2
20230312;03;2023;7386576;1;1;01;68;1;348.87506688;68;1;1;4;1;4;1;1;1;3;1;1;5;2;1;1;1;1;1;3;1;;;500000000;1000000;;;1;;;;;;;;;;2
20230312;03;2023;7386577;1;1;01;68;1;560.36202074;68;2;1;4;1;3;1;1;1;3;1;1;4;3;1;1;1;1;1;3;3;;;;;850000;;1;;;;;;;;;;6
20230312;03;2023;7386578;1;1;01;68;1;211.46418481;68;2;1;4;1;3;1;1;1;3;1;1;4;3;1;1;1;1;1;3;3;;;;;800000;;1;;;;;;;;;;3
20230312;03;2023;7386579;1;1;01;68;1;340.77373204;68;2;1;4;1;4;1;1;1;3;1;1;5;2;1;1;1;1;1;3;6;;;;1000000;;;1;;;;;;;;;;2
20230312;03;2023;7386580;1;1;01;68;1;400.88256089;68;2;1;4;1;4;1;1;1;3;1;1;4;1;1;1;1;1;1;3;1;;;300000000;1200000;;;1;;;1;;1;;;;;2
20230312;03;2023;7386581;1;1;01;68;1;404.33964065;68;2;1;4;1;3;1;1;1;3;1;1;3;2;1;1;1;1;3;3;1;;;190000000;800000;;;1;;;;;;;;;;3
20230312;03;2023;7386582;1;1;01;68;1;331.78642361;68;2;1;4;1;4;1;1;1;3;1;1;3;1;1;1;1;1;1;3;1;;;16000000;800000;;;;;;;;1;;;;;1
20230312;03;2023;7386583;1;1;01;68;1;279.53928699;68;2;1;4;1;3;1;1;1;3;1;1;3;2;1;1;1;1;1;3;3;;;;;850000;;1;;;;;1;;;;;3
20230312;03;2023;7386584;1;1;01;68;1;320.624714;68;2;1;4;1;3;1;1;1;3;1;1;3;2;1;1;1;1;3;3;3;;;;;750000;;1;;;;;;;;;;2
20230312;03;2023;7386585;1;1;01;68;1;1398.1859569;68;1;2;1;1;1;2;1;1;3;1;1;4;2;1;1;1;1;1;4;5;;;;200000;;;;;;;;;;1;;;3
20230312;03;2023;7386586;1;1;01;68;1;1367.8011448;68;1;5;1;1;1;2;1;1;3;1;1;1;1;1;1;1;2;2;4;5;;;;300000;;;;;;;;;;1;;;1
20230312;03;2023;7386587;1;1;01;68;1;1913.6082194;68;1;5;2;1;1;2;1;1;3;1;1;2;2;1;1;1;1;3;4;5;;;;200000;;;1;;;;;;;;;;7
20230312;03;2023;7386588;1;1;01;68;1;280.16413194;68;2;1;4;1;3;1;1;1;3;1;1;4;2;1;1;1;1;1;3;1;;;220000000;1000000;;;1;;;;;;;;;;2
20230312;03;2023;7386589;1;1;01;68;1;392.48445024;68;2;1;4;1;3;1;1;1;3;1;1;4;2;1;1;1;1;1;3;3;;;;;900000;;1;;;;;;;;;;2
20230312;03;2023;7386590;1;1;01;68;1;441.70114188;68;1;1;4;1;3;1;1;1;3;1;1;5;4;1;1;1;1;3;3;3;;;;;1400000;;1;;;;;;;;;;6
20230312;03;2023;7386591;1;1;01;68;1;423.54013612;68;1;1;4;1;4;1;1;1;3;1;1;6;3;1;1;1;1;1;3;1;;;700000000;1200000;;;1;;;;;;;;;;3
20230312;03;2023;7386592;1;1;01;68;1;1584.1874042;68;1;5;1;1;1;2;1;1;3;1;1;2;1;1;1;1;2;1;4;5;;;;400000;;;1;;;;;;;;;;3
20230312;03;2023;7386593;1;1;01;68;1;372.53123686;68;2;1;4;1;3;1;1;1;3;1;1;4;3;1;1;1;1;1;3;1;;;300000000;1600000;;;1;;;;1;;;;;;4
20230312;03;2023;7386594;1;1;01;68;1;1612.3047691;68;1;5;2;1;1;2;1;1;3;1;1;2;1;1;1;1;1;1;4;5;;;;300000;;;;;;;;;1;;;NEQUI;4
20230312;03;2023;7386595;1;1;01;68;1;373.25972656;68;3;1;4;1;3;1;1;1;3;1;1;2;1;1;1;1;1;1;3;3;;;;;350000;;1;;;;;;;;;;1
20230312;03;2023;7386596;1;1;01;68;1;1612.3047691;68;1;1;4;1;1;2;1;1;3;1;1;3;2;1;1;1;1;1;4;4;;;;300000;;;1;;;;;;;;;;4
20230312;03;2023;7386597;1;1;01;68;1;337.33861423;68;1;1;4;1;4;1;1;1;3;1;1;6;2;1;1;1;1;1;3;1;;;98;1200000;;;1;;;;;;;;;;2
20230312;03;2023;7386598;1;1;01;68;1;1923.9308376;68;2;8;2;1;1;2;1;1;3;1;1;1;1;1;1;1;2;2;4;5;;;;200000;;;;;;;;;;1;;;6
20230312;03;2023;7386599;1;1;01;68;1;336.28284225;68;3;1;4;1;3;1;1;1;3;1;1;2;1;1;1;1;1;1;3;3;;;;;330000;;;;;;;;;1;;;2
20230312;03;2023;7386601;1;1;01;68;1;275.94656377;68;1;1;4;1;3;1;1;1;3;1;1;2;1;1;1;1;1;1;3;1;;;210000000;1000000;;;1;;;;;;;;;;1
20230312;03;2023;7386602;1;1;01;68;1;795.79903479;68;1;5;1;1;1;2;1;1;3;1;1;2;1;1;1;1;1;1;4;3;;;;;300000;;;;;;;;;1;;;4
20230312;03;2023;7386603;1;1;01;68;1;848.86406053;68;1;1;2;1;1;2;1;1;3;1;1;1;1;1;1;1;2;2;4;5;;;;200000;;;1;;;;;;;;;;2
20230312;03;2023;7386604;1;1;01;68;1;1216.5940041;68;1;1;4;1;1;2;1;1;3;1;1;4;3;1;1;1;2;1;4;5;;;;300000;;;1;;;;;;;;;;10
20230312;03;2023;7386605;1;1;01;68;1;327.96809716;68;2;1;4;1;3;1;1;1;6;1;1;3;1;1;1;1;1;1;3;1;;;250000000;700000;;;1;;;;;1;;;;;2
20230312;03;2023;7386606;1;1;01;68;1;413.50242397;68;2;1;4;1;3;1;1;1;3;1;1;4;2;1;1;1;1;1;3;3;;;;;1600000;;1;;;;;;;;;;2
20230312;03;2023;7386607;1;1;01;68;1;424.31698538;68;2;1;4;1;3;1;1;1;3;1;1;4;1;1;1;1;1;1;3;1;;;110000000;900000;;;1;;;;;;;;;;2
20230312;03;2023;7386608;1;1;01;68;1;363.60735663;68;2;1;4;1;6;1;1;1;6;1;1;4;1;1;1;1;1;1;3;3;;;;;2180000;;1;;;;;;;;;;4
20230312;03;2023;7386609;1;1;01;68;1;1722.6751339;68;1;1;2;1;3;1;1;1;3;1;1;4;3;1;1;1;1;1;3;1;;;98;600000;;;1;;;;1;;;;;;3
20230312;03;2023;7386610;1;1;01;68;1;1989.7935949;68;2;1;4;1;3;1;1;1;3;1;1;3;2;1;1;1;1;1;3;3;;;;;500000;;1;;;;;;;;;;3
20230312;03;2023;7386611;1;1;01;68;1;1214.3542438;68;1;1;4;1;2;1;1;1;3;1;1;4;3;1;1;1;1;1;3;3;;;;;500000;;;;;;;;;1;;;2
20230312;03;2023;7386612;1;1;01;68;1;1635.1201775;68;1;1;2;1;2;1;1;1;3;1;1;3;1;1;1;1;1;1;3;3;;;;;600000;;1;;;;;;;;;;3
20230312;03;2023;7386613;1;1;01;68;1;2102.7211522;68;1;1;4;1;2;1;1;1;3;1;1;4;3;1;1;1;1;1;3;4;;;;600000;;;;;;;;;;1;;;5
20230312;03;2023;7386614;1;1;01;68;1;1458.8346589;68;1;1;4;1;2;1;1;1;3;1;1;5;2;1;1;1;1;1;3;1;;;150000000;500000;;;1;;;;;;;;;;2
20230312;03;2023;7386615;1;1;01;68;1;915.09803336;68;2;1;2;1;2;1;1;1;3;1;1;4;3;1;1;1;1;1;3;3;;;;;550000;;;;;;;;;1;;;5
20230312;03;2023;7386616;1;1;01;68;1;532.43255975;68;2;1;4;1;3;1;1;1;3;1;1;4;3;1;1;1;1;1;3;3;;;;;1200000;;1;;;;;;;;;;7
20230312;03;2023;7386617;1;1;01;68;1;1161.832138;68;1;1;4;1;2;1;1;1;3;1;1;6;5;1;1;1;1;1;3;1;;;86000000;450000;;;1;;;;;;;;;;11
20230312;03;2023;7386618;1;1;01;68;1;1066.4346997;68;2;1;4;1;2;1;1;1;3;1;2;2;1;1;2;1;1;1;3;1;;;90000000;400000;;;;;;;;;;1;;;2
20230312;03;2023;7386618;2;2;01;68;1;1066.4346997;68;2;1;4;1;2;1;1;1;3;1;2;1;1;1;2;1;1;1;3;3;;;;;250000;;;;;;;;;1;;;2
20230312;03;2023;7386619;1;1;01;68;1;1378.3319992;68;3;1;4;1;2;1;1;1;3;1;1;1;1;1;2;1;1;1;3;3;;;;;250000;;;;;;;;;1;;;1
20230312;03;2023;7386620;1;1;01;68;1;1157.1171095;68;3;1;4;1;2;1;1;1;3;1;1;1;1;1;2;1;1;1;3;3;;;;;200000;;;;;;;;;1;;;2
20230312;03;2023;7386621;1;1;01;68;1;1146.7150163;68;2;1;2;1;2;1;1;1;3;1;1;3;2;1;1;1;1;1;3;3;;;;;700000;;;;;;;;;1;;;3
20230312;03;2023;7386622;1;1;01;68;1;1363.3414696;68;3;1;4;1;2;1;1;1;3;1;1;1;1;1;2;1;1;1;3;3;;;;;100000;;;;;;;;;1;;;1
20230312;03;2023;7386623;1;1;01;68;1;1175.9749451;68;1;1;4;1;3;1;1;1;3;1;1;4;2;1;1;1;1;1;3;1;;;98;600000;;;1;;;;;;;;;;2
20230312;03;2023;7386624;1;1;01;68;1;459.83428659;68;2;1;4;1;3;1;1;1;3;1;1;3;2;1;1;1;1;1;3;1;;;110000000;900000;;;1;;;;;;;;;;4
20230312;03;2023;7386625;1;1;01;68;1;1363.3414696;68;3;1;4;1;2;1;1;1;3;1;1;1;1;1;2;1;1;6;;3;;;;;100000;;;;;;;;;1;;;1
20230312;03;2023;7386626;1;1;01;68;1;1668.2384133;68;1;1;4;1;3;1;1;1;3;1;1;3;2;1;1;1;1;1;3;3;;;;;650000;;1;;;;;;;;;;3
20230312;03;2023;7386627;1;1;01;68;1;1279.4612791;68;1;1;4;1;3;1;1;1;3;1;1;4;3;1;1;1;1;1;3;3;;;;;650000;;1;;;;;;;;;;3
20230312;03;2023;7386628;1;1;01;68;1;1324.6682075;68;3;1;4;1;2;1;1;1;3;1;1;1;1;1;2;1;1;1;3;3;;;;;300000;;1;;;;;;;;;;3
20230312;03;2023;7386629;1;1;01;68;1;1882.232041;68;1;1;4;1;3;1;1;1;3;1;1;6;4;1;1;1;1;1;3;3;;;;;600000;;1;;;;;;;;;;5
20230312;03;2023;7386630;1;1;01;68;1;320.624714;68;2;1;4;1;3;1;1;1;6;1;1;3;1;1;1;1;1;3;3;6;;;;1000000;;;1;;;;;;;;;;2
20230312;03;2023;7386631;1;1;01;68;1;317.79918343;68;2;1;4;1;4;1;1;1;3;1;1;4;3;1;1;1;1;1;3;3;;;;;960000;;1;;;;;;;;;;4
20230312;03;2023;7386632;1;1;01;68;1;357.67631142;68;2;1;4;1;3;1;1;1;3;1;1;3;2;1;1;1;1;1;3;3;;;;;720000;;1;;;;;1;;;;;2
20230312;03;2023;7386633;1;1;01;68;1;348.89852108;68;1;1;4;1;1;2;2;1;3;1;1;3;2;3;1;1;1;3;4;5;;;;400000;;;1;;;;;;;;;;3
20230312;03;2023;7386634;1;1;01;68;1;181.45574407;68;2;1;4;1;2;1;1;1;3;1;1;3;2;1;1;1;1;1;3;3;;;;;650000;;;;;;;;;1;;;4
20230312;03;2023;7386635;1;1;01;68;1;581.49753513;68;1;1;2;1;1;2;1;1;3;1;1;3;2;1;1;1;1;3;4;1;;;60000000;300000;;;1;;;;;;;;;;3
20230312;03;2023;7386636;1;1;01;68;1;320.624714;68;2;1;4;1;3;1;1;1;3;1;1;4;2;1;1;1;1;1;3;3;;;;;870000;;1;;;;;;;;;;2
20230312;03;2023;7386637;1;1;01;70;1;109.71537191;70;1;1;2;1;2;1;1;1;3;1;1;3;1;1;1;1;1;1;3;1;;;60000000;400000;;;;;;;;;;1;;;2
20230312;03;2023;7386638;1;1;01;70;1;139.03369248;70;1;1;4;1;2;1;1;1;3;1;1;4;3;1;1;1;1;1;3;1;;;80000000;450000;;;1;;;;;;;;;;5
20230312;03;2023;7386639;1;1;01;70;1;112.07357421;70;1;1;2;1;2;1;1;1;3;1;1;3;2;1;1;1;1;1;3;3;;;;;300000;;;;;;;;;1;;;4
20230312;03;2023;7386640;1;1;01;70;1;117.01443362;70;1;1;2;1;2;1;1;1;3;1;1;3;2;1;1;1;1;1;3;3;;;;;300000;;1;;;;;;;;;;3
20230312;03;2023;7386641;1;1;01;70;1;103.33416934;70;1;1;2;1;2;1;1;1;3;1;1;3;2;1;1;1;1;1;3;1;;;35000000;350000;;;1;;;;;;;;;;2
20230312;03;2023;7386642;1;1;01;70;1;124.31349532;70;1;1;2;1;2;1;1;1;3;1;1;3;1;1;1;1;1;1;3;1;;;70000000;400000;;;1;;;;;;;;;;4
20230312;03;2023;7386643;1;1;01;70;1;91.958185543;70;1;1;2;1;1;1;1;1;3;1;1;2;2;1;1;1;1;1;3;4;;;;300000;;;1;;;;;;;;;;5
20230312;03;2023;7386644;1;1;01;70;1;115.94666691;70;1;1;4;1;2;1;1;1;3;1;1;4;2;1;1;1;1;1;3;3;;;;;650000;;1;;;;;;;;;;3
20230312;03;2023;7386645;1;1;01;70;1;84.96967317;70;1;1;2;1;2;1;1;1;3;1;1;3;2;1;1;1;1;1;3;1;;;60000000;400000;;;;;;;;;;1;;;5
20230312;03;2023;7386646;1;1;01;70;1;164.45681463;70;2;1;4;1;1;1;1;1;3;1;1;1;1;1;1;1;1;1;3;3;;;;;150000;;1;;;;;;;;;;4
20230312;03;2023;7386647;1;1;01;70;1;136.70213351;70;1;1;4;1;2;1;1;1;3;1;1;4;2;1;1;1;1;1;3;4;;;;400000;;;1;;;;;;;;;;4
20230312;03;2023;7386648;1;1;01;70;1;125.88569411;70;1;1;4;1;1;1;1;1;3;1;1;3;2;1;1;1;1;1;3;1;;;70000000;500000;;;;;;;;;;1;;;4
20230312;03;2023;7386649;1;1;01;70;1;160.57594662;70;1;1;4;1;1;1;1;1;3;1;1;3;1;1;1;1;1;1;3;4;;;;500000;;;1;;;;;;;;;;1
20230312;03;2023;7386650;1;1;01;70;1;145.60587142;70;1;1;4;1;1;1;1;1;3;1;1;3;2;1;1;1;1;1;3;1;;;60000000;500000;;;1;;;;;;;;;;5
20230312;03;2023;7386651;1;1;01;70;1;157.70536876;70;1;1;4;1;1;1;1;1;3;1;1;4;3;1;1;1;1;1;3;4;;;;600000;;;1;;;;;;;;;;4
20230312;03;2023;7386652;1;1;01;70;1;122.02864405;70;1;1;4;1;1;1;1;1;3;1;1;4;3;1;1;1;1;1;3;3;;;;;250000;;1;;;;;;;;;;6
20230312;03;2023;7386653;1;1;01;70;1;167.43631032;70;1;1;2;1;1;1;1;1;3;1;1;3;1;1;1;1;1;1;3;1;;;60000000;350000;;;1;;;;;;;;;;4
20230312;03;2023;7386654;1;1;01;70;1;188.48600789;70;1;1;2;1;1;1;1;1;3;1;1;3;2;1;1;1;1;1;3;3;;;;;500000;;;;;;;;;1;;;4
20230312;03;2023;7386655;1;1;01;70;1;91.27604013;70;1;4;1;1;1;1;1;1;3;1;1;3;2;1;1;1;1;1;3;1;;;25000000;150000;;;;;;;;;;1;;;6
20230312;03;2023;7386656;1;1;01;70;1;129.30322692;70;1;4;1;1;1;1;1;1;3;1;1;3;2;1;1;1;1;3;3;4;;;;200000;;;;;;;;;;1;;;4
20230312;03;2023;7386657;1;1;01;70;1;160.80221875;70;1;1;2;1;1;1;1;1;3;1;1;2;1;1;1;1;1;1;3;3;;;;;200000;;1;;;;;;;;;;4
20230312;03;2023;7386658;1;1;01;70;1;131.16106311;70;1;4;1;1;1;1;2;1;3;1;1;1;1;6;;1;1;1;3;4;;;;150000;;;;;;;;;;1;;;1
20230312;03;2023;7386659;1;1;01;70;1;151.38421482;70;1;1;2;1;1;1;1;1;3;1;1;2;1;1;1;1;1;1;3;1;;;40000000;250000;;;;;;;;;;1;;;1
20230312;03;2023;7386660;1;1;01;70;1;136.8952286;70;1;4;1;1;1;1;1;1;3;1;1;3;1;1;1;1;1;1;3;4;;;;150000;;;;;;;;;;1;;;2
20230312;03;2023;7386661;1;1;01;70;1;106.55905582;70;1;1;2;1;1;1;1;1;3;1;1;3;1;1;1;1;1;1;3;3;;;;;200000;;;;;;;;;1;;;2
20230312;03;2023;7386662;1;1;01;70;1;86.671057185;70;1;1;4;1;2;1;1;1;3;1;1;3;2;1;1;1;1;1;3;4;;;;500000;;;;;;;;;;1;;;6
20230312;03;2023;7386663;1;1;01;70;1;138.28978518;70;1;1;2;1;2;1;1;1;3;1;1;3;2;1;1;1;1;1;3;4;;;;500000;;;1;;;;;;;;;;3
20230312;03;2023;7386664;1;1;01;70;1;107.59996741;70;1;1;2;1;2;1;1;1;3;1;1;3;2;1;1;1;1;1;3;1;;;80000000;500000;;;1;;;;;;;;;;5
20230312;03;2023;7386665;1;1;01;70;1;119.53236607;70;1;1;4;1;2;1;1;1;3;1;1;3;1;1;1;1;1;1;3;4;;;;600000;;;1;;;;;;;;;;2
20230312;03;2023;7386666;1;1;01;70;1;127.96689153;70;1;1;4;1;2;1;1;1;3;1;1;3;2;1;1;1;1;1;3;4;;;;550000;;;1;;;;1;;;;;;6
20230312;03;2023;7386667;1;1;01;70;1;108.98085255;70;1;1;2;1;2;1;1;1;3;1;1;3;1;1;1;1;1;1;3;1;;;120000000;500000;;;1;;;;;;;;;;2
20230312;03;2023;7386668;1;1;01;70;1;128.54397832;70;1;1;4;1;2;1;1;1;3;1;1;4;3;1;1;1;1;1;3;3;;;;;600000;;1;;;;;;;;;;5
20230312;03;2023;7386669;1;1;01;70;1;119.53236607;70;2;1;2;1;2;1;1;1;3;1;1;3;2;1;1;1;1;1;3;4;;;;300000;;;;;;;;;;1;;;2
20230312;03;2023;7386670;1;1;01;73;1;263.32566775;73;2;1;4;1;3;1;1;1;3;1;1;4;3;1;1;1;1;1;3;3;;;;;1200000;;1;;;;;;;;;;4
20230312;03;2023;7386671;1;1;01;73;1;272.2162633;73;2;1;4;1;3;1;1;1;3;1;1;4;1;1;1;1;1;1;3;3;;;;;650000;;1;;;;;;;;;;1
20230312;03;2023;7386672;1;1;01;73;1;290.39135715;73;2;1;4;1;3;1;1;1;3;1;1;4;2;1;1;1;1;1;3;4;;;;99;;;1;;;;;;;;;;2
20230312;03;2023;7386673;1;1;01;73;1;359.29591818;73;2;1;4;1;3;1;1;1;3;1;1;4;2;1;1;1;1;1;3;1;;;98;98;;;1;;;;;;;;;;3
20230312;03;2023;7386674;1;1;01;73;1;266.31842851;73;1;1;4;1;3;1;1;1;3;1;1;8;3;1;1;1;1;1;3;1;;;98;99;;;1;;;;;;;;;;3
20230312;03;2023;7386675;1;1;01;73;1;332.70876626;73;2;1;4;1;4;1;1;1;3;1;1;4;1;1;1;1;1;1;3;2;;1450000;215000000;850000;;;1;;;;;1;;;;;1
20230312;03;2023;7386676;1;1;01;73;1;294.12436901;73;1;1;4;1;2;1;1;1;3;1;1;4;1;1;1;1;1;1;3;1;;;110000000;500000;;;1;;;;;1;;;;;1
20230312;03;2023;7386677;1;1;01;73;1;223.61245556;73;1;1;4;1;1;1;1;1;3;1;1;2;1;1;1;1;1;1;3;1;;;100000000;400000;;;;;;;;;;1;;;2
20230312;03;2023;7386678;1;1;01;73;1;209.06792349;73;1;1;4;1;1;1;1;1;3;1;1;3;2;1;1;1;1;1;3;3;;;;;430000;;1;;;;;;;;;;2
20230312;03;2023;7386679;1;1;01;73;1;258.97876005;73;1;1;4;1;1;1;1;1;3;1;1;3;1;1;1;1;1;1;3;3;;;;;450000;;;;;;;;;1;;;2
20230312;03;2023;7386680;1;1;01;73;1;243.9223002;73;1;1;4;1;1;1;1;1;3;1;1;6;2;1;1;1;1;1;3;3;;;;;500000;;1;;;;;;;;;;2
20230312;03;2023;7386681;1;1;01;73;1;236.55895885;73;2;1;4;1;1;1;1;1;3;1;1;6;2;1;1;1;1;1;3;3;;;;;99;;1;;;;;;;;;;4
20230312;03;2023;7386682;1;1;01;73;1;268.20524988;73;1;1;4;1;1;1;1;1;3;1;1;6;2;1;1;1;1;1;3;3;;;;;99;;1;;;;;;;;;;2
20230312;03;2023;7386683;1;1;01;73;1;323.09100981;73;2;1;2;1;1;1;1;1;3;1;1;3;2;1;1;1;1;1;3;2;;99;99;99;;;1;;;;;;;;;;1
20230312;03;2023;7386684;1;1;01;73;1;347.83204685;73;2;1;4;1;1;1;1;1;3;1;1;5;1;1;1;1;1;1;3;1;;;99;98;;;1;;;;;;;;;;2
20230312;03;2023;7386685;1;1;01;73;1;208.75116208;73;2;1;4;1;2;1;1;1;3;1;1;3;2;1;1;1;1;1;3;3;;;;;450000;;1;;;;;;;;;;3
20230312;03;2023;7386686;1;1;01;73;1;220.06584605;73;2;1;4;1;2;1;1;1;3;1;1;3;2;1;1;1;1;1;3;3;;;;;500000;;1;;;;;;;;;;2
20230312;03;2023;7386687;1;1;01;73;1;297.51284192;73;2;1;4;1;2;1;1;1;3;1;1;4;3;1;1;1;1;1;3;1;;;98;1000000;;;1;;;;;;;;;;4
20230312;03;2023;7386688;1;1;01;73;1;253.11907977;73;2;1;4;1;3;1;1;1;3;1;1;4;3;1;1;1;1;1;3;3;;;;;600000;;1;;;;;;;;;;4
20230312;03;2023;7386689;1;1;01;73;1;293.02931603;73;2;1;4;1;1;1;1;1;3;1;1;3;2;1;1;1;1;1;3;3;;;;;450000;;;;;;;;;1;;;3
20230312;03;2023;7386690;1;1;01;73;1;391.59152668;73;1;1;4;1;1;1;1;1;3;1;1;6;2;1;1;1;1;1;3;1;;;99;98;;;1;;;;;;;;;;3
20230312;03;2023;7386691;1;1;01;73;1;356.51438667;73;1;1;4;1;2;1;1;1;3;1;1;3;1;1;1;1;1;1;3;1;;;98;450000;;;1;;;;;;;;;;1
20230312;03;2023;7386692;1;1;01;73;1;327.04156693;73;1;1;4;1;1;1;1;1;3;1;1;6;2;1;1;1;1;1;3;1;;;150000000;550000;;;1;;;;;;;;;;3
20230312;03;2023;7386693;1;1;01;73;1;356.51438667;73;1;1;2;1;2;1;1;1;5;1;1;4;1;1;1;1;1;1;3;3;;;;;470000;;1;;;;;;;;;;1
20230312;03;2023;7386694;1;1;01;73;1;394.10266927;73;2;1;4;1;2;1;1;1;3;1;1;4;2;1;1;1;1;1;3;3;;;;;480000;;;;;;;;;1;;;3
20230312;03;2023;7386695;1;1;01;73;1;388.11025257;73;2;1;4;1;2;1;1;1;3;1;1;3;2;1;1;1;1;1;3;3;;;;;500000;;1;;;;;;;;;;3
20230312;03;2023;7386696;1;1;01;73;1;384.7096215;73;1;1;4;1;3;1;1;1;3;1;1;6;2;1;1;1;1;1;3;6;;;;99;;;1;;;;1;;;;;;2
20230312;03;2023;7386697;1;1;01;73;1;358.9900109;73;2;1;4;1;4;1;1;1;3;1;1;2;1;1;1;1;1;1;3;6;;;;98;;;1;;;;;;;;;;1
20230312;03;2023;7386698;1;1;01;73;1;397.34111093;73;2;1;4;1;3;1;1;1;3;1;1;2;1;1;1;1;1;1;3;3;;;;;650000;1;1;;;;;1;;;;;2
20230312;03;2023;7386700;1;1;01;;1;308.48372433;76;1;5;3;1;1;2;2;1;3;2;1;2;1;5;1;2;2;1;4;1;;;98;200000;;;1;;;;;;;;;;2
20230312;03;2023;7386701;1;1;01;;1;1754.8085586;76;1;5;3;1;1;2;2;2;;2;1;4;3;5;1;5;2;1;4;5;;;;150000;;;;;;;;;;1;;;4
20230312;03;2023;7386702;1;1;01;;1;473.0083773;76;1;5;3;1;1;2;2;2;;2;1;5;2;3;1;3;2;1;4;4;;;;250000;;;;;;;;;;1;;;2
20230312;03;2023;7386703;1;1;01;;1;473.0083773;76;1;5;3;1;1;2;2;2;;2;1;3;2;3;1;3;2;1;4;1;;;99;250000;;;;;;;;;;1;;;3
20230312;03;2023;7386704;1;1;01;;1;473.0083773;76;1;2;3;1;1;2;2;2;;2;1;3;2;5;1;5;2;1;4;4;;;;150000;;;;;;;;;;1;;;5
20230312;03;2023;7386705;1;1;01;;1;360.38733509;76;2;1;4;1;1;1;2;1;3;1;1;2;1;3;1;1;1;1;3;3;;;;;200000;;;;;;;;;1;;;2
20230312;03;2023;7386706;1;1;01;;1;1267.6354611;76;1;1;4;1;1;2;2;1;3;1;1;3;2;3;1;1;1;1;4;3;;;;;250000;;;;;;1;;;;;;4
20230312;03;2023;7386707;1;1;01;;1;1441.5493403;76;1;1;4;1;1;2;2;1;3;1;1;3;2;3;1;1;1;1;4;3;;;;;250000;;1;;;;;;;;;;8
20230311;03;2023;7386708;1;1;01;;1;201.81690765;76;1;5;3;1;0;2;2;2;;2;1;1;1;5;1;2;2;6;;1;;;98;50000;;;;;;;;;;1;;;1
20230312;03;2023;7386709;1;1;01;76;1;1132.9255816;76;2;1;4;1;4;1;1;1;3;1;1;5;4;1;1;1;1;1;3;3;;;;;820000;;1;;;;;1;;;;;5
20230312;03;2023;7386710;1;1;01;76;1;1094.8712719;76;2;1;4;1;3;1;1;1;3;1;1;4;3;1;1;1;1;1;3;3;;;;;500000;;1;;;;;;;;;;5
20230312;03;2023;7386711;1;1;01;76;1;1264.3567536;76;2;1;4;1;3;1;1;1;3;1;1;4;3;1;1;1;1;1;3;1;;;130000000;750000;;;1;;;;;;;;;;6
20230312;03;2023;7386712;1;1;01;76;1;702.52373128;76;2;1;4;1;3;1;1;1;3;1;1;4;2;1;1;1;1;1;3;1;;;200000000;700000;;;;;;;;;;1;;;2
20230312;03;2023;7386713;1;1;01;76;1;1665.9410036;76;2;1;4;1;4;1;1;1;3;1;1;3;2;1;1;1;1;1;3;3;;;;;850000;;1;;;;;1;;;;;3
20230312;03;2023;7386714;1;1;01;76;1;1315.3970275;76;2;1;4;1;3;1;1;1;3;1;1;4;3;1;1;1;1;1;3;3;;;;;880000;;1;;;;;;;;;;5
20230312;03;2023;7386715;1;1;01;76;1;958.23860498;76;2;1;4;1;4;1;1;1;3;1;1;3;3;1;1;1;1;1;3;3;;;;;780000;;1;;;;;1;;;;;4
20230312;03;2023;7386716;1;1;01;76;1;720.73393552;76;2;1;4;1;3;1;1;1;3;1;1;3;2;1;1;1;1;1;3;4;;;;600000;;;1;;;;;;;;;;2
20230312;03;2023;7386717;1;1;01;76;1;1325.3721946;76;2;1;4;1;3;1;1;1;3;1;1;4;3;1;1;1;1;1;3;3;;;;;850000;;1;;;;;;;;;;4
20230312;03;2023;7386718;1;1;01;76;1;1499.5979449;76;2;1;4;1;3;1;1;1;3;1;1;4;3;1;1;1;1;1;3;1;;;150000000;800000;;;;;;;;;;1;;;3
20230312;03;2023;7386719;1;1;01;76;1;639.60147487;76;2;1;4;1;5;1;1;1;3;1;1;2;1;1;1;1;1;1;3;1;;;280000000;1500000;;;1;;;;;;;;;;1
20230312;03;2023;7386720;1;1;01;76;1;1514.0304394;76;2;1;4;1;4;1;1;1;3;1;1;3;2;1;1;1;1;1;3;3;;;;;850000;;1;;;;;1;;;;;5
20230312;03;2023;7386721;1;1;01;76;1;1095.8165176;76;2;1;4;1;5;1;1;1;3;1;1;2;1;1;1;1;1;1;3;4;;;;1500000;;;1;;;;;;;;;;3
20230312;03;2023;7386722;1;1;01;76;1;1948.6238277;76;2;1;4;1;3;1;1;1;3;1;1;4;3;1;1;1;1;1;3;1;;;140000000;800000;;1;1;;;;1;1;;;;;5
20230312;03;2023;7386723;1;1;01;76;1;493.9349602;76;1;1;4;1;3;2;1;1;3;1;1;1;1;1;1;1;1;6;;4;;;;350000;;;;;;;;;;1;;;1
20230312;03;2023;7386724;1;1;01;76;1;654.70028135;76;3;1;4;1;3;2;1;1;3;1;1;1;1;1;2;1;1;6;;3;;;;;350000;;;;;;;;;1;;;1
20230312;03;2023;7386725;1;1;01;76;1;508.22763636;76;2;1;3;1;5;1;1;1;3;1;1;3;2;1;1;1;1;1;3;1;;;300000000;1500000;;;1;;;;;;;;;;2
20230312;03;2023;7386726;1;1;01;76;1;1459.8163598;76;2;1;4;1;4;1;1;1;3;1;1;4;2;1;1;1;1;1;3;1;;;100000000;600000;;;1;;;;;;;;;;3
20230312;03;2023;7386727;1;1;01;76;1;509.00522221;76;2;1;4;1;5;1;1;1;3;1;1;2;1;1;1;1;1;1;3;3;;;;;500000;;1;;;;;;;;;;1
20230312;03;2023;7386728;1;1;01;76;1;201.342521;76;1;1;4;1;2;1;1;1;3;1;1;6;4;1;1;1;1;3;3;1;;;180000000;800000;;;1;;;;;;;;;;4
20230312;03;2023;7386729;1;1;01;76;1;147.75490716;76;1;1;4;1;2;1;1;1;3;1;1;3;2;1;1;1;1;3;3;1;;;150000000;600000;;;1;;;;;;;;;;2
20230312;03;2023;7386730;1;1;01;76;1;111.25644223;76;1;1;4;1;2;1;1;1;3;1;1;4;1;1;1;1;1;3;3;3;;;;;700000;;1;;;;;;;;;;1
20230312;03;2023;7386731;1;1;01;76;1;517.31292939;76;1;1;4;1;1;1;1;1;3;1;1;4;1;1;1;1;1;1;3;1;;;70000000;450000;;;1;;;;;;;;;;2
20230312;03;2023;7386732;1;1;01;76;1;1431.9601578;76;2;1;4;1;2;1;1;1;3;1;1;5;3;1;1;1;1;1;3;1;;;98;400000;;;1;;;;;;;;;;4
20230312;03;2023;7386733;1;1;01;76;1;524.72489338;76;1;1;2;1;1;1;1;1;3;1;1;4;3;1;1;1;1;1;3;5;;;;500000;;;;;;;;;;1;;;3
20230312;03;2023;7386734;1;1;01;76;1;671.48746805;76;2;1;4;1;2;1;1;1;3;1;1;4;1;1;1;1;1;1;3;3;;;;;250000;;1;;;;;;;;;;1
20230312;03;2023;7386735;1;1;01;76;1;451.5976779;76;2;1;4;1;5;1;1;1;3;1;1;2;1;1;1;1;1;1;3;1;;;280000000;1500000;;;1;;;;;;;;;;1
20230312;03;2023;7386736;1;1;01;76;1;1087.0935741;76;2;1;4;1;2;1;1;1;3;1;1;3;2;1;1;1;1;1;3;3;;;;;400000;;;;;;;;;1;;;4
20230312;03;2023;7386737;1;1;01;76;1;756.45029554;76;2;1;4;1;1;1;1;1;3;1;1;3;1;1;1;1;1;1;3;3;;;;;450000;;;;;;;;;1;;;3
20230312;03;2023;7386738;1;1;01;76;1;493.85336753;76;1;1;4;1;1;1;1;1;3;1;1;4;3;1;1;1;1;1;3;1;;;98;98;;;;;;;;;;1;;;3
20230312;03;2023;7386739;1;1;01;76;1;1906.915729;76;2;1;4;1;2;1;1;1;3;1;1;3;2;1;1;1;1;1;3;3;;;;;400000;;1;;;1;;;;;;;3
20230312;03;2023;7386740;1;1;01;76;1;1304.6444829;76;1;1;2;1;2;1;1;1;3;1;1;3;2;1;1;1;1;1;3;1;;;98;400000;;;1;;;;;;;;;;3
20230312;03;2023;7386741;1;1;01;76;1;565.56135801;76;2;1;4;1;4;1;1;1;3;1;1;2;1;1;1;1;1;3;3;3;;;;;425000;;1;1;1;;1;1;;;;;1
20230312;03;2023;7386742;1;1;01;76;1;1263.5507427;76;2;1;4;1;2;1;1;1;3;1;1;3;2;1;1;1;1;1;3;2;;500000;150000000;500000;;;;;1;;;;;;;;4
20230312;03;2023;7386743;1;1;01;76;1;139.66653948;76;2;1;4;1;1;1;1;1;3;1;1;3;1;1;1;1;1;1;3;1;;;70000000;420000;;;1;;;;;;;;;;1
20230312;03;2023;7386744;1;1;01;76;1;104.78794573;76;2;1;4;1;1;1;1;1;3;1;1;3;1;1;1;1;1;1;3;1;;;100000000;450000;;;1;;;;;;;;;;1
20230312;03;2023;7386745;1;1;01;76;1;838.91777229;76;1;1;4;1;2;1;1;1;3;1;1;4;2;1;1;1;1;1;3;3;;;;;450000;;1;;;;;;;;;;2
20230312;03;2023;7386746;1;1;01;76;1;565.56135801;76;2;1;4;1;4;1;1;1;3;1;1;2;1;1;1;1;1;5;3;3;;;;;450000;;1;;;;1;;;;;;1
20230312;03;2023;7386747;1;1;01;76;1;133.73488672;76;2;1;4;1;1;1;1;1;3;1;1;2;1;1;1;1;1;1;3;3;;;;;320000;;;;;;;;;1;;;1
20230312;03;2023;7386748;1;1;01;76;1;461.86126148;76;2;1;4;1;2;1;1;1;3;1;1;3;1;1;1;1;1;1;3;1;;;98;600000;;;1;;;;;;;;;;1
20230312;03;2023;7386749;1;1;01;76;1;621.20294422;76;2;1;4;1;4;2;1;1;3;1;1;4;1;1;1;1;1;1;4;3;;;;;750000;;1;;;;;1;;;;;2
20230312;03;2023;7386750;1;1;01;76;1;980.59544204;76;1;1;4;1;2;1;1;1;3;1;1;3;2;1;1;1;1;1;3;3;;;;;450000;;1;;;;;;;;;;4
20230312;03;2023;7386751;1;1;01;76;1;903.27226489;76;2;1;4;1;4;1;1;1;3;1;1;4;3;1;1;1;1;1;3;1;;;100000000;800000;;;1;;;;;1;;;;;3
20230312;03;2023;7386752;1;1;01;76;1;670.61517623;76;2;1;4;1;2;1;1;1;3;1;1;3;2;1;1;1;1;3;3;3;;;;;500000;;;;;;;;;1;;;2
20230312;03;2023;7386754;1;1;01;76;1;944.33772839;76;2;1;4;1;2;1;1;1;3;1;1;3;2;1;1;1;1;1;3;3;;;;;400000;;1;;;;1;1;1;;;NEQUI;2
20230312;03;2023;7386755;1;1;01;76;1;1444.6099394;76;2;1;4;1;2;1;1;1;3;1;1;3;2;1;1;1;1;1;3;3;;;;;360000;;1;;;;;1;;;;;3
20230312;03;2023;7386756;1;1;01;76;1;648.66054196;76;2;1;4;1;4;1;1;1;3;1;1;4;1;1;1;1;1;1;1;1;;;98;1000000;;;1;;;;;;;;;;2
20230312;03;2023;7386758;1;1;01;76;1;1449.604981;76;2;1;4;1;4;1;1;1;3;1;1;4;2;1;1;1;1;1;3;1;;;98;800000;;;;;;;;;1;;;NEQUI;3
20230312;03;2023;7386759;1;1;01;76;1;1520.2981452;76;2;1;4;1;3;1;1;1;3;1;1;4;1;1;1;1;1;1;3;3;;;;;950000;;1;;;;;1;;;;;2
20230312;03;2023;7386760;1;1;01;81;1;242.07703036;81;1;1;2;1;1;2;1;1;3;1;1;3;2;1;1;1;1;1;4;1;;;99;400000;;;1;;;;;;;;;;3
20230312;03;2023;7386761;1;1;01;81;1;232.39676563;81;1;1;4;1;1;2;1;1;3;1;1;2;1;1;1;1;1;1;4;1;;;98;400000;;;;;;;;;;1;;;1
20230312;03;2023;7386762;1;1;01;81;1;159.65447578;81;2;1;4;1;1;1;1;1;3;1;1;3;2;1;1;1;1;3;3;1;;;98;400000;;;1;;;;;;;;;;5
20230312;03;2023;7386763;1;1;01;81;1;150.91409074;81;2;1;2;1;1;1;1;1;3;1;1;3;2;1;1;1;1;3;3;3;;;;;250000;;;;;;;;;1;;;4
20230312;03;2023;7386764;1;1;01;81;1;170.4242948;81;2;1;4;1;1;1;1;1;3;1;1;3;1;1;1;1;1;3;3;1;;;99;300000;;;;;;;;;;1;;;1
20230312;03;2023;7386765;1;1;01;81;1;189.36032755;81;1;1;2;1;1;2;1;1;3;1;1;2;1;1;2;1;1;1;4;1;;;98;300000;;;;;;;;;;1;;;1
20230312;03;2023;7386766;1;1;01;81;1;139.86947407;81;3;1;2;1;1;2;1;1;3;1;1;1;1;1;2;1;1;1;4;4;;;;250000;;;;;;;;;;1;;;5
20230312;03;2023;7386767;1;1;01;81;1;257.25571444;81;1;1;4;1;1;2;1;1;3;1;1;4;3;1;1;1;1;1;4;3;;;;;500000;;1;;;;;;;;;;3
20230312;03;2023;7386768;1;1;01;81;1;195.49517202;81;3;1;2;1;1;2;1;1;3;1;1;1;1;1;2;1;1;1;4;3;;;;;200000;;;;;;;;;1;;;3
20230312;03;2023;7386769;1;1;01;81;1;223.30802099;81;1;1;2;1;1;2;1;1;3;1;1;3;2;1;1;1;1;3;4;3;;;;;400000;;;;;;;;;1;;;2
20230312;03;2023;7386770;1;1;01;81;1;249.36809132;81;3;1;2;1;1;2;1;1;3;1;1;1;1;1;2;1;1;6;;3;;;;;200000;;;;;;;;;1;;;1
20230312;03;2023;7386771;1;1;01;81;1;149.42940132;81;3;1;2;1;1;2;1;1;3;1;1;1;1;1;1;1;1;2;4;3;;;;;250000;;;;;;;;;1;;;2
20230312;03;2023;7386772;1;1;01;81;1;189.51193923;81;2;1;2;1;1;2;1;1;3;1;1;3;2;1;1;1;1;3;4;3;;;;;400000;;1;;;;;;;;;;5
20230312;03;2023;7386773;1;1;01;85;1;349.72314251;85;2;1;4;1;2;1;1;1;3;1;1;2;1;1;1;1;1;1;3;1;;;99;500000;;;1;;;;;;;;;;2
20230312;03;2023;7386774;1;1;01;85;1;294.97478846;85;2;1;4;1;2;1;1;1;3;1;1;2;1;1;1;1;1;1;3;3;;;;;600000;;1;;;;;;;;;;3
20230312;03;2023;7386775;1;1;01;85;1;294.97478846;85;2;1;4;1;2;1;1;1;3;1;1;2;1;1;1;1;1;1;3;3;;;;;500000;;1;;;;;;;;;;3
20230312;03;2023;7386776;1;1;01;85;1;330.95655831;85;1;1;4;1;2;1;1;1;3;1;1;3;2;1;1;1;1;1;3;3;;;;;600000;;;;;;;;;1;;;5
20230312;03;2023;7386777;1;1;01;85;1;324.26894219;85;2;1;2;1;2;1;1;1;3;1;1;4;3;1;1;1;10;1;3;1;;;99;600000;;;1;;;;;;;;;;5
20230312;03;2023;7386778;1;1;01;85;1;246.68167866;85;1;1;4;1;2;1;1;1;3;1;1;3;1;1;1;1;1;1;3;3;;;;;500000;;1;;;;1;1;;;;;1
20230312;03;2023;7386779;1;1;01;85;1;197.34534293;85;2;1;4;1;2;1;1;1;3;1;1;2;1;1;1;1;1;1;3;4;;;;300000;;;1;;;;;;;;;;1
20230312;03;2023;7386780;1;1;01;85;1;197.34534293;85;2;1;4;1;2;1;1;1;3;1;1;2;1;1;1;1;1;1;3;3;;;;;300000;;1;;;;;;;;;;1
20230312;03;2023;7386781;1;1;01;86;1;182.21837756;86;2;1;4;1;1;2;1;1;2;1;1;5;2;1;1;1;1;1;4;3;;;;;98;;1;;;;;;;;;;3
20230312;03;2023;7386782;1;1;01;86;1;109.76595491;86;2;1;4;1;1;1;1;1;2;1;1;6;2;1;1;1;1;1;4;3;;;;;98;1;;;;;;;;;;;3
20230312;03;2023;7386783;1;1;01;86;1;182.21837756;86;2;1;4;1;1;2;1;1;2;1;1;5;3;1;1;1;1;1;4;3;;;;;98;1;;;;;;;;;;;3
20230312;03;2023;7386784;1;1;01;86;1;158.37028687;86;2;1;4;1;1;2;1;1;2;1;1;2;1;1;1;1;1;3;4;3;;;;;99;;1;;;;;;;;;;1
20230312;03;2023;7386785;1;1;01;86;1;141.16015314;86;2;1;4;1;1;2;1;1;2;1;1;3;2;1;1;1;1;3;4;3;;;;;99;;1;;;;;;;;;;4
20230312;03;2023;7386786;1;1;01;86;1;114.87160146;86;2;1;4;1;1;2;1;1;2;1;1;3;2;1;1;1;1;3;4;3;;;;;99;;1;;;;;;;;;;3
20230312;03;2023;7386787;1;1;01;86;1;66.240656294;86;1;1;4;1;1;2;1;1;2;1;1;3;2;1;1;1;1;3;4;1;;;99;99;;;1;;;;;;;;;;4
20230312;03;2023;7386788;1;1;01;86;1;216.31224673;86;2;1;4;1;1;2;1;1;2;1;1;6;3;1;1;1;1;1;4;3;;;;;420000;;;;;;;;;1;;;6
20230312;03;2023;7386789;1;1;01;86;1;158.37028687;86;2;1;4;1;1;2;1;1;2;1;1;4;1;1;1;1;1;1;4;3;;;;;320000;1;;;;;;;;;;;1
20230312;03;2023;7386791;1;1;01;88;1;25.939313165;88;1;5;2;1;2;2;1;1;3;1;1;4;3;1;1;1;10;1;4;1;;;99;700000;;;1;;;;;;;;;;4
20230312;03;2023;7386792;1;1;01;88;1;38.60722263;88;1;1;2;1;2;2;1;1;3;2;1;2;2;1;1;1;10;3;4;1;;;98;1000000;;;1;;;;;;;;;;4
20230312;03;2023;7386793;1;1;01;88;1;26.495525715;88;2;1;4;1;4;2;1;1;3;1;1;3;1;1;1;1;10;1;4;1;;;99;2000000;;;1;;;;;;;;;;2
20230312;03;2023;7386794;1;1;01;88;1;21.21182171;88;2;1;4;1;3;2;1;1;3;1;1;3;1;1;1;1;10;3;4;4;;;;2000000;;;1;;;;;;;;;;1
20230312;03;2023;7386795;1;1;01;88;1;33.480712366;88;2;1;4;1;3;2;1;1;3;1;1;3;2;2;1;1;10;3;4;3;;;;;500000;;1;;;;;;;;;;3
20230312;03;2023;7386796;1;1;01;88;1;27.12923058;88;2;1;4;1;4;2;1;1;3;1;1;3;1;1;1;1;10;3;4;3;;;;;2500000;;1;;;;;1;;;;;2
20230312;03;2023;7386797;1;1;01;88;1;32.139123803;88;1;1;4;1;4;2;1;1;3;2;1;3;1;1;1;1;10;3;4;1;;;98;800000;;;1;;;;;;;;;;1
20230312;03;2023;7386798;1;1;01;88;1;20.922144476;88;2;1;4;1;4;2;1;1;3;1;1;3;1;1;1;1;10;3;4;4;;;;1800000;;;1;;;;;1;;;;;1
20230312;03;2023;7386799;1;1;01;88;1;21.793900496;88;2;1;4;1;1;2;1;1;3;2;1;2;1;1;1;1;10;3;4;3;;;;;550000;;1;;;;;;;;;;1
20230312;03;2023;7386800;1;1;01;88;1;33.191035132;88;2;1;4;1;3;2;1;1;3;1;1;3;2;1;1;1;10;1;4;3;;;;;600000;;1;;;;;;;;;;3
20230312;03;2023;7386801;1;1;01;88;1;33.088192527;88;1;1;3;1;3;2;2;1;3;2;1;3;2;2;1;1;10;1;4;2;;98;99;1000000;;;1;;;;;;;;;;2
20230312;03;2023;7386804;1;1;01;88;1;33.453946609;88;2;1;4;1;2;2;2;1;3;2;1;2;1;2;1;1;10;3;4;3;;;;;400000;;1;;;;;;;;;;2
20230312;03;2023;7386805;1;1;01;88;1;20.179537496;88;3;5;4;1;2;2;2;1;3;1;1;1;1;2;2;1;10;6;;3;;;;;500000;;;;;;;;;1;;;1
20230312;03;2023;7386806;1;1;01;88;1;20.179537496;88;3;5;4;1;2;2;2;1;3;1;1;1;1;2;2;1;10;6;;3;;;;;500000;;1;;;;;;;;;;1
20230312;03;2023;7386807;1;1;01;88;1;21.426082535;88;2;1;4;1;3;2;1;1;7;1;1;3;1;1;1;1;10;3;4;4;;;;2000000;;;1;;;;;;;;;;1
20230312;03;2023;7386808;1;1;01;88;1;32.139123803;88;1;1;4;1;3;2;1;1;3;2;1;3;1;1;1;1;10;3;4;1;;;99;1000000;;;1;;;;;;;;;;1
20230312;03;2023;7386809;1;1;01;88;1;21.133479269;88;2;1;4;1;2;2;1;1;7;1;1;2;1;1;1;1;10;6;;3;;;;;600000;;1;;;;;1;;;;;1
20230312;03;2023;7386810;1;1;01;88;1;31.700218903;88;2;1;4;1;3;2;1;1;3;2;1;3;1;1;1;1;10;3;4;4;;;;1000000;;;1;;;;;;;;;;1
20230312;03;2023;7386811;1;1;01;88;1;32.139123803;88;2;1;4;1;3;2;1;1;3;2;1;2;1;1;1;1;10;3;4;3;;;;;700000;;1;;;;;;;;;;1
20230312;03;2023;7386812;1;1;01;88;1;33.103364291;88;2;1;4;1;1;2;1;1;3;2;1;4;2;1;1;1;10;3;4;3;;;;;500000;;1;;;;;;;;;;3
20230312;03;2023;7386813;1;1;01;88;1;31.700218903;88;1;1;4;1;2;2;1;1;3;2;1;4;1;1;1;1;10;3;4;4;;;;600000;;;1;;;;;;;;;;1
20230312;03;2023;7386814;1;1;01;88;1;21.793900496;88;3;1;4;1;1;2;1;1;3;2;1;1;1;1;1;1;10;6;;3;;;;;400000;;1;;;;;;;;;;1
20230312;03;2023;7386815;1;1;01;88;1;40.144735931;88;2;1;4;1;3;2;1;1;3;2;1;3;1;1;1;1;10;3;4;3;;;;;800000;;1;;;;;;;;;;2
20230312;03;2023;7386816;1;1;01;88;1;39.927441099;88;2;1;4;1;1;2;1;1;3;2;1;3;2;1;1;1;10;3;4;3;;;;;500000;;1;;;;;;;;;;4
20230312;03;2023;7386817;1;1;01;88;1;21.426082535;88;2;1;4;1;2;2;1;1;7;1;1;2;1;1;1;1;10;3;4;3;;;;;600000;;1;;;;;;;;;;1
20230312;03;2023;7386818;1;1;01;88;1;22.095647614;88;2;1;4;1;1;2;1;1;3;2;1;2;1;1;1;1;10;3;4;4;;;;600000;;;1;;;;;;;;;;1
20230312;03;2023;7386819;1;1;01;88;1;18.19850589;88;1;5;2;1;2;2;1;1;3;1;1;2;1;1;1;1;10;4;4;1;;;99;500000;;;1;;;;;;;;;;2
20230312;03;2023;7386820;1;1;01;88;1;25.275702624;88;1;1;4;1;2;2;2;1;3;1;1;3;2;2;1;1;10;1;4;1;;;99;1200000;;;1;;;;;;;;;;2
20230312;03;2023;7386821;1;1;01;88;1;14.730431743;88;1;1;4;1;2;2;1;1;3;1;1;2;1;1;1;1;10;1;4;1;;;98;600000;;;1;;;;;;;;;;1
20230312;03;2023;7386822;1;1;01;88;1;44.111080968;88;1;1;2;1;1;2;1;1;3;2;1;4;2;1;1;1;10;3;4;1;;;98;800000;;;1;;;;;;;;;;5
20230312;03;2023;7386823;1;1;01;88;1;27.599505953;88;2;1;4;1;1;2;1;1;3;2;1;2;1;1;1;1;10;3;4;4;;;;500000;;;1;;;;;;;;;;2
20230312;03;2023;7386824;1;1;01;88;1;31.700218903;88;2;1;4;1;3;2;1;1;3;2;1;2;1;1;1;1;10;3;4;1;;;98;800000;;;1;;;;;;;;;;1
20230312;03;2023;7386825;1;1;01;91;1;120.9906681;91;1;1;2;1;3;2;1;1;3;1;1;2;2;1;1;1;10;3;4;1;;;125000000;500000;;;1;;;;;;;;;;1
20230312;03;2023;7386828;1;1;01;91;1;56.478483976;91;1;1;2;1;3;2;1;1;3;1;1;2;2;1;1;1;10;3;4;3;;;;;800000;;1;;;;;;;;;;3
20230312;03;2023;7386830;1;1;01;94;1;41.449008625;94;1;1;2;2;;2;2;2;;2;1;3;2;2;1;4;3;1;4;5;;;;400000;;;;;;;;;;1;;;5
20230312;03;2023;7386831;1;1;01;94;1;53.761295119;94;3;1;4;1;2;2;1;1;2;1;1;1;1;1;1;1;3;1;4;3;;;;;300000;;1;;;;;;;;;;2
20230312;03;2023;7386833;1;1;01;94;1;39.099123723;94;1;1;2;2;;2;2;2;;2;1;2;1;2;1;4;3;1;5;5;;;;400000;;;;;;;;;;1;;;2
20230312;03;2023;7386834;1;1;01;94;1;48.504691356;94;2;1;2;1;1;2;1;1;2;1;1;1;1;1;1;1;3;6;;3;;;;;450000;;1;;;;;;;;;;1
20230312;03;2023;7386836;1;1;01;94;1;44.588777696;94;1;1;4;2;;2;2;2;;2;1;4;3;2;1;4;3;1;4;5;;;;450000;;;;;;;;;;1;;;5
20230312;03;2023;7386838;1;1;01;94;1;56.052965569;94;2;1;2;1;1;2;1;1;2;1;1;1;1;1;1;1;3;2;4;3;;;;;700000;;1;;;;;;;;;;4
20230312;03;2023;7386840;1;1;01;94;1;55.688553806;94;3;1;4;1;1;2;1;1;2;1;1;1;1;1;1;1;1;6;;3;;;;;250000;;;;;;;;;1;;;1
20230312;03;2023;7386842;1;1;01;94;1;43.905562212;94;1;5;4;2;;2;2;2;;2;1;2;1;2;1;4;3;5;4;5;;;;450000;;;;;;;;;;1;;;4
20230312;03;2023;7386844;1;1;01;95;1;74.540094221;95;1;1;4;1;1;1;1;1;2;1;1;3;1;1;1;1;1;3;3;2;;600000;130000000;800000;;1;;;1;;1;1;;;;;1
20230312;03;2023;7386845;1;1;01;95;1;94.869210826;95;4;2;1;1;9;2;2;1;2;2;1;2;1;2;2;1;3;6;;3;;;;;80000;;;;;;;;;1;;;1
20230312;03;2023;7386846;1;1;01;95;1;112.44776133;95;2;2;2;1;9;2;2;1;2;2;1;3;2;2;1;1;3;1;4;3;;;;;150000;;;;;;;;;1;;;3
20230312;03;2023;7386848;1;1;01;95;1;122.7158624;95;1;1;4;1;9;2;2;1;2;2;1;2;1;2;1;1;3;4;4;3;;;;;400000;;1;;;;1;;;;;;4
20230312;03;2023;7386849;1;1;01;95;1;94.869210826;95;1;2;2;1;9;2;2;1;2;2;1;2;1;2;1;1;10;1;4;3;;;;;300000;;1;;;;;;;;;;1
20230312;03;2023;7386850;1;1;01;95;1;74.540094221;95;1;1;4;1;2;1;1;1;2;1;1;4;1;1;1;1;1;3;3;3;;;;;550000;;1;;;;;;;;;;1
20230312;03;2023;7386851;1;1;01;95;1;54.911308097;95;2;1;4;1;2;2;1;1;2;1;1;2;1;1;1;1;10;3;4;3;;;;;400000;;;;;;;;;1;;;2
20230312;03;2023;7386852;1;1;01;95;1;71.315823366;95;1;1;4;1;2;2;1;1;2;1;1;3;2;1;1;1;3;2;4;3;;;;;500000;;1;;;;;;;;;;4
20230312;03;2023;7386853;1;1;01;95;1;74.540094221;95;1;5;1;1;2;2;1;1;2;2;1;3;1;1;1;1;3;4;4;4;;;;150000;;;;;;;;;;1;;;1
20230312;03;2023;7386854;1;1;01;97;1;13.397750484;97;1;5;2;1;1;2;1;1;2;1;2;4;3;1;1;1;5;1;4;1;;;45000000;400000;;;1;;;;;;;;;;3
20230312;03;2023;7386854;2;2;01;97;1;13.397750484;97;1;5;2;1;1;2;1;1;2;1;2;2;1;1;2;1;5;1;4;4;;;;200000;;;;;;;;;;1;;;2
20230312;03;2023;7386855;1;1;01;97;1;13.397750484;97;2;1;4;1;1;2;1;1;2;1;1;3;2;1;1;1;10;1;1;3;;;;;1500000;;1;;;;;;;;;;4
20230312;03;2023;7386856;1;1;01;97;1;16.077252075;97;2;1;4;1;2;2;1;1;2;1;1;2;1;1;1;1;10;3;1;3;;;;;800000;;1;;;;;;;;;;2
20230312;03;2023;7386858;1;1;01;97;1;14.97145451;97;2;1;4;1;2;2;1;1;2;1;1;2;1;1;1;1;10;3;4;3;;;;;1200000;;1;;;;;;;;;;2
20230312;03;2023;7386859;1;1;01;97;1;16.077252075;97;1;1;2;1;2;2;1;1;2;1;1;3;1;1;1;1;10;1;1;1;;;80000000;500000;;;1;;;;;;;;;;2
20230312;03;2023;7386860;1;1;01;97;1;16.077252075;97;2;1;3;1;2;2;1;1;2;1;1;2;1;1;1;1;10;3;4;3;;;;;800000;;1;;;;;;;;;;2
20230312;03;2023;7386861;1;1;01;97;1;14.97145451;97;1;1;2;1;2;2;1;1;2;1;1;2;1;1;1;1;3;1;1;1;;;25000000;700000;;;1;;;;;;;;;;1
20230309;03;2023;7386862;1;1;01;99;1;33.717509527;99;1;1;2;1;2;1;1;1;2;1;1;3;2;2;1;1;1;1;4;3;;;;;450000;;1;;;;;;;;;;6
20230310;03;2023;7386863;1;1;01;99;1;13.036250003;99;2;1;4;1;2;2;2;1;2;1;1;2;1;2;1;1;1;1;4;3;;;;;300000;;1;;;;;;;;;;5
20230310;03;2023;7386864;1;1;01;99;1;52.145000012;99;1;1;4;1;1;2;2;1;2;1;1;5;4;2;1;1;1;1;4;1;;;100000000;700000;;;1;;;;1;;;;;;5
20230312;03;2023;7386865;1;1;01;99;1;38.410379473;99;5;8;1;1;0;2;2;1;2;2;1;1;1;6;;1;2;5;5;5;;;;100000;;;;;;;;;;1;;;6
20230312;03;2023;7386866;1;1;01;99;1;52.191260452;99;5;8;1;1;0;2;2;1;2;2;1;1;1;6;;1;2;5;5;5;;;;100000;;;;;;;;;;1;;;4
20230312;03;2023;7386867;1;1;01;99;1;52.191260452;99;5;8;1;1;0;2;2;1;2;2;1;1;1;6;;1;2;5;5;5;;;;120000;;;;;;;;;;1;;;4
20230312;03;2023;7386868;1;1;01;99;1;87.362938585;99;5;8;1;1;0;2;2;1;2;2;1;1;1;6;;1;2;5;5;5;;;;300000;;;1;;;;;;;;;;8
20230313;03;2023;7386919;1;1;01;;1;1632.9885236;08;1;1;4;1;1;1;2;1;3;1;1;4;2;2;1;1;1;3;3;3;;;;;300000;;1;;;;;;;;;;4
20230313;03;2023;7386920;1;1;01;;1;1594.8953449;08;1;1;2;1;1;1;2;1;3;1;1;3;2;2;1;1;1;1;3;1;;;30000000;200000;;;1;;;;;;;;;;4
20230313;03;2023;7386921;1;1;01;;1;1512.2624017;08;1;1;2;1;1;1;2;1;3;1;1;2;1;2;2;1;1;1;3;4;;;;50000;;;1;;;;;;;;;;3
20230313;03;2023;7386922;1;1;01;;1;956.14581073;08;1;1;4;1;1;1;2;1;3;1;1;4;1;2;1;1;1;1;3;1;;;60000000;300000;;;;;;;;;;1;;;2
20230313;03;2023;7386923;1;1;01;;1;956.14581073;08;1;1;4;1;1;1;2;1;3;1;1;3;1;2;2;1;1;1;3;1;;;30000000;300000;;;1;;;;;;;;;;2
20230313;03;2023;7386924;1;1;01;;1;1334.3935574;08;1;1;4;1;1;1;2;1;3;1;1;3;2;2;1;1;1;1;3;4;;;;300000;;;1;;;;;;;;;;4
20230313;03;2023;7386925;1;1;01;;1;623.18413543;08;1;1;4;1;1;1;2;1;3;1;1;5;4;2;1;1;1;1;3;1;;;40000000;300000;;;1;;;;;;;;;;7
20230313;03;2023;7386926;1;1;01;;1;1126.8429277;08;1;1;4;1;1;1;2;1;3;1;1;4;3;2;1;1;1;1;3;1;;;550000000;400000;;;1;;;;;;;;;;5
20230313;03;2023;7386927;1;1;01;;1;956.14581073;08;1;1;4;1;1;1;2;1;3;1;1;3;2;2;1;1;1;1;3;4;;;;200000;;;;;;;;;;1;;;2
20230313;03;2023;7386928;1;1;01;;1;623.18413543;08;1;1;4;1;1;1;2;1;3;1;1;4;3;2;1;1;1;1;3;1;;;75000000;600000;;;1;;;;;1;;;;;4
20230313;03;2023;7386929;1;1;01;;1;1447.7376818;08;1;1;2;1;1;1;2;1;3;1;1;4;3;2;1;1;1;1;3;4;;;;300000;;;;;;;;;;1;;;3
20230313;03;2023;7386930;1;1;01;;1;1632.9885236;08;1;1;4;1;1;1;2;1;3;1;1;4;2;2;1;1;1;1;3;4;;;;450000;;;;;;;;;;1;;;4
20230313;03;2023;7386931;1;1;01;;1;3230.7236024;08;1;1;4;1;1;1;2;1;3;1;1;4;3;2;1;1;1;1;3;4;;;;300000;;;;;;;;;;1;;;5
20230313;03;2023;7386932;1;1;01;;1;1620.828514;08;1;1;2;1;1;1;2;1;3;1;1;4;2;2;1;1;1;1;3;1;;;45000000;500000;;;;;;;;;;1;;;4
20230313;03;2023;7386933;1;1;01;;1;1721.0624593;08;2;1;4;1;1;1;2;1;3;1;1;2;1;2;1;1;1;1;3;5;;;;150000;;;;;;;;;;1;;;2
20230313;03;2023;7386934;1;1;01;;1;3156.6863618;08;1;1;2;1;1;1;2;1;3;1;1;2;1;2;1;1;1;4;3;3;;;;;150000;;;;;;;;;1;;;5
20230313;03;2023;7386935;1;1;01;;1;3007.9470641;08;2;1;4;1;1;1;2;1;3;1;1;2;1;2;1;1;1;1;3;4;;;;200000;;;1;;;;;;;;;;4
20230313;03;2023;7386936;1;1;01;;1;2946.9241588;08;1;1;4;1;1;1;2;1;3;1;1;4;1;2;1;1;1;1;3;4;;;;450000;;;1;;;;;;;;;;1
20230313;03;2023;7386937;1;1;01;;1;1808.3872954;08;1;1;4;1;1;1;2;1;3;1;1;3;2;2;1;1;1;1;3;4;;;;300000;;;1;;;;;;;;;;4
20230313;03;2023;7386938;1;1;01;;1;1405.4820152;08;1;1;2;1;1;1;2;1;3;1;1;4;3;2;1;1;1;1;3;1;;;40000000;300000;;;;;;;;;;1;;;8
20230313;03;2023;7386939;1;1;01;;1;1721.0624593;08;1;1;4;1;1;1;2;1;3;1;1;4;1;2;1;1;1;1;3;1;;;70000000;400000;;;1;;;;;;;;;;2
20230313;03;2023;7386940;1;1;01;;1;1679.2284642;08;1;1;2;1;1;1;2;1;3;1;1;3;2;2;1;1;1;4;3;1;;;45000000;500000;;;;;;;1;;;;;;7
20230313;03;2023;7386941;1;1;01;;1;679.83723865;08;1;1;4;1;1;1;2;1;3;1;1;4;3;2;1;1;1;1;3;5;;;;250000;;;;;;;;;;1;;;5
20230313;03;2023;7386942;1;1;01;;1;1559.595773;08;1;1;2;1;1;1;2;1;3;1;1;4;1;2;1;1;1;1;3;1;;;40000000;150000;;;;;;;;;;1;;;2
20230313;03;2023;7386943;1;1;01;;1;679.83723865;08;1;1;4;1;1;1;2;1;3;1;1;3;2;2;1;1;1;1;3;1;;;40000000;200000;;;1;;;;;;;;;;5
20230313;03;2023;7386944;1;1;01;;1;1305.7041392;08;1;1;2;1;1;1;2;1;3;1;1;3;2;2;1;1;1;1;3;4;;;;300000;;;;;;;;;;1;;;7
20230313;03;2023;7386945;1;1;01;;1;723.65609197;08;1;1;2;1;1;1;2;1;3;1;1;2;1;2;1;1;1;1;3;1;;;25000000;200000;;;;;;;;;;1;;;4
20230313;03;2023;7386946;1;1;01;;1;1579.3501983;08;1;1;2;1;1;1;2;1;3;1;1;4;2;2;1;1;1;1;3;1;;;25000000;150000;;;1;;;;;;;;;;3
20230313;03;2023;7386947;1;1;01;;1;1781.4420257;08;1;1;2;1;1;1;2;1;3;1;1;3;2;2;1;1;1;1;3;1;;;40000000;350000;;;1;;;;;;;;;;4
20230313;03;2023;7386948;1;1;01;;1;1517.5025821;08;1;1;2;1;1;1;2;1;3;1;1;4;3;2;1;1;1;1;3;1;;;35000000;200000;;;1;;;;;;;;;;7
20230313;03;2023;7386949;1;1;01;;1;1719.4287973;08;1;1;4;1;1;1;2;1;3;1;1;3;2;2;1;1;1;1;3;3;;;;;180000;;;;;;;;;1;;;3
20230313;03;2023;7386950;1;1;01;;1;757.32694391;08;1;1;4;1;1;1;2;1;3;1;1;4;3;2;1;1;1;1;3;1;;;30000000;250000;;;;;;;;;;1;;;6
20230313;03;2023;7386951;1;1;01;;1;980.73064173;08;1;1;2;1;1;1;2;1;3;1;1;4;3;2;1;1;1;1;3;1;;;35000000;300000;;;;;;;1;;;;;;4
20230313;03;2023;7386952;1;1;01;;1;2361.938035;08;1;1;2;1;1;1;1;1;3;1;1;3;2;1;1;1;1;1;3;1;;;20000000;100000;;;;;;;;;;1;;;5
20230313;03;2023;7386953;1;1;01;;1;1233.0540961;08;1;1;2;1;1;1;1;1;3;1;1;4;3;1;1;1;1;1;3;1;;;50000000;500000;;;1;;;;;;;;;;4
20230313;03;2023;7386954;1;1;01;;1;2378.2582585;08;1;1;2;1;1;1;1;1;3;1;1;3;2;1;1;1;1;1;3;4;;;;100000;;;;;;;;;;1;;;2
20230313;03;2023;7386955;1;1;01;;1;1851.3302109;08;2;1;2;1;1;1;1;1;3;1;1;2;1;1;1;1;1;1;3;4;;;;60000;;;;;;;;;;1;;;2
20230313;03;2023;7386956;1;1;01;;1;1694.0472573;08;1;1;1;1;1;1;1;1;3;1;1;3;1;1;1;1;1;1;3;1;;;22000000;100000;;;;;;;;;;1;;;2
20230313;03;2023;7386957;1;1;01;;1;2067.1407739;08;1;1;4;1;1;1;1;1;3;1;1;3;2;1;1;1;1;4;3;1;;;40000000;350000;;;;;;;;;;1;;;3
20230313;03;2023;7386958;1;1;01;;1;1714.506346;08;2;1;2;1;1;1;1;1;3;1;1;3;2;1;1;1;1;1;3;1;;;30000000;180000;;;;;;;;;;1;;;2
20230313;03;2023;7386959;1;1;01;;1;1990.9504773;08;1;1;2;1;1;1;1;1;3;1;1;4;3;1;1;1;1;1;3;5;;;;250000;;;1;;;;;;;;;;5
20230313;03;2023;7386960;1;1;01;;1;1069.5810169;08;1;1;2;1;1;1;1;1;3;1;1;4;3;1;1;1;1;1;3;4;;;;450000;;;1;;;;1;1;;;;;6
20230313;03;2023;7386961;1;1;01;;2;330.1739076;08;1;1;2;1;9;2;2;2;;2;1;2;1;2;1;4;3;5;5;4;;;;50000;;;;;;;;;;1;;;2
20230313;03;2023;7386962;1;1;01;;2;419.28715931;08;1;8;1;2;;2;2;2;;2;1;1;1;6;;4;9;5;5;4;;;;50000;;;;;;;;;;1;;;1
20230313;03;2023;7386963;1;1;01;;2;534.72155737;08;1;1;2;1;9;2;2;2;;2;1;3;1;2;1;4;3;5;5;4;;;;100000;;;;;;;;;;1;;;3
20230313;03;2023;7386964;1;1;01;;2;261.35889921;08;1;1;2;2;;2;2;2;;2;1;3;2;6;;4;9;5;5;4;;;;80000;;;1;;;;;;;;;;3
20230313;03;2023;7386965;1;1;01;;2;499.22558744;08;1;1;2;1;9;2;2;2;;2;1;2;1;2;1;4;9;5;5;4;;;;120000;;;;;;;;;;1;;;3
20230313;03;2023;7386966;1;1;01;;2;534.72155737;08;1;5;1;2;;2;2;2;;2;1;3;2;2;1;4;9;5;5;4;;;;50000;;;;;;;;;;1;;;3
20230313;03;2023;7386967;1;1;01;;2;465.87396624;08;1;1;2;2;;2;2;2;;2;1;2;1;6;;4;9;5;5;4;;;;100000;;;;;;;;;;1;;;2
20230313;03;2023;7386968;1;1;01;;2;534.72155737;08;1;1;2;2;;2;2;2;;2;1;3;2;2;1;4;3;5;5;4;;;;350000;;;;;;;;;;1;;;3
20230313;03;2023;7386969;1;1;01;;2;359.22014388;08;1;1;2;2;;2;2;2;;2;1;3;1;2;1;4;3;1;4;4;;;;200000;;;1;;;;;;;;;;2
20230313;03;2023;7386970;1;1;01;;2;619.35961829;08;1;1;2;2;;2;2;2;;2;1;2;1;2;1;4;9;5;5;4;;;;100000;;;;;;;;;;1;;;1
20230313;03;2023;7386971;1;1;01;;2;559.29260287;08;1;1;1;1;1;2;2;2;;2;1;3;1;6;;4;9;5;5;4;;;;100000;;;;;;;;;;1;;;2
20230313;03;2023;7386972;1;1;01;;2;575.51043671;08;1;5;1;1;1;2;2;2;;2;1;2;1;6;;4;9;5;5;4;;;;50000;;;;;;;;;;1;;;2
20230313;03;2023;7386973;1;1;01;;2;619.35961829;08;1;1;2;1;1;2;2;2;;2;1;3;1;2;1;3;3;5;5;4;;;;150000;;;1;;;;;;;;;;1
20230313;03;2023;7386974;1;1;01;;2;421.66258608;08;1;1;2;1;1;2;2;2;;2;1;3;1;2;1;4;9;5;4;4;;;;200000;;;;;;;;;;1;;;4
20230313;03;2023;7386975;1;1;01;;2;265.80150726;08;1;1;2;1;1;2;2;2;;2;1;3;2;2;1;3;9;5;5;1;;;30000000;60000;;;;;;;;;;1;;;2
20230313;03;2023;7386976;1;1;01;;2;556.78170271;08;1;1;2;1;1;2;2;2;;2;1;2;1;2;1;4;3;5;5;4;;;;250000;;;;;;;;;;1;;;6
20230313;03;2023;7386977;1;1;01;;2;619.35961829;08;1;1;2;1;1;2;2;2;;2;1;3;1;2;1;4;9;5;5;4;;;;50000;;;;;;;;;;1;;;1
20230313;03;2023;7386978;1;1;01;;2;461.00842089;08;1;1;2;1;1;2;2;2;;2;1;3;1;2;1;4;3;5;5;4;;;;200000;;;;;;;;;;1;;;6
20230313;03;2023;7386979;1;1;01;;2;619.35961829;08;1;1;2;1;1;2;2;2;;2;1;3;1;2;1;4;9;5;5;4;;;;80000;;;;;;;;;;1;;;1
20230313;03;2023;7386980;1;1;01;;2;419.28715931;08;1;1;2;1;1;2;2;2;;2;1;2;1;6;;4;3;5;5;4;;;;200000;;;;;;;;;;1;;;1
20230313;03;2023;7386981;1;1;01;;2;461.00842089;08;1;1;2;1;1;1;2;2;;2;1;2;1;6;;4;9;5;5;4;;;;50000;;;;;;;;;;1;;;6
20230313;03;2023;7386983;1;1;01;;2;500.59270815;08;1;1;2;1;1;2;2;2;;2;1;3;2;2;1;4;2;5;5;5;;;;150000;;;;;;;;;;1;;;5
20230313;03;2023;7386984;1;1;01;;2;576.83317351;08;1;1;2;1;1;1;2;2;;2;1;3;2;2;2;4;2;4;3;1;;;30000000;200000;;;;;;;;;;1;;;3
20230313;03;2023;7386985;1;1;01;;2;484.73707288;08;1;1;2;1;1;1;2;2;;2;1;3;2;2;1;4;9;1;3;4;;;;150000;;;;;;;;;;1;;;4
20230313;03;2023;7386986;1;1;01;;2;397.45373917;08;1;1;2;1;1;1;2;2;;2;1;3;2;2;1;4;2;4;3;3;;;;;200000;;;;;;;;;1;;;4
20230313;03;2023;7386987;1;1;01;;2;362.30478271;08;1;1;2;1;1;1;2;2;;2;1;3;2;2;1;4;3;1;3;5;;;;200000;;;;;;;;;;1;;;6
20230313;03;2023;7386988;1;1;01;;2;465.90654898;08;1;1;1;1;1;1;2;2;;2;1;2;1;2;2;4;2;4;3;4;;;;60000;;;;;;;;;;1;;;4
20230313;03;2023;7386989;1;1;01;;2;465.87396624;08;1;1;2;1;1;1;2;2;;2;1;2;1;2;1;4;3;6;;4;;;;100000;;;;;;;;;;1;;;2
20230313;03;2023;7386990;1;1;01;;2;505.67532109;08;1;4;1;1;1;2;2;2;;2;1;3;2;2;1;4;9;5;5;5;;;;80000;;;;;;;;;;1;;;3
20230313;03;2023;7386991;1;1;01;;2;118.23030796;13;1;1;2;1;0;2;2;2;;2;1;3;1;2;1;4;4;5;5;5;;;;50000;;;;;;;;;;1;;;2
20230313;03;2023;7386992;1;1;01;;2;118.23030796;13;1;1;2;1;0;2;2;2;;2;1;3;1;2;1;4;4;4;4;1;;;25000000;50000;;;;;;;;;;1;;;2
20230313;03;2023;7386993;1;1;01;;2;126.34940804;13;1;1;2;1;0;2;2;2;;2;1;3;2;2;1;4;4;5;5;4;;;;50000;;;;;;;;;;1;;;5
20230313;03;2023;7386994;1;1;01;;2;307.0293606;13;1;1;2;1;0;2;2;2;;2;1;3;2;2;1;4;4;4;1;4;;;;50000;;;;;;;;;;1;;;5
20230313;03;2023;7386995;1;1;01;;2;182.12749801;13;1;1;2;1;0;2;2;2;;2;1;3;2;2;1;3;4;5;5;1;;;25000000;150000;;;;;;;;;;1;;;7
20230313;03;2023;7386996;1;1;01;;2;150.99102704;13;1;1;2;1;0;2;2;2;;2;1;3;2;2;1;4;4;5;5;4;;;;50000;;;;;;;;;;1;;;4
20230313;03;2023;7386997;1;1;01;;2;250.04704839;13;1;1;2;1;0;2;2;2;;2;1;3;1;2;1;4;4;4;1;3;;;;;50000;;;;;;;;;1;;;2
20230313;03;2023;7386998;1;1;01;;2;169.96664903;13;1;4;1;1;0;2;2;2;;2;1;3;2;2;1;4;4;5;5;1;;;15000000;50000;;;;;;;;;;1;;;4
20230313;03;2023;7386999;1;1;01;;2;118.23030796;13;1;1;1;1;0;2;2;2;;2;1;3;1;2;1;4;4;5;5;1;;;30000000;50000;;;;;;;;;;1;;;2
20230313;03;2023;7387000;1;1;01;;2;191.47574338;13;1;1;2;1;0;2;2;2;;2;1;3;2;2;1;4;4;5;5;3;;;;;50000;;;;;;;;;1;;;3
20230313;03;2023;7387001;1;1;01;;2;166.83412438;13;1;1;2;1;0;2;2;2;;2;1;3;2;2;1;4;4;5;5;4;;;;50000;;;;;;;;;;1;;;4
20230313;03;2023;7387005;1;1;01;;1;752.66191932;13;1;1;4;1;1;1;2;1;3;1;1;4;1;2;1;1;1;1;3;1;;;90000000;400000;;;1;;;;;;;;;;2
20230313;03;2023;7387006;1;1;01;;1;857.95308919;13;1;1;2;1;1;1;2;1;3;1;1;4;2;2;1;1;1;1;3;3;;;;;350000;;1;;;;;;;;;;2
20230313;03;2023;7387007;1;1;01;;1;752.66191932;13;1;1;2;1;1;1;2;1;3;1;1;2;1;2;1;1;1;1;3;4;;;;300000;;;;;;;;;;1;;;2
20230313;03;2023;7387008;1;1;01;;1;1315.4474425;13;1;1;2;1;2;1;2;1;3;1;1;3;2;2;1;1;1;1;3;4;;;;500000;;;;;;;;;;1;;;4
20230313;03;2023;7387009;1;1;01;;1;490.56008215;13;1;1;4;1;2;1;2;1;3;1;1;4;3;2;1;1;1;3;3;3;;;;;300000;;1;;;;;;;;;;3
20230313;03;2023;7387010;1;1;01;;1;645.14532244;13;1;1;4;1;1;1;2;1;3;1;1;5;4;2;1;1;1;3;3;5;;;;400000;;;1;;;;;;;;;;6
20230313;03;2023;7387011;1;1;01;;1;1400.7941812;13;1;1;4;1;1;1;2;1;3;1;1;4;3;2;1;1;1;1;3;4;;;;400000;;;;;;;;;;1;;;5
20230313;03;2023;7387012;1;1;01;;1;983.32801733;13;1;1;4;1;1;1;2;1;3;1;1;5;3;2;1;1;1;1;3;1;;;250000000;1000000;;;;;;;;;;1;;;4
20230313;03;2023;7387013;1;1;01;;1;490.56008215;13;1;1;4;1;1;1;2;1;3;1;1;2;2;2;1;1;1;1;3;1;;;60000000;400000;;;;;;;;;;1;;;7
20230313;03;2023;7387014;1;1;01;;1;1220.4138675;13;1;1;4;1;1;1;2;1;3;1;1;3;2;2;1;1;1;1;3;3;;;;;400000;;;;;;;;;1;;;3
20230313;03;2023;7387015;1;1;01;;2;160.14978395;13;1;1;2;1;0;2;2;2;;2;1;2;1;2;1;4;3;5;5;4;;;;150000;;;;;;;;;;1;;;1
20230313;03;2023;7387016;1;1;01;;2;126.11232849;13;1;8;1;1;0;2;2;2;;2;1;1;1;6;;4;3;4;5;4;;;;400000;;;;;;;;;;1;;;2
20230313;03;2023;7387017;1;1;01;;2;178.98961007;13;1;1;2;1;0;2;2;2;;2;1;2;2;2;1;4;3;5;5;4;;;;300000;;;;;;;;;;1;;;4
20230313;03;2023;7387018;1;1;01;;2;248.7089941;13;1;8;1;1;0;2;2;2;;2;1;1;1;6;;4;4;5;5;4;;;;50000;;;;;;;;;;1;;;3
20230313;03;2023;7387019;1;1;01;;2;252.57253543;13;1;1;4;1;1;2;2;1;2;1;1;3;2;2;1;1;1;1;4;4;;;;350000;;;;;;;;;;1;;;5
20230313;03;2023;7387020;1;1;01;;2;126.11232849;13;1;1;2;1;1;1;2;1;2;1;1;2;1;2;1;3;3;4;4;4;;;;150000;;;;;;;;;;1;;;2
20230313;03;2023;7387021;1;1;01;;2;164.66934383;13;1;1;2;1;1;1;2;1;2;1;1;3;2;2;1;1;1;3;3;4;;;;300000;;;;;;;;;;1;;;5
20230313;03;2023;7387022;1;1;01;;2;255.4087428;13;1;1;4;1;1;1;2;1;2;1;1;3;3;2;1;1;1;1;3;1;;;50000000;350000;;;;;;;;;;1;;;4
20230313;03;2023;7387023;1;1;01;;2;251.67766909;13;1;1;2;1;1;1;2;1;2;1;1;2;2;2;1;1;1;1;3;3;;;;;200000;;;;;;;;;1;;;4
20230313;03;2023;7387024;1;1;01;;2;214.14806441;13;1;5;1;1;0;2;2;2;;2;1;2;1;6;;4;10;1;4;5;;;;200000;;;;;;;;;;1;;;4
20230313;03;2023;7387025;1;1;01;;1;1623.4111265;13;1;1;2;1;2;1;2;1;3;1;1;3;1;2;1;1;1;3;3;2;;320000;62000000;500000;;;1;;;;;;;;;;2
20230313;03;2023;7387026;1;1;01;;1;1329.0510176;13;1;1;4;1;2;1;2;1;3;1;1;4;3;2;1;1;1;3;3;3;;;;;450000;;1;;;;;;;;;;4
20230313;03;2023;7387027;1;1;01;;1;919.80015404;13;1;1;4;1;2;1;2;1;3;1;1;4;3;2;1;1;1;3;3;1;;;70000000;400000;;;1;;;;;;;;;;5
20230313;03;2023;7387028;1;1;01;;1;1020.5620487;13;1;1;2;1;2;1;2;1;3;1;1;3;2;2;1;1;1;3;3;1;;;65000000;400000;;;1;;;;;;;;;;5
20230313;03;2023;7387029;1;1;01;;1;919.80015404;13;1;1;4;1;2;1;2;1;3;1;1;4;3;2;1;1;1;3;3;3;;;;;500000;;1;;;;;;;;;;7
20230313;03;2023;7387030;1;1;01;;1;919.80015404;13;1;1;2;1;1;1;2;1;3;1;1;4;3;2;1;1;1;1;3;4;;;;400000;;;;;;;;;;1;;;8
20230313;03;2023;7387031;1;1;01;;1;2258.7788368;13;1;1;4;1;1;1;2;1;3;1;1;3;3;2;1;1;1;1;3;2;;365000;70000000;450000;;;1;;1;;;;;;;;4
20230313;03;2023;7387032;1;1;01;;1;1411.2410987;13;1;1;2;1;1;1;2;1;3;1;1;4;3;2;1;1;1;1;3;2;;560000;80000000;550000;;;1;;;;;;;;;;2
20230313;03;2023;7387033;1;1;01;;1;2410.2396228;13;1;1;4;1;1;1;2;1;3;1;1;4;3;2;1;1;1;1;3;2;;360000;70000000;500000;;;;;;;;;;1;;;4
20230313;03;2023;7387034;1;1;01;;1;923.00035384;13;1;1;4;1;2;1;2;1;3;1;1;2;1;2;1;1;1;3;3;4;;;;400000;;;1;;;;;;;;;;3
20230313;03;2023;7387035;1;1;01;;1;2443.8162268;13;1;1;2;1;1;1;2;1;3;1;1;3;2;2;1;1;1;1;3;3;;;;;500000;;;;;;;;;1;;;4
20230313;03;2023;7387036;1;1;01;;1;1189.4697161;13;1;1;2;1;1;1;2;1;3;1;1;3;2;2;1;1;1;1;3;3;;;;;350000;;;;;;1;;;;;;4
20230313;03;2023;7387037;1;1;01;;2;983.61695291;13;1;1;4;1;1;1;2;2;;2;1;3;2;2;1;4;2;1;3;1;;;40000000;120000;;;;;;;;;;1;;;4
20230313;03;2023;7387038;1;1;01;;2;439.44914126;13;1;1;2;1;1;1;2;2;;2;1;3;2;2;1;3;2;1;3;1;;;3000000;200000;;;;;;;;;;1;;;4
20230313;03;2023;7387039;1;1;01;;2;1093.2612237;13;1;1;2;1;1;1;2;2;;2;1;2;1;2;1;4;2;1;3;4;;;;100000;;;;;;;;;;1;;;5
20230313;03;2023;7387040;1;1;01;;2;897.61267233;13;2;1;4;1;1;2;2;2;;2;1;2;1;2;1;4;2;1;4;1;;;98;120000;;;;;;;;;;1;;;1
20230313;03;2023;7387042;1;1;01;;2;493.3553843;13;2;1;4;1;1;1;2;2;;2;1;4;2;2;1;3;2;1;3;1;;;30000000;40000;;;;;;;;;;1;;;4
20230313;03;2023;7387043;1;1;01;;2;612.76217459;13;1;1;4;1;1;1;2;2;;2;1;3;1;2;1;4;10;1;3;4;;;;50000;;;;;;;;;;1;;;2
20230313;03;2023;7387044;1;1;01;;2;910.26610662;13;1;4;1;1;1;2;2;2;;2;1;3;1;2;1;3;2;5;5;3;;;;;60000;;;;;;;;;1;;;3
20230313;03;2023;7387045;1;1;01;;2;778.20588203;13;2;1;4;1;1;2;2;2;;2;1;2;1;2;1;4;2;5;5;4;;;;120000;;;;;;;;;;1;;;3
20230313;03;2023;7387046;1;1;01;;2;1397.6785758;13;1;1;4;1;1;1;2;2;;2;1;3;3;2;1;4;2;1;3;1;;;98;200000;;;;;;;;;;1;;;6
20230313;03;2023;7387047;1;1;01;;2;984.07205772;13;1;1;2;1;1;1;2;2;;2;1;3;2;2;1;3;10;1;3;1;;;40000000;150000;;;;;;;;;;1;;;2
20230313;03;2023;7387048;1;1;01;;2;1081.7683174;13;1;1;1;1;1;2;2;2;;2;1;2;1;6;;3;2;5;5;4;;;;70000;;;;;;;;;;1;;;2
20230313;03;2023;7387051;1;1;01;;2;946.77662236;13;1;1;4;1;1;1;2;2;;2;1;3;2;2;1;5;10;1;3;1;;;25000000;200000;;;;;;;;;;1;;;4
20230313;03;2023;7387052;1;1;01;;2;429.23031451;13;1;1;2;1;1;1;2;2;;2;1;4;3;2;1;3;10;1;3;1;;;35000000;100000;;;;;;;;;;1;;;6
20230313;03;2023;7387053;1;1;01;;2;538.9562235;13;1;1;2;1;1;1;2;2;;2;1;3;2;2;1;3;10;1;3;1;;;99;70000;;;;;;;;;;1;;;3
20230313;03;2023;7387054;1;1;01;;1;480.77421746;44;1;1;4;1;1;1;1;1;1;1;1;3;1;1;1;1;1;1;3;4;;;;250000;;;;;;;;;;1;;;4
20230313;03;2023;7387056;1;1;01;;1;769.42718654;44;1;1;4;1;1;1;1;1;1;1;1;2;1;1;1;1;1;1;3;4;;;;200000;;;;;;;;;;1;;;4
20230313;03;2023;7387057;1;1;01;;1;860.1259754;44;1;4;1;1;1;2;1;1;1;1;1;2;1;1;2;1;1;2;4;4;;;;98;;;;;;;;;;1;;;5
20230313;03;2023;7387058;1;1;01;;1;621.5325985;44;1;1;4;1;1;1;1;1;1;1;1;3;2;1;1;1;1;1;3;1;;;98;98;;;1;;;;;;;;;;2
20230313;03;2023;7387059;1;1;01;;2;1546.6054139;44;1;1;4;1;1;2;2;2;;1;1;3;1;2;1;4;2;1;5;4;;;;98;;;1;;;;;;;;;;4
20230313;03;2023;7387060;1;1;01;;2;1304.7673459;44;1;1;4;1;1;2;2;2;;1;1;3;2;2;1;4;2;1;4;4;;;;200000;;;1;;;;;;;;;;4
20230313;03;2023;7387062;1;1;01;;2;1694.0276527;44;1;4;2;1;1;2;2;2;;1;1;2;1;6;;4;2;5;5;4;;;;98;;;1;;;;;;;;;;4
20230313;03;2023;7387063;1;1;01;;2;1354.484502;44;1;4;2;1;1;2;2;2;;1;1;1;1;6;;4;2;5;5;1;;;98;98;;;;;;;;;;1;;;1
20230313;03;2023;7387064;1;1;01;;1;337.92673919;44;1;1;2;1;1;1;1;1;1;1;1;4;3;1;1;1;1;1;3;4;;;;300000;;;1;;;;;;;;;;4
20230313;03;2023;7387065;1;1;01;;1;457.32497455;44;1;1;2;1;1;1;1;1;1;1;1;3;2;1;1;1;1;1;3;4;;;;250000;;;;;;;;;;1;;;2
20230313;03;2023;7387067;1;1;01;;1;730.95510928;44;1;1;4;1;1;1;1;1;1;1;1;3;2;1;1;1;1;1;3;1;;;98;98;;;;;;;;;;1;;;3
20230313;03;2023;7387068;1;1;01;;1;796.16437605;44;1;1;4;1;1;1;1;1;1;1;1;3;1;1;1;1;1;1;3;1;;;98;600000;;;1;;;;;;;;;;1
20230313;03;2023;7387069;1;1;01;;1;715.02115698;44;1;1;4;1;1;1;1;1;1;1;1;3;2;1;1;1;1;1;3;4;;;;250000;;;;;;;;;;1;;;2
20230313;03;2023;7387070;1;1;01;;1;605.04104018;44;1;1;2;1;1;1;1;1;1;1;1;3;2;1;1;1;1;1;3;3;;;;;400000;;1;;;;;;;;;;3
20230313;03;2023;7387071;1;1;01;;2;1566.2941992;44;1;2;1;2;;2;2;2;;1;1;1;1;6;;4;2;5;5;4;;;;98;;;;;;;;;;1;;;2
20230313;03;2023;7387072;1;1;01;;2;1955.554506;44;1;1;2;2;;2;2;2;;1;1;2;1;2;1;4;2;1;5;4;;;;100000;;;;;;;;;;1;;;2
20230313;03;2023;7387073;1;1;01;;2;1005.9929717;44;1;5;1;2;;2;2;2;;1;1;3;1;2;1;4;2;1;5;4;;;;100000;;;;;;;;;;1;;;2
20230313;03;2023;7387074;1;1;01;;2;924.6492329;44;1;4;1;2;;2;2;2;;1;1;1;1;6;;4;2;5;5;1;;;10000000;150000;;;1;;;;;;;;;;2
20230313;03;2023;7387076;1;1;01;;2;1174.2101399;44;1;4;1;2;;2;2;2;;1;1;2;1;6;;4;2;1;5;1;;;98;200000;;;;;;;;;;1;;;1
20230313;03;2023;7387077;1;1;01;;2;1174.2101399;44;1;1;2;2;;2;2;2;;1;1;2;1;6;;3;2;1;5;4;;;;100000;;;;;;;;;;1;;;1
20230313;03;2023;7387078;1;1;01;;2;1734.5113674;44;1;4;1;2;;2;2;2;;1;1;1;1;6;;4;2;5;5;1;;;98;100000;;;;;;;;;;1;;;1
20230313;03;2023;7387079;1;1;01;;2;1174.2101399;44;1;4;1;2;;2;2;2;;1;1;1;1;6;;4;2;5;5;4;;;;100000;;1;;;;;;;;;;;1
20230313;03;2023;7387080;1;1;01;;2;1174.2101399;44;1;4;1;2;;2;2;2;;1;1;2;1;6;;4;2;5;5;4;;;;98;;;;;;;;;;1;;;1
20230313;03;2023;7387081;1;1;01;;2;755.39119202;47;1;1;4;1;3;1;2;1;3;1;1;3;1;2;1;1;1;1;3;4;;;;900000;;;1;;;;;;;;;;1
20230313;03;2023;7387082;1;1;01;;2;839.38106758;47;1;1;4;1;3;1;2;1;3;1;1;4;3;2;1;1;1;1;3;2;;713000;180000000;700000;;;1;;1;1;;1;;;;;4
20230313;03;2023;7387083;1;1;01;;2;883.64846508;47;2;1;4;1;3;1;2;1;3;1;1;4;2;2;1;1;1;1;3;3;;;;;670000;;1;;;;;;;;;;3
20230313;03;2023;7387084;1;1;01;;2;1115.8433784;47;1;1;4;1;3;1;2;1;3;1;1;3;1;2;1;1;1;1;3;3;;;;;650000;;1;;;;;;;;;;1
20230313;03;2023;7387086;1;1;01;;2;963.35875224;47;2;1;4;1;3;1;2;1;3;1;1;3;2;2;1;1;1;1;3;3;;;;;600000;;1;;;;;;;;;;3
20230313;03;2023;7387087;1;1;01;;2;1115.8433784;47;1;1;4;1;3;1;2;1;3;1;1;2;1;2;1;1;1;1;3;1;;;180000000;600000;;;1;;;;;;;;;;1
20230313;03;2023;7387088;1;1;01;;2;799.71729084;47;2;1;4;1;3;1;2;1;3;1;1;2;1;2;1;1;1;2;3;4;;;;600000;;;;;;;;;;1;;;2
20230313;03;2023;7387089;1;1;01;;2;1115.8433784;47;2;1;4;1;3;1;2;1;3;1;1;2;1;2;1;1;1;1;3;3;;;;;550000;;1;;;;;;;;;;1
20230313;03;2023;7387090;1;1;01;;2;954.85441492;47;1;1;4;1;3;1;2;1;3;1;1;4;3;2;1;1;1;1;3;3;;;;;600000;;1;;;;;;;;;;4
20230313;03;2023;7387091;1;1;01;;1;845.50475893;47;1;1;2;1;1;1;1;1;3;1;1;3;2;1;1;1;1;1;3;1;;;98;400000;;;;;;;;;;1;;;2
20230313;03;2023;7387092;1;1;01;;1;1289.5389955;47;2;1;4;1;1;1;1;1;3;1;1;3;2;1;1;1;1;1;3;1;;;98;400000;;;1;;;;;;;;;;5
20230313;03;2023;7387093;1;1;01;;1;859.42479839;47;1;1;4;1;1;1;1;1;3;1;1;4;2;1;1;1;1;1;3;1;;;60000000;500000;;;;;;;;;;1;;;3
20230313;03;2023;7387094;1;1;01;;1;631.29483999;47;2;1;2;1;1;1;1;1;3;1;1;3;2;1;1;1;1;1;3;3;;;;;350000;;1;;;;;;;;;;4
20230313;03;2023;7387095;1;1;01;;1;1280.9561383;47;1;1;2;1;1;1;1;1;3;1;1;3;1;1;1;1;1;1;3;3;;;;;150000;;;;;;;;;1;;;3
20230313;03;2023;7387096;1;1;01;;1;634.08805863;47;1;1;2;1;1;1;1;1;3;1;1;4;3;1;1;1;1;1;3;3;;;;;350000;;;;;;;;;1;;;4
20230313;03;2023;7387097;1;1;01;;1;1092.5732937;47;1;1;2;1;1;1;1;1;3;1;1;3;2;1;1;1;1;1;3;3;;;;;280000;;;;;;;;;1;;;4
20230313;03;2023;7387098;1;1;01;;1;590.88683155;47;1;1;4;1;1;1;1;1;3;1;1;3;2;1;1;1;1;1;3;1;;;45000000;250000;;;;;;;;;;1;;;4
20230313;03;2023;7387099;1;1;01;;1;870.13693062;47;1;1;4;1;1;1;1;1;3;1;1;3;1;1;1;1;1;1;3;3;;;;;300000;1;;;;;;;;;;;1
20230313;03;2023;7387100;1;1;01;;1;970.69676768;47;1;1;2;1;1;1;1;1;3;1;1;3;1;1;1;1;1;1;3;3;;;;;200000;;1;;;;;;;;;;2
20230313;03;2023;7387101;1;1;01;;1;830.91693575;47;1;1;2;1;1;1;1;1;3;1;1;3;2;1;1;1;1;1;3;4;;;;300000;;;;;;;;;;1;;;3
20230313;03;2023;7387102;1;1;01;;1;926.85217738;47;1;1;2;1;1;1;1;1;3;1;1;3;1;1;1;1;1;1;3;4;;;;250000;;;1;;;;;;;;;;2
20230313;03;2023;7387103;1;1;01;;1;905.33146142;47;1;1;2;1;1;1;1;1;3;1;1;3;2;1;1;1;1;1;3;3;;;;;200000;;;;;;;;;1;;;4
20230313;03;2023;7387104;1;1;01;;1;861.48687112;47;1;1;2;1;1;1;1;1;3;1;1;3;2;1;1;1;1;1;3;3;;;;;200000;;;;;;;;;1;;;4
20230313;03;2023;7387105;1;1;01;;1;1098.9757663;47;1;1;4;1;1;1;1;1;3;1;1;3;1;1;1;1;1;1;3;4;;;;400000;;;;;;;;;;1;;;2
20230313;03;2023;7387106;1;1;01;;1;1226.0179191;47;1;1;2;1;1;1;1;1;3;1;1;4;3;1;1;1;1;1;3;3;;;;;550000;;1;;;;;;;;;;4
20230313;03;2023;7387107;1;1;01;;1;858.67909773;47;1;1;4;1;2;1;1;1;3;1;1;4;2;1;1;1;1;1;3;1;;;98;600000;;;;;;;;;;1;;;4
20230313;03;2023;7387108;1;1;01;;1;618.54616465;47;1;1;2;1;2;1;1;1;3;1;1;4;3;1;1;1;1;1;3;4;;;;450000;;;;;;;;;;1;;;4
20230313;03;2023;7387109;1;1;01;;1;435.50017212;47;1;1;4;1;2;1;1;1;3;1;1;4;3;1;1;1;1;1;3;4;;;;600000;;;;;;;;;;1;;;5
20230313;03;2023;7387110;1;1;01;;1;939.49839941;47;1;1;4;1;2;1;1;1;3;1;1;4;3;1;1;1;1;1;3;1;;;800000000;450000;;;1;;;;;;;;;;4
20230313;03;2023;7387111;1;1;01;;1;785.50090701;47;1;1;2;1;2;1;1;1;3;1;1;2;1;1;1;1;1;1;3;1;;;5500000;350000;;;;;;;;;;1;;;1
20230313;03;2023;7387112;1;1;01;;1;435.50017212;47;1;1;4;1;2;1;1;1;3;1;1;4;3;1;1;1;1;1;3;1;;;180000000;600000;;;1;;;;;;;;;;6
20230313;03;2023;7387113;1;1;01;;1;618.54616465;47;1;1;4;1;2;1;1;1;3;1;1;5;2;1;1;1;1;1;3;4;;;;500000;;;1;;;;;;;;;;4
20230313;03;2023;7387114;1;1;01;;1;1083.4359922;47;1;1;2;1;2;1;1;1;3;1;1;3;2;1;1;1;1;1;3;4;;;;400000;;;;;;;;;;1;;;3
20230313;03;2023;7387115;1;1;01;;1;536.90050812;47;2;1;4;1;2;1;1;1;3;1;1;4;1;1;1;1;1;1;3;1;;;80000000;500000;;;;;;;;;;1;;;3
20230313;03;2023;7387116;1;1;01;;1;785.50090701;47;2;1;2;1;2;1;1;1;3;1;1;2;1;1;1;1;1;1;3;4;;;;300000;;;;;;;;;;1;;;1
20230313;03;2023;7387119;1;1;01;;1;805.71074849;47;1;1;2;1;1;1;1;1;3;1;1;3;2;1;1;1;1;1;3;4;;;;350000;;;;;;;;;;1;;;3
20230313;03;2023;7387120;1;1;01;;1;998.76631577;47;1;1;4;1;1;1;1;1;3;1;1;4;2;1;1;1;1;1;3;3;;;;;310000;;;;;;;;;1;;;5
20230313;03;2023;7387121;1;1;01;;1;449.1095525;47;1;1;2;1;1;1;1;1;3;1;1;4;3;1;1;1;1;1;3;1;;;80000000;400000;;;1;;;;;;;;;;9
20230313;03;2023;7387122;1;1;01;;1;449.1095525;47;1;1;4;1;1;1;1;1;3;1;1;4;3;1;1;1;1;1;3;4;;;;400000;;;1;;;;;;;;;;6
20230313;03;2023;7387123;1;1;01;;1;1222.8811959;47;2;1;2;1;1;1;1;1;3;1;1;3;2;1;1;1;1;1;3;3;;;;;250000;;;;;;;;;1;;;4
20230313;03;2023;7387124;1;1;01;;1;502.64548567;47;1;1;4;1;1;1;1;1;3;1;1;3;2;1;1;1;1;1;3;4;;;;200000;;;1;;;;;;;;;;3
20230313;03;2023;7387125;1;1;01;;1;1369.4357911;47;1;1;2;1;1;1;1;1;3;1;1;4;3;1;1;1;1;1;3;3;;;;;200000;;;;;;;;;1;;;6
20230313;03;2023;7387126;1;1;01;;1;1424.6956917;47;1;1;2;1;1;1;1;1;3;1;1;3;2;1;1;1;1;1;4;3;;;;;450000;;1;;;;;;;;;;1
20230313;03;2023;7387127;1;1;01;;1;1424.6956917;47;2;1;4;1;1;1;1;1;3;1;1;2;1;1;1;1;1;1;3;3;;;;;200000;;1;;;;;;;;;;1
20230313;03;2023;7387128;1;1;01;;1;1177.5194145;47;1;1;2;1;1;2;1;1;3;1;1;3;2;1;1;1;1;1;4;4;;;;200000;;;;;;;;;;1;;;5
20230313;03;2023;7387129;1;1;01;;1;981.2283628;47;1;1;2;1;1;1;1;1;3;1;1;3;1;1;1;1;1;1;3;4;;;;300000;;;;;;;;;;1;;;2
20230313;03;2023;7387130;1;1;01;;1;1130.5396402;47;1;1;2;1;1;1;1;1;3;1;1;3;1;1;1;1;1;1;3;3;;;;;250000;;;;;;;;;1;;;1
20230313;03;2023;7387131;1;1;01;;1;1009.7127355;47;1;1;2;1;1;1;1;1;3;1;1;3;2;1;1;1;1;1;3;3;;;;;300000;;;;;;;;;1;;;3
20230313;03;2023;7387133;1;1;01;;1;722.88745625;47;1;1;4;1;1;1;1;1;3;1;1;3;2;1;1;1;1;1;3;3;;;;;420000;;1;;;;;;;;;;4
20230313;03;2023;7387134;1;1;01;;1;449.1095525;47;1;2;2;1;1;1;1;1;3;1;1;4;3;1;1;1;1;1;3;1;;;98;400000;;;;;;;;;;1;;;5
20230313;03;2023;7387135;1;1;01;;1;449.1095525;47;1;1;4;1;1;1;1;1;3;1;1;3;2;1;1;1;1;1;3;4;;;;300000;;;;;;;;;;1;;;2
20230313;03;2023;7387139;1;1;01;;1;1266.2043971;47;1;1;2;1;1;1;1;1;3;1;1;2;1;1;1;1;1;1;3;4;;;;100000;;;;;;;;;;1;;;1
20230313;03;2023;7387140;1;1;01;;1;938.30858407;47;1;1;4;1;1;1;1;1;3;1;1;4;2;1;1;1;1;1;3;1;;;70000000;300000;;;1;;;;1;;;;;;3
20230313;03;2023;7387141;1;1;01;;2;1852.9309108;47;1;1;1;1;1;2;2;2;;2;1;2;1;2;1;4;3;5;5;4;;;;250000;;;;;;;;;;1;;;2
20230313;03;2023;7387142;1;1;01;;2;1044.8606772;47;1;1;2;1;1;2;2;2;;2;1;2;1;2;1;4;9;1;5;4;;;;100000;;;;;;;;;;1;;;1
20230313;03;2023;7387143;1;1;01;;2;576.35227288;47;1;1;4;1;1;2;2;2;;2;1;4;3;2;1;4;3;5;5;4;;;;400000;;;;;;;;;;1;;;5
20230313;03;2023;7387144;1;1;01;;2;1595.006723;47;1;1;2;1;1;2;2;2;;2;1;6;1;2;1;3;4;1;5;4;;;;150000;;;;;;;;;;1;;;2
20230313;03;2023;7387145;1;1;01;;2;662.37550261;47;1;1;2;1;1;2;2;2;;2;1;1;1;2;1;3;6;1;5;4;;;;200000;;;;;;;;;;1;;;2
20230313;03;2023;7387146;1;1;01;;2;1543.4398499;47;1;1;1;1;1;2;2;2;;2;1;2;1;6;;4;4;5;5;4;;;;150000;;;;;;;;;;1;;;1
20230313;03;2023;7387147;1;1;01;;2;822.79107539;47;1;1;1;1;1;2;2;2;;2;1;3;2;6;;4;6;1;5;5;;;;400000;;;;;;;;;;1;;;2
20230313;03;2023;7387148;1;1;01;;2;1044.8606772;47;1;7;1;1;1;2;2;2;;2;1;1;1;6;;4;6;5;5;4;;;;150000;;;;;;;;;;1;;;1
20230313;03;2023;7387149;1;1;01;;2;895.17409366;47;1;7;1;1;1;2;2;2;;2;1;1;1;6;;4;6;5;5;1;;;2000000;50000;;;;;;;;;;1;;;2
20230313;03;2023;7387152;1;1;01;;1;957.86089745;47;1;1;4;1;1;1;2;2;;1;1;3;2;2;1;4;1;1;3;1;;;25000000;150000;;;;;;;;;;1;;;5
20230313;03;2023;7387153;1;1;01;;1;721.34131398;47;1;1;4;1;1;1;2;1;1;1;1;4;3;2;1;1;1;1;3;4;;;;400000;;;1;;;;;;;;;;7
20230313;03;2023;7387154;1;1;01;;1;662.64092042;47;1;1;4;1;1;1;2;2;;1;1;2;1;2;1;4;1;6;;3;;;;;400000;;;;;;;;;1;;;2
20230313;03;2023;7387155;1;1;01;;1;1001.4510272;47;1;1;4;1;1;1;2;2;;1;1;6;1;2;1;4;1;1;3;1;;;40000000;400000;;;;;;;;;;1;;;1
20230313;03;2023;7387156;1;1;01;;1;899.38547077;47;1;1;2;1;1;1;2;1;1;1;1;3;2;2;1;1;1;1;3;4;;;;200000;;;;;;;;;;1;;;2
20230313;03;2023;7387157;1;1;01;;1;906.4399444;47;2;1;2;1;1;1;2;2;;1;1;4;3;2;1;5;1;1;3;4;;;;300000;;;;;;;;;;1;;;5
20230313;03;2023;7387158;1;1;01;;1;781.7913963;47;2;1;4;1;1;1;2;1;1;1;1;4;2;2;1;1;1;1;3;1;;;15000000;300000;;;;;;;;;;1;;;2
20230313;03;2023;7387159;1;1;01;;1;996.92372636;47;1;1;4;1;1;1;2;2;;1;1;3;2;2;1;3;1;1;3;3;;;;;300000;;;;;;;;;1;;;6
20230313;03;2023;7387160;1;1;01;;1;781.7913963;47;1;1;2;1;1;1;2;1;1;1;1;3;2;2;1;1;1;1;3;4;;;;300000;;;;;;;;;;1;;;2
20230313;03;2023;7387161;1;1;01;;1;653.98407842;47;1;1;4;1;1;1;2;2;;1;1;4;1;2;1;4;1;1;3;4;;;;300000;;;;;;;;;;1;;;2
20230313;03;2023;7387162;1;1;01;;1;881.69751132;47;1;1;2;1;1;1;2;2;;1;1;3;2;2;1;3;1;1;3;4;;;;150000;;;;;;;;;;1;;;7
20230313;03;2023;7387163;1;1;01;;1;1067.554257;47;1;1;2;1;1;1;2;2;;1;1;2;1;2;1;3;1;1;3;4;;;;450000;;;;;;;;;;1;;;3
20230313;03;2023;7387164;1;1;01;;1;758.78956274;47;1;1;4;1;1;1;2;2;;1;1;3;2;2;1;3;1;1;3;4;;;;200000;;;;;;;;;;1;;;7
20230313;03;2023;7387166;1;1;01;;1;858.06898218;47;1;1;1;1;1;2;2;2;;1;1;2;1;2;1;3;1;5;5;1;;;20000000;100000;;;;;;;;;;1;;;4
20230313;03;2023;7387167;1;1;01;;1;1116.9305797;47;1;1;2;1;1;1;2;2;;1;1;3;2;2;1;4;1;1;3;3;;;;;200000;;;;;;;;;1;;;4
20230313;03;2023;7387168;1;1;01;;1;879.51532084;47;1;1;4;1;1;1;2;2;;1;1;3;2;2;1;4;1;1;3;1;;;7000000;70000;;;;;;;;;;1;;;2
20230313;03;2023;7387169;1;1;01;;1;1599.8862046;47;1;1;2;1;1;1;2;2;;1;1;3;2;2;1;4;1;1;3;3;;;;;100000;;;;;;;;;1;;;4
20230313;03;2023;7387170;1;1;01;;2;1739.1991501;47;1;1;2;1;1;2;2;2;;1;1;4;3;2;1;4;1;1;1;3;;;;;200000;;;;;;;;;1;;;4
20230313;03;2023;7387171;1;1;01;;2;1032.53673;47;1;1;2;1;1;1;2;2;;1;1;3;2;2;1;3;2;1;3;4;;;;300000;;;;;;;;;;1;;;4
20230313;03;2023;7387173;1;1;01;;2;2738.2134568;47;2;1;2;1;1;1;2;2;;1;1;2;2;2;1;3;2;1;3;4;;;;150000;;;;;;;;;;1;;;3
20230313;03;2023;7387175;1;1;01;;2;972.59446049;47;1;5;1;1;1;2;2;2;;1;1;3;2;2;1;3;2;1;5;5;;;;150000;;;;;;;;;;1;;;4
20230313;03;2023;7387176;1;1;01;;2;2099.3625271;47;2;1;1;1;1;2;2;2;;1;1;2;2;2;1;4;1;5;1;1;;;10000000;200000;;;;;;;;;;1;;;3
20230313;03;2023;7387177;1;1;01;;2;2357.7077052;47;1;1;2;1;1;2;2;2;;1;1;3;2;2;1;3;2;1;1;5;;;;350000;;;;;;;;;;1;;;4
20230313;03;2023;7387178;1;1;01;;2;1129.4080456;47;1;1;2;1;1;2;2;2;;1;1;2;1;2;1;4;1;1;1;1;;;12000000;100000;;;;;;;;;;1;;;6
20230313;03;2023;7387179;1;1;01;;2;2041.9773371;47;1;1;4;1;1;2;2;2;;1;1;3;2;2;1;3;2;1;4;4;;;;350000;;;;;;;;;;1;;;5
20230313;03;2023;7387180;1;1;01;;2;2033.9036719;47;1;5;1;1;1;2;2;2;;1;1;3;2;2;1;4;1;6;;4;;;;100000;;;;;;;;;;1;;;1
20230313;03;2023;7387181;1;1;01;;2;55.964178601;25;1;1;2;1;2;1;1;1;1;1;1;4;3;1;1;1;1;1;3;4;;;;400000;;;1;;;;;;;;;;3
20230313;03;2023;7387183;1;1;01;;2;559.51842638;25;3;1;2;1;2;2;1;1;1;1;1;1;1;1;2;1;1;1;4;4;;;;350000;;;1;;;;;;;;;;2
20230313;03;2023;7387184;1;1;01;;2;809.27197019;25;1;1;4;1;2;2;1;1;1;1;1;3;1;1;1;1;1;1;4;4;;;;700000;;;1;;;;;;;;;;2
20230313;03;2023;7387185;1;1;01;;2;559.51842638;25;1;1;4;1;2;2;1;1;1;1;1;4;2;1;1;1;1;1;4;2;;250000;60000000;500000;;;;;;;;;;1;;;3
20230313;03;2023;7387186;1;1;01;;2;1323.3230469;25;1;1;4;1;2;2;1;1;1;1;1;2;1;1;1;1;1;1;4;3;;;;;2000000;;1;;;;1;;;;;;1
20230313;03;2023;7387187;1;1;01;;2;559.51842638;25;1;1;4;1;2;2;1;1;1;1;1;3;2;1;1;1;1;1;4;1;;;98;500000;;;;;;;;;;1;;;3
20230313;03;2023;7387188;1;1;01;;2;559.51842638;25;1;1;4;1;2;2;1;1;1;1;1;2;1;1;1;1;1;1;4;3;;;;;800000;;1;;;;1;;;;;;1
20230313;03;2023;7387189;1;1;01;;2;647.03653841;25;1;1;4;1;2;2;1;1;1;1;1;3;2;1;1;1;1;1;4;1;;;600000000;700000;;;;;;;;;;1;;;3
20230313;03;2023;7387190;1;1;01;;2;1909.0396904;25;1;1;4;1;2;2;2;1;1;1;1;4;3;2;1;1;1;1;4;1;;;98;1200000;;;1;;;;;;;;;;5
20230313;03;2023;7387191;1;1;01;;2;809.27197019;25;1;1;2;1;2;2;2;1;1;1;1;4;1;2;1;1;1;1;4;1;;;20000000;600000;;;;;;;;;;1;;;2
20230313;03;2023;7387192;1;1;01;;2;809.27197019;25;1;1;4;1;2;2;1;1;1;1;1;3;1;1;1;1;1;1;4;1;;;500000000;500000;;;;;;;;;;1;;;2
20230313;03;2023;7387193;1;1;01;;2;1323.3230469;25;3;1;4;1;2;2;1;1;1;1;1;1;1;1;2;1;1;1;4;3;;;;;1000000;;1;;;;1;1;;;;;1
20230313;03;2023;7387194;1;1;01;;2;559.51842638;25;1;1;4;1;2;2;2;1;1;1;1;5;1;2;1;1;5;1;4;3;;;;;880000;;1;;;;;;;;;;2
20230313;03;2023;7387195;1;1;01;;2;1075.5699367;25;1;1;2;1;2;2;1;1;1;1;1;3;2;1;1;1;1;1;4;3;;;;;500000;;1;;;;;;;;;;4
20230313;03;2023;7387198;1;1;01;;2;789.4074086;25;1;1;2;1;2;2;2;1;1;1;1;4;2;2;1;1;1;1;4;4;;;;600000;;;;;;;;;;1;;;3
20230313;03;2023;7387199;1;1;01;;1;1298.1681866;25;1;1;4;1;1;1;1;1;2;1;1;2;1;1;1;1;1;1;3;1;;;80000000;350000;;;1;;;;;;;;;;2
20230313;03;2023;7387200;1;1;01;;1;1256.2389024;25;1;8;1;1;1;1;1;1;2;1;1;2;1;1;1;1;1;5;3;3;;;;;250000;;;;;;;;;1;;;1
20230313;03;2023;7387201;1;1;01;;1;1256.2389024;25;1;1;2;1;1;1;1;1;2;1;1;1;1;1;1;1;1;1;3;3;;;;;200000;;;;;;;;;1;;;1
20230313;03;2023;7387202;1;1;01;;1;1227.2448406;25;2;1;4;1;2;1;1;1;2;1;1;1;1;1;1;1;1;2;3;3;;;;;200000;;1;;;;;;;;;;1
20230313;03;2023;7387203;1;1;01;;1;1474.0123139;25;2;1;4;1;2;1;1;1;2;1;1;1;1;1;1;1;1;6;;6;;;;400000;;;1;;;;;;;;;;1
20230313;03;2023;7387204;1;1;01;;1;1256.2389024;25;2;1;2;1;2;1;1;1;2;1;1;3;1;1;1;1;1;1;3;4;;;;500000;;;1;;;;1;;;;;;1
20230313;03;2023;7387205;1;1;01;;2;1936.9373072;25;1;1;2;1;2;2;2;2;;1;1;3;2;2;1;4;2;1;4;4;;;;100000;;;1;;;;1;;;;;;2
20230313;03;2023;7387206;1;1;01;;2;1936.9373072;25;1;1;1;1;2;2;2;2;;1;1;1;1;2;1;4;2;1;4;4;;;;500000;;;1;;;;;;;;;;1
20230313;03;2023;7387207;1;1;01;;2;4581.0712538;25;1;1;4;1;2;2;2;2;;1;1;4;1;2;1;5;2;1;4;1;;;200000000;250000;;;1;;;;;;;;;;1
20230313;03;2023;7387208;1;1;01;;2;1936.9373072;25;1;1;2;1;2;2;2;2;;1;1;3;1;2;1;5;2;1;4;1;;;350000000;100000;;;1;;;;1;;;;;;2
20230313;03;2023;7387209;1;1;01;;2;3363.158106;25;1;1;2;1;2;2;2;2;;1;1;3;1;2;1;4;2;1;4;6;;;;200000;;;;;;;;;;1;;;1
20230313;03;2023;7387210;1;1;01;;1;6361.7597061;25;1;1;4;1;2;1;1;1;3;1;1;5;3;1;1;1;1;1;3;1;;;99;450000;;;1;;;;;;;;;;3
20230313;03;2023;7387211;1;1;01;;1;5372.3100444;25;1;4;2;1;2;1;1;1;3;1;1;3;2;1;1;1;1;1;3;3;;;;;350000;;;;;;;;;1;;;1
20230313;03;2023;7387212;1;1;01;;1;6290.0443462;25;1;1;4;1;2;1;1;1;2;1;1;3;1;1;1;1;1;1;3;1;;;100000000;400000;;;1;;;;;;;;;;1
20230313;03;2023;7387213;1;1;01;;1;4472.920424;25;1;1;4;1;2;1;1;1;3;1;1;3;1;1;1;1;1;1;4;4;;;;400000;;;;;;;;;;1;;;1
20230313;03;2023;7387214;1;1;01;;1;3913.805371;25;1;1;4;1;2;1;1;1;2;1;1;3;1;1;1;1;1;1;3;1;;;99;99;;;1;;;;;;;;;;1
20230313;03;2023;7387215;1;1;01;;1;5961.9023536;25;1;1;4;1;2;1;1;1;3;1;1;3;2;1;1;1;1;1;3;3;;;;;500000;;1;;;;;;;;;;4
20230313;03;2023;7387216;1;1;01;;1;4472.920424;25;1;4;4;1;2;1;1;1;3;1;1;3;1;1;1;1;1;1;3;1;;;65000000;300000;;;;;;;;;;1;;;1
20230313;03;2023;7387217;1;1;01;;1;6480.1525285;25;1;1;4;1;2;1;1;1;2;1;1;2;1;1;1;1;1;1;3;3;;;;;300000;;1;;;;;1;;;;;3
20230313;03;2023;7387218;1;1;01;;1;7147.3953737;25;1;4;4;1;2;1;1;1;3;1;1;2;1;1;1;1;1;1;3;3;;;;;400000;;;;;;;;;1;;;2
20230313;03;2023;7387220;1;1;01;;1;3913.805371;25;1;1;2;1;2;1;1;1;2;1;1;3;1;1;1;1;1;1;3;4;;;;400000;;;1;;;;;;;;;;1
20230313;03;2023;7387221;1;1;01;;1;4700.7712889;25;2;1;4;1;2;1;1;1;2;1;1;2;1;1;1;1;1;1;3;3;;;;;300000;;1;;;;;;;;;;1
20230313;03;2023;7387222;1;1;01;;1;6444.1479374;25;1;1;4;1;2;1;1;1;2;1;1;5;3;1;1;1;1;1;4;4;;;;200000;;;;;;;;;;1;;;3
20230313;03;2023;7387223;1;1;01;;1;4139.9869475;25;1;1;2;1;2;1;1;1;3;1;1;3;1;1;1;1;1;1;3;4;;;;200000;;;;;;;;;;1;;;2
20230313;03;2023;7387224;1;1;01;;1;6438.6487069;25;1;1;2;1;2;2;1;1;2;1;1;2;1;1;1;1;1;1;4;1;;;99;200000;;;;;;;;;;1;;;1
20230313;03;2023;7387225;1;1;01;;1;4816.7869087;25;1;1;4;1;2;1;1;1;2;1;1;2;2;1;1;1;1;1;3;3;;;;;250000;;;;;;;;;1;;;3
20230313;03;2023;7387226;1;1;01;;1;5372.3100444;25;1;1;2;1;2;1;1;1;3;1;1;2;1;1;1;1;1;1;3;6;;;;400000;;;1;;;;;;;;;;1
20230313;03;2023;7387227;1;1;01;;1;7554.811;25;1;1;4;1;2;1;1;1;2;1;1;3;1;1;1;1;1;6;;3;;;;;380000;;;;;;;;;1;;;1
20230313;03;2023;7387228;1;1;01;;2;1161.8049692;25;1;1;2;1;1;2;2;2;;2;1;3;1;2;1;4;6;1;4;1;;;99;99;;;;;;;;;;1;;;1
20230313;03;2023;7387229;1;1;01;;2;783.71349213;25;1;4;1;1;1;2;2;2;;2;1;2;2;2;1;4;6;1;5;1;;;50000000;200000;;;;;;;;;;1;;;3
20230313;03;2023;7387230;1;1;01;;2;1461.5593963;25;1;4;2;1;1;2;2;2;;2;1;2;2;2;1;3;6;1;5;4;;;;180000;;;;;;;;;;1;;;4
20230313;03;2023;7387231;1;1;01;;2;1765.455902;25;1;4;2;1;1;2;2;2;;2;1;3;2;2;1;4;6;5;5;4;;;;99;;;;;;;;;;1;;;4
20230313;03;2023;7387232;1;1;01;;2;933.07073723;25;1;1;2;1;1;2;2;2;;2;1;3;1;2;1;4;6;1;4;6;;;;100000;;;1;;;;;;;;;;1
20230313;03;2023;7387233;1;1;01;;2;1608.7327343;25;1;1;2;1;1;2;2;2;;2;1;3;2;2;1;4;6;1;5;1;;;99;99;;;;;;;;;;1;;;4
20230313;03;2023;7387234;1;1;01;;2;1461.5593963;25;1;4;2;1;1;2;2;2;;2;1;3;3;2;1;5;6;1;5;4;;;;220000;;;;;;;;;;1;;;4
20230313;03;2023;7387235;1;1;01;;2;933.07073723;25;1;4;2;1;1;2;2;2;;2;1;1;1;6;;4;5;1;5;4;;;;50000;;;;;;;;;;1;;;1
20230313;03;2023;7387236;1;1;01;;2;967.79107854;25;1;4;1;1;1;2;2;2;;2;1;2;1;2;1;3;5;1;5;4;;;;50000;;;;;;;;;;1;;;2
20230313;03;2023;7387238;1;1;01;;2;1351.6156519;25;1;1;2;1;1;2;2;2;;2;1;1;1;6;;4;5;5;5;4;;;;100000;;;;;;;;;;1;;;3
20230313;03;2023;7387239;1;1;01;;2;739.05684662;25;1;1;2;1;1;2;2;2;;2;1;2;2;2;1;4;6;1;5;1;;;50000000;160000;;;;;;;;;;1;;;2
20230313;03;2023;7387240;1;1;01;;2;1161.8049692;25;1;1;2;1;1;2;2;2;;2;1;3;1;2;1;4;6;1;4;1;;;99;300000;;;1;;;;;;;;;;1
20230313;03;2023;7387241;1;1;01;;2;933.07073723;25;1;4;2;1;1;2;2;2;;2;1;1;1;2;1;4;5;1;5;1;;;35000000;80000;;;;;;;;;;1;;;1
20230313;03;2023;7387242;1;1;01;;1;8786.2580905;25;1;1;4;1;2;1;1;1;2;1;1;4;2;1;1;1;1;1;3;3;;;;;450000;;;;;;;;;1;;;2
20230313;03;2023;7387243;1;1;01;;1;7554.811;25;4;5;2;1;2;1;1;1;3;1;1;1;1;1;1;1;1;2;3;4;;;;98;;;;;;;;;;1;;;1
20230313;03;2023;7387247;1;1;01;;1;6653.5504513;25;1;1;2;1;2;1;1;1;2;1;1;3;1;1;1;1;1;1;3;1;;;100000000;300000;;;;;;;;;;1;;;2
20230313;03;2023;7387251;1;1;01;;1;952.84252723;41;1;1;2;1;1;1;1;1;3;1;1;3;1;1;1;1;1;1;3;3;;;;;220000;;;;;;;;;1;;;2
20230313;03;2023;7387252;1;1;01;;1;603.5809678;41;1;1;4;1;1;1;1;1;3;1;1;3;1;1;1;1;1;1;3;1;;;95000000;480000;;;;;;;;;;1;;;1
20230313;03;2023;7387253;1;1;01;;1;1053.6850453;41;1;1;2;1;2;1;1;1;3;1;1;3;1;1;1;1;1;1;3;3;;;;;310000;;;;;;;;;1;;;2
20230313;03;2023;7387254;1;1;01;;1;693.76765804;41;1;1;2;1;2;1;1;1;3;1;1;3;2;1;1;1;1;1;3;4;;;;250000;;;;;;;;;;1;;;3
20230313;03;2023;7387255;1;1;01;;1;696.08648054;41;1;1;2;1;1;2;2;2;;1;1;3;2;2;1;4;1;1;1;3;;;;;200000;;1;;;;;;;;;;2
20230313;03;2023;7387256;1;1;01;;1;546.86519798;41;1;1;2;1;1;1;1;1;3;1;1;3;1;1;1;1;1;1;3;3;;;;;290000;;;;;;;;;1;;;2
20230313;03;2023;7387257;1;1;01;;1;1125.8532514;41;1;1;4;1;1;1;1;1;3;1;1;3;2;1;1;1;1;1;3;1;;;80000000;400000;;;;;;;;;;1;;;4
20230313;03;2023;7387258;1;1;01;;1;648.3957002;41;1;1;2;1;1;1;1;1;3;1;1;3;1;1;1;1;1;1;3;4;;;;250000;;;1;;;;;;;;;;1
20230313;03;2023;7387259;1;1;01;;1;603.5809678;41;1;4;1;1;1;1;1;1;3;1;1;2;1;1;1;1;1;1;3;1;;;70000000;200000;;;;;;;;;;1;;;1
20230313;03;2023;7387260;1;1;01;;1;702.58195283;41;1;1;2;1;1;1;1;1;3;1;1;4;1;1;1;1;1;1;3;1;;;98;300000;;;;;;;;;;1;;;1
20230313;03;2023;7387261;1;1;01;;1;2132.9524686;41;1;1;4;1;1;1;1;1;3;1;1;3;2;1;1;1;1;1;3;3;;;;;380000;;;;;;;;;1;;;5
20230313;03;2023;7387262;1;1;01;;1;1531.8305806;41;1;4;1;1;1;2;2;1;3;1;1;3;2;2;1;1;1;1;4;1;;;20000000;100000;;;;;;;;;;1;;;4
20230313;03;2023;7387263;1;1;01;;1;1479.2751663;41;1;1;1;1;1;2;2;2;;1;1;3;2;2;1;4;1;1;4;5;;;;60000000;;;;;;;;;;1;;;4
20230313;03;2023;7387264;1;1;01;;1;1011.1891354;41;1;1;2;1;1;2;2;2;;1;1;3;1;2;1;4;1;1;4;5;;;;200000;;;1;;;;;;;;;;1
20230313;03;2023;7387265;1;1;01;;1;1247.2298499;41;1;1;2;1;1;2;2;1;3;1;1;3;2;2;1;1;1;1;4;1;;;30000000;200000;;;;;;;;;;1;;;4
20230313;03;2023;7387266;1;1;01;;1;603.5809678;41;1;1;1;1;1;2;2;2;;1;1;3;1;2;1;4;1;1;5;5;;;;180000;;;;;;;;;;1;;;1
20230313;03;2023;7387267;1;1;01;;1;693.55696335;41;1;1;1;1;1;2;2;2;;1;1;3;2;2;1;4;1;1;4;5;;;;50000000;;;;;;;;;;1;;;3
20230313;03;2023;7387268;1;1;01;;1;1637.5377326;41;1;1;1;1;1;2;2;2;;1;1;3;2;2;1;4;1;1;4;5;;;;68000000;;;;;;;;;;1;;;3
20230313;03;2023;7387269;1;1;01;;1;1528.2665485;41;1;4;2;1;1;2;2;1;3;1;1;3;2;2;1;1;1;1;4;1;;;20000000;100000;;;;;;;;;;1;;;4
20230313;03;2023;7387270;1;1;01;;1;990.47380319;41;1;4;2;1;1;2;1;1;3;1;1;3;2;1;1;1;1;1;4;1;;;25000000;100000;;;;;;;;;;1;;;4
20230313;03;2023;7387271;1;1;01;;2;624.50792053;41;1;1;2;1;1;2;2;2;;1;1;3;1;2;1;4;1;1;4;1;;;30000000;100000;;;;;;;;;;1;;;2
20230313;03;2023;7387272;1;1;01;;2;1057.8399583;41;1;1;2;1;1;2;2;2;;1;1;3;1;2;1;4;1;1;5;3;;;;;150000;;;;;;;;;1;;;1
20230313;03;2023;7387273;1;1;01;;2;844.37545642;41;1;4;2;1;1;2;2;2;;1;1;3;1;4;1;3;1;1;5;1;;;98;150000;;;;;;;;;;1;;;1
20230313;03;2023;7387274;1;1;01;;2;810.44111364;41;1;1;2;1;1;2;2;2;;1;1;3;1;2;1;4;1;1;4;4;;;;100000;;;;;;;;;;1;;;2
20230313;03;2023;7387275;1;1;01;;2;1003.2732631;41;1;1;2;1;1;2;2;2;;1;1;3;2;2;1;4;1;1;5;2;;380000;98;150000;;;;;1;;;;;;;;2
20230313;03;2023;7387276;1;1;01;;2;1057.8399583;41;1;1;2;1;1;2;2;2;;1;1;3;1;2;1;4;1;1;4;1;;;30000000;100000;;;;;;;;;;1;;;1
20230313;03;2023;7387277;1;1;01;;2;810.44111364;41;1;1;4;1;1;2;2;2;;1;1;3;1;2;1;4;1;1;4;4;;;;400000;;;;;;;;;;1;;;2
20230313;03;2023;7387278;1;1;01;;2;844.37545642;41;1;1;4;1;1;2;2;2;;1;1;3;1;2;1;3;1;1;4;1;;;160000000;600000;;;1;;;;;;;;;;1
20230313;03;2023;7387279;1;1;01;;2;844.37545642;41;1;1;4;1;1;2;2;2;;1;1;3;1;2;1;4;1;1;4;4;;;;500000;;;1;;;;;;;;;;1
20230313;03;2023;7387280;1;1;01;;2;1123.5283506;41;1;1;2;1;1;2;2;2;;1;1;2;1;2;1;4;1;1;4;5;;;;600000;;;;;;;;;;1;;;2
20230313;03;2023;7387281;1;1;01;;2;1430.9989718;41;1;1;4;1;2;1;1;1;3;1;1;3;2;1;1;1;1;1;3;1;;;135000000;600000;;;1;;;;;;;;;;4
20230313;03;2023;7387282;1;1;01;;2;678.7001771;41;1;1;4;1;2;1;1;1;3;1;1;3;1;1;1;1;1;1;3;1;;;130000000;450000;;;1;;;;;;;;;;1
20230313;03;2023;7387283;1;1;01;;2;1070.7828311;41;1;1;4;1;2;1;1;1;3;1;1;4;2;1;1;1;1;1;3;4;;;;400000;;;1;;;;;;;;;;3
20230313;03;2023;7387284;1;1;01;;2;562.05712847;41;1;1;4;1;2;1;1;1;3;1;1;2;1;1;1;1;1;1;3;4;;;;490000;;;1;;;;;;;;;;1
20230313;03;2023;7387285;1;1;01;;2;710.82788511;41;1;1;2;1;2;1;1;1;3;1;1;3;2;1;1;1;1;1;3;1;;;120000000;500000;;;;;;;;;;1;;;2
20230313;03;2023;7387286;1;1;01;;2;1412.1686599;41;1;1;4;1;2;1;1;1;3;1;1;3;2;1;1;1;1;1;3;4;;;;500000;;;1;;;;;;;;;;4
20230313;03;2023;7387288;1;1;01;;2;759.93791078;41;1;1;4;1;2;1;1;1;3;1;1;3;1;1;1;1;1;1;3;3;;;;;420000;;1;;;;;;;;;;1
20230313;03;2023;7387289;1;1;01;;2;1701.718504;41;1;1;2;1;2;1;1;1;3;1;1;4;3;1;1;1;1;1;3;1;;;130000000;600000;;;;;;;;;;1;;;5
20230313;03;2023;7387290;1;1;01;;2;562.05712847;41;1;1;4;1;2;1;1;1;3;1;1;4;2;1;1;1;1;1;3;1;;;98;400000;;;1;;;;;;;;;;2
20230313;03;2023;7387291;1;1;01;;2;729.39700228;41;1;1;2;1;2;1;1;1;3;1;1;3;1;1;1;1;1;1;3;1;;;120000000;500000;;;;;;;;;;1;;;2
20230313;03;2023;7387292;1;1;01;;1;493.83897366;41;1;1;2;1;2;1;1;1;3;1;1;3;1;1;1;1;1;1;3;4;;;;200000;;;;;;;;;;1;;;1
20230313;03;2023;7387294;1;1;01;;1;779.59843137;41;1;1;4;1;1;1;1;1;3;1;1;2;1;1;1;1;1;1;3;3;;;;;350000;;1;;;;;;;;;;2
20230313;03;2023;7387297;1;1;01;;1;862.10594616;41;1;1;2;1;1;1;1;1;3;1;1;4;1;1;1;1;1;1;3;1;;;98;350000;;;1;;;;;;;;;;2
20230313;03;2023;7387298;1;1;01;;1;482.2045428;41;1;1;4;1;2;1;1;1;3;1;1;3;2;1;1;1;1;1;3;1;;;96000000;400000;;;;;;;;;;1;;;3
20230313;03;2023;7387299;1;1;01;;1;1296.803715;41;2;1;2;1;2;1;1;1;3;1;1;3;2;1;1;1;1;1;3;3;;;;;200000;;;;;;;;;1;;;3
20230313;03;2023;7387300;1;1;01;;1;1171.2963158;41;1;1;2;1;2;1;1;1;3;1;1;2;1;1;1;1;1;1;3;3;;;;;290000;;1;;;;;;;;;;3
20230313;03;2023;7387301;1;1;01;;1;827.33656534;41;2;1;4;1;1;1;1;1;3;1;1;3;1;1;1;1;1;1;3;3;;;;;300000;;1;;;;;;;;;;1
20230313;03;2023;7387302;1;1;01;;1;1129.7304703;41;2;1;2;1;2;1;1;1;3;1;1;3;2;1;1;1;1;1;3;4;;;;200000;;;;;;;;;;1;;;3
20230313;03;2023;7387303;1;1;01;;1;901.12567554;41;1;1;4;1;1;1;1;1;3;1;1;4;2;1;1;1;1;1;3;1;;;57000000;300000;;;;;;;;;;1;;;3
20230313;03;2023;7387305;1;1;01;;1;1335.8234444;41;1;1;2;1;2;1;1;1;3;1;1;3;2;1;1;1;1;1;3;3;;;;;400000;;;;;;;;;1;;;4
20230313;03;2023;7387306;1;1;01;;1;814.63800571;41;1;1;4;1;2;1;1;1;3;1;1;3;2;1;1;1;1;1;3;1;;;84000000;300000;;;;;;;;;;1;;;4
20230313;03;2023;7387308;1;1;01;;1;1243.6714755;15;1;1;4;1;1;1;1;1;3;1;1;3;1;1;1;1;1;1;3;4;;;;250000;;;1;;;;;;;;;;2
20230313;03;2023;7387309;1;1;01;;1;1308.6047263;15;1;1;4;1;1;1;1;1;3;1;1;3;2;1;1;1;1;1;3;1;;;100000000;200000;;;;;;;;;;1;;;2
20230313;03;2023;7387310;1;1;01;;1;1175.7254702;15;2;1;4;1;1;1;1;1;3;1;1;3;1;1;1;1;1;3;3;2;;350000;99;500000;;;1;;;;1;;;;;;1
20230313;03;2023;7387311;1;1;01;;1;1175.7254702;15;2;1;4;1;1;1;1;1;3;1;1;3;1;1;1;1;1;1;3;1;;;98;500000;;;;;;;;;;1;;;1
20230313;03;2023;7387312;1;1;01;;1;1908.6228676;15;2;1;4;1;2;1;1;1;3;1;1;3;2;1;1;1;1;1;3;3;;;;;400000;;;;;;;;1;;;AHORRO A LA MANO;3
20230313;03;2023;7387313;1;1;01;;1;2985.4960892;15;1;1;4;1;1;2;1;1;3;1;1;4;4;1;1;1;1;1;4;5;;;;400000;;;1;;;;1;;1;;;NEQUI DAVIPLATA;7
20230313;03;2023;7387314;1;1;01;;1;1452.3028244;15;1;1;2;1;1;1;1;1;3;1;1;3;1;1;1;1;1;1;3;1;;;150000000;300000;;;;;;;;;;1;;;2
20230313;03;2023;7387315;1;1;01;;1;1670.0908259;15;1;1;4;1;1;2;1;1;3;1;1;3;1;1;1;1;1;1;4;3;;;;;300000;;;;;;;;;1;;;2
20230313;03;2023;7387316;1;1;01;;1;1978.5041673;15;1;1;4;1;1;1;1;1;3;1;1;4;3;1;1;1;1;1;3;3;;;;;300000;;;;;;;;;1;;;5
20230313;03;2023;7387317;1;1;01;;1;1175.7254702;15;1;1;4;1;1;1;1;1;3;1;1;2;1;1;1;1;1;1;3;1;;;60000000;400000;;;;;;;;;;1;;;1
20230313;03;2023;7387318;1;1;01;;1;1412.133719;15;1;1;4;1;1;1;1;1;3;1;1;2;1;1;1;1;1;6;;6;;;;400000;;;1;;;;1;;;;;;1
20230313;03;2023;7387319;1;1;01;;1;2212.4295864;15;1;1;4;1;1;1;1;1;3;1;1;3;2;1;1;1;1;1;3;3;;;;;300000;;;;;;;;1;;;AHORRO A LA MANO;4
20230313;03;2023;7387320;1;1;01;;1;1476.3374063;15;1;1;3;1;1;1;1;1;3;1;1;3;3;1;1;1;1;1;3;3;;;;;350000;;;;;;;;;1;;;3
20230313;03;2023;7387321;1;1;01;;1;1175.7254702;15;1;1;4;1;1;1;1;1;3;1;1;3;1;1;1;1;1;1;3;3;;;;;250000;;;;;;;;;1;;;1
20230313;03;2023;7387322;1;1;01;;1;1175.7254702;15;1;1;4;1;1;1;1;1;3;1;1;3;1;1;1;1;1;1;3;1;;;99;500000;;;1;;;;;;;;;;1
20230313;03;2023;7387323;1;1;01;;1;1175.7254702;15;1;1;4;1;1;1;1;1;3;1;1;2;1;1;1;1;1;1;3;1;;;98;300000;;;;;;;;;;1;;;1
20230313;03;2023;7387324;1;1;01;;1;1412.133719;15;1;1;4;1;2;1;1;1;3;1;1;3;1;1;1;1;1;1;3;1;;;130000000;300000;;;;;;;;;;1;;;1
20230313;03;2023;7387325;1;1;01;;2;183.34663814;15;1;1;4;1;2;2;2;2;;1;1;2;2;2;1;4;1;1;6;3;;;;;250000;;;;;;;;;1;;;5
20230313;03;2023;7387326;1;1;01;;2;156.1542991;15;1;1;4;1;2;2;2;2;;1;1;3;3;2;1;4;1;1;5;4;;;;500000;;;;;;;;;;1;;;4
20230313;03;2023;7387327;1;1;01;;2;156.1542991;15;1;1;4;1;2;2;2;2;;1;1;3;2;3;1;4;1;1;5;3;;;;;150000;;;;;;;;;1;;;4
20230313;03;2023;7387328;1;1;01;;2;64.948863464;15;1;1;4;1;2;2;2;2;;1;1;2;2;2;2;5;1;1;5;3;;;;;300000;;;;;;;;;1;;;2
20230313;03;2023;7387329;1;1;01;;2;150.12891002;15;1;1;4;1;2;2;2;2;;1;1;2;1;2;1;4;1;1;5;3;;;;;200000;;;;;;;;;1;;;4
20230313;03;2023;7387330;1;1;01;;2;64.948863464;15;1;3;2;1;2;2;2;2;;1;1;2;1;2;1;4;1;1;6;4;;;;100000;;;;;;;;;;1;;;2
20230313;03;2023;7387331;1;1;01;;2;90.570051739;15;1;3;2;1;2;2;2;2;;1;1;1;1;6;;4;1;1;5;4;;;;100000;;;;;;;;;;1;;;1
20230313;03;2023;7387332;1;1;01;;2;259.79545385;15;1;1;2;1;2;2;2;2;;1;2;2;2;2;1;4;1;1;6;3;;;;;190000;;;;;;;;;1;;;3
20230313;03;2023;7387332;2;2;01;;2;259.79545385;15;1;1;2;1;2;2;2;2;;1;2;2;2;2;1;4;1;1;5;3;;;;;190000;;;;;;;;;1;;;8
20230313;03;2023;7387333;1;1;01;;2;150.12891002;15;1;1;4;1;0;2;2;2;;2;1;3;2;3;1;4;2;3;5;4;;;;400000;;;;;;;;;;1;;;4
20230313;03;2023;7387334;1;1;01;;2;112.77251763;15;1;1;4;1;1;2;2;2;;1;1;2;1;2;1;4;1;1;4;1;;;50000000;150000;;;;;;;;;;1;;;1
20230313;03;2023;7387335;1;1;01;;2;133.3156698;15;1;3;2;1;1;2;2;2;;1;1;2;2;2;1;4;1;1;4;3;;;;;200000;;;;1;;;;;;;;4
20230313;03;2023;7387336;1;1;01;;2;64.948863464;15;1;1;2;1;2;2;2;1;1;1;1;4;2;2;1;4;1;1;5;1;;;50000000;200000;;;;;;;;;;1;;;4
20230313;03;2023;7387337;1;1;01;;2;162.94619951;15;1;1;2;1;1;2;2;1;1;1;1;3;3;2;1;1;1;1;6;3;;;;;340000;;;;;;;;;1;;;5
20230313;03;2023;7387338;1;1;01;;2;153.61125539;15;1;1;2;1;2;2;2;2;;1;1;3;1;2;1;4;1;1;4;1;;;150000000;400000;;;1;;;;;;1;;;CREDITO AGRARIO;1
20230313;03;2023;7387339;1;1;01;;2;97.659751021;15;1;1;4;1;1;2;2;2;;1;1;2;2;2;1;4;1;1;4;4;;;;400000;;;;;;;;;;1;;;3
20230313;03;2023;7387340;1;1;01;;2;116.9111819;15;1;1;4;1;2;2;2;1;1;1;1;3;2;2;1;1;1;1;4;2;;1000000;120000000;600000;;;1;;1;;;;1;;;DAVIPLATA NEQUI;3
20230313;03;2023;7387341;1;1;01;;2;153.61125539;15;1;1;4;1;2;2;2;1;1;1;1;1;1;2;1;5;1;3;4;4;;;;500000;;;;;;;;;;1;;;1
20230313;03;2023;7387342;1;1;01;;2;116.9111819;15;1;1;4;1;2;2;2;1;1;1;1;2;1;2;1;1;1;3;4;3;;;;;500000;;1;;;;;;;;;;3
20230313;03;2023;7387343;1;1;01;;2;183.34663814;15;1;1;4;1;2;2;2;1;1;1;1;4;3;2;1;5;1;1;4;3;;;;;400000;;;;;;;;1;;;DAVIPLATA;5
20230313;03;2023;7387345;1;1;01;;2;1106.9039658;68;1;1;4;1;2;1;2;2;;1;2;5;3;2;1;4;2;1;3;1;;;99;400000;;;1;;;;;;;;;;4
20230313;03;2023;7387345;2;2;01;;2;1106.9039658;68;1;1;4;1;2;1;2;2;;1;2;5;1;2;1;4;2;1;3;4;;;;150000;;;1;;;;;;;;;;2
20230313;03;2023;7387346;1;1;01;;2;638.17627779;68;1;1;2;1;2;1;2;2;;1;1;3;2;2;1;4;2;1;3;1;;;99;300000;;;1;;;;;;;;;;4
20230313;03;2023;7387347;1;1;01;;2;448.20716927;68;1;1;2;1;2;1;2;2;;1;1;4;2;2;1;4;2;1;3;4;;;;380000;;;;;;;;;;1;;;3
20230313;03;2023;7387348;1;1;01;;2;673.94251758;68;1;1;4;1;2;1;2;2;;1;1;3;2;2;1;5;2;1;3;1;;;99;600000;;;1;;;;;;;;;;3
20230313;03;2023;7387349;1;1;01;;2;625.0170418;68;1;1;2;1;2;1;2;2;;1;1;3;1;2;1;4;2;1;3;1;;;25000000;400000;;;;;;;;;;1;;;1
20230313;03;2023;7387350;1;1;01;;2;878.42055053;68;1;1;4;1;2;1;2;2;;1;1;4;3;2;1;4;2;1;3;1;;;150000000;400000;;;1;;;;;;;;;;4
20230313;03;2023;7387351;1;1;01;;2;1792.8286771;68;2;1;2;1;2;1;2;2;;1;1;4;3;2;1;4;2;1;3;3;;;;;700000;;1;;;;;;;;;;8
20230313;03;2023;7387352;1;1;01;;2;1709.7848101;68;1;1;4;1;2;1;2;2;;1;1;2;1;2;1;4;2;1;3;6;;;;200000;;;1;;;;;;;;;;3
20230313;03;2023;7387353;1;1;01;;2;1182.2305584;68;1;1;2;1;2;1;2;2;;1;2;2;1;3;2;4;2;1;3;3;;;;;200000;;1;;;;;;;;;;2
20230313;03;2023;7387353;2;2;01;;2;1182.2305584;68;1;1;2;1;2;1;2;2;;1;2;2;1;2;2;4;2;1;3;1;;;99;250000;;;1;;;;;;;;;;3
20230313;03;2023;7387354;1;1;01;;2;1282.08698;68;1;1;2;1;2;1;2;2;;1;1;4;2;2;1;4;2;1;3;6;;;;420000;;;1;;;;;;;;;;5
20230313;03;2023;7387355;1;1;01;;2;1154.6790269;68;2;1;2;1;1;2;2;1;3;2;1;4;1;2;1;1;3;3;4;3;;;;;350000;;1;;;;;;;;;;3
20230313;03;2023;7387356;1;1;01;;2;980.57096626;68;1;1;4;1;1;2;2;1;3;2;1;4;3;2;1;1;3;1;4;1;;;150000000;400000;;;1;;;;;;;;;;3
20230313;03;2023;7387357;1;1;01;;2;486.43212741;68;2;1;2;1;1;2;2;1;3;2;1;3;2;3;1;1;3;1;4;4;;;;350000;;;1;;;;;;;;;;3
20230313;03;2023;7387358;1;1;01;;2;344.77474559;68;1;1;2;1;1;2;2;1;3;2;1;4;3;2;1;1;3;1;4;6;;;;350000;;;1;;;;;;;;;;2
20230313;03;2023;7387359;1;1;01;;2;809.88766418;68;2;1;2;1;1;2;2;1;3;2;1;4;3;2;1;1;3;1;4;3;;;;;340000;;1;;;;;;;;;;4
20230313;03;2023;7387360;1;1;01;;2;598.64197775;68;2;1;2;1;1;2;2;1;3;2;1;3;1;3;1;1;3;1;4;3;;;;;250000;;1;;;;;;;;;;1
20230313;03;2023;7387361;1;1;01;;2;973.27785508;68;2;1;2;1;1;2;2;1;3;2;1;4;2;2;1;1;6;1;4;3;;;;;350000;;1;;;;;;;;;;5
20230313;03;2023;7387362;1;1;01;;2;815.43045828;68;1;1;2;1;1;2;2;1;3;2;1;3;1;3;1;1;3;1;4;3;;;;;300000;;1;;;;;;;;;;1
20230313;03;2023;7387363;1;1;01;;2;662.76521705;68;1;1;4;1;1;2;2;1;3;2;1;3;2;2;1;1;4;3;4;5;;;;400000;;;1;;;;;;;;;;4
20230313;03;2023;7387364;1;1;01;;2;344.77474559;68;2;1;4;1;1;2;2;1;3;2;1;4;2;2;1;1;3;1;4;3;;;;;400000;;1;;;;;;;;;;2
20230313;03;2023;7387365;1;1;01;;2;734.05381903;68;1;1;2;1;1;2;2;1;3;2;1;4;2;3;1;1;3;1;4;3;;;;;280000;;1;;;;;;;;;;4
20230313;03;2023;7387366;1;1;01;;2;675.70811579;68;2;1;4;1;1;2;2;1;3;2;1;4;3;2;1;1;8;1;4;3;;;;;600000;;1;;;;;;;;;;4
20230313;03;2023;7387367;1;1;01;;2;344.77474559;68;2;1;4;1;1;2;2;1;3;2;1;3;1;3;1;1;3;1;4;3;;;;;290000;;;;;;;;;1;;;2
20230313;03;2023;7387368;1;1;01;;1;1140.9458013;68;1;1;2;1;2;2;1;1;3;1;1;4;3;1;1;1;1;1;4;3;;;;;500000;;;;;;;;;1;;;3
20230313;03;2023;7387369;1;1;01;;1;918.20922452;68;2;1;4;1;2;2;1;1;3;1;1;4;3;1;1;1;1;1;4;1;;;10000000;400000;;;1;;;;;;;;;;4
20230313;03;2023;7387370;1;1;01;;1;739.46958994;68;1;1;4;1;2;2;1;1;3;1;1;4;1;1;1;1;1;1;4;1;;;80000000;400000;;;;;;;;;;1;;;2
20230313;03;2023;7387371;1;1;01;;1;1018.3745082;68;2;1;4;1;2;2;1;1;3;1;1;3;2;1;1;1;1;1;4;3;;;;;450000;;1;;;;;;;;;;3
20230313;03;2023;7387372;1;1;01;;1;1016.4738721;68;1;1;4;1;2;2;1;1;3;1;1;4;3;1;1;1;1;1;4;3;;;;;500000;;;;;;;;;1;;;6
20230313;03;2023;7387373;1;1;01;;1;853.92549836;68;2;1;4;1;2;2;1;1;3;1;1;2;1;1;1;1;1;1;4;3;;;;;350000;;1;;;;;;;;;;2
20230313;03;2023;7387375;1;1;01;;2;1537.2888723;68;1;1;4;1;1;2;2;2;;2;1;4;1;2;1;4;4;1;5;1;;;50000000;300000;;;;;;;;;;1;;;1
20230313;03;2023;7387376;1;1;01;;2;1128.5887614;68;1;1;4;1;1;2;2;2;;2;1;4;1;2;1;3;4;1;4;4;;;;250000;;;;;;;;;;1;;;1
20230313;03;2023;7387378;1;1;01;;2;940.12176193;68;1;1;4;1;1;2;2;2;;2;1;4;2;2;1;4;10;1;4;1;;;300000000;1000000;;;1;;;;;1;;;;;2
20230313;03;2023;7387379;1;1;01;;2;1128.5887614;68;1;1;4;1;1;2;2;2;;2;1;3;1;2;1;4;6;1;4;1;;;60000000;450000;;;;;;;;;;1;;;1
20230313;03;2023;7387380;1;1;01;;2;649.98599756;68;1;1;4;1;1;2;2;2;;2;1;3;2;2;1;3;3;1;4;3;;;;;600000;;;;;;;;;1;;;5
20230313;03;2023;7387381;1;1;01;;1;1315.4795549;68;2;1;4;1;2;2;1;1;3;1;1;4;2;1;1;1;1;1;4;3;;;;;500000;;;;;;;;;1;;;4
20230313;03;2023;7387382;1;1;01;;1;1466.0291444;68;1;1;4;1;2;2;1;1;3;1;1;4;1;1;1;1;1;1;4;4;;;;400000;;;1;;;;;;;;;;1
20230313;03;2023;7387383;1;1;01;;1;2020.9646211;68;1;1;4;1;2;2;1;1;3;1;1;3;2;1;1;1;1;1;4;3;;;;;350000;;;;;;;;;1;;;3
20230313;03;2023;7387384;1;1;01;;1;1704.9943977;68;1;1;4;1;2;2;1;1;3;1;1;5;2;1;1;1;1;1;4;1;;;80000000;350000;;;1;;;;;;;;;;2
20230313;03;2023;7387385;1;1;01;;1;1507.7313419;68;2;1;4;1;2;2;1;1;3;1;1;4;2;1;1;1;1;1;4;3;;;;;450000;;1;;;;1;;1;;;CREDITO DE ESTUDIO;2
20230313;03;2023;7387386;1;1;01;;1;2316.6810482;68;1;1;4;1;2;2;1;1;3;1;1;4;3;1;1;1;1;1;4;1;;;110000000;500000;;;1;;;;;;;;;;4
20230313;03;2023;7387387;1;1;01;;1;794.41003673;68;2;1;4;1;2;2;1;1;3;1;1;3;1;1;1;1;1;1;4;1;;;90000000;400000;;;1;;;;;;;;;;2
20230313;03;2023;7387388;1;1;01;;1;956.85596368;68;2;1;4;1;2;2;1;1;3;1;1;5;2;1;1;1;1;1;4;1;;;350000000;500000;;;;;;;;;;1;;;3
20230313;03;2023;7387389;1;1;01;;1;907.87227791;68;1;1;4;1;2;2;1;1;3;1;1;4;3;1;1;1;1;1;4;3;;;;;550000;;1;;;;;;;;;;3
20230313;03;2023;7387390;1;1;01;;1;707.39292202;68;1;1;4;1;2;2;1;1;3;1;1;4;3;1;1;1;1;1;4;1;;;80000000;450000;;;1;;;;;;;;;;4
20230313;03;2023;7387392;1;1;01;;1;603.35520236;68;2;1;4;1;2;2;1;1;3;1;1;3;1;1;1;1;1;1;4;3;;;;;500000;;1;;;;;;;;;;1
20230313;03;2023;7387393;1;1;01;;1;832.62356356;68;2;1;4;1;2;2;1;1;3;1;1;4;3;1;1;1;1;1;4;1;;;100000;600000;;;1;;;;;;;;;;6
20230313;03;2023;7387394;1;1;01;;1;591.57567195;68;2;1;4;1;2;2;1;1;3;1;1;2;1;1;1;1;1;1;4;6;;;;450000;;;;;;;;;;1;;;2
20230313;03;2023;7387395;1;1;01;;1;671.70789889;68;2;1;4;1;2;2;1;1;3;1;1;2;1;1;1;1;1;1;4;3;;;;;450000;;1;;;;;;;;;;1
20230313;03;2023;7387396;1;1;01;;1;839.51958138;68;1;1;4;1;2;2;1;1;3;1;1;3;2;1;1;1;1;1;4;4;;;;400000;;;;;;;;;;1;;;3
20230313;03;2023;7387402;1;1;01;;2;287.52250002;76;2;1;4;1;2;2;2;1;3;1;1;3;2;2;1;1;1;1;4;3;;;;;500000;;1;;;;;;;;;;2
20230313;03;2023;7387403;1;1;01;;2;220.29117746;76;1;1;4;1;2;2;2;1;3;1;1;4;1;2;1;1;1;1;4;1;;;300000000;1000000;;;;;;;;;;1;;;2
20230313;03;2023;7387404;1;1;01;;2;239.41610912;76;2;1;4;1;9;2;2;1;3;1;1;3;2;2;1;1;1;3;4;3;;;;;500000;;;;;;;;;1;;;3
20230313;03;2023;7387405;1;1;01;;2;1595.5566848;76;1;1;2;1;1;2;1;2;;1;1;1;1;1;1;5;1;1;4;3;;;;;250000;;1;;;;;;;;;;1
20230313;03;2023;7387406;1;1;01;;2;668.16967291;76;1;1;2;1;1;1;1;1;3;1;1;4;3;1;1;1;1;1;3;5;;;;350000;;;;;;;;;;1;;;5
20230313;03;2023;7387407;1;1;01;;2;1102.7829463;76;1;1;2;1;2;1;1;1;3;1;1;5;4;1;1;1;1;1;3;7;TIENEN DOCUMENTO DE COMPRAVENTA;;;98;;;1;;;;;;;;;;5
20230313;03;2023;7387408;1;1;01;;2;1720.6810184;76;1;1;2;1;0;2;1;1;3;1;1;2;1;1;1;1;1;1;4;5;;;;400000;;;;;;;;;;1;;;4
20230313;03;2023;7387409;1;1;01;;2;668.16967291;76;1;1;4;1;1;1;1;1;3;1;1;4;2;1;1;1;1;1;3;4;;;;800000;;;;;;;;;;1;;;3
20230313;03;2023;7387410;1;1;01;;2;2081.1952978;76;2;1;4;1;1;1;1;1;3;1;1;3;1;1;1;1;1;1;4;3;;;;;400000;;;;;;;;;1;;;1
20230313;03;2023;7387411;1;1;01;;2;668.16967291;76;1;1;2;1;2;1;1;1;3;1;1;5;4;1;1;1;1;1;3;1;;;98;300000;;;;;;;;;;1;;;7
20230313;03;2023;7387412;1;1;01;;2;736.84939243;76;2;1;1;1;2;1;1;1;3;1;1;3;2;3;1;1;1;1;3;4;;;;400000;;;1;;;;1;;;;;;2
20230313;03;2023;7387413;1;1;01;;2;870.91315367;76;2;1;4;1;2;1;1;1;3;1;1;3;2;1;1;1;1;3;3;4;;;;400000;;;1;;;;;1;;;;;3
20230313;03;2023;7387414;1;1;01;;2;346.45834892;76;1;5;2;1;1;2;1;1;3;1;1;3;2;1;1;1;1;1;1;5;;;;350000;;;;;;;;;;1;;;4
20230313;03;2023;7387415;1;1;01;;2;346.45834892;76;1;7;2;1;1;1;1;1;3;1;1;2;2;1;1;1;1;1;3;4;;;;300000;;;;;;;;;;1;;;3
20230313;03;2023;7387416;1;1;01;;2;922.05787274;76;1;1;4;1;1;2;1;1;3;1;1;3;1;1;1;1;1;1;1;3;;;;;300000;;;;;;;;;1;;;1
20230313;03;2023;7387417;1;1;01;;2;647.00343853;76;2;1;4;1;2;1;1;1;3;1;1;3;2;2;1;1;1;1;3;1;;;50000000;400000;;;1;;;;;;;;;;2
20230313;03;2023;7387418;1;1;01;;2;438.55313817;76;1;1;2;1;1;1;1;1;3;1;1;4;3;1;1;1;1;1;3;3;;;;;500000;;1;;;;;;;;;;4
20230313;03;2023;7387419;1;1;01;;2;922.05787274;76;2;1;4;1;2;2;1;1;3;1;1;3;1;1;1;1;1;6;;1;;;80000000;500000;;;1;;;;;1;;;;;1
20230313;03;2023;7387428;1;1;01;;1;3474.9434743;76;1;1;4;1;3;1;1;1;3;1;1;4;3;1;1;1;1;1;3;1;;;98;500000;;;;;;;;;;1;;;4
20230313;03;2023;7387431;1;1;01;;2;2974.2686683;76;2;1;4;1;1;1;1;1;3;1;2;4;3;1;2;1;1;1;3;1;;;190000000;500000;;;1;;;;;;;;;;3
20230313;03;2023;7387431;2;2;01;;2;2974.2686683;76;2;1;4;1;1;1;1;1;3;1;2;2;1;1;2;1;1;1;3;3;;;;;200000;;1;;;;;;;;;;2
20230313;03;2023;7387436;1;1;01;;1;3309.5220161;76;2;1;4;1;3;1;1;1;3;1;1;3;2;1;1;1;1;1;3;4;;;;950000;;1;1;;;;;;;;;;3
20230313;03;2023;7387442;1;1;01;;1;2922.7897247;76;3;1;2;1;2;1;1;1;3;1;1;1;1;1;2;1;1;1;3;3;;;;;140000;;;;;;;;;1;;;4
20230313;03;2023;7387443;1;1;01;;1;3126.1230316;76;3;1;2;1;2;1;1;1;3;1;1;1;1;1;2;1;1;6;;3;;;;;120000;;;;;;;;;1;;;1
20230313;03;2023;7387444;1;1;01;;1;1896.0279782;76;3;1;2;1;2;1;1;1;3;1;1;1;1;1;2;1;1;1;3;3;;;;;350000;;;;;;;;;1;;;3
20230313;03;2023;7387445;1;1;01;;2;929.11008246;76;1;1;4;1;1;1;1;1;2;1;1;4;2;1;1;1;1;1;3;1;;;550000000;700000;;;1;;;;;;;;;;2
20230313;03;2023;7387446;1;1;01;;2;1764.7438665;76;1;1;4;1;1;1;1;1;2;1;1;4;3;1;1;1;1;1;3;1;;;80000000;350000;;;1;;;;;;;;;;4
20230313;03;2023;7387447;1;1;01;;2;770.45517301;76;1;1;4;1;1;1;1;1;2;1;1;4;3;1;1;1;1;1;3;1;;;180000000;300000;;;1;;;;;;;;;;5
20230313;03;2023;7387448;1;1;01;;1;4684.6330297;76;2;1;4;1;2;1;1;1;3;1;1;4;3;1;1;1;2;1;3;1;;;98;450000;;;;;;;;;;1;;;3
20230313;03;2023;7387449;1;1;01;;1;4588.8184914;76;2;1;4;1;2;1;1;1;3;1;1;4;2;1;1;1;1;1;3;3;;;;;350000;;;;;;;;;1;;;4
20230313;03;2023;7387450;1;1;01;;1;4698.8865025;76;2;1;4;1;2;1;1;1;3;1;1;4;1;1;1;1;1;1;3;3;;;;;350000;;;;;;;;;1;;;2
20230313;03;2023;7387451;1;1;01;;1;2437.860854;76;2;1;4;1;2;1;1;1;3;1;1;3;2;1;1;1;1;1;3;4;;;;350000;;;1;;;;;;;;;;2
20230313;03;2023;7387452;1;1;01;;1;2532.0329483;76;2;1;4;1;2;1;1;1;3;1;1;3;2;1;1;1;1;1;3;3;;;;;390000;;;;;;;;;1;;;3
20230313;03;2023;7387453;1;1;01;;1;2173.5108547;76;1;1;4;1;2;1;1;1;3;1;1;3;1;1;1;1;1;1;3;1;;;98;500000;;;1;;;;;;;;;;2
20230313;03;2023;7387455;1;1;01;;2;1896.5326023;76;2;1;4;1;2;1;1;1;2;1;1;3;3;1;1;1;1;1;3;3;;;;;350000;;;;;;;;;1;;;5
20230313;03;2023;7387456;1;1;01;;2;3031.2924564;76;1;1;4;1;1;2;1;1;2;1;1;2;1;1;1;1;1;1;4;4;;;;450000;;;1;;;;;;;;;;4
20230313;03;2023;7387457;1;1;01;;2;1324.2198286;76;1;1;4;1;1;1;1;1;2;1;1;4;3;1;1;1;1;1;3;1;;;80000000;300000;;;;;;;;;;1;;;5
20230313;03;2023;7387458;1;1;01;;2;1324.2198286;76;1;1;4;1;1;1;1;1;2;1;1;5;2;1;1;1;1;1;3;4;;;;400000;;;;;;;;;;1;;;3
20230313;03;2023;7387459;1;1;01;;2;1596.9079542;76;1;1;2;1;1;1;1;1;2;1;1;3;2;1;1;1;1;1;3;4;;;;380000;;;1;;;;;;;;;;2
20230313;03;2023;7387460;1;1;01;;2;1935.2697667;76;1;1;2;1;1;1;1;1;2;1;1;3;2;1;1;1;1;1;3;1;;;90000000;390000;;;1;;;;;;;;;;3
20230313;03;2023;7387461;1;1;01;;1;2607.2071747;76;2;1;4;1;2;1;1;1;3;1;1;4;2;1;1;1;1;1;3;2;;400000;98;200000;;;;;;;;;;1;;;2
20230313;03;2023;7387464;1;1;01;;2;1058.5332078;76;1;1;4;1;1;1;1;1;2;1;1;4;3;1;1;1;1;1;3;1;;;98;1200000;;;1;;;;;;;;;;5
20230313;03;2023;7387465;1;1;01;;2;1881.7669248;76;1;1;2;1;1;1;1;1;2;1;1;3;2;1;1;1;1;1;3;4;;;;300000;;;;;;;;;;1;;;3
20230313;03;2023;7387466;1;1;01;;2;1336.6408684;76;1;1;4;1;1;1;1;1;2;1;1;3;2;1;1;1;1;1;3;1;;;98;800000;;;1;;;;;;;;;;3
20230313;03;2023;7387468;1;1;01;;2;2607.1805338;76;2;1;4;1;2;1;1;1;2;1;1;3;1;1;1;1;1;1;3;3;;;;;350000;;;;;;;;;1;;;1
20230313;03;2023;7387470;1;1;01;;1;5100.0936775;76;2;1;4;1;2;1;1;1;3;1;1;4;3;1;1;1;1;1;3;3;;;;;400000;;;;;;;;;1;;;4
20230313;03;2023;7387471;1;1;01;;1;3902.3921228;76;2;1;4;1;3;1;1;1;3;1;1;3;2;1;1;1;1;1;3;3;;;;;380000;;;;;;;;;1;;;2
20230313;03;2023;7387473;1;1;01;;2;1171.8409434;76;2;1;4;1;2;1;1;1;2;1;1;4;1;1;1;1;1;1;3;3;;;;;300000;;;;;;;;;1;;;2
20230313;03;2023;7387474;1;1;01;;2;837.03771882;76;2;1;4;1;2;1;1;1;2;1;1;4;3;1;1;1;1;1;3;3;;;;;300000;;;;;;;;;1;;;7
20230313;03;2023;7387476;1;1;01;;1;2128.7551177;76;1;1;2;1;2;1;1;1;3;1;1;5;2;1;1;1;1;1;3;3;;;;;400000;;;;;;;;;1;;;3
20230313;03;2023;7387477;1;1;01;;1;2909.0191758;76;1;1;2;1;2;1;1;1;3;1;2;2;1;1;1;1;1;1;3;2;;280000;50000000;250000;;;1;;;;;;;;;;2
20230313;03;2023;7387477;2;2;01;;1;2909.0191758;76;1;1;2;1;2;1;1;1;3;1;2;2;1;1;1;1;1;1;3;3;;;;;140000;;;;;;;;;1;;;3
20230313;03;2023;7387480;1;1;01;;2;1267.1110868;76;1;5;3;1;9;2;2;2;;2;1;4;1;2;1;3;5;1;5;1;;;98;150000;;;;;;;1;;;;;;2
20230313;03;2023;7387481;1;1;01;;2;2681.6708674;76;1;5;3;1;9;2;2;2;;2;1;2;1;2;1;4;5;1;5;1;;;40000000;350000;;;1;;;;;;;;;;2
20230313;03;2023;7387482;1;1;01;;2;2348.0689224;76;1;5;3;1;9;2;2;2;;2;1;5;1;2;1;4;5;1;4;1;;;15000000;300000;;;1;;;;1;;;;;;2
20230313;03;2023;7387483;1;1;01;;2;2819.1431425;76;1;5;3;1;9;2;2;2;;2;1;2;1;3;1;4;5;6;;1;;;5000000;300000;;;;;;;;;;1;;;1
20230313;03;2023;7387484;1;1;01;;2;2758.4261635;76;1;5;3;2;;2;2;2;;2;1;3;2;2;1;4;5;6;;1;;;40000000;400000;;;;;;;;;;1;;;2
20230313;03;2023;7387485;1;1;01;;2;2819.1431425;76;1;5;3;1;9;2;2;2;;2;1;5;1;3;1;4;5;1;4;4;;;;300000;;;1;;;;1;;;;;;1
20230313;03;2023;7387486;1;1;01;;2;1690.2331263;76;1;5;3;1;9;2;2;2;;2;1;2;1;2;1;4;5;1;4;1;;;30000000;200000;;;1;;;;;;;;;;2
20230313;03;2023;7387487;1;1;01;;2;2161.3073464;76;1;2;3;1;9;2;2;2;;2;1;2;1;2;1;4;5;1;5;4;;;;200000;;;;;;;;;;1;;;1
20230313;03;2023;7387488;1;1;01;;2;1267.1110868;76;1;5;3;1;9;2;2;2;;2;1;4;1;2;1;4;5;1;4;4;;;;200000;;;;;;;;;;1;;;2
20230313;03;2023;7387489;1;1;01;;2;1267.1110868;76;1;5;3;1;9;2;2;2;;2;1;2;1;2;1;4;5;1;5;1;;;50000000;300000;;;1;;;;1;1;;;;;2
20230313;03;2023;7387490;1;1;01;;2;2045.4480357;76;1;1;2;1;1;2;2;2;;2;1;3;2;6;;4;5;1;4;4;;;;100000;;;;;;;;;;1;;;3
20230313;03;2023;7387491;1;1;01;;2;2466.7502497;76;1;5;3;1;1;2;2;2;;2;1;2;1;2;1;4;5;6;;1;;;15000000;120000;;;;;;;;;;1;;;1
20230313;03;2023;7387492;1;1;01;;2;2380.0200021;76;1;5;3;1;1;2;2;2;;2;1;2;2;2;1;4;5;1;5;4;;;;150000;;;;;;;;;;1;;;5
20230313;03;2023;7387494;1;1;01;;2;1698.5822499;76;1;5;2;1;1;2;2;2;;2;1;4;2;2;1;4;5;1;4;4;;;;50000;;;;;;;;;;1;;;4
20230313;03;2023;7387495;1;1;01;;2;1863.2146299;76;1;1;2;1;0;2;2;2;;2;1;3;2;2;1;4;5;1;5;4;;;;150000;;;;;;;;;;1;;;5
20230313;03;2023;7387496;1;1;01;;2;2466.7502497;76;1;1;2;1;1;2;2;2;;2;1;2;1;2;1;4;5;6;;4;;;;120000;;;;;;;;;;1;;;1
20230313;03;2023;7387501;1;1;01;;2;1237.6068212;76;1;1;4;1;1;1;1;1;2;1;1;4;2;1;1;1;1;1;3;1;;;30000000;400000;;;1;;;;;1;;;;;3
20230313;03;2023;7387502;1;1;01;;2;2000.2903832;76;1;1;4;1;1;1;1;1;2;1;1;4;3;1;1;1;1;1;3;4;;;;400000;;;1;;;;;;;;;;3
20230313;03;2023;7387503;1;1;01;;2;2200.5701355;76;1;1;2;1;1;2;2;2;;2;1;3;2;2;1;4;5;1;4;1;;;20000000;300000;;;;;;;;;;1;;;5
20230313;03;2023;7387504;1;1;01;;2;1853.8889924;76;1;1;4;1;1;1;1;1;2;1;1;3;1;1;1;1;1;1;3;1;;;35000000;300000;;;;;;;;;;1;;;2
20230313;03;2023;7387505;1;1;01;;2;172.08856442;63;1;1;2;1;1;2;2;2;;1;1;3;1;2;1;5;1;1;4;4;;;;280000;;;;;;;;;;1;;;2
20230313;03;2023;7387506;1;1;01;;2;139.0126229;63;1;1;2;1;1;2;2;1;3;1;1;4;2;2;1;1;1;1;4;4;;;;300000;;;;;;;;;;1;;;2
20230313;03;2023;7387507;1;1;01;;2;135.4736151;63;1;1;2;1;1;2;2;1;3;1;1;2;1;2;1;1;1;1;4;4;;;;400000;;;;;;;;;;1;;;2
20230313;03;2023;7387508;1;1;01;;2;104.21047315;63;1;1;2;1;2;1;1;1;3;1;1;3;1;1;1;1;1;1;3;3;;;;;300000;;1;;;;;;;;;;2
20230313;03;2023;7387509;1;1;01;;2;124.77643697;63;1;1;2;1;2;1;1;1;3;1;1;3;2;1;1;1;1;1;3;1;;;50000000;350000;;;1;;;;;;;;;;2
20230313;03;2023;7387510;1;1;01;;2;104.21047315;63;1;1;2;1;2;1;1;1;3;1;1;3;2;1;1;1;1;1;3;3;;;;;300000;;;;;;;;;1;;;2
20230313;03;2023;7387511;1;1;01;;2;159.74204664;63;1;1;2;1;2;1;1;1;3;1;1;3;1;1;1;1;1;1;3;1;;;50000000;320000;;;;;;;;;;1;;;3
20230313;03;2023;7387512;1;1;01;;2;86.882889313;63;1;1;4;1;2;1;1;1;3;1;1;3;1;1;1;1;1;1;3;4;;;;370000;;;1;;;;;1;;;;;2
20230313;03;2023;7387513;1;1;01;;2;86.882889313;63;1;1;4;1;2;1;1;1;3;1;1;3;1;1;1;1;1;1;3;1;;;65000000;350000;;;1;;;;;;;;;;2
20230313;03;2023;7387514;1;1;01;;2;100.09947464;63;1;1;2;1;2;1;1;1;3;1;1;4;3;1;1;1;1;1;3;3;;;;;370000;;1;;;;;;;;;;3
20230313;03;2023;7387515;1;1;01;;2;171.87145691;63;1;1;4;1;1;1;1;1;3;1;1;4;3;1;1;1;1;1;3;4;;;;400000;;;1;;;;;1;;;;;3
20230313;03;2023;7387516;1;1;01;;2;159.85673816;63;1;1;4;1;1;1;1;1;3;1;1;3;1;1;1;1;1;1;3;4;;;;450000;;;1;;;;;;;;;;1
20230313;03;2023;7387517;1;1;01;;2;119.99086647;63;1;1;2;1;1;1;1;1;3;1;1;3;2;1;1;1;1;1;3;1;;;98;350000;;;;;;;;;;1;;;2
20230313;03;2023;7387518;1;1;01;;1;665.77876681;63;1;1;4;1;3;1;1;1;3;1;1;4;3;1;1;1;1;1;3;3;;;;;400000;;;;;;;;;1;;;4
20230313;03;2023;7387519;1;1;01;;1;258.98802841;63;1;1;4;1;2;1;1;1;3;1;1;3;2;1;1;1;1;1;3;1;;;98;550000;;;1;;;;;;;;;;2
20230313;03;2023;7387520;1;1;01;;1;446.48940399;63;1;1;4;1;2;1;1;1;3;1;1;4;3;1;1;1;1;1;3;3;;;;;500000;;1;;;;1;;;;;;3
20230313;03;2023;7387522;1;1;01;;1;442.56237413;63;1;1;4;1;3;1;1;1;3;1;1;5;4;1;1;1;1;1;3;1;;;98;700000;;;1;;;;;1;;;;;4
20230313;03;2023;7387523;1;1;01;;1;287.76447601;63;1;1;4;1;3;1;1;1;3;1;1;4;2;1;1;1;1;1;3;1;;;98;580000;;;1;;;;;;;;;;2
20230313;03;2023;7387524;1;1;01;;2;106.93278685;63;2;1;2;1;2;1;2;1;3;1;1;3;1;5;1;1;1;1;3;3;;;;;300000;;1;;;;;;;;;;2
20230313;03;2023;7387525;1;1;01;;2;126.86663867;63;1;1;4;1;2;1;2;1;3;1;1;2;1;5;1;1;1;1;3;4;;;;300000;;;1;;;;;;;;;;2
20230313;03;2023;7387526;1;1;01;;2;195.94246502;63;1;1;4;1;2;1;2;1;3;1;1;3;2;5;1;1;1;1;3;3;;;;;300000;;1;;;;;;;;;;4
20230313;03;2023;7387527;1;1;01;;2;152.54230235;63;2;1;4;1;2;1;2;1;3;1;1;4;3;5;1;1;1;1;3;3;;;;;350000;;1;;;;;;;;;;4
20230313;03;2023;7387528;1;1;01;;2;132.37581878;63;1;1;2;1;1;1;2;1;3;1;1;2;1;5;1;1;1;1;3;3;;;;;300000;;1;;;;;;;;;;2
20230313;03;2023;7387529;1;1;01;;2;106.59051197;63;1;1;2;1;1;1;2;1;3;1;1;3;2;5;1;1;1;1;3;3;;;;;380000;;1;;;;;;;;;;3
20230313;03;2023;7387530;1;1;01;;2;99.500410811;63;1;1;4;1;1;1;2;1;3;1;1;1;1;5;1;1;1;2;3;4;;;;250000;;;;;;;;;;1;;;1
20230313;03;2023;7387531;1;1;01;;2;104.21047315;63;1;1;4;1;1;1;2;1;3;1;1;3;1;5;1;1;1;1;3;3;;;;;380000;;1;;;;;;;;;;2
20230313;03;2023;7387532;1;1;01;;1;379.71871835;63;2;1;4;1;4;1;1;1;3;1;1;3;1;1;1;1;1;1;3;4;;;;600000;;;1;;;;;;;;;;1
20230313;03;2023;7387534;1;1;01;;1;1010.1377023;63;2;1;4;1;4;1;1;1;3;1;1;3;2;1;1;1;1;1;3;3;;;;;600000;;1;;;;;;;;;;5
20230313;03;2023;7387535;1;1;01;;1;320.780809;63;2;1;4;1;2;1;1;1;3;1;1;5;2;1;1;1;1;1;3;3;;;;;400000;;1;;;;;;;;;;2
20230313;03;2023;7387536;1;1;01;;1;450.29701452;63;1;1;4;1;2;1;1;1;3;1;1;4;3;1;1;1;1;1;3;1;;;150000000;600000;;;1;;;;;;;;;;5
20230313;03;2023;7387537;1;1;01;;1;722.00283969;63;1;1;4;1;2;1;1;1;3;1;1;4;3;1;1;1;1;1;3;6;;;;500000;;;1;;;;;;;;;;6
20230313;03;2023;7387538;1;1;01;;1;302.48490593;63;2;1;4;1;2;1;1;1;3;1;1;3;1;1;1;1;1;1;3;1;;;170000000;500000;;;1;;;;;;;;;;1
20230313;03;2023;7387539;1;1;01;;1;834.02931476;63;2;1;4;1;2;1;1;1;3;1;1;3;2;1;1;1;1;1;3;3;;;;;400000;;1;;;;;;;;;;3
20230313;03;2023;7387540;1;1;01;;1;668.21998787;63;2;1;4;1;2;1;1;1;3;1;1;4;3;1;1;1;1;1;3;3;;;;;400000;;1;;;;;;;;;;4
20230313;03;2023;7387541;1;1;01;;1;442.67324322;63;1;1;4;1;2;1;1;1;3;1;1;5;4;1;1;1;1;1;3;1;;;140000000;600000;;;1;;;;;;;;;;4
20230313;03;2023;7387542;1;1;01;;1;594.47245506;63;2;1;4;1;2;1;1;1;3;1;1;3;2;1;1;1;1;1;3;6;;;;400000;;;1;;;;;;;;;;3
20230313;03;2023;7387543;1;1;01;;1;253.73956526;63;1;1;4;1;1;1;1;1;3;1;1;4;3;1;1;1;1;1;3;6;;;;700000;;;1;;;;;;;;;;3
20230313;03;2023;7387544;1;1;01;;1;476.273323;63;1;1;4;1;2;1;1;1;3;1;1;4;2;1;1;1;1;1;3;3;;;;;500000;;1;;;;;;;;;;2
20230313;03;2023;7387545;1;1;01;;1;259.86168806;63;2;1;2;1;1;2;1;1;3;1;1;3;1;1;1;1;1;1;4;6;;;;350000;;;1;;;;;;;;;;1
20230313;03;2023;7387546;1;1;01;;1;287.76447601;63;1;1;2;1;1;1;1;1;3;1;1;3;2;1;1;1;1;1;3;1;;;60000000;300000;;;1;;;;;;;;;;2
20230313;03;2023;7387547;1;1;01;;1;554.45679496;63;1;1;4;1;1;1;1;1;3;1;1;3;1;1;1;1;1;1;3;2;;420000;80000000;500000;;;1;;1;;;;;;;;2
20230313;03;2023;7387548;1;1;01;;1;532.09513566;63;1;1;2;1;1;1;1;1;3;1;1;3;1;1;1;1;1;1;3;3;;;;;290000;;1;;;;;;;;;;1
20230313;03;2023;7387549;1;1;01;;2;101.3453162;63;1;1;4;1;3;1;2;1;3;1;1;2;1;2;1;1;1;6;;4;;;;400000;;;1;;;;;;;;;;1
20230313;03;2023;7387550;1;1;01;;2;83.810221302;63;1;1;4;1;4;1;2;1;3;1;1;4;3;2;1;1;1;1;3;1;;;1000000000;2000000;;1;1;;;;;1;;;;;3
20230313;03;2023;7387551;1;1;01;;2;101.3453162;63;1;1;4;1;4;1;2;1;3;1;1;1;1;2;1;1;1;1;3;4;;;;300000;;;1;;;;;;;;;;1
20230313;03;2023;7387552;1;1;01;;2;94.796003405;63;1;1;4;1;3;2;2;1;3;1;1;4;2;2;1;1;1;1;4;6;;;;1000000;;1;1;;;;;1;;;;;2
20230313;03;2023;7387554;1;1;01;;1;309.13646754;63;1;1;4;1;2;2;1;1;2;1;1;3;2;1;1;1;1;1;4;1;;;60000000;300000;;;1;;;;;;;;;;3
20230313;03;2023;7387555;1;1;01;;1;613.42319853;63;1;1;2;1;1;2;2;1;2;1;1;4;2;2;1;1;1;1;4;4;;;;500000;;;;;;;;;;1;;;3
20230313;03;2023;7387556;1;1;01;;1;206.37494035;63;1;1;4;1;1;2;1;1;2;1;1;4;3;2;1;1;1;1;4;4;;;;500000;;;1;;;;;;;;;;4
20230313;03;2023;7387557;1;1;01;;1;211.6489219;63;1;7;2;1;1;2;2;1;2;1;1;3;2;2;1;1;1;1;5;1;;;98;400000;;;;;;;;;;1;;;2
20230313;03;2023;7387558;1;1;01;;1;819.0469893;63;1;1;4;1;1;2;2;1;2;1;1;4;3;2;1;1;1;1;4;4;;;;250000;;;;;;;;;;1;;;4
20230313;03;2023;7387559;1;1;01;;1;211.6489219;63;1;1;2;1;1;2;2;1;2;1;1;3;2;2;1;1;1;1;4;4;;;;500000;;;;;;;;;;1;;;2
20230313;03;2023;7387561;1;1;01;;1;351.42683159;63;1;1;4;1;1;2;2;1;2;1;1;3;2;2;1;1;1;1;4;4;;;;400000;;;;;;;;;;1;;;2
20230313;03;2023;7387562;1;1;01;;1;465.36123387;63;1;4;2;1;1;2;1;1;2;1;1;3;2;1;1;1;1;1;4;3;;;;;350000;;1;;;;;;;;;;4
20230313;03;2023;7387563;1;1;01;;1;505.2869534;63;1;4;2;1;1;2;1;1;2;1;1;3;2;1;1;1;1;1;4;1;;;60000000;280000;;;1;;;;;;;;;;3
20230313;03;2023;7387564;1;1;01;;1;206.37494035;63;1;1;4;1;1;2;1;1;2;1;1;3;2;1;1;1;1;1;4;1;;;65000000;280000;;;;;;;;;;1;;;3
20230313;03;2023;7387565;1;1;01;;1;265.8721987;63;2;1;4;1;2;1;1;1;2;1;1;3;1;1;1;1;1;1;3;1;;;70000000;350000;;;;;;;;;;1;;;1
20230313;03;2023;7387566;1;1;01;;1;617.83879411;63;1;1;4;1;2;1;1;1;2;1;1;3;2;1;1;1;1;1;3;3;;;;;400000;;1;;;;;;;;;;4
20230313;03;2023;7387567;1;1;01;;1;201.78883057;63;1;1;4;1;2;1;1;1;2;1;1;3;2;1;1;1;1;1;3;1;;;76000000;320000;;;1;;;;;;;;;;3
20230313;03;2023;7387568;1;1;01;;1;483.00794283;63;1;1;2;1;2;1;1;1;2;1;1;3;2;1;1;1;1;1;3;3;;;;;300000;;;;;;;;;1;;;3
20230313;03;2023;7387570;1;1;01;;1;398.7371987;63;2;1;4;1;1;1;1;1;2;1;1;3;2;1;1;1;1;1;3;3;;;;;350000;;;;;;;;;1;;;2
20230313;03;2023;7387572;1;1;01;;1;617.83879411;63;2;1;4;1;1;1;1;1;2;1;1;3;2;1;1;1;1;1;3;3;;;;;380000;;;;;;;;;1;;;4
20230313;03;2023;7387573;1;1;01;;1;228.40808585;63;1;1;4;1;2;1;1;1;2;1;1;2;1;1;1;1;1;1;3;4;;;;300000;;;;;;;;;;1;;;1
20230313;03;2023;7387574;1;1;01;;1;462.50269349;63;1;1;4;1;2;1;1;1;2;1;1;4;3;1;1;1;1;1;3;3;;;;;250000;;1;;;;;;;;;;3
20230313;03;2023;7387575;1;1;01;;1;418.62530356;63;1;1;4;1;2;1;1;1;2;1;1;4;2;1;1;1;1;1;3;6;;;;400000;;;1;;;;;;;;;;2
20230313;03;2023;7387576;1;1;01;;1;817.26033738;63;1;1;4;1;2;1;1;1;2;1;1;4;3;1;1;1;1;1;3;3;;;;;350000;;1;;;;1;;;;;;5
20230313;03;2023;7387577;1;1;01;;1;583.65821486;63;1;1;4;1;2;1;1;1;2;1;1;4;2;1;1;1;1;1;3;4;;;;380000;;;;;;;;;;1;;;2
20230313;03;2023;7387578;1;1;01;;1;471.59340671;63;1;1;4;1;1;1;1;1;2;1;1;3;2;1;1;1;1;1;3;3;;;;;200000;;;;;;;;;1;;;3
20230313;03;2023;7387579;1;1;01;;1;523.28162944;63;1;1;4;1;2;1;1;1;2;1;1;3;1;1;1;1;1;1;3;3;;;;;400000;;;;;;;;1;;;DAVIPLATA;2
20230313;03;2023;7387580;1;1;01;;1;772.29849264;63;1;1;4;1;2;1;1;1;2;1;1;5;4;1;1;1;1;1;3;3;;;;;450000;;1;;;;;;;;;;4
20230313;03;2023;7387581;1;1;01;;1;332.34024837;63;1;1;4;1;1;1;1;1;2;1;1;3;2;1;1;1;1;1;3;1;;;70000000;300000;;;;;;;;;;1;;;1
20230313;03;2023;7387582;1;1;01;;1;749.73946487;63;1;1;4;1;1;1;1;1;2;1;1;3;2;1;1;1;1;1;3;3;;;;;400000;;1;;;;;;;;;;3
20230313;03;2023;7387583;1;1;01;;1;258.68201565;63;1;1;4;1;2;1;1;1;2;1;1;3;1;1;1;1;1;1;3;1;;;65000000;300000;;;1;;;;;;;;;;2
20230313;03;2023;7387584;1;1;01;;1;252.23603821;63;1;1;4;1;2;1;1;1;2;1;1;3;2;1;1;1;1;1;3;1;;;68000000;320000;;;1;;;;;;;;;;2
20230313;03;2023;7387585;1;1;01;;1;319.14870286;63;1;1;4;1;2;1;1;1;2;1;1;3;2;1;1;1;1;1;3;4;;;;450000;;;1;;;;;;;;;;3
20230313;03;2023;7387586;1;1;01;;1;226.56983274;63;1;1;4;1;1;1;1;1;2;1;1;3;1;1;1;1;1;1;3;4;;;;350000;;;;;;;;;;1;;;2
20230313;03;2023;7387587;1;1;01;;1;609.8128573;63;1;1;4;1;1;1;1;1;2;1;1;4;3;1;1;1;1;1;3;6;;;;400000;;;1;;;;;;;;;;5
20230313;03;2023;7387588;1;1;01;;1;243.8164631;63;1;1;4;1;1;1;1;1;2;1;1;4;1;1;1;1;1;1;3;3;;;;;400000;;1;;;;;;1;;;DAVIPLATA;1
20230313;03;2023;7387589;1;1;01;;1;166.29558149;63;1;1;4;1;2;1;1;1;2;1;1;3;1;1;1;1;1;1;3;1;;;80000000;380000;;;;;;;;;;1;;;2
20230313;03;2023;7387590;1;1;01;;1;209.38727228;63;1;1;4;1;2;1;1;1;2;1;1;3;2;1;1;1;1;1;3;4;;;;400000;;;;;;;;;;1;;;3
20230313;03;2023;7387591;1;1;01;;1;260.13956913;63;1;1;4;1;1;1;1;1;2;1;1;4;2;1;1;1;1;1;3;1;;;85000000;420000;;;1;;;;;;;;;;2
20230313;03;2023;7387592;1;1;01;;1;648.60695539;63;1;1;4;1;1;1;1;1;2;1;1;5;4;1;1;1;1;1;3;1;;;70000000;420000;;;1;;;;;;1;;;NEQUI;8
20230313;03;2023;7387593;1;1;01;;1;179.92323966;63;1;1;4;1;2;1;1;1;2;1;1;3;2;1;1;1;1;1;3;4;;;;400000;;;;;;;;;;1;;;2
20230313;03;2023;7387594;1;1;01;;1;307.49129017;63;1;1;4;1;1;1;1;1;2;1;1;3;2;1;1;1;1;1;3;3;;;;;400000;;1;;;;;;;;;;1
20230313;03;2023;7387596;1;1;01;;1;166.29558149;63;1;1;2;1;1;1;1;1;2;1;1;3;2;1;1;1;1;1;3;1;;;65000000;300000;;;;;;;;;;1;;;2
20230313;03;2023;7387597;1;1;01;;1;307.49129017;63;1;1;2;1;1;1;1;1;2;1;1;3;1;1;1;1;1;1;3;1;;;60000000;290000;;;1;;;;;;;;;;1
20230313;03;2023;7387598;1;1;01;;1;242.89293878;63;2;1;2;1;2;1;1;1;2;1;1;3;2;1;1;1;1;1;3;1;;;130000000;320000;;;;;;;;;;1;;;3
20230313;03;2023;7387599;1;1;01;;1;721.74412168;27;1;5;3;1;1;2;2;1;2;2;1;5;4;2;1;1;5;1;4;1;;;18000000;400000;;;1;;;;;1;;;;;6
20230313;03;2023;7387600;1;1;01;;1;299.59855225;27;1;2;6;1;1;2;2;1;2;2;1;6;1;6;;1;5;4;4;5;;;;200000;;;;;;;;;;1;;;1
20230313;03;2023;7387601;1;1;01;;1;321.20948159;27;1;5;3;1;1;2;2;1;2;2;1;3;1;6;;1;5;1;4;3;;;;;160000;;;;;;;;;1;;;3
20230313;03;2023;7387602;1;1;01;;1;342.18975522;27;1;1;6;1;1;2;2;1;2;2;1;3;1;3;1;1;5;3;4;5;;;;200000;;;;;;;;;;1;;;2
20230313;03;2023;7387603;1;1;01;;1;352.4335918;27;1;5;3;1;1;2;2;1;2;2;1;3;2;2;1;1;5;1;4;4;;;;100000;;;1;;;;;;;;;;3
20230313;03;2023;7387604;1;1;01;;1;604.52857839;27;1;2;6;1;1;2;2;1;3;2;1;4;3;3;1;1;5;3;4;5;;;;300000;;;1;;;;;;;;;;4
20230313;03;2023;7387605;1;1;01;;1;354.61654489;27;1;5;4;1;1;2;2;1;2;2;1;4;1;2;1;1;5;1;4;4;;;;100000;;;1;;;;1;;;;;;1
20230313;03;2023;7387606;1;1;01;;1;308.03421702;27;1;2;6;1;1;2;2;1;2;2;1;4;3;3;1;1;5;3;4;5;;;;200000;;;;;;;;;;1;;;3
20230313;03;2023;7387607;1;1;01;;1;330.74595872;27;1;5;4;1;1;2;2;1;2;2;1;3;2;2;1;1;5;1;4;1;;;25000000;250000;;;1;1;;;;;;;;;2
20230313;03;2023;7387608;1;1;01;;1;328.2267107;27;1;5;3;1;1;2;2;1;2;2;1;4;2;3;2;1;5;1;4;3;;;;;200000;;;;;;;;;1;;;4
20230313;03;2023;7387609;1;1;01;;1;573.07366665;27;1;2;6;1;1;2;2;1;2;2;1;5;2;3;1;1;10;1;4;1;;;90000000;700000;;;1;;;;1;1;;;;;3
20230313;03;2023;7387610;1;1;01;;1;308.07533246;27;1;5;3;1;1;2;2;1;2;2;1;2;1;6;;1;5;4;4;3;;;;;150000;;1;;;;1;;;;;;2
20230313;03;2023;7387611;1;1;01;;1;192.35024231;27;1;1;4;1;1;2;2;1;2;2;1;4;3;3;1;1;5;3;4;5;;;;300000;;;;;;;;;;1;;;4
20230313;03;2023;7387612;1;1;01;;1;229.89102685;27;1;5;3;1;1;2;2;1;2;2;1;2;1;2;1;1;5;1;4;4;;;;250000;;;;;;;;;;1;;;4
20230313;03;2023;7387613;1;1;01;;1;236.34640185;27;1;5;3;1;1;2;2;1;2;2;1;3;2;2;1;1;5;1;4;1;;;15000000;300000;;;;;;;;;;1;;;5
20230313;03;2023;7387614;1;1;01;;1;174.31188494;27;1;5;3;1;1;2;2;1;2;2;1;1;1;2;1;1;5;2;4;3;;;;;100000;;;;;;;;;1;;;1
20230313;03;2023;7387615;1;1;01;;1;196.23733128;27;1;5;3;1;1;2;2;1;2;2;1;5;3;3;1;1;10;4;4;1;;;98;98;;;1;;;;;;;;;;5
20230313;03;2023;7387616;1;1;01;;1;332.92935415;27;1;5;3;1;1;2;2;1;2;2;1;4;2;2;1;1;5;1;4;4;;;;200000;;;;;;;;;;1;;;3
20230313;03;2023;7387617;1;1;01;;1;230.58201398;27;1;5;3;1;1;2;2;1;2;2;1;3;2;6;;1;5;1;4;3;;;;;200000;;;;;;;;;1;;;4
20230313;03;2023;7387618;1;1;01;;1;179.2438298;27;1;2;4;1;1;2;2;1;2;2;1;3;2;3;1;1;5;3;4;6;;;;300000;;;;;;;;;;1;;;2
20230313;03;2023;7387619;1;1;01;;1;192.77113074;27;1;5;3;1;1;2;2;1;2;2;1;2;1;6;;1;5;1;4;5;;;;100000;;;;;;;;;;1;;;2
20230313;03;2023;7387620;1;1;01;;1;206.32235339;27;1;2;6;1;1;2;2;1;2;2;1;3;1;6;;1;5;6;;5;;;;200000;;;;;;;;;;1;;;1
20230313;03;2023;7387621;1;1;01;;1;199.22650574;27;1;2;6;1;1;2;2;1;2;2;1;3;1;3;1;1;5;4;4;4;;;;100000;;;;;;;;;;1;;;3
20230313;03;2023;7387622;1;1;01;;2;812.44048357;27;5;5;3;1;9;2;2;2;;2;1;2;1;6;;4;5;5;5;6;;;;100000;;;;;;;;;;1;;;9
20230313;03;2023;7387623;1;1;01;;2;950.83630311;27;5;5;3;1;9;2;2;2;;2;1;1;1;6;;4;5;5;5;6;;;;100000;;;;;;;;;;1;;;5
20230313;03;2023;7387624;1;1;01;;2;1090.63668;27;5;5;3;1;9;2;2;2;;2;1;1;1;6;;4;5;5;5;6;;;;99;;;;;;;;;;1;;;3
20230313;03;2023;7387625;1;1;01;;2;1136.9906475;27;5;5;3;1;9;2;2;2;;2;1;2;1;6;;4;5;5;5;5;;;;70000;;;;;;;;;;1;;;3
20230313;03;2023;7387626;1;1;01;;2;982.6117301;27;5;5;3;1;9;2;2;2;;2;1;1;1;6;;3;6;5;5;5;;;;30000;;;;;;;;;;1;;;3
20230313;03;2023;7387627;1;1;01;;2;381.5523698;27;5;5;3;1;9;2;2;2;;2;1;3;3;6;;4;5;5;5;5;;;;80000;;;;;;;;;;1;;;8
20230313;03;2023;7387628;1;1;01;;2;953.56829;27;5;5;3;1;9;2;2;2;;2;1;1;1;6;;3;5;5;5;6;;;;30000;;;;;;;;;;1;;;4
20230313;03;2023;7387629;1;1;01;;2;979.87974321;27;1;5;1;1;9;2;2;2;;2;1;1;1;6;;3;6;5;5;5;;;;40000;;;;;;;;;;1;;;4
20230313;03;2023;7387630;1;1;01;;2;1039.4311103;27;5;5;3;1;9;2;2;2;;2;1;2;2;6;;4;5;5;5;5;;;;50000;;;;;;;;;;1;;;3
20230313;03;2023;7387631;1;1;01;;2;640.83814709;27;5;5;3;1;9;2;2;2;;2;1;2;2;6;;4;5;5;5;5;;;;70000;;;;;;;;;;1;;;4
20230313;03;2023;7387632;1;1;01;;2;935.55548394;27;1;2;3;1;1;2;2;1;2;2;1;2;1;3;1;1;5;3;4;5;;;;100000;;;1;;;;;;;;;;2
20230313;03;2023;7387633;1;1;01;;2;849.69266368;27;1;5;2;1;1;2;2;1;2;2;1;1;1;2;1;1;5;1;4;3;;;;;140000;;;;;;;;;1;;;3
20230313;03;2023;7387634;1;1;01;;2;1123.248471;27;1;5;2;1;1;2;2;1;2;2;1;1;1;2;1;1;5;2;4;4;;;;80000;;;;;;;;;;1;;;1
20230313;03;2023;7387635;1;1;01;;2;931.40616037;27;1;5;2;1;1;2;2;1;2;2;1;2;1;2;1;1;5;1;4;3;;;;;200000;;;;;;;;;1;;;3
20230313;03;2023;7387636;1;1;01;;2;825.50082582;27;1;1;2;1;1;2;2;1;2;2;1;4;2;3;1;1;5;1;4;5;;;;300000;;;;;;;;;;1;;;4
20230313;03;2023;7387637;1;1;01;;2;796.45738572;27;1;1;2;1;1;2;2;1;2;2;1;4;3;3;1;1;5;1;4;3;;;;;300000;;1;;;;;;;;;;5
20230313;03;2023;7387638;1;1;01;;2;904.97340114;27;1;1;2;1;1;2;2;1;2;2;1;3;2;6;;1;5;1;4;5;;;;250000;;;;;;;;;;1;;;2
20230313;03;2023;7387639;1;1;01;;2;837.21329408;27;1;1;2;1;1;2;2;1;2;2;1;4;3;3;1;1;10;1;4;5;;;;98;;;1;;;;1;1;;;;;8
20230313;03;2023;7387640;1;1;01;;2;931.40616037;27;1;2;2;1;1;2;2;1;2;2;1;2;1;3;1;1;5;3;4;3;;;;;50000;;;;;;;;;1;;;3
20230313;03;2023;7387641;1;1;01;;2;959.74732179;27;1;2;2;1;1;2;2;1;2;2;1;2;1;3;1;1;5;4;4;5;;;;100000;;;;;;;;;;1;;;1
20230313;03;2023;7387642;1;1;01;;2;1123.248471;27;1;1;1;1;1;2;2;2;;2;1;2;1;3;1;4;5;4;4;5;;;;100000;;;;;;;;;;1;;;1
20230313;03;2023;7387643;1;1;01;;2;791.16021572;27;1;5;2;1;1;2;2;2;;2;1;3;1;2;1;4;5;1;4;4;;;;290000;;;;;;;;;;1;;;1
20230313;03;2023;7387644;1;1;01;;2;769.44365384;27;1;2;6;1;1;2;2;2;;2;1;3;2;3;1;4;5;4;4;5;;;;200000;;;;;;;;;;1;;;4
20230313;03;2023;7387645;1;1;01;;2;688.73075727;27;1;1;2;1;1;2;2;2;;2;1;4;2;3;1;4;5;4;4;5;;;;200000;;;;;;;;;;1;;;5
20230313;03;2023;7387646;1;1;01;;2;664.24059798;27;1;1;2;1;1;2;2;2;;2;1;3;3;2;1;4;5;1;4;1;;;12000000;150000;;;;;;;;;;1;;;6
20230313;03;2023;7387647;1;1;01;;2;671.12190844;27;1;1;2;1;1;2;2;2;;2;1;3;2;2;1;4;5;1;4;4;;;;100000;;;;;;;;;;1;;;4
20230313;03;2023;7387648;1;1;01;;2;952.86601133;27;1;1;2;1;1;2;2;2;;2;1;3;2;3;1;4;5;3;4;5;;;;150000;;;;;;;;;;1;;;3
20230313;03;2023;7387649;1;1;01;;2;873.90025282;27;1;1;2;1;1;2;2;2;;2;1;4;3;3;1;3;5;1;4;3;;;;;300000;;;;;;;;;1;;;5
20230313;03;2023;7387650;1;1;01;;2;1059.5477804;27;1;5;2;1;1;2;2;2;;2;1;2;1;3;1;3;5;1;5;4;;;;250000;;;;;;;;;;1;;;3
20230313;03;2023;7387651;1;1;01;;2;959.74732179;27;1;1;2;1;1;2;2;2;;2;1;3;2;3;1;3;5;1;4;4;;;;200000;;;1;;;;;;;;;;1
20230313;03;2023;7387652;1;1;01;;1;900.30928667;27;1;1;2;1;1;2;1;1;2;1;1;3;2;1;1;1;1;1;4;1;;;17000000;300000;;;;;;;;;;1;;;3
20230313;03;2023;7387653;1;1;01;;1;470.14834517;27;1;1;4;1;1;2;1;1;2;1;1;3;2;1;1;1;1;3;4;3;;;;;300000;;1;;;;;;;;;;1
20230313;03;2023;7387654;1;1;01;;1;464.89946093;27;2;1;2;1;1;2;1;1;2;1;1;2;1;1;1;1;1;1;4;3;;;;;250000;;;;;;;;;1;;;4
20230313;03;2023;7387655;1;1;01;;1;871.57924409;27;2;1;2;1;1;2;1;1;2;1;1;2;1;1;1;1;1;1;4;1;;;30000000;150000;;;;;;;;;;1;;;2
20230313;03;2023;7387656;1;1;01;;1;560.51417947;27;2;1;2;1;1;2;1;1;2;1;1;2;1;1;1;1;1;3;4;4;;;;200000;;;;;;;;;;1;;;4
20230313;03;2023;7387657;1;1;01;;1;793.11511946;27;1;1;2;1;1;2;1;1;2;1;1;4;1;1;1;1;1;1;4;1;;;25000000;500000;;;;;;;;;;1;;;2
20230313;03;2023;7387658;1;1;01;;1;824.4321603;27;2;1;2;1;1;2;1;1;2;1;1;1;1;1;1;1;1;1;4;3;;;;;250000;;;;;;;;;1;;;4
20230313;03;2023;7387659;1;1;01;;1;389.13236416;27;1;1;4;1;1;2;1;1;2;1;1;4;1;1;1;1;10;1;4;1;;;98;350000;;;;;;;;;;1;;;2
20230313;03;2023;7387660;1;1;01;;1;529.19713863;27;1;1;4;1;1;2;1;1;2;1;1;4;2;1;1;1;1;3;4;6;;;;300000;;;1;;;;;;;;;;2
20230313;03;2023;7387661;1;1;01;;1;793.11511946;27;1;1;2;1;1;2;1;1;2;1;1;3;1;1;1;1;1;3;4;6;;;;300000;;;1;;;;;;;;;;2
20230313;03;2023;7387662;1;1;01;;1;437.66149184;27;1;1;2;1;1;2;1;1;2;1;1;3;1;1;1;1;1;3;4;4;;;;200000;;;1;;;;;;;;;;2
20230313;03;2023;7387663;1;1;01;;1;708.02067767;27;1;1;2;1;1;2;2;1;2;2;1;4;2;2;1;1;5;1;4;1;;;50000000;300000;;;;;;;;;;1;;;2
20230313;03;2023;7387664;1;1;01;;1;793.84595452;27;1;2;1;1;1;2;2;1;2;2;1;1;1;6;;1;5;4;4;6;;;;50000;;;;;;;;;;1;;;2
20230313;03;2023;7387665;1;1;01;;1;1237.9252692;27;1;1;2;1;1;2;2;1;2;2;1;4;3;3;1;1;5;1;4;1;;;99;99;;;;;;;;;;1;;;3
20230313;03;2023;7387666;1;1;01;;1;1108.1070762;27;1;1;2;1;1;2;2;1;2;2;1;3;2;2;1;1;5;3;4;1;;;30000000;200000;;;;;;;;;;1;;;3
20230313;03;2023;7387667;1;1;01;;1;664.02776151;27;1;2;1;1;1;2;2;1;2;2;1;2;1;6;;1;5;4;4;4;;;;80000;;;;;;;;;;1;;;2
20230313;03;2023;7387668;1;1;01;;1;601.78455128;27;1;2;1;1;1;2;2;1;2;2;1;3;1;6;;1;5;4;4;5;;;;80000;;;;;;;;;;1;;;2
20230313;03;2023;7387669;1;1;01;;1;1173.1027962;27;1;5;2;1;1;2;2;1;2;2;1;2;1;2;1;1;5;1;5;1;;;18000000;150000;;;;;;;;;;1;;;4
20230313;03;2023;7387670;1;1;01;;1;1259.4557347;27;1;2;2;1;1;2;2;1;2;2;1;4;3;3;1;1;5;1;4;5;;;;300000;;;;;;;;;;1;;;4
20230313;03;2023;7387672;1;1;01;;1;1090.5332893;27;1;1;4;1;1;2;2;1;2;2;1;3;1;2;1;1;5;1;4;1;;;50000000;400000;;;1;;;;;;;;;;2
20230313;03;2023;7387673;1;1;01;;1;1195.8374306;27;1;5;2;1;1;2;2;1;2;2;1;2;1;3;1;1;5;1;4;4;;;;200000;;;;;;;;;;1;;;4
20230313;03;2023;7387674;1;1;01;;1;639.23675878;27;1;5;2;1;1;2;2;1;2;2;1;3;2;3;1;1;5;1;4;4;;;;200000;;;;;;;;;;1;;;4
20230313;03;2023;7387675;1;1;01;;1;318.84153206;27;1;1;2;1;1;2;2;1;2;1;1;3;2;2;1;1;1;1;4;4;;;;200000;;;1;;;;;;;;;;2
20230313;03;2023;7387676;1;1;01;;1;367.00920377;27;1;1;2;1;1;2;2;1;2;1;1;3;1;3;1;1;1;4;4;5;;;;200000;;;;;;;;;;1;;;1
20230313;03;2023;7387677;1;1;01;;1;682.31154951;27;1;1;2;1;1;2;2;1;2;1;1;4;4;3;1;1;10;1;4;5;;;;300000;;;;;;;;;;1;;;5
20230313;03;2023;7387678;1;1;01;;1;340.0451807;27;1;1;2;1;1;2;2;1;2;1;1;3;2;2;1;1;1;1;4;3;;;;;150000;;;;;;;;;1;;;4
20230313;03;2023;7387679;1;1;01;;1;593.10066925;27;1;1;2;1;1;2;2;1;2;1;1;4;2;3;1;1;1;1;4;5;;;;300000;;;;;;;;;;1;;;3
20230313;03;2023;7387680;1;1;01;;1;637.77996301;27;1;1;2;1;1;2;2;1;2;1;1;3;2;3;1;1;1;1;4;5;;;;250000;;;;;;;;;;1;;;4
20230313;03;2023;7387681;1;1;01;;1;320.95176068;27;1;1;2;1;1;2;2;1;2;1;1;3;2;3;1;1;1;4;4;4;;;;80000;;;;;;;;;;1;;;2
20230313;03;2023;7387682;1;1;01;;1;365.63105445;27;1;1;2;1;1;2;2;1;2;1;1;2;1;3;1;1;1;4;4;5;;;;100000;;;;;;;;;;1;;;3
20230313;03;2023;7387683;1;1;01;;1;344.77545313;27;1;1;2;1;1;2;2;1;2;1;1;2;1;2;1;1;1;1;4;3;;;;;100000;;;;;;;;;1;;;1
20230313;03;2023;7387684;1;1;01;;1;566.28565753;27;1;1;2;1;1;2;2;1;2;1;1;3;2;2;1;1;1;1;4;1;;;18000000;200000;;;;;;;;;;1;;;4
20230313;03;2023;7387685;1;1;01;;1;367.00920377;27;1;1;2;1;1;2;2;1;2;1;1;2;1;3;1;1;1;4;4;4;;;;80000;;;;;;;;;;1;;;1
20230313;03;2023;7387686;1;1;01;;1;367.00920377;27;2;1;4;1;1;2;2;1;2;2;1;3;1;2;1;1;5;1;4;4;;;;350000;;;;;;;;;;1;;;1
20230313;03;2023;7387687;1;1;01;;1;408.93350299;27;1;1;2;1;1;2;2;1;2;2;1;3;2;2;1;1;5;1;4;1;;;12000000;300000;;;;;;;;;;1;;;4
20230313;03;2023;7387688;1;1;01;;1;420.41641796;27;1;1;2;1;1;2;2;1;2;2;1;3;2;2;1;1;5;3;4;4;;;;300000;;;;;;;;;;1;;;5
20230313;03;2023;7387689;1;1;01;;1;590.99044062;27;2;1;4;1;1;2;2;1;2;2;1;3;2;2;1;1;5;3;4;1;;;30000000;300000;;;;;;;;;;1;;;3
20230313;03;2023;7387690;1;1;01;;1;604.58358422;27;1;1;2;1;1;2;2;1;2;1;1;3;2;3;1;1;10;1;4;1;;;99;400000;;;1;;;;;;;;;;4
20230313;03;2023;7387691;1;1;01;;1;363.52082582;27;1;1;4;1;1;2;2;1;2;2;1;4;2;3;1;1;5;4;4;6;;;;300000;;;;;;;;;;1;;;3
20230313;03;2023;7387692;1;1;01;;1;410.16264095;27;1;1;2;1;1;2;2;1;2;2;1;4;3;3;1;1;5;4;4;1;;;99;99;;;;;;;;;;1;;;4
20230313;03;2023;7387693;1;1;01;;1;399.56081664;27;1;1;2;1;1;2;2;1;2;2;1;2;1;6;;1;5;1;4;5;;;;200000;;;;;;;;;;1;;;3
20230313;03;2023;7387694;1;1;01;;1;310.06851681;27;1;1;2;1;1;2;2;1;2;2;1;2;1;3;1;1;5;1;4;5;;;;99;;;;;;;;;;1;;;1
20230313;03;2023;7387695;1;1;01;;1;615.18540853;27;1;5;2;1;1;2;2;1;2;2;1;2;1;3;1;1;5;1;4;5;;;;300000;;;;;;;;;;1;;;5
20230313;03;2023;7387696;1;1;01;;1;308.32956366;27;1;1;2;1;1;2;2;1;2;2;1;4;3;3;1;1;5;4;5;5;;;;200000;;;;;;;;;;1;;;4
20230313;03;2023;7387697;1;1;01;;1;614.45332924;27;1;1;2;1;1;2;2;1;2;2;1;3;2;3;1;1;5;3;4;5;;;;240000;;;;;;;;;;1;;;3
20230313;03;2023;7387698;1;1;01;;1;392.09084871;27;1;2;1;1;1;2;2;1;2;2;1;3;1;3;1;1;5;5;5;5;;;;800000;;;;;;;;;;1;;;6
20230313;03;2023;7387699;1;1;01;;2;1342.37296;27;1;5;2;1;1;2;2;1;1;1;1;3;2;2;1;1;1;2;4;3;;;;;120000;;;;;;;;;1;;;5
20230313;03;2023;7387700;1;1;01;;2;620.04014373;27;1;2;2;1;1;2;2;1;1;1;1;4;3;3;1;1;1;3;4;5;;;;400000;;;;;;;;;;1;;;4
20230313;03;2023;7387701;1;1;01;;2;1223.2923769;27;1;5;3;1;1;2;2;1;1;1;1;2;1;2;1;1;1;1;4;1;;;4000000;300000;;;;;;;;;;1;;;1
20230313;03;2023;7387702;1;1;01;;2;1122.6427494;27;1;2;6;1;1;2;2;1;1;1;1;2;1;3;1;1;1;4;4;5;;;;200000;;;;;;;;;;1;;;3
20230313;03;2023;7387703;1;1;01;;2;1248.9531285;27;1;1;2;1;1;2;2;1;1;1;1;5;2;2;1;1;1;1;4;4;;;;200000;;;1;;;;;;;;;;4
20230313;03;2023;7387704;1;1;01;;2;1251.5401913;27;1;2;2;1;1;2;2;1;1;1;1;2;1;3;1;1;1;3;4;5;;;;300000;;;;;;;;;;1;;;2
20230313;03;2023;7387705;1;1;01;;2;1223.2923769;27;1;2;2;1;1;2;2;1;1;1;1;2;1;3;1;1;1;3;4;5;;;;250000;;;;;;;;;;1;;;1
20230313;03;2023;7387706;1;1;01;;2;634.34619818;27;1;5;2;1;1;2;2;1;1;1;1;3;2;3;1;1;1;5;4;5;;;;250000;;;;;;;;;;1;;;4
20230313;03;2023;7387707;1;1;01;;2;1155.4387781;27;1;1;2;1;1;2;2;1;1;1;1;2;1;3;1;1;10;1;4;3;;;;;500000;;1;;;;;;;;;;3
20230313;03;2023;7387708;1;1;01;;2;1140.4840266;27;1;1;2;1;1;2;2;1;1;1;1;3;2;3;1;1;1;1;4;3;;;;;200000;;1;;;;;;;;;;5
20230313;03;2023;7387709;1;1;01;;2;1422.9197688;27;1;5;3;1;1;2;2;1;1;1;1;2;1;2;1;1;1;1;4;3;;;;;200000;;;;;;;;;1;;;3
20230313;03;2023;7387710;1;1;01;;2;1045.2777366;27;1;1;2;1;1;2;2;1;1;1;1;4;3;2;1;1;1;1;4;3;;;;;150000;;;;;;;;;1;;;7
20230313;03;2023;7387711;1;1;01;;2;1122.6427494;27;1;5;1;1;1;2;2;1;1;1;1;2;1;2;1;1;1;2;4;4;;;;100000;;;;;;;;;;1;;;3
20230313;03;2023;7387712;1;1;01;;2;1181.725441;27;1;1;2;1;1;2;2;1;1;1;1;3;2;3;1;1;1;3;4;5;;;;400000;;;;;;;;;;1;;;3
20230313;03;2023;7387713;1;1;01;;2;1186.2736553;27;1;1;4;1;1;2;2;1;1;1;1;4;2;3;1;1;1;3;4;5;;;;400000;;;1;;;;;;;;;;2
20230313;03;2023;7387714;1;1;01;;2;971.39280383;27;1;2;2;1;1;2;2;1;1;1;1;3;2;3;1;1;1;4;5;5;;;;100000;;;;;;;;;;1;;;2
20230313;03;2023;7387715;1;1;01;;2;1008.4115254;27;1;1;4;1;1;2;2;1;1;1;1;4;1;3;1;1;1;1;4;5;;;;99;;;;;;;;;;1;;;1
20230313;03;2023;7387716;1;1;01;;2;1146.6678709;27;1;1;2;1;1;2;2;1;1;1;1;4;3;3;1;1;1;1;4;3;;;;;300000;;;;;;;;;1;;;5
20230313;03;2023;7387717;1;1;01;;2;788.65525633;27;1;1;4;1;1;2;2;1;1;1;1;4;3;3;1;1;1;1;4;3;;;;;200000;;;;;;;;;1;;;5
20230313;03;2023;7387718;1;1;01;;2;1431.690676;27;1;5;3;1;9;2;2;2;;2;1;2;1;2;1;4;5;1;4;1;;;5000000;300000;;;;;;;;;;1;;;1
20230313;03;2023;7387719;1;1;01;;2;1242.7692841;27;1;5;3;1;9;2;2;2;;2;1;3;2;2;1;4;5;1;4;1;;;10000000;100000;;;;;;;;;;1;;;4
20230313;03;2023;7387720;1;1;01;;2;1431.690676;27;1;5;1;1;9;2;2;2;;2;1;3;1;2;1;4;5;1;4;4;;;;300000;;;;;;;;;;1;;;1
20230313;03;2023;7387721;1;1;01;;2;977.57664816;27;1;2;6;1;9;2;2;2;;2;1;2;1;3;1;4;4;4;5;5;;;;100000;;;;;;;;;;1;;;2
20230313;03;2023;7387722;1;1;01;;2;643.49734534;27;1;2;6;1;9;2;2;2;;2;1;2;1;3;1;4;4;4;4;5;;;;200000;;;;;;;;;;1;;;2
20230313;03;2023;7387723;1;1;01;;2;1294.0022504;27;1;2;6;1;9;2;2;2;;2;1;3;1;3;1;4;4;4;5;5;;;;200000;;;1;;;;;;;;;;1
20230313;03;2023;7387724;1;1;01;;2;1146.6678709;27;1;1;2;1;1;2;2;1;1;1;1;3;2;2;1;1;1;1;4;3;;;;;200000;;;;;;;;;1;;;5
20230313;03;2023;7387726;1;1;01;;2;1192.4574996;27;1;1;2;1;9;2;2;2;;2;1;3;2;2;1;4;5;1;5;3;;;;;99;;;;;;;;;1;;;2
20230313;03;2023;7387727;1;1;01;;2;1355.6920814;27;1;5;2;1;9;2;2;2;;2;1;3;2;2;1;4;5;1;5;4;;;;99;;;;;;;;;;1;;;2
20230313;03;2023;7387728;1;1;01;;2;549.57940559;27;1;5;2;1;9;2;2;2;;2;1;5;4;2;1;4;5;1;5;1;;;98;98;;;;;;;;;;1;;;5
20230312;03;2023;7387729;1;1;01;05;1;1324.9373792;05;2;1;4;1;3;1;1;1;2;1;1;2;1;1;1;1;1;1;3;3;;;;;800000;;;;;;;;;1;;;1
20230312;03;2023;7387732;1;1;01;05;1;820.81716672;05;2;1;4;1;5;1;1;1;2;1;1;4;3;1;1;1;1;1;3;4;;;;1500000;;;;;;;;;;1;;;4
20230312;03;2023;7387734;1;1;01;05;1;1039.1665719;05;2;1;4;1;5;1;1;1;2;1;1;5;1;1;1;1;1;1;3;3;;;;;3000000;;1;;;;;;;;;;1
20230312;03;2023;7387736;1;1;01;05;1;868.67329913;05;2;1;4;1;5;1;1;1;2;1;1;5;4;1;1;1;1;1;3;1;;;600000000;3500000;;;1;;;;;1;;;;;5
20230312;03;2023;7387737;1;1;01;05;1;1198.6526492;05;2;1;4;1;2;2;1;1;2;1;1;4;2;1;1;1;1;3;4;4;;;;600000;;;1;;1;;;;;;;;3
20230312;03;2023;7387738;1;1;01;05;1;1298.4303035;05;1;1;2;1;1;2;1;1;2;1;1;3;2;1;1;1;1;1;1;3;;;;;400000;;;;;;;;;1;;;3
20230312;03;2023;7387739;1;1;01;05;1;722.02513666;05;2;1;4;1;2;1;1;1;2;1;1;3;2;1;1;1;1;1;3;4;;;;600000;;;1;;;;;;;;;;3
20230312;03;2023;7387740;1;1;01;05;1;854.55758038;05;2;1;4;1;2;1;1;1;2;1;1;4;3;1;1;1;1;1;3;3;;;;;400000;;1;;;;;;;;;;5
20230312;03;2023;7387741;1;1;01;05;1;1489.0635233;05;1;1;4;1;1;1;1;1;2;1;1;1;1;1;1;1;1;1;3;3;;;;;350000;1;1;;;;;;;;;;2
20230312;03;2023;7387742;1;1;01;05;1;1286.2245295;05;1;1;2;1;1;1;1;1;2;1;1;3;2;1;1;1;1;1;3;1;;;80000000;500000;;;;;;;;;;1;;;4
20230312;03;2023;7387743;1;1;01;05;1;1264.6997222;05;1;1;4;1;1;1;1;1;2;1;1;4;1;1;1;1;1;1;3;3;;;;;600000;;1;;;;;;;;;;4
20230312;03;2023;7387744;1;1;01;05;1;1080.6343267;05;1;1;4;1;1;1;1;1;2;1;1;4;3;1;1;1;1;1;3;1;;;40000000;500000;;;;;;;;;;1;;;3
20230312;03;2023;7387745;1;1;01;05;1;1029.3284863;05;2;1;2;1;1;2;1;1;2;1;1;4;3;1;1;1;1;1;1;3;;;;;600000;;;;;;;;;1;;;5
20230312;03;2023;7387746;1;1;01;05;1;1048.5969044;05;3;1;4;1;3;1;1;1;2;1;1;2;1;1;2;1;1;1;3;3;;;;;420000;;;;;;;;;1;;;2
20230312;03;2023;7387747;1;1;01;05;1;1391.0844256;05;2;1;4;1;1;2;1;1;2;1;1;2;1;1;1;1;1;1;4;4;;;;500000;;;1;;;;;;;;;;2
20230312;03;2023;7387748;1;1;01;05;1;983.31949644;05;2;1;4;1;3;2;1;1;2;1;1;4;2;1;1;1;1;1;1;1;;;230000000;1600000;;;1;;;;;;;;;;2
20230312;03;2023;7387749;1;1;01;05;1;1129.7983181;05;3;1;4;1;3;1;1;1;2;1;1;2;1;1;2;1;1;1;3;3;;;;;330000;;;;;;;;;1;;;1
20230312;03;2023;7387750;1;1;01;05;1;911.44385927;05;2;1;4;1;5;1;1;1;2;1;1;5;4;1;1;1;1;1;3;1;;;98;3000000;;;1;;;;;1;;;;;5
20230312;03;2023;7387751;1;1;01;05;1;510.93665789;05;2;1;4;1;2;2;1;1;2;1;1;4;3;1;1;1;1;1;4;3;;;;;800000;;1;;;;;;;;;;6
20230312;03;2023;7387752;1;1;01;05;1;1603.984725;05;2;1;4;1;3;1;1;1;2;1;1;3;2;1;1;1;1;1;3;3;;;;;550000;;1;;;;;;;;;;2
20230312;03;2023;7387753;1;1;01;05;1;1198.6526492;05;2;1;4;1;2;2;1;1;2;1;1;3;2;1;1;1;1;1;4;3;;;;;380000;;1;;;;;;;;;;3
20230312;03;2023;7387754;1;1;01;05;1;1402.5701304;05;2;1;2;1;2;2;1;1;2;1;3;2;1;1;1;1;1;1;4;4;;;;450000;;;1;;;;;;;;;;1
20230312;03;2023;7387754;2;2;01;05;1;1402.5701304;05;2;1;2;1;2;2;1;1;2;1;3;2;1;1;2;1;1;3;4;4;;;;300000;;;;;;;;;;1;;;1
20230312;03;2023;7387754;3;3;01;05;1;1402.5701304;05;2;1;2;1;2;2;1;1;2;1;3;2;1;1;2;1;1;1;4;4;;;;300000;;;;;;;;;;1;;;1
20230312;03;2023;7387756;1;1;01;05;1;1054.5270691;05;3;1;4;1;3;1;1;1;2;1;1;2;1;1;2;1;1;1;3;3;;;;;350000;;1;;;;;;;;;;1
20230312;03;2023;7387757;1;1;01;05;1;741.60305994;05;2;1;4;1;1;1;1;1;2;1;1;2;2;1;1;1;1;1;3;3;;;;;350000;;1;;;;;;;;;;5
20230312;03;2023;7387758;1;1;01;05;1;833.85284829;05;2;1;4;1;2;1;1;1;2;1;1;3;2;1;1;1;1;1;3;2;;600000;98;500000;;;1;;;;;;;;;;2
20230312;03;2023;7387759;1;1;01;05;1;1054.5270691;05;3;1;4;1;3;1;1;1;2;1;1;1;1;1;2;1;1;1;3;3;;;;;300000;;;;;;;;;1;;;1
20230312;03;2023;7387760;1;1;01;05;1;1138.8892347;05;2;1;4;1;2;1;1;1;2;1;1;3;1;1;1;1;1;1;3;3;;;;;700000;;1;;;;;;;;;;1
20230312;03;2023;7387761;1;1;01;05;1;1054.5270691;05;3;1;4;1;3;1;1;1;2;1;1;2;1;1;2;1;1;1;3;3;;;;;450000;;;;;;;;;1;;;1
20230312;03;2023;7387762;1;1;01;05;1;912.43031884;05;3;1;4;1;3;1;1;1;2;1;1;3;2;1;1;1;1;1;3;1;;;600000000;2500000;;;1;;;;;;;;;;3
20230312;03;2023;7387763;1;1;01;05;1;594.69376844;05;2;1;4;1;1;1;1;1;2;1;1;3;2;1;1;1;1;1;3;1;;;98;400000;;;1;;;;;;;;;;5
20230312;03;2023;7387764;1;1;01;05;1;1078.4579977;05;2;1;2;1;1;1;1;1;2;1;1;3;3;1;1;1;1;1;3;1;;;98;600000;;;1;;;;;;;;;;4
20230312;03;2023;7387765;1;1;01;05;1;915.13911655;05;2;1;4;1;3;1;1;1;2;1;1;2;1;1;1;1;1;1;3;3;;;;;650000;;1;;;;;;;;;;2
20230312;03;2023;7387766;1;1;01;05;1;620.18622001;05;2;1;4;1;1;1;1;1;2;1;1;2;2;1;1;1;1;1;3;1;;;99;600000;;;1;;;;;;;;;;4
20230312;03;2023;7387767;1;1;01;05;1;793.54538217;05;2;1;4;1;3;1;1;1;2;1;1;3;1;1;1;1;1;1;3;1;;;120000000;550000;;;;;;;;;;1;;;1
20230312;03;2023;7387768;1;1;01;05;1;968.6082014;05;2;1;4;1;3;1;1;1;2;1;1;3;2;1;1;1;1;3;3;3;;;;;500000;;1;;;;;;;;;;3
20230312;03;2023;7387769;1;1;01;05;1;613.71183858;05;2;1;4;1;3;1;1;1;2;1;1;5;4;1;1;1;1;1;3;3;;;;;700000;;1;;;;;;;;;;6
20230312;03;2023;7387770;1;1;01;05;1;1444.466997;05;2;1;4;1;2;1;1;1;2;1;1;2;2;1;1;1;1;1;3;3;;;;;270000;;1;;;;;;;;;;4
20230312;03;2023;7387772;1;1;01;05;1;867.16951208;05;2;1;4;1;3;1;1;1;2;1;1;2;1;1;1;1;1;1;3;1;;;80000000;1200000;;;1;;;;;;;;;;2
20230312;03;2023;7387773;1;1;01;05;1;1674.6093857;05;2;1;4;1;3;1;1;1;2;1;1;5;3;1;1;1;1;1;3;1;;;250000000;1000000;;;1;;;;;;;;;;4
20230312;03;2023;7387774;1;1;01;05;1;1652.334516;05;2;1;4;1;2;1;1;1;2;1;1;1;1;1;1;1;1;1;3;3;;;;;300000;;1;;;;;;;;;;2
20230312;03;2023;7387779;1;1;01;05;1;651.53413336;05;2;1;4;1;3;1;1;1;2;1;1;3;2;1;1;1;1;1;3;3;;;;;850000;;1;;;;1;1;;;;;3
20230312;03;2023;7387780;1;1;01;05;1;1675.1671967;05;1;1;4;1;3;1;1;1;2;1;1;4;3;1;1;1;1;1;3;1;;;250000000;2200000;;;1;;1;;;1;;;;;1
20230312;03;2023;7387781;1;1;01;05;1;1024.4894438;05;2;1;4;1;1;2;1;1;2;1;1;3;2;1;1;1;1;1;4;3;;;;;600000;;;;;;;;;1;;;3
20230312;03;2023;7387782;1;1;01;05;1;945.83206351;05;2;1;4;1;1;2;1;1;2;1;1;3;2;1;1;1;1;1;4;3;;;;;460000;;1;;;;;;;;;;5
20230312;03;2023;7387784;1;1;01;05;1;857.51289287;05;2;1;4;1;1;2;1;1;2;1;1;4;3;1;1;1;1;1;4;3;;;;;480000;;;;;;;;;1;;;4
20230312;03;2023;7387785;1;1;01;05;1;847.71736947;05;2;1;4;1;1;2;1;1;2;1;1;3;2;1;1;1;1;1;4;1;;;60000000;300000;;;1;;;;;;;;;;2
20230312;03;2023;7387786;1;1;01;05;1;1929.3663143;05;1;1;4;1;3;1;1;1;3;1;1;4;3;1;1;1;1;1;3;1;;;250000000;1200000;;;1;;;;;;;;;;3
20230312;03;2023;7387787;1;1;01;05;1;1024.4894438;05;2;1;4;1;1;1;1;1;2;1;1;1;1;1;1;1;1;1;3;3;;;;;350000;;;;;;;;;1;;;3
20230312;03;2023;7387789;1;1;01;05;1;662.66071274;05;2;1;4;1;3;1;1;1;2;1;1;3;2;1;1;1;1;1;3;1;;;98;800000;;;1;;;;;;;;;;2
20230312;03;2023;7387790;1;1;01;05;1;3891.8794998;05;2;1;4;1;3;1;1;1;2;1;1;4;3;1;1;1;1;1;3;1;;;98;1500000;;;1;;;;;1;;;;;3
20230312;03;2023;7387791;1;1;01;05;1;907.05133074;05;2;1;4;1;1;2;1;1;2;1;1;2;1;1;1;1;1;1;4;1;;;98;500000;;;1;;;;;;;;;;3
20230312;03;2023;7387792;1;1;01;05;1;1153.8399683;05;2;1;4;1;2;1;1;1;2;1;1;3;2;1;1;1;1;1;3;1;;;100000000;650000;;;;;;;;;;1;;;3
20230312;03;2023;7387793;1;1;01;05;1;902.4493192;05;2;1;4;1;2;1;1;1;2;1;1;4;2;1;1;1;1;1;3;1;;;150000000;950000;;;1;;;;;;;;;;3
20230312;03;2023;7387794;1;1;01;05;1;994.44996989;05;2;1;4;1;2;1;1;1;2;1;1;4;3;1;1;1;1;1;3;3;;;;;800000;;1;;;;;;;;;;6
20230312;03;2023;7387795;1;1;01;05;1;841.55417471;05;2;1;2;1;2;1;1;1;2;1;1;4;3;1;1;1;1;1;3;3;;;;;500000;;1;;;;;;;;;;4
20230312;03;2023;7387796;1;1;01;05;1;1204.2909811;05;2;1;4;1;2;1;1;1;2;1;1;4;2;1;1;1;1;1;3;3;;;;;650000;;1;;;;;;;;;;4
20230312;03;2023;7387797;1;1;01;05;1;1150.3931663;05;2;1;4;1;2;2;1;1;2;1;1;3;1;1;1;1;1;3;1;3;;;;;700000;;;;;;;;;1;;;1
20230312;03;2023;7387798;1;1;01;05;1;979.01103236;05;2;1;4;1;2;1;1;1;2;1;1;5;4;1;1;1;1;1;3;3;;;;;750000;;1;;;;;1;;;;;5
20230312;03;2023;7387799;1;1;01;05;1;662.54449284;05;2;1;4;1;3;1;1;1;2;1;1;4;3;1;1;1;1;1;3;1;;;500000000;1700000;;;1;;;;;;;;;;3
20230312;03;2023;7387800;1;1;01;05;1;511.79475123;05;2;1;4;1;3;1;1;1;2;1;1;5;4;1;1;1;1;1;3;3;;;;;1500000;;1;;;;;;;;;;5
20230312;03;2023;7387801;1;1;01;05;1;608.52743651;05;2;1;4;1;3;1;1;1;2;1;1;5;4;1;1;1;1;1;3;3;;;;;1500000;;1;;;;;;;;;;6
20230312;03;2023;7387802;1;1;01;05;1;721.92288963;05;2;1;4;1;3;1;1;1;2;1;1;4;3;1;1;1;1;1;3;1;;;98;98;;;1;;;;;;;;;;3
20230312;03;2023;7387803;1;1;01;05;1;711.26387941;05;3;1;4;1;3;1;1;1;2;1;1;2;1;1;2;1;1;1;3;3;;;;;500000;;1;;;;;1;;;;;1
20230312;03;2023;7387804;1;1;01;05;1;797.8571471;05;2;1;4;1;3;1;1;1;2;1;1;4;3;1;1;1;1;1;3;3;;;;;792000;;1;;;;;;;;;;5
20230312;03;2023;7387805;1;1;01;05;1;497.46906763;05;2;1;4;1;1;1;1;1;2;1;1;2;1;1;1;1;1;1;3;3;;;;;600000;;;;;;;;;1;;;2
20230312;03;2023;7387807;1;1;01;05;1;721.04806813;05;2;1;4;1;3;1;1;1;2;1;1;5;4;1;1;1;1;1;3;4;;;;800000;;;1;;;;;1;;;;;4
20230312;03;2023;7387808;1;1;01;05;1;864.20265658;05;4;1;4;1;2;2;1;1;2;1;1;1;1;1;1;1;1;2;1;3;;;;;350000;;;;;;;;;1;;;2
20230312;03;2023;7387809;1;1;01;05;1;5203.7992524;05;2;1;4;1;3;1;1;1;2;1;1;6;3;1;1;1;1;1;3;1;;;380000000;1500000;;;1;;;;;;;;;;4
20230312;03;2023;7387810;1;1;01;05;1;857.88036695;05;2;1;4;1;3;1;1;1;2;1;1;4;2;1;1;1;1;1;3;3;;;;;600000;;1;;;;;;;;;;2
20230312;03;2023;7387812;1;1;01;05;1;793.36203886;05;2;1;4;1;3;1;1;1;2;1;1;4;3;1;1;1;1;1;3;4;;;;1000000;;;1;;;;;;;;;;3
20230312;03;2023;7387813;1;1;01;05;1;779.37492892;05;2;1;2;1;3;1;1;1;2;1;1;4;1;1;1;1;1;1;3;1;;;200000000;1200000;;;1;;1;;;;;;;;1
20230312;03;2023;7387815;1;1;01;05;1;3198.2288379;05;2;1;4;1;3;1;1;1;2;1;1;4;1;1;1;1;1;1;3;4;;;;1200000;;;1;;;;;;;;;;1
20230312;03;2023;7387816;1;1;01;05;1;909.2707504;05;3;1;4;1;3;1;1;1;2;1;1;2;1;1;2;1;1;1;3;3;;;;;450000;;;;;;;;;1;;;1
20230312;03;2023;7387817;1;1;01;05;1;1039.1907798;05;2;1;4;1;2;2;1;1;2;1;1;3;2;1;1;1;1;1;1;1;;;50000000;400000;;;1;;;;;;;;;;3
20230312;03;2023;7387818;1;1;01;05;1;772.88731003;05;2;1;4;1;2;1;1;1;2;1;1;4;3;1;1;1;1;1;3;3;;;;;900000;;1;;;;;;;;;;4
20230312;03;2023;7387819;1;1;01;05;1;902.4493192;05;2;1;4;1;2;1;1;1;2;1;1;4;2;1;1;1;1;1;3;1;;;250000000;1000000;;;1;;;;;;;;;;3
20230312;03;2023;7387821;1;1;01;05;1;923.87116441;05;1;1;4;1;1;2;1;1;2;1;1;2;2;1;1;1;1;1;4;3;;;;;550000;;1;;;;;;;;;;2
20230312;03;2023;7387822;1;1;01;05;1;1072.6527606;05;1;1;4;1;1;1;1;1;2;1;1;2;1;1;1;1;1;1;3;1;;;50000000;500000;;;1;;;;;;;;;;3
20230312;03;2023;7387823;1;1;01;05;1;611.68681176;05;2;1;4;1;3;2;1;1;2;1;1;2;2;1;1;1;1;1;1;3;;;;;850000;;1;;;;;;;;;;2
20230312;03;2023;7387824;1;1;01;05;1;893.9063616;05;2;1;4;1;3;2;1;1;2;1;1;2;1;1;1;1;1;1;1;1;;;100000000;1000000;;;1;;;;;;;;;;1
20230312;03;2023;7387825;1;1;01;05;1;665.58283212;05;1;1;4;1;3;1;1;1;2;1;1;3;2;1;1;1;1;1;3;1;;;300000000;1700000;;;1;;;;;;;;;;4
20230312;03;2023;7387826;1;1;01;05;1;834.35108766;05;2;1;4;1;3;2;1;1;2;1;1;5;1;1;2;1;1;1;4;3;;;;;99;;1;;;;;;;;;;1
20230312;03;2023;7387827;1;1;01;05;1;822.46721237;05;2;1;4;1;3;1;1;1;2;1;1;7;1;1;2;1;1;1;3;3;;;;;460000;;1;;;;;;;;;;1
20230312;03;2023;7387828;1;1;01;05;1;1020.1590102;05;2;1;2;1;1;2;1;1;2;1;1;3;2;1;1;1;1;1;4;3;;;;;400000;;1;;;;;;;;;;5
20230312;03;2023;7387829;1;1;01;05;1;872.00561849;05;2;1;4;1;1;2;1;1;2;1;1;3;2;1;1;1;1;1;4;3;;;;;480000;;1;;;;;;;;;;3
20230312;03;2023;7387830;1;1;01;05;1;932.26168735;05;2;1;4;1;1;2;1;1;2;1;1;2;2;1;1;1;1;1;4;3;;;;;550000;;1;;;;;;;;;;3
20230312;03;2023;7387833;1;1;01;05;1;1527.5748607;05;2;1;4;1;6;1;1;1;2;1;1;4;1;1;1;1;1;1;3;4;;;;2000000;;;1;;;;;;;;;;1
20230312;03;2023;7387834;1;1;01;05;1;949.7406493;05;2;1;2;1;2;2;1;1;2;1;1;2;1;1;1;1;1;1;1;3;;;;;550000;;;;;;;;;1;;;4
20230312;03;2023;7387835;1;1;01;05;1;1748.8759192;05;2;1;4;1;3;1;1;1;2;1;1;2;1;1;1;1;1;1;3;3;;;;;300000;;1;;;;;;;;;;3
20230312;03;2023;7387836;1;1;01;05;1;1669.3013108;05;2;1;4;1;3;2;1;1;2;1;1;4;3;1;1;1;1;1;1;3;;;;;600000;;;;;;;;;1;;;2
20230312;03;2023;7387838;1;1;01;05;1;2684.8111522;05;2;1;4;1;3;1;1;1;2;1;1;2;1;1;1;1;1;1;3;3;;;;;500000;;1;;;;;;;;;;1
20230312;03;2023;7387841;1;1;01;08;1;760.59056893;08;2;1;4;1;3;1;1;1;3;1;1;2;1;1;1;1;1;1;3;3;;;;;750000;;1;;;;;;;;;;1
20230312;03;2023;7387843;1;1;01;08;1;405.58716832;08;2;1;4;1;3;1;1;1;3;1;1;3;2;1;1;1;1;1;3;4;;;;900000;;;1;;;;;;;;;;7
20230312;03;2023;7387844;1;1;01;08;1;429.77013517;08;1;1;4;1;3;1;1;1;3;1;1;5;4;1;1;1;1;1;3;4;;;;900000;;;1;;;;;;;;;;11
20230312;03;2023;7387845;1;1;01;08;1;801.57455196;08;2;1;4;1;3;1;1;1;3;1;1;4;2;1;1;1;1;1;3;3;;;;;900000;;1;;;;;;;;;;2
20230312;03;2023;7387846;1;1;01;08;1;621.2524169;08;1;1;4;1;5;1;1;1;3;1;1;5;4;1;1;1;1;1;3;1;;;500000000;1800000;;;1;;;;;;;;;;4
20230312;03;2023;7387847;1;1;01;08;1;784.92309722;08;1;1;4;1;5;1;1;1;3;1;1;4;1;1;1;1;1;1;3;1;;;500000000;1800000;;;1;;;;;;;;;;1
20230312;03;2023;7387848;1;1;01;08;1;614.46559319;08;1;1;4;1;5;1;1;1;3;1;1;6;5;1;1;1;1;1;1;1;;;450000000;1800000;;1;1;;;;;1;;;;;7
20230312;03;2023;7387849;1;1;01;08;1;869.85922929;08;1;1;4;1;5;1;1;1;3;1;1;4;2;1;1;1;1;1;3;1;;;800000000;1500000;;;1;;;;;;;;;;2
20230312;03;2023;7387850;1;1;01;08;1;677.51764682;08;2;1;2;1;3;1;1;1;3;1;1;2;2;1;1;1;1;1;3;4;;;;600000;;;1;;;;;;;;;;3
20230312;03;2023;7387851;1;1;01;08;1;905.82797523;08;2;1;4;1;3;1;1;1;3;1;1;4;3;1;1;1;1;1;3;1;;;250000000;800000;;;1;;;;;1;;;;;4
20230312;03;2023;7387852;1;1;01;08;1;801.05817017;08;1;1;4;1;3;1;1;1;3;1;3;2;1;1;2;1;1;1;3;1;;;200000000;800000;;;;;;;;;;1;;;1
20230312;03;2023;7387852;2;2;01;08;1;801.05817017;08;1;1;4;1;3;1;1;1;3;1;3;1;1;1;2;1;1;1;3;3;;;;;400000;;;;;;;;;1;;;3
20230312;03;2023;7387852;3;3;01;08;1;801.05817017;08;1;1;4;1;3;1;1;1;3;1;3;1;1;1;2;1;1;1;3;3;;;;;350000;;1;;;;;;;;;;2
20230312;03;2023;7387853;1;1;01;08;1;770.65176818;08;2;1;4;1;3;1;1;1;3;1;1;3;1;1;1;1;1;1;3;4;;;;1000000;;;;;;;;;;1;;;1
20230312;03;2023;7387854;1;1;01;08;1;535.0530878;08;1;1;4;1;3;1;1;1;3;1;1;4;1;1;1;1;1;1;3;1;;;150000000;800000;;;1;;;;;;;;;;2
20230312;03;2023;7387855;1;1;01;08;1;707.86231334;08;1;1;4;1;3;1;1;1;3;1;1;3;1;1;1;1;1;1;3;4;;;;850000;;;;;;;1;;1;;;NEQUI DAVIPLATA;1
20230312;03;2023;7387856;1;1;01;08;1;525.3642818;08;1;1;2;1;3;1;1;1;3;1;1;5;4;1;1;1;1;1;3;1;;;200000000;1000000;;;1;;;;;;;;;;6
20230312;03;2023;7387858;1;1;01;08;1;668.81635975;08;1;1;4;1;5;1;1;1;3;1;1;3;3;1;1;1;1;1;3;1;;;700000000;2000000;;;1;;;;;;;;;;2
20230312;03;2023;7387859;1;1;01;08;1;614.97692336;08;1;1;4;1;3;1;1;1;3;1;1;4;1;1;1;1;1;1;3;3;;;;;700000;;1;;;;;;;;;;2
20230312;03;2023;7387860;1;1;01;08;1;668.81635975;08;1;1;4;1;5;1;1;1;3;1;1;5;1;1;1;1;1;1;3;4;;;;1800000;;;1;;;;;1;;;;;2
20230312;03;2023;7387861;1;1;01;08;1;668.81635975;08;1;1;4;1;5;1;1;1;3;1;1;4;1;1;1;1;1;1;3;1;;;700000000;2500000;;;1;;;;;1;;;;;2
20230312;03;2023;7387862;1;1;01;08;1;718.50162985;08;2;1;4;1;3;1;1;1;3;1;1;5;4;1;1;1;1;1;3;1;;;300000000;1500000;;;1;;;;;;;;;;4
20230312;03;2023;7387863;1;1;01;08;1;535.0530878;08;1;1;4;1;3;1;1;1;3;1;1;2;1;1;1;1;1;1;3;3;;;;;600000;;1;;;;;;;;;;2
20230312;03;2023;7387864;1;1;01;08;1;713.60261151;08;2;1;4;1;3;1;1;1;3;1;1;3;2;1;1;1;1;1;3;1;;;200000000;1000000;;;1;;;;;1;;;;;3
20230312;03;2023;7387865;1;1;01;08;1;657.63131161;08;1;1;4;1;3;1;1;1;3;1;1;5;3;1;1;1;1;1;3;1;;;200000000;1200000;;;1;;;;;1;;;;;4
20230312;03;2023;7387866;1;1;01;08;1;614.97692336;08;1;1;4;1;3;1;1;1;3;1;1;3;1;1;1;1;1;1;3;3;;;;;800000;;1;;;;;;;;;;2
20230312;03;2023;7387867;1;1;01;08;1;516.68916385;08;2;1;4;1;3;1;1;1;3;1;1;4;3;1;1;1;1;1;3;3;;;;;1200000;;1;;;;;;;;;;4
20230312;03;2023;7387868;1;1;01;08;1;516.68916385;08;1;1;4;1;3;1;1;1;3;1;1;6;3;1;1;1;1;1;3;1;;;13000000;1800000;;;1;;;;;;;;;;4
20230312;03;2023;7387869;1;1;01;08;1;552.61660039;08;1;1;4;1;3;1;1;1;3;1;1;4;3;1;1;1;1;1;3;3;;;;;1800000;;1;;;;;;;;;;4
20230312;03;2023;7387870;1;1;01;08;1;590.79676283;08;2;1;4;1;3;1;1;1;3;1;1;4;3;1;1;1;1;1;3;3;;;;;1200000;;1;;;;;;;;;;4
20230312;03;2023;7387871;1;1;01;08;1;611.68558541;08;1;1;4;1;3;1;1;1;3;1;1;4;3;1;1;1;1;1;3;1;;;200000000;2000000;;;1;;;;;;;;;;3
20230312;03;2023;7387872;1;1;01;08;1;679.11104999;08;1;1;4;1;3;1;1;1;3;1;1;6;4;1;1;1;1;1;3;4;;;;1000000;;;;;;;;;;1;;;11
20230312;03;2023;7387873;1;1;01;08;1;620.00032158;08;2;1;4;1;3;1;1;1;3;1;1;4;3;1;1;1;1;3;3;1;;;120000000;1000000;;;1;;;;;;;;;;4
20230312;03;2023;7387874;1;1;01;08;1;586.33144403;08;2;1;4;1;3;1;1;1;3;1;1;3;2;1;1;1;1;1;3;3;;;;;900000;;1;;;;;;;;;;3
20230312;03;2023;7387875;1;1;01;08;1;655.82464299;08;1;1;4;1;3;1;1;1;3;1;1;4;3;1;1;1;1;1;3;1;;;250000000;1500000;;;1;;;;;1;;;;;4
20230312;03;2023;7387876;1;1;01;08;1;719.10930585;08;2;1;4;1;3;1;1;1;3;1;1;6;5;1;1;1;1;1;3;1;;;160000000;800000;;;1;;;;;;;;;;8
20230312;03;2023;7387877;1;1;01;08;1;905.82797523;08;2;1;4;1;3;1;1;1;3;1;1;3;2;1;1;1;1;1;3;3;;;;;800000;;1;;;;;;;;;;4
20230312;03;2023;7387879;1;1;01;08;1;584.8913463;08;1;1;4;1;3;1;1;1;3;1;1;6;4;1;1;1;1;1;3;1;;;200000000;2000000;;;1;;;;;;;;;;5
20230312;03;2023;7387880;1;1;01;08;1;722.66527464;08;2;1;4;1;2;1;1;1;3;1;1;3;2;1;1;1;1;1;3;4;;;;800000;;;1;;;;;;;;;;3
20230312;03;2023;7387881;1;1;01;08;1;519.31416601;08;1;1;4;1;1;1;1;1;3;1;1;4;3;1;1;1;1;1;3;1;;;80000000;450000;;;1;;;;;1;;;;;7
20230312;03;2023;7387882;1;1;01;08;1;322.37246691;08;1;1;2;1;1;1;1;1;2;1;1;3;2;1;1;1;1;1;3;1;;;60000000;350000;;;1;;;;;;;;;;14
20230312;03;2023;7387883;1;1;01;08;1;559.25561658;08;2;1;2;1;2;1;1;1;3;1;1;1;1;1;1;1;1;1;3;4;;;;600000;;;;;;;;;;1;;;3
20230312;03;2023;7387884;1;1;01;08;1;640.73022122;08;2;1;4;1;2;1;1;1;3;1;1;3;2;1;1;1;1;3;3;3;;;;;500000;;1;;;;;;;;;;4
20230312;03;2023;7387885;1;1;01;08;1;489.3461458;08;2;1;4;1;2;1;1;1;3;1;2;5;3;1;1;1;1;1;3;1;;;150000000;800000;;;1;;;;;;;;;;4
20230312;03;2023;7387885;2;2;01;08;1;489.3461458;08;2;1;4;1;2;1;1;1;3;1;2;5;1;1;1;1;1;1;3;3;;;;;400000;;1;;;;;;;;;;2
20230312;03;2023;7387888;1;1;01;08;1;782.87330636;08;1;1;4;1;1;1;1;1;3;1;1;4;2;1;1;1;1;3;3;1;;;60000000;400000;;;1;;;;;;;;;;2
20230312;03;2023;7387889;1;1;01;08;1;813.30875778;08;1;1;4;1;1;1;1;1;3;1;1;3;2;1;1;1;1;3;3;3;;;;;600000;;;;;;;;;1;;;4
20230312;03;2023;7387890;1;1;01;08;1;805.77372321;08;2;1;4;1;2;1;1;1;3;1;1;5;2;1;1;1;1;1;3;4;;;;700000;;;;;;;;;;1;;;2
20230312;03;2023;7387891;1;1;01;08;1;717.45029078;08;1;1;4;1;1;1;1;1;3;1;1;4;3;1;1;1;1;3;3;3;;;;;480000;;1;;;;;;;;;;5
20230312;03;2023;7387892;1;1;01;08;1;784.96287266;08;1;1;4;1;1;1;1;1;3;1;1;3;1;1;1;1;1;1;3;3;;;;;350000;;1;;;;;;;;;;3
20230312;03;2023;7387893;1;1;01;08;1;758.51942879;08;1;1;4;1;1;1;1;1;3;1;1;5;4;1;1;1;1;3;3;1;;;55000000;400000;;;1;;;;;;;;;;4
20230312;03;2023;7387894;1;1;01;08;1;872.78762137;08;2;1;4;1;1;1;1;1;3;1;1;2;1;1;1;1;1;3;3;3;;;;;350000;;1;;;;;;;;;;2
20230312;03;2023;7387895;1;1;01;08;1;638.94134131;08;2;1;4;1;1;1;1;1;3;1;1;3;2;1;1;1;1;1;3;3;;;;;350000;;1;;;;;;;;;;4
20230312;03;2023;7387898;1;1;01;08;1;686.84251358;08;2;1;4;1;2;1;1;1;3;1;1;3;1;1;1;1;1;1;3;3;;;;;650000;;1;;;;1;1;;;;;3
20230312;03;2023;7387899;1;1;01;08;1;491.65173843;08;2;1;4;1;2;1;1;1;3;1;1;3;2;1;1;1;1;1;3;3;;;;;550000;;1;;;;;;;;;;7
20230312;03;2023;7387900;1;1;01;08;1;766.71664769;08;1;1;2;1;1;1;1;1;3;1;1;4;3;1;1;1;1;1;3;1;;;60000000;400000;;;1;;;;;;;;;;8
20230312;03;2023;7387902;1;1;01;08;1;2399.6321387;08;2;1;4;1;2;1;1;1;3;1;1;4;3;1;1;1;1;3;3;3;;;;;600000;;1;;;;;;;;;;4
20230312;03;2023;7387903;1;1;01;08;1;572.01464671;08;2;1;4;1;2;1;1;1;3;1;1;3;2;1;1;1;1;3;3;1;;;90000000;700000;;;1;;;;;;;;;;2
20230312;03;2023;7387904;1;1;01;08;1;609.31337524;08;1;1;4;1;1;1;1;1;3;1;1;3;2;1;1;1;1;3;3;3;;;;;350000;;1;;;;;;;;;;5
20230312;03;2023;7387905;1;1;01;08;1;496.53519839;08;1;1;2;1;1;1;1;1;3;1;1;5;4;1;1;1;1;1;3;1;;;45000000;450000;;;1;;;;;;;;;;4
20230312;03;2023;7387906;1;1;01;08;1;766.42430743;08;1;1;2;1;1;1;1;1;3;1;1;3;2;1;1;1;1;1;3;3;;;;;450000;;1;;;;;;;;;;5
20230312;03;2023;7387907;1;1;01;08;1;796.34510251;08;1;1;2;1;1;1;1;1;3;1;1;2;1;1;1;1;1;3;3;1;;;20000000;400000;;;1;;;;;;;;;;1
20230312;03;2023;7387908;1;1;01;08;1;620.69560509;08;1;1;4;1;1;1;1;1;3;1;1;3;2;1;1;1;1;1;3;4;;;;400000;;;1;;;;;;;;;;3
20230312;03;2023;7387909;1;1;01;08;1;672.85414395;08;1;1;2;1;1;1;1;1;3;1;1;2;1;1;1;1;1;1;3;1;;;40000000;400000;;;1;;;;;;;;;;3
20230312;03;2023;7387910;1;1;01;08;1;775.41039843;08;1;1;2;1;1;1;1;1;3;1;2;2;1;1;1;1;1;4;3;4;;;;200000;;;1;;;;;;;;;;4
20230312;03;2023;7387910;2;2;01;08;1;775.41039843;08;1;1;2;1;1;1;1;1;3;1;2;2;1;1;1;1;1;4;3;4;;;;250000;;;1;;;;;;;;;;3
20230312;03;2023;7387911;1;1;01;08;1;637.25718191;08;2;1;2;1;1;1;1;1;3;1;1;3;3;1;1;1;1;1;3;2;;200000;25000000;400000;;;1;;;;;;1;;;FIADO EN LA TIENDA;7
20230312;03;2023;7387912;1;1;01;08;1;652.93560817;08;2;1;4;1;1;1;1;1;3;1;1;3;2;1;1;1;1;3;3;3;;;;;500000;;;;;;;;;1;;;5
20230312;03;2023;7387913;1;1;01;08;1;619.42737826;08;2;1;2;1;1;1;1;1;3;1;1;2;1;1;1;1;1;1;3;3;;;;;600000;;1;;;;;;;;;;3
20230312;03;2023;7387914;1;1;01;08;1;633.33130218;08;2;1;2;1;1;1;1;1;3;1;1;2;1;1;1;1;1;1;3;4;;;;350000;;;1;;;;;;;;;;1
20230312;03;2023;7387915;1;1;01;08;1;522.85359296;08;2;1;4;1;1;1;1;1;3;1;1;2;1;1;1;1;1;3;3;3;;;;;350000;;1;;;;;;;;;;4
20230312;03;2023;7387916;1;1;01;08;1;579.87856944;08;2;1;4;1;1;1;1;1;3;1;1;3;2;1;1;1;1;3;3;3;;;;;550000;;;;;;;;;1;;;6
20230312;03;2023;7387917;1;1;01;08;1;508.94966904;08;2;1;4;1;1;1;1;1;3;1;1;4;3;1;1;1;1;1;3;3;;;;;800000;;1;;;;;1;;;;;6
20230312;03;2023;7387918;1;1;01;08;1;1200.8704123;08;2;1;4;1;2;1;1;1;3;1;1;3;2;1;1;1;1;3;3;3;;;;;600000;;1;;;;;;;;;;4
20230312;03;2023;7387919;1;1;01;08;1;784.53831541;08;2;1;4;1;2;1;1;1;3;1;1;3;2;1;1;1;1;3;3;3;;;;;650000;;1;;;;;;;;;;3
20230312;03;2023;7387920;1;1;01;08;1;1930.1114917;08;2;1;4;1;2;1;1;1;3;1;1;3;2;1;1;1;1;1;3;4;;;;500000;;;1;;;;;;;;;;2
20230312;03;2023;7387921;1;1;01;08;1;1428.7262837;08;2;1;4;1;2;1;1;1;3;1;1;4;3;1;1;1;1;3;3;1;;;180000000;600000;;;1;;;;;;;;;;5
20230312;03;2023;7387922;1;1;01;08;1;1200.8704123;08;2;1;4;1;2;1;1;1;3;1;1;4;3;1;1;1;1;3;3;4;;;;600000;;;1;;;;;;;;;;4
20230312;03;2023;7387923;1;1;01;08;1;1437.8909778;08;2;1;4;1;2;1;1;1;3;1;1;3;2;1;1;1;1;3;3;3;;;;;550000;;1;;;;;;;;;;4
20230312;03;2023;7387925;1;1;01;08;1;1862.6595169;08;2;1;4;1;2;1;1;1;3;1;1;3;2;1;1;1;1;1;3;4;;;;500000;;;1;;;;;;;;;;3
20230312;03;2023;7387926;1;1;01;08;1;619.42737826;08;2;1;4;1;1;1;1;1;3;1;1;3;2;1;1;1;1;3;3;3;;;;;590000;;1;;;;;1;;;;;3
20230312;03;2023;7387927;1;1;01;08;1;430.54574634;08;1;1;4;1;1;1;1;1;3;1;1;3;2;1;1;1;1;3;3;3;;;;;800000;;1;;;;;;;;;;4
20230312;03;2023;7387928;1;1;01;08;1;416.6001448;08;1;1;4;1;1;1;1;1;3;1;1;4;3;1;1;1;1;1;3;4;;;;800000;;;1;;;;;;;;;;4
20230312;03;2023;7387929;1;1;01;08;1;597.25882688;08;2;1;2;1;1;1;1;1;3;1;1;2;1;1;1;1;1;1;4;4;;;;300000;;;;;;;;;;1;;;1
20230312;03;2023;7387930;1;1;01;08;1;361.7567224;08;2;1;4;1;1;1;1;1;3;1;1;2;2;1;1;1;1;3;3;3;;;;;450000;;;;;;;;1;;;NEQUI;4
20230312;03;2023;7387931;1;1;01;08;1;395.79485572;08;1;1;4;1;1;1;1;1;3;1;1;4;3;1;1;1;1;3;3;1;;;110000000;850000;;1;1;;1;1;;1;;;;;5
20230312;03;2023;7387932;1;1;01;08;1;389.25088209;08;1;1;4;1;1;1;1;1;3;1;1;4;3;1;1;1;1;1;3;1;;;120000000;800000;;;1;;;;;;;;;;5
20230312;03;2023;7387934;1;1;01;08;1;409.0333503;08;1;1;4;1;1;1;1;1;3;1;1;4;3;1;1;1;1;1;3;1;;;80000000;800000;;;1;;;;;;;;;;4
20230312;03;2023;7387935;1;1;01;08;1;433.79311489;08;1;1;2;1;1;1;1;1;3;1;1;4;2;1;1;1;1;3;3;1;;;120000000;700000;;;1;;;;;1;;;;;2
20230312;03;2023;7387936;1;1;01;08;1;706.46658539;08;2;1;2;1;1;2;1;1;3;1;1;2;1;1;1;1;1;4;1;3;;;;;350000;;;;;;;;;1;;;3
20230312;03;2023;7387937;1;1;01;08;1;592.52866795;08;1;1;4;1;1;1;1;1;3;1;1;5;4;1;1;1;1;1;3;3;;;;;900000;;1;;;;;1;;;;;8
20230312;03;2023;7387938;1;1;01;08;1;627.16076545;08;2;1;2;1;1;2;1;1;3;1;1;3;2;1;1;1;1;3;1;3;;;;;450000;;;;;;;;;1;;;7
20230312;03;2023;7387939;1;1;01;08;1;529.82309063;08;2;1;2;1;1;1;1;1;3;1;1;2;1;1;1;1;1;1;3;4;;;;600000;;;;;;;;;;1;;;1
20230312;03;2023;7387940;1;1;01;08;1;529.82309063;08;2;1;4;1;1;1;1;1;3;1;1;3;1;1;1;1;1;1;3;1;;;85000000;550000;;;1;;;;;;;;;;1
20230312;03;2023;7387941;1;1;01;08;1;619.42737826;08;2;1;4;1;1;1;1;1;3;1;1;3;2;1;1;1;1;1;3;3;;;;;630000;;1;;;;;;;;;;3
20230312;03;2023;7387942;1;1;01;08;1;411.92622081;08;2;1;2;1;1;1;1;1;3;1;1;3;2;1;1;1;1;1;3;3;;;;;400000;;1;;;;;;;;;;3
20230312;03;2023;7387943;1;1;01;08;1;701.11684859;08;2;1;2;1;1;2;1;1;3;1;1;3;2;1;1;1;1;3;1;3;;;;;300000;;1;;;;;;;;;;4
20230312;03;2023;7387944;1;1;01;08;1;689.78187669;08;2;1;2;1;1;2;1;1;3;1;1;4;3;1;1;1;1;1;1;3;;;;;450000;;;;;;;;1;;;FIADO EN LA TIENDA;5
20230312;03;2023;7387945;1;1;01;08;1;428.21864815;08;2;1;2;1;1;1;1;1;3;1;2;4;3;1;1;1;1;1;3;4;;;;350000;;;1;;;;;;;;;;8
20230312;03;2023;7387945;2;2;01;08;1;428.21864815;08;2;1;2;1;1;1;1;1;3;1;2;2;1;1;1;1;1;3;3;4;;;;200000;;;1;;;;;;;;;;5
20230312;03;2023;7387946;1;1;01;08;1;759.99756262;08;2;1;2;1;1;1;1;1;3;1;1;2;1;1;1;1;1;3;3;3;;;;;350000;;;;;;;;;1;;;1
20230312;03;2023;7387947;1;1;01;08;1;635.78770875;08;2;1;4;1;1;1;1;1;3;1;1;3;1;1;1;1;1;1;3;4;;;;600000;;;1;;;;;;;;;;1
20230312;03;2023;7387948;1;1;01;08;1;706.46658539;08;2;1;4;1;1;1;1;1;3;1;1;3;1;1;1;1;1;1;3;1;;;100000000;500000;;;1;;;;;1;;;;;3
20230312;03;2023;7387950;1;1;01;08;1;351.12858887;08;1;1;4;1;1;1;1;1;3;1;1;4;1;1;1;1;1;1;3;1;;;2000000000;800000;;;;;;;;1;;;;;2
20230312;03;2023;7387954;1;1;01;08;1;602.72873355;08;1;1;4;1;1;1;1;1;3;1;1;5;3;1;1;1;1;1;3;4;;;;500000;;;1;;;;;;;;;;4
20230312;03;2023;7387955;1;1;01;08;1;668.81635975;08;1;1;4;1;1;1;1;1;3;1;1;3;1;1;1;1;1;1;3;4;;;;500000;;;;;;;;;;1;;;2
20230312;03;2023;7387956;1;1;01;08;1;519.1394719;08;2;1;4;1;1;1;1;1;3;1;1;3;2;1;1;1;1;3;3;1;;;60000000;500000;;;;;;;;;;1;;;4
20230312;03;2023;7387957;1;1;01;08;1;640.17858673;08;1;1;4;1;1;1;1;1;3;1;1;3;2;1;1;1;1;1;3;1;;;50000000;700000;;;;;;;;;;1;;;4
20230312;03;2023;7387958;1;1;01;08;1;768.7211542;08;1;1;2;1;1;1;1;1;3;1;1;3;1;1;1;1;1;1;3;1;;;50000000;600000;;;;;;;;;;1;;;2
20230312;03;2023;7387959;1;1;01;08;1;728.68954568;08;2;1;4;1;1;1;1;1;3;1;1;2;1;1;1;1;1;3;3;4;;;;400000;;;1;;;;;;;;;;3
20230312;03;2023;7387960;1;1;01;08;1;548.87478038;08;1;1;4;1;1;1;1;1;3;1;1;4;3;1;1;1;1;1;3;1;;;50000000;700000;;;1;;;;;;;;;;7
20230312;03;2023;7387961;1;1;01;08;1;596.12412022;08;2;1;4;1;1;1;1;1;3;1;1;3;2;1;1;1;1;3;3;1;;;40000000;400000;;;;;;;;;;1;;;5
20230312;03;2023;7387962;1;1;01;08;1;818.74026547;08;2;1;4;1;1;1;1;1;3;1;1;4;3;1;1;1;1;1;3;3;;;;;500000;;;;;;;;;1;;;3
20230312;03;2023;7387965;1;1;01;08;1;671.21064458;08;1;1;4;1;3;1;1;1;3;1;1;3;2;1;1;1;1;1;3;3;;;;;700000;;1;;;;;;;;;;4
20230309;03;2023;7387966;1;1;01;11;1;4719.150061;11;2;1;4;1;5;1;1;1;3;1;1;2;1;1;1;1;1;1;3;3;;;;;1709000;;1;;;;;1;;;;;2
20230312;03;2023;7387968;1;1;01;11;1;4614.3062187;11;2;1;4;1;6;1;1;1;3;1;1;4;3;1;1;1;1;1;3;1;;;600000000;98;;;1;;;;;1;;;;;4
20230312;03;2023;7387969;1;1;01;11;1;5033.2976746;11;1;1;4;1;3;1;1;1;3;1;1;3;1;1;1;1;1;1;3;4;;;;300000;;;;;;;;;;1;;;1
20230312;03;2023;7387970;1;1;01;11;1;3679.1908381;11;1;1;4;1;3;1;1;1;3;1;1;4;2;1;1;1;1;1;3;3;;;;;950000;;1;;;;1;1;;;;;2
20230312;03;2023;7387971;1;1;01;11;1;3213.3909695;11;2;1;4;1;3;1;1;1;3;1;1;4;3;1;1;1;1;1;3;2;;500000;200000000;900000;;;1;;1;;1;1;;;;;3
20230312;03;2023;7387972;1;1;01;11;1;4815.2792716;11;1;1;4;1;3;1;1;1;3;1;1;4;2;1;1;1;1;1;3;3;;;;;1500000;;1;;;;;1;;;;;2
20230312;03;2023;7387973;1;1;01;11;1;2902.1505619;11;1;1;4;1;3;1;1;1;3;1;1;5;4;1;1;1;1;1;3;3;;;;;1000000;;1;;;;;;;;;;3
20230312;03;2023;7387975;1;1;01;11;1;4413.2158012;11;1;1;4;1;3;1;1;1;3;1;1;4;1;1;1;1;1;1;3;1;;;170000000;900000;;;1;;;;;;;;;;2
20230312;03;2023;7387976;1;1;01;11;1;4139.0896929;11;2;1;4;1;6;1;1;1;3;1;1;4;3;1;1;1;1;1;3;3;;;;;3400000;;1;;;;;;;;;;2
20230312;03;2023;7387977;1;1;01;11;1;3067.7074891;11;2;1;4;1;3;1;1;1;3;1;1;3;1;1;1;1;1;1;3;3;;;;;700000;;1;;;;1;1;;;;;2
20230312;03;2023;7387978;1;1;01;11;1;3774.973256;11;2;1;4;1;3;1;1;1;3;1;1;2;1;1;1;1;1;1;3;4;;;;1000000;;;1;;;;;1;;;;;1
20230312;03;2023;7387979;1;1;01;11;1;2797.2790222;11;2;1;4;1;3;1;1;1;3;1;1;4;2;1;1;1;1;1;3;3;;;;;800000;;;;;;;;;1;;;2
20230312;03;2023;7387980;1;1;01;11;1;1912.7203371;11;1;1;4;1;3;1;1;1;3;1;1;5;3;1;1;1;1;1;3;4;;;;700000;;;1;;;;;;;;;;5
20230312;03;2023;7387981;1;1;01;11;1;3885.5104996;11;2;1;4;1;3;1;1;1;3;1;1;3;1;1;1;1;1;1;3;3;;;;;900000;;1;;;;;;;;;;1
20230312;03;2023;7387982;1;1;01;11;1;2547.9805007;11;2;1;4;1;3;1;1;1;3;1;1;4;3;1;1;1;1;1;3;3;;;;;800000;;;;;;;;;1;;;6
20230312;03;2023;7387983;1;1;01;11;1;5033.2976746;11;2;1;4;1;3;1;1;1;3;1;1;3;1;1;1;1;1;1;3;2;;700000;160000000;800000;;;;;;;;;;1;;;1
20230312;03;2023;7387985;1;1;01;11;1;2172.6791261;11;2;1;4;1;3;1;1;1;3;1;1;4;3;1;1;1;1;1;3;3;;;;;500000;;1;;;;;1;;;;;5
20230312;03;2023;7387986;1;1;01;11;1;3099.6401184;11;2;1;4;1;2;1;1;1;3;1;1;4;2;1;1;1;1;1;3;3;;;;;700000;;1;;;;;;;;;;4
20230312;03;2023;7387987;1;1;01;11;1;6589.9437334;11;2;1;4;1;2;1;1;1;3;1;1;3;2;1;1;1;1;1;3;3;;;;;300000;;1;;;;;;;;;;2
20230312;03;2023;7387988;1;1;01;11;1;2189.3658882;11;2;1;4;1;2;1;1;1;3;1;1;4;3;1;1;1;1;1;3;3;;;;;750000;;1;;;;;;;;;;5
20230312;03;2023;7387989;1;1;01;11;1;4189.485045;11;1;1;2;1;2;1;1;1;3;1;1;5;4;1;1;1;1;1;3;3;;;;;800000;;1;;;;;;;;;;7
20230312;03;2023;7387990;1;1;01;11;1;7222.6311211;11;2;1;4;1;2;1;1;1;3;1;1;3;2;1;1;1;1;1;3;3;;;;;500000;;1;;;;;;;;;;3
20230312;03;2023;7387993;1;1;01;11;1;7136.6096886;11;2;1;4;1;2;1;1;1;3;1;1;3;2;1;1;1;1;1;3;3;;;;;1100000;;1;;;;;1;;;;;4
20230312;03;2023;7387994;1;1;01;11;1;3885.4874971;11;2;1;4;1;2;1;1;1;3;1;1;3;2;1;1;1;1;1;3;3;;;;;600000;;1;;;;;;;;;;4
20230312;03;2023;7387995;1;1;01;11;1;8320.3492172;11;2;1;4;1;2;1;1;1;3;1;1;2;1;1;1;1;1;1;3;3;;;;;250000;;;;;;;;;1;;;1
20230312;03;2023;7387996;1;1;01;11;1;5680.5805404;11;1;1;4;1;2;1;1;1;3;1;1;2;2;1;1;1;1;1;3;3;;;;;450000;;1;;;;;;;;;;5
20230312;03;2023;7387998;1;1;01;11;1;3650.4876962;11;2;1;4;1;3;1;1;1;3;1;1;2;1;1;1;1;1;1;4;4;;;;800000;;;1;;;;;1;;;;;1
20230312;03;2023;7387999;1;1;01;11;1;3439.4181693;11;2;1;4;1;2;1;1;1;3;1;1;1;1;1;1;1;1;1;3;3;;;;;350000;;1;;;;;;;;;;1
20230312;03;2023;7388000;1;1;01;11;1;3143.6770566;11;2;1;4;1;2;1;1;1;3;1;1;3;1;1;1;1;1;1;3;3;;;;;530000;;1;;;;;;;;;;3
20230312;03;2023;7388001;1;1;01;11;1;2578.8532632;11;2;1;4;1;1;1;1;1;3;1;1;3;2;1;1;1;1;1;3;1;;;450000000;600000;;;;;;;;;;1;;;4
20230312;03;2023;7388002;1;1;01;11;1;3478.2910892;11;2;1;4;1;2;1;1;1;3;1;1;5;3;1;1;1;1;1;3;3;;;;;1150000;;1;;;;;;;;;;5
20230312;03;2023;7388003;1;1;01;11;1;3677.8992512;11;2;1;4;1;1;1;1;1;3;1;1;3;1;1;1;1;1;1;3;3;;;;;400000;;1;;;;;;;;;;3
20230312;03;2023;7388004;1;1;01;11;1;3309.9009356;11;1;1;4;1;1;1;1;1;3;1;1;4;3;1;1;1;1;1;3;1;;;220000000;600000;;;;;;;;;;1;;;3
20230312;03;2023;7388005;1;1;01;11;1;3426.9092414;11;2;1;6;1;4;1;1;1;3;1;1;4;3;1;1;1;1;1;3;1;;;99;1500000;;;1;1;;;;;;;;;3
20230312;03;2023;7388006;1;1;01;11;1;3041.4345442;11;2;1;4;1;1;1;1;1;3;1;1;3;1;1;1;1;1;1;3;1;;;200000000;600000;;;1;;;;;;;;;;3
20230312;03;2023;7388007;1;1;01;11;1;3656.2598172;11;2;1;4;1;1;1;1;1;3;1;1;4;3;1;1;1;1;1;3;3;;;;;550000;;1;;;;;;;;;;5
20230312;03;2023;7388008;1;1;01;11;1;3533.286953;11;2;1;4;1;1;1;1;1;3;1;1;3;2;1;1;1;1;1;3;3;;;;;500000;;1;;;;;1;;;;;4
20230312;03;2023;7388009;1;1;01;11;1;3936.7090633;11;2;1;4;1;1;1;1;1;3;1;1;3;2;1;1;1;1;1;3;3;;;;;400000;;1;;;;;;;;;;3
20230312;03;2023;7388012;1;1;01;11;1;5052.0880874;11;2;1;4;1;2;1;1;1;3;1;1;4;1;1;1;1;1;1;3;3;;;;;500000;;1;;;;1;1;;;;;3
20230312;03;2023;7388013;1;1;01;11;1;2321.7204495;11;2;1;4;1;3;1;1;1;3;1;1;3;2;1;1;1;1;1;3;3;;;;;730000;;;;;;;;;1;;;3
20230312;03;2023;7388014;1;1;01;11;1;3677.8992512;11;2;1;4;1;1;1;1;1;3;1;1;3;2;1;1;1;1;1;3;3;;;;;400000;;;;;;;;;1;;;3
20230312;03;2023;7388015;1;1;01;11;1;3885.4874971;11;1;1;4;1;2;1;1;1;3;1;1;4;3;1;1;1;1;1;3;3;;;;;1500000;;1;;;;;;;;;;4
20230312;03;2023;7388016;1;1;01;11;1;1651.312781;11;1;1;4;1;3;1;1;1;3;1;1;5;4;1;1;1;1;1;3;2;;98;98;150000;;;1;;1;;;;;;;;5
20230312;03;2023;7388017;1;1;01;11;1;2942.319401;11;2;1;4;1;3;1;1;1;2;1;1;3;2;1;1;1;1;1;3;3;;;;;550000;;;;;;;;;1;;;3
20230312;03;2023;7388019;1;1;01;11;1;3623.9743257;11;2;1;4;1;3;1;1;1;3;1;1;2;1;1;1;1;1;1;3;3;;;;;800000;;;;;;;;;1;;;1
20230312;03;2023;7388020;1;1;01;11;1;4076.9240734;11;2;1;4;1;4;1;1;1;3;1;1;4;3;1;1;1;1;1;3;1;;;420000000;1500000;;;1;;;;1;1;;;;;3
20230312;03;2023;7388021;1;1;01;11;1;5662.459884;11;2;1;4;1;3;1;1;1;3;1;1;2;1;1;1;1;1;1;3;3;;;;;600000;;1;;;;;1;;;;;1
20230312;03;2023;7388022;1;1;01;11;1;4856.8593714;11;1;1;4;1;3;1;1;1;3;1;1;4;3;1;1;1;1;1;3;2;;2500000;200000000;1200000;;;1;;1;;;1;;;;;4
20230312;03;2023;7388023;1;1;01;11;1;2335.2518295;11;1;1;4;1;3;1;1;1;3;1;1;5;4;1;1;1;1;1;3;4;;;;1500000;;;1;;;;;;;;;;4
20230312;03;2023;7388025;1;1;01;11;1;6017.3215666;11;2;1;4;1;2;1;1;1;3;1;1;3;1;1;1;1;1;1;3;2;;300000;150000000;500000;;;1;;1;;;1;;;;;1
20230312;03;2023;7388026;1;1;01;11;1;3902.2334656;11;2;1;4;1;4;1;1;1;2;1;1;4;3;1;1;1;1;1;1;1;;;380000000;2000000;;;1;;;;1;1;;;;;4
20230312;03;2023;7388027;1;1;01;11;1;3970.8117314;11;2;1;2;1;2;1;1;1;3;1;1;2;2;1;1;1;1;1;3;3;;;;;500000;;1;;;;;1;;;;;5
20230312;03;2023;7388028;1;1;01;11;1;4836.6818005;11;1;1;4;1;3;1;1;1;3;1;1;4;3;1;1;1;1;1;3;3;;;;;400000;;;;;;;;;1;;;1
20230312;03;2023;7388029;1;1;01;11;1;5297.1100514;11;1;1;4;1;3;1;1;1;3;1;1;4;2;1;1;1;1;1;3;1;;;750000000;1800000;;;1;;;;;;;;;;4
20230312;03;2023;7388031;1;1;01;11;1;3243.7955141;11;2;1;4;1;2;1;1;1;3;1;1;3;2;1;1;1;1;1;3;3;;;;;600000;;1;;;;;;;;;;4
20230312;03;2023;7388032;1;1;01;11;1;3793.1846861;11;2;1;6;1;2;1;1;1;3;1;1;3;2;1;1;1;1;1;3;4;;;;500000;;;1;;;;;;;;;;3
20230312;03;2023;7388034;1;1;01;11;1;5535.8827896;11;2;1;4;1;2;1;1;1;3;1;1;3;2;1;1;1;1;1;3;3;;;;;500000;;1;;;;;;;;;;3
20230312;03;2023;7388035;1;1;01;11;1;4029.3944414;11;2;1;4;1;2;1;1;1;3;1;1;3;2;1;1;1;1;1;3;3;;;;;550000;;1;;;;;;;;;;4
20230312;03;2023;7388037;1;1;01;11;1;3269.2437789;11;2;1;4;1;2;1;1;1;3;1;1;2;2;1;1;1;1;1;3;3;;;;;528000;;;;;;;;;1;;;3
20230312;03;2023;7388038;1;1;01;11;1;3370.7526801;11;2;1;4;1;2;1;1;1;3;1;1;4;3;1;1;1;1;1;3;6;;;;600000;;;1;;;;;;;;;;4
20230312;03;2023;7388039;1;1;01;11;1;3287.4169396;11;2;1;4;1;2;1;1;1;3;1;1;3;2;1;1;1;1;1;3;1;;;150000000;600000;;;1;;;;;;;;;;2
20230312;03;2023;7388041;1;1;01;11;1;3577.9079867;11;2;1;4;1;2;1;1;1;3;1;1;3;2;1;1;1;1;1;3;2;;180000;98;700000;;;1;;1;;;;;;;;2
20230312;03;2023;7388042;1;1;01;11;1;1936.3177287;11;2;1;4;1;2;1;1;1;3;1;1;4;2;1;1;1;1;1;3;2;;450000;80000000;420000;;;1;;1;;;;;;;;3
20230312;03;2023;7388043;1;1;01;11;1;4444.1282619;11;2;1;4;1;5;1;1;1;3;1;1;5;2;1;1;1;1;1;3;1;;;270000000;1800000;;;1;;;;;1;;;;;3
20230312;03;2023;7388045;1;1;01;11;1;3272.2213217;11;2;1;4;1;3;1;1;1;3;1;1;4;2;1;1;1;1;1;3;3;;;;;1150000;;1;;;;;1;1;;;NEQUI DAVIPLATA;2
20230312;03;2023;7388046;1;1;01;11;1;4225.4926683;11;2;1;3;1;5;1;1;1;3;1;1;4;3;1;1;1;1;1;3;1;;;1000000000;4800000;;;1;;1;1;1;;;;;;1
20230312;03;2023;7388047;1;1;01;11;1;4168.9017166;11;2;1;6;1;5;1;1;1;3;1;1;5;3;1;1;1;1;1;3;1;;;1200000000;7000000;;;1;;;;;;;;;;2
20230312;03;2023;7388048;1;1;01;11;1;4225.4926683;11;2;1;4;1;5;1;1;1;3;1;1;3;1;1;1;1;1;1;3;1;;;99;3000000;;;1;;;;;;;;;;1
20230312;03;2023;7388049;1;1;01;11;1;2983.7642903;11;2;1;4;1;3;1;1;1;3;1;1;4;2;1;1;1;1;1;3;3;;;;;1200000;;1;;;;;1;;;;;2
20230312;03;2023;7388050;1;1;01;11;1;2651.5117135;11;2;1;4;1;3;1;1;1;3;1;1;4;3;1;1;1;10;1;3;1;;;220000000;1100000;;;1;;1;;;;;;;;4
20230312;03;2023;7388051;1;1;01;11;1;3675.0667409;11;2;1;3;1;5;1;1;1;3;1;1;4;3;1;1;1;1;1;3;2;;2500000;800000000;3500000;;;1;;1;;;;;;;;3
20230312;03;2023;7388053;1;1;01;11;1;3599.0969615;11;2;1;6;1;5;1;1;1;3;1;1;5;3;1;1;1;1;1;3;2;;3000000;1200000000;6000000;;;1;;1;;;1;;;;;4
20230312;03;2023;7388054;1;1;01;11;1;3874.550148;11;1;1;4;1;3;1;1;1;3;1;1;5;4;1;1;1;1;1;3;1;;;200000000;800000;;;1;;;;;1;;;;;4
20230312;03;2023;7388056;1;1;01;11;1;4499.3852879;11;1;1;4;1;3;1;1;1;3;1;1;4;1;1;1;1;1;1;3;1;;;800000000;2500000;;1;1;;;;;1;;;;;2
20230312;03;2023;7388059;1;1;01;11;1;4948.1510498;11;2;1;6;1;4;1;1;1;3;1;1;5;1;1;1;1;1;1;3;3;;;;;1500000;;1;;;;1;1;;;;;2
20230312;03;2023;7388060;1;1;01;11;1;4484.2358424;11;2;1;4;1;4;1;1;1;3;1;1;3;2;1;1;1;1;1;3;3;;;;;1500000;;1;;;;;;;;;;2
20230312;03;2023;7388061;1;1;01;11;1;3144.5996695;11;2;1;4;1;3;1;1;1;3;1;1;4;3;1;1;1;1;1;3;1;;;200000000;1200000;;;1;;;;1;;1;;;NEQUI;4
20230312;03;2023;7388063;1;1;01;11;1;4208.7333049;11;1;1;4;1;3;1;1;1;3;1;1;4;3;1;1;1;1;1;3;1;;;300000000;2000000;;;1;;;;;;;;;;4
20230312;03;2023;7388064;1;1;01;11;1;2703.4973726;11;2;1;4;1;3;1;1;1;3;1;1;4;3;1;1;1;1;1;3;1;;;180000000;1000000;;;1;;;;;;1;;;NEQUI;3
20230312;03;2023;7388065;1;1;01;11;1;4700.2658331;11;2;1;4;1;5;1;1;1;3;1;1;4;3;1;1;1;1;1;3;3;;;;;2000000;;1;;;;;1;;;;;4
20230312;03;2023;7388066;1;1;01;11;1;4349.4057783;11;2;1;4;1;5;1;1;1;3;1;1;4;1;1;1;1;1;1;3;2;;1600000;1300000000;6500000;;;1;;1;;;;;;;;2
20230312;03;2023;7388067;1;1;01;13;1;395.44827682;13;2;1;4;1;1;1;1;1;3;1;1;3;2;1;1;1;1;1;3;3;;;;;380000;;1;;;;;;;;;;5
20230312;03;2023;7388068;1;1;01;13;1;473.51768021;13;2;1;4;1;1;1;1;1;3;1;1;2;1;1;1;1;1;1;3;3;;;;;250000;;1;;;;;;;;;;1
20230312;03;2023;7388069;1;1;01;13;1;156.80772755;13;1;1;4;1;1;1;1;1;3;1;1;4;3;1;1;1;1;1;3;1;;;99;500000;;;1;;;;;;;;;;5
20230312;03;2023;7388074;1;1;01;13;1;402.26424923;13;1;1;4;1;1;1;1;1;3;1;1;3;2;1;1;1;1;1;3;3;;;;;600000;;;;;;;;;1;;;4
20230312;03;2023;7388075;1;1;01;13;1;332.76220877;13;1;1;4;1;1;1;1;1;3;1;1;4;3;1;1;1;1;1;3;3;;;;;400000;;1;;;;;;;;;;7
20230312;03;2023;7388076;1;1;01;13;1;422.50625931;13;2;1;2;1;1;1;1;1;3;1;1;3;2;1;1;1;1;3;3;3;;;;;500000;;1;;;;;1;;;;;2
20230312;03;2023;7388077;1;1;01;13;1;367.1879122;13;2;1;2;1;1;1;1;1;3;1;1;2;1;1;2;1;1;1;3;5;;;;99;;;;;;;;;;1;;;1
20230312;03;2023;7388078;1;1;01;13;1;342.64731493;13;2;1;2;1;1;1;1;1;3;1;1;1;1;1;1;1;1;2;3;4;;;;200000;;;1;;;;;;;;;;3
20230312;03;2023;7388079;1;1;01;13;1;321.60264855;13;2;1;4;1;1;1;1;1;3;1;1;3;2;1;1;1;1;1;3;3;;;;;500000;;1;;;;;;;;;;4
20230312;03;2023;7388080;1;1;01;13;1;789.19613369;13;2;1;4;1;3;1;1;1;3;1;1;3;1;1;1;1;1;1;3;3;;;;;700000;;1;;;;;;;;;;1
20230312;03;2023;7388081;1;1;01;13;1;663.45579663;13;2;1;2;1;3;1;1;1;3;1;1;5;3;1;1;1;1;1;3;3;;;;;850000;;1;;;;;1;;;;;3
20230312;03;2023;7388082;1;1;01;13;1;455.20566338;13;2;1;4;1;3;1;1;1;3;1;1;4;2;1;1;1;1;1;3;6;;;;700000;;;1;;;;;;;;;;3
20230312;03;2023;7388084;1;1;01;13;1;657.20848794;13;2;1;2;1;3;1;1;1;3;1;1;4;2;1;1;1;1;1;3;4;;;;1000000;;;1;;;;;;;;;;1
20230312;03;2023;7388085;1;1;01;13;1;789.19613369;13;2;1;4;1;3;1;1;1;3;1;1;2;1;1;1;1;1;3;3;3;;;;;500000;;1;;;;;;;;;;1
20230312;03;2023;7388086;1;1;01;13;1;765.29086297;13;2;1;4;1;3;1;1;1;1;1;1;3;2;1;1;1;1;3;3;3;;;;;750000;;1;;;;;;;;;;2
20230312;03;2023;7388090;1;1;01;13;1;254.68397233;13;2;1;4;1;3;1;1;1;3;1;1;4;2;1;1;1;1;3;3;1;;;1200000000;1200000;;;1;;;;;;;;;;3
20230312;03;2023;7388091;1;1;01;13;1;482.95349561;13;2;1;4;1;3;1;1;1;3;1;1;3;2;1;1;1;1;3;3;3;;;;;550000;;1;;;;;;;;;;2
20230312;03;2023;7388092;1;1;01;13;1;426.21255004;13;2;1;4;1;3;1;1;1;3;1;1;3;2;1;1;1;1;3;3;6;;;;800000;;;1;;;;;;;;;;3
20230312;03;2023;7388093;1;1;01;13;1;437.25081348;13;2;1;4;1;3;1;1;1;3;1;1;3;2;1;1;1;1;3;3;3;;;;;600000;;1;;;;;;;;;;4
20230312;03;2023;7388094;1;1;01;13;1;215.47867842;13;2;1;4;1;3;1;1;1;3;1;1;4;2;1;1;1;1;1;3;1;;;98;500000;;;;;;;;;;1;;;3
20230312;03;2023;7388095;1;1;01;13;1;277.12918571;13;2;1;4;1;5;1;1;1;7;1;1;2;1;1;1;1;1;1;3;1;;;300000000;1300000;;;1;;;;;1;;;;;2
20230312;03;2023;7388097;1;1;01;13;1;409.9139513;13;2;1;4;1;5;1;1;1;7;1;1;2;1;1;1;1;1;1;3;1;;;250000000;2200000;;;1;;;;;;;;;;1
20230312;03;2023;7388098;1;1;01;13;1;336.53194345;13;2;1;4;1;5;1;1;1;7;1;1;4;1;1;1;1;1;1;3;3;;;;;1500000;;1;;;;;;;;;;2
20230312;03;2023;7388099;1;1;01;13;1;375.56111939;13;2;1;4;1;5;1;1;1;7;1;1;2;1;1;1;1;1;1;3;3;;;;;1300000;;1;;;;;1;;;;;2
20230312;03;2023;7388100;1;1;01;13;1;284.80432664;13;2;1;4;1;5;1;1;1;7;1;1;4;3;1;1;1;1;1;3;3;;;;;1500000;;1;;;;;;;;;;4
20230312;03;2023;7388101;1;1;01;13;1;420.90460463;13;2;1;4;1;5;1;1;1;7;1;1;3;1;1;1;1;1;1;3;3;;;;;2000000;;1;;;;;;;;;;1
20230312;03;2023;7388103;1;1;01;13;1;584.58972866;13;2;1;4;1;1;1;1;1;3;1;1;3;2;1;1;1;1;1;3;3;;;;;400000;;1;;;;;;;;;;1
20230312;03;2023;7388104;1;1;01;13;1;506.34786952;13;2;1;4;1;2;1;1;1;3;1;1;4;2;1;1;1;1;1;3;1;;;98;98;;;1;;;;;1;;;;;2
20230312;03;2023;7388105;1;1;01;13;1;497.48102013;13;2;1;4;1;2;1;1;1;1;1;1;2;1;1;1;1;1;1;3;3;;;;;400000;;1;;;;;;;;;;3
20230312;03;2023;7388106;1;1;01;13;1;587.13573833;13;2;1;4;1;2;1;1;1;3;1;1;2;1;1;1;1;1;1;3;4;;;;500000;;;;;;;;;1;;;NEQUI;1
20230312;03;2023;7388107;1;1;01;13;1;199.75587306;13;2;1;4;1;2;1;1;1;3;1;1;6;4;1;1;1;1;1;3;1;;;99;1000000;;;1;;;;;;;;;;8
20230312;03;2023;7388108;1;1;01;13;1;374.38253508;13;2;1;4;1;2;1;1;1;3;1;2;4;3;1;2;1;1;1;3;1;;;98;600000;;;1;;;;;;;;;;4
20230312;03;2023;7388108;2;2;01;13;1;374.38253508;13;2;1;4;1;2;1;1;1;3;1;2;3;1;1;2;1;1;1;3;3;;;;;200000;;;;;;;;;1;;;1
20230312;03;2023;7388111;1;1;01;13;1;515.05790222;13;2;1;4;1;2;1;1;1;3;1;1;3;2;1;1;1;1;3;3;3;;;;;600000;;;;;;;;;1;;;3
20230312;03;2023;7388112;1;1;01;13;1;657.20848794;13;2;1;4;1;4;1;1;1;3;1;1;4;1;1;1;1;1;1;3;4;;;;98;;;1;;;;;;;;;;1
20230312;03;2023;7388113;1;1;01;13;1;475.45880794;13;2;1;4;1;4;1;1;1;3;1;1;4;3;1;1;1;1;1;3;1;;;99;700000;;;1;;;;;;;;;;3
20230312;03;2023;7388114;1;1;01;13;1;789.19613369;13;2;1;4;1;4;1;1;1;3;1;1;4;1;1;1;1;1;1;3;6;;;;1200000;;;1;;;;;1;;;;;1
20230312;03;2023;7388117;1;1;01;13;1;613.05007266;13;2;1;4;1;4;1;1;1;3;1;1;4;2;1;1;1;1;1;3;1;;;99;1500000;;;1;;;;;;;;;;2
20230312;03;2023;7388118;1;1;01;13;1;269.67042863;13;2;1;4;1;4;1;1;1;3;1;1;4;3;1;1;1;1;1;3;1;;;98;950000;;;1;;;;;;;;;;6
20230312;03;2023;7388119;1;1;01;13;1;691.89105495;13;2;1;4;1;4;1;1;1;3;1;1;4;2;1;1;1;1;1;3;1;;;99;1200000;;;1;;;;;1;;;;;3
20230312;03;2023;7388123;1;1;01;15;1;119.18031816;15;1;1;2;1;2;1;1;1;3;1;1;4;3;1;1;1;1;1;3;2;;400000;90000000;500000;;;1;;;;1;;;;;;4
20230312;03;2023;7388124;1;1;01;15;1;147.95199614;15;1;1;4;1;2;1;1;1;3;1;1;4;3;1;1;1;1;1;3;2;;300000;100000000;700000;;;1;;;;1;;;;;;6
20230312;03;2023;7388125;1;1;01;15;1;141.29927379;15;1;1;4;1;3;1;1;1;3;1;1;4;4;1;1;1;1;1;3;1;;;300000000;1000000;;;1;;;;;1;;;;;4
20230312;03;2023;7388126;1;1;01;15;1;87.956323359;15;1;1;4;1;3;1;1;1;3;1;1;4;3;1;1;1;1;1;3;1;;;200000000;700000;;;1;;;;;;;;;;3
20230312;03;2023;7388127;1;1;01;15;1;81.18174566;15;2;1;4;1;3;1;1;1;3;1;1;4;3;1;1;1;1;1;3;1;;;350000000;700000;;;1;;;;;;;;;;4
20230312;03;2023;7388128;1;1;01;15;1;91.021081732;15;2;1;4;1;3;1;1;1;3;1;1;2;1;1;1;1;1;1;3;3;;;;;300000;;1;;;;;;;;;;2
20230312;03;2023;7388129;1;1;01;15;1;72.816865385;15;2;1;4;1;3;1;1;1;3;1;1;4;2;1;1;1;1;1;3;3;;;;;650000;;1;;;;;;;;;;2
20230312;03;2023;7388130;1;1;01;15;1;76.223375981;15;2;1;4;1;3;1;1;1;3;1;1;3;2;1;1;1;1;1;3;3;;;;;700000;;;;;;;;;1;;;4
20230312;03;2023;7388131;1;1;01;15;1;88.717297766;15;2;1;4;1;3;1;1;1;3;1;1;4;3;1;1;1;1;1;3;1;;;130000000;780000;;;1;;;;;;;;;;3
20230312;03;2023;7388132;1;1;01;15;1;77.589530449;15;2;1;4;1;3;1;1;1;3;1;1;4;2;1;1;1;1;1;3;3;;;;;680000;;1;;;;;;;;;;2
20230312;03;2023;7388133;1;1;01;15;1;94.66404437;15;2;1;4;1;3;1;1;1;3;1;1;4;1;1;1;1;1;1;3;3;;;;;720000;;1;;;;;1;;;;;2
20230312;03;2023;7388134;1;1;01;15;1;43.373045253;15;2;1;4;1;3;1;1;1;3;1;1;3;2;1;1;1;1;1;3;3;;;;;600000;;1;;;;;;;;;;3
20230312;03;2023;7388135;1;1;01;15;1;63.463608186;15;2;1;4;1;3;1;1;1;3;1;1;3;1;1;1;1;1;1;3;3;;;;;500000;;1;;;;;;;;;;1
20230312;03;2023;7388136;1;1;01;15;1;77.903177577;15;2;1;4;1;4;1;1;1;3;1;1;2;1;1;1;1;1;1;3;3;;;;;700000;;1;;;;;;;;;;1
20230312;03;2023;7388137;1;1;01;15;1;54.216306566;15;2;1;4;1;4;1;1;1;3;1;1;2;1;1;1;1;1;3;3;3;;;;;500000;;;;;;;;;1;;;1
20230312;03;2023;7388138;1;1;01;15;1;88.868941642;15;2;1;4;1;4;1;1;1;3;1;1;2;1;1;1;1;1;1;3;3;;;;;500000;;1;;;;;;;;;;1
20230312;03;2023;7388139;1;1;01;15;1;118.33005546;15;2;1;4;1;4;1;1;1;3;1;1;2;1;1;1;1;1;3;3;3;;;;;560000;;1;;;;;;;;;;2
20230312;03;2023;7388140;1;1;01;15;1;126.35884012;15;2;1;4;1;3;1;1;1;7;1;1;4;3;1;1;1;1;1;3;3;;;;;600000;;1;;;;;;;;;;4
20230312;03;2023;7388141;1;1;01;15;1;59.669704788;15;2;1;4;1;4;1;1;1;3;1;1;3;2;1;1;1;1;3;3;3;;;;;750000;;1;;;;;;;;;;2
20230312;03;2023;7388142;1;1;01;15;1;177.30221858;15;2;1;4;1;2;1;1;1;3;1;1;3;2;1;1;1;1;1;3;3;;;;;550000;;1;;;;;;;;;;3
20230312;03;2023;7388143;1;1;01;15;1;148.34420644;15;2;1;4;1;2;1;1;1;7;1;1;2;1;1;1;1;1;1;3;3;;;;;600000;;1;;;;;;;;;;1
20230312;03;2023;7388144;1;1;01;15;1;103.33297757;15;2;1;4;1;3;1;1;1;3;1;1;3;1;1;1;1;1;1;3;4;;;;400000;;;1;;;;;;;;;;2
20230312;03;2023;7388145;1;1;01;15;1;112.26414593;15;2;1;4;1;3;1;1;1;7;1;1;3;1;1;1;1;1;1;3;3;;;;;500000;;;;;;;;;1;;;3
20230312;03;2023;7388146;1;1;01;15;1;79.329510232;15;2;1;4;1;4;1;1;1;3;1;1;3;1;1;1;1;1;3;3;1;;;130000000;700000;;;1;;;;;1;;;;;1
20230312;03;2023;7388147;1;1;01;15;1;54.216306566;15;2;1;4;1;4;1;1;1;3;1;1;2;1;1;1;1;1;1;3;3;;;;;510000;;1;;;;;;;;;;1
20230312;03;2023;7388148;1;1;01;15;1;92.593491063;15;1;1;4;1;5;1;1;1;3;1;1;5;1;1;1;1;1;1;3;1;;;98;98;;;1;;;;;;;;;;1
20230312;03;2023;7388149;1;1;01;15;1;107.62785113;15;2;1;4;1;5;1;1;1;3;1;1;3;2;1;1;1;1;1;3;3;;;;;870000;;1;;;;;;;;;;2
20230312;03;2023;7388150;1;1;01;15;1;122.81862477;15;2;1;4;1;5;1;1;1;3;1;1;3;1;1;1;1;1;1;3;1;;;180000000;900000;;;1;;;;;;;;;;2
20230312;03;2023;7388151;1;1;01;15;1;122.81862477;15;2;1;4;1;5;1;1;1;3;1;1;3;2;1;1;1;1;1;3;1;;;350000000;550000;;;1;;;;;;;;;;2
20230312;03;2023;7388152;1;1;01;15;1;140.73148291;15;1;1;4;1;5;1;1;1;3;1;1;7;5;1;1;1;1;1;3;3;;;;;2200000;;1;;;;;;;;;;6
20230312;03;2023;7388153;1;1;01;15;1;85.724056225;15;2;1;4;1;5;1;1;1;3;1;1;5;2;1;1;1;1;1;3;1;;;420000000;1800000;;;1;1;;;;1;;;;;2
20230312;03;2023;7388154;1;1;01;15;1;135.79162151;15;2;1;4;1;3;1;1;1;7;1;1;5;4;1;1;1;1;1;3;2;;1200000;300000000;1200000;;;1;;;;;;;;;;5
20230312;03;2023;7388155;1;1;01;15;1;69.497362064;15;1;1;4;1;5;1;1;1;3;1;1;6;4;1;1;1;1;1;3;1;;;99;1500000;;;1;;;;;;;;;;4
20230312;03;2023;7388156;1;1;01;15;1;26.023827152;15;1;1;4;1;3;1;1;1;3;1;1;5;4;1;1;1;1;1;3;3;;;;;1000000;;1;;;;;;;;;;4
20230312;03;2023;7388157;1;1;01;15;1;158.7966569;15;2;1;4;1;3;1;1;1;7;1;1;4;2;1;1;1;1;1;4;3;;;;;700000;;1;;;;;1;;;;;3
20230312;03;2023;7388159;1;1;01;15;1;109.33605399;15;2;1;4;1;3;1;1;1;7;1;1;4;2;1;1;1;1;1;3;3;;;;;600000;;1;;;;;1;;;;;3
20230312;03;2023;7388160;1;1;01;15;1;134.19988052;15;2;1;4;1;3;1;1;1;7;1;1;4;2;1;1;1;1;1;3;4;;;;700000;;;1;;;;1;;;;;;2
20230312;03;2023;7388161;1;1;01;15;1;57.206552716;15;1;1;4;1;3;1;1;1;3;1;1;4;3;1;1;1;1;1;3;2;;400000;250000000;600000;;;1;;1;;1;;;;;;4
20230312;03;2023;7388162;1;1;01;15;1;77.499733177;15;1;1;4;1;4;1;1;1;3;1;1;4;3;1;1;1;1;1;3;1;;;800000000;5000000;;;1;;;;;1;;;;;2
20230312;03;2023;7388163;1;1;01;15;1;75.072437005;15;1;1;4;1;5;1;1;1;3;1;1;5;2;1;1;1;1;1;3;2;;1500000;400000000;1300000;;;1;1;;;;1;;;;;3
20230312;03;2023;7388164;1;1;01;15;1;68.752242201;15;2;1;4;1;4;1;1;1;3;1;1;3;1;1;1;1;1;3;3;2;;650000;108000000;600000;;;1;;1;;;1;;;;;1
20230312;03;2023;7388165;1;1;01;15;1;52.949899118;15;2;1;4;1;4;1;1;1;3;1;1;4;2;1;1;1;1;1;3;2;;400000;130000000;600000;;;1;;1;;;1;;;;;2
20230312;03;2023;7388166;1;1;01;15;1;78.478641452;15;2;1;4;1;4;1;1;1;3;1;1;4;1;1;1;1;1;1;3;3;;;;;600000;;1;;;;;;;;;;2
20230312;03;2023;7388167;1;1;01;15;1;102.55271473;15;2;1;4;1;4;1;1;1;3;1;1;4;1;1;1;1;1;1;3;3;;;;;480000;;1;;;;1;1;;;;;2
20230312;03;2023;7388168;1;1;01;15;1;69.690706338;15;2;1;4;1;4;1;1;1;3;1;1;4;3;1;1;1;1;3;3;3;;;;;600000;;1;;;;;;;;;;6
20230312;03;2023;7388169;1;1;01;15;1;69.489136537;15;2;1;4;1;4;1;1;1;3;1;1;4;3;1;1;1;1;1;3;3;;;;;600000;;;;;;;;;1;;;3
20230312;03;2023;7388170;1;1;01;15;1;68.752242201;15;2;1;4;1;3;1;1;1;3;1;1;3;1;1;1;1;1;3;3;1;;;130000000;500000;;;1;;;;;;;;;;1
20230312;03;2023;7388171;1;1;01;15;1;95.215006149;15;3;1;4;1;3;1;1;1;7;1;1;1;1;1;2;1;1;1;3;3;;;;;200000;;1;;;;;;;;;;1
20230312;03;2023;7388172;1;1;01;15;1;95.215006149;15;3;1;3;1;3;1;1;1;7;1;1;1;1;1;2;1;1;1;3;3;;;;;300000;;1;;;;;;;;;;1
20230312;03;2023;7388173;1;1;01;15;1;108.78575139;15;3;1;3;1;3;1;1;1;7;1;1;1;1;1;2;1;1;1;3;3;;;;;250000;;;;;;;;;1;;;1
20230312;03;2023;7388174;1;1;01;15;1;57.516861582;15;2;1;4;1;3;1;1;1;3;1;1;3;2;1;1;1;1;1;3;2;;1100000;200000000;1000000;;;1;;1;;;1;;;;;2
20230312;03;2023;7388175;1;1;01;15;1;69.957985322;15;1;1;4;1;3;1;1;1;3;1;1;4;2;1;1;1;1;1;3;1;;;250000000;1000000;;;1;;;;1;;;;;;2
20230312;03;2023;7388176;1;1;01;15;1;62.322542062;15;1;1;4;1;3;1;1;1;3;1;1;3;1;1;1;1;1;1;3;1;;;98;800000;;;1;;;;;;;;;;1
20230312;03;2023;7388177;1;1;01;15;1;94.66404437;15;2;1;4;1;3;1;1;1;3;1;1;3;1;1;1;1;1;1;3;3;;;;;700000;;1;;;;;;;;;;2
20230312;03;2023;7388178;1;1;01;15;1;94.66404437;15;2;1;4;1;3;1;1;1;3;1;1;3;1;1;1;1;1;1;3;3;;;;;600000;;1;;;;;;;;;;2
20230312;03;2023;7388179;1;1;01;15;1;62.322542062;15;2;1;4;1;3;1;1;1;3;1;1;2;1;1;1;1;1;3;3;3;;;;;550000;;1;;;;;;;;;;1
20230312;03;2023;7388180;1;1;01;15;1;93.522978246;15;1;1;4;1;3;1;1;1;3;1;1;4;2;1;1;1;1;1;3;3;;;;;800000;;;;;;;;;1;;;2
20230312;03;2023;7388181;1;1;01;15;1;87.02860111;15;2;1;4;1;3;1;1;1;3;1;1;2;1;1;1;1;1;1;3;3;;;;;270000;;1;;;;;;;;;;1
20230312;03;2023;7388182;1;1;01;15;1;74.834048658;15;1;1;4;1;3;1;1;1;3;1;1;4;3;1;1;1;1;1;3;4;;;;800000;;;1;;;;;;;;;;3
20230312;03;2023;7388183;1;1;01;15;1;101.31555348;15;2;1;4;1;3;1;1;1;3;1;1;4;2;1;1;1;1;1;3;2;;850000;150000000;1000000;;;1;;1;;;;;;;;3
20230312;03;2023;7388184;1;1;01;15;1;98.413245717;15;2;1;4;1;3;1;1;1;3;1;1;3;2;1;1;1;1;1;3;3;;;;;400000;;1;;;;;;;;;;2
20230312;03;2023;7388185;1;1;01;15;1;148.34420644;15;2;1;4;1;3;1;1;1;7;1;1;2;1;1;1;1;1;1;3;3;;;;;450000;;;;;;;;;1;;;1
20230312;03;2023;7388186;1;1;01;15;1;68.140894794;15;1;1;4;1;3;1;1;1;3;1;1;1;1;1;1;1;1;1;3;3;;;;;1000000;;1;;;;;;;;;;2
20230312;03;2023;7388187;1;1;01;15;1;110.89662221;15;2;1;4;1;3;1;1;1;3;1;1;3;2;1;1;1;1;1;3;1;;;180000000;800000;;;1;;;;;1;;;;;3
20230312;03;2023;7388188;1;1;01;15;1;110.42586893;15;2;1;4;1;3;1;1;1;3;1;1;3;2;1;1;1;1;1;3;3;;;;;600000;;;;;;;;;1;;;4
20230312;03;2023;7388189;1;1;01;15;1;75.578014852;15;1;1;4;1;3;1;1;1;3;1;1;6;3;1;1;1;1;1;3;1;;;150000000;800000;;;1;;;;;;;;;;3
20230312;03;2023;7388190;1;1;01;15;1;116.24959977;15;1;1;4;1;3;1;1;1;3;1;1;2;1;1;1;1;1;1;3;1;;;98;500000;;;1;;;;;;;;;;2
20230312;03;2023;7388191;1;1;01;15;1;87.641074774;15;1;1;3;1;3;1;1;1;3;1;1;4;1;1;1;1;1;1;3;1;;;130000000;500000;;;;;;;;;;1;;;1
20230312;03;2023;7388192;1;1;01;15;1;119.6273029;15;1;1;4;1;3;1;1;1;3;1;1;4;3;1;1;1;1;1;3;1;;;50000000;700000;;;;;;;;;;1;;;5
20230312;03;2023;7388193;1;1;01;15;1;103.93819464;15;1;1;4;1;3;1;1;1;3;1;1;4;3;1;1;1;1;1;3;1;;;250000000;1500000;;;1;;;;;;;;;;4
20230312;03;2023;7388194;1;1;01;15;1;128.58608434;15;1;1;4;1;3;1;1;1;3;1;1;3;1;1;1;1;1;1;3;1;;;140000000;300000;;;;;;;;;;1;;;2
20230312;03;2023;7388195;1;1;01;15;1;98.378416859;15;1;1;4;1;3;1;1;1;3;1;1;3;2;1;1;1;1;1;3;1;;;98;500000;;;;;;;;;;1;;;2
20230312;03;2023;7388196;1;1;01;15;1;49.662330697;15;2;1;4;1;3;1;1;1;3;1;1;4;3;1;1;1;1;1;3;3;;;;;550000;;;;;;;;;1;;;4
20230312;03;2023;7388197;1;1;01;15;1;87.641074774;15;1;1;4;1;3;1;1;1;3;1;1;3;1;1;1;1;1;1;3;1;;;100000000;600000;;;1;;;;;;;;;;1
20230312;03;2023;7388198;1;1;01;15;1;121.94612449;15;2;1;4;1;3;1;1;1;3;1;1;5;3;1;1;1;1;1;3;1;;;30000000;1000000;;;1;;;;;;;;;;4
20230312;03;2023;7388199;1;1;01;15;1;131.51668816;15;1;1;4;1;3;2;1;1;3;1;1;4;2;1;1;1;1;1;4;1;;;200000000;900000;;;;;;;;;;1;;;2
20230312;03;2023;7388200;1;1;01;15;1;70.53988561;15;2;1;4;1;3;1;1;1;3;1;1;4;3;1;1;1;1;1;3;2;;99;99;99;;;1;;;;;;;;;;4
20230312;03;2023;7388201;1;1;01;15;1;82.770551162;15;2;1;4;1;3;1;1;1;3;1;1;4;2;1;1;1;1;1;3;3;;;;;650000;;1;;;;1;;;;;;4
20230312;03;2023;7388202;1;1;01;15;1;131.51668816;15;1;1;4;1;3;1;1;1;3;1;1;3;2;1;1;1;1;1;3;1;;;98;400000;;;1;;;;;;;;;;2
20230312;03;2023;7388203;1;1;01;15;1;50.284468908;15;1;1;4;1;3;1;1;1;3;1;1;4;1;1;1;1;1;1;3;1;;;100000000;1500000;;;1;;;;;;;;;;2
20230312;03;2023;7388204;1;1;01;15;1;56.113786947;15;2;1;4;1;3;1;1;1;3;1;1;3;2;1;1;1;1;1;3;1;;;90000000;500000;;;1;;;;;;;;;;2
20230312;03;2023;7388205;1;1;01;15;1;108.78575139;15;2;1;4;1;4;1;1;1;3;1;1;3;1;1;1;1;1;1;3;3;;;;;800000;;1;;;;;1;;;;;1
20230312;03;2023;7388206;1;1;01;15;1;86.75037165;15;2;1;4;1;4;1;1;1;3;1;1;4;2;1;1;1;1;1;3;2;;200000;135000000;600000;;;1;;;;1;1;;;;;3
20230312;03;2023;7388207;1;1;01;15;1;71.896076977;15;2;1;4;1;4;1;1;1;3;1;1;3;2;1;1;1;1;1;3;3;;;;;850000;;1;;;;1;;;;;;2
20230312;03;2023;7388208;1;1;01;15;1;92.593491063;15;2;1;4;1;5;1;1;1;3;1;1;3;1;1;1;1;1;1;3;4;;;;600000;;;;;;;;;;1;;;1
20230312;03;2023;7388209;1;1;01;15;1;122.81862477;15;1;1;4;1;5;1;1;1;3;1;1;4;1;1;1;1;1;1;3;1;;;98;98;;;1;;;;;;;;;;2
20230312;03;2023;7388210;1;1;01;15;1;96.110405913;15;2;1;4;1;4;1;1;1;3;1;1;4;2;1;1;1;1;1;3;3;;;;;460000;;1;;;;;;;;;;3
20230312;03;2023;7388211;1;1;01;15;1;78.137430198;15;1;1;4;1;5;1;1;1;3;1;1;5;4;1;1;1;1;1;3;4;;;;4500000;;;1;;;;;1;;;;;4
20230312;03;2023;7388212;1;1;01;15;1;71.411254612;15;1;1;4;1;5;1;1;1;3;1;1;5;1;1;1;1;1;1;3;3;;;;;1500000;;1;;;;;1;;;;;1
20230312;03;2023;7388214;1;1;01;15;1;91.093809979;15;2;1;4;1;3;1;1;1;3;1;1;3;2;1;1;1;1;1;3;3;;;;;300000;;;;;;;;;1;;;2
20230312;03;2023;7388215;1;1;01;15;1;41.860980288;15;1;1;4;1;3;1;1;1;3;1;1;4;3;1;1;1;1;1;3;1;;;180000000;450000;;;1;;;;;;;;;;5
20230312;03;2023;7388216;1;1;01;15;1;165.05507219;15;2;1;4;1;3;1;1;1;3;1;1;4;3;1;1;1;1;1;3;3;;;;;600000;;;;;;;;;1;;;7
20230312;03;2023;7388217;1;1;01;15;1;77.499733177;15;1;1;4;1;5;1;1;1;3;1;1;6;1;1;1;1;1;1;3;1;;;500000000;2000000;;;1;;;;;1;;;;;2
20230312;03;2023;7388218;1;1;01;15;1;34.510116949;15;2;1;4;1;3;1;1;1;3;1;1;4;3;1;1;1;1;1;3;3;;;;;500000;;1;;;;;;;;;;2
20230312;03;2023;7388222;1;1;01;15;1;70.635468853;15;2;1;4;1;4;1;1;1;3;1;1;2;1;1;1;1;1;1;3;3;;;;;450000;;1;;;;;;;;;;2
20230312;03;2023;7388223;1;1;01;15;1;92.867780382;15;1;1;4;1;3;1;1;1;3;1;1;4;3;1;1;1;1;1;3;3;;;;;600000;;1;;;;1;1;;;;;4
20230312;03;2023;7388229;1;1;01;15;1;77.499733177;15;1;1;4;1;5;1;1;1;3;1;1;3;1;1;1;1;1;1;3;1;;;99;1500000;;;;;;;;;;1;;;2
20230312;03;2023;7388230;1;1;01;15;1;95.344254526;15;2;1;4;1;3;1;1;1;3;1;1;4;3;1;1;1;1;1;3;3;;;;;920000;;1;;;;;;;;;;4
20230312;03;2023;7388236;1;1;01;15;1;150.29251195;15;1;1;4;1;5;1;1;1;3;1;1;5;3;1;1;1;1;1;3;1;;;99;99;;;1;;;;;;;;;;3
20230312;03;2023;7388245;1;1;01;15;1;118.33005546;15;2;1;4;1;3;1;1;1;7;1;1;4;1;1;1;1;1;1;3;1;;;180000000;450000;;;1;;;;;;;;;;2
20230312;03;2023;7388247;1;1;01;17;1;200.10534563;17;2;1;3;1;3;1;1;1;2;1;1;5;2;1;1;1;1;1;3;3;;;;;630000;;1;;;;;;;;;;4
20230312;03;2023;7388248;1;1;01;17;1;166.02629971;17;2;1;4;1;3;1;1;1;2;1;1;4;1;1;1;1;1;1;3;4;;;;500000;;;1;;;;;;;;;;2
20230312;03;2023;7388249;1;1;01;17;1;155.02056709;17;1;1;4;1;3;1;1;1;2;1;1;2;1;1;1;1;1;1;3;3;;;;;400000;;;;;;;;;1;;;1
20230312;03;2023;7388250;1;1;01;17;1;159.2207209;17;2;1;2;1;3;1;1;1;2;1;1;4;2;1;1;1;1;1;3;4;;;;500000;;;1;;;;;;;;;;2
20230312;03;2023;7388251;1;1;01;17;1;155.02056709;17;2;1;4;1;3;1;1;1;2;1;1;5;1;1;1;1;1;1;3;6;;;;600000;;;;;;;;;;1;;;1
20230312;03;2023;7388252;1;1;01;17;1;169.97991689;17;1;1;4;1;3;1;1;1;2;1;1;4;3;1;1;1;1;1;3;1;;;380000000;850000;;;1;;;;;1;;;;;4
20230312;03;2023;7388253;1;1;01;17;1;168.98163245;17;2;1;4;1;3;2;1;1;2;1;1;3;1;1;1;1;1;1;4;3;;;;;480000;;;;;;;;;1;;;1
20230312;03;2023;7388254;1;1;01;17;1;199.23155965;17;2;1;4;1;3;1;1;1;2;1;1;4;1;1;1;1;1;1;3;3;;;;;750000;;1;;;;;;;;;;2
20230312;03;2023;7388255;1;1;01;17;1;144.71429689;17;2;1;4;1;3;1;1;1;2;1;1;5;2;1;1;1;1;1;3;6;;;;600000;;;1;;;;;;;;;;2
20230312;03;2023;7388256;1;1;01;17;1;151.10966209;17;2;1;4;1;4;1;1;1;2;1;1;2;1;1;1;1;1;1;3;3;;;;;700000;;1;;;;;1;;;;;2
20230312;03;2023;7388257;1;1;01;17;1;187.39307367;17;2;1;4;1;3;1;1;1;2;1;1;2;1;1;1;1;1;1;3;3;;;;;400000;;1;;;;;;;;;;2
20230312;03;2023;7388258;1;1;01;17;1;138.1461281;17;2;1;4;1;4;1;1;1;2;1;1;1;1;1;1;1;1;1;3;3;;;;;600000;;1;;;;;1;;;;;1
20230312;03;2023;7388259;1;1;01;17;1;176.44209116;17;2;1;4;1;4;2;1;1;2;1;1;2;1;1;1;1;1;1;4;3;;;;;920000;;;;;;;;;1;;;3
20230312;03;2023;7388260;1;1;01;17;1;138.24112214;17;2;1;4;1;4;2;1;1;2;1;1;3;2;1;1;1;1;1;4;3;;;;;800000;;1;;;;;;;;;;2
20230312;03;2023;7388262;1;1;01;17;1;191.06486508;17;2;1;4;1;3;1;1;1;2;1;1;3;2;1;1;1;1;1;3;3;;;;;530000;;1;;;;;;;;;;2
20230312;03;2023;7388263;1;1;01;17;1;190.53582683;17;1;1;4;1;3;1;1;1;2;1;1;4;3;2;1;1;2;1;3;1;;;230000000;700000;;;1;;;;;;;;;;3
20230312;03;2023;7388264;1;1;01;17;1;220.38039193;17;2;1;2;1;3;1;1;1;2;1;1;4;3;1;1;1;1;1;3;3;;;;;730000;;1;;;;;;;;;;4
20230312;03;2023;7388265;1;1;01;17;1;162.10088464;17;2;1;4;1;4;1;1;1;2;1;1;4;3;1;1;1;1;1;3;1;;;99;1200000;;;1;;;;;;;;;;4
20230312;03;2023;7388267;1;1;01;17;1;190.76902113;17;2;4;6;1;3;1;1;1;2;1;1;5;2;1;1;1;1;1;3;4;;;;700000;;;1;;;;;;;;;;3
20230312;03;2023;7388268;1;1;01;17;1;199.23155965;17;2;1;4;1;3;1;1;1;2;1;1;3;1;1;1;1;1;1;3;4;;;;500000;;;1;;;;;;;;;;2
20230312;03;2023;7388269;1;1;01;17;1;256.9564786;17;2;1;4;1;2;1;1;1;2;1;1;4;3;1;1;1;1;1;3;3;;;;;750000;;1;;;;;;;;;;3
20230312;03;2023;7388271;1;1;01;17;1;153.61966586;17;2;1;4;1;4;2;1;1;2;1;1;1;1;1;1;1;1;1;4;3;;;;;570000;;1;;;;;;;;;;1
20230312;03;2023;7388272;1;1;01;17;1;146.01100503;17;2;1;6;1;3;1;1;1;6;1;1;4;3;1;1;1;1;1;3;3;;;;;650000;;1;;;;;;;;;;4
20230312;03;2023;7388273;1;1;01;17;1;131.52016492;17;2;1;4;1;3;1;1;1;2;1;1;3;2;1;1;1;1;1;3;3;;;;;680000;;1;;;;;;;;;;5
20230312;03;2023;7388274;1;1;01;17;1;166.31566042;17;2;1;4;1;5;1;1;1;2;1;1;4;3;1;1;1;1;1;3;2;;2000000;220000000;1500000;;;1;;1;;;;;;;;4
20230312;03;2023;7388275;1;1;01;17;1;179.51827856;17;2;1;4;1;5;1;1;1;2;1;1;3;2;1;1;1;1;1;3;3;;;;;1000000;;1;;;1;1;1;;;;;2
20230312;03;2023;7388276;1;1;01;17;1;163.7839844;17;2;1;4;1;3;2;1;1;6;1;1;5;3;1;1;1;1;1;4;3;;;;;650000;;1;;;;;;;;;;3
20230312;03;2023;7388278;1;1;01;17;1;151.62802566;17;2;1;6;1;3;2;1;1;6;1;1;5;3;1;1;1;1;1;4;3;;;;;695000;;1;;;;;;;;;;4
20230312;03;2023;7388279;1;1;01;17;1;133.13386619;17;1;1;4;1;2;1;1;1;2;1;1;3;2;1;1;1;1;1;3;3;;;;;650000;;1;;;;;;;;;;4
20230312;03;2023;7388280;1;1;01;17;1;115.31881456;17;2;1;2;1;2;1;1;1;2;1;1;3;2;1;1;1;1;1;3;3;;;;;630000;;1;;;;1;1;;;;;2
20230312;03;2023;7388281;1;1;01;17;1;122.74754089;17;2;1;3;1;2;1;1;1;2;1;1;2;1;1;1;1;1;1;3;3;;;;;550000;;1;;;;1;;;;;;2
20230312;03;2023;7388282;1;1;01;17;1;150.93299973;17;1;1;4;1;4;1;1;1;2;1;1;5;1;1;1;1;1;1;3;1;;;99;1000000;;;;;;;;1;;;;;2
20230312;03;2023;7388283;1;1;01;17;1;114.47672647;17;1;1;4;1;3;1;1;1;2;1;1;3;1;1;1;1;1;1;3;3;;;;;600000;;;;;;;;;1;;;1
20230312;03;2023;7388284;1;1;01;17;1;112.21716252;17;1;1;4;1;2;1;1;1;2;1;1;3;1;1;1;1;1;1;3;3;;;;;570000;;1;;;;;;;;;;1
20230312;03;2023;7388285;1;1;01;17;1;110.03476296;17;2;1;4;1;2;1;1;1;2;1;1;3;2;1;1;1;1;1;3;3;;;;;530000;;1;;;;;1;;;;;2
20230312;03;2023;7388286;1;1;01;17;1;112.21716252;17;2;1;4;1;2;1;1;1;2;1;1;3;1;1;1;1;1;1;3;3;;;;;550000;;;;;;;;;1;;;1
20230312;03;2023;7388287;1;1;01;17;1;208.76455092;17;2;1;4;1;5;1;1;1;2;1;1;3;1;1;1;1;1;1;3;4;;;;1000000;;;1;;;;1;1;;;;;3
20230312;03;2023;7388288;1;1;01;17;1;167.42221246;17;2;1;4;1;5;1;1;1;2;1;1;4;1;1;1;1;1;1;3;4;;;;1000000;;;1;;;;1;;;;;;1
20230312;03;2023;7388289;1;1;01;17;1;120.56514133;17;2;1;4;1;2;1;1;1;2;1;1;3;2;1;1;1;1;1;3;3;;;;;700000;;1;;;;;;;;;;3
20230312;03;2023;7388290;1;1;01;17;1;176.00379141;17;2;1;4;1;5;1;1;1;2;1;1;3;1;1;1;1;1;1;3;2;;1200000;180000000;1000000;;;1;;1;;1;1;;;;;2
20230312;03;2023;7388291;1;1;01;17;1;172.0913604;17;2;1;4;1;3;1;1;1;2;1;1;4;2;1;1;1;1;1;3;3;;;;;820000;;1;;;;;;;;;;3
20230312;03;2023;7388292;1;1;01;17;1;210.36310139;17;2;1;4;1;3;1;1;1;2;1;1;4;3;1;1;1;1;1;3;1;;;200000000;850000;;;1;;;;;;;;;;4
20230312;03;2023;7388293;1;1;01;17;1;127.18950441;17;2;1;4;1;2;1;1;1;2;1;1;3;1;1;1;1;1;1;3;4;;;;600000;;;;;;;;;;1;;;1
20230312;03;2023;7388294;1;1;01;17;1;159.4325576;17;2;1;2;1;3;1;1;1;2;1;1;4;3;1;1;1;1;1;3;1;;;99;700000;;;1;;;;;;;;;;5
20230312;03;2023;7388295;1;1;01;17;1;160.92584083;17;2;1;4;1;5;1;1;1;2;1;1;3;2;1;1;1;1;1;3;3;;;;;850000;;1;;;;;;;;;;2
20230312;03;2023;7388296;1;1;01;17;1;172.0913604;17;2;1;4;1;3;1;1;1;2;1;1;4;3;1;1;1;1;1;3;3;;;;;750000;;1;;;;;;;;;;3
20230312;03;2023;7388297;1;1;01;17;1;114.47672647;17;2;1;4;1;2;1;1;1;2;1;1;3;1;1;1;1;1;1;3;3;;;;;650000;;1;;;;;;;;;;1
20230312;03;2023;7388298;1;1;01;17;1;132.21461371;17;2;1;4;1;2;1;1;1;2;1;1;2;1;1;1;1;1;1;3;3;;;;;390000;;1;;;;;;;;;;2
20230312;03;2023;7388300;1;1;01;17;1;154.25806823;17;1;1;2;1;2;1;1;1;2;1;2;4;3;1;1;1;1;1;3;4;;;;850000;;;1;;;;1;;;;;;6
20230312;03;2023;7388300;2;2;01;17;1;154.25806823;17;1;1;2;1;2;1;1;1;2;1;2;3;1;1;1;1;1;1;3;4;;;;500000;;;1;;;;;;;;;;2
20230312;03;2023;7388301;1;1;01;17;1;159.41521762;17;2;1;3;1;3;1;1;1;2;1;1;4;2;1;1;1;1;1;3;2;;600000;99;800000;;;1;;1;;;;;;;;2
20230312;03;2023;7388302;1;1;01;17;1;144.83102479;17;2;1;4;1;3;1;1;1;2;1;1;4;3;1;1;1;1;1;3;2;;650000;150000000;800000;;;1;;1;;;;;;;;4
20230312;03;2023;7388303;1;1;01;17;1;173.0269283;17;2;1;4;1;3;1;1;1;2;1;1;4;2;1;1;1;1;1;3;4;;;;800000;;;1;;;;;;;;;;3
20230312;03;2023;7388304;1;1;01;17;1;148.64184635;17;2;1;3;1;3;1;1;1;2;1;1;4;2;1;1;1;1;1;3;3;;;;;850000;;1;;;;;;;;;;3
20230312;03;2023;7388305;1;1;01;17;1;161.30064916;17;2;1;4;1;3;1;1;1;2;1;1;3;1;1;1;1;1;1;3;4;;;;850000;;;1;;;;;;;;;;1
20230312;03;2023;7388306;1;1;01;17;1;186.01465019;17;2;1;4;1;5;1;1;1;2;1;1;2;1;1;1;1;1;1;3;3;;;;;850000;;1;1;;;;;;;;;1
20230312;03;2023;7388308;1;1;01;17;1;149.06267223;17;2;1;3;1;3;1;1;1;2;1;1;4;2;1;1;1;1;1;3;3;;;;;830000;;1;;;;;1;;;;;2
20230312;03;2023;7388309;1;1;01;17;1;131.45830448;17;1;1;4;1;4;1;1;1;2;1;1;4;3;1;1;1;1;1;3;2;;1600000;520000000;2000000;;;1;;1;;;1;;;;;4
20230312;03;2023;7388310;1;1;01;17;1;132.5942754;17;1;1;4;1;4;1;1;1;2;1;1;4;3;1;1;1;1;1;3;1;;;520000000;2100000;;;1;;;;;;;;;;4
20230312;03;2023;7388311;1;1;01;17;1;121.77013749;17;1;1;4;1;4;1;1;1;2;1;1;5;2;1;1;1;1;1;3;2;;2500000;550000000;3000000;;;1;;1;1;1;1;;;;;3
20230312;03;2023;7388312;1;1;01;17;1;278.24471959;17;2;1;4;1;2;1;1;1;2;1;1;4;3;1;1;1;1;1;3;3;;;;;500000;;1;;;;;;;;;;5
20230312;03;2023;7388314;1;1;01;17;1;196.67584046;17;1;1;4;1;4;2;1;1;2;1;1;4;3;1;1;1;1;1;4;1;;;99;800000;;;1;;;;;;;;;;3
20230312;03;2023;7388315;1;1;01;17;1;196.67584046;17;2;1;4;1;4;1;1;1;2;1;1;3;2;1;1;1;1;1;3;3;;;;;750000;;1;;;;;;;;;;3
20230312;03;2023;7388316;1;1;01;17;1;99.84548298;17;1;1;4;1;4;1;1;1;3;1;1;4;2;1;1;1;1;1;3;1;;;500000000;2200000;;;1;;;;;;;;;;2
20230312;03;2023;7388317;1;1;01;17;1;174.55760813;17;2;1;4;1;4;1;1;1;2;1;1;3;2;1;1;1;1;1;3;3;;;;;670000;;1;;;;;;;;;;3
20230312;03;2023;7388318;1;1;01;17;1;203.44982683;17;2;1;4;1;4;1;1;1;2;1;1;4;2;1;1;1;1;1;3;3;;;;;750000;;1;;;;;;;;;;2
20230312;03;2023;7388319;1;1;01;17;1;171.86731221;17;2;1;4;1;3;1;1;1;2;1;1;3;2;1;1;1;1;1;3;3;;;;;690000;;1;;;;;;;;;;3
20230312;03;2023;7388321;1;1;01;17;1;147.92898516;17;2;1;4;1;3;1;1;1;2;1;1;4;1;1;1;1;1;1;4;3;;;;;720000;;1;;;;;;;;;;4
20230312;03;2023;7388322;1;1;01;17;1;142.57029278;17;2;1;4;1;3;1;1;1;2;1;1;3;1;1;1;1;1;1;3;2;;900000;200000000;600000;;;1;;1;;;1;;;;;1
20230312;03;2023;7388323;1;1;01;17;1;142.57029278;17;2;1;4;1;2;1;1;1;2;1;1;1;1;1;1;1;1;6;;3;;;;;450000;;1;;;;;;;;;;1
20230312;03;2023;7388324;1;1;01;17;1;165.34635573;17;1;1;2;1;1;1;1;1;2;1;1;3;1;1;1;1;1;1;3;4;;;;450000;;;;;;;;;;1;;;1
20230312;03;2023;7388325;1;1;01;17;1;115.61885275;17;2;1;4;1;3;1;1;1;2;1;1;3;2;1;1;1;1;1;3;2;;460000;190000000;700000;;;1;;1;;;;;;;;3
20230312;03;2023;7388326;1;1;01;17;1;86.094525721;17;2;1;4;1;3;1;1;1;2;1;1;3;2;1;1;1;1;1;3;3;;;;;530000;;1;;;;;;;;;;3
20230312;03;2023;7388327;1;1;01;17;1;170.81064207;17;2;1;4;1;3;1;1;1;2;1;1;3;1;1;1;1;1;1;3;3;;;;;550000;;1;;;;;;;;;;2
20230312;03;2023;7388328;1;1;01;17;1;149.84717388;17;2;1;4;1;3;1;1;1;2;1;1;3;2;1;1;1;1;1;3;3;;;;;610000;;1;;;;;;;;;;2
20230312;03;2023;7388329;1;1;01;17;1;183.71817303;17;2;1;6;1;1;1;1;1;2;1;1;1;1;1;1;1;1;1;3;3;;;;;400000;;1;;;;;;;;;;1
20230312;03;2023;7388330;1;1;01;17;1;93.281329897;17;2;1;3;1;3;1;1;1;2;1;1;3;1;1;1;1;1;1;3;4;;;;700000;;;1;;;;;1;;;;;1
20230312;03;2023;7388331;1;1;01;17;1;186.32284827;17;2;3;2;1;1;1;1;1;2;1;1;3;2;1;1;1;1;1;3;3;;;;;450000;;;;;;;;;1;;;3
20230312;03;2023;7388332;1;1;01;17;1;128.53514513;17;2;1;3;1;3;1;1;1;2;1;1;3;1;1;1;1;1;1;3;3;;;;;500000;;1;;;;;;;;;;3
20230312;03;2023;7388333;1;1;01;17;1;159.57180316;17;2;1;4;1;1;2;1;1;2;1;1;3;1;1;1;1;1;1;4;1;;;70000000;400000;;;;;;;;;;1;;;2
20230312;03;2023;7388335;1;1;01;17;1;128.53514513;17;1;1;4;1;3;1;1;1;2;1;1;3;2;1;1;1;1;1;3;1;;;99;900000;;;1;;;1;;1;;;;;3
20230312;03;2023;7388336;1;1;01;17;1;159.38524772;17;2;1;4;1;1;1;1;1;2;1;1;4;1;1;1;1;1;1;3;4;;;;300000;;;;;;;;;;1;;;2
20230312;03;2023;7388337;1;1;01;17;1;185.68181289;17;1;1;4;1;1;1;1;1;2;1;1;4;3;1;1;1;1;1;3;1;;;99;700000;;;1;;;;;;;;;;4
20230312;03;2023;7388338;1;1;01;17;1;267.65579564;17;2;1;2;1;0;2;2;1;2;2;1;3;2;3;1;1;2;1;4;5;;;;150000;;;;;;;;;;1;;;3
20230312;03;2023;7388339;1;1;01;17;1;177.30200351;17;2;4;3;1;1;1;1;1;2;1;1;4;1;1;1;1;1;1;3;3;;;;;350000;;1;;;;;;;;;;2
20230312;03;2023;7388340;1;1;01;17;1;165.35527157;17;2;1;2;1;1;1;1;1;2;1;1;3;1;1;1;1;1;1;3;4;;;;400000;;;1;;;;;;;;;;1
20230312;03;2023;7388342;1;1;01;17;1;169.57246323;17;2;1;6;1;1;1;1;1;2;1;1;3;2;1;1;1;1;1;3;4;;;;700000;;;1;;;;;;;;;;3
20230312;03;2023;7388343;1;1;01;17;1;162.5092363;17;1;1;2;1;1;1;1;1;2;1;1;3;2;1;1;1;1;1;3;1;;;70000000;300000;;;;;;;;;;1;;;2
20230312;03;2023;7388344;1;1;01;17;1;189.36019513;17;1;1;4;1;1;1;1;1;2;1;1;4;3;1;1;1;1;1;3;1;;;80000000;300000;;;1;;;;;;;;;;4
20230312;03;2023;7388345;1;1;01;17;1;145.98262498;17;2;1;6;1;1;1;1;1;2;1;1;3;2;1;1;1;1;1;3;6;;;;450000;;;;;;;;;;1;;;2
20230312;03;2023;7388346;1;1;01;17;1;245.27445574;17;2;1;4;1;0;2;2;1;2;2;1;3;2;3;1;1;2;1;4;3;;;;;300000;;1;;;;1;;;;;;3
20230312;03;2023;7388347;1;1;01;17;1;262.63509971;17;1;4;2;1;0;2;2;1;2;2;1;2;2;3;1;1;2;1;4;5;;;;400000;;;1;;;;;;;;;;3
20230312;03;2023;7388348;1;1;01;17;1;225.30884327;17;1;1;4;1;3;1;1;1;2;1;1;4;1;1;1;1;1;1;3;1;;;200000000;1200000;;;1;;;;;;;;;;1
20230312;03;2023;7388350;1;1;01;17;1;309.36158311;17;1;1;2;1;0;2;2;1;2;2;1;3;2;3;1;1;2;1;4;4;;;;99;;;1;;;;1;;;;;;5
20230312;03;2023;7388351;1;1;01;17;1;171.17853418;17;2;1;2;1;1;1;1;1;2;1;1;4;3;1;1;1;1;1;3;3;;;;;600000;;1;;;;;;;;;;4
20230312;03;2023;7388352;1;1;01;17;1;155.55265004;17;2;1;4;1;1;1;1;1;2;1;1;4;2;1;1;1;1;1;3;1;;;99;300000;;;1;;;;;;;;;;3
20230312;03;2023;7388353;1;1;01;17;1;222.88883645;17;2;1;4;1;3;1;1;1;2;1;1;3;2;1;1;1;1;1;3;3;;;;;580000;;1;;;;;1;;;;;3
20230312;03;2023;7388354;1;1;01;17;1;169.37850338;17;2;1;4;1;1;1;1;1;2;1;1;3;1;1;1;1;1;1;3;3;;;;;500000;;1;;;;;;;;;;2
20230312;03;2023;7388357;1;1;01;17;1;193.35072623;17;2;1;4;1;1;1;1;1;2;1;1;3;2;1;1;1;1;1;3;3;;;;;500000;;1;;;;;;;;;;3
20230312;03;2023;7388358;1;1;01;17;1;190.97666425;17;2;1;4;1;1;1;1;1;2;1;1;3;1;1;1;1;1;1;3;4;;;;550000;;;1;;;;;;;;;;2
20230312;03;2023;7388359;1;1;01;17;1;131.96913876;17;1;1;2;1;1;1;1;1;2;1;1;4;3;1;1;1;1;1;3;1;;;70000000;500000;;;1;;;;;;;;;;3
20230312;03;2023;7388360;1;1;01;17;1;183.71817303;17;2;1;4;1;1;1;1;1;2;1;1;2;1;1;1;1;1;1;3;3;;;;;520000;;1;;;;;;;;;;1
20230312;03;2023;7388361;1;1;01;17;1;208.374622;17;2;1;4;1;2;1;1;1;2;1;1;3;2;1;1;1;1;1;3;3;;;;;600000;;1;;;;;;;;;;2
20230312;03;2023;7388362;1;1;01;17;1;256.15486241;17;1;3;3;1;0;2;2;1;2;2;1;3;1;3;1;1;2;1;4;1;;;30000000;300000;;;1;;;;;;;;;;2
20230312;03;2023;7388363;1;1;01;17;1;201.50490789;17;2;1;4;1;3;1;1;1;3;1;1;4;1;1;1;1;1;1;3;1;;;150000000;800000;;;1;;;;;;;;;;2
20230312;03;2023;7388364;1;1;01;17;1;237.43912297;17;2;1;3;1;2;1;1;1;2;1;1;4;3;1;1;1;1;1;3;1;;;99;900000;;;1;;;;;1;;;;;4
20230312;03;2023;7388365;1;1;01;17;1;149.88187609;17;2;1;4;1;3;1;1;1;2;1;1;4;3;1;1;1;1;1;3;1;;;99;800000;;;1;;;;;;;;;;4
20230312;03;2023;7388366;1;1;01;17;1;132.55767933;17;2;1;4;1;3;1;1;1;2;1;1;5;1;1;1;1;1;1;3;2;;4200000;500000000;99;;;1;;1;;;1;;;;;1
20230312;03;2023;7388367;1;1;01;17;1;406.04323225;17;2;1;4;1;1;1;1;1;2;1;1;4;3;1;1;1;1;1;3;1;;;99;400000;;;1;;;;;;;;;;7
20230312;03;2023;7388368;1;1;01;17;1;132.55767933;17;2;1;4;1;2;1;1;1;2;1;1;3;1;1;1;1;1;1;3;1;;;150000000;700000;;;1;;;;;;;;;;1
20230312;03;2023;7388370;1;1;01;17;1;287.05484483;17;1;1;4;1;0;2;2;1;2;2;1;3;2;3;1;1;2;1;4;4;;;;500000;;;1;;;;1;1;;;;;4
20230312;03;2023;7388371;1;1;01;17;1;329.49068481;17;2;1;4;1;1;1;1;1;2;1;1;4;3;1;1;1;1;1;3;3;;;;;380000;;1;;;;;;;;;;6
20230312;03;2023;7388372;1;1;01;17;1;278.15583151;17;1;8;4;1;0;2;2;1;2;2;1;3;2;3;1;1;2;1;4;1;;;20000000;300000;;;1;;;;;;;;;;3
20230312;03;2023;7388373;1;1;01;17;1;298.84733947;17;2;1;2;1;1;1;1;1;2;1;1;4;1;1;1;1;1;1;3;1;;;98;400000;;;;;;;;;;1;;;2
20230312;03;2023;7388374;1;1;01;17;1;236.09584603;17;2;1;4;1;3;1;1;1;2;1;1;4;2;1;1;1;1;1;3;3;;;;;540000;;1;;;;;;;;;;3
20230312;03;2023;7388375;1;1;01;17;1;155.02056709;17;1;1;4;1;2;1;1;1;2;1;1;3;1;1;1;1;1;1;3;4;;;;400000;;;1;;;;;;;;;;1
20230312;03;2023;7388376;1;1;01;17;1;286.15353169;17;2;1;2;1;1;1;1;1;2;1;1;4;2;1;1;1;1;1;3;1;;;98;200000;;;;;;;;;;1;;;3
20230312;03;2023;7388377;1;1;01;17;1;132.55767933;17;2;1;4;1;3;1;1;1;3;1;1;4;1;1;1;1;1;1;3;1;;;300000000;800000;;;1;;;;;;;;;;1
20230312;03;2023;7388378;1;1;01;17;1;159.12976343;17;1;1;4;1;2;2;1;1;2;1;1;4;3;1;1;1;1;1;4;3;;;;;500000;;1;;;;;;;;;;3
20230312;03;2023;7388379;1;1;01;17;1;301.9458816;17;1;1;4;1;3;1;1;1;2;1;1;5;3;1;1;1;1;1;3;1;;;99;1200000;;;1;;;1;1;1;;;;;4
20230312;03;2023;7388380;1;1;01;17;1;155.02056709;17;2;1;4;1;2;1;1;1;2;1;1;3;1;1;1;1;1;1;3;4;;;;500000;;;1;;;;;;;;;;1
20230312;03;2023;7388383;1;1;01;17;1;334.89731897;17;2;1;2;1;1;1;1;1;2;1;1;4;3;1;1;1;1;1;3;4;;;;400000;;;;;;;;;;1;;;4
20230312;03;2023;7388384;1;1;01;17;1;177.22173119;17;2;1;4;1;2;1;1;1;2;1;1;3;2;1;1;1;1;1;3;3;;;;;480000;;1;;;;;;;;;;2
20230312;03;2023;7388386;1;1;01;17;1;299.19713093;17;2;1;2;1;1;1;1;1;2;1;1;4;2;1;1;1;1;1;3;1;;;99;99;;;1;;;;;;;;;;2
20230312;03;2023;7388387;1;1;01;17;1;168.83884597;17;1;1;4;1;2;1;1;1;2;1;1;5;4;1;1;1;1;1;3;3;;;;;600000;;1;;;;;;;;;;4
20230312;03;2023;7388388;1;1;01;17;1;334.89731897;17;2;1;4;1;1;1;1;1;2;1;1;4;2;1;1;1;1;1;3;6;;;;450000;;;;;;;;;;1;;;4
20230312;03;2023;7388389;1;1;01;17;1;286.15353169;17;2;1;2;1;1;1;1;1;2;1;1;4;2;1;1;1;1;1;3;1;;;80000000;500000;;;1;;;;;;;;;;3
20230312;03;2023;7388390;1;1;01;17;1;166.02629971;17;1;1;4;1;2;1;1;1;2;1;1;3;2;1;1;1;1;1;3;1;;;800000000;600000;;;1;;;;;;;;;;2
20230312;03;2023;7388391;1;1;01;17;1;221.36839961;17;2;1;4;1;3;1;1;1;2;1;1;3;1;1;1;1;1;1;3;3;;;;;650000;;1;;;;;;;;;;2
20230312;03;2023;7388392;1;1;01;17;1;206.69408946;17;2;1;4;1;3;1;1;1;2;1;1;3;1;1;1;1;1;1;3;3;;;;;680000;;1;;;;;;;;;;1
20230312;03;2023;7388393;1;1;01;17;1;263.33421856;17;2;1;4;1;3;1;1;1;2;1;1;4;3;1;1;1;1;1;3;3;;;;;750000;;1;;;;1;1;;;;;4
20230312;03;2023;7388394;1;1;01;17;1;156.8046417;17;2;1;4;1;2;1;1;1;2;1;1;5;3;1;1;1;1;1;3;4;;;;800000;;;1;;;;;;;;;;4
20230312;03;2023;7388395;1;1;01;17;1;298.84733947;17;2;1;4;1;1;1;1;1;2;1;1;4;1;1;1;1;1;1;3;1;;;60000000;400000;;;;;;;;;;1;;;2
20230312;03;2023;7388396;1;1;01;17;1;240.38158279;17;1;1;4;1;3;1;1;1;2;1;1;5;2;1;1;1;1;1;3;1;;;200000000;900000;;;1;;;;;;;;;;3
20230312;03;2023;7388398;1;1;01;17;1;189.06553937;17;2;1;4;1;2;1;1;1;2;1;1;3;2;1;1;1;1;1;3;3;;;;;600000;;1;;;;;;;;;;5
20230312;03;2023;7388399;1;1;01;17;1;172.23578722;17;2;1;4;1;2;1;1;1;2;1;1;3;1;1;1;1;1;1;3;3;;;;;450000;;1;;;;;;;;;;1
20230312;03;2023;7388400;1;1;01;17;1;239.98315342;17;1;1;4;1;3;1;1;1;2;1;1;4;2;1;1;1;1;1;3;1;;;250000000;1000000;;;1;;;;;;;;;;2
20230312;03;2023;7388401;1;1;01;17;1;155.02056709;17;2;1;4;1;2;2;1;1;2;1;1;3;1;1;1;1;1;1;4;1;;;99;500000;;;1;;;;;;;;;;1
20230312;03;2023;7388402;1;1;01;17;1;155.02056709;17;2;1;4;1;2;1;1;1;2;1;1;4;1;1;1;1;1;1;3;1;;;180000000;600000;;;1;;;;1;;;;;;1
20230312;03;2023;7388403;1;1;01;17;1;208.2145263;17;1;1;4;1;3;1;1;1;2;1;1;3;2;1;1;1;1;1;3;3;;;;;510000;;;;;;;;;1;;;2
20230312;03;2023;7388404;1;1;01;17;1;310.02441699;17;2;1;4;1;2;1;1;1;2;1;1;3;2;1;1;1;1;1;3;3;;;;;500000;;1;;;;;;;;;;1
20230312;03;2023;7388405;1;1;01;17;1;355.50119506;17;2;1;4;1;2;1;1;1;2;1;1;4;3;1;1;1;1;1;3;3;;;;;600000;;1;;;;;;;;;;4
20230312;03;2023;7388406;1;1;01;17;1;206.69408946;17;2;1;4;1;3;1;1;1;2;1;1;3;1;1;1;1;1;1;3;3;;;;;550000;;1;;;;;;;;;;1
20230312;03;2023;7388407;1;1;01;17;1;295.2919543;17;1;1;4;1;2;1;1;1;2;1;1;5;2;1;1;1;1;1;3;1;;;98;1000000;;;1;;;;;;;;;;3
20230312;03;2023;7388408;1;1;01;17;1;300.61155323;17;2;1;4;1;2;1;1;1;2;1;1;3;2;1;1;1;1;1;3;3;;;;;520000;;1;;;;;;;;;;2
20230312;03;2023;7388409;1;1;01;17;1;350.18293405;17;2;1;4;1;2;1;1;1;2;1;1;5;3;1;1;1;1;1;3;1;;;350000000;2000000;;;1;;;;;;;;;;4
20230312;03;2023;7388411;1;1;01;18;1;92.174965516;18;1;1;4;1;1;1;1;1;2;1;1;4;3;1;1;1;1;1;3;3;;;;;300000;;1;;;;;;;;;;5
20230312;03;2023;7388412;1;1;01;18;1;122.9322528;18;1;1;2;1;1;1;1;1;2;1;1;4;1;1;1;1;1;1;3;3;;;;;300000;;;;;;;;;1;;;1
20230312;03;2023;7388413;1;1;01;18;1;110.76399228;18;2;1;2;1;1;1;1;1;2;1;1;3;1;1;1;1;1;1;3;3;;;;;400000;;1;;;;;;;;;;2
20230312;03;2023;7388416;1;1;01;18;1;73.241053903;18;1;1;2;1;1;1;1;1;2;1;1;4;1;1;1;1;1;1;3;3;;;;;350000;;;;;;;;;1;;;1
20230312;03;2023;7388417;1;1;01;18;1;92.581838235;18;1;1;4;1;1;1;1;1;2;1;1;3;2;1;1;1;1;1;3;1;;;99;350000;;;;;;;;;;1;;;2
20230312;03;2023;7388418;1;1;01;18;1;77.906598253;18;2;1;4;1;1;1;1;1;2;1;1;2;1;1;1;1;1;1;3;3;;;;;300000;;1;;;;;;;;;;1
20230312;03;2023;7388419;1;1;01;18;1;79.271530226;18;1;1;4;1;1;1;1;1;2;1;1;3;2;1;1;1;1;1;3;1;;;99;350000;;;;;;;;;;1;;;1
20230312;03;2023;7388420;1;1;01;18;1;98.585641418;18;1;1;4;1;1;1;1;1;2;1;1;3;2;1;1;1;1;1;3;3;;;;;350000;;;;;;;;;1;;;3
20230312;03;2023;7388421;1;1;01;18;1;86.795473345;18;1;1;4;1;1;1;1;1;2;1;1;4;1;1;1;1;1;1;3;2;;5000000;99;300000;;;;;;;;;;1;;;2
20230312;03;2023;7388423;1;1;01;18;1;94.411970149;18;2;1;4;1;3;1;1;1;3;1;1;3;1;1;1;1;1;1;3;3;;;;;880000;;1;;;;;;;;;;1
20230312;03;2023;7388425;1;1;01;18;1;63.537206282;18;2;1;4;1;3;1;1;1;2;1;1;3;2;1;1;1;1;1;3;3;;;;;830000;;;;;;;;;1;;;2
20230312;03;2023;7388426;1;1;01;18;1;70.88468363;18;2;1;4;1;3;1;1;1;3;1;1;4;3;1;1;1;1;1;3;2;;750000;99;700000;;;1;;;;;;;;;;4
20230312;03;2023;7388428;1;1;01;18;1;39.856114397;18;1;1;2;1;1;1;1;1;2;1;1;3;2;1;1;1;1;1;3;3;;;;;380000;;;;;;;;;1;;;2
20230312;03;2023;7388429;1;1;01;18;1;46.677843926;18;1;1;4;1;1;1;1;1;2;1;1;3;2;1;1;1;1;1;3;7;VIVIENDA FAMILIAR;;;450000;;;;;;;;;;1;;;3
20230312;03;2023;7388430;1;1;01;18;1;72.274102671;18;1;1;4;1;1;1;1;1;2;1;1;4;2;1;1;1;1;1;3;1;;;99;300000;;;1;;;;;;;;;;3
20230312;03;2023;7388431;1;1;01;18;1;83.357107316;18;1;1;2;1;1;1;1;1;2;1;1;2;1;1;1;1;1;1;4;1;;;99;300000;;;;;;;;;;1;;;1
20230312;03;2023;7388432;1;1;01;18;1;112.15378686;18;1;1;4;1;1;1;1;1;2;1;1;3;2;1;1;1;1;1;3;7;VIVIENDA FAMILIAR;;;300000;;;;;;;;;;1;;;4
20230312;03;2023;7388434;1;1;01;18;1;73.505718003;18;1;1;4;1;1;1;1;1;2;1;1;3;2;1;1;1;1;1;3;3;;;;;350000;;;;;;;;;1;;;3
20230312;03;2023;7388435;1;1;01;18;1;60.822288169;18;2;1;4;1;1;1;1;1;2;1;1;3;2;1;1;1;1;1;3;3;;;;;500000;;1;;;;;;;;;;2
20230312;03;2023;7388436;1;1;01;18;1;94.411970149;18;2;1;4;1;1;1;1;1;2;1;1;2;1;1;1;1;1;1;3;3;;;;;380000;;;;;;;;;1;;;1
20230312;03;2023;7388437;1;1;01;18;1;75.021396585;18;1;1;4;1;1;1;1;1;2;1;1;4;1;1;1;1;1;1;3;3;;;;;700000;;1;;;;;;;;;;1
20230312;03;2023;7388438;1;1;01;18;1;88.335014376;18;1;1;4;1;1;1;1;1;2;1;1;4;3;1;1;1;1;1;4;2;;99;99;600000;;;;;;;;;;1;;;3
20230312;03;2023;7388439;1;1;01;18;1;54.6709559;18;1;1;4;1;1;1;1;1;2;1;1;4;3;1;1;1;1;3;3;1;;;99;99;;;1;;;;1;;;;;;4
20230312;03;2023;7388441;1;1;01;18;1;58.592843122;18;2;1;4;1;1;1;1;1;2;1;1;3;1;1;1;1;1;3;3;3;;;;;350000;;1;;;;;;;;;;1
20230312;03;2023;7388442;1;1;01;18;1;43.165856593;18;1;2;1;1;1;1;2;1;2;1;1;4;2;2;1;1;1;1;3;5;;;;200000;;;;;;;;;;1;;;2
20230312;03;2023;7388443;1;1;01;18;1;69.383401209;18;1;1;4;1;1;2;2;1;2;1;1;4;2;2;1;1;1;1;4;3;;;;;330000;;;;;;;;;1;;;3
20230312;03;2023;7388444;1;1;01;18;1;140.25106592;18;1;1;4;1;2;1;1;1;2;1;1;5;2;1;1;1;1;1;3;3;;;;;900000;1;1;;;;;;;;;;4
20230312;03;2023;7388446;1;1;01;18;1;161.89460282;18;1;1;4;1;1;1;1;1;2;1;1;4;2;1;1;1;1;1;3;3;;;;;270000;;1;;;;;;;;;;3
20230312;03;2023;7388447;1;1;01;18;1;85.247800237;18;1;1;4;1;2;1;1;1;3;1;1;4;2;1;1;1;1;1;3;1;;;130000000;400000;;;;;;;;;;1;;;2
20230312;03;2023;7388448;1;1;01;18;1;46.167013283;18;1;1;4;1;1;1;1;1;2;1;1;4;1;1;1;1;1;1;3;3;;;;;300000;;1;;;;;;;;;;1
20230312;03;2023;7388450;1;1;01;18;1;58.592843122;18;2;1;4;1;2;1;1;1;2;1;1;4;1;1;1;1;1;1;3;3;;;;;350000;;1;;;;;;;;;;1
20230312;03;2023;7388451;1;1;01;18;1;67.68950992;18;2;1;4;1;2;1;1;1;2;1;1;4;2;1;1;1;1;1;3;3;;;;;400000;;1;;;;;;;;;;2
20230312;03;2023;7388453;1;1;01;18;1;42.852165126;18;1;1;4;1;2;1;1;1;2;1;1;4;2;1;1;1;1;1;3;3;;;;;700000;;1;;;;;;;;;;2
20230312;03;2023;7388455;1;1;01;18;1;56.571724437;18;1;2;3;1;1;1;1;1;2;1;1;4;2;1;1;1;1;1;3;4;;;;200000;;;;;;;;;;1;;;2
20230312;03;2023;7388456;1;1;01;18;1;70.405709935;18;1;5;3;1;1;1;1;1;2;1;1;4;2;1;1;1;1;1;3;1;;;40000000;200000;;;;;;;;;;1;;;3
20230312;03;2023;7388457;1;1;01;18;1;94.890943843;18;1;5;3;1;1;2;1;1;2;2;1;4;2;1;1;1;10;3;4;4;;;;200000;;;1;;;;;;;;;;2
20230312;03;2023;7388458;1;1;01;18;1;38.160655101;18;1;1;4;1;2;2;1;1;2;1;1;3;2;1;1;1;1;3;4;4;;;;200000;;;;;;;1;;;;;;2
20230312;03;2023;7388459;1;1;01;18;1;50.636981945;18;1;1;4;1;2;1;1;1;2;1;1;4;2;1;1;1;1;1;3;4;;;;300000;;;;;;;;;;1;;;3
20230312;03;2023;7388460;1;1;01;18;1;63.977343488;18;2;1;4;1;1;1;1;1;2;1;1;3;2;1;1;1;1;3;3;3;;;;;380000;;1;;;1;;;;;;;2
20230312;03;2023;7388461;1;1;01;18;1;67.408663949;18;1;1;4;1;1;1;1;1;6;1;1;4;3;1;1;1;1;3;3;4;;;;700000;;;;;;;;;;1;;;5
20230312;03;2023;7388465;1;1;01;18;1;99.000517764;18;1;1;4;1;1;1;1;1;2;1;1;3;2;1;1;1;1;1;3;3;;;;;300000;;;;;;;;;1;;;2
20230312;03;2023;7388466;1;1;01;18;1;123.38324966;18;1;1;4;1;2;1;1;1;2;1;1;4;1;1;1;1;1;1;3;3;;;;;450000;;;;;;;;;1;;;3
20230312;03;2023;7388468;1;1;01;18;1;42.069563057;18;2;1;2;1;1;2;1;1;2;1;1;3;1;1;1;1;1;3;4;4;;;;350000;;;;;;;;;;1;;;1
20230312;03;2023;7388469;1;1;01;18;1;42.806626322;18;1;1;2;1;1;1;1;1;2;1;1;3;2;1;1;1;1;3;3;5;;;;150000;;;;;;;;;;1;;;1
20230312;03;2023;7388470;1;1;01;18;1;67.347212624;18;1;5;3;1;1;1;2;1;2;1;1;2;2;2;1;1;1;1;3;5;;;;150000;;;;;;;;;;1;;;3
20230312;03;2023;7388472;1;1;01;18;1;95.072521893;18;2;1;2;1;2;2;1;1;2;1;1;1;1;1;1;1;1;6;;3;;;;;250000;;;;;;;;;1;;;1
20230312;03;2023;7388473;1;1;01;18;1;96.142678167;18;1;1;4;1;2;1;1;1;2;1;1;3;1;1;1;1;1;1;3;1;;;12000000;500000;;;1;;;;;;;;;;2
20230312;03;2023;7388474;1;1;01;18;1;108.20393738;18;1;1;4;1;2;1;1;1;2;1;1;5;2;1;1;1;1;1;3;1;;;350000000;800000;;;1;;;;;;;;;;1
20230312;03;2023;7388475;1;1;01;18;1;122.69242222;18;2;1;4;1;2;1;1;1;2;1;1;3;3;1;1;1;1;1;3;4;;;;450000;;;1;;;;;;;;;;2
20230312;03;2023;7388476;1;1;01;18;1;165.22094776;18;2;1;4;1;1;1;1;1;2;1;1;2;1;1;1;1;1;6;;3;;;;;350000;;1;;;;;;;;;;1
20230312;03;2023;7388478;1;1;01;18;1;55.259251384;18;1;1;4;1;1;1;1;1;5;1;1;2;2;1;1;1;1;1;3;3;;;;;400000;;1;;;;;;;;;;3
20230312;03;2023;7388479;1;1;01;18;1;25.927286164;18;1;1;2;1;1;2;1;1;2;1;1;2;2;1;1;1;1;1;4;3;;;;;500000;;;;;;;;;1;;;4
20230312;03;2023;7388480;1;1;01;18;1;40.416106159;18;1;1;4;1;2;1;1;1;2;1;1;3;3;1;1;1;1;1;3;3;;;;;350000;;;;;;;;;1;;;2
20230312;03;2023;7388481;1;1;01;18;1;49.860222882;18;2;1;4;1;2;1;1;1;2;1;1;1;1;1;1;1;1;1;4;1;;;8000000;450000;;1;1;;;;;;;;;;1
20230312;03;2023;7388484;1;1;01;18;1;50.711731672;18;1;1;2;1;1;1;1;1;1;1;1;1;1;1;1;1;1;1;3;4;;;;98;;;;;;;;;;1;;;3
20230312;03;2023;7388485;1;1;01;18;1;42.375181187;18;1;1;2;1;2;1;1;1;2;1;1;4;1;1;1;1;1;1;3;1;;;40000000;380000;;;;;;;;;;1;;;1
20230312;03;2023;7388486;1;1;01;18;1;79.19568772;18;1;1;2;1;1;1;1;1;2;1;1;3;1;1;1;1;1;1;3;4;;;;200000;;;;;;;;;;1;;;2
20230312;03;2023;7388487;1;1;01;18;1;36.367537138;18;1;1;2;1;2;1;1;1;2;1;1;2;2;1;1;1;1;1;3;3;;;;;550000;;;;;;1;;;;;;2
20230312;03;2023;7388488;1;1;01;18;1;36.059625477;18;1;1;2;1;2;1;1;1;2;1;1;2;2;1;1;1;1;1;3;3;;;;;500000;;1;;;;;;;;;;1
20230312;03;2023;7388489;1;1;01;18;1;38.160655101;18;2;1;4;1;2;1;1;1;2;1;1;2;2;1;1;1;1;1;3;3;;;;;400000;;;;;;;;;1;;;2
20230312;03;2023;7388493;1;1;01;18;1;85.066746073;18;1;1;4;1;1;1;1;1;2;1;1;4;1;1;1;1;1;1;3;1;;;150000000;700000;;;1;;;;;;;;;;2
20230312;03;2023;7388496;1;1;01;19;1;152.12519743;19;1;1;4;1;3;1;1;1;3;1;1;3;2;1;1;1;1;1;4;3;;;;;98;;1;;;;;;;;;;3
20230312;03;2023;7388498;1;1;01;19;1;206.2840642;19;2;1;4;1;3;1;1;1;3;1;1;3;1;1;1;1;1;1;3;3;;;;;600000;;;;;;;;;1;;;1
20230312;03;2023;7388499;1;1;01;19;1;144.29822058;19;2;1;4;1;4;1;1;1;3;1;1;1;1;1;1;1;1;1;3;3;;;;;450000;;;;;;;;;1;;;1
20230312;03;2023;7388500;1;1;01;19;1;148.74463748;19;1;1;4;1;3;1;1;1;3;1;1;6;3;1;1;1;1;1;3;1;;;350000000;1000000;;;1;;;;;;;;;;3
20230312;03;2023;7388501;1;1;01;19;1;83.899914299;19;1;1;4;1;3;1;1;1;3;1;1;5;4;1;1;1;1;1;3;1;;;600000000;1500000;;;;;;;;;;1;;;4
20230312;03;2023;7388502;1;1;01;19;1;172.57906649;19;1;1;4;1;3;1;1;1;3;1;1;3;1;1;1;1;1;3;4;4;;;;400000;;;;;;;;;;1;;;2
20230312;03;2023;7388504;1;1;01;19;1;137.07777355;19;1;1;4;1;1;1;1;1;3;1;1;4;3;1;1;1;1;1;3;2;;391000;150000000;600000;;;1;;;;;;;;;;3
20230312;03;2023;7388505;1;1;01;19;1;220.45561477;19;1;1;4;1;4;1;1;1;3;1;1;3;1;1;1;1;1;1;3;4;;;;99;;;;;;;;;;1;;;1
20230312;03;2023;7388506;1;1;01;19;1;106.46338449;19;1;1;4;1;4;1;1;1;3;1;1;6;3;1;1;1;1;1;3;1;;;99;1500000;;;1;;;;;1;;;;;3
20230312;03;2023;7388507;1;1;01;19;1;222.44185848;19;1;1;4;1;4;1;1;1;3;1;1;5;3;1;1;1;1;1;3;4;;;;1300000;;;1;;;;;;;;;;3
20230312;03;2023;7388508;1;1;01;19;1;128.80745033;19;1;1;4;1;1;1;1;1;3;1;1;3;2;1;1;1;1;1;3;4;;;;400000;;;;;;;;;;1;;;2
20230312;03;2023;7388509;1;1;01;19;1;229.88709165;19;1;1;4;1;1;1;1;1;3;1;1;4;3;1;1;1;1;1;3;4;;;;500000;;;;;;;;;;1;;;3
20230312;03;2023;7388510;1;1;01;19;1;243.29409835;19;3;1;4;1;2;1;1;1;3;1;2;1;1;1;1;1;1;1;3;3;;;;;30000;;1;;;;;;;;;;2
20230312;03;2023;7388510;2;2;01;19;1;243.29409835;19;3;1;4;1;2;1;1;1;3;1;2;2;1;1;1;1;1;1;3;3;;;;;300000;;;;;;;;;1;;;3
20230312;03;2023;7388511;1;1;01;19;1;259.4201706;19;2;1;4;1;3;1;1;1;3;1;1;4;1;1;1;1;1;1;3;2;;495000;250000000;450000;;;1;;;;;;;;;;2
20230312;03;2023;7388513;1;1;01;19;1;175.93381164;19;1;1;4;1;4;1;1;1;3;1;1;4;2;1;1;1;1;1;3;1;;;500000000;1500000;;;1;;;;;1;;;;;2
20230312;03;2023;7388516;1;1;01;19;1;248.51991711;19;1;1;4;1;1;1;1;1;3;1;1;3;2;1;1;1;1;1;3;2;;189000;99;600000;;;1;;1;;;;;;;;2
20230312;03;2023;7388517;1;1;01;19;1;112.96084352;19;1;1;4;1;4;1;1;1;3;1;1;9;1;1;1;1;1;1;3;1;;;99;2000000;;;1;;;;;;;;;;2
20230312;03;2023;7388519;1;1;01;19;1;116.34975935;19;2;1;4;1;4;1;1;1;3;1;1;4;3;1;1;1;1;1;3;3;;;;;1050000;;1;;;;;;1;;;NEQUI;3
20230312;03;2023;7388520;1;1;01;19;1;109.44378575;19;1;1;4;1;2;1;1;1;3;1;1;4;2;1;1;1;1;1;3;1;;;200000000;600000;;;1;;;;1;;;;;;3
20230312;03;2023;7388521;1;1;01;19;1;73.164953572;19;1;1;4;1;3;1;1;1;3;1;1;5;2;1;1;1;1;1;3;1;;;98;1000000;;;1;;;;;;;;;;2
20230312;03;2023;7388522;1;1;01;19;1;163.54963523;19;1;1;4;1;2;1;1;1;3;1;1;4;3;1;1;1;1;1;3;3;;;;;400000;;;;;;;;;1;;;4
20230312;03;2023;7388523;1;1;01;19;1;57.999406912;19;1;1;4;1;3;1;1;1;3;1;1;5;3;1;1;1;1;1;3;1;;;98;800000;;;1;;;;;;;;;;3
20230312;03;2023;7388524;1;1;01;19;1;83.552166738;19;1;1;4;1;3;1;1;1;3;1;1;4;3;1;1;1;1;1;3;3;;;;;750000;;1;;;;;;;;;;3
20230312;03;2023;7388525;1;1;01;19;1;203.72346132;19;1;1;4;1;2;1;1;1;3;1;1;3;2;1;1;1;1;1;4;3;;;;;500000;;1;;;;;;;;;;5
20230312;03;2023;7388527;1;1;01;19;1;113.57759475;19;2;1;4;1;2;1;1;1;3;1;1;4;3;1;1;1;1;1;3;1;;;98;350000;;;;;;;;;;1;;;4
20230312;03;2023;7388528;1;1;01;19;1;106.46338449;19;2;1;4;1;4;1;1;1;3;1;1;3;2;1;1;1;1;1;3;1;;;99;1200000;;;1;;;;;1;;;;;3
20230312;03;2023;7388530;1;1;01;19;1;54.37444398;19;2;1;4;1;2;1;1;1;3;1;1;4;3;1;1;1;1;3;3;1;;;100000000;200000;;;;;;;1;;;;;;5
20230312;03;2023;7388531;1;1;01;19;1;142.12558441;19;1;1;4;1;2;1;1;1;3;1;1;3;2;1;1;1;1;1;3;3;;;;;400000;;;;;;;;;1;;;3
20230312;03;2023;7388532;1;1;01;19;1;141.50191123;19;1;1;4;1;4;1;1;1;3;1;1;6;2;1;1;1;1;1;3;1;;;400000000;2000000;;;1;;;;;;;;;;2
20230312;03;2023;7388533;1;1;01;19;1;109.86632017;19;1;1;4;1;4;1;1;1;3;1;1;9;1;1;1;1;1;1;3;1;;;800000000;2500000;;;1;1;;;;;;;;;1
20230312;03;2023;7388534;1;1;01;19;1;106.46338449;19;1;1;4;1;3;1;1;1;3;1;1;4;2;1;1;1;1;1;3;1;;;300000000;1000000;;;1;;;;;;;;;;3
20230312;03;2023;7388535;1;1;01;19;1;129.8242885;19;1;1;4;1;2;1;1;1;3;1;1;3;2;1;1;1;1;1;3;1;;;120000000;300000;;;;;;;;;;1;;;3
20230312;03;2023;7388536;1;1;01;19;1;142.60725432;19;1;1;4;1;2;2;1;1;3;1;1;4;2;1;1;1;1;1;4;1;;;160000000;500000;;;1;;;;1;;;;;;3
20230312;03;2023;7388537;1;1;01;19;1;130.93093787;19;1;1;4;1;4;1;1;1;3;1;1;4;3;1;1;1;1;1;3;1;;;99;1300000;;;1;;;;;;;;;;5
20230312;03;2023;7388538;1;1;01;19;1;127.85127252;19;1;1;4;1;4;1;1;1;3;1;1;4;3;1;1;1;1;1;3;3;;;;;1000000;;1;;;;;;;;;;3
20230312;03;2023;7388539;1;1;01;19;1;98.649529739;19;2;1;2;1;2;1;1;1;3;1;1;2;2;1;1;1;1;2;3;1;;;250000000;500000;;;;;;;;;;1;;;3
20230312;03;2023;7388540;1;1;01;19;1;81.762675833;19;2;1;3;1;2;1;1;1;3;1;1;4;3;1;1;1;1;3;3;1;;;100000000;500000;;;;;;;1;;;;;;5
20230312;03;2023;7388542;1;1;01;19;1;232.41349607;19;1;1;4;1;4;1;1;1;3;1;1;4;3;1;1;1;1;1;3;1;;;300000000;1200000;;;1;;;;;1;;;;;3
20230312;03;2023;7388543;1;1;01;19;1;132.27336886;19;1;1;4;1;2;2;1;1;3;1;1;2;1;1;1;1;1;1;4;1;;;150000000;700000;;;;;;;;;;1;;;1
20230312;03;2023;7388544;1;1;01;19;1;137.28548222;19;1;1;4;1;2;1;1;1;3;1;1;2;1;1;1;1;1;1;3;3;;;;;99;;;;;;;;;1;;;1
20230312;03;2023;7388545;1;1;01;19;1;100.71079349;19;2;1;4;1;2;2;1;1;3;1;1;3;1;1;1;1;1;1;4;3;;;;;450000;;;;;;;;;1;;;1
20230312;03;2023;7388546;1;1;01;19;1;105.71005532;19;1;1;4;1;2;1;1;1;3;1;1;3;2;1;1;1;1;1;3;1;;;99;400000;;;1;;;;;;;;;;4
20230312;03;2023;7388547;1;1;01;19;1;142.60725432;19;2;1;4;1;2;1;1;1;3;1;1;2;2;1;1;1;1;1;3;3;;;;;500000;;;;;;;;;1;;;3
20230312;03;2023;7388548;1;1;01;19;1;132.98344518;19;2;1;4;1;2;1;1;1;3;1;1;4;3;1;1;1;1;1;3;3;;;;;500000;;1;;;;;;;;;;3
20230312;03;2023;7388549;1;1;01;19;1;160.65280849;19;2;1;4;1;2;1;1;1;3;1;1;3;2;1;1;1;1;3;3;3;;;;;500000;;1;;;;;;;;;;2
20230312;03;2023;7388550;1;1;01;19;1;109.25969383;19;2;1;4;1;4;2;1;1;3;1;1;2;1;1;1;1;1;1;4;3;;;;;500000;;1;;;;;;;;;;2
20230312;03;2023;7388551;1;1;01;19;1;159.44309037;19;2;1;4;1;1;1;1;1;3;1;1;3;1;1;1;1;1;1;3;3;;;;;400000;;;;;;;;;1;;;2
20230312;03;2023;7388554;1;1;01;19;1;182.09927226;19;2;1;4;1;1;1;1;1;3;1;1;3;2;1;1;1;1;1;3;3;;;;;600000;;;;;;;;;1;;;3
20230312;03;2023;7388555;1;1;01;19;1;65.249332776;19;2;1;2;1;1;1;1;1;3;1;1;3;2;1;1;1;1;3;3;2;;528000;99;250000;;;;;1;;1;;;;;;2
20230312;03;2023;7388556;1;1;01;19;1;164.74257866;19;1;1;4;1;1;2;1;1;3;1;1;4;1;1;1;1;1;1;4;3;;;;;300000;;;;;;;;;1;;;1
20230312;03;2023;7388557;1;1;01;19;1;159.58013421;19;2;1;2;1;1;1;1;1;3;1;1;4;2;1;1;1;1;1;3;2;;625000;20000000;450000;;;1;;;;1;;;;;;3
20230312;03;2023;7388558;1;1;01;19;1;158.72804263;19;2;1;4;1;1;2;1;1;3;1;1;3;1;1;1;1;1;1;4;3;;;;;300000;;;;;;;;;1;;;1
20230312;03;2023;7388559;1;1;01;19;1;260.2989493;19;2;7;2;1;1;2;1;1;3;1;2;3;1;1;1;1;1;2;2;3;;;;;200000;;;;;;;;;1;;;1
20230312;03;2023;7388559;2;2;01;19;1;260.2989493;19;2;7;2;1;1;2;1;1;3;1;2;1;1;1;2;1;1;6;;3;;;;;70000;;;;;;;;;1;;;1
20230312;03;2023;7388560;1;1;01;19;1;208.95603687;19;2;1;4;1;1;1;1;1;3;1;1;3;1;1;1;1;1;1;3;1;;;99;500000;;;1;;;;;;;;;;1
20230312;03;2023;7388561;1;1;01;19;1;170.41365744;19;2;1;4;1;1;1;1;1;3;1;1;3;1;1;1;1;1;1;3;2;;625000;100000000;400000;;;;;1;;;;;;;;2
20230312;03;2023;7388562;1;1;01;19;1;143.32411133;19;2;1;4;1;2;1;1;1;3;1;1;2;1;1;1;1;1;1;3;3;;;;;450000;;;;;;;;;1;;;2
20230312;03;2023;7388564;1;1;01;19;1;109.12131044;19;1;1;4;1;4;1;1;1;3;1;1;4;3;1;1;1;1;1;3;1;;;300000000;1200000;;;1;;;;1;;;;;;4
20230312;03;2023;7388565;1;1;01;19;1;109.86632017;19;2;1;4;1;4;2;1;1;3;1;1;2;1;1;1;1;1;1;4;3;;;;;800000;;1;;;;;;;;;;1
20230312;03;2023;7388568;1;1;01;19;1;100.80322951;19;1;1;4;1;2;1;1;1;3;1;1;3;2;1;1;1;1;1;3;1;;;140000000;500000;;;1;;;;;;;;;;4
20230312;03;2023;7388570;1;1;01;19;1;260.58769221;19;1;1;4;1;2;1;1;1;3;1;1;3;2;1;1;1;1;1;3;3;;;;;450000;;;;;;;;;1;;;3
20230312;03;2023;7388571;1;1;01;19;1;201.73344314;19;2;1;4;1;2;2;1;1;3;1;1;4;2;1;1;1;1;1;4;3;;;;;600000;;;;;;;;;1;;;2
20230312;03;2023;7388572;1;1;01;19;1;216.5723191;19;2;1;4;1;2;1;1;1;3;1;1;3;2;1;1;1;1;1;3;3;;;;;600000;1;;;;;1;;;;;;3
20230312;03;2023;7388574;1;1;01;19;1;224.03580124;19;1;1;4;1;2;1;1;1;3;1;1;3;2;1;1;1;1;1;3;3;;;;;500000;;;;;;;;;1;;;2
20230312;03;2023;7388575;1;1;01;19;1;155.65210236;19;1;1;2;1;1;1;1;1;3;1;1;3;2;1;1;1;1;1;3;4;;;;300000;;;;;;;;;;1;;;2
20230312;03;2023;7388578;1;1;01;20;1;295.73318664;20;1;1;4;1;1;1;1;1;3;1;1;3;2;1;1;1;1;1;3;3;;;;;300000;;;;;;;;;1;;;4
20230312;03;2023;7388579;1;1;01;20;1;277.63995212;20;1;1;3;1;1;1;1;1;3;1;1;5;3;1;1;1;1;1;3;1;;;150000000;400000;;;1;;;;;;;;;;4
20230312;03;2023;7388580;1;1;01;20;1;162.27915305;20;1;1;2;1;1;1;1;1;3;1;1;3;2;1;1;1;1;1;3;1;;;99;250000;;;;;;;;;;1;;;8
20230312;03;2023;7388581;1;1;01;20;1;244.73780113;20;1;1;2;1;1;1;1;1;3;1;1;4;2;1;1;1;1;1;3;3;;;;;350000;;1;;;;;;;;;;2
20230312;03;2023;7388582;1;1;01;20;1;161.51312687;20;1;1;4;1;1;1;1;1;3;1;1;3;2;1;1;1;1;1;3;1;;;60000000;300000;;;;;;;;;;1;;;3
20230312;03;2023;7388583;1;1;01;20;1;296.81088798;20;1;1;3;1;1;1;1;1;3;1;1;6;4;1;1;1;1;1;4;3;;;;;350000;;1;;;;;;;;;;6
20230312;03;2023;7388584;1;1;01;20;1;189.67460569;20;1;1;4;1;1;1;1;1;3;1;1;3;2;1;1;1;1;1;3;3;;;;;300000;;;;;;;;;1;;;4
20230312;03;2023;7388585;1;1;01;20;1;245.81550247;20;1;1;4;1;1;1;1;1;3;1;1;4;3;1;1;1;1;1;3;1;;;80000000;400000;;;;;;;;;;1;;;4
20230312;03;2023;7388586;1;1;01;20;1;232.88774288;20;1;1;4;1;1;1;1;1;3;1;1;5;4;1;1;1;1;1;3;1;;;99;300000;;;;;;;;;;1;;;5
20230312;03;2023;7388587;1;1;01;20;1;238.91987615;20;1;1;4;1;1;1;1;1;3;1;1;3;2;1;1;1;1;1;3;1;;;99;450000;;;;;;;;;;1;;;3
20230312;03;2023;7388588;1;1;01;20;1;418.93271698;20;2;1;4;1;2;1;1;1;3;1;1;2;1;1;1;1;1;1;3;3;;;;;300000;;;;;;;;;1;;;6
20230312;03;2023;7388590;1;1;01;20;1;364.9938831;20;2;1;4;1;2;1;1;1;3;1;1;3;2;1;1;1;1;1;3;3;;;;;480000;;;;;;;;;1;;;5
20230312;03;2023;7388591;1;1;01;20;1;469.90465901;20;1;1;2;1;2;1;1;1;3;1;1;5;2;1;1;1;1;1;3;3;;;;;400000;;;;;;;;;1;;;2
20230312;03;2023;7388593;1;1;01;20;1;413.22772797;20;1;1;4;1;2;1;1;1;3;1;1;3;2;1;1;1;1;1;3;3;;;;;300000;;;;;;;;;1;;;3
20230312;03;2023;7388595;1;1;01;20;1;239.88241506;20;1;1;2;1;2;1;1;1;3;1;1;3;2;1;1;1;1;1;3;6;;;;500000;;;;;;;;;;1;;;8
20230312;03;2023;7388598;1;1;01;20;1;143.82478465;20;1;1;4;1;3;1;1;1;3;1;1;3;2;1;1;1;1;1;3;1;;;98;98;;;1;;;;;;;;;;2
20230312;03;2023;7388599;1;1;01;20;1;152.55687629;20;1;1;4;1;3;1;1;1;3;1;1;4;3;1;1;1;1;1;3;2;;98;250000000;750000;;;1;;1;;;1;;;;;6
20230312;03;2023;7388601;1;1;01;20;1;322.39968369;20;2;1;4;1;2;1;1;1;3;1;1;3;2;1;1;1;1;1;3;6;;;;300000;;;;;;;;;;1;;;4
20230312;03;2023;7388602;1;1;01;20;1;247.52760769;20;1;1;5;1;3;1;1;1;3;1;1;4;3;1;1;1;1;1;3;1;;;99;600000;;;1;;;;;;;;;;4
20230312;03;2023;7388609;1;1;01;20;1;175.10582556;20;2;1;3;1;1;1;1;1;3;1;1;5;3;1;1;1;1;1;3;3;;;;;450000;;1;;;;;;;;;;4
20230312;03;2023;7388610;1;1;01;20;1;230.36075066;20;1;1;4;1;1;1;1;1;3;1;1;3;2;1;1;1;1;1;3;1;;;70000000;400000;;;;;;;;;;1;;;3
20230312;03;2023;7388611;1;1;01;20;1;274.95271316;20;2;1;4;1;1;1;1;1;3;1;3;4;1;1;1;1;1;1;3;3;;;;;170000;;;;;;;;;1;;;3
20230312;03;2023;7388611;2;2;01;20;1;274.95271316;20;2;1;4;1;1;1;1;1;3;1;3;4;1;1;1;1;1;6;;3;;;;;170000;;;;;;;;;1;;;1
20230312;03;2023;7388611;3;3;01;20;1;274.95271316;20;2;1;4;1;1;1;1;1;3;1;3;1;1;1;1;1;1;6;;3;;;;;170000;;;;;;;;;1;;;1
20230312;03;2023;7388612;1;1;01;20;1;203.7733885;20;1;1;4;1;1;1;1;1;3;1;1;4;3;1;1;1;1;1;3;1;;;100000000;500000;;;;;;;;;;1;;;5
20230312;03;2023;7388613;1;1;01;20;1;226.3491751;20;1;1;2;1;1;1;1;1;3;1;1;3;2;1;1;1;1;1;3;3;;;;;400000;;;;;;;;;1;;;5
20230312;03;2023;7388614;1;1;01;20;1;147.53585676;20;1;1;4;1;1;1;1;1;3;1;1;4;3;1;1;1;1;1;3;6;;;;400000;;;1;;;;;;;;;;5
20230312;03;2023;7388615;1;1;01;20;1;199.23307447;20;1;1;4;1;2;1;1;1;3;1;1;4;1;1;1;1;1;1;3;3;;;;;650000;;1;;;;1;1;;;;;2
20230312;03;2023;7388616;1;1;01;20;1;240.64714888;20;1;1;5;1;2;1;1;1;3;1;1;4;2;1;1;1;1;1;3;2;;500000;99;700000;;;1;;;;;;;;;;3
20230312;03;2023;7388618;1;1;01;20;1;156.71756551;20;2;1;4;1;1;1;1;1;3;1;1;4;3;1;1;1;1;1;3;3;;;;;400000;;;;;;;;;1;;;4
20230312;03;2023;7388619;1;1;01;20;1;180.68885979;20;1;1;2;1;1;1;1;1;3;1;1;4;2;1;1;1;1;1;3;3;;;;;200000;;;;;;;;;1;;;4
20230312;03;2023;7388620;1;1;01;20;1;236.58654932;20;2;1;4;1;1;1;1;1;3;1;1;3;2;1;1;1;1;1;3;3;;;;;340000;;;;;;;;;1;;;4
20230312;03;2023;7388622;1;1;01;20;1;168.98101252;20;1;1;4;1;2;1;1;1;3;1;1;4;3;1;1;1;1;1;3;3;;;;;600000;;1;;;;1;;;;;;4
20230312;03;2023;7388623;1;1;01;20;1;231.63703331;20;1;1;4;1;2;1;1;1;3;1;1;4;3;1;1;1;1;1;3;3;;;;;800000;;1;;;;;;;;;;5
20230312;03;2023;7388627;1;1;01;20;1;316.27119454;20;1;1;2;1;1;2;2;1;3;1;1;3;2;2;1;1;1;1;4;4;;;;300000;;;;;;;;;;1;;;5
20230312;03;2023;7388628;1;1;01;20;1;201.1222277;20;1;1;2;1;1;2;2;1;3;1;1;3;2;2;1;1;1;1;4;4;;;;300000;;;;;;;;;;1;;;4
20230312;03;2023;7388629;1;1;01;20;1;243.75232037;20;2;1;2;1;1;2;2;1;3;1;1;3;2;2;1;1;1;3;4;4;;;;250000;;;;;;;;;;1;;;3
20230312;03;2023;7388631;1;1;01;20;1;236.63732262;20;1;5;1;1;1;2;2;1;3;1;1;2;2;2;1;1;1;4;4;5;;;;200000;;;1;;;;;;;;;;6
20230312;03;2023;7388632;1;1;01;20;1;261.22770198;20;1;1;1;1;1;2;2;1;3;1;1;3;2;2;1;1;1;5;4;5;;;;200000;;;1;;;;;;;;;;4
20230312;03;2023;7388633;1;1;01;20;1;346.86771287;20;1;1;2;1;1;2;2;1;3;1;1;2;1;2;1;1;1;4;4;5;;;;250000;;;1;;;;;;;;;;4
20230312;03;2023;7388634;1;1;01;20;1;301.78866459;20;1;1;2;1;1;2;2;1;3;1;1;3;2;2;1;1;1;4;4;5;;;;300000;;;;;;;;;;1;;;5
20230312;03;2023;7388635;1;1;01;20;1;290.70489816;20;2;1;2;1;1;2;2;1;3;1;1;2;1;2;1;1;1;4;1;3;;;;;200000;;;;;;;;;1;;;3
20230312;03;2023;7388636;1;1;01;20;1;258.75919671;20;1;1;2;1;1;2;2;1;1;1;1;2;1;2;1;1;1;1;4;4;;;;200000;;;;;;;;;;1;;;2
20230312;03;2023;7388637;1;1;01;20;1;280.35232895;20;1;1;2;1;1;2;2;1;3;1;1;3;2;2;1;1;1;1;4;4;;;;250000;;;;;;;;;;1;;;2
20230312;03;2023;7388638;1;1;01;20;1;312.56144482;20;1;1;2;1;1;2;2;1;3;1;1;3;2;2;1;1;1;1;4;4;;;;180000;;;;;;;;;;1;;;2
20230312;03;2023;7388639;1;1;01;20;1;210.7364014;20;1;1;2;1;1;2;2;1;3;1;1;2;1;2;1;1;1;3;4;3;;;;;300000;;1;;;;;;;;;;3
20230312;03;2023;7388641;1;1;01;20;1;334.74286733;20;1;1;2;1;1;2;2;1;2;1;1;3;2;2;1;1;1;1;4;4;;;;200000;;;1;;;;;;;;;;4
20230312;03;2023;7388643;1;1;01;20;1;269.86407228;20;2;1;2;1;1;2;2;1;3;1;1;3;2;2;1;1;1;3;4;4;;;;200000;;;1;;;;;;;;;;5
20230312;03;2023;7388644;1;1;01;20;1;318.65727063;20;2;1;5;1;2;1;1;1;3;1;1;3;1;1;1;1;1;1;3;3;;;;;450000;;1;;;;;;;;;;1
20230312;03;2023;7388645;1;1;01;20;1;165.64836749;20;2;1;4;1;2;1;1;1;3;1;1;4;3;1;1;1;1;1;3;3;;;;;650000;;1;;;;;;;;;;9
20230312;03;2023;7388646;1;1;01;20;1;222.48891012;20;2;1;4;1;2;1;1;1;3;1;1;3;2;1;1;1;1;1;3;3;;;;;600000;;1;;;;;;;;;;2
20230312;03;2023;7388647;1;1;01;20;1;190.41426887;20;2;1;4;1;2;1;1;1;3;1;1;3;2;1;1;1;1;3;3;4;;;;650000;;;1;;;;;;;;;;7
20230312;03;2023;7388648;1;1;01;20;1;201.70258097;20;2;1;4;1;2;1;1;1;3;1;1;4;1;1;1;1;1;1;3;6;;;;800000;;;1;;;;;;;;;;2
20230312;03;2023;7388649;1;1;01;20;1;260.7938518;20;2;1;4;1;2;1;1;1;3;1;1;2;1;1;1;1;1;3;3;3;;;;;500000;;1;;;;;;;;;;1
20230312;03;2023;7388650;1;1;01;20;1;202.68230946;20;1;1;4;1;2;1;1;1;3;1;1;4;3;1;1;1;1;1;3;3;;;;;1000000;;1;;;;;;;;;;4
20230312;03;2023;7388651;1;1;01;20;1;384.46113252;20;2;1;4;1;2;1;1;1;3;1;1;4;3;1;1;1;1;1;3;1;;;250000000;1200000;;;1;;;;;;;;;;8
20230312;03;2023;7388653;1;1;01;20;1;209.67633531;20;1;1;4;1;1;2;2;1;3;1;1;3;2;2;1;1;1;3;1;3;;;;;250000;;;;;;;;;1;;;5
20230312;03;2023;7388654;1;1;01;20;1;280.41839816;20;1;1;4;1;1;2;2;1;3;1;1;3;1;2;1;1;1;1;1;5;;;;300000;;;;;;;;;;1;;;1
20230312;03;2023;7388655;1;1;01;20;1;280.41839816;20;2;8;1;1;1;2;2;1;3;1;1;2;1;2;1;1;1;6;;5;;;;200000;;;;;;;;;;1;;;1
20230312;03;2023;7388656;1;1;01;20;1;287.76072039;20;2;1;4;1;2;1;1;1;3;1;1;4;1;1;1;1;1;3;3;1;;;98;500000;;;1;;;;;;;;;;1
20230312;03;2023;7388665;1;1;01;20;1;485.38953784;20;2;1;4;1;4;1;1;1;3;1;1;2;1;1;1;1;1;1;3;3;;;;;850000;;1;;;;;1;;;;;2
20230312;03;2023;7388668;1;1;01;20;1;278.81719139;20;2;1;2;1;2;1;1;1;3;1;1;3;2;1;1;1;1;1;3;3;;;;;560000;;1;;;;;;;;;;3
20230312;03;2023;7388670;1;1;01;20;1;317.96207013;20;2;1;2;1;2;1;1;1;3;1;1;3;2;1;1;1;1;1;3;3;;;;;350000;;;;;;;;;1;;;4
20230312;03;2023;7388672;1;1;01;20;1;358.62650578;20;2;1;4;1;2;1;1;1;3;1;1;3;2;1;1;1;1;1;3;4;;;;650000;;;1;;;;;;;;;;4
20230312;03;2023;7388676;1;1;01;20;1;275.05407144;20;2;1;2;1;1;2;2;1;3;1;1;2;1;2;1;1;1;4;1;5;;;;200000;;;;;;;;;;1;;;2
20230312;03;2023;7388678;1;1;01;20;1;256.25139092;20;2;1;2;1;1;2;2;1;3;1;1;4;2;2;1;1;1;1;4;5;;;;150000;;;;;;;;;;1;;;4
20230312;03;2023;7388680;1;1;01;20;1;182.78296762;20;1;1;2;1;1;2;2;1;3;1;1;3;2;2;1;1;1;3;4;3;;;;;150000;;1;;;;;;;;;;4
20230312;03;2023;7388685;1;1;01;23;1;112.54997667;23;1;1;2;1;1;1;2;1;3;1;1;4;3;2;1;1;1;1;3;4;;;;400000;;;;;;;;;;1;;;5
20230312;03;2023;7388687;1;1;01;23;1;308.16271838;23;2;5;2;1;1;1;2;1;3;1;2;4;3;2;1;1;1;1;3;1;;;25000000;600000;;;;;;;;;;1;;;3
20230312;03;2023;7388687;2;2;01;23;1;308.16271838;23;2;5;2;1;1;1;2;1;3;1;2;2;1;2;2;1;1;1;3;4;;;;300000;;;;;;;;;;1;;;4
20230312;03;2023;7388688;1;1;01;23;1;309.60359687;23;2;1;4;1;1;1;2;1;3;1;1;3;2;2;1;1;1;1;3;4;;;;400000;;;1;;;;;;;;;;4
20230312;03;2023;7388689;1;1;01;23;1;309.60359687;23;2;1;2;1;1;1;2;1;3;1;1;3;2;2;1;1;1;1;3;4;;;;350000;;;;;;;;;;1;;;4
20230312;03;2023;7388690;1;1;01;23;1;351.01026539;23;1;7;1;1;1;1;2;1;3;1;1;3;2;2;1;1;1;1;3;3;;;;;200000;;1;;;;;;;;;;3
20230312;03;2023;7388691;1;1;01;23;1;279.2691939;23;2;1;2;1;1;1;2;1;3;1;1;2;1;2;1;1;1;1;3;3;;;;;370000;;;;;;;;;1;;;1
20230312;03;2023;7388693;1;1;01;23;1;198.21154316;23;1;1;4;1;2;1;1;1;3;1;1;4;3;1;1;1;1;1;3;1;;;70000000;400000;;;1;;;;;;;;;;4
20230312;03;2023;7388694;1;1;01;23;1;441.43231088;23;1;1;4;1;2;1;1;1;3;1;1;4;3;1;1;1;1;1;3;3;;;;;850000;;1;;;;;;;;;;5
20230312;03;2023;7388695;1;1;01;23;1;269.89790783;23;2;1;2;1;2;1;1;1;3;1;1;3;2;1;1;1;1;1;3;3;;;;;500000;;1;;;;;;;;;;3
20230312;03;2023;7388697;1;1;01;23;1;204.33854419;23;2;1;4;1;1;1;1;1;3;1;1;3;2;1;1;1;1;1;3;3;;;;;350000;;1;;;;;;;;;;5
20230312;03;2023;7388698;1;1;01;23;1;278.94994998;23;2;1;4;1;1;1;1;1;3;1;1;3;2;1;1;1;1;1;3;3;;;;;350000;;1;;;;;;;;;;4
20230312;03;2023;7388699;1;1;01;23;1;290.51842668;23;1;1;4;1;1;1;1;1;3;1;1;4;3;1;1;1;1;1;3;4;;;;400000;;;1;;;;;;;;;;3
20230312;03;2023;7388701;1;1;01;23;1;232.95724472;23;2;1;4;1;3;1;1;1;3;1;1;4;3;1;1;1;1;1;3;3;;;;;1300000;;1;;;;;1;;;;;3
20230312;03;2023;7388702;1;1;01;23;1;213.04599841;23;1;1;2;1;2;1;1;1;3;1;1;3;2;1;1;1;1;1;3;4;;;;700000;;;1;;;;;;;;;;5
20230312;03;2023;7388704;1;1;01;23;1;257.40752795;23;1;1;4;1;4;1;1;1;3;1;1;5;2;1;1;1;1;1;3;3;;;;;1500000;1;1;;;;;;;;;;3
20230312;03;2023;7388706;1;1;01;23;1;197.92513241;23;1;1;4;1;4;1;1;1;3;1;1;4;2;1;1;1;1;1;3;4;;;;1000000;;;1;;;;;1;;;;;3
20230312;03;2023;7388707;1;1;01;23;1;135.08750499;23;1;1;4;1;4;1;1;1;3;1;1;6;4;1;1;1;1;3;3;3;;;;;1200000;;1;;;;;1;;;;;5
20230312;03;2023;7388708;1;1;01;23;1;136.75186444;23;1;1;4;1;4;1;1;1;3;1;1;5;2;1;1;1;1;3;3;1;;;350000000;1400000;;;1;;;;;1;;;;;3
20230312;03;2023;7388709;1;1;01;23;1;82.53664956;23;1;1;4;1;4;1;1;1;3;1;1;3;2;1;1;1;1;3;3;1;;;350000000;1650000;;;1;;;;;1;;;;;5
20230312;03;2023;7388710;1;1;01;23;1;196.04239576;23;1;1;4;1;4;1;1;1;3;1;1;4;1;1;1;1;1;1;3;7;EN PROCESO DE SUCESION;;;1500000;;;;;;;;;;1;;;1
20230312;03;2023;7388711;1;1;01;23;1;420.63881346;23;1;1;4;1;3;1;1;1;3;1;1;4;3;1;1;1;1;1;3;1;;;250000000;1200000;;;1;;;;;1;;;;;4
20230312;03;2023;7388712;1;1;01;23;1;239.90925141;23;1;1;4;1;1;1;1;1;3;1;1;3;2;1;1;1;1;1;3;1;;;85000000;500000;;;;;;;;;;1;;;3
20230312;03;2023;7388713;1;1;01;23;1;213.7640892;23;1;1;2;1;1;1;1;1;3;1;1;4;3;1;1;1;1;1;3;1;;;130000000;500000;;;1;;;;;;;;;;7
20230312;03;2023;7388714;1;1;01;23;1;225.41410099;23;1;1;2;1;1;1;1;1;3;1;1;3;2;1;1;1;1;1;3;3;;;;;400000;;1;;;;;;;;;;4
20230312;03;2023;7388716;1;1;01;23;1;365.8916826;23;1;1;4;1;1;1;1;1;3;1;1;3;1;1;1;1;1;1;3;3;;;;;450000;;1;;;;;;;;;;2
20230312;03;2023;7388717;1;1;01;23;1;311.30457635;23;1;1;2;1;1;1;2;1;3;1;1;2;1;2;1;1;1;1;3;4;;;;250000;;;;;;;;;;1;;;2
20230312;03;2023;7388718;1;1;01;23;1;323.9692419;23;1;1;4;1;2;1;1;1;3;1;1;3;2;1;1;1;1;1;3;3;;;;;750000;;1;;;;1;;;;;;2
20230312;03;2023;7388719;1;1;01;23;1;329.87522069;23;1;1;4;1;2;1;1;1;3;1;1;4;2;1;1;1;1;1;3;3;;;;;700000;;1;;;;;;;;;;3
20230312;03;2023;7388720;1;1;01;23;1;323.9692419;23;1;1;4;1;2;1;1;1;3;1;1;4;2;1;1;1;1;1;3;3;;;;;700000;;1;;;;;;;;;;2
20230312;03;2023;7388721;1;1;01;23;1;199.1062132;23;2;1;4;1;3;1;1;1;3;1;1;3;2;1;1;1;1;1;3;3;;;;;500000;;1;;;;;;;;;;3
20230312;03;2023;7388722;1;1;01;23;1;161.91352029;23;1;1;4;1;3;1;1;1;3;1;1;4;2;1;1;1;1;1;3;1;;;220000000;1000000;;;1;;;;;;;;;;2
20230312;03;2023;7388725;1;1;01;;1;2851.7745464;25;1;1;4;1;1;2;1;1;1;2;1;2;1;1;1;1;3;1;4;3;;;;;200000;;;;;;;;;1;;;1
20230312;03;2023;7388726;1;1;01;;1;2851.7745464;25;1;1;4;1;1;2;1;1;1;2;1;3;1;1;1;1;3;1;4;1;;;80000000;300000;;;1;;;;1;1;;;;;1
20230312;03;2023;7388730;1;1;01;;1;1984.2521734;25;2;1;2;1;1;2;1;1;1;2;1;3;2;1;1;1;3;1;4;3;;;;;350000;;1;;;;;;;;;;4
20230312;03;2023;7388731;1;1;01;;1;2851.7745464;25;2;1;4;1;1;2;1;1;1;2;1;1;1;1;1;1;3;1;4;3;;;;;350000;;;;;;;;;1;;;1
20230312;03;2023;7388732;1;1;01;;1;3005.2257369;25;1;1;2;1;1;2;1;1;1;2;1;4;1;1;1;1;3;3;4;3;;;;;200000;;;;;;;;;1;;;2
20230312;03;2023;7388734;1;1;01;;1;969.94231911;25;2;1;4;1;3;1;1;1;3;1;1;4;3;1;1;1;1;1;3;1;;;120000000;600000;;;1;;;;;;;;;;5
20230312;03;2023;7388735;1;1;01;;1;1972.9257868;25;2;1;4;1;3;1;1;1;3;1;1;4;1;1;1;1;1;1;3;2;;500000;180000000;700000;;;1;;;;;;;;;;1
20230312;03;2023;7388736;1;1;01;;1;1657.1580686;25;2;1;4;1;3;1;1;1;3;1;1;4;3;1;1;1;1;1;3;2;;430000;130000000;650000;;;1;;1;;1;;;;;;4
20230312;03;2023;7388737;1;1;01;;1;1311.4583166;25;1;1;2;1;1;1;1;1;3;1;1;2;1;1;1;1;1;1;3;3;;;;;300000;;1;;;;;;;;;;6
20230312;03;2023;7388738;1;1;01;;1;2066.2556858;25;2;1;4;1;1;1;1;1;3;1;1;3;2;1;1;1;1;1;3;3;;;;;300000;;;;;;;;;1;;;3
20230312;03;2023;7388739;1;1;01;;1;1631.0947169;25;2;1;4;1;1;1;1;1;3;1;1;5;4;1;1;1;1;1;3;3;;;;;1500000;;1;;;;;1;;;;;8
20230312;03;2023;7388740;1;1;01;;1;1953.1337473;25;3;1;4;1;1;2;1;1;3;1;1;1;1;1;1;1;1;6;;3;;;;;300000;;1;;;;1;;;;;;2
20230312;03;2023;7388741;1;1;01;;1;1860.4338951;25;2;1;4;1;1;1;1;1;3;1;1;3;2;1;1;1;1;1;3;3;;;;;350000;;1;;;;;;;;;;3
20230312;03;2023;7388742;1;1;01;;1;1327.8881921;25;2;1;3;1;1;1;1;1;3;1;1;2;1;1;1;1;1;1;3;1;;;150000000;300000;;;1;;;;;;;;;;1
20230312;03;2023;7388743;1;1;01;;1;821.2876161;25;1;1;2;1;1;1;1;1;3;1;1;2;1;1;1;1;1;1;3;1;;;80000000;200000;;;;;;;;;;1;;;3
20230312;03;2023;7388744;1;1;01;;1;1557.2610326;25;2;1;4;1;1;1;1;1;3;1;1;3;2;1;1;1;1;1;3;1;;;120000000;500000;;;;;;;1;;;;;;3
20230312;03;2023;7388745;1;1;01;;1;1327.8881921;25;2;1;4;1;1;1;1;1;3;1;1;3;1;1;1;1;1;1;3;1;;;50000000;450000;;;;;;;;;;1;;;1
20230312;03;2023;7388746;1;1;01;;1;2696.3609504;25;1;1;2;1;1;1;1;1;3;1;3;2;1;1;1;1;1;1;3;3;;;;;200000;;;;;1;;;;;;;3
20230312;03;2023;7388746;2;2;01;;1;2696.3609504;25;1;1;2;1;1;1;1;1;3;1;3;2;1;1;1;1;1;1;3;3;;;;;160000;;;;;;;;;1;;;3
20230312;03;2023;7388746;3;3;01;;1;2696.3609504;25;1;1;2;1;1;1;1;1;3;1;3;2;1;1;1;1;1;1;3;3;;;;;150000;;;;;;;;;1;;;1
20230312;03;2023;7388748;1;1;01;27;1;52.020620452;27;1;1;4;1;1;2;2;1;3;2;1;3;2;3;1;1;5;3;4;3;;;;;350000;;;;;;;;;1;;;4
20230312;03;2023;7388749;1;1;01;27;1;44.751199417;27;1;1;4;1;1;2;2;1;3;2;1;3;2;2;1;1;5;3;4;3;;;;;500000;;1;;;;;;;;;;3
20230312;03;2023;7388750;1;1;01;27;1;65.96209206;27;2;1;4;1;1;2;2;1;3;2;1;3;1;2;1;1;5;1;4;3;;;;;350000;;1;;;;;;;;;;1
20230312;03;2023;7388751;1;1;01;27;1;58.305111274;27;2;1;4;1;1;2;2;1;3;2;1;4;1;2;1;1;5;1;4;3;;;;;750000;;;;;;;;;1;;;2
20230312;03;2023;7388752;1;1;01;27;1;70.608129657;27;1;1;4;1;1;2;2;1;3;2;1;5;4;2;1;1;5;3;4;1;;;120000000;800000;;;1;;;;;1;;;;;5
20230312;03;2023;7388753;1;1;01;27;1;28.342944617;27;2;1;4;1;1;2;2;1;3;2;1;4;3;2;1;1;5;1;4;3;;;;;800000;;1;;;;;;;;;;5
20230312;03;2023;7388754;1;1;01;27;1;47.058730552;27;2;1;4;1;1;2;2;1;3;2;1;3;2;3;1;1;5;3;1;3;;;;;400000;;;;;;;;;1;;;2
20230312;03;2023;7388755;1;1;01;27;1;56.350109708;27;1;1;3;1;1;2;2;1;3;2;1;3;2;2;1;1;5;3;4;3;;;;;680000;;1;;;;;;;;;;3
20230312;03;2023;7388757;1;1;01;27;1;57.351341877;27;1;1;4;1;1;2;2;1;3;2;1;4;3;3;1;1;5;3;4;3;;;;;600000;;1;;;;;;;;;;4
20230312;03;2023;7388758;1;1;01;27;1;45.905187937;27;2;1;4;1;1;2;2;1;3;1;1;4;2;3;1;1;1;3;4;3;;;;;600000;;1;;;;1;;;;;;3
20230312;03;2023;7388760;1;1;01;27;1;41.744504875;27;1;1;2;1;1;2;2;1;3;1;1;4;2;3;1;1;1;1;4;1;;;90000000;400000;;;1;;;;;;;;;;3
20230312;03;2023;7388761;1;1;01;27;1;45.34841988;27;2;1;4;1;1;2;2;1;3;1;1;4;1;2;1;1;1;1;4;1;;;200000000;600000;;;1;;;;;;;;;;2
20230312;03;2023;7388762;1;1;01;27;1;50.128249301;27;2;1;4;1;1;2;2;1;3;1;1;4;2;2;1;1;1;3;4;3;;;;;500000;;1;;;;;;;;;;2
20230312;03;2023;7388763;1;1;01;27;1;39.708992139;27;2;1;4;1;1;2;2;1;3;1;1;3;1;3;1;1;1;6;;4;;;;400000;;;1;;;;;;;;;;1
20230312;03;2023;7388766;1;1;01;27;1;53.442921323;27;1;1;2;1;1;2;2;1;3;1;1;4;3;2;1;1;1;1;4;3;;;;;400000;;1;;;;;;;;;;7
20230312;03;2023;7388767;1;1;01;27;1;40.445916175;27;2;1;4;1;1;2;2;1;3;1;1;4;3;3;1;1;1;3;4;3;;;;;500000;;1;;;;;;;;;;4
20230312;03;2023;7388768;1;1;01;27;1;58.901372074;27;1;1;2;1;1;2;2;1;3;2;1;3;2;3;1;1;5;1;4;1;;;80000000;400000;;;;;;;;;;1;;;2
20230312;03;2023;7388769;1;1;01;27;1;39.991847712;27;1;1;2;1;1;2;2;1;3;2;1;3;1;3;1;1;5;1;4;4;;;;300000;;;1;;;;;;;;;;1
20230312;03;2023;7388770;1;1;01;27;1;75.362495202;27;1;1;2;1;1;2;2;1;3;2;1;4;3;3;1;1;5;1;4;4;;;;300000;;;;;;;;;;1;;;4
20230312;03;2023;7388772;1;1;01;27;1;24.842644519;27;1;1;2;1;1;2;2;1;3;2;1;3;2;2;1;1;5;1;4;3;;;;;450000;;;;;;;;;1;;;5
20230312;03;2023;7388773;1;1;01;27;1;48.923069244;27;1;1;4;1;1;2;2;1;3;1;1;2;1;3;1;1;1;3;4;1;;;25000000;200000;;;;;;;;;;1;;;2
20230312;03;2023;7388774;1;1;01;27;1;50.645074918;27;1;1;4;1;1;2;2;1;3;1;1;3;1;2;1;1;1;1;4;1;;;200000000;600000;;;1;;;;;;;;;;2
20230312;03;2023;7388776;1;1;01;27;1;50.106799355;27;2;5;3;1;1;2;2;1;3;1;1;1;1;3;1;1;1;2;4;4;;;;300000;;;1;;;;;;;;;;3
20230312;03;2023;7388777;1;1;01;27;1;40.095577041;27;1;1;2;1;1;2;2;1;3;1;1;3;1;3;1;1;1;1;4;3;;;;;200000;;;;;;;;;1;;;1
20230312;03;2023;7388778;1;1;01;27;1;52.572033187;27;1;1;4;1;1;2;2;1;3;1;1;3;1;3;1;1;1;1;4;1;;;190000000;400000;;;1;;;;;;;;;;1
20230312;03;2023;7388779;1;1;01;27;1;47.099323506;27;2;1;4;1;1;2;2;1;3;1;1;4;3;3;1;1;1;1;4;1;;;150000000;400000;;;;;;;;;;1;;;5
20230312;03;2023;7388780;1;1;01;27;1;36.535223225;27;1;5;3;1;1;2;2;1;3;1;1;4;2;3;1;1;1;1;4;1;;;20000000;400000;;;;;;;;;;1;;;3
20230312;03;2023;7388781;1;1;01;27;1;63.589410534;27;1;1;2;1;1;2;2;1;3;1;1;7;5;3;1;1;1;3;4;1;;;50000000;400000;;;;;;;;;;1;;;12
20230312;03;2023;7388782;1;1;01;27;1;40.449130416;27;1;5;3;1;1;2;2;1;3;1;1;3;3;3;1;1;1;1;4;1;;;18000000;300000;;;;;;;;;;1;;;4
20230312;03;2023;7388783;1;1;01;27;1;35.241569541;27;1;1;2;1;1;2;2;1;3;1;1;3;2;3;1;1;1;3;4;4;;;;250000;;;;;;;;;;1;;;3
20230312;03;2023;7388785;1;1;01;27;1;54.235339102;27;1;2;3;1;1;2;2;2;;2;1;3;2;3;1;2;5;1;4;4;;;;300000;;;1;;;;;;;;;;3
20230312;03;2023;7388786;1;1;01;27;1;60.6892158;27;1;5;3;1;1;2;2;2;;2;1;4;1;6;;2;5;1;4;4;;;;250000;;;;;;;;;;1;;;1
20230312;03;2023;7388787;1;1;01;27;1;48.135826523;27;1;2;3;1;1;2;2;2;;2;1;4;3;3;1;2;5;1;4;1;;;60000000;300000;;;;;;;;;;1;;;6
20230312;03;2023;7388788;1;1;01;27;1;61.315548019;27;1;2;3;1;1;2;2;2;;2;1;3;2;3;1;2;5;1;4;1;;;50000000;300000;;;;;;;;;;1;;;3
20230312;03;2023;7388789;1;1;01;27;1;55.698614726;27;1;5;3;1;1;2;2;2;;2;1;1;1;6;;2;5;2;4;1;;;15000000;150000;;;;;;;;;;1;;;8
20230312;03;2023;7388790;1;1;01;27;1;58.46473295;27;1;2;3;1;1;2;2;2;;2;1;3;2;3;1;2;5;1;4;1;;;6000000;300000;;;;;;;;;;1;;;2
20230312;03;2023;7388791;1;1;01;27;1;58.469679238;27;1;5;3;1;1;2;2;2;;2;1;5;2;6;;2;5;1;4;1;;;20000000;200000;;;1;;;;;;;;;;5
20230312;03;2023;7388792;1;1;01;27;1;40.68290856;27;1;2;3;1;1;2;2;2;;2;1;3;2;3;1;4;5;1;5;4;;;;150000;;;;;;;;;;1;;;3
20230312;03;2023;7388793;1;1;01;27;1;58.591460223;27;1;2;3;1;1;2;2;2;;2;1;3;2;3;1;4;5;1;5;4;;;;200000;;;;;;;;;;1;;;2
20230312;03;2023;7388794;1;1;01;27;1;44.290916477;27;1;2;3;1;1;2;2;2;;2;1;3;2;3;1;4;5;1;4;4;;;;200000;;;;;;;;;;1;;;3
20230312;03;2023;7388795;1;1;01;27;1;48.355942409;27;2;1;4;1;1;2;2;1;3;2;1;4;3;2;1;1;5;1;4;3;;;;;450000;;;;;;;;;1;;;3
20230312;03;2023;7388797;1;1;01;27;1;67.979279915;27;1;1;4;1;1;2;2;1;3;2;1;5;3;2;1;1;5;3;4;1;;;95000000;500000;;;1;;;;;;;;;;4
20230312;03;2023;7388799;1;1;01;27;1;54.505122386;27;1;1;2;1;1;2;2;1;3;2;1;3;2;3;1;1;5;1;4;3;;;;;600000;;1;;;;;;;;;;2
20230312;03;2023;7388800;1;1;01;27;1;69.514351534;27;2;1;4;1;1;2;2;1;3;2;1;3;2;2;1;1;5;1;4;3;;;;;550000;;1;;;;;;;;;;3
20230312;03;2023;7388803;1;1;01;27;1;68.632111447;27;1;1;4;1;1;2;2;1;3;2;1;4;2;3;1;1;5;1;4;3;;;;;200000;;;;;;;;;1;;;4
20230312;03;2023;7388804;1;1;01;27;1;79.17229606;27;1;1;2;1;1;2;2;1;3;2;1;3;2;3;1;1;5;1;4;4;;;;400000;;;1;;;;;;;;;;3
20230312;03;2023;7388805;1;1;01;41;1;125.57571575;41;1;1;4;1;3;1;1;1;3;1;1;4;2;1;1;1;1;1;3;1;;;150000000;500000;;;1;;;;;;;;;;2
20230312;03;2023;7388806;1;1;01;41;1;210.40879584;41;1;1;4;1;3;1;1;1;3;1;1;4;3;1;1;1;1;1;3;3;;;;;600000;;1;;;;;;;;;;4
20230312;03;2023;7388807;1;1;01;41;1;183.02384972;41;1;1;4;1;3;1;1;1;3;1;1;3;2;1;1;1;1;1;3;3;;;;;800000;;1;;;;;;;;;;2
20230312;03;2023;7388808;1;1;01;41;1;155.37524028;41;1;1;4;1;3;1;1;1;3;1;1;5;1;1;1;1;1;1;3;1;;;270000000;1500000;;;1;;;;;1;;;;;1
20230312;03;2023;7388810;1;1;01;41;1;172.16725517;41;1;1;4;1;2;1;1;1;3;1;1;4;2;1;1;1;1;1;3;3;;;;;720000;;1;;;;;;;;;;3
20230312;03;2023;7388811;1;1;01;41;1;211.64258901;41;1;1;4;1;2;1;1;1;3;1;1;4;2;1;1;1;1;1;3;1;;;110000000;600000;;;1;;;;1;1;;;;;4
20230312;03;2023;7388814;1;1;01;41;1;211.7677106;41;1;1;4;1;2;1;1;1;3;1;1;4;3;1;1;1;1;4;3;2;;715000;140000000;700000;;;1;;1;;;1;;;;;4
20230312;03;2023;7388815;1;1;01;41;1;221.93545039;41;2;1;4;1;4;1;1;1;3;1;1;3;1;1;1;1;1;1;3;1;;;150000000;900000;;;1;;;;;;;;;;2
20230312;03;2023;7388816;1;1;01;41;1;221.93545039;41;2;1;4;1;4;1;1;1;4;1;1;4;1;1;1;1;1;1;3;1;;;150000000;700000;;;1;;;;;;;;;;2
20230312;03;2023;7388819;1;1;01;41;1;221.93545039;41;2;1;4;1;4;1;1;1;3;1;1;4;2;1;1;1;1;1;3;7;FAMILIAR;;;1200000;;;1;;;;;1;;;;;2
20230312;03;2023;7388820;1;1;01;41;1;224.32659259;41;2;1;4;1;4;1;1;1;3;1;1;4;2;1;1;1;1;2;3;3;;;;;700000;;1;;;;;;;;;;3
20230312;03;2023;7388821;1;1;01;41;1;193.92956365;41;1;1;4;1;2;1;1;1;3;1;1;4;3;1;1;1;1;1;3;3;;;;;600000;;1;;;;;1;;;;;3
20230312;03;2023;7388823;1;1;01;41;1;187.00042287;41;1;1;3;1;2;1;1;1;3;1;1;4;2;1;1;1;1;1;3;2;;450000;100000000;600000;;;1;;1;;1;1;;;;;4
20230312;03;2023;7388824;1;1;01;41;1;190.51473757;41;1;1;4;1;2;1;1;1;3;1;1;4;2;1;1;1;1;1;3;1;;;99;800000;;;1;;;;1;1;;;;;3
20230312;03;2023;7388825;1;1;01;41;1;125.01809941;41;1;1;4;1;2;1;1;1;3;1;1;4;2;1;1;1;1;1;3;1;;;120000000;500000;;;1;;;;;1;;;;;2
20230312;03;2023;7388826;1;1;01;41;1;90.623642242;41;1;1;4;1;2;1;1;1;3;1;1;4;1;1;1;1;1;3;3;3;;;;;700000;;1;;;;;;;;;;2
20230312;03;2023;7388827;1;1;01;41;1;77.94693138;41;1;1;4;1;2;1;1;1;3;1;1;4;1;1;1;1;1;3;3;3;;;;;700000;;1;;;;;;;;;;1
20230312;03;2023;7388828;1;1;01;41;1;103.53646027;41;1;1;4;1;2;1;1;1;3;1;1;4;3;1;1;1;1;3;3;1;;;120000000;700000;;;1;;;;;1;;;;;4
20230312;03;2023;7388829;1;1;01;41;1;222.49319079;41;1;1;1;1;1;2;2;1;3;1;1;3;2;2;1;1;1;1;5;4;;;;200000;;;;;;;;;;1;;;5
20230312;03;2023;7388830;1;1;01;41;1;133.34849433;41;2;1;4;1;1;1;2;1;3;1;1;3;2;2;1;1;1;1;3;1;;;45000000;350000;;;;;;;;;;1;;;3
20230312;03;2023;7388831;1;1;01;41;1;189.69606111;41;1;1;4;1;1;2;2;1;3;1;1;2;1;2;1;1;1;1;5;3;;;;;100000;;;;;;;;;1;;;5
20230312;03;2023;7388832;1;1;01;41;1;87.269730355;41;2;1;4;1;2;1;1;1;3;1;1;4;2;1;1;1;1;1;3;2;;890000;200000000;12000000;;;1;;1;;;1;;;;;3
20230312;03;2023;7388834;1;1;01;41;1;114.30884254;41;2;1;4;1;2;1;1;1;3;1;1;3;1;1;1;1;1;1;3;3;;;;;600000;;1;;;;1;1;;;;;3
20230312;03;2023;7388837;1;1;01;41;1;109.81430983;41;1;1;4;1;2;1;1;1;3;1;1;4;2;1;1;1;1;1;3;1;;;120000000;600000;;;1;;;;;;;;;;2
20230312;03;2023;7388840;1;1;01;41;1;114.30884254;41;1;1;4;1;2;1;1;1;3;1;1;4;2;1;1;1;1;1;3;3;;;;;600000;1;1;;;;;1;;;;;3
20230312;03;2023;7388841;1;1;01;41;1;114.30884254;41;1;1;3;1;2;1;1;1;3;1;1;3;2;1;1;1;1;1;3;3;;;;;500000;;1;;;;;;;;;;3
20230312;03;2023;7388842;1;1;01;41;1;249.13135434;41;1;1;4;1;2;1;1;1;3;1;1;4;3;1;1;1;1;1;3;1;;;99;500000;;;1;;;;;;;;;;7
20230312;03;2023;7388843;1;1;01;41;1;106.46039794;41;1;1;4;1;2;1;1;1;3;1;1;5;3;1;1;1;1;1;3;3;;;;;700000;;;;;;;;;1;;;3
20230312;03;2023;7388844;1;1;01;41;1;97.137598969;41;1;1;4;1;2;1;1;1;3;1;1;4;1;1;1;1;1;1;3;3;;;;;700000;;1;;;;1;1;;;;;1
20230312;03;2023;7388845;1;1;01;41;1;177.43399657;41;1;1;4;1;2;1;1;1;3;1;1;4;3;1;1;1;1;1;3;3;;;;;300000;;1;;;;;;;;;;3
20230312;03;2023;7388846;1;1;01;41;1;112.08184496;41;1;1;4;1;2;1;1;1;3;1;1;3;1;1;1;1;1;1;3;1;;;120000000;600000;;;1;;;;;;;;;;1
20230312;03;2023;7388847;1;1;01;41;1;126.44609739;41;1;1;4;1;2;1;1;1;3;1;1;5;4;1;1;1;1;1;3;1;;;250000000;800000;;;1;1;;;1;;;;;;5
20230312;03;2023;7388848;1;1;01;41;1;161.89599828;41;2;1;4;1;2;1;1;1;3;1;1;3;1;1;1;1;1;1;3;3;;;;;400000;;1;;;;;;;;;;1
20230312;03;2023;7388849;1;1;01;41;1;119.46514646;41;1;1;4;1;2;1;1;1;3;1;1;4;3;1;1;1;1;1;3;1;;;150000000;800000;;;1;;;;;1;;;;;4
20230312;03;2023;7388852;1;1;01;41;1;214.32907977;41;1;1;4;1;2;1;1;1;3;1;1;4;2;1;1;1;1;1;3;3;;;;;700000;;1;;;;;;;;;;3
20230312;03;2023;7388854;1;1;01;41;1;196.12344734;41;1;1;3;1;2;1;1;1;3;1;1;3;2;1;1;1;1;1;3;1;;;130000000;600000;;;1;;;;;;;;;;4
20230312;03;2023;7388855;1;1;01;41;1;169.89657785;41;1;1;4;1;2;1;1;1;3;1;1;4;2;1;1;1;1;1;3;1;;;113000000;700000;;;1;;;;;1;;;;;2
20230312;03;2023;7388856;1;1;01;41;1;173.78840698;41;1;1;4;1;2;1;1;1;3;1;1;4;3;1;1;1;1;1;3;3;;;;;850000;;1;;;;;;;;;;4
20230312;03;2023;7388857;1;1;01;41;1;215.85785887;41;1;1;4;1;2;1;1;1;3;1;1;3;2;1;1;1;1;1;3;1;;;120000000;800000;;;1;;;;;;;;;;3
20230312;03;2023;7388858;1;1;01;41;1;177.23243059;41;1;1;4;1;2;1;1;1;3;1;1;4;1;1;1;1;1;1;3;1;;;140000000;750000;;;1;;;;;;;;;;2
20230312;03;2023;7388861;1;1;01;41;1;125.86616978;41;1;1;4;1;2;1;1;1;3;1;1;3;2;1;1;1;1;1;3;1;;;60000000;450000;;;;;;;;;;1;;;2
20230312;03;2023;7388863;1;1;01;41;1;158.33130674;41;2;1;4;1;2;1;1;1;3;1;1;3;2;1;1;1;1;1;3;3;;;;;535800;;1;;;;;;;;;;3
20230312;03;2023;7388864;1;1;01;41;1;125.41834236;41;1;1;4;1;2;1;1;1;3;1;1;4;2;1;1;1;1;1;3;1;;;99;450000;;;;;;;;;;1;;;2
20230312;03;2023;7388865;1;1;01;41;1;123.69308521;41;1;1;3;1;2;1;1;1;3;1;1;4;2;1;1;1;1;1;3;1;;;120000000;600000;;;1;;;;;1;;;;;3
20230312;03;2023;7388866;1;1;01;41;1;135.76754572;41;1;1;4;1;2;1;1;1;3;1;1;3;2;1;1;1;1;1;3;1;;;170000000;500000;;;1;;;;;;;;;;3
20230312;03;2023;7388868;1;1;01;41;1;131.89481832;41;2;1;4;1;2;1;1;1;3;1;1;4;2;1;1;1;1;3;3;3;;;;;350000;;1;;;;;;;;;;3
20230312;03;2023;7388869;1;1;01;41;1;146.15049634;41;1;1;4;1;2;1;1;1;3;1;1;3;1;1;1;1;1;1;3;1;;;150000000;500000;;;;;;;;;;1;;;1
20230312;03;2023;7388871;1;1;01;41;1;197.75030582;41;2;1;4;1;3;1;1;1;3;1;1;3;1;1;1;1;1;1;3;3;;;;;900000;;;;;;;;;1;;;1
20230312;03;2023;7388872;1;1;01;41;1;200.50537602;41;2;1;4;1;3;1;1;1;3;1;1;4;1;1;1;1;1;1;3;3;;;;;800000;;1;;;;;1;;;;;2
20230312;03;2023;7388874;1;1;01;41;1;192.20622948;41;2;1;4;1;3;1;1;1;3;1;1;3;2;1;1;1;1;1;3;1;;;220000000;1000000;;;1;;;;;;;;;;2
20230312;03;2023;7388875;1;1;01;41;1;197.75030582;41;2;1;4;1;3;1;1;1;3;1;1;4;1;1;1;1;1;1;3;3;;;;;800000;;1;;;;;;;;;;1
20230312;03;2023;7388876;1;1;01;41;1;200.50537602;41;2;1;4;1;3;1;1;1;3;1;1;3;1;1;1;1;1;1;3;1;;;240000000;1100000;;;1;;;;;;;;;;2
20230312;03;2023;7388877;1;1;01;41;1;165.31623674;41;2;1;4;1;3;1;1;1;3;1;1;4;1;1;1;1;1;1;3;2;;800000;230000000;850000;;;1;;1;;;1;;;;;1
20230312;03;2023;7388878;1;1;01;41;1;329.8682108;41;2;1;4;1;3;1;1;1;3;1;1;3;2;1;1;1;1;1;3;4;;;;900000;;;1;;;;;;;;;;5
20230312;03;2023;7388879;1;1;01;41;1;159.79789932;41;2;1;4;1;3;1;1;1;3;1;1;3;1;1;1;1;1;1;3;1;;;230000000;800000;;;1;;;;;;;;;;2
20230312;03;2023;7388880;1;1;01;41;1;242.47330236;41;2;1;3;1;3;1;1;1;3;1;1;3;1;1;1;1;1;1;3;3;;;;;800000;;1;;;;;;;;;;3
20230312;03;2023;7388881;1;1;01;41;1;112.08184496;41;2;1;4;1;2;1;1;1;3;1;1;2;1;1;1;1;1;3;3;3;;;;;370000;;1;;;;;;;;;;1
20230312;03;2023;7388882;1;1;01;41;1;239.45554504;41;1;1;4;1;3;1;1;1;3;1;1;5;4;1;1;1;1;1;3;1;;;250000000;500000;;;1;;;;1;1;;;;;5
20230312;03;2023;7388883;1;1;01;41;1;157.99289868;41;2;1;4;1;3;1;1;1;3;1;1;4;2;1;1;1;1;1;3;7;FAMILIAR;;;600000;;;1;;;;;;;;;;3
20230312;03;2023;7388884;1;1;01;41;1;149.78538714;41;2;1;4;1;2;1;1;1;3;1;1;3;1;1;1;1;1;1;3;3;;;;;650000;;1;;;;;1;;;;;2
20230312;03;2023;7388885;1;1;01;41;1;119.43639483;41;2;1;4;1;1;1;1;1;3;1;1;2;1;1;1;1;1;1;3;3;;;;;370000;;1;;;;;;;;;;2
20230312;03;2023;7388886;1;1;01;41;1;120.75637027;41;1;1;4;1;1;1;1;1;3;1;1;5;4;1;1;1;1;1;3;1;;;99;450000;;;1;;;;;;;;;;4
20230312;03;2023;7388887;1;1;01;41;1;114.58920853;41;1;1;4;1;1;1;1;1;3;1;1;3;2;1;1;1;1;1;3;3;;;;;250000;;;;;;;;;1;;;2
20230312;03;2023;7388889;1;1;01;41;1;226.20736636;41;1;1;4;1;2;1;1;1;3;1;1;4;3;1;1;1;1;1;3;1;;;99;600000;;;1;;;;;;;;;;4
20230312;03;2023;7388890;1;1;01;41;1;192.51610054;41;1;1;4;1;2;1;1;1;3;1;1;4;3;1;1;1;1;1;3;3;;;;;650000;;1;;;;;;;;;;4
20230312;03;2023;7388891;1;1;01;41;1;163.43933147;41;1;1;4;1;2;1;1;1;3;1;1;4;3;1;1;1;1;1;3;3;;;;;650000;;1;;;;;;;;;;4
20230312;03;2023;7388892;1;1;01;41;1;179.27258378;41;2;1;4;1;2;1;1;1;3;1;1;3;2;1;1;1;1;1;3;3;;;;;400000;;1;;;;;;;;;;3
20230312;03;2023;7388894;1;1;01;44;1;103.83809083;44;1;1;2;1;1;1;1;1;3;1;1;3;2;1;1;1;1;1;3;3;;;;;250000;;;;;;;;;1;;;4
20230312;03;2023;7388895;1;1;01;44;1;104.1035947;44;1;1;2;1;1;1;1;1;3;1;1;3;1;1;1;1;1;1;3;3;;;;;350000;;;;;;;;;1;;;1
20230312;03;2023;7388896;1;1;01;44;1;54.139758464;44;1;1;2;1;1;1;1;1;3;1;1;4;3;1;1;1;1;1;3;3;;;;;400000;;1;;;;;;;;;;6
20230312;03;2023;7388897;1;1;01;44;1;84.075790685;44;2;1;2;1;1;1;1;1;3;1;1;2;1;1;1;1;1;1;3;4;;;;400000;;;;;;;;;;1;;;1
20230312;03;2023;7388898;1;1;01;44;1;103.18392493;44;1;1;2;1;1;2;2;1;3;1;1;1;1;2;1;1;1;5;5;3;;;;;100000;;;;;;;;;1;;;1
20230312;03;2023;7388899;1;1;01;44;1;71.909498148;44;2;1;2;1;1;1;1;1;3;1;1;5;3;1;1;1;1;1;3;4;;;;500000;;;1;;;;;;;;;;3
20230312;03;2023;7388900;1;1;01;44;1;113.72843963;44;2;1;2;1;1;1;1;1;3;1;1;2;1;1;1;1;1;1;3;3;;;;;250000;;1;;;;;;;;;;5
20230312;03;2023;7388901;1;1;01;44;1;94.220193124;44;1;1;4;1;1;1;1;1;3;1;1;4;3;1;1;1;1;1;3;5;;;;500000;;;1;;;;;;;;;;4
20230312;03;2023;7388902;1;1;01;44;1;51.598972531;44;1;1;4;1;3;1;1;1;3;1;1;4;1;1;1;1;1;1;3;4;;;;1200000;;;1;;;;;1;;;;;2
20230312;03;2023;7388903;1;1;01;44;1;54.379354715;44;1;1;4;1;3;1;1;1;3;1;1;4;3;1;1;1;1;1;3;3;;;;;750000;;1;;;;;;;;;;3
20230312;03;2023;7388905;1;1;01;44;1;70.360539493;44;1;1;2;1;1;1;2;1;3;1;1;3;2;2;1;1;1;1;3;3;;;;;300000;;;;;;;;;1;;;3
20230312;03;2023;7388906;1;1;01;44;1;55.136868544;44;3;1;2;1;1;2;2;1;3;1;1;1;1;6;;1;1;6;;3;;;;;150000;;;;;;;;;1;;;1
20230312;03;2023;7388907;1;1;01;44;1;76.187151023;44;1;1;2;1;1;1;2;1;3;1;1;3;2;2;1;1;1;1;3;3;;;;;380000;;;;;;;;;1;;;3
20230312;03;2023;7388908;1;1;01;44;1;71.320745211;44;1;1;1;1;1;1;2;1;3;1;1;3;2;2;1;1;1;1;3;4;;;;200000;;;;;;;;;;1;;;7
20230312;03;2023;7388910;1;1;01;44;1;94.060601837;44;1;4;1;1;1;2;2;1;3;1;1;1;1;2;1;1;1;5;5;3;;;;;150000;;;;;;;;;1;;;6
20230312;03;2023;7388911;1;1;01;44;1;137.10889858;44;1;1;2;1;1;1;1;1;3;1;1;3;3;1;1;1;1;1;3;4;;;;400000;;;;;;;;;;1;;;7
20230312;03;2023;7388912;1;1;01;44;1;96.672106965;44;1;1;4;1;1;1;1;1;3;1;1;3;2;1;1;1;1;1;3;3;;;;;500000;;1;;;;;;;;;;5
20230312;03;2023;7388913;1;1;01;44;1;113.06423175;44;2;1;4;1;1;1;1;1;3;1;1;3;2;1;1;1;1;1;3;3;;;;;400000;;1;;;;;;;;;;4
20230312;03;2023;7388914;1;1;01;44;1;57.98965691;44;1;1;4;1;1;1;1;1;3;1;1;4;1;1;1;1;10;1;3;1;;;100000000;400000;;;;;;;;;;1;;;2
20230312;03;2023;7388915;1;1;01;44;1;99.926589573;44;1;1;4;1;1;1;1;1;3;1;1;2;1;1;1;1;1;1;3;3;;;;;450000;;1;;;;;;;;;;3
20230312;03;2023;7388916;1;1;01;44;1;81.226220897;44;2;1;4;1;1;1;1;1;3;1;1;4;3;1;1;1;1;1;3;3;;;;;350000;;;;;;;;;1;;;4
20230312;03;2023;7388917;1;1;01;44;1;110.63295348;44;2;1;4;1;1;1;1;1;3;1;1;3;2;1;1;1;10;1;3;3;;;;;450000;;1;;;;;;;;;;4
20230312;03;2023;7388918;1;1;01;44;1;65.099694634;44;2;1;4;1;1;1;1;1;3;1;1;4;3;1;1;1;1;1;3;4;;;;400000;;;1;;;;;;;;;;3
20230312;03;2023;7388919;1;1;01;44;1;145.74503258;44;2;1;4;1;3;1;1;1;7;1;1;2;1;1;1;1;10;1;3;3;;;;;400000;;1;;;;;;;;;;1
20230312;03;2023;7388920;1;1;01;44;1;98.451873159;44;2;1;4;1;1;1;1;1;3;1;1;3;1;1;1;1;1;1;3;3;;;;;450000;;1;;;;1;;;;;;1
20230312;03;2023;7388921;1;1;01;44;1;80.335607633;44;3;1;2;1;1;2;2;1;3;1;1;1;1;2;2;1;1;5;5;3;;;;;150000;;;;;;;;;1;;;4
20230312;03;2023;7388922;1;1;01;44;1;84.342453778;44;2;1;4;1;1;2;1;1;3;1;1;4;2;1;1;1;10;1;4;5;;;;300000;;;1;;;;;;;;;;2
20230312;03;2023;7388924;1;1;01;44;1;126.97858504;44;2;1;4;1;1;1;1;1;3;1;1;4;2;1;1;1;1;1;3;3;;;;;350000;;1;;;;;;;;;;3
20230312;03;2023;7388925;1;1;01;44;1;114.03328959;44;2;1;4;1;1;1;1;1;3;1;1;3;2;1;1;1;1;1;3;3;;;;;350000;;;;;;;;;1;;;2
20230312;03;2023;7388926;1;1;01;44;1;79.047821468;44;1;1;2;1;1;1;1;1;3;1;1;3;2;1;1;1;1;1;3;1;;;70000000;300000;;;;;;;;;;1;;;4
20230312;03;2023;7388927;1;1;01;44;1;76.187151023;44;3;1;2;1;1;2;2;1;3;1;1;1;1;2;2;1;1;5;5;3;;;;;150000;;;;;;;;;1;;;3
20230312;03;2023;7388928;1;1;01;44;1;67.717164613;44;1;1;4;1;1;1;1;1;3;1;1;4;3;1;1;1;1;1;3;3;;;;;550000;;1;;;;;;;;;;6
20230312;03;2023;7388929;1;1;01;44;1;120.05284308;44;1;1;2;1;1;2;2;1;3;1;1;2;2;2;1;1;1;5;6;3;;;;;200000;;;;;;;;;1;;;4
20230312;03;2023;7388931;1;1;01;44;1;103.21947566;44;2;1;4;1;1;1;2;1;2;1;1;3;2;2;1;1;1;1;3;3;;;;;250000;;1;;;;;;;;;;4
20230312;03;2023;7388932;1;1;01;44;1;70.36223527;44;1;1;4;1;1;1;1;1;3;1;1;3;1;1;1;1;1;1;3;3;;;;;600000;;;;;;;;;1;;;2
20230312;03;2023;7388933;1;1;01;44;1;74.745961736;44;1;1;2;1;1;1;2;1;3;1;1;5;4;2;1;1;1;1;3;5;;;;400000;;;1;;;;;;;;;;4
20230312;03;2023;7388934;1;1;01;44;1;88.102784899;44;1;1;2;1;1;1;2;1;3;1;1;3;2;2;1;1;1;1;3;3;;;;;200000;;1;;;;;;;;;;5
20230312;03;2023;7388935;1;1;01;44;1;100.52013377;44;1;1;2;1;1;2;2;1;2;1;1;2;1;2;1;1;1;1;4;1;;;35000000;200000;;;1;;;;;;;;;;3
20230312;03;2023;7388936;1;1;01;44;1;62.462156819;44;1;1;2;1;1;1;2;1;3;1;1;3;2;2;1;1;1;1;3;5;;;;200000;;;;;;;;;;1;;;1
20230312;03;2023;7388938;1;1;01;44;1;82.035759375;44;1;1;4;1;2;1;1;1;3;1;1;4;3;1;1;1;1;1;3;1;;;150000000;800000;;;1;;;;1;1;;;;;4
20230312;03;2023;7388939;1;1;01;44;1;94.759927915;44;2;1;2;1;2;2;1;1;3;1;1;2;1;1;1;1;1;6;;3;;;;;450000;;1;;;;;1;;;;;1
20230312;03;2023;7388940;1;1;01;44;1;98.518224426;44;4;1;4;1;2;2;1;1;3;1;1;1;1;1;1;1;10;6;;4;;;;300000;;;1;;;;;;;;;;3
20230312;03;2023;7388941;1;1;01;44;1;42.5257484;44;1;1;4;1;1;1;2;1;3;1;1;4;1;2;1;1;1;1;3;1;;;70000000;3000000;;;;;;;;;;1;;;2
20230312;03;2023;7388942;1;1;01;44;1;55.64486466;44;1;1;2;1;1;1;2;1;3;1;1;3;2;2;1;1;1;1;3;5;;;;300000;;;1;;;;;;;;;;3
20230312;03;2023;7388943;1;1;01;44;1;86.864863571;44;2;1;2;1;1;1;1;1;3;1;1;2;1;1;1;1;1;1;3;3;;;;;300000;;;;;;;;;1;;;3
20230312;03;2023;7388944;1;1;01;44;1;74.286188792;44;1;1;2;1;1;1;1;1;3;1;1;3;2;1;1;1;1;1;3;4;;;;300000;;;1;;;;;;;;;;6
20230312;03;2023;7388945;1;1;01;44;1;45.708417735;44;1;1;4;1;1;1;2;1;3;1;1;4;3;2;1;1;1;1;4;3;;;;;500000;;;;;;;;;1;;;5
20230312;03;2023;7388946;1;1;01;44;1;115.63387338;44;1;1;2;1;1;1;2;1;3;1;1;3;2;2;1;1;1;1;3;5;;;;170000;;;;;;;;;;1;;;4
20230312;03;2023;7388947;1;1;01;44;1;86.737673474;44;2;1;4;1;1;1;1;1;3;1;1;3;1;1;1;1;1;1;3;3;;;;;450000;;1;;;;;;;;;;2
20230312;03;2023;7388948;1;1;01;44;1;91.750645033;44;2;1;4;1;1;1;1;1;3;1;1;3;2;1;1;1;1;1;3;4;;;;400000;;;1;;;;;;;;;;4
20230312;03;2023;7388950;1;1;01;44;1;93.369449138;44;1;1;2;1;1;1;2;1;3;1;1;3;2;2;1;1;1;1;3;5;;;;300000;;;;;;;;;;1;;;3
20230312;03;2023;7388951;1;1;01;44;1;67.826337012;44;2;1;4;1;2;1;1;1;3;1;1;3;2;1;1;1;1;1;3;1;;;99;600000;;;1;;;;;1;;;;;3
20230312;03;2023;7388952;1;1;01;44;1;91.900470661;44;2;1;2;1;1;1;2;1;3;1;1;3;2;2;1;1;1;1;3;3;;;;;150000;;;;;;;;;1;;;4
20230312;03;2023;7388953;1;1;01;44;1;170.56787025;44;2;1;4;1;3;1;1;1;7;1;1;2;1;1;1;1;10;1;3;3;;;;;400000;;1;;;;;;;;;;1
20230312;03;2023;7388954;1;1;01;44;1;47.743932067;44;1;1;2;1;1;1;2;1;3;1;1;3;2;2;1;1;1;1;3;5;;;;300000;;;1;;;;;;;;;;2
20230312;03;2023;7388956;1;1;01;44;1;177.77001905;44;2;1;4;1;3;1;1;1;7;1;1;3;2;1;1;1;1;1;3;3;;;;;800000;;1;;;;;;;;;;3
20230312;03;2023;7388957;1;1;01;44;1;153.31471782;44;1;1;1;1;0;2;1;1;3;1;1;2;1;1;1;1;1;5;5;4;;;;150000;;;;;;;;;;1;;;4
20230312;03;2023;7388959;1;1;01;44;1;110.55409011;44;1;1;2;1;1;2;1;1;3;1;1;3;2;1;1;1;1;1;4;3;;;;;260000;;;;;;;;;1;;;5
20230312;03;2023;7388960;1;1;01;44;1;123.74430881;44;1;5;1;1;1;2;1;1;3;1;1;3;2;1;1;1;1;1;4;3;;;;;150000;;;;;;;;;1;;;2
20230312;03;2023;7388961;1;1;01;44;1;124.46207267;44;2;1;2;1;1;2;1;1;3;1;1;2;1;1;1;1;1;2;4;3;;;;;150000;;;;;;;;;1;;;4
20230312;03;2023;7388962;1;1;01;44;1;84.342453778;44;2;1;4;1;1;1;1;1;3;1;1;3;2;1;1;1;1;1;3;3;;;;;300000;;1;;;;;;;;;;2
20230312;03;2023;7388963;1;1;01;44;1;83.809231975;44;1;1;2;1;1;1;2;1;3;1;1;3;2;2;1;1;1;1;3;3;;;;;300000;;1;;;;;;;;;;6
20230312;03;2023;7388964;1;1;01;44;1;118.48024174;44;1;1;4;1;1;1;1;1;3;1;1;5;3;1;1;1;10;1;3;1;;;150000000;800000;;;1;;;;;1;;;;;4
20230312;03;2023;7388965;1;1;01;44;1;89.515760297;44;2;1;2;1;1;1;1;1;3;1;1;2;1;1;1;1;1;1;3;3;;;;;150000;;;;;;;;;1;;;1
20230312;03;2023;7388966;1;1;01;44;1;102.60895761;44;2;1;4;1;1;1;1;1;3;1;1;3;2;1;1;1;1;1;3;3;;;;;500000;;1;;;;;;;;;;3
20230312;03;2023;7388967;1;1;01;44;1;86.737673474;44;2;1;4;1;1;1;1;1;3;1;1;3;1;1;1;1;1;1;3;3;;;;;400000;;1;;;;;;;;;;2
20230312;03;2023;7388968;1;1;01;44;1;82.565997481;44;1;1;2;1;1;1;1;1;3;1;1;3;2;1;1;1;1;1;3;3;;;;;300000;;;;;;;;;1;;;2
20230312;03;2023;7388969;1;1;01;44;1;127.19726072;44;1;1;4;1;1;1;1;1;3;1;1;3;2;1;1;1;1;1;3;1;;;99;500000;;;1;;;;;;;;;;4
20230312;03;2023;7388970;1;1;01;44;1;82.573813571;44;1;1;2;1;1;1;1;1;3;1;1;3;2;1;1;1;1;1;3;4;;;;300000;;;;;;;;;;1;;;4
20230312;03;2023;7388971;1;1;01;44;1;110.48541151;44;2;1;4;1;2;2;1;1;3;1;1;2;1;1;1;1;1;1;4;3;;;;;150000;;;;;;;;;1;;;6
20230312;03;2023;7388972;1;1;01;44;1;107.33787092;44;2;1;2;1;1;1;1;1;3;1;1;3;2;1;1;1;1;1;3;3;;;;;200000;;;;;;;;;1;;;2
20230312;03;2023;7388973;1;1;01;44;1;47.84146695;44;1;1;4;1;3;1;1;1;3;1;1;5;3;1;1;1;1;1;3;4;;;;800000;;;1;;;;;;;;;;2
20230312;03;2023;7388974;1;1;01;44;1;61.263187271;44;1;1;4;1;3;1;1;1;3;1;1;3;1;1;1;1;1;1;3;1;;;99;800000;;;;;;;;;;1;;;1
20230312;03;2023;7388975;1;1;01;44;1;78.178377214;44;2;1;4;1;3;1;1;1;3;1;1;4;3;1;1;1;1;1;3;3;;;;;680000;;1;;;;;1;;;;;3
20230312;03;2023;7388977;1;1;01;44;1;87.762832732;44;2;1;4;1;1;1;1;1;3;1;1;5;4;1;1;1;1;1;3;1;;;80000000;600000;;;1;;;;;;;;;;8
20230312;03;2023;7388979;1;1;01;44;1;82.168294964;44;1;1;4;1;3;1;1;1;3;1;1;6;5;1;1;1;1;1;3;1;;;99;2000000;;;1;;;;;;;;;;4
20230312;03;2023;7388980;1;1;01;44;1;36.093172309;44;1;1;4;1;3;1;1;1;3;1;1;3;2;1;1;1;1;1;3;1;;;99;800000;;;1;;;;;;;;;;4
20230312;03;2023;7388981;1;1;01;44;1;145.74503258;44;2;1;4;1;3;1;1;1;7;1;1;3;1;1;1;1;10;1;3;3;;;;;1400000;;1;;;;;;;;;;1
20230312;03;2023;7388982;1;1;01;44;1;69.402396465;44;1;1;4;1;3;1;1;1;3;1;1;4;3;1;1;1;1;1;3;1;;;99;1500000;;;1;;;;;;;;;;1
20230312;03;2023;7388985;1;1;01;44;1;105.13789954;44;2;1;4;1;1;1;1;1;3;1;1;3;2;1;1;1;1;1;3;3;;;;;420000;;;;;;;;;1;;;4
20230312;03;2023;7388994;1;1;01;47;1;129.77206781;47;2;1;4;1;4;1;1;1;3;1;1;3;2;1;1;1;10;1;3;1;;;180000000;1800000;;;1;;;;;;;;;;2
20230312;03;2023;7388995;1;1;01;47;1;221.14082236;47;2;1;4;1;4;1;1;1;3;1;1;4;2;1;1;1;1;1;3;3;;;;;1700000;;1;;;;;;;;;;3
20230312;03;2023;7388996;1;1;01;47;1;129.77206781;47;2;1;4;1;4;1;1;1;3;1;1;4;2;1;1;1;1;1;3;1;;;200000000;700000;;;1;;;;;1;;;;;2
20230312;03;2023;7388997;1;1;01;47;1;157.55703526;47;2;1;4;1;4;1;1;1;3;1;1;4;2;1;1;1;10;1;3;1;;;99;1100000;;;1;;;;;;;;;;2
20230312;03;2023;7388998;1;1;01;47;1;166.6610211;47;2;1;4;1;4;1;1;1;3;1;1;3;3;1;1;1;10;1;3;3;;;;;1400000;;1;;;;;1;;;;;3
20230312;03;2023;7388999;1;1;01;47;1;129.77206781;47;2;1;4;1;4;1;1;1;3;1;1;3;1;1;1;1;1;1;3;1;;;98;1600000;;;1;;;;;;;;;;2
20230312;03;2023;7389000;1;1;01;47;1;201.21297403;47;2;1;4;1;4;1;1;1;3;1;1;4;1;1;1;1;1;1;3;1;;;200000000;1000000;;;1;;;;;1;;;;;1
20230312;03;2023;7389001;1;1;01;47;1;235.41066;47;2;1;2;1;1;1;2;1;3;1;1;1;1;2;1;1;2;2;1;3;;;;;120000;;;;;;;;;1;;;5
20230312;03;2023;7389002;1;1;01;47;1;180.99429463;47;2;1;4;1;1;1;2;1;3;1;1;1;1;2;1;1;2;2;1;3;;;;;180000;;;;;;;;;1;;;6
20230312;03;2023;7389003;1;1;01;47;1;222.03789484;47;2;1;2;1;1;1;2;1;3;1;1;1;1;2;1;1;2;2;1;3;;;;;150000;;;;;;;;;1;;;7
20230312;03;2023;7389004;1;1;01;47;1;259.03537544;47;1;1;2;1;1;1;2;1;3;1;1;4;3;2;1;1;2;3;3;3;;;;;300000;;1;;;;;1;;;;;7
20230312;03;2023;7389005;1;1;01;47;1;226.36459579;47;2;1;2;1;1;1;2;1;3;1;1;1;1;2;1;1;2;2;1;3;;;;;120000;;;;;;;;;1;;;1
20230312;03;2023;7389006;1;1;01;47;1;134.94546264;47;1;1;2;1;1;1;2;1;3;1;1;3;1;2;1;1;2;3;3;3;;;;;310000;;;;;;;;;1;;;3
20230312;03;2023;7389007;1;1;01;47;1;159.18514964;47;2;1;4;1;3;1;1;1;3;1;1;2;1;1;1;1;1;1;3;1;;;98;700000;;;1;;;;;;;;;;1
20230312;03;2023;7389010;1;1;01;47;1;269.64881524;47;1;1;4;1;3;1;1;1;3;1;1;4;2;1;1;1;3;3;3;3;;;;;650000;;1;;;;;;;;;;4
20230312;03;2023;7389011;1;1;01;47;1;206.02489159;47;2;1;4;1;3;1;1;1;3;1;1;3;2;1;1;1;1;1;3;4;;;;400000;;;1;;;;;;;;;;2
20230312;03;2023;7389012;1;1;01;47;1;173.76221626;47;2;1;2;1;3;1;1;1;1;1;1;2;1;1;1;1;1;1;3;3;;;;;500000;;1;;;;;;;;;;1
20230312;03;2023;7389013;1;1;01;47;1;161.48653444;47;2;1;2;1;3;1;1;1;3;1;1;2;1;1;1;1;1;1;3;4;;;;250000;;;;;;;;;;1;;;2
20230312;03;2023;7389014;1;1;01;47;1;202.40897434;47;1;1;2;1;3;1;1;1;3;1;1;4;2;1;1;1;1;1;4;4;;;;500000;;;;;;;;;;1;;;6
20230312;03;2023;7389015;1;1;01;47;1;404.47322285;47;2;1;2;1;1;1;1;1;3;1;1;3;2;1;1;1;10;1;3;3;;;;;400000;;1;;;;;;;;;;4
20230312;03;2023;7389016;1;1;01;47;1;298.03766887;47;2;1;4;1;1;2;2;1;3;2;1;5;4;2;1;1;10;1;1;5;;;;400000;;;;;;;;;;1;;;8
20230312;03;2023;7389017;1;1;01;47;1;403.53748593;47;1;1;2;1;1;2;2;1;3;2;1;3;2;2;1;1;10;1;1;3;;;;;350000;;;;;;;;;1;;;5
20230312;03;2023;7389018;1;1;01;47;1;332.35569103;47;1;1;2;1;1;2;2;1;3;2;1;2;1;2;1;1;10;1;1;3;;;;;150000;;;;;;;;;1;;;6
20230312;03;2023;7389019;1;1;01;47;1;337.06101905;47;1;5;1;1;1;2;2;1;3;2;1;3;2;2;1;1;10;1;1;3;;;;;250000;;;;;;;;;1;;;4
20230312;03;2023;7389020;1;1;01;47;1;330.21975631;47;1;1;2;1;1;2;2;1;3;2;1;1;1;2;1;1;10;2;1;3;;;;;100000;;;;;;;;;1;;;5
20230312;03;2023;7389021;1;1;01;47;1;338.6912722;47;1;1;2;1;1;2;2;1;3;2;1;2;1;2;1;1;10;1;1;5;;;;400000;;;1;;;;;;;;;;4
20230312;03;2023;7389022;1;1;01;47;1;371.11960165;47;1;8;1;1;1;2;2;1;3;2;1;3;2;2;1;1;10;1;4;5;;;;200000;;;;;;;;;;1;;;7
20230312;03;2023;7389023;1;1;01;47;1;251.33779489;47;1;1;4;1;2;1;1;1;3;1;1;4;3;1;1;1;1;1;3;1;;;98;600000;;;;;;;;;;1;;;9
20230312;03;2023;7389025;1;1;01;47;1;307.72399972;47;1;1;3;1;2;1;1;1;3;1;1;6;4;1;1;1;1;1;3;1;;;100000000;700000;;;1;;;;;;;;;;7
20230312;03;2023;7389027;1;1;01;47;1;295.41944112;47;2;1;2;1;1;1;1;1;3;1;1;2;1;1;1;1;10;3;3;3;;;;;300000;;1;;;;;;;;;;2
20230312;03;2023;7389028;1;1;01;47;1;271.38500198;47;2;1;4;1;1;1;1;1;3;1;1;4;2;1;1;1;10;1;3;5;;;;500000;;;1;;;;;;;;;;5
20230312;03;2023;7389029;1;1;01;47;1;256.05669887;47;1;1;4;1;2;1;1;1;3;1;1;4;1;1;1;1;1;1;3;5;;;;700000;;;1;;;;;;;;;;2
20230312;03;2023;7389030;1;1;01;47;1;370.56058443;47;2;1;2;1;1;1;1;1;3;1;1;2;1;1;1;1;1;1;3;3;;;;;180000;;1;;;;;;;;;;3
20230312;03;2023;7389032;1;1;01;47;1;260.64332439;47;3;1;2;1;1;1;1;1;3;1;1;1;1;1;1;1;10;6;;4;;;;100000;;;;;;;;;;1;;;1
20230312;03;2023;7389033;1;1;01;47;1;266.24575562;47;1;1;2;1;2;1;2;1;3;1;1;3;2;2;1;1;1;1;3;3;;;;;300000;;;;;;;;;1;;;6
20230312;03;2023;7389034;1;1;01;47;1;238.95897438;47;1;1;4;1;3;1;1;1;3;1;1;3;2;1;1;1;1;3;3;6;;;;600000;;;1;;;;;;;;;;4
20230312;03;2023;7389036;1;1;01;47;1;418.69819396;47;2;1;4;1;2;1;2;1;3;1;1;3;2;2;1;1;10;3;3;3;;;;;300000;;;;;;;;;1;;;2
20230312;03;2023;7389037;1;1;01;47;1;302.64004088;47;2;1;4;1;3;1;1;1;3;1;1;5;3;1;1;1;1;1;3;4;;;;500000;;;1;;;;;;;;;;5
20230312;03;2023;7389040;1;1;01;47;1;204.3910068;47;2;1;2;1;2;1;2;1;3;1;1;3;2;2;1;1;1;1;3;1;;;98;98;;;;;;;;;;1;;;2
20230312;03;2023;7389041;1;1;01;47;1;209.0548267;47;1;1;4;1;3;1;1;1;3;1;1;3;2;1;1;1;1;1;3;4;;;;700000;;;1;;;;;;;;;;3
20230312;03;2023;7389042;1;1;01;47;1;331.21821918;47;1;1;4;1;2;1;2;1;3;1;1;4;3;2;1;1;2;1;3;3;;;;;420000;;1;;;;;;;;;;5
20230312;03;2023;7389044;1;1;01;47;1;290.76263469;47;2;1;5;1;3;1;1;1;3;1;1;4;2;1;1;1;10;1;3;3;;;;;350000;;;;;;;;;1;;;2
20230312;03;2023;7389048;1;1;01;47;1;141.93819916;47;1;1;4;1;3;1;1;1;3;1;1;2;1;1;1;1;10;1;3;1;;;99;99;;;;;;;;;;1;;;2
20230312;03;2023;7389049;1;1;01;47;1;165.25676899;47;1;1;4;1;3;1;1;1;3;1;1;4;2;1;1;1;10;1;3;3;;;;;700000;;1;;;;;;;;;;3
20230312;03;2023;7389050;1;1;01;47;1;139.28700594;47;2;1;4;1;3;1;1;1;3;1;1;4;1;1;1;1;10;1;3;4;;;;800000;;;;;;;;;;1;;;1
20230312;03;2023;7389052;1;1;01;47;1;139.28700594;47;1;1;4;1;3;1;1;1;3;1;1;3;1;1;1;1;1;1;3;4;;;;700000;;;;;;;;;;1;;;1
20230312;03;2023;7389053;1;1;01;47;1;243.01395167;47;2;1;4;1;3;1;1;1;3;1;1;2;1;1;1;1;10;1;3;3;;;;;500000;;;;;;;;;1;;;3
20230312;03;2023;7389054;1;1;01;47;1;234.31067799;47;2;1;4;1;2;1;1;1;3;1;1;3;1;1;1;1;1;1;3;5;;;;700000;;;1;;;;;1;;;;;2
20230312;03;2023;7389055;1;1;01;47;1;372.81354317;47;1;1;2;1;2;1;1;1;3;1;1;5;4;1;1;1;10;1;3;2;;250000;99;99;;;;;1;;;;;;;;5
20230312;03;2023;7389056;1;1;01;47;1;130.26032657;47;2;1;4;1;3;1;1;1;3;1;1;2;1;1;1;1;1;1;3;3;;;;;600000;;1;;;;;;;;;;6
20230312;03;2023;7389057;1;1;01;47;1;294.26728759;47;2;1;4;1;2;1;1;1;3;1;1;3;1;1;1;1;1;1;3;4;;;;600000;;;1;;;;;1;;;;;1
20230312;03;2023;7389058;1;1;01;47;1;250.98986793;47;1;1;2;1;2;1;2;1;3;1;1;1;1;2;1;1;10;1;3;4;;;;200000;;;;;;;;;;1;;;1
20230312;03;2023;7389059;1;1;01;47;1;302.3870231;47;1;1;4;1;2;1;1;1;3;1;1;2;1;1;1;1;1;1;3;3;;;;;220000;;;;;;;;;1;;;2
20230312;03;2023;7389060;1;1;01;47;1;274.03467781;47;2;1;2;1;2;1;1;1;3;1;1;3;2;1;1;1;10;1;3;5;;;;400000;;;;;;;;;;1;;;4
20230312;03;2023;7389061;1;1;01;47;1;292.17877576;47;2;1;2;1;2;1;1;1;3;1;1;1;1;1;1;1;1;1;3;4;;;;500000;;;;;;;;;;1;;;4
20230312;03;2023;7389062;1;1;01;47;1;147.76163785;47;2;1;2;1;3;1;1;1;3;1;1;3;2;1;1;1;1;1;3;3;;;;;300000;;1;;;;;;;;;;5
20230312;03;2023;7389063;1;1;01;47;1;306.76359604;47;2;1;4;1;2;1;2;1;3;1;1;3;2;2;1;1;10;1;3;4;;;;600000;;;;;;;;;;1;;;3
20230312;03;2023;7389064;1;1;01;47;1;389.49273312;47;2;1;2;1;2;1;1;1;3;1;1;2;1;1;1;1;1;1;3;3;;;;;400000;;1;;;;;;;;;;4
20230312;03;2023;7389065;1;1;01;47;1;168.16571408;47;2;1;2;1;3;1;1;1;3;1;1;3;2;1;1;1;1;3;3;3;;;;;350000;;;;;;;;;1;;;3
20230312;03;2023;7389066;1;1;01;47;1;126.59054761;47;2;1;4;1;3;1;1;1;3;1;1;3;2;1;1;1;10;3;3;3;;;;;350000;;1;;;;;;;;;;3
20230312;03;2023;7389070;1;1;01;47;1;119.2936607;47;2;1;2;1;3;1;1;1;3;1;1;1;1;1;1;1;1;2;4;3;;;;;150000;;;;;;;;;1;;;4
20230312;03;2023;7389071;1;1;01;47;1;200.21713184;47;1;1;4;1;2;1;1;1;3;1;1;4;2;1;1;1;1;1;3;5;;;;500000;;;1;;;;;;;;;;6
20230312;03;2023;7389072;1;1;01;47;1;300.8682004;47;1;1;4;1;2;1;1;1;3;1;1;4;3;1;1;1;1;1;3;4;;;;400000;;;;;;;;;;1;;;4
20230312;03;2023;7389073;1;1;01;47;1;175.19229154;47;2;1;4;1;2;1;1;1;3;1;1;4;2;1;1;1;1;1;3;3;;;;;600000;;1;;;;;;;;;;2
20230312;03;2023;7389074;1;1;01;47;1;307.26803864;47;2;1;2;1;2;1;1;1;3;1;1;3;1;1;1;1;1;1;3;3;;;;;700000;;1;;;;;;;;;;2
20230312;03;2023;7389076;1;1;01;47;1;166.59933659;47;2;1;4;1;3;1;1;1;3;1;1;3;2;1;1;1;1;1;3;5;;;;450000;;;;;;;;;;1;;;3
20230312;03;2023;7389077;1;1;01;47;1;318.67647553;47;1;1;4;1;3;1;1;1;3;1;1;3;2;1;1;1;1;1;3;5;;;;99;;;1;;;;;1;;;;;3
20230312;03;2023;7389078;1;1;01;47;1;193.06912918;47;2;1;4;1;3;1;1;1;3;1;1;3;1;1;1;1;1;1;3;4;;;;800000;;;1;;;;;1;;;;;1
20230312;03;2023;7389079;1;1;01;47;1;193.06912918;47;2;1;4;1;3;1;1;1;3;1;1;2;1;1;1;1;10;1;3;4;;;;800000;;;;;;;;;;1;;;1
20230312;03;2023;7389080;1;1;01;47;1;217.38010173;47;2;1;4;1;3;1;1;1;3;1;1;2;1;1;1;1;1;1;3;3;;;;;700000;;1;;;;;1;;;;;2
20230312;03;2023;7389081;1;1;01;47;1;164.04224238;47;2;1;4;1;3;1;1;1;3;1;1;4;2;1;1;1;10;1;3;1;;;100000000;800000;;;1;;;;;;;;;;2
20230312;03;2023;7389082;1;1;01;47;1;180.23898307;47;1;1;4;1;3;1;1;1;3;1;1;2;1;1;1;1;1;1;3;1;;;220000000;1000000;;;1;;;;;1;;;;;2
20230312;03;2023;7389085;1;1;01;47;1;316.11938132;47;2;1;4;1;3;1;1;1;3;1;1;2;1;1;1;1;10;1;3;3;;;;;600000;;;;;;;;;1;;;2
20230312;03;2023;7389086;1;1;01;47;1;192.25962882;47;2;1;4;1;3;1;1;1;3;1;1;2;1;1;1;1;10;1;3;3;;;;;550000;;;;;;;;;1;;;1
20230312;03;2023;7389087;1;1;01;47;1;345.71796639;47;1;1;4;1;1;1;2;1;3;2;1;3;2;2;1;1;10;1;3;3;;;;;400000;;;;;;;;;1;;;5
20230310;03;2023;7389088;1;1;01;50;1;255.17859078;50;3;1;4;1;3;2;1;1;3;1;1;1;1;1;1;1;1;6;;3;;;;;280000;;;;;;;;;1;;;1
20230312;03;2023;7389090;1;1;01;50;1;263.23629336;50;1;1;4;1;3;1;1;1;3;1;1;4;1;1;1;1;1;1;3;1;;;205000000;1200000;;;1;;;;;1;;;;;3
20230312;03;2023;7389091;1;1;01;50;1;266.9094496;50;1;1;4;1;1;1;1;1;3;1;1;4;3;1;1;1;1;1;3;3;;;;;400000;;1;;;;;;1;;;NEQUI;5
20230312;03;2023;7389092;1;1;01;50;1;311.03343305;50;1;1;4;1;1;1;1;1;3;1;1;4;3;1;1;1;1;1;3;3;;;;;400000;;;;;;;;;1;;;6
20230312;03;2023;7389093;1;1;01;50;1;282.23356878;50;1;1;4;1;3;1;1;1;3;1;1;4;3;1;1;1;1;1;3;1;;;130000000;600000;;;;;;;;;;1;;;4
20230312;03;2023;7389094;1;1;01;50;1;373.33395225;50;2;1;4;1;1;1;1;1;3;1;1;3;2;1;1;1;1;1;3;3;;;;;300000;;;;;;;;1;;;AHORRO A LA MANO;4
20230312;03;2023;7389095;1;1;01;50;1;290.68129458;50;1;1;4;1;3;1;1;1;3;1;1;4;3;1;1;1;1;1;3;4;;;;500000;;;;;;;;;;1;;;3
20230312;03;2023;7389096;1;1;01;50;1;166.65213704;50;1;1;4;1;3;1;1;1;3;1;1;4;3;1;1;1;1;1;3;1;;;130000000;500000;;;;;;;;;;1;;;3
20230312;03;2023;7389097;1;1;01;50;1;365.83429213;50;2;1;4;1;1;1;1;1;3;1;1;4;2;1;1;1;1;1;3;1;;;98;450000;;;1;;;;;;;;;;6
20230312;03;2023;7389098;1;1;01;50;1;411.32531745;50;2;1;4;1;1;1;1;1;3;1;1;4;3;1;1;1;1;1;3;5;;;;300000;;;;;;;;;1;;;NEQUI;5
20230312;03;2023;7389099;1;1;01;50;1;133.06454784;50;1;1;4;1;1;2;1;1;3;2;1;3;1;1;1;1;4;1;4;1;;;80000000;300000;;;1;;;;;;;;;;1
20230312;03;2023;7389100;1;1;01;50;1;307.07295673;50;1;1;4;1;3;1;1;1;3;1;1;4;3;1;1;1;1;1;3;6;;;;700000;;;1;;;;;;;;;;3
20230312;03;2023;7389101;1;1;01;50;1;302.99567139;50;1;1;4;1;3;1;1;1;3;1;1;4;2;1;1;1;1;1;3;1;;;120000000;700000;;;1;;;;;;;;;;4
20230312;03;2023;7389102;1;1;01;50;1;219.57632589;50;1;1;4;1;3;1;1;1;3;1;1;4;3;1;1;1;1;1;3;3;;;;;850000;;1;;;;;1;;;;;5
20230312;03;2023;7389103;1;1;01;50;1;168.86877584;50;1;1;2;1;1;1;1;1;3;1;1;4;3;1;1;1;1;1;3;1;;;80000000;400000;;;;;;;;;;1;;;8
20230312;03;2023;7389105;1;1;01;50;1;326.65070986;50;2;1;2;1;4;1;1;1;3;1;1;3;2;1;1;1;1;1;3;1;;;200000000;400000;;;;;;;;;;1;;;6
20230312;03;2023;7389106;1;1;01;50;1;321.6606356;50;2;1;2;1;4;1;1;1;3;1;1;4;2;1;1;1;1;1;3;3;;;;;420000;;1;;;;;;;;;;2
20230312;03;2023;7389107;1;1;01;50;1;196.5720401;50;1;1;2;1;1;2;2;1;3;2;3;5;2;2;1;1;4;1;4;4;;;;350000;;;;;;;;;;1;;;3
20230312;03;2023;7389107;2;2;01;50;1;196.5720401;50;1;1;2;1;1;2;2;1;3;2;3;1;1;2;2;1;4;1;4;4;;;;150000;;;;;;;;;;1;;;3
20230312;03;2023;7389107;3;3;01;50;1;196.5720401;50;1;1;2;1;1;2;2;1;3;2;3;1;1;2;2;1;4;6;;4;;;;130000;;;;;;;;;;1;;;1
20230312;03;2023;7389108;1;1;01;50;1;116.68619909;50;2;1;4;1;1;2;1;1;3;2;1;3;1;1;1;1;4;1;4;3;;;;;400000;;;;;;;;;1;;;2
20230312;03;2023;7389109;1;1;01;50;1;153.71925334;50;1;1;2;1;1;1;1;1;3;1;1;4;3;1;1;1;1;1;3;3;;;;;350000;;1;;;;;;;;;;6
20230312;03;2023;7389111;1;1;01;50;1;482.01841198;50;1;1;2;1;1;1;1;1;3;1;1;3;2;1;1;1;10;1;3;3;;;;;250000;;;;;;;;1;;;NEQUI;2
20230312;03;2023;7389112;1;1;01;50;1;293.1060619;50;1;1;2;1;2;1;1;1;3;1;1;2;2;1;1;1;1;1;3;4;;;;400000;;;;;;;;;;1;;;4
20230312;03;2023;7389113;1;1;01;50;1;249.85612687;50;1;1;4;1;3;1;1;1;3;1;1;4;2;1;1;1;1;1;3;2;;400000;280000000;500000;;;1;;;;;;;;;;2
20230312;03;2023;7389114;1;1;01;50;1;317.98449943;50;2;1;4;1;3;1;1;1;3;1;1;4;2;1;1;1;1;1;3;3;;;;;700000;;1;;;;;;;;;;4
20230312;03;2023;7389115;1;1;01;50;1;123.64034708;50;1;1;4;1;2;1;1;1;3;1;1;4;3;1;1;1;1;1;3;3;;;;;500000;;1;;;;;;;;;;6
20230312;03;2023;7389116;1;1;01;50;1;265.40466027;50;1;1;4;1;3;1;1;1;3;1;1;3;2;1;1;1;1;1;3;2;;290000;250000000;600000;;;1;;;;;;;;;;3
20230312;03;2023;7389117;1;1;01;50;1;280.96038548;50;1;1;4;1;3;1;1;1;3;1;1;4;2;1;1;1;1;1;3;1;;;130000000;600000;;;1;;;;;;;;;;2
20230312;03;2023;7389119;1;1;01;50;1;232.10486515;50;1;1;4;1;3;1;1;1;3;1;1;5;1;1;1;1;1;1;3;1;;;250000000;800000;;;1;;;;;;;;;;2
20230312;03;2023;7389121;1;1;01;50;1;225.29310167;50;2;1;4;1;2;1;1;1;3;1;1;3;2;1;1;1;1;1;3;3;;;;;400000;;;;;;;1;;;;;5
20230312;03;2023;7389122;1;1;01;50;1;252.94934921;50;1;1;4;1;1;1;1;1;3;1;1;3;2;1;1;1;1;1;3;3;;;;;580000;;1;;;;;;;;;;4
20230312;03;2023;7389123;1;1;01;50;1;207.94833992;50;2;1;4;1;2;1;1;1;3;1;1;4;3;1;1;1;1;1;3;3;;;;;550000;;;;;;;;;1;;;3
20230312;03;2023;7389124;1;1;01;50;1;209.95649132;50;1;1;4;1;1;1;1;1;3;1;1;5;4;1;1;1;1;1;3;1;;;120000000;500000;;;1;;;;;;;;;;4
20230312;03;2023;7389125;1;1;01;50;1;378.26787299;50;1;1;4;1;2;1;1;1;3;1;1;4;3;1;1;1;1;1;3;1;;;80000000;400000;;;;;;;;;;1;;;4
20230312;03;2023;7389126;1;1;01;50;1;412.07523204;50;1;1;4;1;3;1;1;1;3;1;1;4;3;1;1;1;1;1;3;1;;;200000000;600000;;;;;;;;;;1;;;2
20230312;03;2023;7389127;1;1;01;50;1;154.21186243;50;1;1;2;1;1;2;1;1;3;2;1;3;2;1;1;1;4;1;4;1;;;150000000;400000;;;1;;;;;;;;;;5
20230312;03;2023;7389128;1;1;01;50;1;295.18097005;50;1;1;4;1;2;1;1;1;3;1;1;4;2;1;1;1;1;1;3;1;;;140000000;500000;;;1;;;;1;;;;;;4
20230312;03;2023;7389130;1;1;01;50;1;142.21017492;50;1;1;4;1;1;2;1;1;3;2;1;4;3;1;1;1;4;1;4;3;;;;;300000;;;;;;;;;1;;;3
20230312;03;2023;7389131;1;1;01;50;1;195.82582443;50;1;1;4;1;2;1;1;1;3;1;1;3;2;1;1;1;1;1;3;1;;;75000000;500000;;;;;;;;;1;;;NEQUI;2
20230312;03;2023;7389133;1;1;01;50;1;134.87087097;50;1;1;4;1;1;2;1;1;3;2;1;4;2;1;1;1;4;1;4;1;;;190000000;400000;;;1;;;;;;;;;;3
20230312;03;2023;7389134;1;1;01;50;1;145.28282395;50;2;1;4;1;1;2;2;1;3;2;1;4;1;2;1;1;3;1;4;4;;;;350000;;;1;;;;;;;;;;1
20230312;03;2023;7389135;1;1;01;50;1;292.45043498;50;1;1;4;1;3;1;1;1;3;1;1;4;2;1;1;1;1;1;3;1;;;30000000;1300000;;;1;;;;1;1;;;;;3
20230312;03;2023;7389136;1;1;01;50;1;113.60037573;50;1;1;4;1;1;2;2;1;3;2;1;3;2;2;1;1;4;1;4;1;;;200000000;450000;;;;;;;;;;1;;;3
20230312;03;2023;7389137;1;1;01;50;1;154.11288448;50;2;1;4;1;1;2;2;1;3;2;1;3;2;2;1;1;3;1;4;3;;;;;300000;;1;;;;;;;;;;3
20230312;03;2023;7389140;1;1;01;50;1;147.98320452;50;1;1;4;1;1;2;1;1;3;2;1;4;3;1;1;1;3;1;4;1;;;50000000;300000;;;1;;;;;;;;;;3
20230312;03;2023;7389141;1;1;01;50;1;129.97872448;50;1;1;4;1;1;2;1;1;3;2;1;3;1;1;1;1;3;1;4;3;;;;;300000;;1;;;;;;;;;;2
20230312;03;2023;7389142;1;1;01;50;1;319.11699999;50;1;1;4;1;3;1;1;1;3;1;1;4;1;1;1;1;1;1;3;3;;;;;1300000;;1;;;1;1;1;;;;;1
20230312;03;2023;7389145;1;1;01;50;1;238.68279501;50;1;1;4;1;4;1;1;1;3;1;1;4;2;1;1;1;1;1;3;2;;800000;250000000;900000;;;1;;;;;;;;;;4
20230312;03;2023;7389146;1;1;01;50;1;235.008671;50;2;1;4;1;3;1;1;1;3;1;1;3;2;1;1;1;1;1;3;3;;;;;600000;;1;;;;;;;;;;4
20230312;03;2023;7389147;1;1;01;50;1;333.62231817;50;2;1;4;1;3;1;1;1;3;1;1;2;1;1;1;1;1;1;3;3;;;;;350000;;1;;;;;;;;;;1
20230312;03;2023;7389148;1;1;01;50;1;321.6606356;50;2;1;4;1;4;1;1;1;3;1;1;4;2;1;1;1;1;1;3;1;;;300000000;600000;;;;;;;;;;1;;;2
20230312;03;2023;7389149;1;1;01;50;1;409.62855044;50;2;1;4;1;4;1;1;1;3;1;1;3;2;1;1;1;1;1;3;3;;;;;500000;;1;;;;;;;;;;4
20230312;03;2023;7389150;1;1;01;50;1;307.22141283;50;1;1;4;1;2;1;1;1;3;1;1;3;2;1;1;1;1;1;3;4;;;;600000;;;1;;;;1;1;;;;;4
20230312;03;2023;7389151;1;1;01;50;1;392.30590572;50;2;1;4;1;3;1;1;1;3;1;1;4;3;1;1;1;1;1;3;3;;;;;750000;;;;;;;;;1;;;5
20230312;03;2023;7389152;1;1;01;50;1;376.32699995;50;1;1;4;1;3;1;1;1;3;1;1;4;3;1;1;1;1;1;3;1;;;200000000;550000;;;;;;;;;1;;;DAVIPLATA;4
20230312;03;2023;7389154;1;1;01;50;1;319.41173795;50;2;1;4;1;3;1;1;1;3;1;1;3;2;1;1;1;1;1;3;3;;;;;500000;;1;;;;;;;;;;3
20230312;03;2023;7389155;1;1;01;50;1;345.86318103;50;1;1;4;1;3;1;1;1;3;1;1;5;2;1;1;1;1;1;3;3;;;;;700000;;1;;;;1;;;;;;2
20230312;03;2023;7389156;1;1;01;50;1;422.38881644;50;1;1;4;1;4;1;1;1;3;1;1;6;2;1;1;1;1;1;3;1;;;300000000;800000;;;1;;;;;;;;;;3
20230312;03;2023;7389157;1;1;01;50;1;289.66038866;50;1;1;4;1;3;1;1;1;3;1;1;4;2;1;1;1;1;1;3;3;;;;;400000;;1;;;;;;1;;;NEQUI;2
20230312;03;2023;7389158;1;1;01;50;1;249.85612687;50;2;1;4;1;3;1;1;1;3;1;1;3;2;1;1;1;1;1;3;1;;;200000000;600000;;;1;;;;;;;;;;2
20230312;03;2023;7389159;1;1;01;50;1;293.58763999;50;2;1;4;1;3;1;1;1;3;1;1;4;1;1;1;1;1;1;3;1;;;180000000;1200000;;;1;;;;;1;;;;;1
20230312;03;2023;7389160;1;1;01;50;1;278.76496028;50;1;1;4;1;3;1;1;1;3;1;1;4;2;1;1;1;1;1;3;3;;;;;750000;;;;;;;;1;;;NEQUI;3
20230312;03;2023;7389161;1;1;01;50;1;235.008671;50;2;1;4;1;3;1;1;1;3;1;1;4;3;1;1;1;1;1;3;3;;;;;600000;;1;;;;;;;;;;4
20230312;03;2023;7389162;1;1;01;50;1;330.10688449;50;2;1;4;1;3;1;1;1;3;1;1;3;1;1;1;1;1;1;3;3;;;;;500000;;;;;;;;;1;;;1
20230312;03;2023;7389163;1;1;01;50;1;351.35291174;50;2;1;4;1;2;1;1;1;3;1;1;3;2;1;1;1;1;1;3;3;;;;;550000;;;;;;;;;1;;;3
20230312;03;2023;7389168;1;1;01;52;1;458.1777638;52;2;1;6;1;2;2;1;1;3;1;1;4;3;1;1;1;1;1;4;1;;;300000000;1200000;;;1;;;;;1;;;;;4
20230312;03;2023;7389169;1;1;01;52;1;309.29994266;52;2;1;4;1;2;2;1;1;3;1;1;3;1;1;1;1;1;1;4;3;;;;;1000000;;1;;;;;;;;;;2
20230312;03;2023;7389170;1;1;01;52;1;87.160692118;52;2;1;4;1;2;1;1;1;3;1;1;2;2;1;1;1;1;1;3;3;;;;;450000;;1;;;;;;;;;;4
20230312;03;2023;7389172;1;1;01;52;1;133.41835017;52;1;1;4;1;2;2;1;1;3;1;1;5;2;1;1;1;1;1;4;3;;;;;600000;;1;;;;1;;;;;;3
20230312;03;2023;7389174;1;1;01;52;1;185.30326413;52;2;1;4;1;3;2;1;1;3;1;1;4;3;1;1;1;1;1;4;4;;;;500000;;;1;;;;1;;;;;;3
20230312;03;2023;7389175;1;1;01;52;1;305.6360102;52;1;1;4;1;2;2;1;1;3;1;1;4;3;1;1;1;1;1;4;3;;;;;450000;;;;;;;;;1;;;7
20230312;03;2023;7389176;1;1;01;52;1;228.75520688;52;2;1;4;1;2;2;1;1;3;1;1;3;2;1;1;1;1;1;4;3;;;;;400000;;;;;;;;;1;;;3
20230312;03;2023;7389178;1;1;01;52;1;120.54909917;52;1;1;2;1;1;1;1;1;3;1;1;4;4;1;1;1;1;1;3;1;;;200000000;800000;;;;;;;;;;1;;;11
20230312;03;2023;7389179;1;1;01;52;1;200.07687883;52;1;1;4;1;3;2;1;1;3;1;1;5;3;1;1;1;1;1;4;1;;;200000000;1000000;;;1;;;;;;;;;;2
20230312;03;2023;7389180;1;1;01;52;1;211.90543123;52;2;1;4;1;2;1;1;1;3;1;1;3;1;1;1;1;1;1;4;3;;;;;650000;;1;;;;;;;;;;1
20230312;03;2023;7389181;1;1;01;52;1;178.42539056;52;2;1;4;1;2;1;1;1;3;1;1;4;3;1;1;1;1;1;3;3;;;;;600000;;1;;;;;;;;;;4
20230312;03;2023;7389182;1;1;01;52;1;180.06919094;52;1;1;4;1;2;1;1;1;3;1;1;4;2;1;1;1;1;1;3;3;;;;;600000;;1;;;;;;;;;;2
20230312;03;2023;7389183;1;1;01;52;1;166.97729465;52;1;1;4;1;2;2;1;1;3;1;1;5;4;1;1;1;1;1;4;1;;;70000000;800000;;;1;;;;;;;;;;4
20230312;03;2023;7389184;1;1;01;52;1;104.8716865;52;1;1;4;1;3;1;1;1;3;1;1;5;3;1;1;1;1;1;3;1;;;800000000;1500000;;;1;;1;;1;1;;;;;3
20230312;03;2023;7389185;1;1;01;52;1;257.72985726;52;2;1;4;1;2;2;1;1;3;1;1;4;3;1;1;1;1;1;4;3;;;;;520000;;1;;;;1;1;;;;;3
20230312;03;2023;7389186;1;1;01;52;1;133.11567498;52;1;1;4;1;3;1;1;1;3;1;1;6;4;1;1;1;1;1;3;1;;;100000000;1000000;;;1;;;;;;;;;;3
20230312;03;2023;7389187;1;1;01;52;1;176.47143411;52;1;1;2;1;1;2;1;1;3;1;1;3;2;1;1;1;1;1;4;1;;;30000000;200000;;;1;;;;;;;;;;6
20230312;03;2023;7389188;1;1;01;52;1;90.422517283;52;2;1;4;1;2;1;1;1;3;1;1;4;3;1;1;1;1;1;3;1;;;100000000;400000;;;;;;;;;;1;;;3
20230312;03;2023;7389189;1;1;01;52;1;68.643722905;52;2;1;4;1;2;1;1;1;3;1;1;1;1;1;1;1;1;1;3;3;;;;;250000;;;;;;;;;1;;;3
20230312;03;2023;7389190;1;1;01;52;1;122.4310854;52;2;1;4;1;2;1;1;1;3;1;1;4;2;1;1;1;1;1;3;2;;900000;300000000;500000;;;1;;1;;;;;;;;3
20230312;03;2023;7389191;1;1;01;52;1;51.730967142;52;4;1;2;1;2;2;1;1;3;1;1;5;4;1;2;1;1;1;4;1;;;80000000;300000;;;;;;;;;;1;;;6
20230312;03;2023;7389192;1;1;01;52;1;108.04151457;52;1;5;2;1;2;2;1;1;3;1;1;2;2;1;1;1;1;1;4;4;;;;150000;;;;;;;;;;1;;;2
20230312;03;2023;7389193;1;1;01;52;1;61.977496888;52;2;1;4;1;2;1;1;1;3;1;1;5;3;1;1;1;1;1;3;3;;;;;500000;;1;;;;;;;;;;6
20230312;03;2023;7389194;1;1;01;52;1;54.563595602;52;2;1;4;1;2;2;1;1;3;1;1;4;3;1;1;1;1;1;4;3;;;;;500000;;1;;;;;;;;;;4
20230312;03;2023;7389195;1;1;01;52;1;108.04151457;52;1;5;1;1;2;2;2;1;3;2;1;2;2;2;1;1;5;1;5;3;;;;;80000;;;;;;;;;1;;;2
20230312;03;2023;7389197;1;1;01;52;1;102.79695651;52;2;1;4;1;2;1;1;1;3;1;1;3;2;1;1;1;1;1;3;1;;;200000000;300000;;;;;;;;;;1;;;3
20230312;03;2023;7389198;1;1;01;52;1;98.041711306;52;4;1;4;1;2;2;1;1;3;1;1;2;2;1;2;1;1;1;4;3;;;;;400000;;1;;;;;;;;;;4
20230312;03;2023;7389199;1;1;01;52;1;76.307972581;52;2;1;4;1;2;1;1;1;3;1;1;3;2;1;1;1;1;1;3;3;;;;;350000;;1;;;;;;;;;;4
20230312;03;2023;7389200;1;1;01;52;1;90.604411404;52;4;1;2;1;2;2;1;1;3;1;1;1;1;1;2;1;1;1;4;3;;;;;300000;;;;;;;;;1;;;1
20230312;03;2023;7389202;1;1;01;52;1;102.79695651;52;2;1;4;1;2;1;1;1;3;1;1;3;2;1;1;1;1;1;3;1;;;200000000;500000;;;1;;;;1;;;;;;3
20230312;03;2023;7389203;1;1;01;52;1;157.61845009;52;2;1;4;1;3;2;1;1;3;1;1;3;2;1;1;1;1;1;4;3;;;;;450000;;1;;;;;;;;;;2
20230312;03;2023;7389204;1;1;01;52;1;78.912815081;52;1;1;4;1;2;2;1;1;3;1;1;3;2;1;1;1;1;1;4;3;;;;;200000;;;;;;;;;1;;;2
20230312;03;2023;7389211;1;1;01;52;1;148.92812797;52;2;1;4;1;3;2;1;1;3;1;2;2;1;1;1;1;1;1;4;1;;;50000000;500000;;;;;;;;;;1;;;1
20230312;03;2023;7389211;2;2;01;52;1;148.92812797;52;2;1;4;1;3;2;1;1;3;1;2;1;1;1;2;1;1;6;;3;;;;;250000;;1;;;;;;;;;;1
20230312;03;2023;7389220;1;1;01;54;1;851.97411007;54;1;1;4;1;2;1;1;1;3;1;1;3;1;1;1;1;1;1;3;1;;;50000000;400000;;;1;;;;;;;;;;2
20230312;03;2023;7389221;1;1;01;54;1;394.08546756;54;2;1;4;1;2;2;1;1;3;1;1;2;1;1;1;1;1;1;4;3;;;;;500000;;;;;;;;;1;;;3
20230312;03;2023;7389222;1;1;01;54;1;393.76469574;54;2;1;4;1;2;1;1;1;3;1;1;4;3;1;1;1;1;1;3;5;;;;500000;;;1;;;;;;;;;;4
20230312;03;2023;7389223;1;1;01;54;1;452.75668348;54;2;1;4;1;1;1;1;1;3;1;1;3;2;1;1;1;1;1;3;3;;;;;320000;;1;;;;;;;;;;3
20230312;03;2023;7389227;1;1;01;54;1;510.62460395;54;1;1;4;1;2;1;1;1;3;1;1;4;3;1;1;1;1;1;3;1;;;98;400000;;;1;;;;;;;;;;6
20230312;03;2023;7389229;1;1;01;54;1;287.48974022;54;1;1;4;1;2;1;1;1;3;1;1;5;3;1;1;1;1;1;3;1;;;100000000;400000;;;1;;;;;;;;;;4
20230312;03;2023;7389230;1;1;01;54;1;394.08546756;54;1;1;4;1;2;1;1;1;3;1;1;3;2;1;1;1;1;1;3;3;;;;;650000;;1;;;;;;;;;;3
20230312;03;2023;7389232;1;1;01;54;1;397.68160418;54;1;1;4;1;2;1;1;1;3;1;1;4;1;1;1;1;1;1;3;1;;;150000000;600000;;;1;;;;;;;;;;2
20230312;03;2023;7389238;1;1;01;54;1;280.72657534;54;2;1;4;1;2;1;1;1;3;1;1;4;3;1;1;1;1;3;3;3;;;;;300000;;1;;;;;;;;;;4
20230312;03;2023;7389241;1;1;01;54;1;436.59236112;54;2;3;2;1;2;1;1;1;3;1;1;2;1;1;1;1;1;3;3;4;;;;450000;;;1;;;;;;;;;;4
20230312;03;2023;7389243;1;1;01;54;1;616.35458481;54;1;1;4;1;4;1;1;1;3;1;1;5;2;1;1;1;1;1;3;1;;;200000000;1500000;;;1;;;;;1;;;;;5
20230312;03;2023;7389244;1;1;01;54;1;487.09819476;54;1;1;4;1;4;1;1;1;3;1;1;5;3;1;1;1;1;1;3;3;;;;;900000;;1;;;;;;;;;;5
20230312;03;2023;7389250;1;1;01;54;1;424.65619726;54;1;1;2;1;1;1;1;1;3;1;2;3;3;1;2;1;1;1;3;4;;;;300000;;;1;;;;;;;;;;5
20230312;03;2023;7389250;2;2;01;54;1;424.65619726;54;1;1;2;1;1;1;1;1;3;1;2;1;1;1;2;1;1;1;3;3;;;;;200000;;;;;;;;;1;;;4
20230312;03;2023;7389251;1;1;01;54;1;424.65619726;54;1;1;2;1;1;1;1;1;3;1;1;5;3;1;1;1;1;1;3;1;;;90000000;500000;;;1;;;;;;;;;;10
20230312;03;2023;7389252;1;1;01;54;1;910.8568099;54;1;1;1;1;1;1;1;1;3;1;1;4;3;1;1;1;1;3;3;1;;;60000000;350000;;;1;;;;;;;;;;4
20230312;03;2023;7389253;1;1;01;54;1;1174.7580969;54;1;1;4;1;1;1;1;1;3;1;1;3;2;1;1;1;1;3;3;4;;;;500000;;;1;;;;;1;;;;;4
20230312;03;2023;7389254;1;1;01;54;1;424.65619726;54;1;1;2;1;1;1;1;1;3;1;1;3;2;1;1;1;1;1;3;1;;;40000000;300000;;;1;;;;;;;;;;2
20230312;03;2023;7389257;1;1;01;54;1;945.42002006;54;1;1;4;1;1;1;1;1;3;1;1;4;3;1;1;1;1;1;3;3;;;;;400000;;1;;;;;;;;;;7
20230312;03;2023;7389258;1;1;01;54;1;1143.864368;54;1;1;2;1;1;1;1;1;3;1;1;3;2;1;1;1;1;3;3;3;;;;;400000;;1;;;;;;;;;;4
20230312;03;2023;7389259;1;1;01;54;1;1520.8009107;54;1;1;4;1;1;1;1;1;3;1;1;3;1;1;1;1;1;1;3;1;;;99;99;;;1;;;;;;;;;;2
20230312;03;2023;7389264;1;1;01;63;1;246.84008143;63;2;1;4;1;5;1;1;1;3;1;1;4;2;1;1;1;1;1;3;1;;;98;98;;;1;;;;;;;;;;2
20230312;03;2023;7389266;1;1;01;63;1;110.93331237;63;1;1;4;1;3;1;1;1;3;1;1;3;1;1;1;1;1;1;3;3;;;;;500000;;1;;;;;;;;;;1
20230312;03;2023;7389268;1;1;01;63;1;62.399988206;63;1;1;4;1;1;1;1;1;3;1;1;4;1;1;1;1;1;1;3;3;;;;;50000;;1;;;;1;;;;;;1
20230312;03;2023;7389269;1;1;01;63;1;153.24036146;63;2;1;2;1;2;2;1;1;3;1;1;2;1;1;1;1;1;3;4;4;;;;98;;;;;;;;;;1;;;1
20230312;03;2023;7389270;1;1;01;63;1;113.26482413;63;1;1;2;1;1;1;1;1;3;1;1;2;1;1;1;1;1;1;3;1;;;98;300000;;;1;;;;;;;;;;2
20230312;03;2023;7389271;1;1;01;63;1;110.2893729;63;2;1;4;1;1;1;1;1;3;1;1;3;2;1;1;1;1;1;3;3;;;;;450000;;1;;;;;;;;;;4
20230312;03;2023;7389273;1;1;01;63;1;109.70616786;63;2;1;4;1;1;1;1;1;3;1;1;2;1;1;1;1;1;1;3;3;;;;;350000;;1;;;;;;;;;;1
20230312;03;2023;7389275;1;1;01;63;1;146.3997432;63;2;1;4;1;1;1;1;1;3;1;1;3;2;1;1;1;1;1;3;3;;;;;400000;;1;;;;;;;;;;4
20230312;03;2023;7389276;1;1;01;63;1;102.98164487;63;1;1;4;1;1;1;1;1;3;1;1;4;3;1;1;1;1;1;3;3;;;;;350000;;1;;;;;;;;;;4
20230312;03;2023;7389277;1;1;01;63;1;75.199593573;63;2;1;4;1;1;1;1;1;3;1;1;3;2;1;1;1;1;1;3;3;;;;;430000;;1;;;;;;;;;;3
20230312;03;2023;7389278;1;1;01;63;1;130.17455214;63;1;1;4;1;1;1;1;1;3;1;1;4;3;1;1;1;1;1;3;3;;;;;300000;;;;;;;;;1;;;11
20230312;03;2023;7389280;1;1;01;63;1;108.90879061;63;1;1;4;1;1;1;1;1;3;1;1;4;3;1;1;1;1;1;3;5;;;;500000;;;1;;;;;;;;;;3
20230312;03;2023;7389281;1;1;01;63;1;116.53422982;63;2;1;4;1;1;1;1;1;3;1;1;5;3;1;1;1;1;1;3;4;;;;500000;;;1;;;;;;;;;;3
20230312;03;2023;7389282;1;1;01;63;1;87.675511656;63;2;1;4;1;1;1;1;1;3;1;1;2;1;1;1;1;1;3;3;3;;;;;440000;;;;;;;;;1;;;1
20230312;03;2023;7389283;1;1;01;63;1;87.675511656;63;2;1;4;1;1;1;1;1;3;1;1;3;1;1;1;1;1;1;4;3;;;;;410000;;1;;;;;;;;;;1
20230312;03;2023;7389285;1;1;01;63;1;153.99176904;63;1;1;4;1;1;1;1;1;3;1;1;6;5;1;1;1;1;1;3;3;;;;;550000;;1;;;;;;;;;;7
20230312;03;2023;7389287;1;1;01;63;1;178.40432887;63;2;1;4;1;3;1;1;1;3;1;1;4;2;1;1;1;1;1;3;3;;;;;450000;;1;;;;;;;;;;3
20230312;03;2023;7389288;1;1;01;63;1;89.467109015;63;1;1;4;1;1;1;1;1;3;1;1;6;1;1;1;1;1;1;3;1;;;98;500000;;;1;;;;;;;;;;2
20230312;03;2023;7389289;1;1;01;63;1;113.86722966;63;2;1;4;1;1;2;1;1;3;1;1;2;1;1;1;1;1;1;4;3;;;;;400000;;;;;;;;;1;;;2
20230312;03;2023;7389291;1;1;01;63;1;174.25406498;63;1;1;4;1;2;1;1;1;3;1;1;4;2;1;1;1;1;1;3;3;;;;;450000;;;;;;;;1;;;NEQUI;3
20230312;03;2023;7389293;1;1;01;63;1;133.91598122;63;2;1;4;1;2;1;1;1;3;1;1;3;1;1;1;1;1;1;3;3;;;;;450000;;1;;;;;;;;;;1
20230312;03;2023;7389294;1;1;01;63;1;81.970515699;63;2;1;4;1;1;1;1;1;3;1;1;3;2;1;1;1;1;1;3;5;;;;250000;;;;;;;;;;1;;;2
20230312;03;2023;7389295;1;1;01;63;1;133.91598122;63;2;1;2;1;1;1;1;1;3;1;1;1;1;1;1;1;1;3;3;3;;;;;300000;;;;;;;;;1;;;1
20230312;03;2023;7389296;1;1;01;63;1;92.8703275;63;2;1;2;1;1;1;1;1;3;1;1;2;1;1;1;1;1;1;3;3;;;;;250000;;;;;;;;;1;;;2
20230312;03;2023;7389297;1;1;01;63;1;208.13564557;63;1;1;4;1;2;1;1;1;3;1;1;4;3;1;1;1;1;1;3;2;;550000;120000000;600000;;;1;;1;;;;;;;;4
20230312;03;2023;7389298;1;1;01;63;1;149.28631128;63;1;1;4;1;2;1;1;1;3;1;1;3;2;1;1;1;1;1;3;3;;;;;450000;;1;;;;;;;;;;3
20230312;03;2023;7389299;1;1;01;63;1;244.14737633;63;1;1;4;1;3;1;1;1;3;1;1;4;2;1;1;1;1;1;3;2;;950000;190000000;1000000;;;1;;1;;1;1;;;;;4
20230312;03;2023;7389301;1;1;01;63;1;94.462544731;63;1;1;4;1;3;1;1;1;3;1;1;4;2;1;1;1;1;1;3;1;;;98;600000;;;1;;;;;1;;;;;2
20230312;03;2023;7389302;1;1;01;63;1;112.89501296;63;1;1;4;1;3;1;1;1;3;1;1;5;2;1;1;1;1;1;3;1;;;250000000;1200000;;;1;;1;1;1;1;;;;;3
20230312;03;2023;7389303;1;1;01;63;1;93.533336917;63;1;1;4;1;3;1;1;1;3;1;1;3;1;1;1;1;1;1;3;4;;;;600000;;;;;;;;;;1;;;2
20230312;03;2023;7389304;1;1;01;63;1;265.83506178;63;1;1;4;1;3;1;1;1;3;1;1;4;1;1;1;1;1;1;3;3;;;;;1100000;;1;;;;;;;;;;2
20230312;03;2023;7389305;1;1;01;63;1;149.75997169;63;1;1;4;1;3;1;1;1;3;1;1;4;1;1;1;1;1;1;3;3;;;;;500000;;1;;;;;;;;;;1
20230312;03;2023;7389306;1;1;01;63;1;290.13663202;63;1;1;4;1;3;1;1;1;3;1;1;4;1;1;1;1;1;1;3;1;;;200000000;900000;;;1;;;;;1;;;;;2
20230312;03;2023;7389307;1;1;01;63;1;149.75997169;63;1;1;4;1;3;1;1;1;3;1;1;3;1;1;1;1;1;1;3;1;;;210000000;800000;;;1;;;;;;;;;;1
20230312;03;2023;7389308;1;1;01;63;1;265.83506178;63;1;1;4;1;3;1;1;1;3;1;1;3;1;1;1;1;1;1;3;3;;;;;800000;;1;;;;1;1;;;;;2
20230312;03;2023;7389309;1;1;01;63;1;150.50296835;63;1;1;4;1;3;1;1;1;3;1;1;5;3;1;1;1;1;1;3;3;;;;;680000;;1;;;;;;;;;;4
20230312;03;2023;7389310;1;1;01;63;1;138.45289157;63;1;1;4;1;3;1;1;1;3;1;1;3;2;1;1;1;1;1;3;1;;;99;99;;;1;;;;;;;;;;4
20230312;03;2023;7389312;1;1;01;63;1;166.40476381;63;2;1;4;1;3;1;1;1;3;1;1;5;2;1;1;1;1;1;3;4;;;;700000;;;1;;;;;;;;;;4
20230312;03;2023;7389313;1;1;01;63;1;129.74459487;63;2;1;2;1;1;1;1;1;3;1;1;3;2;1;1;1;1;1;3;3;;;;;200000;;1;;;;;;;;;;2
20230312;03;2023;7389314;1;1;01;63;1;110.93331237;63;1;1;4;1;2;1;1;1;3;1;1;4;1;1;1;1;1;1;3;1;;;98;500000;;;;;;;;;;1;;;1
20230312;03;2023;7389315;1;1;01;63;1;110.93331237;63;1;1;4;1;2;1;1;1;3;1;1;4;1;1;1;1;1;1;3;1;;;98;400000;;;;;;;;;;1;;;1
20230312;03;2023;7389317;1;1;01;63;1;187.1485336;63;1;1;4;1;2;1;1;1;3;1;1;4;2;1;1;1;1;1;3;4;;;;450000;;;;;;;;;;1;;;3
20230312;03;2023;7389318;1;1;01;63;1;139.30941951;63;2;1;4;1;3;1;1;1;3;1;1;4;1;1;1;1;1;1;3;1;;;99;600000;;;1;;;;;;;;;;1
20230312;03;2023;7389319;1;1;01;63;1;201.89533235;63;1;1;4;1;3;1;1;1;3;1;1;4;3;1;1;1;1;1;3;3;;;;;790000;;1;;;;;;;;;;6
20230312;03;2023;7389320;1;1;01;63;1;134.21580579;63;1;1;4;1;3;1;1;1;3;1;1;4;3;1;1;1;1;1;3;3;;;;;630000;;1;;;;;;;;;;5
20230312;03;2023;7389321;1;1;01;63;1;127.46055526;63;2;1;4;1;3;1;1;1;3;1;1;4;3;1;1;1;1;1;3;3;;;;;500000;;1;;;;;;;;;;4
20230312;03;2023;7389322;1;1;01;63;1;201.85419354;63;2;1;4;1;3;1;1;1;3;1;1;5;4;1;1;1;1;1;3;3;;;;;600000;;1;;;;;;;;;;6
20230312;03;2023;7389323;1;1;01;63;1;176.01420705;63;1;1;4;1;3;1;1;1;3;1;1;4;2;1;1;1;1;1;3;1;;;200000000;700000;;;1;;;;;;;;;;3
20230312;03;2023;7389324;1;1;01;63;1;93.533336917;63;1;1;4;1;3;1;1;1;3;1;1;3;1;1;1;1;1;1;3;4;;;;600000;;;1;;;;;;;;;;2
20230312;03;2023;7389325;1;1;01;63;1;128.38549014;63;1;1;4;1;3;1;1;1;3;1;1;4;3;1;1;1;1;1;3;2;;800000;98;600000;;;1;;1;1;;;;;;;4
20230312;03;2023;7389328;1;1;01;63;1;149.95823998;63;1;1;4;1;1;1;1;1;3;1;1;3;2;1;1;1;1;1;3;4;;;;450000;;;1;;;;;;;;;;2
20230312;03;2023;7389329;1;1;01;63;1;93.533336917;63;1;1;4;1;3;1;1;1;3;1;1;4;1;1;1;1;1;1;3;1;;;98;500000;;;1;;;;;;;;;;2
20230312;03;2023;7389330;1;1;01;63;1;131.36505182;63;1;1;4;1;3;1;1;1;3;1;1;4;3;1;1;1;1;1;3;3;;;;;600000;;1;;;;;;;;;;3
20230312;03;2023;7389331;1;1;01;63;1;157.76941884;63;2;1;4;1;1;1;1;1;3;1;1;3;2;1;1;1;1;1;3;1;;;300000000;1500000;;;1;;;;;;;;;;3
20230312;03;2023;7389332;1;1;01;63;1;84.479984033;63;2;1;4;1;1;2;1;1;3;1;1;2;1;1;1;1;1;1;4;3;;;;;100000;;;;;;;;;1;;;1
20230312;03;2023;7389333;1;1;01;63;1;84.479984033;63;2;1;4;1;1;2;1;1;3;1;1;3;1;1;1;1;1;1;4;3;;;;;350000;;1;;;;;;;;;;1
20230312;03;2023;7389335;1;1;01;63;1;84.479984033;63;2;1;4;1;1;1;1;1;3;1;1;3;1;1;1;1;1;1;3;3;;;;;360000;;1;;;;;;;;;;1
20230312;03;2023;7389337;1;1;01;63;1;130.19609286;63;2;1;4;1;4;1;1;1;3;1;1;3;1;1;1;1;1;1;3;3;;;;;750000;;1;;;;;;;;;;1
20230312;03;2023;7389338;1;1;01;63;1;172.300503;63;2;1;4;1;3;1;1;1;3;1;1;3;1;1;1;1;1;1;3;3;;;;;1050000;;1;;;;;;;;;;2
20230312;03;2023;7389340;1;1;01;63;1;128.57401922;63;2;1;4;1;4;1;1;1;3;1;1;3;1;1;1;1;1;1;3;3;;;;;1000000;;1;;;;;;;;;;2
20230312;03;2023;7389341;1;1;01;63;1;194.41413624;63;1;1;2;1;1;1;1;1;3;1;1;5;4;1;1;1;1;1;3;5;;;;98;;;1;;;;;;;;;;4
20230312;03;2023;7389342;1;1;01;63;1;173.26812454;63;1;1;2;1;1;1;1;1;3;1;1;5;2;1;1;1;1;1;3;5;;;;98;;;1;;;;;;;;;;5
20230312;03;2023;7389343;1;1;01;63;1;84.479984033;63;1;1;2;1;1;1;1;1;3;1;1;3;1;1;1;1;1;1;4;5;;;;98;;;;;;;;;;1;;;1
20230312;03;2023;7389345;1;1;01;63;1;101.0794436;63;2;1;4;1;1;1;1;1;3;1;1;3;3;1;1;1;1;1;3;3;;;;;350000;;1;;;;;;;;;;3
20230312;03;2023;7389348;1;1;01;63;1;97.06664832;63;2;1;4;1;4;1;1;1;3;1;1;4;1;1;1;1;1;1;3;3;;;;;500000;;1;;;;;;;;;;1
20230312;03;2023;7389349;1;1;01;63;1;168.2449885;63;2;1;4;1;4;1;1;1;9;1;1;3;2;1;1;1;1;1;3;1;;;170000000;900000;;;1;;;;1;1;;;;;3
20230312;03;2023;7389350;1;1;01;63;1;128.57401922;63;2;1;4;1;4;1;1;1;3;1;1;3;1;1;1;1;1;1;3;3;;;;;750000;;1;;;;1;1;;;;;2
20230312;03;2023;7389351;1;1;01;63;1;86.469609069;63;2;1;4;1;4;1;1;1;9;1;1;3;1;1;1;1;1;1;3;3;;;;;800000;;1;;;;;;;;;;1
20230312;03;2023;7389352;1;1;01;63;1;103.2509896;63;1;1;4;1;2;1;1;1;3;1;1;4;2;1;1;1;1;1;3;1;;;150000000;500000;;;1;;;;;;1;;;DAVIPLATA;2
20230312;03;2023;7389353;1;1;01;63;1;89.26655061;63;1;1;4;1;2;1;1;1;3;1;1;3;2;1;1;1;1;1;3;1;;;98;500000;;;1;;;;;;;;;;2
20230312;03;2023;7389354;1;1;01;63;1;110.11336494;63;1;1;4;1;2;1;1;1;3;1;1;4;2;1;1;1;1;1;3;3;;;;;500000;;1;;;;;;;;;;2
20230312;03;2023;7389355;1;1;01;63;1;205.57628429;63;1;1;4;1;2;1;1;1;3;1;1;5;3;1;1;1;1;1;3;3;;;;;600000;;1;;;;;;;;;;5
20230312;03;2023;7389356;1;1;01;63;1;102.79540432;63;2;1;4;1;2;1;1;1;3;1;1;3;2;1;1;1;1;1;3;3;;;;;400000;;1;;;;;;;;;;3
20230312;03;2023;7389358;1;1;01;63;1;115.47463696;63;1;1;4;1;2;1;1;1;3;1;1;4;1;1;1;1;1;1;3;1;;;95000000;600000;;;1;;;;;;;;;;1
20230312;03;2023;7389359;1;1;01;63;1;119.37117134;63;2;1;4;1;2;1;1;1;3;1;1;3;2;1;1;1;1;1;3;3;;;;;450000;;1;;;;;;1;;;DAVIPLATA;4
20230312;03;2023;7389360;1;1;01;63;1;76.799985484;63;1;1;4;1;2;1;1;1;3;1;1;4;1;1;1;1;1;1;3;1;;;98;600000;;;1;;;;;;;;;;1
20230312;03;2023;7389361;1;1;01;63;1;137.91632531;63;2;1;4;1;2;1;1;1;3;1;1;3;1;1;1;1;1;1;3;1;;;99;450000;;;1;;;;;;;;;;1
20230312;03;2023;7389362;1;1;01;63;1;129.74459487;63;1;1;4;1;2;1;1;1;3;1;1;4;2;1;1;1;1;1;3;3;;;;;350000;;1;;;;;;;;;;2
20230312;03;2023;7389363;1;1;01;63;1;105.63614592;63;1;1;4;1;2;1;1;1;3;1;1;4;2;1;1;1;1;1;3;1;;;120000000;500000;;;1;;;;;;;;;;2
20230312;03;2023;7389364;1;1;01;63;1;105.63614592;63;2;1;4;1;2;1;1;1;3;1;1;4;2;1;1;1;1;1;3;3;;;;;400000;;1;;;;;;1;;;DAVIPLATA;2
20230312;03;2023;7389365;1;1;01;63;1;143.4079113;63;1;1;4;1;3;1;1;1;3;1;1;5;3;1;1;1;1;1;3;2;;1300000;200000000;600000;;;1;;;;;;1;;;AHORRO A LA MANO;5
20230312;03;2023;7389366;1;1;01;63;1;174.25406498;63;1;1;4;1;3;1;1;1;3;1;1;5;3;1;1;1;1;1;3;6;;;;500000;;;1;;;;;;;;;;3
20230312;03;2023;7389367;1;1;01;63;1;99.83998113;63;1;1;4;1;3;1;1;1;3;1;1;5;1;1;1;1;1;1;3;2;;490000;98;600000;;;1;;;;;;;;;;1
20230312;03;2023;7389368;1;1;01;63;1;126.94632759;63;1;1;4;1;3;1;1;1;3;1;1;3;2;1;1;1;1;1;3;1;;;98;600000;;;1;;;;;;;;;;2
20230312;03;2023;7389369;1;1;01;63;1;116.48821472;63;1;1;4;1;3;1;1;1;3;1;1;4;2;1;1;1;1;1;3;4;;;;500000;;;1;;;;;;;;;;4
20230312;03;2023;7389370;1;1;01;63;1;174.25406498;63;1;1;4;1;3;1;1;1;3;1;1;4;2;1;1;1;1;1;3;1;;;98;550000;;;1;;;;;;;;;;3
20230312;03;2023;7389372;1;1;01;63;1;247.53400767;63;1;1;4;1;3;1;1;1;3;1;1;4;1;1;1;1;1;1;3;2;;220000;99;1200000;;;1;;1;;1;1;;;;;2
20230312;03;2023;7389373;1;1;01;66;1;440.18519114;66;1;1;2;1;2;2;1;1;2;1;1;3;1;1;1;1;1;1;4;1;;;98;600000;;;1;;;;;;;;;;2
20230312;03;2023;7389374;1;1;01;66;1;249.13607425;66;2;1;4;1;3;1;1;1;3;1;1;4;2;1;1;1;1;1;3;1;;;200000000;1200000;;;1;;;;;;;;;;3
20230312;03;2023;7389375;1;1;01;66;1;197.43414191;66;2;1;4;1;3;2;1;1;3;1;1;2;1;1;1;1;1;3;4;3;;;;;400000;;;;;;;;;1;;;1
20230312;03;2023;7389376;1;1;01;66;1;131.86373634;66;1;1;4;1;3;1;1;1;2;1;1;1;1;1;1;1;1;1;3;3;;;;;500000;;;;;;;;;1;;;3
20230312;03;2023;7389377;1;1;01;66;1;260.9349313;66;2;1;4;1;3;1;1;1;3;1;1;2;2;1;1;1;1;1;3;3;;;;;350000;;1;;;;;;;;;;2
20230312;03;2023;7389378;1;1;01;66;1;243.27650017;66;2;1;4;1;3;1;1;1;3;1;1;2;1;1;1;1;1;1;3;3;;;;;380000;;1;;;;;;;;;;1
20230312;03;2023;7389379;1;1;01;66;1;374.35878163;66;2;1;4;1;3;1;1;1;3;1;1;4;3;1;1;1;1;1;3;3;;;;;670000;;1;;;;;;;;;;5
20230312;03;2023;7389380;1;1;01;66;1;133.47293289;66;1;1;4;1;1;1;1;1;3;1;1;3;3;1;1;1;1;1;3;1;;;60000000;400000;;;1;;;;;;;;;;4
20230312;03;2023;7389381;1;1;01;66;1;244.03802249;66;1;1;4;1;3;1;1;1;2;1;1;2;1;1;1;1;1;1;3;3;;;;;550000;;1;;;;;;;;;;2
20230312;03;2023;7389382;1;1;01;66;1;138.44219837;66;1;1;2;1;1;1;1;1;3;1;1;2;1;1;1;1;1;1;3;3;;;;;250000;;1;;;;;;;;;;4
20230312;03;2023;7389383;1;1;01;66;1;122.74630151;66;2;1;4;1;3;1;1;1;3;1;1;3;2;1;1;1;1;1;3;3;;;;;430000;;1;;;;;;;;;;4
20230312;03;2023;7389384;1;1;01;66;1;240.06536159;66;1;5;3;1;0;2;2;1;3;1;1;3;2;3;1;1;1;1;4;5;;;;300000;;;1;;;;;;;;;;2
20230312;03;2023;7389385;1;1;01;66;1;198.19566423;66;1;1;4;1;3;1;1;1;3;1;1;3;2;1;1;1;1;1;3;1;;;350000000;700000;;;1;;;;;1;;;;;2
20230312;03;2023;7389386;1;1;01;66;1;68.935906634;66;1;1;4;1;1;1;1;1;3;1;2;3;1;1;1;1;1;1;3;3;;;;;100000;;;;;;;;;1;;;1
20230312;03;2023;7389386;2;2;01;66;1;68.935906634;66;1;1;4;1;1;1;1;1;3;1;2;1;1;1;2;1;1;1;3;3;;;;;150000;;;;;;;;;1;;;2
20230312;03;2023;7389387;1;1;01;66;1;90.781063074;66;2;1;4;1;3;1;1;1;3;1;1;1;1;1;1;1;1;1;3;3;;;;;600000;;1;;;;;;;;;;1
20230312;03;2023;7389389;1;1;01;66;1;272.37433256;66;1;1;2;1;2;2;1;1;3;1;1;2;1;1;1;1;1;1;4;3;;;;;200000;;;;;;;;;1;;;1
20230312;03;2023;7389390;1;1;01;66;1;268.44182474;66;1;1;2;1;0;2;2;1;3;1;1;1;1;3;1;1;1;1;4;4;;;;300000;;;1;;;;;;;;;;2
20230312;03;2023;7389391;1;1;01;66;1;191.29765758;66;1;5;3;1;0;2;2;1;3;1;1;4;3;3;1;1;1;1;4;5;;;;300000;;;1;;;;;;;;;;4
20230312;03;2023;7389392;1;1;01;66;1;218.08037802;66;1;1;4;1;3;1;1;1;3;1;1;3;3;1;1;1;1;1;3;3;;;;;350000;;1;;;;;;;;;;3
20230312;03;2023;7389393;1;1;01;66;1;273.21200712;66;1;1;4;1;2;2;1;1;2;1;1;4;1;1;1;1;1;1;4;1;;;100000000;400000;;;1;;;;;;;;;;2
20230312;03;2023;7389394;1;1;01;66;1;272.37433256;66;1;1;2;1;2;2;1;1;3;1;1;5;1;1;1;1;1;1;4;4;;;;250000;;;1;;;;;;;;;;1
20230311;03;2023;7389395;1;1;01;66;1;170.21449326;66;2;1;2;1;1;2;2;1;2;1;1;2;1;3;1;1;1;1;4;3;;;;;450000;1;;;;;;;;;;;1
20230312;03;2023;7389396;1;1;01;66;1;221.05955061;66;2;1;4;1;4;1;1;1;3;1;1;4;2;1;1;1;1;1;3;1;;;98;700000;;;;;;;;;;1;;;2
20230312;03;2023;7389397;1;1;01;66;1;128.44999209;66;1;1;4;1;1;1;1;1;3;1;1;2;1;1;1;1;1;1;3;4;;;;200000;;;1;;;;;;;;;;1
20230312;03;2023;7389399;1;1;01;66;1;164.52845159;66;1;1;4;1;4;1;1;1;3;1;1;4;1;1;1;1;1;1;3;1;;;150000000;700000;;;;;;;;;;1;;;1
20230312;03;2023;7389400;1;1;01;66;1;272.37433256;66;1;1;4;1;2;2;2;1;3;1;1;3;1;2;1;1;1;1;4;1;;;80000000;500000;;;;;;;;;;1;;;1
20230312;03;2023;7389401;1;1;01;66;1;160.87226378;66;2;1;4;1;2;1;1;1;3;1;1;2;1;1;1;1;1;1;3;3;;;;;400000;;1;;;;;;;;;;1
20230312;03;2023;7389402;1;1;01;66;1;366.30486009;66;1;1;4;1;4;1;1;1;3;1;1;3;3;1;1;1;1;1;3;3;;;;;1200000;;1;;;;;;;;;;6
20230312;03;2023;7389405;1;1;01;66;1;262.61874612;66;1;1;4;1;4;1;1;1;3;1;1;3;1;1;1;1;1;1;3;3;;;;;500000;;;;;;;;;1;;;2
20230312;03;2023;7389406;1;1;01;66;1;240.84373516;66;2;1;4;1;4;1;1;1;3;1;1;1;1;1;1;1;1;1;3;3;;;;;850000;;1;;;;;;;;;;1
20230312;03;2023;7389407;1;1;01;66;1;440.18519114;66;2;1;4;1;2;1;1;1;2;1;1;3;3;1;1;1;1;1;3;1;;;99;500000;;;1;;;;;;;;;;2
20230312;03;2023;7389408;1;1;01;66;1;393.18253895;66;1;1;4;1;2;1;1;1;2;1;1;3;1;1;1;1;1;1;3;4;;;;400000;;;;;;;;;;1;;;2
20230312;03;2023;7389409;1;1;01;66;1;581.37916833;66;1;1;4;1;2;1;1;1;2;1;1;3;3;1;1;1;1;1;3;4;;;;600000;;;1;;;;;1;;;;;4
20230312;03;2023;7389410;1;1;01;66;1;205.09495236;66;2;1;4;1;2;1;1;1;2;1;1;3;2;1;1;1;1;1;3;3;;;;;400000;;1;;;;;;;;;;4
20230312;03;2023;7389411;1;1;01;66;1;298.57473706;66;1;1;4;1;2;1;1;1;2;1;1;3;2;1;1;1;1;1;3;1;;;98;98;;;1;;;;;;;;;;2
20230312;03;2023;7389412;1;1;01;66;1;440.18519114;66;2;1;4;1;2;1;1;1;2;1;1;4;1;1;1;1;1;3;3;3;;;;;600000;;1;;;;;;;;;;2
20230312;03;2023;7389413;1;1;01;66;1;331.06277753;66;2;1;4;1;2;1;1;1;2;1;1;3;1;1;1;1;1;1;3;1;;;99;400000;;;;;;;;;;1;;;1
20230312;03;2023;7389414;1;1;01;66;1;332.19079471;66;2;1;4;1;2;1;1;1;2;1;1;2;2;1;1;1;1;1;3;1;;;150000000;500000;;;1;;;;;;;;;;3
20230312;03;2023;7389415;1;1;01;66;1;207.20810154;66;2;1;4;1;2;1;1;1;2;1;1;4;3;1;1;1;1;1;3;3;;;;;400000;;1;;;;;;;;;;6
20230312;03;2023;7389416;1;1;01;66;1;162.692015;66;2;1;4;1;2;1;1;1;3;1;1;4;2;1;1;1;1;1;3;3;;;;;450000;;1;;;;;;;;;;2
20230312;03;2023;7389417;1;1;01;66;1;243.15160686;66;2;1;4;1;2;1;1;1;3;1;1;4;3;1;1;1;1;1;3;4;;;;600000;;;1;;;;;;;;;;3
20230312;03;2023;7389418;1;1;01;66;1;340.0477209;66;2;1;4;1;2;1;1;1;3;1;1;4;3;1;1;1;1;1;3;2;;340000;110000000;650000;;;1;;1;;;;;;;;4
20230312;03;2023;7389419;1;1;01;66;1;219.18150008;66;1;1;4;1;2;1;1;1;3;1;1;4;3;1;1;1;1;1;3;1;;;140000000;600000;;;1;;;;;;;;;;3
20230312;03;2023;7389420;1;1;01;66;1;176.84764049;66;2;1;4;1;2;1;1;1;3;1;1;6;1;1;1;1;1;1;3;1;;;300000000;900000;;;1;;;1;;1;;;;;2
20230312;03;2023;7389421;1;1;01;66;1;351.36233677;66;2;1;4;1;2;1;1;1;3;1;1;3;2;1;1;1;1;1;3;1;;;140000000;800000;;;1;;;;1;1;;;;;3
20230312;03;2023;7389422;1;1;01;66;1;318.92047159;66;2;1;4;1;2;1;1;1;3;1;1;4;2;1;1;1;1;1;3;2;;250000;110000000;500000;;;1;;1;;;;;;;;2
20230312;03;2023;7389423;1;1;01;66;1;167.32435903;66;2;1;4;1;2;1;1;1;3;1;1;4;3;1;1;1;1;1;3;3;;;;;800000;;;;;;;;;1;;;4
20230312;03;2023;7389424;1;1;01;66;1;124.99049944;66;1;1;4;1;2;1;1;1;3;1;1;3;2;1;1;1;1;1;3;3;;;;;450000;;1;;;;;;;;;;3
20230312;03;2023;7389425;1;1;01;66;1;203.79411336;66;2;1;4;1;2;1;1;1;2;1;1;3;2;1;1;1;1;1;3;3;;;;;440000;;1;;;;;;;;;;2
20230312;03;2023;7389427;1;1;01;66;1;131.75243542;66;2;1;4;1;2;1;1;1;3;1;1;4;2;1;1;1;1;1;3;3;;;;;600000;;;;;;;;;1;;;2
20230312;03;2023;7389428;1;1;01;66;1;143.39504869;66;1;1;4;1;2;1;1;1;3;1;1;3;2;1;1;1;1;1;3;1;;;150000000;550000;;;;;;;;;;1;;;2
20230312;03;2023;7389429;1;1;01;66;1;162.692015;66;2;1;4;1;2;1;1;1;3;1;1;4;2;1;1;1;1;1;3;3;;;;;700000;;1;;;;;;;;;;2
20230312;03;2023;7389432;1;1;01;66;1;268.85997773;66;2;1;4;1;2;1;1;1;2;1;1;3;1;1;1;1;1;1;3;3;;;;;440000;;1;;;;;;;;;;1
20230312;03;2023;7389433;1;1;01;66;1;159.16287644;66;2;1;4;1;4;1;1;1;3;1;1;4;1;1;1;1;1;3;3;1;;;300000000;1000000;;;1;;;;;1;;;;;2
20230312;03;2023;7389434;1;1;01;66;1;165.61308054;66;1;1;4;1;4;1;1;1;3;1;1;5;2;1;1;1;1;1;3;1;;;320000000;1200000;;;1;;;;;1;;;;;3
20230310;03;2023;7389435;1;1;01;66;1;194.53240454;66;2;1;4;1;5;1;1;1;3;1;1;5;1;1;1;1;1;1;3;3;;;;;1200000;;1;;;;;;;;;;2
20230312;03;2023;7389436;1;1;01;66;1;145.9659001;66;2;1;4;1;4;1;1;1;3;1;1;3;1;1;1;1;1;3;3;4;;;;800000;;;1;;;;;;;;;;1
20230312;03;2023;7389437;1;1;01;66;1;111.74331592;66;1;1;4;1;5;1;1;1;3;1;1;4;4;1;1;1;1;1;3;3;;;;;1300000;1;1;;;;;;;;;;1
20230312;03;2023;7389438;1;1;01;66;1;248.64935033;66;2;1;4;1;3;2;1;1;3;1;1;2;2;1;1;1;1;1;4;3;;;;;600000;;1;;;;;;;;;;5
20230312;03;2023;7389439;1;1;01;66;1;116.38049867;66;1;1;2;1;2;2;1;1;3;1;1;3;2;1;1;1;1;1;4;3;;;;;400000;;1;;;;;;;;;;4
20230312;03;2023;7389440;1;1;01;66;1;354.94760087;66;1;1;2;1;1;1;1;1;2;1;1;4;3;1;1;1;1;3;3;1;;;100000000;500000;;;;;;;;;;1;;;5
20230312;03;2023;7389442;1;1;01;66;1;114.93258637;66;2;1;4;1;2;1;1;1;3;1;1;3;2;1;1;1;1;1;3;1;;;160000000;500000;;;1;;;;;;;;;;2
20230312;03;2023;7389444;1;1;01;66;1;519.62203487;66;1;1;4;1;2;1;1;1;2;1;1;3;2;1;1;1;1;3;3;3;;;;;400000;;1;;;;;;;;;;2
20230312;03;2023;7389445;1;1;01;66;1;635.21173376;66;1;1;4;1;2;1;1;1;2;1;1;3;2;1;1;1;1;3;3;3;;;;;450000;;1;;;;;;;;;;3
20230312;03;2023;7389446;1;1;01;66;1;818.40546353;66;1;1;4;1;3;1;1;1;2;1;1;1;1;1;1;1;1;1;3;3;;;;;470000;;1;;;;1;;;;;;1
20230312;03;2023;7389447;1;1;01;66;1;167.26374653;66;2;1;4;1;2;1;1;1;3;1;1;4;3;1;1;1;1;3;3;3;;;;;400000;;1;;;;;;;;;;4
20230312;03;2023;7389448;1;1;01;66;1;352.72850451;66;1;1;4;1;2;1;1;1;2;1;1;4;3;1;1;1;1;3;3;1;;;120000000;600000;;;1;;;;;;;;;;3
20230312;03;2023;7389449;1;1;01;66;1;392.06783655;66;1;1;4;1;1;1;1;1;2;1;1;2;2;1;1;1;1;3;3;3;;;;;400000;;1;;;;;;;;;;2
20230312;03;2023;7389450;1;1;01;66;1;118.46048514;66;2;1;4;1;3;1;1;1;3;1;1;3;1;1;1;1;1;1;3;3;;;;;650000;;;;;;;;;1;;;1
20230312;03;2023;7389451;1;1;01;66;1;124.56368451;66;1;1;4;1;5;1;1;1;2;1;1;5;3;1;1;1;1;1;3;3;;;;;1250000;;1;;;;;;;;;;3
20230312;03;2023;7389452;1;1;01;66;1;127.42530004;66;1;1;4;1;5;1;1;1;3;1;1;5;2;1;1;1;1;1;3;1;;;400000000;2000000;;;1;;;;1;1;;;;;3
20230312;03;2023;7389453;1;1;01;66;1;575.47476338;66;1;1;2;1;1;1;1;1;2;1;1;2;2;1;1;1;1;3;3;1;;;100000000;450000;;;1;;;;;;;;;;5
20230312;03;2023;7389454;1;1;01;66;1;671.51169302;66;3;1;4;1;3;2;1;1;2;1;1;1;1;1;1;1;1;6;;3;;;;;360000;;;;;;;;;1;;;3
20230312;03;2023;7389455;1;1;01;66;1;147.39776345;66;1;1;4;1;5;1;1;1;3;1;1;5;3;1;1;1;1;1;3;2;;1900000;350000000;1500000;;;1;;;;;;;;;;7
20230312;03;2023;7389456;1;1;01;66;1;356.11996526;66;1;1;2;1;1;1;1;1;2;1;1;4;2;1;1;1;1;1;3;4;;;;350000;;;1;;;;;;;;;;4
20230312;03;2023;7389457;1;1;01;66;1;110.12997938;66;1;1;4;1;5;1;1;1;3;1;1;5;1;1;1;1;1;1;3;2;;2500000;340000000;1800000;;;1;;1;1;1;1;;;;;2
20230312;03;2023;7389458;1;1;01;66;1;159.16287644;66;3;1;2;1;1;2;1;1;3;1;1;3;1;1;2;1;1;1;4;3;;;;;420000;;1;;;;;;;;;;2
20230312;03;2023;7389459;1;1;01;66;1;145.9659001;66;3;1;2;1;1;2;1;1;3;1;1;1;1;1;2;1;1;6;;3;;;;;200000;;;;;;;;;1;;;1
20230312;03;2023;7389460;1;1;01;66;1;106.54506592;66;1;1;4;1;5;1;1;1;3;1;1;6;3;1;1;1;1;1;3;1;;;300000000;1200000;;1;1;;;;;;;;;;4
20230312;03;2023;7389461;1;1;01;66;1;395.38956775;66;1;1;4;1;1;1;1;1;2;1;1;2;2;1;1;1;1;3;3;1;;;130000000;400000;;;1;;;;;;;;;;2
20230312;03;2023;7389462;1;1;01;66;1;534.30843848;66;3;1;4;1;3;2;1;1;2;1;1;1;1;1;1;1;1;6;;3;;;;;395000;;1;;;;;;;;;;1
20230312;03;2023;7389463;1;1;01;66;1;145.9659001;66;3;1;2;1;1;2;1;1;3;1;1;1;1;1;2;1;1;6;;3;;;;;150000;;;;;;;;;1;;;1
20230312;03;2023;7389464;1;1;01;66;1;145.9659001;66;3;1;2;1;1;1;1;1;3;1;1;1;1;1;2;1;1;6;;3;;;;;130000;;;;;;;;;1;;;1
20230312;03;2023;7389465;1;1;01;66;1;148.56781776;66;3;1;2;1;1;2;1;1;3;1;1;1;1;1;2;1;1;6;;3;;;;;200000;;;;;;;;;1;;;1
20230312;03;2023;7389466;1;1;01;66;1;534.30843848;66;3;1;4;1;3;2;1;1;3;1;1;1;1;1;1;1;1;6;;3;;;;;367000;;1;;;;;;;;;;1
20230312;03;2023;7389467;1;1;01;66;1;354.09184174;66;1;1;4;1;1;1;1;1;2;1;1;3;2;1;1;1;1;1;3;1;;;99;380000;;;1;;;;;;;;;;4
20230312;03;2023;7389468;1;1;01;66;1;159.16287644;66;3;1;2;1;1;2;1;1;3;1;1;1;1;1;2;1;1;6;;3;;;;;200000;;;;;;;;;1;;;2
20230312;03;2023;7389469;1;1;01;66;1;118.09891241;66;1;1;4;1;5;1;1;1;3;1;1;5;2;1;1;1;1;1;3;3;;;;;1000000;;1;;;1;1;1;;;;;3
20230312;03;2023;7389470;1;1;01;66;1;163.14638193;66;1;1;4;1;5;1;1;1;3;1;1;4;3;1;2;1;1;1;3;4;;;;1500000;;1;1;;;;;;;;;;5
20230312;03;2023;7389471;1;1;01;66;1;129.73378588;66;1;1;4;1;5;1;1;1;3;1;1;4;3;1;1;1;1;1;3;1;;;340000000;1500000;;;1;;;;;;;;;;3
20230312;03;2023;7389472;1;1;01;66;1;138.44308452;66;1;1;4;1;5;1;1;1;3;1;1;4;2;1;1;1;1;1;3;2;;4500000;380000000;1700000;;;1;;1;;;1;;;;;2
20230312;03;2023;7389473;1;1;01;66;1;178.98277983;66;1;1;4;1;5;1;1;1;3;1;1;4;3;1;1;1;1;1;3;3;;;;;2200000;1;1;;;;;;;;;;4
20230312;03;2023;7389474;1;1;01;66;1;476.84307419;66;1;1;4;1;1;1;1;1;2;1;1;2;1;1;1;1;1;3;3;4;;;;400000;;;1;;;;;;;;;;2
20230312;03;2023;7389475;1;1;01;66;1;119.71224894;66;1;1;4;1;5;1;1;1;3;1;1;6;2;1;1;1;1;1;3;1;;;500000;150000;;1;1;;;;;;;;;;2
20230312;03;2023;7389476;1;1;01;66;1;818.40546353;66;3;1;4;1;3;2;1;1;3;1;1;1;1;1;1;1;1;6;;3;;;;;367000;;1;;;;;;;;;;1
20230312;03;2023;7389478;1;1;01;66;1;558.96136691;66;1;1;2;1;1;1;1;1;2;1;1;3;1;1;1;1;1;3;3;1;;;98;350000;;;;;;;;;;1;;;1
20230312;03;2023;7389480;1;1;01;66;1;318.92047159;66;2;1;4;1;2;1;1;1;3;1;1;4;1;1;1;1;1;1;3;4;;;;500000;;;1;;;;;;;;;;2
20230312;03;2023;7389481;1;1;01;66;1;392.6982244;66;2;1;4;1;2;1;1;1;2;1;1;3;2;1;1;1;1;1;3;3;;;;;380000;;1;;;;;;;;;;4
20230312;03;2023;7389482;1;1;01;66;1;350.70624311;66;1;1;2;1;2;2;1;1;3;1;1;4;3;1;1;1;1;1;4;1;;;70000000;600000;;;;;;;;;;1;;;5
20230312;03;2023;7389483;1;1;01;66;1;267.60415018;66;1;1;4;1;2;2;2;1;3;1;1;3;1;2;1;1;1;5;4;4;;;;200000;;;;;;;;;;1;;;1
20230312;03;2023;7389484;1;1;01;66;1;161.49276345;66;2;1;4;1;2;1;1;1;3;1;1;3;2;1;1;1;1;1;3;3;;;;;450000;;1;;;;1;1;;;;;2
20230312;03;2023;7389485;1;1;01;66;1;230.01816742;66;2;1;2;1;4;1;1;1;3;1;1;3;2;1;1;1;1;1;3;3;;;;;450000;;1;;;;;;;;;;3
20230311;03;2023;7389486;1;1;01;66;1;198.59095641;66;2;1;4;1;3;1;1;1;3;1;1;2;1;1;1;1;1;1;3;4;;;;500000;;;;;;;;;;1;;;1
20230312;03;2023;7389487;1;1;01;66;1;239.56522962;66;1;1;4;1;3;1;1;1;3;1;1;2;2;1;1;1;1;1;3;4;;;;800000;;;1;;;;;;;;;;3
20230312;03;2023;7389488;1;1;01;66;1;128.64975892;66;1;1;4;1;5;1;1;1;3;1;1;6;3;1;1;1;1;1;3;1;;;480000000;1800000;;;1;;;;;1;;;;;4
20230312;03;2023;7389490;1;1;01;66;1;311.87534132;66;1;1;4;1;3;1;1;1;3;1;1;5;2;1;1;1;1;1;3;3;;;;;630000;;1;;;;;;;;;;3
20230312;03;2023;7389491;1;1;01;66;1;202.37926453;66;2;1;4;1;2;1;1;1;3;1;1;3;1;1;1;1;1;1;1;3;;;;;450000;;1;;;;;;;;;;2
20230312;03;2023;7389492;1;1;01;66;1;104.24522693;66;1;1;4;1;1;1;1;1;3;1;1;2;1;1;1;1;1;1;3;3;;;;;150000;;;;;;;;;1;;;1
20230312;03;2023;7389493;1;1;01;66;1;160.87226378;66;2;1;4;1;2;1;1;1;3;1;1;3;1;1;1;1;1;1;3;3;;;;;450000;;1;;;;;;;;;;1
20230312;03;2023;7389494;1;1;01;66;1;154.74044842;66;2;1;4;1;3;1;1;1;3;1;1;2;1;1;1;1;1;3;3;3;;;;;430000;;1;;;;;;;;;;1
20230312;03;2023;7389496;1;1;01;66;1;250.98653855;66;2;1;4;1;3;1;1;1;3;1;1;4;3;1;1;1;1;3;3;3;;;;;550000;;1;;;;;;;;;;4
20230312;03;2023;7389497;1;1;01;66;1;198.22529643;66;2;1;4;1;2;1;1;1;3;1;1;3;1;1;1;1;1;1;3;3;;;;;350000;;1;;;;;;;;;;1
20230312;03;2023;7389498;1;1;01;66;1;147.10441216;66;2;1;4;1;2;1;1;1;3;1;1;4;1;1;1;1;1;1;3;3;;;;;500000;;1;;;;;;;;;;1
20230312;03;2023;7389499;1;1;01;66;1;160.41025473;66;2;1;4;1;2;1;1;1;3;1;1;4;1;1;1;1;1;1;3;3;;;;;600000;;1;;;;;;;;;;1
20230312;03;2023;7389500;1;1;01;66;1;257.42185417;66;1;1;4;1;4;1;1;1;3;1;1;4;3;1;1;1;1;1;3;1;;;270000000;600000;;;1;;;;;;;;;;4
20230312;03;2023;7389501;1;1;01;66;1;159.96492918;66;1;1;4;1;1;1;1;1;3;1;1;5;4;1;1;1;1;1;3;1;;;97000000;450000;;;1;;;;;;;;;;6
20230312;03;2023;7389502;1;1;01;66;1;103.16029895;66;2;1;4;1;2;1;1;1;3;1;1;2;1;1;1;1;1;1;3;3;;;;;300000;;1;;;;;;;;;;1
20230310;03;2023;7389503;1;1;01;66;1;178.40276679;66;2;1;4;1;5;1;1;1;3;1;1;3;1;1;1;1;1;1;3;4;;;;1000000;;;1;;;;;1;;;;;1
20230312;03;2023;7389504;1;1;01;66;1;203.36501874;66;2;1;4;1;3;1;1;1;3;1;1;3;1;1;1;1;1;1;3;3;;;;;680000;;1;;;;1;1;;;;;2
20230312;03;2023;7389506;1;1;01;66;1;153.19304394;66;2;1;4;1;5;1;1;1;3;1;1;2;1;1;1;1;1;3;3;3;;;;;800000;;1;;;;;;;;;;1
20230312;03;2023;7389507;1;1;01;66;1;115.49538341;66;3;1;4;1;3;1;1;1;3;1;1;1;1;1;1;1;1;1;3;3;;;;;300000;1;;;;;;;;;;;1
20230312;03;2023;7389516;1;1;01;;1;429.41109012;68;1;1;4;1;1;1;1;1;3;1;1;4;2;1;1;1;1;1;3;5;;;;400000;;;1;;;;;;;;;;2
20230312;03;2023;7389518;1;1;01;68;1;434.8428664;68;1;1;4;1;2;1;1;1;3;1;1;5;4;1;1;1;1;1;3;3;;;;;900000;;;;;;;;;1;;;9
20230312;03;2023;7389519;1;1;01;68;1;251.58535829;68;1;1;4;1;1;2;1;1;3;1;1;4;2;3;1;1;1;1;4;5;;;;350000;;;1;;;;;;;;;;3
20230312;03;2023;7389520;1;1;01;68;1;261.99667593;68;2;1;4;1;4;1;1;1;3;1;1;4;2;1;1;1;1;1;3;1;;;500000000;1200000;;;1;;;;;1;;;;;3
20230312;03;2023;7389521;1;1;01;68;1;409.50812117;68;2;1;4;1;4;1;1;1;3;1;1;4;2;1;1;1;1;1;3;2;;550000;98;800000;;;1;;1;;;;;;;;3
20230312;03;2023;7389522;1;1;01;68;1;468.73685466;68;2;1;4;1;4;1;1;1;3;1;1;4;3;1;1;1;1;1;3;3;;;;;1050000;;1;;;;;;;;;;5
20230312;03;2023;7389523;1;1;01;68;1;390.97180269;68;2;1;4;1;4;1;1;1;3;1;2;2;1;1;2;1;1;1;3;3;;;;;400000;;1;;;;;;;;;;1
20230312;03;2023;7389523;2;2;01;68;1;390.97180269;68;2;1;4;1;4;1;1;1;3;1;2;2;1;1;1;1;1;1;3;3;;;;;400000;;1;;;;;;;;;;1
20230312;03;2023;7389524;1;1;01;68;1;269.79868988;68;2;1;4;1;4;1;1;1;3;1;1;5;4;1;1;1;1;1;3;3;;;;;1100000;;1;;;;;;;;;;4
20230312;03;2023;7389526;1;1;01;68;1;398.31756462;68;2;1;4;1;3;1;1;1;6;1;2;3;1;1;2;1;1;3;3;6;;;;500000;;;1;;;;;;;;;;1
20230312;03;2023;7389526;2;2;01;68;1;398.31756462;68;2;1;4;1;3;1;1;1;6;1;2;1;1;1;1;1;1;3;3;3;;;;;400000;;1;;;;;;;;;;2
20230312;03;2023;7389527;1;1;01;68;1;279.53928699;68;2;1;4;1;3;1;1;1;6;1;1;4;2;1;1;1;1;1;3;3;;;;;800000;;1;;;;;1;;;;;3
20230312;03;2023;7389528;1;1;01;68;1;515.66039913;68;2;1;4;1;3;1;1;1;6;1;1;4;3;1;1;1;1;1;3;3;;;;;700000;;1;;;;;1;;;;;4
20230312;03;2023;7389529;1;1;01;68;1;319.76431213;68;2;1;4;1;3;1;1;1;6;1;1;4;3;1;1;1;1;1;3;3;;;;;900000;;1;;;;;1;;;;;7
20230312;03;2023;7389530;1;1;01;68;1;1668.2384133;68;2;1;4;1;3;1;1;1;3;1;1;4;2;1;1;1;1;1;3;1;;;140000000;500000;;;1;;;;;;;;;;3
20230312;03;2023;7389531;1;1;01;68;1;1275.6311569;68;1;1;4;1;3;1;1;1;3;1;1;5;4;1;1;1;1;1;3;3;;;;;600000;;1;;;;;;;;;;6
20230312;03;2023;7389532;1;1;01;68;1;1477.59578;68;1;1;4;1;3;1;1;1;3;1;1;3;2;1;1;1;1;1;3;3;;;;;620000;;1;;;;;;;;;;3
20230312;03;2023;7389533;1;1;01;68;1;445.42506766;68;2;1;4;1;3;1;1;1;3;1;1;3;1;1;1;1;1;1;3;3;;;;;750000;;1;;;;;;;;;;2
20230312;03;2023;7389534;1;1;01;68;1;492.49588296;68;2;1;4;1;4;1;1;1;3;1;1;4;3;1;1;1;1;1;3;3;;;;;1200000;;1;;;;;;;;;;4
20230312;03;2023;7389535;1;1;01;68;1;436.85138144;68;2;1;4;1;4;1;1;1;3;1;1;4;2;1;1;1;1;1;3;3;;;;;1000000;;1;;;;;;;;;;3
20230312;03;2023;7389536;1;1;01;68;1;251.58535829;68;1;1;4;1;3;1;1;1;3;1;1;4;3;1;1;1;1;1;3;3;;;;;1000000;;1;;;;;;;;;;3
20230312;03;2023;7389537;1;1;01;68;1;1361.7470266;68;1;1;4;1;3;1;1;1;3;1;1;3;2;1;1;1;1;1;3;1;;;120000000;600000;;;1;;;;;;;;;;3
20230312;03;2023;7389538;1;1;01;68;1;279.06414776;68;2;1;4;1;4;1;1;1;3;1;1;4;3;1;1;1;1;1;3;1;;;350000000;1100000;;;1;;;;;1;;;;;4
20230312;03;2023;7389539;1;1;01;68;1;311.04977213;68;2;1;4;1;4;1;1;1;3;1;1;2;1;1;1;1;1;1;3;3;;;;;1100000;;1;;;;;;;;;;1
20230312;03;2023;7389554;1;1;01;70;1;200.82622951;70;2;1;4;1;4;1;1;1;3;1;1;5;3;1;1;1;1;1;3;3;;;;;1100000;;1;;;;;;;;;;4
20230312;03;2023;7389558;1;1;01;70;1;316.57936817;70;2;1;4;1;4;1;1;1;3;1;1;4;2;1;1;1;1;1;3;3;;;;;1300000;;1;;;;;;;;;;4
20230312;03;2023;7389560;1;1;01;70;1;263.20877355;70;2;1;4;1;4;1;1;1;3;1;1;4;1;1;1;1;1;1;3;3;;;;;1300000;;1;;;;;;;;;;1
20230312;03;2023;7389561;1;1;01;70;1;154.44832078;70;1;1;1;1;1;1;1;1;3;1;1;4;3;1;1;1;1;1;3;1;;;45000000;250000;;;1;;;;;;;;;;8
20230312;03;2023;7389562;1;1;01;70;1;128.36718098;70;1;1;1;1;1;1;1;1;3;1;1;3;2;1;1;1;1;1;3;1;;;35000000;200000;;;;;;;;;;1;;;3
20230312;03;2023;7389563;1;1;01;70;1;137.02787907;70;1;8;1;1;1;1;1;1;3;1;1;3;2;1;1;1;1;4;3;4;;;;150000;;;;;;;;;;1;;;3
20230312;03;2023;7389564;1;1;01;70;1;136.60457414;70;1;1;2;1;1;1;1;1;3;1;1;3;3;1;1;1;1;1;3;6;;;;200000;;;;;;;;;;1;;;5
20230312;03;2023;7389565;1;1;01;70;1;141.28540261;70;1;4;1;1;1;1;1;1;3;1;1;3;2;1;1;1;1;4;3;1;;;20000000;100000;;;;;;;;;;1;;;5
20230312;03;2023;7389568;1;1;01;70;1;59.168521203;70;1;1;4;1;2;1;1;1;3;1;1;3;1;1;1;1;1;1;3;1;;;120000000;500000;;;;;;;;;;1;;;2
20230312;03;2023;7389569;1;1;01;70;1;66.891338393;70;2;1;4;1;2;1;1;1;3;1;1;4;3;1;1;1;1;1;3;3;;;;;600000;;1;;;;;;;;;;5
20230312;03;2023;7389570;1;1;01;70;1;50.742301036;70;1;1;4;1;2;1;1;1;3;1;1;3;2;1;1;1;1;1;3;1;;;95000000;450000;;;1;;;;;;;;;;5
20230312;03;2023;7389571;1;1;01;70;1;61.189807531;70;2;1;4;1;2;1;1;1;3;1;1;3;2;1;1;1;1;1;3;3;;;;;500000;;1;;;;;1;;;;;3
20230312;03;2023;7389572;1;1;01;70;1;67.914987963;70;2;1;4;1;2;1;1;1;3;1;1;3;2;1;1;1;1;1;3;1;;;130000000;500000;;;;;;;;;;1;;;4
20230312;03;2023;7389573;1;1;01;70;1;59.168521203;70;1;1;2;1;2;1;1;1;3;1;1;3;1;1;1;1;1;1;3;1;;;12000000;600000;;;1;;;;;;;;;;2
20230312;03;2023;7389574;1;1;01;70;1;77.064759003;70;2;1;4;1;2;1;1;1;3;1;1;3;2;1;1;1;1;1;3;6;;;;500000;;;1;;;;;;;;;;4
20230312;03;2023;7389575;1;1;01;70;1;64.080210285;70;2;1;4;1;2;1;1;1;3;1;1;3;2;1;1;1;1;1;3;3;;;;;500000;;1;;;;;;;;;;2
20230312;03;2023;7389576;1;1;01;70;1;80.908209852;70;1;1;4;1;2;1;1;1;3;1;1;3;2;1;1;1;1;1;3;1;;;120000000;600000;;;1;;;;;;;;;;2
20230312;03;2023;7389577;1;1;01;70;1;63.4384723;70;1;1;4;1;2;1;1;1;3;1;1;4;2;1;1;1;1;1;3;4;;;;500000;;;1;;;;;;;;;;3
20230312;03;2023;7389578;1;1;01;70;1;60.980271593;70;2;1;4;1;2;1;1;1;3;1;1;3;2;1;1;1;1;1;3;1;;;130000000;700000;;;1;;;;;;;;;;5
20230312;03;2023;7389579;1;1;01;70;1;74.174356249;70;1;1;4;1;2;1;1;1;3;1;1;4;3;1;1;1;1;1;3;1;;;100000000;500000;;;1;;;;;;;;;;5
20230312;03;2023;7389582;1;1;01;70;1;80.606784293;70;2;1;2;1;2;1;1;1;3;1;1;3;2;1;1;1;1;1;3;3;;;;;500000;;1;;;;1;1;;;;;5
20230312;03;2023;7389583;1;1;01;70;1;58.958985264;70;1;1;4;1;2;1;1;1;3;1;1;5;3;1;1;1;1;1;3;1;;;100000000;600000;;;1;;;;;;;;;;4
20230312;03;2023;7389584;1;1;01;70;1;63.45556676;70;2;1;4;1;2;1;1;1;3;1;1;2;1;1;1;1;1;1;3;3;;;;;350000;;1;;;;;;;;;;2
20230312;03;2023;7389586;1;1;01;70;1;252.90711592;70;2;1;4;1;4;1;1;1;3;1;1;4;1;1;1;1;1;1;3;3;;;;;1100000;;1;;;;;;;;;;1
20230312;03;2023;7389587;1;1;01;70;1;76.638258754;70;2;1;4;1;2;1;1;1;3;1;1;3;1;1;1;1;1;1;3;4;;;;450000;;;1;;;;;;;;;;1
20230312;03;2023;7389588;1;1;01;70;1;134.14199636;70;1;1;4;1;2;1;1;1;3;1;1;7;1;1;1;1;1;1;3;4;;;;800000;;;;;;;1;1;;;;;1
20230312;03;2023;7389589;1;1;01;70;1;232.5954524;70;2;1;4;1;4;1;1;1;3;1;1;5;1;1;1;1;1;1;3;4;;;;1250000;;;1;;;;;;;;;;1
20230312;03;2023;7389590;1;1;01;70;1;129.47702361;70;1;1;4;1;1;1;1;1;3;1;1;2;1;1;1;1;1;1;3;3;;;;;750000;;1;;;;;;;;;;5
20230312;03;2023;7389591;1;1;01;70;1;130.66686406;70;1;1;4;1;1;1;1;1;3;1;1;4;1;1;1;1;1;1;3;4;;;;600000;;;1;;;;;;;;;;4
20230312;03;2023;7389592;1;1;01;70;1;111.16796304;70;2;1;4;1;1;1;1;1;3;1;1;3;1;1;1;1;1;1;3;3;;;;;550000;;;;;;;;;1;;;1
20230312;03;2023;7389593;1;1;01;70;1;124.43556907;70;1;1;4;1;1;1;1;1;3;1;1;4;1;1;1;1;1;1;3;3;;;;;500000;;;;;;;;;1;;;3
20230312;03;2023;7389594;1;1;01;70;1;101.14277129;70;1;1;4;1;1;1;1;1;3;1;1;3;1;1;1;1;1;1;3;1;;;80000000;600000;;;;;;;;;;1;;;2
20230312;03;2023;7389595;1;1;01;70;1;94.572769836;70;1;1;4;1;1;1;1;1;3;1;1;3;2;1;1;1;1;1;3;4;;;;500000;;;1;;;;;;;;;;4
20230312;03;2023;7389596;1;1;01;70;1;118.64357566;70;2;1;4;1;1;1;1;1;3;1;1;3;2;1;1;1;1;1;3;5;;;;500000;;;;;;;;;;1;;;2
20230312;03;2023;7389597;1;1;01;70;1;93.30897758;70;2;1;2;1;1;1;1;1;3;1;1;4;2;1;1;1;1;1;3;4;;;;500000;;;;;;;;;;1;;;3
20230312;03;2023;7389598;1;1;01;70;1;105.92147515;70;1;1;4;1;1;1;1;1;3;1;1;4;2;1;1;1;1;1;3;1;;;80000000;500000;;;;;;;;;;1;;;4
20230312;03;2023;7389599;1;1;01;70;1;89.741492249;70;2;1;4;1;1;1;1;1;3;1;1;4;2;1;1;1;1;3;3;3;;;;;600000;;;;;;;;;1;;;2
20230312;03;2023;7389600;1;1;01;70;1;90.838292404;70;2;1;4;1;2;1;1;1;3;1;1;4;3;1;1;1;1;1;3;3;;;;;350000;;;;;;;;;1;;;4
20230312;03;2023;7389601;1;1;01;70;1;84.150785711;70;1;1;4;1;2;1;1;1;3;1;1;4;2;1;1;1;1;1;3;4;;;;700000;;;;;;;;;;1;;;2
20230312;03;2023;7389602;1;1;01;70;1;103.53039347;70;2;1;4;1;2;1;1;1;3;1;1;2;1;1;1;1;1;1;3;3;;;;;350000;;;;;;;;;1;;;3
20230312;03;2023;7389603;1;1;01;70;1;52.193351917;70;2;1;2;1;2;1;1;1;3;1;1;5;4;1;1;1;1;3;3;3;;;;;800000;;1;;;;;;;;;;6
20230312;03;2023;7389604;1;1;01;70;1;92.491745251;70;2;1;4;1;2;1;1;1;3;1;1;3;1;1;1;1;1;1;3;1;;;400000000;700000;;;;;;;;;;1;;;1
20230312;03;2023;7389606;1;1;01;70;1;103.53039347;70;2;1;4;1;2;1;1;1;3;1;1;3;2;1;1;1;1;1;3;3;;;;;300000;;;;;;;;;1;;;3
20230312;03;2023;7389607;1;1;01;70;1;101.6520643;70;1;1;4;1;2;1;1;1;3;1;1;3;2;1;1;1;1;1;3;3;;;;;430000;;;;;;;;;1;;;4
20230312;03;2023;7389610;1;1;01;70;1;97.31068377;70;1;1;4;1;2;1;1;1;3;1;1;2;1;1;1;1;1;1;3;3;;;;;400000;;1;;;;;;;;;;2
20230312;03;2023;7389611;1;1;01;70;1;232.5954524;70;2;1;4;1;4;1;1;1;3;1;1;5;1;1;1;1;1;1;3;4;;;;1250000;;;1;;;1;1;1;;;;;1
20230312;03;2023;7389612;1;1;01;70;1;70.413222082;70;1;1;4;1;2;1;1;1;3;1;1;4;3;1;1;1;1;1;3;1;;;95000000;700000;;;;;;;;;;1;;;5
20230312;03;2023;7389613;1;1;01;70;1;122.1779619;70;1;1;4;1;2;1;1;1;3;1;1;4;3;1;1;1;1;1;3;3;;;;;450000;;1;;;;;;;;;;4
20230312;03;2023;7389614;1;1;01;70;1;125.76608645;70;1;1;4;1;2;1;1;1;3;1;1;4;3;1;1;1;1;1;3;3;;;;;500000;;1;;;;;;;;;;3
20230312;03;2023;7389615;1;1;01;70;1;134.64055189;70;2;1;2;1;2;1;1;1;3;1;1;3;2;1;1;1;1;1;3;4;;;;400000;;;;;;;;;;1;;;6
20230312;03;2023;7389616;1;1;01;70;1;111.16796304;70;1;1;4;1;2;1;1;1;3;1;1;4;1;1;1;1;1;1;3;1;;;150000000;600000;;;;;;;;;;1;;;1
20230312;03;2023;7389617;1;1;01;70;1;139.34228864;70;1;1;4;1;3;1;1;1;3;1;1;4;1;1;1;1;1;1;3;3;;;;;700000;;1;;;;;;;;;;1
20230312;03;2023;7389618;1;1;01;70;1;161.62705757;70;1;1;4;1;3;1;1;1;3;1;1;4;1;1;1;1;1;1;3;3;;;;;760000;;;;;;1;;;;;;3
20230312;03;2023;7389619;1;1;01;70;1;116.69725921;70;1;1;4;1;3;1;1;1;3;1;1;4;2;1;1;1;1;1;3;4;;;;700000;;1;1;;;;;;;;;;2
20230312;03;2023;7389620;1;1;01;70;1;91.561931979;70;1;1;4;1;3;1;1;1;3;1;1;6;3;1;1;1;1;1;3;2;;1200000;280000000;1200000;;;1;;1;;;;;;;;4
20230312;03;2023;7389621;1;1;01;70;1;98.082767292;70;1;1;4;1;3;1;1;1;3;1;1;3;1;1;1;1;1;1;3;1;;;150000000;700000;;;1;;;;;;;;;;2
20230312;03;2023;7389622;1;1;01;70;1;108.7459258;70;1;1;4;1;3;1;1;1;3;1;1;4;1;1;1;1;1;1;3;3;;;;;700000;;1;;;;;;;;;;1
20230312;03;2023;7389623;1;1;01;70;1;122.00158969;70;1;1;4;1;3;1;1;1;3;1;1;3;2;1;1;1;1;1;4;3;;;;;500000;;;;;;;;;1;;;3
20230312;03;2023;7389624;1;1;01;70;1;118.24228796;70;1;1;4;1;3;1;1;1;3;1;1;3;1;1;1;1;1;1;3;3;;;;;500000;;1;;;;;;;;;;1
20230312;03;2023;7389626;1;1;01;70;1;198.6690775;70;2;1;4;1;2;1;1;1;3;1;1;3;2;1;1;1;1;1;3;3;;;;;400000;;;;;;;;;1;;;3
20230312;03;2023;7389627;1;1;01;70;1;213.94497522;70;1;1;4;1;2;1;1;1;3;1;1;4;1;1;1;1;1;1;3;3;;;;;500000;;;;;;1;;;;;;2
20230312;03;2023;7389628;1;1;01;70;1;255.46086251;70;2;1;4;1;2;1;1;1;3;1;1;1;1;1;1;1;1;6;;3;;;;;250000;;1;;;;;;;;;;1
20230312;03;2023;7389629;1;1;01;70;1;178.7756793;70;2;1;4;1;2;1;1;1;3;1;1;4;3;1;1;1;1;1;3;3;;;;;380000;;1;;;;;;;;;;4
20230312;03;2023;7389630;1;1;01;70;1;197.22840401;70;1;1;4;1;2;1;1;1;3;1;1;3;1;1;1;1;1;1;3;1;;;80000000;400000;;;;;;;;;;1;;;2
20230312;03;2023;7389631;1;1;01;70;1;300.2986605;70;1;1;4;1;2;1;1;1;3;1;1;4;3;1;1;1;1;1;3;3;;;;;600000;;1;;;;;;;;;;10
20230312;03;2023;7389632;1;1;01;70;1;108.64451472;70;1;1;4;1;2;1;1;1;3;1;1;4;3;1;1;1;1;1;3;1;;;150000000;700000;;;1;;;;;;;;;;5
20230312;03;2023;7389633;1;1;01;70;1;191.96943194;70;1;1;4;1;2;1;1;1;3;1;1;4;2;1;1;1;1;1;3;1;;;120000000;600000;;;1;;;;;;;;;;3
20230312;03;2023;7389634;1;1;01;70;1;268.88934925;70;1;1;4;1;2;1;1;1;3;1;1;3;2;1;1;1;1;1;3;3;;;;;400000;;;;;;;;;1;;;3
20230312;03;2023;7389635;1;1;01;70;1;228.17814555;70;2;1;4;1;2;1;1;1;3;1;1;4;2;1;1;1;1;1;3;3;;;;;450000;;1;;;;;;;;;;3
20230312;03;2023;7389636;1;1;01;70;1;92.081310092;70;1;1;4;1;3;1;1;1;3;1;1;4;3;1;1;1;1;1;3;4;;;;700000;;;1;;;;;;;;;;3
20230312;03;2023;7389637;1;1;01;70;1;139.34228864;70;1;1;4;1;3;1;1;1;3;1;1;3;1;1;1;1;1;6;;1;;;78000000;600000;;;1;;;;;;;;;;1
20230312;03;2023;7389638;1;1;01;70;1;120.72779672;70;1;1;4;1;3;1;1;1;3;1;1;3;1;1;1;1;1;6;;3;;;;;700000;;;;;;;;;1;;;1
20230312;03;2023;7389639;1;1;01;73;1;347.78921136;73;2;1;4;1;3;1;1;1;3;1;1;4;3;1;1;1;1;1;3;2;;1400000;220000000;900000;;;1;;;;;;;;;;4
20230312;03;2023;7389640;1;1;01;73;1;543.03447547;73;3;1;2;1;2;1;1;1;3;1;1;1;1;1;2;1;1;6;;4;;;;350000;;;;;;;;;;1;;;1
20230312;03;2023;7389641;1;1;01;73;1;505.62287188;73;2;1;4;1;2;1;1;1;3;1;1;3;2;1;1;1;1;1;3;4;;;;350000;;;1;;;;;;;;;;2
20230312;03;2023;7389642;1;1;01;73;1;320.86294801;73;2;1;4;1;3;1;1;1;3;1;1;5;1;1;1;1;1;1;3;6;;;;99;;;1;;;;;;;;;;1
20230312;03;2023;7389643;1;1;01;73;1;247.44059046;73;1;1;4;1;3;1;1;1;3;1;1;5;4;1;1;1;1;1;3;1;;;260000000;1300000;;;1;;;;;;;;;;4
20230312;03;2023;7389644;1;1;01;73;1;332.70876626;73;2;1;4;1;4;1;1;1;3;1;1;4;1;1;1;1;1;1;3;1;;;300000000;1300000;;;1;;;;;;;;;;1
20230312;03;2023;7389645;1;1;01;73;1;267.92522029;73;1;1;4;1;3;1;1;1;3;1;1;7;1;1;1;1;1;1;3;6;;;;99;;;1;;;;;;;;;;2
20230312;03;2023;7389647;1;1;01;73;1;339.49120629;73;2;1;4;1;3;1;1;1;3;1;1;4;3;1;1;1;1;1;3;3;;;;;1000000;;1;;;;;;;;;;4
20230312;03;2023;7389649;1;1;01;73;1;288.33215228;73;2;1;4;1;4;1;1;1;3;1;1;4;3;1;1;1;1;1;3;3;;;;;1200000;;;;;;;;;1;;;4
20230312;03;2023;7389650;1;1;01;73;1;505.62287188;73;1;1;4;1;2;1;1;1;3;1;1;4;3;1;1;1;1;1;3;4;;;;700000;;;;;;;;;;1;;;2
20230312;03;2023;7389651;1;1;01;73;1;447.22491113;73;2;1;4;1;2;1;1;1;3;1;1;3;2;1;1;1;1;1;3;3;;;;;350000;;1;;;;;;;;;;2
20230312;03;2023;7389652;1;1;01;73;1;505.62287188;73;2;1;4;1;2;1;1;1;3;1;1;3;1;1;1;1;1;1;3;4;;;;400000;;;;;;;;;;1;;;2
20230312;03;2023;7389653;1;1;01;73;1;512.18259437;73;2;1;4;1;2;1;1;1;3;1;1;3;3;1;1;1;1;1;3;6;;;;98;;;1;;;;;;;;;;3
20230312;03;2023;7389654;1;1;01;73;1;453.72038039;73;2;1;4;1;2;1;1;1;3;1;1;4;3;1;1;1;1;1;3;1;;;98;98;;;1;;;;;;;;;;5
20230312;03;2023;7389655;1;1;01;73;1;588.24873801;73;2;1;4;1;2;1;1;1;3;1;1;3;1;1;1;1;1;1;3;3;;;;;400000;;1;;;;;;;;;;1
20230312;03;2023;7389656;1;1;01;73;1;474.77099078;73;2;1;2;1;2;1;1;1;3;1;1;2;1;1;1;1;1;1;3;4;;;;450000;;;;;;;;;;1;;;4
20230312;03;2023;7389657;1;1;01;73;1;274.92824936;73;1;1;2;1;1;1;1;1;3;1;1;3;2;1;1;1;1;1;3;1;;;90000000;450000;;;;;;;;;;1;;;4
20230312;03;2023;7389658;1;1;01;73;1;201.70458213;73;1;1;4;1;1;1;1;1;3;1;1;3;2;1;1;1;1;1;3;3;;;;;600000;;1;;;;;;;;;;4
20230312;03;2023;7389659;1;1;01;73;1;247.20216145;73;1;1;4;1;1;1;1;1;3;1;1;3;2;1;1;1;1;1;3;1;;;99;99;;;1;;;;;;;;;;3
20230312;03;2023;7389660;1;1;01;73;1;318.18675797;73;1;1;2;1;1;1;1;1;3;1;1;3;2;1;1;1;1;1;3;1;;;100000000;500000;;;1;;;;;;;;;;5
20230312;03;2023;7389662;1;1;01;73;1;242.31825736;73;1;1;4;1;1;1;1;1;3;1;1;6;2;1;1;1;1;1;3;3;;;;;99;;1;;;;;;;;;;1
20230312;03;2023;7389664;1;1;01;73;1;222.86462482;73;2;1;4;1;1;1;1;1;3;1;1;3;2;1;1;1;1;1;3;3;;;;;550000;;1;;;;;;;;;;5
20230312;03;2023;7389665;1;1;01;73;1;194.09965854;73;1;1;4;1;1;1;1;1;3;1;1;4;3;1;1;1;1;1;3;3;;;;;450000;;;;;;;;;1;;;4
20230312;03;2023;7389666;1;1;01;73;1;220.06584605;73;2;1;4;1;1;1;1;1;3;1;1;3;2;1;1;1;1;1;3;3;;;;;450000;;;;;;;;;1;;;2
20230312;03;2023;7389667;1;1;01;73;1;379.82100343;73;2;1;4;1;2;1;1;1;3;1;1;4;2;1;1;1;1;1;3;2;;324000;120000000;600000;;;1;;;1;;;;;;;3
20230312;03;2023;7389668;1;1;01;73;1;323.09100981;73;2;1;4;1;1;1;1;1;3;1;1;4;1;1;1;1;1;1;3;1;;;120000000;600000;;;1;;;;;;;;;;1
20230312;03;2023;7389669;1;1;01;73;1;313.27322134;73;2;1;4;1;1;1;1;1;3;1;1;3;2;1;1;1;1;1;3;3;;;;;550000;;1;;;;;;;;;;3
20230312;03;2023;7389670;1;1;01;73;1;381.95972722;73;2;1;4;1;2;1;1;1;3;1;1;4;3;1;1;1;1;1;3;2;;270000;180000000;500000;;;1;;;;;;;;;;4
20230312;03;2023;7389671;1;1;01;73;1;374.49983724;73;2;1;4;1;1;1;1;1;3;1;1;5;2;1;1;1;1;1;3;3;;;;;550000;;1;;;;;;;;;;3
20230312;03;2023;7389673;1;1;01;73;1;362.02298364;73;2;1;4;1;1;1;1;1;3;1;1;6;2;1;1;1;1;1;3;6;;;;99;;;1;;;;;;;;;;1
20230312;03;2023;7389675;1;1;01;73;1;183.26081372;73;2;1;4;1;2;1;1;1;3;1;1;5;4;1;1;1;1;1;3;3;;;;;500000;;1;;;;;;;;;;7
20230312;03;2023;7389676;1;1;01;73;1;206.45367688;73;1;1;4;1;2;1;1;1;3;1;1;3;2;1;1;1;1;1;3;3;;;;;550000;;1;;;;;;;;;;4
20230312;03;2023;7389677;1;1;01;73;1;213.81153058;73;2;1;2;1;1;2;1;1;3;1;1;2;1;1;1;1;1;1;1;3;;;;;300000;;;;;;;;;1;;;3
20230312;03;2023;7389678;1;1;01;73;1;171.39345465;73;2;1;4;1;1;1;1;1;3;1;1;4;3;1;1;1;1;1;3;4;;;;450000;;;;;;;;;;1;;;6
20230312;03;2023;7389679;1;1;01;73;1;147.05936512;73;2;1;4;1;2;1;1;1;3;1;1;3;2;1;1;1;1;1;3;3;;;;;600000;;1;;;;;;;;;;6
20230312;03;2023;7389681;1;1;01;73;1;393.26223368;73;2;1;4;1;2;1;1;1;3;1;1;4;2;1;1;1;1;1;3;3;;;;;550000;;1;;;;;;;;;;2
20230312;03;2023;7389682;1;1;01;73;1;419.70334423;73;2;1;4;1;1;1;1;1;3;1;1;4;3;1;1;1;1;1;3;3;;;;;500000;;;;;;;;;1;;;3
20230312;03;2023;7389684;1;1;01;73;1;284.79383758;73;2;1;4;1;2;1;1;1;3;1;1;3;2;1;1;1;1;1;3;1;;;120000000;600000;;;1;;;;;1;;;;;3
20230312;03;2023;7389685;1;1;01;73;1;328.98586129;73;2;1;4;1;2;1;1;1;3;1;1;3;2;1;1;1;1;1;3;3;;;;;500000;;1;;;;;;;;;;4
20230312;03;2023;7389687;1;1;01;73;1;288.43382063;73;2;1;4;1;2;1;1;1;3;1;1;3;2;1;1;1;1;1;3;3;;;;;500000;;1;;;;;;;;;;3
20230312;03;2023;7389688;1;1;01;73;1;275.67587494;73;2;1;4;1;2;1;1;1;3;1;1;3;2;1;1;1;1;1;3;3;;;;;550000;;1;;;;;;;;;;4
20230312;03;2023;7389689;1;1;01;73;1;309.32219557;73;2;1;4;1;3;1;1;1;3;1;1;3;2;1;1;1;1;1;3;3;;;;;500000;;1;;;;;;;;;;3
20230312;03;2023;7389690;1;1;01;73;1;363.08859509;73;1;1;4;1;1;1;1;1;3;1;1;4;3;1;1;1;1;1;3;1;;;120000000;400000;;;;;;;;;;1;;;5
20230312;03;2023;7389691;1;1;01;73;1;431.63126676;73;1;1;2;1;1;1;1;1;3;1;1;4;2;1;1;1;1;1;3;3;;;;;250000;;;;;;;;;1;;;2
20230312;03;2023;7389692;1;1;01;73;1;378.15386135;73;1;1;2;1;1;1;1;1;3;1;1;4;3;1;1;1;1;1;3;1;;;99;500000;;;1;;;;;;;;;;3
20230312;03;2023;7389693;1;1;01;73;1;365.93517011;73;2;1;4;1;1;1;1;1;3;1;1;4;3;1;1;1;1;1;3;1;;;99;500000;;;1;;;;;;;;;;3
20230312;03;2023;7389694;1;1;01;73;1;468.12479655;73;1;1;4;1;1;1;1;1;3;1;1;3;2;1;1;1;1;1;3;3;;;;;420000;;1;;;;;;;;;;3
20230312;03;2023;7389696;1;1;01;73;1;415.32743382;73;1;1;4;1;1;1;1;1;3;1;1;6;2;1;1;1;1;1;3;6;;;;99;;;1;;;;;;;;;;7
20230312;03;2023;7389697;1;1;01;73;1;452.52872955;73;2;1;4;1;1;1;1;1;3;1;1;6;2;1;1;1;1;1;3;5;;;;99;;;1;;;;;;;;;;1
20230312;03;2023;7389698;1;1;01;73;1;295.90936501;73;1;1;4;1;2;1;1;1;3;1;1;4;3;1;1;1;1;1;3;3;;;;;400000;;;;;;;;;1;;;3
20230312;03;2023;7389699;1;1;01;73;1;275.67587494;73;1;1;4;1;2;1;1;1;3;1;1;4;3;1;1;1;1;1;3;1;;;180000000;600000;;;1;;;;;;;;;;4
20230312;03;2023;7389700;1;1;01;73;1;356.51438667;73;2;1;4;1;2;1;1;1;3;1;1;2;1;1;1;1;1;1;3;3;;;;;300000;;1;;;;;;;;;;1
20230312;03;2023;7389701;1;1;01;73;1;313.8747072;73;2;1;4;1;2;1;1;1;3;1;1;4;3;1;1;1;1;1;3;3;;;;;750000;;1;;;;;;;;;;4
20230312;03;2023;7389702;1;1;01;73;1;286.73813194;73;1;1;2;1;2;1;1;1;3;1;1;3;2;1;1;1;1;1;3;1;;;99;99;;;1;;;;;;;;;;4
20230312;03;2023;7389703;1;1;01;73;1;302.46251478;73;2;1;4;1;2;1;1;1;3;1;1;3;1;1;1;1;1;1;3;1;;;99;99;;;1;;;;;;;;;;1
20230312;03;2023;7389705;1;1;01;73;1;301.22086235;73;1;1;4;1;2;1;1;1;3;1;1;3;2;1;1;1;1;1;3;6;;;;600000;;;1;;;;;;;;;;4
20230312;03;2023;7389707;1;1;01;73;1;434.42129902;73;2;1;4;1;2;1;1;1;3;1;1;3;1;1;1;1;1;1;3;3;;;;;380000;;1;;;;;1;;;;;2
20230312;03;2023;7389708;1;1;01;73;1;356.51438667;73;1;1;4;1;3;1;1;1;3;1;1;3;2;1;1;1;1;1;3;4;;;;550000;;;;;;;;;;1;;;1
20230312;03;2023;7389709;1;1;01;73;1;310.98157775;73;2;1;4;1;3;1;1;1;1;1;1;4;2;1;1;1;1;1;3;3;;;;;500000;;1;;;;;;;;;;5
20230312;03;2023;7389710;1;1;01;73;1;375.38347047;73;2;1;4;1;4;1;1;1;3;1;1;2;1;1;1;1;1;1;3;3;;;;;750000;;1;;;;;;;;;;1
20230312;03;2023;7389711;1;1;01;73;1;402.2477596;73;2;1;4;1;4;1;1;1;3;1;1;3;2;1;1;1;1;1;3;1;;;99;99;;;1;;;;;;;;;;1
20230312;03;2023;7389712;1;1;01;73;1;435.73980593;73;2;1;4;1;4;1;1;1;3;1;1;3;2;1;1;1;1;1;3;3;;;;;750000;;1;;;;;;;;;;1
20230312;03;2023;7389713;1;1;01;73;1;329.23885403;73;2;1;4;1;3;1;1;1;3;1;1;4;3;1;1;1;1;1;3;3;;;;;900000;;1;;;;;;;;;;5
20230312;03;2023;7389714;1;1;01;73;1;226.79428797;73;1;1;4;1;3;1;1;1;3;1;1;4;3;1;1;1;1;1;3;4;;;;800000;;;1;;;;;;;;;;7
20230312;03;2023;7389715;1;1;01;73;1;391.13006796;73;2;1;4;1;3;1;1;1;3;1;1;4;2;1;1;1;1;1;3;4;;;;99;;;1;;;;;1;;;;;2
20230312;03;2023;7389716;1;1;01;73;1;431.63126676;73;2;1;4;1;3;1;1;1;3;1;1;3;2;1;1;1;1;1;3;4;;;;99;;;1;;;;;;;;;;2
20230312;03;2023;7389717;1;1;01;73;1;449.68215453;73;1;1;4;1;3;1;1;1;3;1;1;3;2;1;1;1;1;1;3;4;;;;99;;;1;;;;;;;;;;3
20230312;03;2023;7389718;1;1;01;73;1;502.54375878;73;2;1;4;1;3;1;1;1;3;1;1;4;3;1;1;1;1;1;3;3;;;;;550000;;1;;;;;;;;;;4
20230312;03;2023;7389719;1;1;01;73;1;274.26816661;73;2;1;4;1;3;1;1;1;3;1;1;3;2;1;1;1;1;1;3;3;;;;;610000;;1;;;;;;;;;;4
20230312;03;2023;7389720;1;1;01;73;1;459.03094535;73;2;1;4;1;3;1;1;1;3;1;1;3;2;1;1;1;1;1;3;3;;;;;800000;;1;;;;;;;;;;2
20230312;03;2023;7389721;1;1;01;73;1;447.00874979;73;2;1;4;1;3;1;1;1;3;1;1;6;2;1;1;1;1;1;3;6;;;;500000;;1;1;;;;;;;;;;2
20230312;03;2023;7389722;1;1;01;73;1;412.16864202;73;2;1;4;1;3;1;1;1;3;1;1;8;4;1;1;1;1;1;3;3;;;;;700000;;1;;;;;;;;;;7
20230312;03;2023;7389723;1;1;01;73;1;304.99796723;73;1;1;4;1;3;1;1;1;3;1;1;12;4;1;1;1;1;1;3;3;;;;;99;;1;;;;;;;;;;5
20230312;03;2023;7389724;1;1;01;73;1;435.73980593;73;2;1;4;1;4;1;1;1;3;1;1;2;1;1;1;1;1;1;3;3;;;;;650000;;1;;;;;;;;;;1
20230312;03;2023;7389726;1;1;01;73;1;422.07093213;73;2;1;4;1;3;1;1;1;3;1;1;2;1;1;1;1;1;1;3;3;;;;;500000;;1;;;;;;;;;;1
20230312;03;2023;7389727;1;1;01;73;1;435.73980593;73;2;1;4;1;3;1;1;1;3;1;1;2;1;1;1;1;1;1;3;1;;;120000000;800000;;;1;;;;;1;;;;;1
20230312;03;2023;7389728;1;1;01;;1;1233.9348973;76;1;2;3;1;1;2;2;2;;2;1;5;4;5;1;5;2;1;4;5;;;;250000;;;;;;;;;;1;;;8
20230312;03;2023;7389731;1;1;01;;1;1892.0335092;76;1;5;3;1;1;2;2;1;3;2;1;3;2;5;1;2;2;1;4;1;;;98;200000;;;1;;;;;;;;;;3
20230312;03;2023;7389734;1;1;01;76;1;889.1315974;76;2;1;4;1;2;1;1;1;3;1;1;4;1;1;1;1;1;1;3;1;;;130000000;600000;;;1;;;;;;;;;;2
20230312;03;2023;7389736;1;1;01;76;1;739.75633005;76;2;1;4;1;4;1;1;1;3;1;1;4;3;1;1;1;1;1;3;3;;;;;700000;;1;;;;;;;;;;3
20230312;03;2023;7389737;1;1;01;76;1;723.66777149;76;2;1;4;1;3;1;1;1;3;1;1;4;1;1;1;1;1;1;3;4;;;;800000;;;1;;;;;;;;;;1
20230312;03;2023;7389738;1;1;01;76;1;1845.7928341;76;2;1;3;1;3;1;1;1;3;1;1;5;3;1;1;1;1;1;3;2;;99;200000000;800000;;;1;;1;;;1;;;;;4
20230312;03;2023;7389739;1;1;01;76;1;1617.9152876;76;1;1;4;1;2;1;1;1;3;1;1;5;3;1;1;1;1;1;3;1;;;98;700000;;;;;;;;;;1;;;4
20230312;03;2023;7389741;1;1;01;76;1;1191.1874415;76;2;1;4;1;4;1;1;1;3;1;1;4;1;1;1;1;1;1;3;3;;;;;1800000;;1;;;;;;;;;;4
20230312;03;2023;7389742;1;1;01;76;1;899.43957404;76;2;1;4;1;2;1;1;1;3;1;1;3;1;1;1;1;1;1;3;3;;;;;500000;;;;;;;;;1;;;1
20230312;03;2023;7389743;1;1;01;76;1;1213.6253428;76;2;1;4;1;2;1;1;1;3;1;1;3;2;1;1;1;1;1;3;3;;;;;550000;;1;;;;1;;;;;;4
20230312;03;2023;7389745;1;1;01;76;1;665.09234931;76;2;1;4;1;3;1;1;1;3;1;1;2;1;1;1;1;1;1;3;4;;;;400000;;;1;;;;;;;;;;1
20230312;03;2023;7389748;1;1;01;76;1;1073.1720266;76;2;1;4;1;3;1;1;1;3;1;1;4;3;1;1;1;1;1;3;1;;;120000000;600000;;;1;;;;;1;;;;;4
20230312;03;2023;7389749;1;1;01;76;1;913.33789499;76;2;1;4;1;3;1;1;1;3;1;1;4;3;1;1;1;1;1;3;4;;;;800000;;;1;;;;;;;;;;4
20230312;03;2023;7389750;1;1;01;76;1;988.3109083;76;2;1;4;1;3;1;1;1;3;1;1;4;3;1;1;1;1;1;3;4;;;;600000;;;1;;;;;;;;;;5
20230312;03;2023;7389751;1;1;01;76;1;2977.7425645;76;2;1;4;1;3;1;1;1;3;1;1;5;1;1;1;1;1;1;3;2;;2400000;190000000;900000;;;1;;1;;1;1;;;;;4
20230312;03;2023;7389752;1;1;01;76;1;747.9162785;76;2;1;4;1;4;1;1;1;3;1;2;3;2;1;1;1;1;1;3;3;;;;;600000;;1;;;;;1;;;;;2
20230312;03;2023;7389752;2;2;01;76;1;747.9162785;76;2;1;4;1;4;1;1;1;3;1;2;1;1;1;1;1;1;1;3;3;;;;;300000;;1;;;;;1;;;;;1
20230312;03;2023;7389755;1;1;01;76;1;653.0190947;76;1;1;4;1;3;1;1;1;3;1;1;2;2;1;1;1;1;1;3;1;;;90000000;650000;;;1;;;;;;;;;;3
20230312;03;2023;7389756;1;1;01;76;1;1017.3630374;76;2;1;4;1;3;1;1;1;3;1;1;4;2;1;1;1;1;1;3;3;;;;;550000;;1;;;;;;;;;;2
20230312;03;2023;7389757;1;1;01;76;1;654.70028135;76;3;1;4;1;3;2;1;1;3;1;1;1;1;1;1;1;1;6;;3;;;;;450000;;;;;;;;;1;;;1
20230312;03;2023;7389758;1;1;01;76;1;1439.3399963;76;2;1;4;1;3;1;1;1;3;1;1;4;3;1;1;1;1;1;3;1;;;120000000;700000;;;1;;;;;1;;;;;4
20230312;03;2023;7389762;1;1;01;76;1;589.58585725;76;2;1;4;1;3;1;1;1;3;1;1;4;1;1;1;1;1;1;3;1;;;150000000;700000;;;;;;;;1;;;;;1
20230312;03;2023;7389763;1;1;01;76;1;801.1553116;76;2;1;4;1;3;2;1;1;3;1;1;2;2;1;2;1;1;1;4;3;;;;;400000;;;;;;;;;1;;;4
20230312;03;2023;7389765;1;1;01;76;1;825.46538425;76;2;1;4;1;3;1;1;1;3;1;1;4;1;1;1;1;1;1;3;1;;;130000000;550000;;;;;;;;;;1;;;2
20230312;03;2023;7389766;1;1;01;76;1;825.46538425;76;2;1;4;1;3;1;1;1;3;1;1;4;1;1;1;1;1;1;3;1;;;150000000;600000;;;1;;;;;;;;;;2
20230312;03;2023;7389768;1;1;01;76;1;835.03525886;76;2;1;4;1;3;1;1;1;3;1;1;4;1;1;1;1;1;1;3;4;;;;500000;;1;;;;;;;;;;;1
20230312;03;2023;7389769;1;1;01;76;1;451.5976779;76;2;1;4;1;5;1;1;1;3;1;1;2;1;1;1;1;1;1;1;3;;;;;715000;;1;;;;;;;;;;1
20230312;03;2023;7389772;1;1;01;76;1;451.5976779;76;2;1;4;1;5;1;1;1;3;1;1;1;1;1;1;1;1;1;1;3;;;;;650000;;1;;;;;;;;;;1
20230312;03;2023;7389776;1;1;01;76;1;639.60147487;76;2;1;4;1;5;1;1;1;3;1;1;2;1;1;1;1;1;1;3;3;;;;;800000;;1;;;;;;;;;;1
20230312;03;2023;7389777;1;1;01;76;1;140.79744229;76;1;1;4;1;2;1;1;1;3;1;1;4;2;1;1;1;1;3;3;3;;;;;680000;;1;;;;;;;;;;3
20230312;03;2023;7389778;1;1;01;76;1;184.724541;76;2;1;4;1;2;1;1;1;3;1;1;3;2;1;1;1;1;1;3;1;;;150000000;900000;;;1;;;;;;;;;;4
20230312;03;2023;7389779;1;1;01;76;1;194.54101698;76;1;1;4;1;1;1;1;1;3;1;1;3;2;1;1;1;1;3;3;3;;;;;300000;;1;;;;;;;;;;5
20230312;03;2023;7389780;1;1;01;76;1;249.1504223;76;1;1;4;1;1;1;1;1;3;1;1;4;3;1;1;1;1;3;3;1;;;80000000;400000;;;1;;;;;;;;;;4
20230312;03;2023;7389781;1;1;01;76;1;161.81453114;76;1;1;2;1;1;1;1;1;3;1;1;3;2;1;1;1;1;3;3;3;;;;;400000;;1;;;;;;;;;;4
20230312;03;2023;7389782;1;1;01;76;1;353.06437499;76;1;1;2;1;1;1;1;1;3;1;2;2;1;1;2;1;1;1;3;4;;;;250000;;;;;;;;;;1;;;1
20230312;03;2023;7389782;2;2;01;76;1;353.06437499;76;1;1;2;1;1;1;1;1;3;1;2;2;2;1;2;1;1;1;4;4;;;;400000;;;1;;;;;;;;;;3
20230312;03;2023;7389783;1;1;01;76;1;1037.1558539;76;2;1;4;1;2;1;1;1;3;1;1;3;2;1;1;1;1;1;3;3;;;;;400000;;1;;1;;;;;;;;3
20230312;03;2023;7389784;1;1;01;76;1;151.45747822;76;1;1;4;1;2;1;1;1;3;1;1;3;2;1;1;1;1;1;3;3;;;;;800000;;;;;;;;;1;;;4
20230312;03;2023;7389785;1;1;01;76;1;1267.707391;76;2;1;4;1;2;1;1;1;3;1;1;5;2;1;1;1;1;1;3;3;;;;;500000;;1;;;;;;;;;;4
20230312;03;2023;7389786;1;1;01;76;1;975.96616687;76;2;1;2;1;2;1;1;1;3;1;1;5;3;1;1;1;1;1;3;3;;;;;400000;;;;;;;;1;;;BANCOLOMBIA A LA MANO;3
20230312;03;2023;7389787;1;1;01;76;1;1047.1999239;76;2;1;4;1;1;1;1;1;3;1;1;5;3;1;1;1;1;1;3;1;;;99;550000;;;1;;;;;;;;;;5
20230312;03;2023;7389788;1;1;01;76;1;147.44357584;76;1;1;4;1;2;1;1;1;3;1;1;6;3;1;1;1;1;1;3;1;;;120000000;550000;;;1;;;;;;;;;;5
20230312;03;2023;7389789;1;1;01;76;1;599.2578109;76;2;1;4;1;1;1;1;1;3;1;1;4;2;1;1;1;1;1;3;1;;;80000000;500000;;;1;;;;1;;;;;;4
20230312;03;2023;7389791;1;1;01;76;1;127.87442223;76;1;1;4;1;2;1;1;1;3;1;1;6;1;1;1;1;1;1;3;1;;;155000;500000;;;;;;;;;;1;;;1
20230312;03;2023;7389792;1;1;01;76;1;124.18540668;76;1;1;4;1;2;1;1;1;3;1;1;4;3;1;1;1;1;1;3;3;;;;;400000;;;;;;;;;1;;;3
20230312;03;2023;7389793;1;1;01;76;1;572.52033011;76;1;1;2;1;1;1;1;1;3;1;1;4;3;1;1;1;1;1;3;3;;;;;500000;;1;;;;;;;;;;3
20230312;03;2023;7389794;1;1;01;76;1;748.24366616;76;2;1;4;1;1;1;1;1;3;1;1;4;3;1;1;1;1;1;3;3;;;;;500000;;;;;;;;;1;;;4
20230312;03;2023;7389795;1;1;01;76;1;124.18540668;76;1;1;4;1;2;1;1;1;3;1;1;3;2;1;1;1;1;1;3;3;;;;;500000;;1;;;;;;;;;;3
20230312;03;2023;7389796;1;1;01;76;1;321.59285936;76;1;1;4;1;1;1;1;1;3;1;1;4;2;1;1;1;1;1;3;1;;;70000000;350000;;;1;;;;;;;;;;5
20230312;03;2023;7389797;1;1;01;76;1;1013.5320968;76;2;1;4;1;2;1;1;1;3;1;1;2;1;1;1;1;1;1;3;3;;;;;400000;;;;;;;;;1;;;2
20230312;03;2023;7389798;1;1;01;76;1;1153.4975533;76;2;1;4;1;2;1;1;1;3;1;1;3;2;1;1;1;1;1;3;3;;;;;380000;;1;;;;;;;;;;2
20230312;03;2023;7389799;1;1;01;76;1;1231.7435339;76;2;1;2;1;2;1;1;1;3;1;1;3;2;1;1;1;1;3;3;3;;;;;350000;;1;;;;;;;;;;3
20230312;03;2023;7389800;1;1;01;76;1;134.84544261;76;2;1;4;1;2;1;1;1;3;1;1;4;3;1;1;1;1;1;3;4;;;;500000;;1;;;;;;;;;;;4
20230312;03;2023;7389801;1;1;01;76;1;216.68514887;76;1;1;2;1;2;1;1;1;3;1;1;4;3;1;1;1;1;1;3;1;;;90000000;350000;;;1;;;;;;;;;;3
20230312;03;2023;7389802;1;1;01;76;1;190.31971259;76;1;1;4;1;1;1;1;1;3;1;1;3;2;1;1;1;1;1;3;1;;;100000000;350000;;;;;;;;;;1;;;4
20230312;03;2023;7389803;1;1;01;76;1;205.41277333;76;1;1;4;1;1;1;1;1;3;1;1;3;2;1;1;1;1;1;3;1;;;100000000;400000;;;1;;;;;;;;;;4
20230312;03;2023;7389804;1;1;01;76;1;195.07841138;76;1;1;4;1;1;1;1;1;3;1;1;4;3;1;1;1;1;3;3;1;;;60000000;350000;;;;;;;;;;1;;;3
20230312;03;2023;7389805;1;1;01;76;1;153.44930668;76;1;1;2;1;1;1;1;1;3;1;1;3;1;1;1;1;1;1;3;1;;;100000000;300000;;;;;;;;;;1;;;1
20230312;03;2023;7389806;1;1;01;76;1;863.96102748;76;2;1;4;1;4;1;1;1;3;1;1;5;2;1;1;1;1;1;3;4;;;;100000;;;1;;;;;;;;;;3
20230312;03;2023;7389807;1;1;01;76;1;141.2027689;76;2;1;2;1;1;1;1;1;3;1;1;2;1;1;1;1;1;3;3;3;;;;;250000;;;;;;;;;1;;;3
20230312;03;2023;7389808;1;1;01;76;1;279.96375465;76;1;1;4;1;1;1;1;1;3;1;1;2;2;1;1;1;1;3;3;3;;;;;250000;;1;;;;;;;;;;3
20230312;03;2023;7389809;1;1;01;76;1;796.96717633;76;1;1;4;1;2;1;1;1;3;1;1;3;2;1;1;1;1;1;3;1;;;98;500000;;;1;;;;1;;1;;;NEQUI;2
20230312;03;2023;7389810;1;1;01;76;1;760.94127197;76;1;1;4;1;2;1;1;1;3;1;1;5;2;1;1;1;1;1;3;1;;;98;98;;;1;;;;;;;;;;3
20230312;03;2023;7389811;1;1;01;76;1;177.29999409;76;2;1;2;1;1;1;1;1;3;1;1;2;1;1;1;1;1;1;3;3;;;;;400000;;1;;;;;;;;;;4
20230312;03;2023;7389812;1;1;01;76;1;712.58936137;76;2;1;4;1;4;1;1;1;3;1;1;4;2;1;1;1;1;1;3;3;;;;;850000;;1;;;;;;1;;;NEQUI;3
20230312;03;2023;7389814;1;1;01;76;1;702.52373128;76;2;1;4;1;4;1;1;1;3;1;1;3;1;1;1;1;1;1;3;3;;;;;700000;;1;;;;;;;;;;2
20230312;03;2023;7389815;1;1;01;76;1;133.73488672;76;2;1;2;1;1;1;1;1;3;1;1;2;1;1;1;1;1;1;3;3;;;;;350000;;;;;;;;;1;;;1
20230312;03;2023;7389816;1;1;01;76;1;209.65164358;76;1;1;2;1;1;1;1;1;3;1;1;3;2;1;1;1;1;3;3;1;;;98;400000;;;1;;;;;;;;;;6
20230312;03;2023;7389818;1;1;01;76;1;157.15032309;76;2;1;2;1;1;1;1;1;3;1;1;2;1;1;1;1;1;2;3;3;;;;;300000;;1;;;;;;;;;;3
20230312;03;2023;7389819;1;1;01;76;1;190.29367428;76;1;1;2;1;1;1;1;1;3;1;1;2;1;1;1;1;1;1;3;3;;;;;250000;;;;;;;;;1;;;4
20230312;03;2023;7389821;1;1;01;76;1;981.39070029;76;2;1;4;1;2;1;1;1;3;1;1;3;2;1;1;1;1;1;3;3;;;;;632000;;1;;;;;;;;;;3
20230312;03;2023;7389822;1;1;01;76;1;159.9160754;76;2;1;2;1;1;1;1;1;3;1;1;2;1;1;1;1;1;1;3;3;;;;;300000;;;;;;;;;1;;;2
20230312;03;2023;7389824;1;1;01;76;1;611.39201781;76;2;1;4;1;2;1;1;1;3;1;1;3;1;1;1;1;1;1;3;3;;;;;500000;;1;;;;;;1;;;NEQUI;2
20230312;03;2023;7389827;1;1;01;76;1;719.86995124;76;2;1;4;1;4;1;1;1;3;1;1;4;2;1;1;1;1;1;3;3;;;;;1000000;;1;;;;1;1;;;;;3
20230312;03;2023;7389828;1;1;01;76;1;653.84979683;76;2;1;4;1;2;1;1;1;3;1;1;2;1;1;1;1;1;3;3;3;;;;;600000;;1;;;;;;;;;;2
20230312;03;2023;7389829;1;1;01;76;1;691.54679797;76;2;1;4;1;2;1;1;1;3;1;1;3;1;1;1;1;1;1;3;3;;;;;600000;;1;;;;;;;;;;2
20230312;03;2023;7389830;1;1;01;76;1;661.03640987;76;2;1;4;1;2;1;1;1;3;1;1;2;1;1;1;1;1;1;3;3;;;;;600000;;1;;;;;;;;;;2
20230312;03;2023;7389831;1;1;01;76;1;501.10179084;76;2;1;4;1;2;1;1;1;3;1;1;3;1;1;1;1;1;1;3;3;;;;;700000;;1;;;;;;;;;;1
20230312;03;2023;7389832;1;1;01;76;1;654.70028135;76;2;1;4;1;2;1;1;1;3;1;1;2;1;1;1;1;1;3;3;3;;;;;649000;;1;;;;;;;;;;1
20230312;03;2023;7389833;1;1;01;76;1;1037.1558539;76;2;1;4;1;2;1;1;1;3;1;1;2;1;1;1;1;1;1;3;1;;;80000000;500000;;;1;;;;1;1;;;;;3
20230312;03;2023;7389834;1;1;01;76;1;691.54679797;76;2;1;4;1;2;1;1;1;3;1;1;3;2;1;1;1;1;1;3;4;;;;700000;;;1;;;;;;;;;;2
20230312;03;2023;7389835;1;1;01;76;1;570.12715617;76;2;1;4;1;2;1;1;1;3;1;1;4;2;1;1;1;1;1;3;3;;;;;600000;;;;;;;;;1;;;2
20230312;03;2023;7389836;1;1;01;76;1;716.62936269;76;2;1;2;1;2;1;1;1;3;1;1;4;2;1;1;1;1;1;3;3;;;;;400000;;1;;;;;;;;;;2
20230312;03;2023;7389837;1;1;01;76;1;812.9450384;76;2;1;4;1;4;1;1;1;3;1;1;5;2;1;1;1;1;1;3;1;;;98;1500000;;;1;;;;1;1;;;;;3
20230312;03;2023;7389838;1;1;01;76;1;945.48410341;76;2;1;4;1;2;1;1;1;3;1;1;3;2;1;1;1;1;1;3;3;;;;;770000;;1;;;;;;;;;;3
20230312;03;2023;7389841;1;1;01;76;1;670.61517623;76;2;1;4;1;2;1;1;1;3;1;1;3;2;1;1;1;1;3;3;3;;;;;500000;;;;;;;;;1;;;2
20230312;03;2023;7389845;1;1;01;76;1;959.58201807;76;2;1;4;1;4;2;1;1;3;1;1;4;2;1;1;1;1;1;4;3;;;;;900000;;1;;;;;;1;;;NEQUI;3
20230312;03;2023;7389846;1;1;01;76;1;1066.1699777;76;2;1;4;1;2;1;1;1;3;1;1;4;2;1;1;1;1;1;3;1;;;150000000;98;;;1;;;;;1;;;;;3
20230312;03;2023;7389848;1;1;01;76;1;1256.4979716;76;2;1;4;1;3;1;1;1;3;1;1;4;3;1;1;1;1;1;3;3;;;;;500000;;1;;;;;;;;;;3
20230312;03;2023;7389849;1;1;01;76;1;698.71362862;76;2;1;4;1;2;1;1;1;3;1;1;4;2;1;1;1;1;1;3;3;;;;;840000;;1;;;;;;;;;;2
20230312;03;2023;7389850;1;1;01;76;1;971.37441385;76;2;1;4;1;3;1;1;1;3;1;1;5;3;1;1;1;1;3;3;1;;;130000000;750000;;;1;;;;;;;;;;3
20230312;03;2023;7389852;1;1;01;76;1;1423.4838512;76;2;1;4;1;4;1;1;1;3;1;1;5;2;1;1;1;1;1;3;3;;;;;850000;;1;;;1;;;1;;;NEQUI;2
20230312;03;2023;7389853;1;1;01;76;1;899.43957404;76;2;1;4;1;2;1;1;1;3;1;1;3;1;1;1;1;1;3;3;1;;;60000000;400000;;;1;;;;;;;;;;1
20230312;03;2023;7389855;1;1;01;76;1;665.09234931;76;2;1;4;1;4;1;1;1;3;1;1;2;1;1;1;1;1;3;3;3;;;;;500000;;1;;;;;;;;;;1
20230312;03;2023;7389856;1;1;01;76;1;998.32319708;76;2;1;4;1;3;1;1;1;3;1;1;4;1;1;1;1;1;1;3;4;;;;600000;;;1;;;;;;;;;;2
20230312;03;2023;7389863;1;1;01;85;1;400.01449714;85;2;1;4;1;2;1;1;1;3;1;1;4;3;1;1;1;1;1;3;4;;;;500000;;;1;;;;;;;;;;6
20230312;03;2023;7389864;1;1;01;85;1;279.77851401;85;2;1;4;1;2;1;1;1;3;1;1;4;1;1;1;1;10;1;3;1;;;350000000;1200000;;;1;;;;;1;;;;;2
20230312;03;2023;7389865;1;1;01;85;1;301.66240458;85;2;1;4;1;2;1;1;1;3;1;1;3;2;1;1;1;1;1;3;3;;;;;600000;;;;;;;;;1;;;3
20230312;03;2023;7389866;1;1;01;85;1;327.74976495;85;1;1;2;1;2;1;1;1;3;1;1;4;3;1;1;1;1;1;3;3;;;;;350000;;1;;;;;;;;;;3
20230312;03;2023;7389867;1;1;01;85;1;302.21389191;85;1;1;4;1;2;1;1;1;3;1;1;3;2;1;1;1;1;1;3;1;;;100000000;250000;;;;;;;;;;1;;;2
20230312;03;2023;7389868;1;1;01;85;1;426.77286183;85;1;1;4;1;2;1;1;1;3;1;1;4;2;1;1;1;1;1;3;2;;500000;70000000;450000;;;1;;;;;;;;;;4
20230312;03;2023;7389869;1;1;01;85;1;335.98339069;85;1;1;4;1;2;1;1;1;3;1;1;3;2;1;1;1;7;1;3;2;;800000;90000000;700000;;;1;;1;;;;;;;;4
20230312;03;2023;7389870;1;1;01;85;1;327.74976495;85;1;1;4;1;2;1;1;1;3;1;1;3;2;1;1;1;1;3;3;3;;;;;300000;;;;;;;;;1;;;3
20230312;03;2023;7389871;1;1;01;85;1;327.74976495;85;1;1;2;1;2;1;1;1;3;1;1;3;2;1;1;1;1;1;3;1;;;90000000;300000;;;;;;;;;;1;;;3
20230312;03;2023;7389872;1;1;01;85;1;302.21389191;85;1;1;4;1;2;1;1;1;3;1;1;3;1;1;1;1;1;1;3;3;;;;;450000;;1;;;;;;;;;;2
20230312;03;2023;7389873;1;1;01;85;1;576.99112883;85;1;1;2;1;2;1;1;1;3;1;1;3;3;1;1;1;1;1;3;4;;;;500000;;;;;;;;;;1;;;5
20230312;03;2023;7389874;1;1;01;85;1;319.0986413;85;1;1;4;1;2;1;1;1;3;1;1;3;2;1;1;1;10;1;3;1;;;98;800000;;;1;;;;;;;;;;3
20230312;03;2023;7389875;1;1;01;85;1;429.44858171;85;1;1;4;1;2;1;1;1;3;1;1;4;2;1;1;1;1;1;3;4;;;;400000;;;1;;;;;1;;;;;3
20230312;03;2023;7389880;1;1;01;86;1;182.21837756;86;2;1;4;1;1;2;1;1;2;1;1;3;2;1;1;1;1;3;4;3;;;;;99;;1;;;;;;;;;;3
20230312;03;2023;7389881;1;1;01;86;1;160.46316871;86;2;1;4;1;1;2;1;1;2;1;1;3;1;1;1;1;1;3;4;3;;;;;99;;1;;;;;;;;;;2
20230312;03;2023;7389882;1;1;01;86;1;238.91075131;86;2;1;4;1;1;1;1;1;2;1;1;3;2;1;1;1;1;3;3;3;;;;;99;;1;;;;;;;;;;3
20230312;03;2023;7389883;1;1;01;86;1;182.21837756;86;2;1;4;1;1;1;1;1;2;1;1;5;2;1;1;1;1;1;3;3;;;;;98;;;;;;;;;1;;;3
20230312;03;2023;7389884;1;1;01;86;1;211.1603825;86;2;1;4;1;1;2;1;1;2;1;1;4;1;1;1;1;1;1;4;3;;;;;98;;;;;;;;;1;;;1
20230312;03;2023;7389885;1;1;01;86;1;160.46316871;86;2;1;4;1;1;1;1;1;2;1;1;6;1;1;1;1;1;1;3;1;;;98;98;;1;;;;;;;;;;;2
20230312;03;2023;7389886;1;1;01;86;1;179.18306348;86;2;1;4;1;1;1;1;1;2;1;1;2;1;1;1;1;1;3;4;3;;;;;99;;1;;;;;;;;;;3
20230312;03;2023;7389888;1;1;01;88;1;32.139123803;88;2;1;4;1;3;2;1;1;3;2;1;3;1;1;1;1;10;6;;1;;;98;1000000;;;1;;;;;;;;;;1
20230312;03;2023;7389889;1;1;01;88;1;32.412934585;88;2;1;4;1;3;2;1;1;3;1;1;2;1;1;1;1;10;3;4;3;;;;;500000;;1;;;;;;;;;;3
20230312;03;2023;7389890;1;1;01;88;1;33.103364291;88;2;1;2;1;1;2;1;1;3;2;1;2;1;1;1;1;10;3;4;3;;;;;700000;;1;;;;;;;;;;3
20230312;03;2023;7389891;1;1;01;88;1;22.270074273;88;2;1;3;1;2;2;1;1;3;1;1;2;1;1;1;1;10;3;4;3;;;;;500000;;1;;;;;;;;;;3
20230312;03;2023;7389892;1;1;01;88;1;44.159209524;88;1;1;4;1;3;2;1;1;3;1;1;2;1;1;1;1;10;1;4;4;;;;800000;;;;;;;;;;1;;;2
20230312;03;2023;7389893;1;1;01;88;1;43.427713033;88;2;1;4;1;2;2;2;1;3;1;1;3;2;2;1;1;10;3;4;3;;;;;450000;;1;;;;;;;;;;5
20230312;03;2023;7389894;1;1;01;88;1;52.965382866;88;1;1;4;1;3;2;1;1;3;1;1;4;2;1;1;1;10;1;4;1;;;99;99;;;1;;;;;1;;;;;3
20230312;03;2023;7389896;1;1;01;88;1;34.870240793;88;2;1;4;1;5;2;1;1;3;1;1;4;3;1;1;1;10;1;4;4;;;;98;;;1;;;;;;;;;;1
20230312;03;2023;7389898;1;1;01;88;1;40.925422456;88;2;1;4;1;3;2;2;1;3;2;1;3;2;2;1;1;10;1;4;3;;;;;300000;;1;;;;;;;;;;3
20230312;03;2023;7389899;1;1;01;88;1;20.179537496;88;1;1;4;1;2;2;2;1;3;1;1;3;1;2;1;1;10;1;4;4;;;;350000;;;1;;;;;;;;;;1
20230312;03;2023;7389901;1;1;01;88;1;20.458932976;88;2;1;4;1;2;2;2;1;3;1;1;2;1;2;1;1;10;1;4;3;;;;;500000;;1;;;;;;;;;;1
20230312;03;2023;7389902;1;1;01;88;1;47.962519979;88;2;1;4;1;2;2;2;1;3;2;1;2;1;2;1;1;10;1;4;3;;;;;500000;;1;;;;;;;;;;4
20230312;03;2023;7389903;1;1;01;88;1;32.292353748;88;1;1;4;1;2;2;2;1;3;1;1;3;2;2;1;1;10;1;4;4;;;;500000;;;1;;;;;;;;;;3
20230312;03;2023;7389904;1;1;01;88;1;34.870240793;88;2;1;4;1;3;2;1;1;3;1;1;2;1;2;1;1;10;2;4;4;;;;500000;;;;;;;;;;1;;;1
20230312;03;2023;7389905;1;1;01;88;1;25.834493584;88;1;1;4;1;2;2;2;1;3;1;1;3;2;2;1;1;10;1;4;3;;;;;350000;;1;;;;;;;;;;2
20230312;03;2023;7389906;1;1;01;88;1;30.651263233;88;1;1;4;1;2;2;2;1;3;1;1;4;3;2;1;1;10;1;4;1;;;99;99;;;1;;;;;;;;;;3
20230312;03;2023;7389907;1;1;01;88;1;32.012958268;88;3;1;4;1;2;2;2;1;3;1;1;1;1;2;1;1;10;2;4;3;;;;;550000;;1;;;;;;;;;;3
20230312;03;2023;7389908;1;1;01;88;1;50.28944717;88;2;1;4;1;3;2;1;1;3;2;1;2;1;1;1;1;10;3;4;3;;;;;700000;;1;;;;;;;;;;3
20230312;03;2023;7389909;1;1;01;88;1;56.416446012;88;2;1;4;1;2;2;2;1;3;2;1;3;2;2;1;1;10;1;4;4;;;;1500000;;;1;;;;;;;;;;5
20230312;03;2023;7389910;1;1;01;88;1;32.348648588;88;2;1;4;1;2;2;1;1;3;1;1;3;2;1;1;1;10;1;4;4;;;;900000;;;1;;;;;;;;;;5
20230312;03;2023;7389911;1;1;01;88;1;21.21182171;88;2;1;4;1;3;2;1;1;3;1;1;3;1;1;1;1;10;1;4;4;;;;500000;;;1;;;;;;;;;;1
20230312;03;2023;7389912;1;1;01;88;1;60.025482159;88;1;1;4;1;2;2;2;1;3;1;1;4;3;2;1;1;10;3;4;1;;;99;900000;;;1;;;;;;;;;;8
20230312;03;2023;7389913;1;1;01;88;1;40.491044133;88;1;5;4;1;2;2;2;1;3;2;1;3;2;2;1;1;10;1;4;1;;;99;900000;;;1;;;;;;;;;;3
20230312;03;2023;7389914;1;1;01;88;1;43.690455233;88;1;1;4;1;2;2;2;1;3;2;1;3;2;2;1;1;10;1;4;1;;;99;1000000;;;1;;;;;;;;;;3
20230312;03;2023;7389915;1;1;01;88;1;32.392835306;88;2;1;4;1;3;2;1;1;7;1;1;5;2;1;1;1;10;3;4;1;;;99;1200000;;;1;;;;;1;;;;;3
20230312;03;2023;7389916;1;1;01;88;1;48.58925296;88;2;1;4;1;3;2;1;1;3;2;1;4;3;1;1;1;10;3;4;1;;;98;1000000;;;1;;;;;;;;;;3
20230312;03;2023;7389917;1;1;01;88;1;40.144735931;88;1;1;4;1;3;2;1;1;3;2;1;3;1;1;1;1;10;3;4;1;;;99;1000000;;;1;;;;;;;;;;2
20230312;03;2023;7389918;1;1;01;88;1;44.159209524;88;1;1;4;1;4;2;1;1;3;1;1;3;1;1;1;1;10;1;4;1;;;99;1500000;;;1;;;;;;;;;;2
20230312;03;2023;7389919;1;1;01;88;1;26.416849086;88;1;5;2;1;2;2;2;1;3;2;1;2;1;2;1;1;10;4;4;3;;;;;450000;;;;;;;;;1;;;1
20230312;03;2023;7389920;1;1;01;88;1;38.474739137;88;1;1;4;1;4;2;1;1;3;1;1;3;2;1;1;1;10;1;4;1;;;99;1500000;;;1;;;;;;;;;;4
20230312;03;2023;7389921;1;1;01;88;1;33.453946609;88;2;1;4;1;2;2;2;1;3;2;1;3;1;2;1;1;10;1;4;3;;;;;900000;;;;;;;;;1;;;2
20230312;03;2023;7389922;1;1;01;88;1;25.555098104;88;6;1;4;1;2;2;2;1;3;1;1;2;1;2;1;1;10;3;4;3;;;;;400000;;1;;;;;;;;;;2
20230312;03;2023;7389923;1;1;01;88;1;26.495525715;88;2;1;4;1;4;2;1;1;3;1;1;3;1;1;1;1;10;1;4;4;;;;1500000;;;1;;;;;1;;;;;2
20230312;03;2023;7389924;1;1;01;88;1;30.048624881;88;1;1;4;1;2;2;1;1;3;1;1;3;2;1;1;1;10;1;4;1;;;99;800000;;;1;;;;;;;;;;5
20230312;03;2023;7389928;1;1;01;91;1;56.478483976;91;1;1;4;1;3;2;1;1;3;1;1;4;2;1;1;1;1;1;4;1;;;98;1000000;;;1;;;;;;;;;;3
20230312;03;2023;7389929;1;1;01;91;1;115.0842348;91;2;1;4;1;3;2;1;1;3;1;1;3;2;1;1;1;1;3;4;3;;;;;500000;;1;;;;;;;;;;3
20230312;03;2023;7389930;1;1;01;91;1;99.485910834;91;1;1;4;1;3;2;1;1;3;1;1;3;1;1;1;1;1;1;4;1;;;98;98;;;;;;;;;;1;;;2
20230312;03;2023;7389931;1;1;01;91;1;75.798789207;91;1;1;2;1;3;2;1;1;3;1;1;2;2;1;1;1;10;3;4;1;;;140000000;700000;;;1;;;;;;;;;;2
20230312;03;2023;7389932;1;1;01;91;1;64.759566388;91;2;1;4;1;3;2;1;1;3;1;1;3;2;1;1;1;1;3;4;3;;;;;700000;;1;;;;;;;;;;5
20230312;03;2023;7389933;1;1;01;91;1;56.478483976;91;2;1;4;1;3;2;1;1;3;1;1;4;3;1;1;1;1;1;4;3;;;;;650000;;1;;;;;;;;;;4
20230312;03;2023;7389934;1;1;01;91;1;117.45460614;91;2;1;2;1;3;2;1;1;3;1;1;2;2;1;1;1;10;3;4;4;;;;500000;;;;;;;;;;1;;;1
20230312;03;2023;7389935;1;1;01;91;1;75.798789207;91;2;1;2;1;3;2;1;1;3;1;1;2;2;1;1;1;10;3;4;3;;;;;500000;;;;;;;;;1;;;2
20230312;03;2023;7389937;1;1;01;91;1;134.6843976;91;1;1;2;1;3;2;1;1;3;1;1;2;2;1;1;1;10;3;4;3;;;;;500000;;1;;;;;;;;;;4
20230312;03;2023;7389938;1;1;01;91;1;92.183366173;91;1;1;4;1;3;2;1;1;3;1;1;3;1;1;1;1;1;1;4;4;;;;600000;;;;;;;;;;1;;;1
20230312;03;2023;7389940;1;1;01;91;1;75.798789207;91;2;1;4;1;3;2;1;1;3;1;1;3;2;1;1;1;1;1;4;3;;;;;600000;;;;;;;;;1;;;2
20230312;03;2023;7389941;1;1;01;91;1;161.17494788;91;2;1;4;1;3;2;1;1;3;1;1;3;1;1;1;1;1;3;4;3;;;;;500000;;1;;;;;;;;;;3
20230312;03;2023;7389944;1;1;01;94;1;59.269966216;94;2;1;4;1;2;2;1;1;2;1;1;5;4;1;1;1;3;1;4;3;;;;;900000;;;;;;;;;1;;;10
20230312;03;2023;7389945;1;1;01;94;1;36.942808586;94;1;5;4;1;1;2;1;1;2;1;1;1;1;2;1;4;3;5;5;5;;;;350000;;;;;;;;;;1;;;3
20230312;03;2023;7389947;1;1;01;94;1;41.484220338;94;1;5;4;2;;2;2;2;;2;1;1;1;2;1;4;3;5;4;5;;;;250000;;;;;;;;;;1;;;2
20230312;03;2023;7389948;1;1;01;95;1;76.051603011;95;1;2;2;1;9;2;2;1;2;2;1;1;1;2;2;1;3;2;4;3;;;;;200000;;;;;;;;;1;;;6
20230312;03;2023;7389949;1;1;01;95;1;107.9805986;95;1;1;2;1;2;1;1;1;2;1;1;3;2;1;1;1;1;3;3;4;;;;500000;;;;;;;;;;1;;;2
20230312;03;2023;7389950;1;1;01;95;1;125.21237227;95;1;1;2;1;2;1;1;1;2;2;1;5;4;1;1;1;3;3;3;5;;;;300000;;;;;;;;;;1;;;5
20230312;03;2023;7389951;1;1;01;95;1;83.867714767;95;1;1;4;1;2;1;1;1;2;1;1;4;3;1;1;1;1;1;3;3;;;;;400000;;;;;;;;;1;;;4
20230312;03;2023;7389952;1;1;01;95;1;46.843514402;95;4;1;4;1;1;1;1;1;2;1;1;2;1;1;1;1;1;1;3;3;;;;;350000;;1;;;;;;;;;;1
20230312;03;2023;7389953;1;1;01;95;1;87.287770187;95;1;1;2;1;1;1;1;1;2;1;1;5;4;1;1;1;1;3;3;1;;;90000000;400000;;;1;;;;;;;;;;5
20230312;03;2023;7389954;1;1;01;95;1;80.284018778;95;2;1;4;1;2;1;1;1;2;1;1;3;2;1;1;1;1;3;3;1;;;20000000;200000;;;1;;;;;;;;;;2
20230312;03;2023;7389955;1;1;01;95;1;112.44776133;95;2;5;2;1;9;2;2;1;2;2;1;3;2;2;1;1;3;3;4;5;;;;200000;;;;;;;;;;1;;;3
20230312;03;2023;7389956;1;1;01;95;1;102.17966026;95;1;1;2;1;9;2;2;1;2;2;1;3;1;2;1;1;3;1;4;5;;;;280000;;;1;;;;;;;;;;2
20230312;03;2023;7389957;1;1;01;95;1;75.799921072;95;1;1;2;1;1;2;2;1;2;2;1;3;2;2;1;1;3;3;4;3;;;;;350000;;1;;;;;;;;;;3
20230312;03;2023;7389959;1;1;01;95;1;83.867714767;95;1;1;4;1;2;1;1;1;2;1;1;3;2;1;1;1;1;1;3;1;;;8000000000;400000;;;1;;;;;;;;;;4
20230312;03;2023;7389961;1;1;01;97;1;13.397750484;97;1;1;2;1;1;2;1;1;2;1;1;3;2;1;1;1;5;1;1;1;;;40000000;250000;;;1;;;;;;;;;;5
20230312;03;2023;7389965;1;1;01;99;1;38.410379473;99;5;8;1;1;0;2;2;1;2;2;1;1;1;6;;4;2;5;5;5;;;;100000;;;;;;;;;;1;;;10
20230312;03;2023;7389966;1;1;01;99;1;38.410379473;99;5;8;1;1;0;2;2;1;2;2;1;2;2;6;;1;2;5;5;5;;;;150000;;;;;;;;;;1;;;13
20230312;03;2023;7389967;1;1;01;99;1;37.324054377;99;1;5;1;1;1;2;2;1;2;1;1;2;1;2;1;1;1;1;2;1;;;50000000;300000;;;1;;;;;;;;;;2
20230312;03;2023;7389968;1;1;01;99;1;34.289694223;99;1;1;4;1;1;2;2;1;2;1;1;3;2;2;1;1;1;1;4;3;;;;;500000;;1;;;;;;;;;;5
20230312;03;2023;7389969;1;1;01;99;1;62.783138247;99;1;1;4;1;2;2;2;1;2;1;1;4;1;2;1;1;1;1;4;3;;;;;500000;;1;;;;;;;;;;2
20230312;03;2023;7389970;1;1;01;99;1;24.742523473;99;1;1;4;1;1;2;2;1;2;1;1;4;3;2;1;1;10;1;4;2;;550000;100000000;500000;;;1;;1;;;;;;;;4
20230312;03;2023;7389971;1;1;01;99;1;53.235967498;99;1;1;2;1;1;2;2;1;2;1;1;3;1;2;1;1;1;1;4;1;;;80000000;500000;;;1;;;;;1;;;;;1
20230312;03;2023;7389972;1;1;01;99;1;31.527442332;99;2;1;4;1;1;2;2;1;2;1;1;3;2;2;1;1;1;1;4;3;;;;;500000;;1;;;;;;;;;;6
20230312;03;2023;7389973;1;1;01;99;1;55.850265551;99;1;1;4;1;1;2;2;1;2;1;1;4;2;2;1;1;3;1;4;4;;;;500000;;;;;;;;;;1;;;2
20230312;03;2023;7389976;1;1;01;99;1;30.959312006;99;2;1;1;1;1;2;2;1;2;1;1;1;1;2;1;1;3;1;4;5;;;;300000;;;1;;;;;;;;;;4
20230313;03;2023;7389980;1;1;01;;1;1960.6412598;08;1;1;2;1;2;1;2;1;3;1;1;3;1;2;1;1;1;3;3;3;;;;;98;;;;;;;;;1;;;1
20230313;03;2023;7389981;1;1;01;;1;1619.55262;08;1;1;2;1;2;2;2;1;3;1;1;2;1;2;1;1;1;1;4;4;;;;200000;;;;;;;;;;1;;;4
20230313;03;2023;7389982;1;1;01;;1;1040.4553693;08;1;1;4;1;2;1;1;1;3;1;1;3;1;1;1;1;1;1;3;1;;;80000000;350000;;;1;;;;;;;;;;1
20230313;03;2023;7389983;1;1;01;;1;1417.8667528;08;1;1;2;1;2;1;2;1;3;1;1;3;2;2;1;1;1;1;3;4;;;;250000;;;1;;;;;;;;;;2
20230313;03;2023;7389984;1;1;01;;1;576.85292071;08;1;1;2;1;2;1;1;1;3;1;1;6;3;1;1;1;1;1;3;1;;;80000000;500000;;;1;;;;;;;;;;4
20230313;03;2023;7389986;1;1;01;;1;811.18208;08;1;1;4;1;2;1;1;1;3;1;1;4;3;1;1;1;1;1;3;1;;;80000000;350000;;;1;;;;;;;;;;5
20230313;03;2023;7389989;1;1;01;;1;1008.8728442;08;1;1;2;1;2;1;1;1;3;1;1;4;2;1;1;1;1;1;3;4;;;;350000;;;1;;;;;;;;;;2
20230313;03;2023;7389990;1;1;01;;1;1413.276782;08;2;1;4;1;2;1;2;1;3;1;1;4;3;2;1;1;1;1;3;4;;;;300000;;;1;;;;;;;;;;5
20230313;03;2023;7389991;1;1;01;;1;1867.2773903;08;1;1;2;1;2;1;2;1;3;1;1;3;1;2;1;1;1;1;3;4;;;;250000;;;;;;;;;;1;;;1
20230313;03;2023;7389992;1;1;01;;1;1056.0047823;08;1;1;4;1;2;1;1;1;3;1;1;4;3;1;1;1;1;1;3;4;;;;300000;;;;;;;;;;1;;;3
20230313;03;2023;7389993;1;1;01;;1;770.00929309;08;1;1;4;1;2;1;1;1;3;1;1;4;3;1;1;1;1;1;3;4;;;;300000;;;1;;;;;;;;;;6
20230313;03;2023;7389994;1;1;01;;1;1398.7833853;08;1;1;4;1;2;1;1;1;3;1;1;3;2;1;1;1;1;1;3;1;;;65000000;350000;;;1;;;;;;;;;;5
20230313;03;2023;7389995;1;1;01;;1;755.51589633;08;1;1;4;1;2;1;1;1;3;1;1;3;2;1;1;1;1;1;3;1;;;30000000;300000;;;;;;;;;;1;;;6
20230313;03;2023;7389996;1;1;01;;1;588.6254293;08;1;1;2;1;2;1;1;1;3;1;1;5;4;1;1;1;1;1;3;1;;;60000000;300000;;;1;;;;;;;;;;9
20230313;03;2023;7389997;1;1;01;;1;1506.450347;08;1;1;4;1;2;1;1;1;3;1;1;3;2;1;1;1;1;1;3;1;;;25000000;300000;;;;;;;;;;1;;;4
20230313;03;2023;7389998;1;1;01;;1;1162.1664025;08;1;1;2;1;2;1;1;1;3;1;1;4;3;1;1;1;1;1;3;1;;;6500000;300000;;;1;;;;;;;;;;5
20230313;03;2023;7389999;1;1;01;;1;1566.7885043;08;1;1;4;1;2;1;1;1;3;1;1;3;2;1;1;1;1;1;3;1;;;65000000;350000;;;1;;;;;;;;;;4
20230313;03;2023;7390000;1;1;01;;1;1260.3946986;08;1;1;4;1;2;2;2;1;3;1;1;2;1;2;1;1;1;6;;1;;;20000000;250000;;;1;;;;;;;;;;4
20230313;03;2023;7390001;1;1;01;;1;1555.8288534;08;1;1;4;1;2;1;1;1;3;1;1;1;1;1;1;1;1;1;3;4;;;;200000;;;1;;;;;;;;;;1
20230313;03;2023;7390002;1;1;01;;1;588.6254293;08;1;1;2;1;2;1;2;1;3;1;1;4;3;2;1;1;1;3;3;4;;;;500000;;;1;;;;;;;;;;6
20230313;03;2023;7390003;1;1;01;;1;1566.7885043;08;1;1;4;1;2;1;2;1;3;1;1;3;2;2;1;1;1;1;3;4;;;;300000;;;1;;;;;;;;;;4
20230313;03;2023;7390004;1;1;01;;2;673.47432193;08;1;1;2;1;0;2;2;2;;2;1;2;1;2;1;3;3;5;5;4;;;;150000;;;;;;;;;;1;;;2
20230313;03;2023;7390005;1;1;01;;2;548.72185975;08;1;1;2;2;;2;2;2;;2;1;2;1;2;1;4;4;5;5;4;;;;200000;;;;;;;;;;1;;;4
20230313;03;2023;7390006;1;1;01;;2;504.88623283;08;1;1;2;2;;2;2;2;;2;1;1;1;2;1;4;4;5;5;4;;;;50000;;;;;;;;;;1;;;1
20230313;03;2023;7390007;1;1;01;;2;812.48930326;08;1;1;2;2;;2;2;2;;2;1;2;1;6;;4;4;5;5;4;;;;60000;;;;;;;;;;1;;;3
20230313;03;2023;7390008;1;1;01;;2;673.47432193;08;1;1;2;1;0;2;2;2;;2;1;2;1;2;2;4;9;5;5;4;;;;150000;;;;;;;;;;1;;;2
20230313;03;2023;7390009;1;1;01;;2;675.12054555;08;1;1;1;1;0;2;2;2;;2;1;2;1;6;;3;10;5;5;4;;;;150000;;;;;;;;;;1;;;4
20230313;03;2023;7390010;1;1;01;;2;812.48930326;08;1;1;2;1;0;2;2;2;;2;1;2;1;2;2;4;9;5;5;4;;;;200000;;;;;;;;;;1;;;3
20230313;03;2023;7390011;1;1;01;;2;614.29968555;08;1;1;2;1;0;2;2;2;;2;1;3;2;2;1;4;8;1;5;4;;;;80000;;;;;;;;;;1;;;4
20230313;03;2023;7390012;1;1;01;;2;673.47432193;08;1;1;2;1;0;2;2;2;;2;1;2;1;2;2;4;9;5;5;4;;;;80000;;;;;;;;;;1;;;2
20230313;03;2023;7390013;1;1;01;;2;643.88700374;08;1;1;2;1;0;2;2;2;;2;1;3;2;2;1;3;10;5;5;4;;;;150000;;;;;;;;;;1;;;3
20230313;03;2023;7390014;1;1;01;;2;397.58017074;08;1;7;1;1;0;2;2;2;;2;1;2;1;6;;4;4;5;5;1;;;2000000;200000;;;;;;;;;;1;;;2
20230313;03;2023;7390015;1;1;01;;2;507.74661205;08;1;1;2;1;0;2;2;2;;2;1;3;2;2;1;4;3;5;4;4;;;;150000;;;;;;;;;;1;;;4
20230313;03;2023;7390016;1;1;01;;2;811.26093725;08;1;1;2;1;0;2;2;2;;2;1;2;1;2;1;4;4;5;5;4;;;;80000;;;;;;;;;;1;;;3
20230313;03;2023;7390017;1;1;01;;2;397.58017074;08;1;1;2;1;0;2;2;2;;2;1;2;1;2;1;4;9;5;5;4;;;;60000;;;;;;;;;;1;;;2
20230313;03;2023;7390018;1;1;01;;2;590.61046699;08;1;1;2;1;0;2;2;2;;2;1;2;1;2;1;4;3;5;5;4;;;;150000;;;;;;;;;;1;;;3
20230313;03;2023;7390019;1;1;01;;2;745.80424777;08;1;1;2;1;0;2;2;2;;2;1;3;1;2;1;4;3;1;4;4;;;;60000;;;;;;;;;;1;;;1
20230313;03;2023;7390020;1;1;01;;2;745.80424777;08;1;1;2;1;0;2;2;2;;2;1;2;1;6;;4;3;5;5;4;;;;100000;;;;;;;;;;1;;;1
20230313;03;2023;7390021;1;1;01;;2;504.88623283;08;1;1;2;1;0;2;2;2;;2;1;3;1;2;1;4;2;5;5;4;;;;200000;;;;;;;;;;1;;;1
20230313;03;2023;7390022;1;1;01;;2;504.88623283;08;1;1;2;1;0;2;2;2;;2;1;2;1;2;1;4;2;1;1;4;;;;200000;;;;;;;;;;1;;;1
20230313;03;2023;7390023;1;1;01;;2;745.80424777;08;1;1;2;1;0;2;2;2;;2;1;1;1;2;2;4;3;5;5;4;;;;80000;;;;;;;;;;1;;;1
20230313;03;2023;7390024;1;1;01;;2;745.80424777;08;1;1;2;1;0;2;2;2;;2;1;3;1;2;1;4;10;1;4;4;;;;50000;;;1;;;;;;;;;;1
20230313;03;2023;7390025;1;1;01;;2;397.58017074;08;1;1;2;1;0;2;2;2;;2;1;3;1;2;1;4;9;5;5;4;;;;200000;;;;;;;;;;1;;;2
20230313;03;2023;7390026;1;1;01;;2;478.15929386;08;1;1;2;1;0;2;2;2;;2;1;3;2;2;1;3;7;5;4;4;;;;150000;;;;;;;;;;1;;;5
20230313;03;2023;7390027;1;1;01;;2;698.80976411;08;1;1;2;1;0;2;2;2;;2;1;3;2;6;;3;7;5;5;4;;;;100000;;;;;;;;;;1;;;5
20230313;03;2023;7390028;1;1;01;;2;673.47432193;08;1;1;2;1;0;2;2;2;;2;1;2;1;2;1;4;10;5;4;4;;;;150000;;;1;;;;;;;;;;2
20230313;03;2023;7390029;1;1;01;;2;800.30915053;08;1;1;2;1;0;2;2;2;;2;1;2;1;2;1;4;10;5;4;4;;;;100000;;;1;;;;;;;;;;1
20230313;03;2023;7390030;1;1;01;;2;338.40553436;08;1;1;2;1;0;2;2;2;;2;1;3;2;2;1;4;7;5;5;5;;;;150000;;;;;;;;;;1;;;4
20230313;03;2023;7390031;1;1;01;;2;504.88623283;08;1;1;2;1;0;2;2;2;;2;1;2;1;6;;4;10;5;5;5;;;;150000;;;1;;;;;;;;;;1
20230313;03;2023;7390032;1;1;01;;2;685.65447466;08;1;1;2;1;0;2;2;2;;2;1;3;2;2;1;4;9;5;5;4;;;;200000;;;;;;;;;;1;;;4
20230313;03;2023;7390033;1;1;01;;2;745.80424777;08;1;1;2;1;0;2;2;2;;2;1;3;1;6;;4;7;5;5;4;;;;100000;;;;;;;;;;1;;;1
20230313;03;2023;7390034;1;1;01;;2;3117.9628947;13;1;1;2;1;1;2;2;2;;2;1;2;1;6;;4;5;5;5;4;;;;150000;;;;;;;;;;1;;;3
20230313;03;2023;7390035;1;1;01;;1;1781.4766626;13;1;4;2;1;1;1;2;1;1;1;1;3;2;2;1;1;1;1;3;1;;;15000000;100000;;;;;;;;;;1;;;1
20230313;03;2023;7390036;1;1;01;;1;883.7107714;44;1;1;2;1;1;2;1;1;2;2;1;3;2;1;1;1;10;3;4;1;;;98;200000;;;1;;;;;;;;;;6
20230313;03;2023;7390037;1;1;01;;1;899.33463468;44;4;1;4;1;1;2;1;1;3;1;1;1;1;1;1;1;10;2;4;3;;;;;100000;;;;;;;;;1;;;4
20230313;03;2023;7390038;1;1;01;;1;1163.1436564;44;4;1;2;1;1;2;2;1;3;2;1;1;1;2;1;1;8;2;4;3;;;;;100000;;;;;;;;;1;;;2
20230313;03;2023;7390039;1;1;01;;1;948.91715534;44;1;5;2;1;1;2;2;1;3;2;1;1;1;2;1;1;8;2;4;3;;;;;100000;;1;;;;;;;;;;2
20230313;03;2023;7390040;1;1;01;;1;602.88534951;44;1;1;2;1;1;2;1;1;3;2;1;3;2;1;1;1;10;4;4;1;;;98;250000;;;;;;;;;;1;;;3
20230313;03;2023;7390041;1;1;01;;1;1068.1247805;44;1;4;2;1;1;2;1;1;3;1;1;1;1;1;1;1;10;5;5;5;;;;150000;;;;;;;;;;1;;;12
20230313;03;2023;7390042;1;1;01;;1;757.27778869;44;1;1;4;1;1;2;1;1;3;1;1;3;2;1;1;1;10;1;4;1;;;150000000;300000;;;;;;;;;;1;;;4
20230313;03;2023;7390043;1;1;01;;1;766.111911;44;1;1;2;1;1;2;1;1;3;2;1;2;1;1;1;1;10;4;4;1;;;98;80000;;;1;;;;;;;;;;2
20230313;03;2023;7390044;1;1;01;;1;766.111911;44;2;5;2;1;1;2;1;1;3;1;1;1;1;1;2;1;10;2;4;6;;;;150000;;;1;;;;;;;;;;2
20230313;03;2023;7390045;1;1;01;;1;791.33264985;44;1;8;1;1;1;2;1;1;3;1;1;2;1;1;1;1;10;5;4;1;;;60000000;250000;;;1;;;;;;;;;;7
20230313;03;2023;7390046;1;1;01;;1;984.16369403;44;3;1;4;1;2;1;1;1;3;1;1;1;1;1;1;1;10;2;3;3;;;;;300000;;;;;;;;;1;;;2
20230313;03;2023;7390048;1;1;01;;1;527.55918595;44;1;1;4;1;2;1;1;1;3;1;1;4;2;1;1;1;10;1;3;1;;;95000000;300000;;;;;;;;;;1;;;2
20230313;03;2023;7390049;1;1;01;;1;901.01121241;44;1;1;1;1;2;1;1;1;3;1;1;3;1;1;1;1;10;1;3;1;;;130000000;350000;;;1;;;;;;;;;;4
20230313;03;2023;7390050;1;1;01;;1;407.52828404;44;1;1;4;1;2;1;1;1;3;1;1;4;3;1;1;1;10;1;3;1;;;50000000;500000;;;1;;;;;;;;;;3
20230313;03;2023;7390051;1;1;01;;1;757.27778869;44;2;1;4;1;2;1;1;1;3;1;1;2;2;1;1;1;10;1;3;3;;;;;500000;;;;;;;;;1;;;4
20230313;03;2023;7390052;1;1;01;;1;855.4179904;44;2;1;4;1;2;1;1;1;3;1;1;2;1;1;1;1;10;4;3;6;;;;200000;;;;;;;;;;1;;;3
20230313;03;2023;7390053;1;1;01;;1;486.84304268;44;1;1;4;1;2;1;1;1;3;1;1;4;2;1;1;1;10;3;3;1;;;98;700000;;;1;;;;;;;;;;3
20230313;03;2023;7390054;1;1;01;;1;511.26654919;44;1;1;4;1;2;1;1;1;3;1;1;6;5;1;1;1;10;1;3;1;;;180000000;400000;;;1;;;;;;;;;;5
20230313;03;2023;7390055;1;1;01;;1;343.84558453;44;2;1;4;1;2;1;1;1;3;1;1;3;2;1;1;1;10;1;3;3;;;;;370000;;1;;;;;;;;;;4
20230313;03;2023;7390056;1;1;01;;1;1013.5598142;44;1;1;4;1;3;1;1;1;3;1;1;3;2;1;1;1;10;1;3;1;;;99;600000;;;1;;;;;;;;;;2
20230313;03;2023;7390057;1;1;01;;1;1257.1329608;44;1;1;4;1;3;1;1;1;3;1;1;2;1;1;1;1;10;3;3;3;;;;;250000;;;;;;;;;1;;;4
20230313;03;2023;7390058;1;1;01;;1;1372.6183333;44;2;1;4;1;3;1;1;1;3;1;1;4;3;1;1;1;10;1;3;3;;;;;400000;;1;;;;;;;;;;5
20230313;03;2023;7390059;1;1;01;;1;1317.1847889;44;1;1;4;1;3;1;1;1;3;1;1;4;2;1;1;1;10;3;3;3;;;;;400000;;1;;;;;;;;;;4
20230313;03;2023;7390060;1;1;01;;1;1558.2431635;44;2;1;4;1;2;1;1;1;3;1;1;2;1;1;1;1;10;4;3;3;;;;;400000;;1;;;;;;;;;;1
20230313;03;2023;7390061;1;1;01;;1;999.2864988;44;2;1;4;1;3;1;1;1;3;1;1;3;1;1;1;1;10;3;3;3;;;;;350000;;1;;;;;;;;;;1
20230313;03;2023;7390062;1;1;01;;1;491.2079779;44;1;1;4;1;3;1;1;1;3;1;1;4;3;1;1;1;10;1;3;4;;;;800000;;;1;;;;;;;;;;3
20230313;03;2023;7390063;1;1;01;;2;838.06770027;44;4;1;2;1;1;2;2;2;;2;1;1;1;2;2;4;3;5;5;6;;;;100000;;;;;;;;;;1;;;2
20230313;03;2023;7390064;1;1;01;;2;1138.6336109;44;1;1;2;1;1;2;2;2;;2;1;2;1;2;2;4;3;5;5;6;;;;150000;;;;;;;;;;1;;;2
20230313;03;2023;7390065;1;1;01;;2;666.73048439;44;5;8;2;1;1;2;2;2;;2;1;1;1;2;1;4;3;5;5;6;;;;98;;;;;;;;;;1;;;4
20230313;03;2023;7390066;1;1;01;;2;1097.7841105;44;5;4;1;2;;2;2;2;;2;1;1;1;6;;4;3;5;5;6;;;;100000;;;;;;;;;;1;;;2
20230313;03;2023;7390067;1;1;01;;2;872.62559863;44;5;4;1;2;;2;2;2;;2;1;1;1;6;;4;3;5;5;6;;;;80000;;;;;;;;;;1;;;5
20230313;03;2023;7390068;1;1;01;;2;1556.7508452;44;5;4;1;2;;2;2;2;;2;1;1;1;6;;4;3;5;5;6;;;;90000;;;;;;;;;;1;;;3
20230313;03;2023;7390069;1;1;01;;2;1441.5372435;44;5;4;1;2;;2;2;2;;2;1;1;1;6;;4;3;5;5;6;;;;100000;;;;;;;;;;1;;;2
20230313;03;2023;7390070;1;1;01;;2;1311.3496657;44;5;4;1;2;;2;2;2;;2;1;1;1;6;;5;4;5;5;6;;;;90000;;;;;;;;;;1;;;2
20230313;03;2023;7390071;1;1;01;;2;1488.8066565;44;5;4;1;2;;2;2;2;;2;1;1;1;6;;4;3;5;5;6;;;;100000;;;;;;;;;;1;;;5
20230313;03;2023;7390072;1;1;01;;1;229.23038969;44;1;1;2;1;1;1;1;1;3;1;1;2;1;1;1;1;10;1;3;4;;;;200000;;;;;;;;;;1;;;3
20230313;03;2023;7390073;1;1;01;;1;727.18014296;44;1;5;2;1;1;2;1;1;3;1;1;1;1;1;1;1;10;2;5;3;;;;;100000;;;;;;;;;1;;;1
20230313;03;2023;7390074;1;1;01;;1;446.3311409;44;1;1;2;1;1;1;1;1;3;1;1;3;2;1;1;1;10;1;3;6;;;;300000;;;1;;;;;;;;;;4
20230313;03;2023;7390075;1;1;01;;1;535.24734047;44;1;5;1;1;1;2;1;1;3;1;1;1;1;1;1;1;10;2;4;6;;;;120000;;;1;;;;;;;;;;5
20230313;03;2023;7390076;1;1;01;;1;595.02992914;44;4;5;2;1;1;2;1;1;3;1;1;1;1;1;1;1;10;2;5;3;;;;;100000;;1;;;;;;;;;;4
20230313;03;2023;7390077;1;1;01;;1;512.85394133;44;2;1;4;1;1;2;2;2;;1;1;3;2;2;1;5;1;3;4;3;;;;;350000;;1;;;;;;;;;;5
20230313;03;2023;7390078;1;1;01;;1;838.91199573;44;1;1;2;1;1;2;2;2;;1;1;2;1;2;1;5;1;4;4;5;;;;150000;;;;;;;;;;1;;;5
20230313;03;2023;7390079;1;1;01;;1;792.07179163;44;1;5;2;1;1;2;2;2;;1;1;2;1;2;1;5;1;4;4;3;;;;;100000;;;;;;;;;1;;;4
20230313;03;2023;7390080;1;1;01;;1;466.53380169;44;1;1;2;1;1;1;2;2;;1;1;4;3;2;1;5;10;1;3;3;;;;;300000;;;;;;;;;1;;;4
20230313;03;2023;7390081;1;1;01;;1;582.9171243;44;2;1;4;1;1;2;2;2;;1;1;3;1;2;1;5;1;3;4;4;;;;300000;;;;;;;;;;1;;;1
20230313;03;2023;7390082;1;1;01;;2;496.58572938;47;1;1;2;1;1;1;2;1;2;1;1;3;2;2;1;1;1;1;3;1;;;15000000;250000;;;;;;;;;;1;;;4
20230313;03;2023;7390083;1;1;01;;1;1164.5806983;70;1;1;2;1;1;1;1;1;1;1;1;4;3;1;1;1;1;1;3;4;;;;300000;;;;;;;;;;1;;;2
20230313;03;2023;7390084;1;1;01;;1;571.21445892;70;1;5;2;1;1;1;1;1;1;1;1;3;2;1;1;1;1;1;3;5;;;;100000;;;;;;;;;;1;;;2
20230313;03;2023;7390085;1;1;01;;1;1368.6882034;70;2;1;2;1;1;1;1;1;1;1;1;3;2;1;1;1;1;3;3;4;;;;300000;;;;;;;1;;;;;;5
20230313;03;2023;7390086;1;1;01;;1;1348.4474695;70;2;1;2;1;1;1;1;1;1;1;1;2;1;1;1;1;1;1;3;4;;;;150000;;;;;;;;;;1;;;3
20230313;03;2023;7390087;1;1;01;;1;1496.8074489;70;2;1;2;1;1;1;1;1;1;1;1;2;1;1;1;1;1;1;3;4;;;;300000;;;;;;;1;;;;;;4
20230313;03;2023;7390090;1;1;01;;1;399.85012125;70;1;1;2;1;1;1;1;1;1;1;1;4;3;1;1;1;1;1;3;1;;;40000000;250000;;;;;;;;;;1;;;6
20230313;03;2023;7390091;1;1;01;;1;613.48644264;70;1;1;4;1;1;1;1;1;1;1;1;3;1;1;1;1;1;1;3;5;;;;300000;;;;;;;;;;1;;;2
20230313;03;2023;7390092;1;1;01;;1;669.05558842;70;1;1;4;1;1;1;1;1;1;1;1;3;2;1;1;1;10;1;3;1;;;40000000;150000;;;;;;;;;;1;;;4
20230313;03;2023;7390093;1;1;01;;1;717.33842819;70;1;1;2;1;1;1;1;1;1;1;1;3;2;1;1;1;1;1;3;4;;;;250000;;;;;;;;;;1;;;3
20230313;03;2023;7390094;1;1;01;;1;904.55965603;70;1;1;2;1;1;1;1;1;1;1;1;3;2;1;1;1;1;1;3;3;;;;;200000;;;;;;;;;1;;;8
20230313;03;2023;7390095;1;1;01;;1;399.85012125;70;1;1;2;1;1;1;1;1;1;1;1;4;3;1;1;1;1;1;3;1;;;50000000;250000;;;;;;;;;;1;;;9
20230313;03;2023;7390098;1;1;01;;1;355.42233;70;1;1;2;1;1;1;1;1;1;1;1;3;2;1;1;1;1;1;3;5;;;;180000;;;;;;;;;;1;;;7
20230313;03;2023;7390099;1;1;01;;1;705.16872362;70;1;7;1;1;1;2;1;1;1;1;1;3;2;1;1;1;1;5;5;4;;;;150000;;;;;;;;;;1;;;3
20230313;03;2023;7390100;1;1;01;;1;839.03398103;70;1;7;2;1;1;1;1;1;1;1;1;2;1;1;1;1;1;5;3;3;;;;;200000;;;;;;;;;1;;;3
20230313;03;2023;7390101;1;1;01;;1;355.42233;70;1;5;1;1;1;1;1;1;1;1;1;3;2;1;1;1;1;1;3;5;;;;100000;;;;;;;;;;1;;;2
20230313;03;2023;7390102;1;1;01;;1;862.49279439;70;1;1;4;1;1;1;1;1;1;1;1;3;2;1;1;1;1;1;3;3;;;;;300000;;1;;;;;;;;;;3
20230313;03;2023;7390103;1;1;01;;1;946.05430397;70;1;1;2;1;1;1;1;1;1;1;1;2;1;1;1;1;1;1;3;5;;;;120000;;;;;;;;;;1;;;4
20230313;03;2023;7390104;1;1;01;;1;907.88804371;70;1;1;4;1;1;1;1;1;1;1;1;3;2;1;1;1;1;3;3;3;;;;;250000;;1;;;;;;;;;;4
20230313;03;2023;7390105;1;1;01;;1;355.42233;70;1;1;4;1;1;1;1;1;1;1;1;4;2;1;1;1;1;1;3;5;;;;300000;;;;;;;;;;1;;;4
20230313;03;2023;7390107;1;1;01;;1;961.92217477;70;1;1;2;1;1;1;1;1;1;1;1;3;2;2;1;1;1;1;3;1;;;40000000;150000;;;;;;;;;;1;;;2
20230313;03;2023;7390108;1;1;01;;1;756.19983104;70;1;1;2;1;1;2;1;1;1;1;1;3;2;1;1;1;1;1;4;1;;;30000000;150000;;;;;;;;;;1;;;2
20230313;03;2023;7390109;1;1;01;;1;417.11117653;70;1;1;2;1;1;1;1;1;1;1;1;3;2;1;1;1;1;1;3;4;;;;150000;;;;;;;;;;1;;;4
20230313;03;2023;7390110;1;1;01;;1;588.09979257;70;1;1;4;1;1;1;1;1;1;1;1;3;1;1;1;1;1;1;3;5;;;;300000;;;;;;;;;;1;;;2
20230313;03;2023;7390111;1;1;01;;1;333.20843437;70;1;1;2;1;1;1;1;1;1;1;1;3;2;1;1;1;1;1;3;1;;;40000000;250000;;;;;;;;;;1;;;3
20230313;03;2023;7390112;1;1;01;;1;851.14504098;70;1;1;2;1;1;1;1;1;1;1;1;3;2;1;1;1;1;1;3;3;;;;;150000;;;;;;;;;1;;;4
20230313;03;2023;7390113;1;1;01;;1;687.54314674;70;1;1;2;1;1;1;1;1;1;1;1;2;1;1;1;1;1;1;3;5;;;;200000;;;;;;;;;;1;;;2
20230313;03;2023;7390114;1;1;01;;1;765.88206196;70;1;1;4;1;1;1;1;1;1;1;1;3;1;1;1;1;1;1;3;1;;;50000000;300000;;;;;;;;;;1;;;3
20230313;03;2023;7390116;1;1;01;;1;775.34228375;70;1;1;2;1;1;1;1;1;1;1;1;3;2;1;1;1;1;1;3;1;;;70000000;300000;;;;;;;;;;1;;;5
20230313;03;2023;7390117;1;1;01;;1;803.18083103;70;1;1;2;1;1;1;1;1;1;1;1;4;2;1;1;1;1;1;3;1;;;70000000;150000;;;;;;;;;;1;;;4
20230313;03;2023;7390118;1;1;01;;1;545.32128235;70;1;1;4;1;1;1;1;1;1;1;1;2;1;1;1;1;1;1;3;4;;;;350000;;;;;;;;;;1;;;2
20230313;03;2023;7390119;1;1;01;;1;468.37740166;70;2;1;4;1;1;1;1;1;1;1;1;4;2;1;1;1;1;1;3;1;;;85000000;300000;;;;;;;;;;1;;;4
20230313;03;2023;7390120;1;1;01;;1;545.32128235;70;1;1;4;1;1;1;1;1;1;1;1;3;1;1;1;1;1;1;3;1;;;60000000;200000;;;;;;;;;;1;;;2
20230313;03;2023;7390121;1;1;01;;1;443.87685285;70;1;1;4;1;1;1;1;1;1;1;1;4;3;1;1;1;1;1;3;5;;;;300000;;;;;;;;;;1;;;3
20230313;03;2023;7390122;1;1;01;;1;817.30819316;70;2;1;4;1;1;1;1;1;1;1;1;3;2;1;1;1;1;1;3;3;;;;;500000;;;;;;;;;1;;;3
20230313;03;2023;7390125;1;1;01;;2;690.75272589;70;1;1;1;1;1;2;2;2;;1;1;3;1;2;1;4;1;5;4;5;;;;200000;;;;;;;;;;1;;;2
20230313;03;2023;7390126;1;1;01;;2;1295.7545548;70;1;1;2;1;1;2;2;2;;1;1;2;1;4;1;3;1;5;5;4;;;;150000;;;;;;;;;;1;;;1
20230313;03;2023;7390127;1;1;01;;2;948.649674;70;1;1;2;1;1;2;2;2;;1;1;3;2;2;1;4;1;5;5;5;;;;100000;;;;;;;;;;1;;;6
20230313;03;2023;7390128;1;1;01;;2;1295.7545548;70;1;4;2;1;1;2;2;2;;1;1;2;1;4;1;3;1;5;5;5;;;;100000;;;;;;;;;;1;;;1
20230313;03;2023;7390129;1;1;01;;2;736.8116266;70;1;7;1;1;1;2;2;2;;1;1;3;2;4;1;3;1;5;5;1;;;30000000;150000;;;;;;;;;;1;;;4
20230313;03;2023;7390130;1;1;01;;2;1264.785497;70;1;4;1;1;1;2;2;2;;1;1;2;1;6;;4;1;5;5;5;;;;50000;;;;;;;;;;1;;;2
20230313;03;2023;7390131;1;1;01;;2;1239.3510017;70;1;1;1;1;1;2;2;2;;1;1;2;2;2;1;4;1;5;5;4;;;;180000;;;;;;;;;;1;;;5
20230313;03;2023;7390132;1;1;01;;2;880.84681579;70;1;1;2;1;1;2;2;2;;1;1;3;2;2;1;4;1;5;5;5;;;;150000;;;;;;;;;;1;;;5
20230313;03;2023;7390133;1;1;01;;2;877.18545154;70;1;1;2;1;1;2;2;2;;1;1;3;1;4;1;4;1;5;5;1;;;35000000;100000;;;;;;;;;;1;;;1
20230313;03;2023;7390134;1;1;01;;2;1347.584737;70;1;4;2;1;0;2;2;2;;1;1;3;1;2;1;4;1;5;5;5;;;;200000;;;;;;;;;;1;;;1
20230313;03;2023;7390135;1;1;01;;2;1347.584737;70;1;7;1;1;0;2;2;2;;1;1;2;1;2;1;4;1;5;5;5;;;;70000;;;;;;;;;;1;;;1
20230313;03;2023;7390136;1;1;01;;2;1213.5524695;70;1;1;1;1;0;2;2;2;;1;1;2;1;6;;4;1;5;5;4;;;;100000;;;;;;;;;;1;;;5
20230313;03;2023;7390137;1;1;01;;2;718.38283493;70;1;1;1;1;0;2;2;2;;1;1;2;1;2;1;4;1;5;5;4;;;;80000;;;;;;;;;;1;;;2
20230313;03;2023;7390138;1;1;01;;2;1170.6053817;70;1;1;2;1;0;2;2;2;;1;1;3;1;2;1;4;1;5;5;5;;;;150000;;;;;;;;;;1;;;3
20230313;03;2023;7390139;1;1;01;;2;1363.2781736;70;1;4;1;1;0;2;2;2;;1;1;2;1;2;1;4;1;5;5;5;;;;50000;;;;;;;;;;1;;;4
20230313;03;2023;7390140;1;1;01;;2;960.24501892;70;1;1;2;1;0;2;2;2;;1;1;3;2;2;1;4;1;5;5;5;;;;100000;;;;;;;;;;1;;;5
20230313;03;2023;7390141;1;1;01;;2;548.16672266;70;1;1;2;1;1;2;2;2;;1;1;4;3;2;1;3;1;5;5;5;;;;250000;;;;;;;;;;1;;;6
20230313;03;2023;7390142;1;1;01;;2;904.86025625;70;1;1;1;1;1;2;2;2;;1;1;2;1;2;1;4;2;5;4;5;;;;50000;;;;;;;;;;1;;;3
20230313;03;2023;7390143;1;1;01;;2;738.15501635;70;1;1;1;1;1;2;2;2;;1;1;1;1;2;1;4;2;5;5;5;;;;80000;;;;;;;;;;1;;;4
20230313;03;2023;7390144;1;1;01;;2;1263.5580835;70;1;1;2;1;1;2;2;2;;1;1;3;2;2;1;4;1;5;5;5;;;;150000;;;;;;;;;;1;;;4
20230313;03;2023;7390145;1;1;01;;2;887.35375607;70;1;7;1;1;1;2;2;2;;1;1;2;1;2;1;4;2;5;5;4;;;;70000;;;;;;;;;;1;;;1
20230313;03;2023;7390146;1;1;01;;2;494.13468195;70;1;1;2;1;1;2;2;2;;1;1;3;2;2;1;3;1;5;5;5;;;;100000;;;;;;;;;;1;;;5
20230313;03;2023;7390147;1;1;01;;2;1263.5580835;70;1;4;1;1;1;2;2;2;;1;1;3;2;2;1;4;2;5;5;5;;;;50000;;;;;;;;;;1;;;4
20230313;03;2023;7390151;1;1;01;;1;971.5905155;20;1;1;2;1;1;1;1;1;2;1;1;4;3;1;1;1;1;1;3;1;;;50000000;500000;;;1;;;;;;;;;;5
20230313;03;2023;7390152;1;1;01;;1;1271.8731648;20;1;1;4;1;1;1;1;1;2;1;1;6;2;1;1;1;1;1;3;4;;;;350000;;;1;;;;;;;;;;3
20230313;03;2023;7390153;1;1;01;;1;1516.1825837;20;1;1;4;1;1;1;1;1;2;1;1;5;3;1;1;1;1;3;3;1;;;98;250000;;;1;;;;;;;;;;5
20230313;03;2023;7390154;1;1;01;;1;760.34768015;20;1;1;2;1;1;1;1;1;2;1;1;3;2;1;1;1;1;1;3;1;;;35000000;300000;;;;;;;;;;1;;;7
20230313;03;2023;7390156;1;1;01;;1;1029.7652271;20;1;1;4;1;1;1;1;1;2;1;1;3;3;1;1;1;1;3;3;1;;;60000000;450000;;;1;;;;;;;;;;6
20230313;03;2023;7390158;1;1;01;;1;1096.0580894;20;1;1;2;1;1;2;1;1;2;1;1;3;2;1;1;1;1;1;4;1;;;98;250000;;;1;;;;;;;;;;1
20230313;03;2023;7390159;1;1;01;;1;538.77689569;20;1;1;2;1;1;1;1;1;2;1;1;3;1;1;1;1;1;1;3;1;;;40000000;300000;;;1;;;;;;;;;;2
20230313;03;2023;7390160;1;1;01;;1;1251.6487016;20;2;1;1;1;1;1;1;1;2;1;1;3;2;1;1;1;1;1;3;1;;;98;400000;;;1;;;;;;;;;;3
20230313;03;2023;7390161;1;1;01;;1;1852.0259324;20;3;1;2;1;2;2;1;1;1;1;1;1;1;1;1;1;1;6;;3;;;;;80000;;;;;;;;;1;;;3
20230313;03;2023;7390162;1;1;01;;1;942.28070905;20;1;1;4;1;1;1;1;1;1;1;1;4;2;1;1;1;1;3;3;1;;;85000000;250000;;;;;;;;;;1;;;2
20230313;03;2023;7390163;1;1;01;;2;890.33792026;20;3;1;2;1;1;2;2;2;;2;1;2;1;2;2;4;3;1;5;4;;;;98;;;1;;;;;;;;;;5
20230313;03;2023;7390164;1;1;01;;2;523.43043256;20;3;1;2;1;1;2;2;2;;2;1;2;1;2;2;4;3;5;5;4;;;;150000;;;;;;;;;;1;;;7
20230313;03;2023;7390165;1;1;01;;2;1658.1274914;20;1;1;1;1;1;2;2;2;;2;1;3;2;2;1;4;9;1;4;4;;;;300000;;;1;;1;1;;;;;;;5
20230313;03;2023;7390166;1;1;01;;2;666.08362095;20;1;1;1;2;;2;2;2;;2;1;3;1;2;1;4;3;1;5;5;;;;98;;;;;;;;;;1;;;2
20230313;03;2023;7390167;1;1;01;;2;1161.0186837;20;1;5;1;2;;2;2;2;;2;1;3;2;2;1;4;3;5;5;5;;;;100000;;;;;;;;;;1;;;2
20230313;03;2023;7390168;1;1;01;;2;1069.7042126;20;3;8;1;2;;2;2;2;;2;1;1;1;6;;4;10;5;5;5;;;;98;;;;;;;;;;1;;;2
20230313;03;2023;7390169;1;1;01;;2;845.85820642;20;3;1;2;2;;2;2;2;;2;1;2;1;6;;4;4;5;5;5;;;;100000;;;;;;;;;;1;;;1
20230313;03;2023;7390170;1;1;01;;2;630.20346147;20;1;5;1;2;;2;2;2;;2;1;2;2;6;;4;9;5;5;5;;;;400000;;;;;;;;;;1;;;3
20230313;03;2023;7390171;1;1;01;;2;1249.4787981;20;3;5;1;2;;2;2;2;;2;1;1;1;6;;4;4;5;5;4;;;;70000;;;1;;;;;;;;;;1
20230313;03;2023;7390172;1;1;01;;2;845.85820642;20;3;8;1;2;;2;2;2;;2;1;1;1;6;;4;4;5;5;4;;;;98;;;;;;;;;;1;;;1
20230313;03;2023;7390173;1;1;01;;1;931.0149022;20;1;1;2;1;1;1;1;1;2;1;1;2;1;1;1;1;1;3;3;1;;;30000000;300000;;;;;;;;;;1;;;3
20230313;03;2023;7390174;1;1;01;;1;538.77689569;20;1;1;2;1;2;1;1;1;2;1;1;4;2;1;1;1;1;1;3;1;;;98;98;;;1;;;;;;;;;;3
20230313;03;2023;7390175;1;1;01;;1;1195.6188194;20;1;1;2;1;1;1;1;1;2;1;1;3;2;1;1;1;1;3;3;3;;;;;300000;;1;;;;;;;;;;4
20230313;03;2023;7390176;1;1;01;;1;1055.2944084;20;2;1;4;1;1;1;1;1;2;1;1;3;2;1;1;1;1;1;3;1;;;40000000;400000;;;1;;;;;;;;;;3
20230313;03;2023;7390178;1;1;01;;1;1626.8078365;20;2;1;4;1;1;1;1;1;2;1;1;3;2;1;1;1;1;1;3;3;;;;;200000;;1;;;;;;;;;;3
20230313;03;2023;7390179;1;1;01;;1;1555.3671209;20;2;1;4;1;1;1;1;1;2;1;1;2;1;1;1;1;1;3;3;3;;;;;200000;;1;;;;;;;;;;2
20230313;03;2023;7390180;1;1;01;;1;971.77858319;20;1;1;2;1;1;1;1;1;2;1;1;3;1;1;1;1;1;1;3;1;;;98;300000;;;1;;;;;;;;;;1
20230313;03;2023;7390181;1;1;01;;1;1029.9942905;20;1;1;2;1;2;1;1;1;1;1;1;4;1;1;1;1;1;1;3;1;;;200000000;300000;;;1;;;;1;;;;;;2
20230313;03;2023;7390182;1;1;01;;1;1153.6564839;20;1;1;4;1;1;1;1;1;2;1;1;4;2;1;1;1;1;1;3;3;;;;;300000;;1;;;;;;;;;;4
20230313;03;2023;7390183;1;1;01;;1;1813.518861;20;1;1;4;1;1;1;1;1;2;1;1;3;2;1;1;1;1;1;3;3;;;;;350000;;1;;;;;;;;;;2
20230313;03;2023;7390184;1;1;01;;1;448.98074641;20;1;1;4;1;2;1;1;1;2;1;1;5;3;1;1;1;1;1;3;6;;;;300000;;;1;;;;;;;;;;6
20230313;03;2023;7390185;1;1;01;;1;1795.9229856;20;1;1;2;1;1;1;1;1;2;1;2;2;1;1;1;1;1;1;3;4;;;;400000;;;1;;;;;;;;;;2
20230313;03;2023;7390185;2;2;01;;1;1795.9229856;20;1;1;2;1;1;1;1;1;2;1;2;2;1;1;2;1;1;1;3;4;;;;100000;;;1;;;;;;;;;;3
20230313;03;2023;7390186;1;1;01;;1;448.98074641;20;1;1;4;1;1;1;1;1;2;1;1;4;2;1;1;1;1;1;3;1;;;98;600000;;;1;;;;;;;;;;2
20230313;03;2023;7390187;1;1;01;;1;1018.4590229;20;1;1;4;1;2;1;1;1;2;1;1;5;1;1;1;1;1;1;3;2;;180000;98;250000;;;1;;1;;;;;;;;4
20230313;03;2023;7390188;1;1;01;;1;805.47966801;20;1;1;4;1;1;1;1;1;2;1;1;3;2;1;1;1;1;1;3;1;;;98;98;;;1;;;;;;;;;;3
20230313;03;2023;7390189;1;1;01;;1;748.40104836;20;1;1;2;1;1;1;1;1;2;1;1;4;2;1;1;1;1;3;3;5;;;;40000000;;;;;;;;;;;1;;3
20230313;03;2023;7390190;1;1;01;;1;774.97550852;20;2;1;4;1;1;1;1;1;2;1;1;4;1;1;1;1;1;3;3;1;;;50000000;300000;;;;;;;;;;1;;;2
20230313;03;2023;7390191;1;1;01;;1;1192.381092;20;2;1;4;1;1;1;1;1;2;1;1;3;2;1;1;1;1;1;3;3;;;;;300000;;1;;;;;;;;;;3
20230313;03;2023;7390192;1;1;01;;1;1653.8586004;20;2;1;4;1;1;2;1;1;2;1;1;3;2;1;1;1;1;1;4;3;;;;;300000;;1;;;;;;;;;;4
20230313;03;2023;7390193;1;1;01;;1;1146.306698;20;2;1;4;1;1;2;1;1;2;1;1;3;2;1;1;1;1;3;4;3;;;;;200000;;1;;;;;;;;;;2
20230313;03;2023;7390194;1;1;01;;1;872.82647081;20;1;1;2;1;1;1;1;1;2;1;1;3;2;1;1;1;1;3;3;1;;;98;250000;;;;;;;;;;;1;;3
20230313;03;2023;7390195;1;1;01;;1;1046.0992265;20;1;3;2;1;1;2;1;1;2;1;1;2;1;1;1;1;1;4;4;3;;;;;150000;;1;;;;;;;;;;7
20230313;03;2023;7390197;1;1;01;;1;1344.4714869;20;3;1;2;1;1;2;1;1;2;1;1;2;1;1;1;1;1;4;4;3;;;;;120000;;;;;;;;;1;;;4
20230313;03;2023;7390198;1;1;01;;1;761.01591556;20;2;1;2;1;1;1;1;1;2;1;1;3;2;1;1;1;1;1;3;1;;;98;98;;;1;;;;;;;;;;5
20230313;03;2023;7390199;1;1;01;;1;1161.5058005;20;2;1;2;1;1;2;1;1;1;1;1;3;1;1;1;1;1;1;4;4;;;;120000;;;;;;;;;;1;;;3
20230313;03;2023;7390200;1;1;01;;1;1252.0817612;20;1;1;4;1;1;1;1;1;3;1;1;3;2;1;1;1;1;1;3;1;;;98;98;;;1;;;;;;;;;;5
20230313;03;2023;7390201;1;1;01;;1;1323.57021;20;1;1;2;1;1;2;1;1;2;1;1;3;1;1;1;1;1;4;4;3;;;;;350000;;1;;;;;;;;;;4
20230313;03;2023;7390202;1;1;01;;1;857.97410992;20;1;1;4;1;1;1;1;1;1;1;1;3;2;1;1;1;1;1;3;3;;;;;250000;;1;;;;;;;;;;4
20230313;03;2023;7390203;1;1;01;;1;688.86711868;20;1;1;4;1;2;1;1;1;2;1;1;5;1;1;1;1;1;1;3;4;;;;700000;;;;;;;;;;1;;;2
20230313;03;2023;7390204;1;1;01;;1;1296.1392674;20;1;1;4;1;1;1;1;1;3;1;1;5;1;1;1;1;1;1;3;4;;;;500000;;;1;;;;;;;;;;2
20230313;03;2023;7390205;1;1;01;;1;794.42466466;20;1;1;4;1;2;1;1;1;2;1;1;5;2;1;1;1;1;3;3;1;;;50000000;250000;;;;;;;;;;1;;;3
20230313;03;2023;7390207;1;1;01;;2;1664.9159793;20;2;1;2;1;1;1;2;2;;1;1;3;2;2;1;4;1;3;3;5;;;;100000;;;;;;;;;;1;;;5
20230313;03;2023;7390208;1;1;01;;2;1960.0967404;20;2;3;1;1;1;1;2;2;;1;1;2;1;2;1;4;2;4;3;5;;;;150000;;;1;;;;;;;;;;2
20230313;03;2023;7390209;1;1;01;;2;1070.4915337;20;1;5;1;1;0;1;2;2;;1;1;2;1;2;1;4;1;1;3;3;;;;;80000;;;;;;;;;1;;;2
20230313;03;2023;7390210;1;1;01;;2;1511.8445605;20;1;3;1;1;1;1;2;2;;1;1;2;1;2;1;4;1;4;3;5;;;;150000;;;;;;;;;;1;;;5
20230313;03;2023;7390211;1;1;01;;2;749.86256778;20;1;3;1;1;1;1;2;2;;1;1;3;2;2;1;4;1;4;3;5;;;;100000;;;;;;;;;;1;;;5
20230313;03;2023;7390213;1;1;01;;2;1008.0609134;20;1;1;2;1;1;1;2;2;;1;1;4;3;2;1;4;1;1;3;5;;;;300000;;;1;;;;;;;;;;10
20230313;03;2023;7390214;1;1;01;;2;2120.0166673;20;1;1;2;1;1;1;2;2;;1;1;4;2;2;1;4;1;4;3;4;;;;100000;;;;;;;;;;1;;;5
20230313;03;2023;7390215;1;1;01;;1;448.98074641;20;1;1;4;1;2;1;1;1;2;1;1;5;2;1;1;1;1;1;3;3;;;;;400000;;1;;;;;;;;;;5
20230313;03;2023;7390216;1;1;01;;1;1626.8078365;20;1;1;4;1;1;1;1;1;2;1;1;4;2;1;1;1;1;1;3;3;;;;;300000;;1;;;;;;;;;;3
20230313;03;2023;7390218;1;1;01;;1;911.03721399;20;1;1;4;1;2;1;1;1;2;1;1;8;3;1;1;1;1;1;3;1;;;100000000;800000;;;1;;;;;;;;;;4
20230313;03;2023;7390221;1;1;01;;2;1359.1412811;20;3;5;2;1;1;2;2;2;;2;1;3;1;2;1;4;3;5;4;4;;;;100000;;;;;;;;;;1;;;3
20230313;03;2023;7390222;1;1;01;;2;1434.7761925;20;1;5;2;1;1;2;2;2;;2;1;2;1;2;1;4;6;5;5;4;;;;150000;;;;;;;;;;1;;;2
20230313;03;2023;7390223;1;1;01;;2;1029.1633965;20;1;5;1;1;0;2;2;2;;2;1;1;1;6;;3;6;5;5;4;;;;98;;;;;;;;;;;1;;4
20230313;03;2023;7390224;1;1;01;;2;845.85820642;20;3;3;2;1;1;2;2;2;;2;1;1;1;2;1;4;3;5;4;4;;;;100000;;;;;;;;;;1;;;1
20230313;03;2023;7390225;1;1;01;;2;845.85820642;20;1;1;1;1;9;2;2;2;;2;1;1;1;6;;4;6;5;5;4;;;;98;;;;;;;;;;1;;;1
20230313;03;2023;7390226;1;1;01;;2;760.0665443;20;1;5;2;1;1;2;2;2;;2;1;3;2;2;1;4;6;5;5;1;;;98;98;;;1;;;;;;;;;;3
20230313;03;2023;7390227;1;1;01;;2;883.91211099;20;1;8;1;1;1;2;2;2;;2;1;2;2;6;;4;6;5;5;1;;;10000000;200000;;;;;;;;;;1;;;3
20230313;03;2023;7390228;1;1;01;;2;1405.6131993;20;3;5;2;1;0;2;2;2;;2;1;1;1;2;1;4;6;5;5;4;;;;100000;;;;;;;;;;1;;;5
20230313;03;2023;7390229;1;1;01;;2;845.85820642;20;1;5;1;2;;2;2;2;;2;1;3;1;6;;4;6;5;5;1;;;98;100000;;;1;;;;;;;;;;1
20230313;03;2023;7390230;1;1;01;;2;1291.0871146;20;1;5;1;1;0;2;2;2;;2;1;3;3;6;;4;6;5;5;4;;;;98;;;1;;;;;;;;;;6
20230313;03;2023;7390231;1;1;01;;1;880.86736087;25;1;1;4;1;2;1;1;1;2;1;1;3;1;1;1;1;1;1;3;1;;;50000000;300000;;;;;;;;;;1;;;1
20230313;03;2023;7390232;1;1;01;;1;1400.5827942;25;2;1;4;1;2;1;1;1;2;1;1;3;2;1;1;1;1;1;3;3;;;;;300000;;;;;;;;;1;;;4
20230313;03;2023;7390233;1;1;01;;1;910.26792937;25;1;1;2;1;2;1;1;1;2;1;1;3;2;1;1;1;1;1;3;1;;;80000000;450000;;;;;;;;;;1;;;2
20230313;03;2023;7390235;1;1;01;;1;1251.7733155;25;1;1;4;1;2;1;1;1;2;1;1;4;2;1;1;1;1;1;3;1;;;99;500000;;;;;;;;;;1;;;3
20230313;03;2023;7390236;1;1;01;;1;1156.3343828;25;2;1;4;1;2;1;1;1;2;1;1;2;2;1;1;1;1;1;4;3;;;;;300000;;;;;;;;;1;;;4
20230313;03;2023;7390237;1;1;01;;1;1009.3442549;25;3;1;4;1;2;1;1;1;2;1;1;1;1;1;2;1;1;1;3;3;;;;;100000;;;;;;;;;1;;;3
20230313;03;2023;7390238;1;1;01;;1;1319.6318401;25;1;1;4;1;2;1;1;1;2;1;1;2;1;1;1;1;1;1;3;4;;;;300000;;;;;;;;;;1;;;2
20230313;03;2023;7390239;1;1;01;;1;1033.5688015;25;3;1;4;1;2;1;1;1;2;1;1;1;1;1;1;1;1;1;3;3;;;;;150000;;;;;;;;;1;;;1
20230313;03;2023;7390240;1;1;01;;1;1033.5688015;25;3;1;4;1;2;1;1;1;2;1;1;1;1;1;2;1;1;1;3;3;;;;;100000;;;;;;;;;1;;;1
20230313;03;2023;7390241;1;1;01;;1;2253.3361628;25;1;1;4;1;2;1;1;1;2;1;1;4;3;1;1;1;1;1;3;1;;;99;400000;;;1;;;;;;;;;;6
20230313;03;2023;7390242;1;1;01;;1;1033.5688015;25;2;1;4;1;2;1;1;1;2;1;1;1;1;1;1;1;1;1;3;3;;;;;250000;;1;;;;;;;;;;1
20230313;03;2023;7390243;1;1;01;;1;860.5368945;25;3;1;4;1;2;1;1;1;2;1;1;1;1;1;1;1;1;1;3;3;;;;;100000;;;;;;;;;1;;;1
20230313;03;2023;7390244;1;1;01;;1;2039.952842;25;1;1;2;1;2;1;1;1;2;1;1;4;3;1;1;1;1;1;5;3;;;;;300000;;;;;;;;;1;;;5
20230313;03;2023;7390245;1;1;01;;1;1494.0111353;25;1;1;4;1;2;1;1;1;2;1;1;3;1;1;1;1;1;1;3;1;;;98;400000;;;;;;;;;;1;;;2
20230313;03;2023;7390247;1;1;01;;1;1076.6156633;25;1;1;4;1;2;1;1;1;2;1;1;4;1;1;1;1;1;1;3;1;;;65000000;300000;;;;;;;;;;1;;;1
20230313;03;2023;7390248;1;1;01;;1;1299.1847856;25;1;1;4;1;2;1;1;1;2;1;1;3;2;1;1;1;1;1;3;2;;550000;98;400000;;;;;;;1;;;;;;2
20230313;03;2023;7390249;1;1;01;;1;1680.6462294;25;1;1;4;1;2;1;1;1;2;1;1;2;1;1;1;1;1;1;3;3;;;;;450000;;;;;;;;;1;;;2
20230313;03;2023;7390250;1;1;01;;1;1051.7673155;25;1;1;4;1;2;1;1;1;2;1;1;2;1;1;1;1;1;1;3;1;;;40000000;100000;;;1;;;;;;;;;;1
20230313;03;2023;7390252;1;1;01;;2;2537.5659544;25;1;1;2;1;1;2;2;2;;2;1;3;2;2;1;4;5;1;5;3;;;;;480000;;;;;;;;;1;;;4
20230313;03;2023;7390253;1;1;01;;2;1998.5813194;25;1;2;1;1;1;2;2;2;;2;1;2;1;2;1;4;6;1;5;4;;;;200000;;;;;;;;;;1;;;3
20230313;03;2023;7390254;1;1;01;;2;2222.2688618;25;1;1;2;1;1;2;2;2;;2;1;1;1;3;1;5;6;5;5;3;;;;;100000;;;;;;;;;1;;;1
20230313;03;2023;7390255;1;1;01;;2;2259.0586584;25;1;1;2;1;1;2;2;2;;2;1;4;3;2;1;4;6;1;5;1;;;60000000;300000;;;;;;;;;;1;;;4
20230313;03;2023;7390256;1;1;01;;2;1359.018045;25;1;1;2;1;1;2;2;2;;2;1;3;1;4;1;5;6;1;5;5;;;;200000;;;;;;;;;;1;;;2
20230313;03;2023;7390257;1;1;01;;2;939.60456554;25;1;1;2;1;1;2;2;2;;2;1;3;2;2;1;4;4;1;5;3;;;;;100000;;;;;;;;;1;;;3
20230313;03;2023;7390258;1;1;01;;2;1631.4615343;25;1;1;2;1;1;2;2;2;;2;1;3;1;2;1;4;5;1;5;1;;;99;99;;;;;;;;;;1;;;1
20230313;03;2023;7390259;1;1;01;;2;2638.1445938;25;1;5;3;1;1;2;2;2;;2;1;2;1;2;1;5;6;1;5;1;;;63000000;210000;;;;;;;;;;1;;;4
20230313;03;2023;7390260;1;1;01;;2;939.60456554;25;1;5;1;1;1;2;2;2;;2;1;2;1;2;1;5;5;5;5;4;;;;100000;;;;;;;;;;1;;;1
20230313;03;2023;7390261;1;1;01;;2;1806.2147294;25;1;1;2;1;1;2;2;2;;2;1;2;2;2;1;4;6;1;5;4;;;;100000;;;1;;;;;;;;;;4
20230313;03;2023;7390262;1;1;01;;2;1359.018045;25;1;1;2;1;2;2;2;2;;1;1;3;2;2;1;4;2;1;5;1;;;99;99;;;;;;;;;;1;;;2
20230313;03;2023;7390263;1;1;01;;2;1037.8186089;25;1;1;4;1;2;2;2;2;;1;1;3;2;2;1;4;2;1;4;1;;;98;300000;;;1;;;;;;;;;;2
20230313;03;2023;7390264;1;1;01;;2;939.60456554;25;1;1;4;1;2;2;2;1;2;1;1;4;3;2;1;1;2;1;5;1;;;100000000;300000;;;1;;;;1;;;;;;4
20230313;03;2023;7390265;1;1;01;;2;939.60456554;25;1;1;2;1;2;2;2;2;;1;1;3;2;2;1;4;2;1;5;2;;150000;70000000;280000;;;;;1;;;;;;;;2
20230313;03;2023;7390266;1;1;01;;2;1532.3270675;25;1;1;2;1;2;2;2;2;;1;1;3;2;2;1;4;2;1;4;3;;;;;250000;;;;;;;;;1;;;3
20230313;03;2023;7390267;1;1;01;;2;1310.2620982;25;1;1;4;1;2;2;2;1;2;1;1;3;1;2;1;1;2;1;4;1;;;150000000;500000;;;1;;;;;;;;;;1
20230313;03;2023;7390268;1;1;01;;2;1359.018045;25;1;1;2;1;2;2;2;1;2;1;1;3;1;2;1;1;2;1;4;3;;;;;300000;;;;;;;;;1;;;2
20230313;03;2023;7390269;1;1;01;;2;939.60456554;25;1;5;3;1;2;2;2;2;;1;1;2;1;2;1;5;2;1;5;3;;;;;250000;;;;;;;;;1;;;2
20230313;03;2023;7390270;1;1;01;;1;1911.4075967;25;1;1;4;1;2;1;1;1;2;1;1;4;3;1;1;1;1;1;3;3;;;;;450000;;;;;;;;;1;;;4
20230313;03;2023;7390271;1;1;01;;2;1325.6592995;25;1;5;2;1;2;2;2;2;;1;1;1;1;2;1;4;2;1;5;3;;;;;80000;;;;;;;;;1;;;3
20230313;03;2023;7390272;1;1;01;;2;1412.827616;25;1;1;4;1;2;2;2;2;;1;1;3;2;2;1;4;6;1;5;1;;;80000000;300000;;;1;;;;1;;;;;;3
20230313;03;2023;7390273;1;1;01;;2;1572.6592838;41;1;2;1;1;3;2;2;2;;2;1;2;1;3;1;4;6;2;5;1;;;99;99;;;;;;;;;;1;;;4
20230313;03;2023;7390275;1;1;01;;1;1098.3390846;41;1;1;4;1;1;1;1;1;3;1;1;1;1;1;1;1;1;1;3;3;;;;;250000;;1;;;;;;;;;;1
20230313;03;2023;7390277;1;1;01;;1;1190.1269837;41;1;1;4;1;1;1;1;1;3;1;1;3;1;1;1;1;1;1;3;1;;;30000000;200000;;;;;;;;;;1;;;1
20230313;03;2023;7390278;1;1;01;;1;3613.0792681;41;2;1;4;1;1;1;1;1;3;1;1;4;3;1;1;1;1;1;3;3;;;;;500000;;;;;;;;;1;;;5
20230313;03;2023;7390279;1;1;01;;1;1979.1055799;41;1;1;4;1;2;1;1;1;3;1;1;4;3;1;1;1;1;1;3;1;;;200000000;300000;;;;;;;;;;1;;;5
20230313;03;2023;7390280;1;1;01;;1;1705.8396098;41;2;1;4;1;1;1;1;1;3;1;1;2;1;1;1;1;1;1;3;3;;;;;320000;;1;;;;1;;;;;;2
20230313;03;2023;7390281;1;1;01;;1;1865.6572149;41;1;1;4;1;2;1;1;1;3;1;1;3;2;1;1;1;1;1;3;3;;;;;250000;;1;;;;;;;;;;3
20230313;03;2023;7390283;1;1;01;;1;1712.8869748;41;2;1;4;1;1;1;1;1;3;1;1;3;1;1;1;1;1;1;3;3;;;;;350000;;;;;;;;;1;;;1
20230313;03;2023;7390285;1;1;01;;1;576.3975363;41;1;1;4;1;3;1;1;1;3;1;1;3;1;1;1;1;1;1;3;1;;;150000000;700000;;;1;;;;;;;;;;2
20230313;03;2023;7390286;1;1;01;;1;740.52345654;41;1;1;2;1;3;1;1;1;3;1;1;3;1;1;1;1;1;1;3;4;;;;400000;;;;;;;;;;1;;;1
20230313;03;2023;7390287;1;1;01;;1;1197.6928914;41;1;1;4;1;3;1;1;1;3;1;1;4;3;1;1;1;1;1;3;3;;;;;475000;;1;;;;1;;;;;;5
20230313;03;2023;7390288;1;1;01;;1;841.05590364;41;1;1;2;1;2;1;1;1;3;1;1;3;2;1;1;1;1;1;3;1;;;99;400000;;;1;;;;;;;;;;3
20230313;03;2023;7390289;1;1;01;;1;740.52345654;41;1;1;2;1;3;1;1;1;3;1;1;3;1;1;1;1;1;1;4;4;;;;500000;;;;;;;;;;1;;;1
20230313;03;2023;7390291;1;1;01;;1;1110.5871546;41;2;1;4;1;3;1;1;1;3;1;1;3;1;1;1;1;1;1;3;3;;;;;550000;;1;;;;1;;;;;;2
20230313;03;2023;7390292;1;1;01;;1;1160.8533781;41;2;1;4;1;3;1;1;1;3;1;1;4;3;1;1;1;1;1;3;3;;;;;800000;;1;;;;1;1;;;;;3
20230313;03;2023;7390295;1;1;01;;1;2037.930586;41;1;1;4;1;2;1;1;1;3;1;1;6;4;1;1;1;1;1;3;3;;;;;500000;;1;;;;1;;;;;;6
20230313;03;2023;7390296;1;1;01;;1;720.49692038;41;1;1;4;1;3;1;1;1;3;1;1;5;1;1;1;1;1;1;3;1;;;150000000;1000000;;;1;;;;;;;;;;2
20230313;03;2023;7390297;1;1;01;;1;1388.2339432;41;1;1;4;1;2;1;1;1;3;1;1;4;1;1;1;1;1;1;3;3;;;;;600000;;1;;;;;1;;;;;2
20230313;03;2023;7390298;1;1;01;;1;1056.3660755;41;1;1;4;1;2;1;1;1;3;1;1;4;1;1;1;1;1;1;3;4;;;;800000;;;1;;;;1;;;;;;1
20230313;03;2023;7390299;1;1;01;;1;720.49692038;41;1;1;4;1;3;1;1;1;3;1;1;5;2;1;1;1;1;1;3;1;;;280000000;700000;;;1;;;;;;;;;;2
20230313;03;2023;7390300;1;1;01;;1;1401.4873774;41;2;1;4;1;2;1;1;1;3;1;1;2;1;1;1;1;1;1;3;3;;;;;450000;;1;;;;;;;;;;1
20230313;03;2023;7390302;1;1;01;;1;2552.1626647;41;2;1;4;1;2;1;1;1;3;1;1;4;3;1;1;1;1;1;3;4;;;;450000;;;1;;;;1;1;;;;;5
20230313;03;2023;7390304;1;1;01;;1;1056.3660755;41;1;1;4;1;3;1;1;1;3;1;1;4;1;1;1;1;1;1;3;3;;;;;650000;;1;;;;;;;;;;1
20230313;03;2023;7390305;1;1;01;;1;720.49692038;41;1;1;4;1;3;1;1;1;3;1;1;4;2;1;1;1;1;1;3;1;;;150000000;700000;;;1;;;;1;;;;;;2
20230313;03;2023;7390306;1;1;01;;1;1318.2063322;41;2;1;4;1;1;1;1;1;3;1;1;3;2;1;1;1;1;1;3;3;;;;;300000;;1;;;;1;;;;;;3
20230313;03;2023;7390307;1;1;01;;1;776.48543879;41;1;1;4;1;2;1;1;1;3;1;1;4;2;1;1;1;1;1;3;1;;;99;99;;;1;;;;;;;;;;3
20230313;03;2023;7390308;1;1;01;;1;2810.1727641;41;2;1;4;1;2;1;1;1;3;1;1;4;3;1;1;1;1;1;3;3;;;;;450000;;1;;;;1;;;;;;5
20230313;03;2023;7390309;1;1;01;;1;705.09485059;41;1;1;4;1;1;1;1;1;3;1;1;4;2;1;1;1;1;1;3;1;;;50000000;450000;;;1;;;;1;;;;;;3
20230313;03;2023;7390310;1;1;01;;1;1610.2383726;41;1;1;4;1;2;1;1;1;3;1;1;4;2;1;1;1;1;1;3;3;;;;;550000;;1;;;;1;;;;;;3
20230313;03;2023;7390312;1;1;01;;1;2088.2200649;41;1;1;4;1;3;1;1;1;3;1;1;4;2;1;1;1;1;1;3;1;;;99;99;;;1;;;;;;;;;;3
20230313;03;2023;7390313;1;1;01;;1;720.49692038;41;1;1;4;1;1;1;1;1;3;1;1;4;1;1;1;1;1;1;3;3;;;;;650000;;;;;;;;;1;;;2
20230313;03;2023;7390315;1;1;01;;1;854.26373247;41;2;1;4;1;1;1;1;1;3;1;1;2;1;1;1;1;1;1;3;3;;;;;200000;;1;;;;1;;;;;;1
20230313;03;2023;7390317;1;1;01;;1;1388.2339432;41;2;1;4;1;2;1;1;1;3;1;1;3;1;1;1;1;1;1;3;3;;;;;600000;;1;;;;;;;;;;2
20230313;03;2023;7390319;1;1;01;;1;889.12669096;41;1;1;4;1;3;1;1;1;3;1;1;3;2;1;1;1;1;1;3;1;;;99;1000000;;;;;;;;;;1;;;3
20230313;03;2023;7390320;1;1;01;;1;576.3975363;41;2;1;4;1;3;2;1;1;3;1;1;4;1;1;1;1;1;1;4;1;;;99;800000;;;1;;;;;;;;;;2
20230313;03;2023;7390321;1;1;01;;2;1415.3301468;41;1;1;2;1;1;2;2;2;;1;1;4;2;3;1;4;1;1;5;4;;;;150000;;;;;;;1;;;;;;4
20230313;03;2023;7390322;1;1;01;;2;1013.4392806;41;1;4;1;1;1;2;2;2;;1;1;3;1;2;1;4;2;1;5;4;;;;50000;;;;;;;;;;1;;;2
20230313;03;2023;7390323;1;1;01;;2;2158.8822634;41;1;4;1;1;0;2;2;2;;2;1;3;3;2;1;4;2;1;5;1;;;25000000;200000;;;;;;;;;;1;;;7
20230313;03;2023;7390324;1;1;01;;2;1409.3935493;41;1;4;2;1;1;2;2;2;;1;1;4;3;3;1;4;2;1;5;1;;;15000000;150000;;;1;;;;1;;;;;;5
20230313;03;2023;7390325;1;1;01;;2;1065.391313;41;1;1;4;1;0;2;2;2;;1;1;4;1;3;1;4;2;1;5;4;;;;200000;;;;;;;;;;1;;;2
20230313;03;2023;7390326;1;1;01;;2;1245.9757984;41;1;1;2;1;1;2;2;2;;1;1;3;2;2;1;3;2;1;5;4;;;;500000;;;;;;;1;;;;;;4
20230313;03;2023;7390328;1;1;01;;2;712.41924814;41;1;4;2;1;1;2;2;2;;1;1;4;1;3;1;4;2;1;5;1;;;20000000;50000;;;;;;;;;;1;;;2
20230313;03;2023;7390329;1;1;01;;2;904.96740336;41;1;1;2;1;1;2;2;2;;1;1;4;2;2;1;4;1;1;5;1;;;20000000;200000;;;;;;;;;;1;;;2
20230313;03;2023;7390330;1;1;01;;2;1264.8482665;41;1;1;2;1;1;2;2;2;;1;1;4;2;2;1;4;1;1;5;2;;1000000;98;200000;;;1;;1;;;;;;;;4
20230313;03;2023;7390331;1;1;01;;1;854.26373247;41;2;1;4;1;2;1;1;1;3;1;1;2;1;1;1;1;1;3;3;3;;;;;250000;;;;;;;;;1;;;1
20230313;03;2023;7390332;1;1;01;;2;1216.2002563;41;1;1;2;1;2;1;1;1;8;1;1;4;3;1;1;1;1;1;3;1;;;45000000;300000;;;;;;;;;;1;;;4
20230313;03;2023;7390333;1;1;01;;2;870.16096477;41;1;1;2;1;1;1;1;1;8;1;1;5;2;1;1;1;1;1;3;1;;;50000000;300000;;;;;;;;;;1;;;2
20230313;03;2023;7390334;1;1;01;;2;1035.2129327;41;1;4;2;1;2;1;1;1;8;1;1;3;2;1;1;1;1;1;3;4;;;;250000;;;;;;;;;;1;;;4
20230313;03;2023;7390335;1;1;01;;2;685.01850783;41;1;1;4;1;2;1;1;1;8;1;1;4;1;1;1;1;1;1;3;1;;;80000000;300000;;;;;;;;;;1;;;2
20230313;03;2023;7390336;1;1;01;;2;732.34540258;41;1;1;2;1;2;1;1;1;8;1;1;3;1;1;1;1;1;1;3;1;;;35000000;250000;;;1;;;;1;;;;;;1
20230313;03;2023;7390337;1;1;01;;2;1726.1780654;41;1;1;2;1;1;1;1;1;8;1;1;5;2;1;1;1;1;1;3;1;;;40000000;400000;;;1;;;;;;;;;;5
20230313;03;2023;7390339;1;1;01;;2;1019.9450223;41;1;1;2;1;1;1;1;1;8;1;1;4;3;1;1;1;1;1;3;1;;;99;99;;;;;;;;;;1;;;5
20230313;03;2023;7390340;1;1;01;;2;1373.0809981;41;1;4;2;1;2;1;1;1;8;1;1;3;2;1;1;1;1;1;3;4;;;;200000;;;;;;;;;;1;;;5
20230313;03;2023;7390341;1;1;01;;2;685.01850783;41;1;1;4;1;2;1;1;1;8;1;1;5;2;1;1;1;1;1;3;1;;;55000000;200000;;;;;;;;;;1;;;2
20230313;03;2023;7390342;1;1;01;;2;984.5769916;41;1;1;2;1;1;1;1;1;8;1;1;3;2;1;1;1;1;1;3;3;;;;;160000;;;;;;;;;1;;;4
20230313;03;2023;7390343;1;1;01;;2;1181.0839366;41;1;4;1;1;2;1;1;1;8;1;1;3;2;1;1;1;1;1;3;3;;;;;160000;;;;;;;;;1;;;3
20230313;03;2023;7390344;1;1;01;;2;917.48785952;41;1;1;2;1;1;1;1;1;8;1;1;3;1;1;1;1;1;1;3;1;;;30000000;200000;;;;;;;;;;1;;;1
20230313;03;2023;7390345;1;1;01;;2;1162.9373326;41;1;1;2;1;1;1;1;1;8;1;1;3;2;1;1;1;1;1;3;3;;;;;250000;;1;;;;;;;;;;3
20230313;03;2023;7390346;1;1;01;;1;333.78631358;41;1;4;4;1;3;1;1;1;2;1;1;7;3;1;1;1;1;1;3;1;;;65000000;350000;;;;;;;;;;1;;;3
20230313;03;2023;7390347;1;1;01;;1;615.704552;41;1;1;4;1;2;1;1;1;2;1;1;4;2;1;1;1;1;1;3;1;;;130000000;400000;;;;;;;;;;1;;;1
20230313;03;2023;7390348;1;1;01;;1;1006.9793809;41;1;1;4;1;2;1;1;1;2;1;1;3;2;1;1;1;1;1;3;3;;;;;550000;;1;;;;1;;;;;;4
20230313;03;2023;7390350;1;1;01;;1;342.31633595;41;1;4;4;1;2;1;1;1;2;1;1;3;2;1;1;1;1;1;3;1;;;35000000;250000;;;;;;;;;;1;;;2
20230313;03;2023;7390352;1;1;01;;1;479.24287034;41;1;4;2;1;2;1;1;1;2;1;1;3;2;1;1;1;1;1;3;1;;;99;250000;;;;;;;;;;1;;;2
20230313;03;2023;7390353;1;1;01;;1;689.41841343;41;1;1;4;1;2;1;1;1;2;1;1;4;2;1;1;1;1;1;3;3;;;;;500000;;1;;;;;;;;;;3
20230313;03;2023;7390354;1;1;01;;1;702.64826379;41;1;1;4;1;2;1;1;1;2;1;1;3;1;1;1;1;1;1;3;3;;;;;250000;;1;;;;;;;;;;1
20230313;03;2023;7390355;1;1;01;;1;568.21867185;41;2;1;4;1;2;1;1;1;2;1;1;2;1;1;1;1;1;1;3;3;;;;;100000;;1;;;;;;;;;;1
20230313;03;2023;7390356;1;1;01;;1;467.30083901;41;1;1;4;1;2;1;1;1;2;1;1;4;3;1;1;1;1;1;3;1;;;85000000;600000;;;1;;;;;;;;;;3
20230313;03;2023;7390357;1;1;01;;1;558.27757295;41;1;1;4;1;2;1;1;1;1;1;1;4;3;1;1;1;1;1;3;1;;;99;300000;;;;;;;;;;1;;;4
20230313;03;2023;7390358;1;1;01;;1;1204.8599625;41;1;1;4;1;2;1;1;1;2;1;1;5;3;1;1;1;1;1;3;1;;;50000000;350000;;;1;;;;;;;;;;4
20230313;03;2023;7390359;1;1;01;;1;377.81820111;41;1;4;2;1;2;1;1;1;2;1;1;3;1;1;1;1;1;1;3;1;;;25000000;250000;;;;;;;;;;1;;;1
20230313;03;2023;7390360;1;1;01;;1;370.36861474;41;1;1;4;1;2;1;1;1;2;1;1;3;2;1;1;1;1;1;3;4;;;;400000;;;;;;;;;;1;;;2
20230313;03;2023;7390361;1;1;01;;1;1007.4591773;41;1;1;2;1;2;1;1;1;2;1;1;3;2;1;1;1;1;1;3;1;;;40000000;250000;;;;;;;;;;1;;;4
20230313;03;2023;7390362;1;1;01;;1;372.16890885;41;1;4;2;1;2;1;1;1;2;1;1;3;2;1;1;1;1;1;3;1;;;98;300000;;;;;;;;;;1;;;3
20230313;03;2023;7390364;1;1;01;;1;342.31633595;41;1;1;4;1;2;1;1;1;2;1;1;4;3;1;1;1;1;1;3;4;;;;150000;;;;;;;;;;1;;;2
20230313;03;2023;7390365;1;1;01;;1;439.78896571;41;2;1;4;1;2;1;1;1;2;1;1;4;1;1;1;1;1;1;3;1;;;120000000;500000;;;1;;;;;;;;;;1
20230313;03;2023;7390366;1;1;01;;1;342.31633595;41;1;1;4;1;2;1;1;1;2;1;1;4;1;1;1;1;1;1;3;1;;;99;300000;;;;;;;;;;1;;;2
20230313;03;2023;7390367;1;1;01;;1;692.46348499;41;1;1;4;1;2;1;1;1;2;1;1;3;2;1;1;1;1;1;3;3;;;;;200000;;;;;;;;;1;;;2
20230313;03;2023;7390368;1;1;01;;1;499.9905595;41;1;1;4;1;2;1;1;1;2;1;1;4;2;1;1;1;1;1;3;1;;;99;300000;;;;;;;;;;1;;;3
20230313;03;2023;7390369;1;1;01;;1;434.27156013;41;1;1;4;1;2;1;1;1;2;1;1;4;3;1;1;1;1;1;3;1;;;100000000;350000;;;;;;;;;;1;;;3
20230313;03;2023;7390370;1;1;01;;1;722.31605789;41;1;1;4;1;2;1;1;1;2;1;1;3;2;1;1;1;1;1;3;4;;;;200000;;;;;;;;1;;;;;3
20230313;03;2023;7390371;1;1;01;;1;855.14521111;41;1;1;4;1;2;1;1;1;2;1;1;4;1;1;1;1;1;1;3;1;;;60000000;200000;;;;;;;;;;1;;;1
20230313;03;2023;7390372;1;1;01;;1;665.61509769;41;1;1;2;1;2;1;1;1;2;1;1;3;2;1;1;1;1;1;3;1;;;60000000;200000;;;;;;;;;;1;;;2
20230313;03;2023;7390374;1;1;01;;1;855.14521111;41;1;1;2;1;2;1;1;1;2;1;1;3;1;1;1;1;1;1;3;1;;;40000000;99;;;;;;;;;;1;;;1
20230313;03;2023;7390375;1;1;01;;1;775.38551799;41;1;1;4;1;2;1;1;1;2;1;1;4;3;1;1;1;1;1;3;1;;;50000000;350000;;;1;;;;;;;;;;4
20230313;03;2023;7390376;1;1;01;;1;1532.2903891;41;1;1;4;1;2;1;1;1;2;1;1;3;2;1;1;1;1;1;3;1;;;35000000;280000;;;;;;;;;;1;;;3
20230313;03;2023;7390377;1;1;01;;1;734.64650216;41;1;1;4;1;2;1;1;1;2;1;1;4;1;1;1;1;1;1;3;1;;;99;300000;;;;;;;;;;1;;;1
20230313;03;2023;7390378;1;1;01;;1;1263.5984576;41;1;1;2;1;2;1;1;1;2;1;1;4;2;1;1;1;1;1;3;4;;;;250000;;;1;;;;;;;;;;5
20230313;03;2023;7390380;1;1;01;;1;972.20386569;41;1;4;2;1;2;1;1;1;2;1;1;4;2;1;1;1;1;1;3;4;;;;300000;;;;;;;;;;1;;;3
20230313;03;2023;7390381;1;1;01;;1;550.98487662;41;1;1;2;1;2;1;1;1;2;1;1;3;1;1;1;1;1;1;3;1;;;45000000;250000;;;;;;;;;;1;;;1
20230313;03;2023;7390382;1;1;01;;1;860.62883894;41;1;1;4;1;2;1;1;1;2;1;1;3;2;1;1;1;1;1;3;1;;;99;300000;;;;;;;;;;1;;;3
20230313;03;2023;7390383;1;1;01;;1;923.07403769;41;1;1;2;1;2;1;1;1;2;1;1;3;1;1;1;1;1;1;3;4;;;;200000;;;1;;;;;;;;;;1
20230313;03;2023;7390384;1;1;01;;1;1931.8668278;41;1;1;4;1;2;1;1;1;2;1;1;3;2;1;1;1;1;1;3;3;;;;;250000;;;;;;;;;1;;;4
20230313;03;2023;7390385;1;1;01;;1;1701.9252518;41;1;1;2;1;2;1;1;1;2;1;1;3;2;1;1;1;1;1;3;3;;;;;200000;;;;;;;;;1;;;3
20230313;03;2023;7390386;1;1;01;;1;1149.2177918;41;1;1;4;1;2;1;1;1;2;1;1;3;2;1;1;1;1;1;3;1;;;65000000;250000;;;;;;;;;;1;;;3
20230313;03;2023;7390387;1;1;01;;1;869.81175735;41;1;1;2;1;2;1;1;1;2;1;1;3;1;1;1;1;1;1;3;3;;;;;250000;1;;;;;;;;;;;2
20230313;03;2023;7390388;1;1;01;;1;860.62883894;41;1;1;4;1;2;1;1;1;2;1;1;4;3;1;1;1;1;1;3;1;;;100000000;400000;;;1;;;;;;;;;;3
20230313;03;2023;7390389;1;1;01;;1;904.16384108;41;1;1;4;1;2;1;1;1;2;1;1;4;2;1;1;1;1;1;3;1;;;99;400000;;;1;;;;;;;;;;4
20230313;03;2023;7390390;1;1;01;;1;1216.9252633;41;1;1;4;1;2;1;1;1;2;1;1;4;2;1;1;1;1;1;3;4;;;;300000;;;;;;;1;;;;;;2
20230313;03;2023;7390391;1;1;01;;1;1586.5192324;41;1;1;2;1;2;1;1;1;2;1;1;3;2;1;1;1;1;1;3;1;;;50000000;350000;;;;;;;;;;1;;;7
20230313;03;2023;7390392;1;1;01;;1;1005.4018529;41;1;1;2;1;2;1;1;1;2;1;1;3;2;1;1;1;1;1;3;3;;;;;200000;;1;;;;;;;;;;3
20230313;03;2023;7390394;1;1;01;;1;1147.5051186;41;1;1;4;1;2;1;1;1;2;1;1;4;2;1;1;1;1;1;3;4;;;;500000;;;;;;;;;;1;;;3
20230313;03;2023;7390395;1;1;01;;2;1572.6592838;41;1;1;4;1;2;2;2;2;;1;1;4;3;2;1;4;1;1;5;1;;;40000000;200000;;;;;;;1;;;;;;4
20230313;03;2023;7390396;1;1;01;;2;1742.7843164;41;1;1;2;1;2;2;2;2;;1;1;4;2;2;1;4;1;1;5;4;;;;250000;;;1;;;;1;;;;;;4
20230313;03;2023;7390397;1;1;01;;2;1176.7839066;41;1;1;2;1;2;2;2;2;;1;1;4;2;2;1;4;1;1;5;1;;;25000000;250000;;;1;;;;1;;;;;;3
20230313;03;2023;7390398;1;1;01;;2;781.19558068;41;1;4;4;1;2;2;2;2;;1;1;3;1;2;1;4;1;1;4;1;;;35000000;80000;;;;;;;;;;1;;;2
20230313;03;2023;7390399;1;1;01;;2;1178.8148411;41;1;1;4;1;2;2;2;2;;1;1;5;4;2;1;4;1;1;4;1;;;65000000;200000;;;;;;;;;;1;;;5
20230313;03;2023;7390400;1;1;01;;2;745.88742235;41;1;4;1;1;2;2;2;2;;2;1;2;1;2;1;3;6;1;5;1;;;15000000;98;;;;;;;;;;1;;;1
20230313;03;2023;7390401;1;1;01;;2;1271.5192658;41;1;1;4;1;1;2;2;2;;1;1;3;2;2;1;4;1;1;5;1;;;98;200000;;;1;;;;1;;;;;;5
20230313;03;2023;7390402;1;1;01;;2;801.60292904;41;1;4;4;1;2;2;2;2;;1;1;3;1;2;1;4;1;1;5;4;;;;100000;;;;;;;;;;1;;;2
20230313;03;2023;7390403;1;1;01;;2;970.67288883;41;1;1;4;1;2;2;2;2;;1;1;4;4;2;1;4;1;1;4;1;;;98;200000;;;;;;;;;;1;;;3
20230313;03;2023;7390404;1;1;01;;2;991.08023718;41;1;4;2;1;2;2;2;2;;1;1;4;2;2;1;4;1;1;5;1;;;15000000;100000;;;1;;;;1;;;;;;3
20230313;03;2023;7390405;1;1;01;;2;1370.0348535;41;1;4;2;1;1;2;2;2;;1;1;2;2;3;1;4;2;1;5;1;;;99;150000;;;;;;;;;;1;;;5
20230313;03;2023;7390406;1;1;01;;2;992.33216678;41;1;4;2;1;2;2;2;2;;1;1;4;2;2;1;4;1;1;5;1;;;12000000;100000;;;;;;;;;;1;;;2
20230313;03;2023;7390407;1;1;01;;2;745.88742235;41;1;4;2;1;1;2;2;2;;1;1;3;1;2;1;4;2;1;5;4;;;;100000;;;;;;;;;;1;;;1
20230313;03;2023;7390408;1;1;01;;2;2097.2708942;41;1;4;2;1;2;2;2;2;;1;1;4;3;2;1;4;1;1;5;4;;;;120000;;;;;;;;;;1;;;5
20230313;03;2023;7390409;1;1;01;;2;1217.1176333;41;1;4;2;1;2;2;2;2;;1;1;2;2;2;1;3;2;1;5;1;;;30000000;100000;;;;;;;;;;1;;;4
20230313;03;2023;7390410;1;1;01;;2;1176.7839066;41;1;4;2;1;2;2;2;2;;1;1;3;2;2;1;4;1;1;5;1;;;17000000;100000;;;;;;;1;;;;;;3
20230313;03;2023;7390411;1;1;01;;2;2137.3175695;41;1;4;2;1;0;2;2;2;;1;1;4;4;3;2;4;2;1;5;1;;;20000000;200000;;;;;;;;;;1;;;6
20230313;03;2023;7390412;1;1;01;;2;781.19558068;41;1;4;1;1;2;2;2;2;;1;1;3;1;2;1;4;1;1;4;1;;;12000000;80000;;;;;;;;;;1;;;2
20230313;03;2023;7390413;1;1;01;;2;2302.3268392;41;1;4;1;1;0;2;2;2;;2;1;2;2;6;;4;2;1;5;1;;;99;150000;;;;;;;;;;1;;;6
20230313;03;2023;7390414;1;1;01;;2;1298.7233769;41;1;4;2;1;1;2;2;2;;1;1;4;2;2;1;4;1;1;4;1;;;40000000;150000;;;;;;;;;;1;;;4
20230313;03;2023;7390415;1;1;01;;2;835.16720423;41;1;1;2;1;2;2;2;2;;1;1;3;1;2;1;4;1;1;4;1;;;200000000;300000;;;1;;;;1;;;;;;1
20230313;03;2023;7390416;1;1;01;;2;712.4058133;41;1;4;2;1;1;2;2;2;;2;1;4;3;2;2;3;2;1;5;1;;;99;99;;;;;;;;;;1;;;3
20230313;03;2023;7390417;1;1;01;;2;781.19558068;41;1;4;2;1;1;2;2;2;;1;1;4;1;2;1;4;1;1;5;4;;;;120000;;;;;;;;;;1;;;2
20230313;03;2023;7390418;1;1;01;;2;625.77450127;41;1;1;4;1;0;2;2;2;;1;1;3;2;2;1;5;2;1;5;4;;;;300000;;;;;;;;;;1;;;3
20230313;03;2023;7390419;1;1;01;;2;1048.0476735;41;1;1;2;1;1;2;2;2;;1;1;4;2;2;1;4;1;1;5;1;;;35000000;130000;;;;;;;;;;1;;;3
20230313;03;2023;7390420;1;1;01;;2;1113.0197075;41;1;4;1;1;2;2;2;2;;2;1;1;1;2;1;4;2;1;5;1;;;20000000;100000;;;1;;;;;;;;;;4
20230313;03;2023;7390421;1;1;01;;2;1488.2006851;41;1;4;2;1;1;2;2;2;;1;1;4;3;2;1;4;1;1;5;1;;;60000000;100000;;;;;;;;;;1;;;5
20230313;03;2023;7390422;1;1;01;;2;781.19558068;41;1;1;2;1;1;2;2;2;;2;1;3;1;2;1;4;2;1;4;1;;;99;100000;;;;;;;;;;1;;;2
20230313;03;2023;7390423;1;1;01;;2;2023.7152986;41;1;4;2;1;1;2;2;2;;1;1;6;4;2;1;4;1;1;5;1;;;40000000;200000;;;;;;;;;;1;;;9
20230313;03;2023;7390424;1;1;01;;2;475.09175255;41;1;1;2;1;1;1;1;1;3;1;1;3;2;1;1;1;1;1;3;3;;;;;250000;;1;;;;;;;;;;3
20230313;03;2023;7390425;1;1;01;;2;400.62480936;41;1;1;2;1;2;1;1;1;1;1;1;3;2;1;1;1;1;1;3;1;;;40000000;150000;;;;;;;;;;1;;;2
20230313;03;2023;7390426;1;1;01;;2;475.09175255;41;1;1;2;1;1;1;1;1;3;1;1;2;2;1;1;1;1;1;3;1;;;99;320000;;;;;;;;;;1;;;3
20230313;03;2023;7390428;1;1;01;;2;353.8075151;41;1;1;2;1;2;1;1;1;3;1;1;1;1;1;1;1;1;1;3;1;;;99;300000;;;;;;;;;;1;;;3
20230313;03;2023;7390429;1;1;01;;2;300.62459156;41;1;1;2;1;2;1;1;1;3;1;1;1;1;1;1;1;1;2;3;1;;;99;200000;;;;;;;;;;1;;;2
20230313;03;2023;7390430;1;1;01;;2;252.27277597;41;1;1;4;1;1;1;1;1;3;1;1;5;4;1;1;1;1;1;3;4;;;;200000;;;;;;;;;;1;;;5
20230313;03;2023;7390431;1;1;01;;2;400.11937975;41;2;1;2;1;1;2;1;1;3;1;1;2;1;1;1;1;1;1;4;3;;;;;250000;;;;;;;;;1;;;3
20230313;03;2023;7390432;1;1;01;;2;249.37708977;41;1;1;2;1;1;1;1;1;3;1;1;5;3;1;1;1;1;1;3;1;;;100000000;300000;;;;;;;;;;1;;;3
20230313;03;2023;7390433;1;1;01;;2;249.37708977;41;1;1;4;1;1;1;1;1;3;1;1;3;2;1;1;1;1;1;3;4;;;;250000;;;;;;;;;;1;;;2
20230313;03;2023;7390434;1;1;01;;2;315.38464746;41;1;1;4;1;1;1;1;1;3;1;1;4;1;1;1;1;1;1;3;1;;;100000000;500000;;;;;;;;;;1;;;2
20230313;03;2023;7390437;1;1;01;;2;421.58202963;41;1;4;2;1;1;2;1;1;2;1;1;3;1;1;1;1;1;1;4;1;;;6000000;80000;;;;;;;;;;1;;;1
20230313;03;2023;7390438;1;1;01;;2;421.58202963;41;1;1;2;1;1;2;1;1;8;1;1;2;1;1;1;1;1;5;5;1;;;99;99;;;;;;;;;;1;;;1
20230313;03;2023;7390439;1;1;01;;2;745.74635199;41;1;4;2;1;1;2;1;1;2;1;1;4;3;1;1;1;1;1;4;4;;;;300000;;;;;;;;;;1;;;4
20230313;03;2023;7390440;1;1;01;;2;676.82510749;41;1;1;1;1;1;2;1;1;1;1;1;2;1;1;1;1;1;5;5;3;;;;;100000;;;;;;;;;1;;;3
20230313;03;2023;7390441;1;1;01;;2;591.37996207;41;1;1;2;1;1;2;1;1;2;1;1;3;1;1;1;1;1;1;4;3;;;;;250000;;1;;;;1;;;;;;1
20230313;03;2023;7390447;1;1;01;;2;3343.8016454;41;1;1;2;1;1;2;2;2;;2;1;3;2;2;1;4;2;1;5;4;;;;50000;;;;;;;;;;1;;;3
20230313;03;2023;7390448;1;1;01;;2;1880.6154782;41;1;1;2;1;1;2;2;2;;1;1;2;1;2;1;3;1;1;4;1;;;86000000;300000;;;;;;;;;;1;;;1
20230313;03;2023;7390449;1;1;01;;2;1880.6154782;41;1;1;2;1;1;1;2;2;;1;1;2;1;2;1;3;1;1;4;1;;;90000000;480000;;;1;;;;;;;;;;1
20230313;03;2023;7390450;1;1;01;;2;2345.6760039;41;1;4;1;1;1;2;2;2;;1;1;2;1;2;1;4;1;1;4;5;;;;150000;;;;;;;;;;;1;;2
20230313;03;2023;7390451;1;1;01;;2;2021.0916963;41;1;1;2;1;1;2;2;2;;1;1;3;1;2;1;4;1;1;5;4;;;;100000;;;;;;;;;;1;;;2
20230313;03;2023;7390452;1;1;01;;2;2705.3006011;41;1;4;2;1;1;2;2;2;;1;1;3;2;2;1;4;1;1;5;3;;;;;150000;;;;;;;;;1;;;3
20230313;03;2023;7390453;1;1;01;;2;4529.9562757;41;1;4;2;1;1;2;2;2;;1;1;4;3;2;1;2;1;1;4;1;;;39000000;200000;;;;;;;;;;1;;;3
20230313;03;2023;7390454;1;1;01;;2;3629.715549;41;1;4;2;1;1;2;2;2;;1;1;3;2;2;1;4;1;1;5;4;;;;150000;;;;;;;;;;1;;;3
20230313;03;2023;7390455;1;1;01;;2;4911.1145123;41;1;4;2;1;1;2;2;2;;1;1;4;3;3;1;4;1;1;5;1;;;15000000;50000;;;;;;;;;;1;;;5
20230313;03;2023;7390456;1;1;01;;2;2638.0591011;41;1;4;2;1;1;2;2;2;;1;1;3;1;2;1;4;1;1;4;1;;;30000000;150000;;;;;;;;;;1;;;1
20230313;03;2023;7390457;1;1;01;;1;369.40380172;41;1;1;2;1;2;2;1;1;2;1;1;3;1;1;1;1;1;1;4;1;;;40000000;100000;;;;;;;;;;1;;;2
20230313;03;2023;7390458;1;1;01;;1;747.25806816;41;1;1;2;1;1;1;1;1;3;1;1;3;2;1;1;1;1;1;3;4;;;;350000;;;;;;;;;;1;;;2
20230313;03;2023;7390459;1;1;01;;1;949.62384581;41;1;1;2;1;1;1;1;1;3;1;1;3;2;1;1;1;1;1;3;3;;;;;300000;;;;;;;;;;1;;4
20230313;03;2023;7390460;1;1;01;;1;643.63878575;41;1;1;2;1;1;2;1;1;3;1;1;3;1;1;1;1;1;1;4;3;;;;;150000;;;;;;;;;1;;;2
20230313;03;2023;7390461;1;1;01;;1;407.71492678;41;1;1;2;1;1;1;1;1;3;1;1;2;1;1;1;1;1;1;3;1;;;76000000;200000;;;;;;;;;;;1;;1
20230313;03;2023;7390463;1;1;01;;1;1106.1458402;41;1;1;2;1;1;2;1;1;3;1;1;4;3;1;1;1;1;1;4;1;;;38000000;180000;;;;;;;;;;1;;;3
20230313;03;2023;7390464;1;1;01;;1;718.55236385;41;1;1;2;1;2;1;1;1;2;1;1;3;1;1;1;1;1;1;3;4;;;;80000;;;;;;;;;;1;;;1
20230313;03;2023;7390465;1;1;01;;1;1070.6450076;41;1;1;2;1;1;1;1;1;2;1;1;3;2;1;1;1;1;1;3;1;;;50000000;100000;;;;;;;;;;1;;;3
20230313;03;2023;7390466;1;1;01;;1;369.40380172;41;1;1;2;1;1;2;1;1;3;1;1;4;1;1;1;1;1;1;4;1;;;98;200000;;;;;;;;;;1;;;2
20230313;03;2023;7390467;1;1;01;;1;437.98698026;41;1;1;2;1;1;1;1;1;3;1;1;2;1;1;1;1;1;1;3;4;;;;300000;;;;;;;;;;1;;;1
20230313;03;2023;7390468;1;1;01;;2;1707.1749597;41;1;4;2;1;1;1;2;2;;1;1;3;2;2;1;4;1;1;3;4;;;;150000;;;1;;;;;;;;;;2
20230313;03;2023;7390469;1;1;01;;2;3891.4552314;41;1;4;1;1;1;2;2;2;;1;1;4;2;2;1;4;1;1;5;4;;;;200000;;;;;;;;;;1;;;3
20230313;03;2023;7390470;1;1;01;;2;2638.0591011;41;1;4;2;1;1;1;2;2;;1;1;3;1;2;1;4;1;1;5;1;;;98;150000;;;;;;;;;;1;;;1
20230313;03;2023;7390471;1;1;01;;2;2501.9797578;41;1;4;2;1;1;1;2;2;;1;1;4;2;2;1;3;1;1;3;1;;;98;180000;;;;;;;;;;1;;;2
20230313;03;2023;7390472;1;1;01;;2;2021.0916963;41;1;4;2;1;1;1;2;2;;1;1;3;1;2;1;4;1;1;3;1;;;70000000;100000;;;;;;;;;;1;;;2
20230313;03;2023;7390473;1;1;01;;2;1557.4083684;41;1;1;2;1;1;1;2;2;;1;1;3;1;2;1;4;1;1;3;1;;;80000000;150000;;;;;;;;;;1;;;2
20230313;03;2023;7390474;1;1;01;;2;2638.0591011;41;1;4;2;1;1;1;2;2;;1;1;3;1;2;1;4;1;1;4;1;;;30000000;50000;;;;;;;;;;1;;;1
20230313;03;2023;7390475;1;1;01;;2;4017.3429792;41;1;1;2;1;1;1;2;2;;1;1;3;2;2;1;4;1;1;3;5;;;;350000;;;;;;;;;;1;;;4
20230313;03;2023;7390476;1;1;01;;2;1877.4589721;41;1;1;4;1;1;1;2;2;;1;1;3;2;2;1;5;1;1;3;1;;;88000000;290000;;;;;;;;;;;1;;2
20230313;03;2023;7390477;1;1;01;;2;1969.6383884;41;1;1;2;1;1;1;2;2;;1;1;3;1;2;1;5;1;1;3;1;;;120000000;350000;;;1;;;;;;;;;;2
20230313;03;2023;7390478;1;1;01;;1;1164.2789473;41;1;4;2;1;2;1;2;1;2;1;1;4;3;2;1;1;1;1;3;4;;;;150000;;;;;;;;;;1;;;6
20230313;03;2023;7390479;1;1;01;;1;298.5081226;41;1;1;2;1;1;1;1;1;3;1;1;3;1;1;1;1;1;1;3;1;;;40000000;200000;;;;;;;;;;1;;;2
20230313;03;2023;7390480;1;1;01;;1;551.96083335;41;1;1;2;1;1;1;1;1;3;1;1;3;1;1;1;1;1;3;3;4;;;;200000;;;;;;;;;;1;;;1
20230313;03;2023;7390482;1;1;01;;1;1187.0298073;41;1;1;4;1;1;1;1;1;3;1;1;3;2;1;1;1;1;1;3;1;;;120000000;450000;;;;;;;;;;1;;;4
20230313;03;2023;7390483;1;1;01;;1;517.45677407;41;2;1;2;1;1;1;1;1;3;1;1;3;2;1;1;1;1;1;3;4;;;;230000;;;1;;;;;;;;;;3
20230313;03;2023;7390484;1;1;01;;1;741.34063926;41;1;1;2;1;1;1;1;1;3;1;1;3;2;1;1;1;1;1;3;1;;;98000000;300000;;;;;;;;;;1;;;3
20230313;03;2023;7390485;1;1;01;;1;642.67345707;41;1;1;2;1;1;1;1;1;3;1;1;3;2;1;1;1;1;1;3;1;;;78000000;200000;;;;;;;;;;1;;;3
20230313;03;2023;7390486;1;1;01;;1;489.72595727;41;1;1;2;1;2;1;1;1;2;1;1;3;2;1;1;1;1;1;3;1;;;50000000;200000;;;;;;;;;;1;;;3
20230313;03;2023;7390487;1;1;01;;1;681.94139987;41;1;1;4;1;1;1;1;1;3;1;1;3;2;1;1;1;1;1;3;1;;;100000000;400000;;;;;;;;;;1;;;5
20230313;03;2023;7390488;1;1;01;;1;575.15736209;41;1;1;2;1;2;1;1;1;2;1;1;3;1;1;1;1;1;1;3;1;;;40000000;300000;;;;;;;;;;1;;;2
20230313;03;2023;7390490;1;1;01;;1;316.58917695;41;1;1;2;1;1;1;1;1;3;1;1;3;2;1;1;1;1;1;3;4;;;;300000;;;1;;;;;;;;;;3
20230313;03;2023;7390492;1;1;01;;1;437.6616264;41;1;1;2;1;2;1;1;1;2;1;1;3;1;1;1;1;1;1;3;3;;;;;70000;;;;;;;;;1;;;1
20230313;03;2023;7390495;1;1;01;;1;1062.9902646;41;1;1;2;1;2;1;1;1;2;1;1;3;2;1;1;1;1;1;3;1;;;80000000;300000;;;;;;;;;;1;;;3
20230313;03;2023;7390496;1;1;01;;1;929.96505039;41;1;1;4;1;2;1;1;1;3;1;1;4;2;1;1;1;1;1;3;3;;;;;400000;;1;;;1;;;;;;;3
20230313;03;2023;7390498;1;1;01;;1;994.1355039;41;1;1;4;1;1;1;1;1;3;1;1;3;2;1;1;1;1;1;3;3;;;;;290000;;;;;;;;;1;;;3
20230313;03;2023;7390499;1;1;01;;1;1800.9939966;41;1;1;2;1;2;1;1;1;2;1;1;3;2;1;1;1;1;1;3;3;;;;;420000;;;;;;;;;1;;;5
20230313;03;2023;7390500;1;1;01;;1;461.75475214;41;1;1;4;1;2;1;1;1;3;1;1;4;1;1;1;1;1;1;3;1;;;98;350000;;;;;;;;;;1;;;2
20230313;03;2023;7390501;1;1;01;;1;746.78863996;41;1;1;2;1;1;1;1;1;3;1;1;3;2;1;1;1;1;1;3;4;;;;380000;;;;;;;;;;1;;;4
20230313;03;2023;7390502;1;1;01;;1;717.27633424;41;1;1;2;1;2;1;1;1;2;1;1;3;1;1;1;1;1;1;3;3;;;;;350000;;;;;;;;;1;;;2
20230313;03;2023;7390503;1;1;01;;1;509.64365847;41;1;1;2;1;2;1;1;1;3;1;1;3;1;1;1;1;1;1;3;4;;;;350000;;;;;;;;;;1;;;1
20230313;03;2023;7390504;1;1;01;;1;853.81441409;41;1;1;4;1;1;1;1;1;3;1;1;2;1;1;1;1;1;1;3;4;;;;390000;;;;;;;;;;1;;;1
20230313;03;2023;7390505;1;1;01;;2;2475.8918688;76;2;1;2;1;1;1;1;1;3;1;1;3;3;1;1;1;1;1;3;2;;98;98;350000;;;1;;;;;;;;;;4
20230313;03;2023;7390506;1;1;01;;2;1992.3206791;76;1;1;2;1;1;2;2;2;;2;1;4;3;2;1;4;5;1;4;1;;;98;300000;;;1;;;;;;;;;;4
20230313;03;2023;7390507;1;1;01;;1;251.20331402;17;2;1;4;1;1;1;1;1;2;1;1;5;2;1;1;1;1;1;3;1;;;100000000;600000;;;1;;;;;;;;;;3
20230313;03;2023;7390508;1;1;01;;1;382.40287456;17;2;1;4;1;1;2;1;1;2;1;1;2;2;1;1;1;1;1;4;3;;;;;420000;;1;;;;;;;;;;3
20230313;03;2023;7390509;1;1;01;;1;469.43928552;17;2;1;4;1;1;2;1;1;2;1;1;2;2;1;1;1;1;1;4;3;;;;;200000;;1;;;;;;;;;;3
20230313;03;2023;7390510;1;1;01;;1;310.60209283;17;1;1;2;1;1;1;1;1;2;1;1;4;3;1;1;1;1;1;3;1;;;98;300000;;;1;;;;;;;;;;5
20230313;03;2023;7390511;1;1;01;;1;697.96751055;17;2;1;4;1;1;2;1;1;2;1;1;3;2;1;1;1;1;1;4;3;;;;;300000;;1;;;;;;;;;;3
20230313;03;2023;7390512;1;1;01;;1;299.46142114;17;2;1;4;1;1;1;1;1;2;1;1;3;1;1;1;1;1;1;3;3;;;;;200000;;;;;;;;;1;;;1
20230313;03;2023;7390513;1;1;01;;1;902.02159536;17;2;1;4;1;1;2;1;1;2;1;1;3;2;1;1;1;1;1;4;3;;;;;350000;;;;;;;;;1;;;4
20230313;03;2023;7390514;1;1;01;;1;501.83204247;17;2;1;4;1;1;2;1;1;2;1;1;3;2;1;1;1;1;1;4;3;;;;;280000;;1;;;;;;;;;;3
20230313;03;2023;7390517;1;1;01;;1;419.79487024;17;2;1;2;1;1;2;1;1;2;1;1;3;2;1;1;1;1;1;4;4;;;;300000;;;;;;;;;;1;;;5
20230313;03;2023;7390518;1;1;01;;1;404.27291854;17;2;1;2;1;2;2;1;1;2;1;1;3;1;1;1;1;1;1;4;3;;;;;200000;;;;;;;;;1;;;1
20230313;03;2023;7390519;1;1;01;;1;912.01521059;17;1;1;4;1;1;2;1;1;2;1;1;2;1;1;1;1;1;1;4;4;;;;300000;;;1;;;;;;;;;;3
20230313;03;2023;7390520;1;1;01;;1;903.08457644;17;2;1;4;1;1;2;1;1;2;1;1;4;3;1;1;1;1;1;4;3;;;;;300000;;1;;;;;;;;;;6
20230313;03;2023;7390521;1;1;01;;1;581.84868159;17;1;1;2;1;2;2;1;1;2;1;1;4;1;1;1;1;1;1;4;2;;460000;80000000;300000;;;1;;1;1;;;1;;;PRESTAMO DE MICRONEGOCIO;1
20230313;03;2023;7390522;1;1;01;;1;1129.4623977;17;2;1;4;1;1;2;1;1;2;1;1;3;2;1;1;1;1;1;4;3;;;;;220000;;1;;;;;;;;;;4
20230313;03;2023;7390524;1;1;01;;1;461.36034464;17;2;1;4;1;1;2;1;1;2;1;1;3;1;1;1;1;1;1;4;4;;;;200000;;;;;;;;;;1;;;1
20230313;03;2023;7390525;1;1;01;;1;404.27291854;17;1;1;4;1;1;2;1;1;2;1;1;3;1;1;1;1;1;1;4;4;;;;600000;;;1;;;;;;;;;;1
20230313;03;2023;7390526;1;1;01;;1;461.36034464;17;2;1;4;1;1;2;1;1;2;1;1;3;1;1;1;1;1;1;4;3;;;;;350000;;1;;;;;;;;;;1
20230313;03;2023;7390527;1;1;01;;1;548.27544009;17;2;1;4;1;1;2;1;1;2;1;1;3;1;1;1;1;1;1;4;3;;;;;250000;;1;;;;;;;;;;2
20230313;03;2023;7390528;1;1;01;;1;680.09956695;17;4;1;4;1;2;2;1;1;2;1;1;1;1;1;1;1;1;3;4;4;;;;300000;;;1;;;;;;;;;;1
20230313;03;2023;7390530;1;1;01;;1;449.19213171;17;1;1;4;1;2;1;1;1;2;1;1;4;1;1;1;1;1;1;3;1;;;98;500000;;;1;;;;;;;;;;1
20230313;03;2023;7390531;1;1;01;;1;349.6354312;17;2;1;4;1;2;1;1;1;2;1;1;4;1;1;1;1;1;1;3;1;;;100000000;400000;;;1;;;;;;;;;;2
20230313;03;2023;7390532;1;1;01;;1;385.89636482;17;1;4;3;1;2;2;1;1;2;1;1;3;1;1;1;1;1;1;4;4;;;;400000;;;1;;;;;;;;;;1
20230313;03;2023;7390535;1;1;01;;1;449.19213171;17;1;1;4;1;2;1;1;1;2;1;1;4;1;1;1;1;1;1;3;1;;;200000000;600000;;;1;;;;;1;;;;;1
20230313;03;2023;7390536;1;1;01;;1;1013.350234;17;2;1;4;1;2;2;1;1;2;1;1;3;2;1;1;1;1;1;4;3;;;;;250000;;1;;;;;;;;;;3
20230313;03;2023;7390537;1;1;01;;1;385.89636482;17;2;1;4;1;2;2;1;1;2;1;1;3;1;1;1;1;1;1;4;3;;;;;280000;;1;;;;;;;;;;1
20230313;03;2023;7390539;1;1;01;;2;533.89797035;17;1;1;4;1;1;2;2;2;;2;1;3;2;3;1;4;2;1;4;1;;;50000000;200000;;;;;;;;;;1;;;3
20230313;03;2023;7390540;1;1;01;;2;429.68000835;17;1;1;2;1;1;2;2;2;;2;1;2;1;2;1;4;2;1;5;1;;;98;100000;;;;;;;;;;1;;;2
20230313;03;2023;7390541;1;1;01;;2;770.90341369;17;1;1;2;1;1;2;2;2;;2;1;3;3;3;1;4;2;1;4;1;;;98;200000;;;;;;;;;;1;;;5
20230313;03;2023;7390542;1;1;01;;2;429.68000835;17;1;1;4;1;1;2;2;2;;2;1;2;1;3;1;3;2;1;4;1;;;50000000;150000;;;;;;;;;;1;;;2
20230313;03;2023;7390543;1;1;01;;2;429.68000835;17;1;1;2;1;1;2;2;2;;2;1;3;1;3;1;4;2;1;5;1;;;50000000;200000;;;;;;;;;;1;;;2
20230313;03;2023;7390544;1;1;01;;2;614.33814112;17;1;1;2;1;1;2;2;2;;2;1;3;3;2;1;4;2;1;4;1;;;20000000;100000;;;;;;;;;;1;;;3
20230313;03;2023;7390545;1;1;01;;2;545.12259812;17;1;1;2;1;1;2;2;2;;2;1;3;2;2;1;4;2;1;4;4;;;;100000;;;;;;;;;;1;;;3
20230313;03;2023;7390546;1;1;01;;2;496.75021962;17;1;1;4;1;1;2;2;2;;2;1;2;2;2;1;3;2;1;4;1;;;50000000;150000;;;1;;;;1;;;;;;3
20230313;03;2023;7390547;1;1;01;;2;545.12259812;17;1;1;2;1;1;2;2;2;;2;1;3;2;2;1;4;2;1;5;1;;;98;98;;;;;;;;;;1;;;3
20230313;03;2023;7390548;1;1;01;;2;613.84059245;17;1;1;2;1;1;2;2;2;;2;1;3;2;2;1;4;2;1;4;1;;;50000000;500000;;;;;;;;;;1;;;5
20230313;03;2023;7390549;1;1;01;;2;429.68000835;17;1;1;2;1;1;2;2;2;;2;1;4;1;2;1;3;2;1;5;1;;;98;200000;;;;;;;;;;1;;;2
20230313;03;2023;7390550;1;1;01;;2;459.36595157;17;1;4;2;1;1;2;2;2;;2;1;2;1;3;1;4;2;1;5;4;;;;350000;;;;;;;;;;1;;;1
20230313;03;2023;7390551;1;1;01;;2;533.89797035;17;1;1;2;1;1;2;2;2;;2;1;3;3;2;1;4;2;1;5;1;;;98;50000;;;;;;;;;;1;;;3
20230313;03;2023;7390553;1;1;01;;2;429.68000835;17;1;1;2;1;1;2;2;2;;2;1;2;1;3;1;4;2;1;5;4;;;;400000;;;;;;;;;;1;;;2
20230313;03;2023;7390554;1;1;01;;2;647.26495041;17;1;1;3;1;1;2;2;2;;2;1;2;1;3;1;4;2;1;5;4;;;;300000;;;;;;;;;;1;;;3
20230313;03;2023;7390555;1;1;01;;2;459.36595157;17;1;5;2;1;1;2;2;2;;2;1;2;1;3;1;3;2;1;5;1;;;30000000;200000;;;1;;;;;;;;;;1
20230313;03;2023;7390556;1;1;01;;2;459.36595157;17;1;1;2;1;1;2;2;2;;2;1;2;1;2;1;5;2;1;5;4;;;;200000;;;1;;;;1;;;;;;1
20230313;03;2023;7390557;1;1;01;;2;410.25950708;17;1;1;2;1;1;2;2;2;;2;1;1;1;2;1;4;2;1;4;4;;;;100000;;;;;;;;;;1;;;1
20230313;03;2023;7390558;1;1;01;;2;584.6521979;17;1;1;2;1;1;2;2;2;;2;1;4;3;2;1;3;2;1;5;1;;;98;100000;;;;;;;;;;1;;;4
20230313;03;2023;7390559;1;1;01;;2;455.84389675;17;4;1;2;1;1;2;2;2;;2;1;1;1;3;1;4;2;1;4;4;;;;200000;;;1;;;;;;;;;;1
20230313;03;2023;7390560;1;1;01;;2;719.18327824;17;1;5;4;1;1;2;2;2;;2;1;3;2;2;1;4;2;1;5;1;;;20000000;100000;;;;;;;;;1;;;PRESTAMO DE MICRONEGOCIO;3
20230313;03;2023;7390561;1;1;01;;2;639.4412651;17;1;2;2;1;1;2;2;2;;2;1;2;1;4;1;4;2;1;5;1;;;30000000;100000;;;;;;;;;;1;;;1
20230313;03;2023;7390562;1;1;01;;2;477.4222315;17;1;5;3;1;1;2;2;2;;2;1;2;1;2;1;3;2;1;5;1;;;20000000;98;;;;;;;;;;1;;;2
20230313;03;2023;7390563;1;1;01;;2;510.40661286;17;1;5;3;1;1;2;2;2;;2;1;2;1;2;1;4;2;1;5;1;;;25000000;100000;;;;;;;;;;1;;;1
20230313;03;2023;7390564;1;1;01;;2;639.4412651;17;1;2;2;1;1;2;2;2;;2;1;3;1;3;1;4;2;1;5;1;;;120000000;98;;;;;;;;;;1;;;1
20230313;03;2023;7390565;1;1;01;;2;377.50146572;17;1;5;1;1;1;2;2;2;;2;1;2;1;3;1;4;2;1;5;4;;;;100000;;;;;;;;;;1;;;1
20230313;03;2023;7390566;1;1;01;;2;510.40661286;17;1;5;3;1;1;2;2;2;;2;1;3;1;3;1;3;2;1;5;1;;;15000000;100000;;;;;;;;;;1;;;1
20230313;03;2023;7390567;1;1;01;;2;510.40661286;17;1;8;1;2;;2;2;2;;2;1;1;1;6;;3;2;2;5;1;;;98;98;;;;;;;;;;1;;;1
20230313;03;2023;7390568;1;1;01;;2;357.284629;17;1;1;2;1;1;2;1;1;2;1;1;2;1;1;1;1;1;2;4;3;;;;;500000;;;;;;;;;1;;;1
20230313;03;2023;7390569;1;1;01;;2;334.19556205;17;1;1;4;1;1;2;1;1;2;1;1;3;1;1;1;1;1;1;4;1;;;98;200000;;;1;;;;;;;;;;2
20230313;03;2023;7390570;1;1;01;;2;386.36128193;17;2;1;2;1;1;2;1;1;2;1;1;4;2;1;1;1;1;3;4;1;;;50000000;200000;;;;;;;;;;1;;;3
20230313;03;2023;7390571;1;1;01;;2;397.99920388;17;2;1;2;1;1;2;1;1;2;1;1;3;2;1;1;1;1;1;4;3;;;;;70000;;1;;;;;;;;;;2
20230313;03;2023;7390572;1;1;01;;2;342.92582809;17;1;1;3;1;1;2;1;1;2;1;1;3;1;1;1;1;1;1;4;1;;;30000000;200000;;;1;;;;;;;;;;2
20230313;03;2023;7390573;1;1;01;;2;334.19556205;17;1;1;2;1;1;2;1;1;2;1;1;3;1;1;1;1;1;1;4;4;;;;200000;;;;;;;;;;1;;;2
20230313;03;2023;7390575;1;1;01;;2;342.92582809;17;1;1;4;1;1;2;1;1;2;1;1;5;1;1;1;1;1;1;4;1;;;200000000;500000;;;1;;;;;;;;;;2
20230313;03;2023;7390577;1;1;01;;2;334.19556205;17;1;1;4;1;1;2;1;1;2;1;1;2;1;1;1;1;1;1;4;1;;;150000000;500000;;;;;;;;;;1;;;2
20230313;03;2023;7390578;1;1;01;;2;319.09072773;17;1;5;3;1;1;2;1;1;2;1;1;4;1;1;1;1;1;1;4;1;;;98;300000;;;;;;;;;;1;;;1
20230313;03;2023;7390580;1;1;01;;2;129.35053405;63;1;1;4;1;1;2;2;2;;1;1;3;1;2;1;4;1;1;4;6;;;;400000;;;;;;;;;;1;;;1
20230313;03;2023;7390581;1;1;01;;2;178.21164546;63;1;4;4;1;1;2;2;2;;1;1;3;2;2;1;4;1;1;5;6;;;;350000;;;;;;;;;;1;;;3
20230313;03;2023;7390582;1;1;01;;2;135.4736151;63;1;1;4;1;1;2;2;2;;1;1;6;2;2;1;4;1;1;4;4;;;;400000;;;;;;;;;;1;;;2
20230313;03;2023;7390583;1;1;01;;2;165.25122676;63;1;1;4;1;1;1;1;1;3;1;1;4;3;1;1;1;1;1;3;6;;;;350000;;;;;;;;;;1;;;3
20230313;03;2023;7390584;1;1;01;;2;111.64284919;63;1;1;4;1;1;1;1;1;3;1;1;3;2;1;1;1;1;1;3;1;;;99;350000;;;;;;;;;;1;;;3
20230313;03;2023;7390585;1;1;01;;2;104.21047315;63;1;1;4;1;1;1;1;1;3;1;1;2;1;1;1;1;1;1;3;6;;;;400000;;;;;;;;;;1;;;2
20230313;03;2023;7390586;1;1;01;;2;199.93426844;63;1;1;4;1;1;1;1;1;3;1;1;4;3;1;1;1;1;1;3;1;;;99;400000;;;;;;;;;;1;;;8
20230313;03;2023;7390587;1;1;01;;2;104.44310489;63;1;1;4;1;1;1;1;1;3;1;1;4;3;1;1;1;1;1;3;6;;;;400000;;;;;;;;;;1;;;4
20230313;03;2023;7390588;1;1;01;;2;186.65119874;63;1;1;4;1;2;2;1;1;3;1;1;4;3;1;1;1;1;1;4;3;;;;;350000;;;;;;;;;1;;;4
20230313;03;2023;7390589;1;1;01;;2;133.61733855;63;1;1;4;1;2;1;1;1;3;1;1;4;3;1;1;1;1;1;3;3;;;;;500000;;1;;;;;;;;;;4
20230313;03;2023;7390590;1;1;01;;2;101.24516284;63;1;1;4;1;2;1;1;1;3;1;1;4;3;1;1;1;1;1;3;1;;;99;450000;;;;;;;;;;1;;;3
20230313;03;2023;7390591;1;1;01;;2;80.844083784;63;1;1;4;1;2;1;1;1;3;1;1;3;1;1;1;1;1;1;3;3;;;;;400000;;;;;;;;;1;;;1
20230313;03;2023;7390592;1;1;01;;2;113.405145;63;1;1;4;1;2;1;1;1;3;1;1;2;1;1;1;1;1;1;3;6;;;;400000;;;;;;;;;;1;;;1
20230313;03;2023;7390593;1;1;01;;1;446.48940399;63;1;1;4;1;3;1;1;1;3;1;1;3;2;1;1;1;1;1;3;1;;;200000000;700000;;;1;;;;;;;;;;3
20230313;03;2023;7390594;1;1;01;;2;107.12003944;63;1;1;4;1;1;2;2;2;;1;1;2;1;2;1;4;1;1;4;1;;;99;350000;;;;;;;;;;1;;;1
20230313;03;2023;7390595;1;1;01;;2;144.83328268;63;1;1;4;1;1;2;2;2;;1;1;2;1;2;1;4;1;1;4;4;;;;300000;;;;;;;;;;1;;;1
20230313;03;2023;7390596;1;1;01;;2;144.83328268;63;1;1;4;1;1;2;2;2;;1;1;2;1;2;1;4;1;1;4;4;;;;400000;;;;;;;;;;1;;;1
20230313;03;2023;7390597;1;1;01;;1;379.71871835;63;1;1;4;1;2;1;1;1;3;1;1;3;1;1;1;1;1;1;3;3;;;;;500000;;1;;;;;;;;;;1
20230313;03;2023;7390598;1;1;01;;1;734.85327787;63;1;1;4;1;2;1;1;1;3;1;1;4;3;1;1;1;1;1;3;1;;;99;600000;;;1;;;;;;;;;;5
20230313;03;2023;7390599;1;1;01;;1;405.14025398;63;1;1;4;1;2;1;1;1;3;1;1;3;2;1;1;1;1;1;3;6;;;;500000;;;;;;;;;;1;;;2
20230313;03;2023;7390600;1;1;01;;1;894.80832022;63;1;1;4;1;2;1;1;1;3;1;1;4;3;1;1;1;1;1;3;1;;;99;500000;;;1;;;;;;;;;;4
20230313;03;2023;7390601;1;1;01;;2;200.53686507;63;1;1;4;1;1;1;1;1;3;1;1;3;2;1;1;1;1;1;3;1;;;99;450000;;;;;;;;;;1;;;3
20230313;03;2023;7390602;1;1;01;;2;181.60042238;63;1;1;4;1;1;1;1;1;3;1;1;5;4;1;1;1;1;1;3;1;;;99;550000;;;;;;;;;;1;;;6
20230313;03;2023;7390603;1;1;01;;2;203.63091554;63;1;4;4;1;1;1;1;1;3;1;1;3;2;1;1;1;1;1;3;1;;;99;350000;;;;;;;;;;1;;;4
20230313;03;2023;7390604;1;1;01;;1;582.11183922;63;1;1;4;1;2;1;1;1;3;1;1;3;2;1;1;1;1;1;3;3;;;;;600000;;;;;;;;;1;;;2
20230313;03;2023;7390605;1;1;01;;1;310.12613532;63;1;1;4;1;2;1;1;1;3;1;1;3;2;1;1;1;1;1;3;6;;;;500000;;;1;;;;;;;;;;3
20230313;03;2023;7390606;1;1;01;;1;417.16067144;63;1;1;4;1;2;1;1;1;3;1;1;3;2;1;1;1;1;1;3;3;;;;;450000;;;;;;;;;1;;;3
20230313;03;2023;7390607;1;1;01;;2;185.41771032;63;1;1;4;1;2;1;2;1;3;1;1;4;3;5;1;1;1;1;3;3;;;;;400000;;;;;;;;;1;;;5
20230313;03;2023;7390608;1;1;01;;2;99.500410811;63;1;1;4;1;2;1;2;1;3;1;1;2;1;5;1;1;1;1;3;6;;;;350000;;;;;;;;;;1;;;1
20230313;03;2023;7390609;1;1;01;;2;82.400030336;63;1;1;4;1;2;1;2;1;3;1;1;3;1;5;1;1;1;1;3;3;;;;;400000;;;;;;;;;1;;;2
20230313;03;2023;7390610;1;1;01;;2;146.72537112;63;1;1;4;1;2;1;2;1;3;1;1;4;3;5;1;1;1;1;3;3;;;;;500000;;;;;;;;;1;;;6
20230313;03;2023;7390611;1;1;01;;1;258.98802841;63;2;1;4;1;4;1;1;1;3;1;1;4;2;1;1;1;1;1;3;3;;;;;700000;;1;;;;;;;;;;2
20230313;03;2023;7390612;1;1;01;;1;579.55203318;63;1;1;4;1;2;1;1;1;3;1;1;3;2;1;1;1;1;1;3;3;;;;;450000;;;;;;;;;1;;;3
20230313;03;2023;7390613;1;1;01;;1;579.55203318;63;1;1;4;1;2;1;1;1;3;1;1;3;2;1;1;1;1;1;3;6;;;;400000;;;;;;;;;;1;;;3
20230313;03;2023;7390614;1;1;01;;1;440.47545949;63;1;1;4;1;2;1;1;1;3;1;1;3;2;1;1;1;1;1;3;6;;;;400000;;;;;;;;;;1;;;4
20230313;03;2023;7390615;1;1;01;;1;909.14125653;63;1;1;4;1;2;1;1;1;3;1;1;4;3;1;1;1;1;1;3;3;;;;;370000;;;;;;;;;1;;;5
20230313;03;2023;7390616;1;1;01;;1;320.780809;63;1;1;4;1;1;1;1;1;3;1;1;3;2;1;1;1;1;1;3;3;;;;;400000;;;;;;;;;1;;;2
20230313;03;2023;7390617;1;1;01;;1;387.60355511;63;1;1;4;1;1;1;1;1;3;1;1;2;1;1;1;1;1;1;3;3;;;;;500000;;;;;;;;;1;;;2
20230313;03;2023;7390618;1;1;01;;1;526.19297699;63;1;1;4;1;1;1;1;1;3;1;1;3;2;1;1;1;1;1;3;6;;;;400000;;;;;;;;;;1;;;3
20230313;03;2023;7390619;1;1;01;;1;659.50402968;63;1;1;4;1;1;1;1;1;3;1;1;2;1;1;1;1;1;1;3;3;;;;;350000;;;;;;;;;1;;;4
20230313;03;2023;7390620;1;1;01;;1;452.02579364;63;2;1;4;1;4;1;1;1;3;1;1;3;2;1;1;1;1;1;3;3;;;;;650000;;1;;;;;1;;;;;2
20230313;03;2023;7390621;1;1;01;;1;307.0715135;63;2;1;4;1;4;1;1;1;3;1;1;2;1;1;1;1;1;1;3;3;;;;;600000;;1;;;;;1;;;;;1
20230313;03;2023;7390622;1;1;01;;1;285.84785687;63;2;1;4;1;4;1;1;1;3;1;1;2;1;1;1;1;1;1;3;3;;;;;550000;;1;;;;;;;;;;1
20230313;03;2023;7390623;1;1;01;;1;499.01111547;63;2;1;4;1;4;1;1;1;3;1;1;2;1;1;1;1;1;1;3;3;;;;;680000;;1;;;;;1;;;;;2
20230313;03;2023;7390624;1;1;01;;1;299.688389;63;1;1;4;1;2;1;1;1;3;1;1;3;2;1;1;1;1;1;3;6;;;;450000;;;;;;;;;;1;;;2
20230313;03;2023;7390625;1;1;01;;1;278.15759113;63;1;1;4;1;2;1;1;1;3;1;1;3;1;1;1;1;1;1;3;3;;;;;400000;;;;;;;;;1;;;2
20230313;03;2023;7390626;1;1;01;;1;474.96578406;63;1;1;4;1;2;1;1;1;3;1;1;4;3;1;1;1;1;1;3;3;;;;;450000;;1;;;;;1;;;;;4
20230313;03;2023;7390627;1;1;01;;1;455.88303317;63;1;1;4;1;2;1;1;1;3;1;1;3;1;1;1;1;1;1;3;3;;;;;600000;;1;;;;;;;;;;2
20230313;03;2023;7390628;1;1;01;;1;795.00014188;63;1;1;4;1;2;1;1;1;3;1;1;4;3;1;1;1;1;1;3;3;;;;;350000;;;;;;;;;1;;;4
20230313;03;2023;7390629;1;1;01;;1;884.04601831;63;1;1;4;1;2;1;1;1;3;1;1;4;3;1;1;1;1;1;3;3;;;;;300000;;;;;;;;;1;;;4
20230313;03;2023;7390630;1;1;01;;1;421.90968706;63;1;1;4;1;2;1;1;1;3;1;1;3;1;1;1;1;1;1;3;6;;;;400000;;;;;;;;;;1;;;1
20230313;03;2023;7390631;1;1;01;;1;775.67185756;63;1;1;4;1;2;1;1;1;3;1;1;4;3;1;1;1;1;1;3;3;;;;;350000;;;;;;;;;1;;;4
20230313;03;2023;7390633;1;1;01;;2;126.96617867;63;1;1;4;1;4;2;2;1;3;1;1;2;1;2;1;1;1;1;4;4;;;;350000;;;;;;;;;;1;;;1
20230313;03;2023;7390634;1;1;01;;2;115.40539015;63;1;1;4;1;4;2;2;1;3;1;1;3;2;2;1;1;1;1;4;3;;;;;350000;;1;;;;;;;;;;2
20230313;03;2023;7390635;1;1;01;;2;151.13232499;63;1;1;2;1;1;2;2;2;;1;1;1;1;2;2;4;1;6;;4;;;;150000;;;;;;;;;;1;;;3
20230313;03;2023;7390636;1;1;01;;2;130.34450468;63;1;1;2;1;1;2;2;2;;1;1;2;1;2;1;4;1;5;5;4;;;;200000;;;1;;;;;;;;;;2
20230313;03;2023;7390637;1;1;01;;2;186.36101088;63;1;7;2;1;1;2;2;2;;1;1;2;2;2;2;4;1;6;;4;;;;120000;;;1;;;;;;;;;;3
20230313;03;2023;7390638;1;1;01;;2;154.09543984;63;1;1;2;1;1;2;2;2;;1;1;3;2;2;1;5;1;1;4;4;;;;380000;;;1;;;;;;;;;;3
20230313;03;2023;7390639;1;1;01;;2;118.86675394;63;1;1;2;1;1;2;2;2;;1;1;3;1;2;1;4;1;1;4;4;;;;400000;;;1;;;;;;;;;;3
20230313;03;2023;7390640;1;1;01;;2;196.3494408;63;1;2;4;1;2;2;2;2;;1;1;5;2;2;1;4;1;1;4;1;;;99;1200000;;;1;;;;;1;;;;;3
20230313;03;2023;7390641;1;1;01;;2;130.34450468;63;1;1;2;1;1;2;2;2;;1;1;3;1;2;1;5;1;1;5;6;;;;300000;;;;;;;;;;1;;;2
20230313;03;2023;7390642;1;1;01;;2;196.3494408;63;1;1;2;1;1;2;2;2;;1;1;3;1;2;1;5;1;1;4;1;;;98;320000;;;1;;;;1;;;;;;3
20230313;03;2023;7390643;1;1;01;;2;139.34980977;63;1;4;4;1;1;2;2;2;;1;1;2;1;2;1;4;1;1;4;4;;;;350000;;;;;;;;;;1;;;1
20230313;03;2023;7390644;1;1;01;;2;139.34980977;63;1;4;4;1;1;2;2;2;;1;1;2;1;2;1;4;1;1;4;4;;;;300000;;;;;;;;;;1;;;1
20230313;03;2023;7390645;1;1;01;05;1;1460.1144034;05;2;1;4;1;2;2;1;1;3;1;1;2;1;1;1;1;1;1;4;3;;;;;500000;;1;;;;;;;;;;1
20230313;03;2023;7390646;1;1;01;05;1;1041.8949589;05;2;1;4;1;2;2;1;1;3;1;1;1;1;1;1;1;1;1;4;3;;;;;330000;;;;;;;;;1;;;2
20230313;03;2023;7390647;1;1;01;05;1;1258.9902698;05;2;1;4;1;2;1;1;1;3;1;1;2;1;1;1;1;1;1;3;3;;;;;400000;;;;;;;;;1;;;1
20230313;03;2023;7390648;1;1;01;05;1;783.67910867;05;2;1;4;1;2;1;1;1;2;1;1;2;2;1;1;1;1;1;3;3;;;;;650000;;1;;;;1;;;;;;2
20230313;03;2023;7390649;1;1;01;05;1;1684.5238999;05;2;1;4;1;2;2;1;1;2;1;1;1;1;1;1;1;1;1;4;3;;;;;580000;;1;;;;;1;;;;;3
20230313;03;2023;7390650;1;1;01;05;1;1718.9510842;05;2;1;4;1;2;1;1;1;2;1;1;4;3;1;1;1;1;1;1;3;;;;;900000;;1;;;;;;;;;;3
20230313;03;2023;7390651;1;1;01;05;1;1460.1144034;05;2;1;4;1;2;1;1;1;3;1;1;3;1;1;1;1;1;1;3;3;;;;;400000;;1;;;;;;;;;;1
20230313;03;2023;7390652;1;1;01;05;1;1608.9791409;05;2;1;4;1;2;1;1;1;3;1;1;3;2;1;1;1;1;1;3;3;;;;;380000;;1;;;;;;;;;;3
20230313;03;2023;7390653;1;1;01;05;1;932.06247601;05;1;3;4;1;2;1;1;1;2;1;1;4;3;1;1;1;1;1;1;4;;;;600000;;;;;;;;;;1;;;3
20230313;03;2023;7390654;1;1;01;05;1;696.8627375;05;2;1;4;1;2;1;1;1;2;1;1;4;2;1;1;1;1;1;3;4;;;;600000;;;1;;;;;;;;;;2
20230313;03;2023;7390655;1;1;01;05;1;753.57498729;05;2;1;4;1;3;1;1;1;2;1;1;5;3;1;1;1;1;1;3;1;;;300000000;98;;;1;;;;;1;;;;;4
20230313;03;2023;7390656;1;1;01;05;1;808.91761195;05;2;1;4;1;2;1;1;1;2;1;1;5;1;1;1;1;1;1;3;1;;;98;700000;;;1;;;;;;;;;;2
20230313;03;2023;7390657;1;1;01;05;1;833.44144539;05;2;1;4;1;3;1;1;1;2;1;1;5;3;1;1;1;1;1;3;1;;;220000000;850000;;;;;;;;;;1;;;3
20230313;03;2023;7390658;1;1;01;05;1;788.36996566;05;2;1;4;1;3;1;1;1;2;1;1;5;3;1;1;1;1;1;3;1;;;350000000;2000000;;;1;;;;;1;;;;;2
20230313;03;2023;7390659;1;1;01;05;1;921.77186014;05;2;1;4;1;3;1;1;1;2;1;1;5;3;1;1;1;1;1;3;3;;;;;1000000;;;;;;;;;1;;;4
20230313;03;2023;7390660;1;1;01;05;1;776.66702878;05;2;1;4;1;2;1;1;1;2;1;1;2;1;1;1;1;1;1;3;3;;;;;550000;;1;;;;;;;;;;1
20230313;03;2023;7390661;1;1;01;05;1;753.62008567;05;2;1;4;1;2;1;1;1;2;1;1;3;2;1;1;1;1;1;3;3;;;;;650000;;1;;;;;;;;;;5
20230313;03;2023;7390662;1;1;01;05;1;813.49231047;05;2;1;2;1;2;2;1;1;2;1;1;2;1;1;1;1;1;1;1;3;;;;;500000;;1;;;;;;;;;;1
20230313;03;2023;7390663;1;1;01;05;1;1490.4475989;05;2;1;4;1;3;1;1;1;2;1;1;4;2;1;1;1;1;1;3;3;;;;;950000;;1;;;;1;;;;;;2
20230313;03;2023;7390665;1;1;01;05;1;1504.0821987;05;2;1;4;1;3;1;1;1;2;1;1;4;3;1;1;1;1;1;3;1;;;280000000;1100000;;;1;;;;1;;;;;;3
20230313;03;2023;7390666;1;1;01;05;1;1454.8332006;05;2;1;4;1;3;1;1;1;2;1;1;4;1;1;1;1;1;1;3;4;;;;900000;;;1;;;;;;;;;;1
20230313;03;2023;7390667;1;1;01;05;1;1563.8229307;05;2;1;4;1;3;1;1;1;2;1;1;4;2;1;1;1;1;1;3;3;;;;;1000000;;1;1;;;;1;;;;;3
20230313;03;2023;7390668;1;1;01;08;1;469.0400445;08;1;1;4;1;1;1;1;1;3;1;1;3;1;1;1;1;1;1;3;1;;;30000000;600000;;;;;;;;;;1;;;2
20230313;03;2023;7390669;1;1;01;08;1;610.03114781;08;2;1;4;1;1;1;1;1;3;1;1;3;1;1;1;1;1;3;3;1;;;15000000;400000;;;;;;;;;;1;;;2
20230313;03;2023;7390670;1;1;01;08;1;703.12651159;08;2;1;4;1;1;1;1;1;3;1;1;3;2;1;1;1;1;3;3;4;;;;450000;;;1;;;;;;;;;;4
20230313;03;2023;7390671;1;1;01;08;1;592.16259493;08;1;1;4;1;3;1;1;1;3;1;1;4;3;1;1;1;1;1;3;1;;;200000000;1500000;;;1;;;;;;;;;;3
20230313;03;2023;7390672;1;1;01;08;1;738.0784223;08;1;1;4;1;3;1;1;1;3;1;1;4;3;1;1;1;1;1;3;4;;;;1200000;;;1;;;;;1;;;;;4
20230313;03;2023;7390673;1;1;01;08;1;672.85414395;08;1;1;4;1;3;1;1;1;3;1;1;3;2;1;1;1;1;1;3;4;;;;800000;;;1;;;;;1;;;;;3
20230313;03;2023;7390674;1;1;01;08;1;1895.5319065;08;2;1;4;1;1;1;1;1;3;1;1;3;1;1;1;1;1;3;3;4;;;;250000;;;;;;;;;;1;;;2
20230313;03;2023;7390675;1;1;01;08;1;700.0503267;08;1;1;2;1;1;1;1;1;3;1;1;4;3;1;1;1;1;3;3;3;;;;;400000;;;;;;;;;1;;;5
20230313;03;2023;7390676;1;1;01;08;1;1870.1918017;08;1;1;2;1;1;1;1;1;3;1;1;3;1;1;1;1;1;3;3;3;;;;;400000;;;;;;;;;1;;;1
20230313;03;2023;7390678;1;1;01;11;1;3399.8216872;11;2;1;4;1;6;1;1;1;3;1;1;3;1;1;1;1;1;1;3;1;;;500000000;3000000;;;1;;;;;;;;;;1
20230313;03;2023;7390679;1;1;01;11;1;3861.563826;11;2;1;4;1;6;1;1;1;1;1;1;3;2;1;1;1;1;1;3;3;;;;;2000000;;1;;;;;;;;;;2
20230313;03;2023;7390681;1;1;01;11;1;4404.1354653;11;2;1;4;1;6;2;1;1;3;1;1;1;1;1;1;1;1;1;1;3;;;;;100000;;1;;;;;;;;;;1
20230313;03;2023;7390682;1;1;01;11;1;6856.2061529;11;1;1;4;1;1;1;1;1;3;1;1;6;1;1;1;1;1;1;3;1;;;1000000000;4000000;;1;1;1;;;;;;;;;2
20230313;03;2023;7390683;1;1;01;11;1;5244.123349;11;2;1;4;1;3;1;1;1;3;1;1;3;2;1;1;1;1;1;3;3;;;;;1300000;;1;;;;1;;;;;;3
20230313;03;2023;7390685;1;1;01;11;1;6475.8124952;11;2;1;4;1;3;1;1;1;3;1;1;3;2;1;1;1;1;1;3;3;;;;;900000;;1;;;;;;;;;;4
20230313;03;2023;7390686;1;1;01;11;1;5828.2657494;11;2;1;4;1;3;1;1;1;3;1;1;4;1;1;1;1;1;1;3;1;;;350000000;900000;;;1;;;;1;;;;;;1
20230313;03;2023;7390689;1;1;01;11;1;7145.3241725;11;2;1;4;1;3;1;1;1;3;1;1;1;1;1;2;1;1;1;3;3;;;;;300000;;;;;;;;;1;;;1
20230313;03;2023;7390690;1;1;01;11;1;8071.7867451;11;1;1;4;1;4;1;1;1;3;1;1;5;3;1;1;1;1;1;3;4;;;;98;;;1;;;;;;;;;;4
20230313;03;2023;7390691;1;1;01;11;1;4817.922012;11;2;1;4;1;1;1;1;1;3;1;1;3;2;1;1;1;1;1;3;4;;;;350000;;;1;;;;;;;;;;3
20230313;03;2023;7390692;1;1;01;11;1;5142.5752596;11;2;1;4;1;1;1;1;1;3;1;1;3;3;1;1;1;1;1;3;3;;;;;400000;;;;;;;;;1;;;3
20230313;03;2023;7390693;1;1;01;11;1;4877.6840083;11;2;1;4;1;1;1;1;1;3;1;1;3;1;1;1;1;1;1;3;1;;;170000000;500000;;;1;;;;;;;;;;2
20230313;03;2023;7390694;1;1;01;11;1;4568.3833687;11;2;1;4;1;1;1;1;1;3;1;1;3;2;1;1;1;1;1;3;3;;;;;350000;;;;;;;;;1;;;3
20230313;03;2023;7390695;1;1;01;11;1;4195.2609196;11;2;1;3;1;2;1;1;1;3;1;1;3;2;1;1;1;1;1;3;2;;890000;230000000;1200000;;;1;;1;;;1;;;;;2
20230313;03;2023;7390696;1;1;01;11;1;3566.2603408;11;2;1;3;1;2;1;1;1;3;1;1;3;2;1;1;1;1;1;3;2;;550000;180000000;850000;;;;;1;;;;;;;;2
20230313;03;2023;7390697;1;1;01;11;1;4928.1583899;11;2;1;4;1;2;1;1;1;3;1;1;3;2;1;1;1;1;1;3;3;;;;;850000;;1;;;;;;;;;;1
20230313;03;2023;7390698;1;1;01;13;1;159.19576721;13;1;1;4;1;1;1;1;1;3;1;1;4;3;1;1;1;1;1;3;6;;;;700000;;;1;;;;;;;;;;6
20230313;03;2023;7390699;1;1;01;13;1;390.05465231;13;1;1;4;1;1;1;1;1;3;1;1;3;2;1;1;1;1;1;3;3;;;;;300000;;1;;;;;;;;;;5
20230313;03;2023;7390701;1;1;01;13;1;451.53801116;13;1;1;4;1;1;2;1;1;3;1;1;3;2;1;1;1;1;1;4;1;;;35000000;350000;;;;;;;;;;1;;;2
20230313;03;2023;7390702;1;1;01;13;1;426.7739993;13;1;1;4;1;1;1;1;1;3;1;1;3;2;1;1;1;1;1;3;3;;;;;350000;;1;;;;;;;;;;2
20230313;03;2023;7390704;1;1;01;13;1;344.14520241;13;2;1;4;1;1;1;1;1;3;1;1;3;2;1;1;1;1;1;3;6;;;;350000;;;1;;;;;;;;;;6
20230313;03;2023;7390705;1;1;01;13;1;241.39855699;13;2;1;2;1;1;1;1;1;3;1;1;4;2;1;1;1;1;1;3;6;;;;99;;;1;;;;;;;;;;5
20230313;03;2023;7390706;1;1;01;13;1;323.46011405;13;1;1;2;1;1;1;1;1;3;1;1;5;3;1;1;1;1;1;3;1;;;99;450000;;;;;;;;;;1;;;4
20230313;03;2023;7390707;1;1;01;13;1;295.45693407;13;1;1;2;1;1;1;1;1;3;1;1;5;3;1;1;1;1;1;3;1;;;99;400000;;;;;;;;;;1;;;3
20230313;03;2023;7390708;1;1;01;13;1;128.41448982;13;1;1;4;1;1;1;1;1;3;1;1;4;3;1;1;1;1;1;3;1;;;98;500000;;;1;;;;;;;;;;5
20230313;03;2023;7390709;1;1;01;13;1;229.65243846;13;2;1;2;1;1;1;1;1;3;1;1;2;1;1;2;1;1;4;3;6;;;;98;;;1;;;;;;;;;;6
20230313;03;2023;7390710;1;1;01;13;1;216.76460161;13;2;1;2;1;1;1;1;1;3;1;1;2;1;1;2;1;1;1;3;6;;;;98;;;1;;;;;;;;;;3
20230313;03;2023;7390711;1;1;01;13;1;325.84425967;13;2;1;2;1;1;2;1;1;3;1;1;2;1;1;2;1;1;4;4;6;;;;98;;;1;;;;;;;;;;4
20230313;03;2023;7390712;1;1;01;13;1;443.98413573;13;1;1;4;1;1;1;1;1;3;1;1;3;2;1;1;1;1;1;3;3;;;;;300000;;;;;;;;;1;;;2
20230313;03;2023;7390713;1;1;01;13;1;580.61403314;13;2;1;2;1;1;1;1;1;3;1;1;2;1;1;1;1;1;1;3;1;;;20000000;350000;;;;;;;;;;1;;;4
20230313;03;2023;7390714;1;1;01;13;1;210.09492156;13;1;1;4;1;1;1;1;1;3;1;1;3;2;1;1;1;1;1;3;1;;;98;98;;;1;;;;;;;;;;3
20230313;03;2023;7390715;1;1;01;13;1;263.08751409;13;1;1;4;1;1;1;1;1;3;1;1;4;3;1;1;1;1;1;3;1;;;98;98;;;1;;;;;;;;;;3
20230313;03;2023;7390716;1;1;01;13;1;364.24436939;13;2;1;2;1;1;2;2;1;3;2;1;2;1;6;;1;2;6;;6;;;;200000;;;1;;;;;;;;;;1
20230313;03;2023;7390717;1;1;01;13;1;155.99835282;13;2;1;2;1;1;1;1;1;3;1;1;4;3;1;2;1;1;1;3;1;;;98;350000;;;1;;;;;;;;;;7
20230313;03;2023;7390718;1;1;01;13;1;375.67356696;13;1;1;2;1;1;1;1;1;3;1;1;3;2;1;1;1;1;1;3;3;;;;;250000;;;;;;;;;1;;;5
20230313;03;2023;7390719;1;1;01;13;1;268.49212302;13;1;1;4;1;1;1;1;1;3;1;1;4;3;1;1;1;1;1;3;1;;;98;350000;;;1;;;;;;;;;;4
20230313;03;2023;7390720;1;1;01;13;1;400.22606911;13;2;1;4;1;1;1;1;1;3;1;1;3;2;1;1;1;1;1;3;3;;;;;350000;;1;;;;;;;;;;3
20230313;03;2023;7390721;1;1;01;13;1;493.99744009;13;1;1;2;1;1;1;1;1;3;1;1;3;2;1;1;1;1;1;3;3;;;;;250000;;;;;;;;;1;;;2
20230313;03;2023;7390722;1;1;01;13;1;522.16472076;13;2;1;4;1;1;1;1;1;3;2;1;2;1;1;1;1;2;1;3;1;;;55000000;250000;;;;;;;;;;1;;;6
20230313;03;2023;7390723;1;1;01;13;1;510.87506055;13;1;1;4;1;1;1;1;1;3;1;1;3;2;1;1;1;1;1;3;1;;;98;300000;;;;;;;;;;1;;;2
20230313;03;2023;7390725;1;1;01;13;1;556.80188677;13;1;1;4;1;1;1;1;1;3;1;1;3;2;1;1;1;1;1;3;7;VIVIENDA FAMILIAR;;;300000;;;1;;;;;1;;;;;3
20230313;03;2023;7390726;1;1;01;13;1;434.3781321;13;1;1;4;1;1;1;1;1;3;1;1;4;3;1;1;1;1;1;3;7;VIVIENDA FAMILIAR;;;300000;;;1;;;;;;;;;;5
20230313;03;2023;7390727;1;1;01;13;1;352.31598548;13;2;1;2;1;2;1;1;1;3;1;1;4;2;1;1;1;1;1;3;6;;;;500000;;;;;;;;;;1;;;3
20230313;03;2023;7390728;1;1;01;13;1;256.74843039;13;2;1;2;1;2;1;1;1;3;1;2;5;2;1;2;1;1;1;3;6;;;;500000;;;1;;;;;;;;;;5
20230313;03;2023;7390728;2;2;01;13;1;256.74843039;13;2;1;2;1;2;1;1;1;3;1;2;5;2;1;2;1;1;1;3;6;;;;500000;;;1;;;;;;;;;;3
20230313;03;2023;7390729;1;1;01;13;1;439.6510047;13;2;1;4;1;2;1;1;1;3;1;1;3;1;1;1;1;1;1;3;3;;;;;600000;;1;;;;;;;;;;3
20230313;03;2023;7390730;1;1;01;13;1;303.95096573;13;2;1;2;1;2;1;1;1;3;1;1;5;3;1;1;1;1;1;3;4;;;;99;;;1;;;;;;;;;;7
20230313;03;2023;7390731;1;1;01;13;1;421.41101091;13;2;1;4;1;1;1;1;1;3;1;1;3;2;1;1;1;1;1;3;3;;;;;350000;;1;;;;;;;;;;3
20230313;03;2023;7390732;1;1;01;13;1;429.0919613;13;1;1;4;1;1;1;1;1;3;1;1;3;2;1;1;1;1;1;3;4;;;;350000;;;;;;;;;;1;;;4
20230313;03;2023;7390733;1;1;01;13;1;404.94682674;13;2;1;4;1;1;1;1;1;3;1;1;3;2;1;1;1;1;1;3;3;;;;;300000;;;;;;;;;1;;;3
20230313;03;2023;7390734;1;1;01;13;1;426.7739993;13;1;1;4;1;1;1;1;1;3;1;1;3;1;1;1;1;1;1;3;3;;;;;300000;;;;;;;;;1;;;2
20230310;03;2023;7390735;1;1;01;15;1;114.95275171;15;2;1;4;1;2;1;1;1;3;1;1;4;3;1;1;1;1;1;3;1;;;120000000;700000;;;1;;;;;1;;;;;3
20230313;03;2023;7390736;1;1;01;15;1;52.980256139;15;1;1;4;1;3;1;1;1;3;1;1;4;3;1;1;1;1;1;3;3;;;;;750000;;1;;;;;;;;;;3
20230313;03;2023;7390737;1;1;01;15;1;59.047415754;15;1;1;4;1;2;1;1;1;3;1;1;2;1;1;1;1;1;3;3;4;;;;350000;;;1;;;;;;;;;;2
20230313;03;2023;7390738;1;1;01;15;1;40.777872164;15;1;1;4;1;2;1;1;1;3;1;1;3;2;1;1;1;1;1;3;2;;400000;34000000;400000;;;1;;;;;;;;;;3
20230313;03;2023;7390739;1;1;01;15;1;81.58931354;15;1;1;4;1;3;1;1;1;3;1;1;4;1;1;1;1;1;1;3;3;;;;;600000;;;;;;;;;1;;;1
20230313;03;2023;7390740;1;1;01;15;1;91.910193328;15;1;1;4;1;3;1;1;1;3;1;1;4;3;1;1;1;1;1;3;3;;;;;650000;;;;;;;;;1;;;5
20230313;03;2023;7390741;1;1;01;15;1;59.862462985;15;1;1;4;1;2;1;1;1;3;1;1;3;1;1;1;1;1;1;3;1;;;40000000;800000;;;;;;;;;;1;;;2
20230313;03;2023;7390742;1;1;01;15;1;73.071062593;15;1;1;4;1;2;1;1;1;3;1;1;4;3;1;1;1;1;1;3;1;;;150000000;600000;;;1;;;;;;;;;;3
20230313;03;2023;7390743;1;1;01;15;1;79.329510232;15;2;1;4;1;3;2;1;1;3;1;1;2;1;1;1;1;1;1;4;4;;;;500000;;;1;;;;;;;;;;1
20230313;03;2023;7390744;1;1;01;15;1;117.99795052;15;1;1;4;1;3;1;1;1;3;1;1;3;2;1;1;1;1;1;3;3;;;;;450000;;1;;;;;;;;;;3
20230313;03;2023;7390745;1;1;01;15;1;69.497362064;15;1;1;4;1;3;1;1;1;3;1;1;4;3;1;1;1;1;1;3;1;;;130000000;600000;;;1;;;;;;;;;;4
20230313;03;2023;7390746;1;1;01;15;1;40.363125059;15;1;1;4;1;2;1;1;1;3;1;1;3;1;1;1;1;1;3;3;3;;;;;600000;;1;;;;;;;;;;2
20230313;03;2023;7390747;1;1;01;15;1;118.33005546;15;2;1;4;1;3;1;1;1;3;1;1;4;1;1;1;1;1;1;3;3;;;;;750000;;1;;;;;;;;;;2
20230313;03;2023;7390748;1;1;01;15;1;87.851564916;15;1;1;4;1;3;1;1;1;3;1;1;3;2;1;1;1;1;1;3;4;;;;950000;;;1;;;;;;;;;;5
20230313;03;2023;7390749;1;1;01;15;1;45.331148704;15;1;1;4;1;2;1;1;1;3;1;1;4;1;1;1;1;1;1;3;4;;;;500000;;;1;;;;;;;;;;1
20230313;03;2023;7390750;1;1;01;15;1;70.635468853;15;2;1;4;1;3;1;1;1;3;1;1;4;2;1;1;1;1;1;3;1;;;15000000;600000;;;1;;;;;;;;;;2
20230313;03;2023;7390751;1;1;01;15;1;62.659784405;15;1;1;4;1;3;1;1;1;3;1;1;4;2;1;1;1;1;1;3;3;;;;;600000;;1;;;;;;;;;;4
20230313;03;2023;7390752;1;1;01;15;1;79.329510232;15;2;1;4;1;3;1;1;1;3;1;1;4;2;1;1;1;1;1;3;2;;560000;140000000;600000;;;1;;1;;1;;;;;;1
20230313;03;2023;7390753;1;1;01;15;1;63.463608186;15;2;1;4;1;1;1;1;1;3;1;1;4;1;1;1;1;1;1;3;1;;;80000000;400000;;;;;;;;;;1;;;1
20230313;03;2023;7390754;1;1;01;15;1;60.923372178;15;2;1;4;1;1;1;1;1;3;1;1;4;3;1;1;1;1;1;3;1;;;80000000;400000;;;;;;;;;;1;;;4
20230313;03;2023;7390755;1;1;01;15;1;141.4250688;15;2;1;4;1;2;1;1;1;3;1;1;4;1;1;1;1;1;1;3;1;;;200000000;800000;;;1;;;;1;1;;;;;2
20230313;03;2023;7390756;1;1;01;15;1;48.876829955;15;2;1;4;1;1;1;1;1;3;1;1;4;2;1;1;1;1;1;3;1;;;90000000;400000;;;;;;;;;;1;;;2
20230313;03;2023;7390757;1;1;01;15;1;66.543360985;15;1;1;4;1;2;1;1;1;3;1;1;4;3;1;1;1;1;1;3;3;;;;;450000;;;;;;;;;1;;;3
20230313;03;2023;7390758;1;1;01;15;1;79.329510232;15;2;1;4;1;3;1;1;1;3;1;1;2;1;1;1;1;1;1;3;3;;;;;480000;;1;;;;;1;;;;;1
20230313;03;2023;7390759;1;1;01;15;1;81.832381676;15;1;1;4;1;2;1;1;1;3;1;1;3;2;1;1;1;1;1;3;1;;;85000000;350000;;;;;;;;;;1;;;3
20230313;03;2023;7390760;1;1;01;15;1;42.193730437;15;2;1;4;1;2;1;1;1;3;1;1;3;2;1;1;1;1;1;3;3;;;;;330000;;1;;;;;;;;;;3
20230313;03;2023;7390761;1;1;01;15;1;87.850179084;15;1;1;4;1;2;1;1;1;3;1;1;3;2;1;1;1;1;1;3;4;;;;400000;;;1;;;;;;;;;;2
20230313;03;2023;7390762;1;1;01;15;1;53.142674178;15;2;1;4;1;1;1;1;1;3;1;1;3;1;1;1;1;1;1;3;3;;;;;600000;;;;;;;;;1;;;2
20230313;03;2023;7390763;1;1;01;15;1;50.991170778;15;2;1;4;1;2;1;1;1;3;1;1;3;1;1;1;1;1;1;3;1;;;98;300000;;;;;;;;;;1;;;1
20230313;03;2023;7390764;1;1;01;15;1;51.478242518;15;2;1;4;1;1;1;1;1;3;1;1;4;2;1;1;1;1;1;3;1;;;100000000;300000;;;1;;;;;;;;;;3
20230313;03;2023;7390765;1;1;01;15;1;50.227345816;15;2;1;4;1;1;1;1;1;3;1;1;4;3;1;1;1;1;1;3;3;;;;;450000;;;;;;;;;1;;;10
20230313;03;2023;7390766;1;1;01;15;1;119.14922745;15;2;1;4;1;4;1;1;1;3;1;1;4;3;1;1;1;1;1;3;3;;;;;650000;;1;;;;;;;;;;5
20230313;03;2023;7390767;1;1;01;15;1;32.525128218;15;2;1;4;1;1;1;1;1;3;1;1;3;2;1;1;1;1;1;3;3;;;;;400000;;;;;;;;;1;;;2
20230313;03;2023;7390768;1;1;01;15;1;134.19988052;15;2;1;4;1;4;1;1;1;3;1;1;3;2;1;1;1;1;1;3;3;;;;;600000;;;;;;;;1;;;NEQUI;2
20230313;03;2023;7390769;1;1;01;15;1;121.66647259;15;2;1;4;1;4;1;1;1;3;1;2;1;1;1;1;1;1;1;3;2;;1000000;150000000;400000;;;1;;1;;;;;;;;1
20230313;03;2023;7390769;2;2;01;15;1;121.66647259;15;2;1;4;1;4;1;1;1;3;1;2;1;1;1;2;1;1;1;3;3;;;;;250000;;;;;;;;;1;;;1
20230313;03;2023;7390770;1;1;01;15;1;167.16571869;15;2;1;4;1;4;1;1;1;3;1;1;4;3;1;1;1;1;1;3;2;;630000;150000000;800000;;;1;;1;;1;1;;;;;4
20230313;03;2023;7390771;1;1;01;15;1;148.34420644;15;2;1;4;1;4;1;1;1;3;1;1;4;1;1;1;1;1;1;3;4;;;;380000;;;;;;;;;;1;;;1
20230313;03;2023;7390772;1;1;01;15;1;73.931327136;15;2;1;4;1;4;1;1;1;3;1;3;1;1;1;2;1;1;1;3;3;;;;;300000;;;;;;;;;1;;;1
20230313;03;2023;7390772;2;2;01;15;1;73.931327136;15;2;1;4;1;4;1;1;1;3;1;3;1;1;1;2;1;1;1;3;3;;;;;300000;;;;;;;;;1;;;1
20230313;03;2023;7390772;3;3;01;15;1;73.931327136;15;2;1;4;1;4;1;1;1;3;1;3;1;1;1;1;1;1;1;3;3;;;;;300000;;1;;;;;;1;;;NEQUI;1
20230313;03;2023;7390773;1;1;01;15;1;114.25800738;15;2;1;4;1;2;1;1;1;3;1;1;3;1;1;1;1;1;1;4;3;;;;;550000;;1;;;;;;;;;;1
20230313;03;2023;7390775;1;1;01;15;1;123.99957308;15;2;1;4;1;2;1;1;1;3;1;1;4;1;1;1;1;1;1;3;1;;;150000000;450000;;;;;;;;;;1;;;2
20230313;03;2023;7390776;1;1;01;15;1;74.353791863;15;2;1;4;1;4;1;1;1;3;1;1;2;1;1;1;1;1;1;3;3;;;;;400000;;1;;;;;1;;;;;1
20230313;03;2023;7390777;1;1;01;15;1;149.19188762;15;2;1;4;1;4;1;1;1;3;1;1;1;1;1;1;1;1;1;3;4;;;;600000;;;1;;;;;;;;;;1
20230313;03;2023;7390778;1;1;01;15;1;108.79475689;15;2;1;4;1;4;1;1;1;3;1;1;2;1;1;1;1;1;1;3;3;;;;;380000;;1;;;;;;;;;;1
20230313;03;2023;7390779;1;1;01;15;1;89.245699011;15;2;1;4;1;4;2;1;1;3;1;1;2;1;1;1;1;1;1;1;4;;;;350000;;;1;;;;1;1;;;;;1
20230313;03;2023;7390780;1;1;01;15;1;121.87740568;15;2;1;4;1;4;1;1;1;3;1;1;1;1;1;1;1;1;1;3;3;;;;;320000;;;;;;;;;1;;;1
20230313;03;2023;7390781;1;1;01;15;1;117.854224;15;1;1;4;1;4;1;1;1;3;1;1;4;1;1;1;1;1;1;3;2;;1700000;300000000;1200000;;;1;;1;;;;;;;;2
20230313;03;2023;7390782;1;1;01;15;1;108.79475689;15;2;1;4;1;4;1;1;1;3;1;1;1;1;1;1;1;1;1;3;3;;;;;500000;;1;;;;;;;;;;1
20230313;03;2023;7390783;1;1;01;15;1;121.87740568;15;2;1;4;1;4;1;1;1;3;1;1;1;1;1;1;1;1;1;3;3;;;;;400000;;1;;;;;;1;;;NEQUI;1
20230313;03;2023;7390784;1;1;01;15;1;62.659784405;15;1;1;4;1;3;1;1;1;3;1;1;4;3;1;1;1;1;1;3;1;;;300000000;800000;;;1;;;;;;;;;;4
20230309;03;2023;7390785;1;1;01;19;1;96.903912098;19;1;1;2;1;2;2;1;1;3;1;1;4;3;1;1;1;1;3;4;3;;;;;300000;;;;;;;;1;;;NEQUI;5
20230313;03;2023;7390786;1;1;01;19;1;114.56250194;19;2;1;4;1;2;2;1;1;3;1;1;2;1;1;1;1;1;1;4;3;;;;;400000;;;;;;;;;1;;;4
20230313;03;2023;7390787;1;1;01;19;1;78.255873748;19;2;1;4;1;2;1;1;1;3;1;1;9;6;1;1;1;1;1;3;1;;;130000000;300000;;;;;;;;;;1;;;5
20230313;03;2023;7390788;1;1;01;19;1;60.426476095;19;1;1;4;1;3;1;1;1;3;1;1;4;3;1;1;1;1;1;3;1;;;99;1200000;;;;;;;;;;1;;;1
20230313;03;2023;7390789;1;1;01;19;1;60.426476095;19;1;1;4;1;3;1;1;1;3;1;1;4;1;1;1;1;1;1;3;1;;;85000000;800000;;;1;;;;;1;;;;;1
20230313;03;2023;7390790;1;1;01;19;1;233.71015878;19;1;1;4;1;3;1;1;1;3;1;1;5;1;1;1;1;1;3;3;4;;;;1200000;;;1;;;;1;;;;;;2
20230313;03;2023;7390791;1;1;01;19;1;213.46574038;19;1;1;4;1;4;1;1;1;3;1;1;5;2;1;1;1;1;1;3;1;;;380000000;1200000;;;1;1;;;1;1;;;;;2
20230313;03;2023;7390792;1;1;01;19;1;165.74119158;19;1;1;4;1;4;1;1;1;3;1;1;5;1;1;1;1;1;3;3;1;;;380000000;1500000;;;1;;;;;;;;;;1
20230313;03;2023;7390793;1;1;01;19;1;141.2134102;19;1;1;4;1;2;1;1;1;3;1;1;4;1;1;1;1;1;1;3;1;;;150000000;500000;;;;;;;;;;1;;;2
20230313;03;2023;7390794;1;1;01;19;1;112.17795488;19;2;1;4;1;2;1;1;1;3;1;1;4;2;1;1;1;1;1;3;4;;;;400000;;;;;;;;;;1;;;2
20230313;03;2023;7390795;1;1;01;19;1;154.9396823;19;1;1;2;1;1;1;1;1;3;1;1;3;1;1;1;1;1;1;3;1;;;98;350000;;;;;;;;;;1;;;1
20230313;03;2023;7390796;1;1;01;19;1;109.89044673;19;2;1;2;1;1;1;1;1;3;1;1;2;2;1;1;1;1;1;3;4;;;;300000;;;;;;;;;;1;;;3
20230313;03;2023;7390797;1;1;01;19;1;57.999406912;19;2;1;4;1;1;1;1;1;3;1;1;3;2;1;1;1;1;1;3;2;;280000;98;300000;;;;;1;;;;;;;;4
20230313;03;2023;7390798;1;1;01;19;1;142.36278943;19;2;1;4;1;1;1;1;1;3;1;1;3;2;1;1;1;1;1;3;4;;;;400000;;;;;;;;;1;;;BANCOLOMBIA A LA MANO;3
20230313;03;2023;7390799;1;1;01;19;1;141.97082494;19;2;1;2;1;2;2;1;1;3;1;1;3;2;1;1;1;1;1;4;4;;;;470000;;;;;;;;;;1;;;4
20230313;03;2023;7390800;1;1;01;19;1;207.47254926;19;1;1;4;1;2;1;1;1;3;1;1;6;5;1;1;1;1;1;3;1;;;250000000;800000;;;;;;;1;;;;;;4
20230313;03;2023;7390801;1;1;01;19;1;146.86103652;19;2;1;4;1;2;1;1;1;3;1;1;3;2;1;1;1;1;1;3;4;;;;500000;;;1;;;;;;;;;;3
20230313;03;2023;7390802;1;1;01;19;1;257.97041588;19;2;1;4;1;2;1;1;1;3;1;1;3;1;1;1;1;1;1;3;3;;;;;200000;;1;;;;;;;;;;1
20230313;03;2023;7390803;1;1;01;19;1;163.6278605;19;1;1;4;1;1;1;1;1;3;1;1;4;2;1;1;1;1;1;3;1;;;150000000;400000;;;;;;;;;;1;;;2
20230313;03;2023;7390804;1;1;01;19;1;152.1144046;19;2;1;4;1;2;1;1;1;3;1;1;4;3;1;1;1;1;1;3;1;;;350000000;500000;;;;;;;;;;1;;;3
20230313;03;2023;7390805;1;1;01;19;1;105.22616505;19;1;1;2;1;2;1;1;1;3;1;1;3;2;1;1;1;1;1;3;3;;;;;300000;;;;;;;;;1;;;3
20230313;03;2023;7390806;1;1;01;19;1;73.800551559;19;1;1;4;1;2;1;1;1;3;1;1;4;3;1;1;1;1;1;3;3;;;;;470000;;;;;;;;;1;;;3
20230313;03;2023;7390807;1;1;01;19;1;53.669563496;19;1;1;1;1;1;2;1;1;3;1;1;1;1;1;1;1;1;1;5;5;;;;100000;;;;;;;;;;1;;;3
20230313;03;2023;7390808;1;1;01;19;1;218.47904801;19;1;1;4;1;2;1;1;1;3;1;1;4;1;1;1;1;1;1;3;1;;;98;300000;;;;;;;;;;1;;;2
20230312;03;2023;7390809;1;1;01;20;1;467.70516654;20;1;1;3;1;2;1;1;1;3;1;1;5;3;1;1;1;1;1;3;3;;;;;700000;;1;;;;;;;;;;8
20230312;03;2023;7390811;1;1;01;20;1;318.41180618;20;2;1;3;1;1;1;1;1;3;1;1;5;3;1;1;1;1;1;3;3;;;;;500000;;;;;;;;;1;;;9
20230312;03;2023;7390812;1;1;01;20;1;170.11164337;20;1;1;2;1;1;1;1;1;3;1;1;5;3;1;1;1;1;1;3;1;;;99;300000;;;1;;;;;;;;;;5
20230312;03;2023;7390813;1;1;01;20;1;249.04134308;20;1;1;2;1;1;2;2;1;3;1;1;4;2;2;1;1;1;1;4;4;;;;350000;;;;;;;;;;1;;;2
20230312;03;2023;7390814;1;1;01;20;1;242.04309717;20;1;1;2;1;1;2;2;1;3;1;1;2;1;2;1;1;1;1;4;4;;;;150000;;;;;;;;;;1;;;2
20230312;03;2023;7390815;1;1;01;20;1;227.85327842;20;1;1;2;1;1;2;2;1;3;1;1;4;3;2;1;1;1;1;4;4;;;;200000;;;;;;;;;;1;;;9
20230312;03;2023;7390817;1;1;01;20;1;195.7902409;20;1;1;3;1;1;2;2;1;3;1;1;3;2;2;1;1;1;1;4;1;;;99;200000;;;;;;;;;;1;;;2
20230312;03;2023;7390818;1;1;01;20;1;208.90541257;20;2;1;1;1;1;2;2;1;3;1;1;2;1;2;1;1;1;1;5;4;;;;150000;;;;;;;;;;1;;;4
20230312;03;2023;7390819;1;1;01;20;1;236.58654932;20;1;5;2;1;1;2;2;1;3;1;1;3;2;2;1;1;1;1;1;5;;;;250000;;;;;;;;;;1;;;4
20230313;03;2023;7390820;1;1;01;20;1;321.65654486;20;2;1;2;1;1;2;1;1;3;1;1;4;2;1;1;1;1;1;1;3;;;;;350000;;1;;;;;;;;;;6
20230313;03;2023;7390821;1;1;01;20;1;196.94315433;20;1;1;3;1;1;1;1;1;3;1;1;4;2;1;1;1;1;1;3;1;;;99;400000;;;1;;;;;1;;;;;3
20230313;03;2023;7390822;1;1;01;20;1;98.225804226;20;1;1;3;1;3;1;1;1;3;1;1;5;3;1;1;1;1;1;3;1;;;300000000;800000;;;1;;;;;;;;;;5
20230313;03;2023;7390823;1;1;01;20;1;171.38332277;20;1;1;3;1;3;1;1;1;3;1;1;4;2;1;1;1;1;1;3;1;;;99;800000;;;1;;;;;;;;;;3
20230313;03;2023;7390824;1;1;01;20;1;139.10549318;20;1;1;4;1;1;1;2;1;3;1;1;4;3;2;1;1;1;1;3;1;;;98;300000;;;;;;;;;;1;;;3
20230313;03;2023;7390825;1;1;01;20;1;185.72464892;20;2;1;3;1;1;1;2;1;3;1;1;3;2;2;1;1;1;1;3;3;;;;;350000;;;;;;;;;1;;;3
20230313;03;2023;7390826;1;1;01;20;1;376.30248051;20;2;1;4;1;2;1;1;1;3;1;1;3;1;1;1;1;1;1;3;6;;;;350000;;;;;;;;;;1;;;1
20230313;03;2023;7390827;1;1;01;20;1;244.73780113;20;2;1;4;1;3;1;1;1;3;1;1;2;1;1;1;1;1;1;3;3;;;;;750000;;1;;;;;;;;;;2
20230313;03;2023;7390828;1;1;01;20;1;350.5229977;20;2;1;4;1;3;1;1;1;3;1;1;2;1;1;1;1;1;1;3;1;;;98;98;;;;;;;;;;1;;;1
20230313;03;2023;7390829;1;1;01;20;1;264.71219253;20;1;1;4;1;3;1;1;1;3;1;1;5;4;1;1;1;1;1;3;3;;;;;1500000;;1;;;;;;;;;;5
20230309;03;2023;7390831;1;1;01;23;1;185.77529981;23;1;1;2;1;1;1;1;1;3;1;1;3;2;1;1;1;1;1;3;1;;;50000000;300000;;1;1;;;;;;;;;;3
20230313;03;2023;7390832;1;1;01;23;1;327.46590557;23;2;1;4;1;1;1;1;1;3;1;1;3;2;1;1;1;1;1;3;3;;;;;400000;;;;;;;;;1;;;4
20230313;03;2023;7390834;1;1;01;23;1;485.65479783;23;1;1;2;1;3;1;1;1;3;1;1;3;1;1;1;1;1;1;3;4;;;;700000;;;1;;;;;;;;;;1
20230313;03;2023;7390835;1;1;01;23;1;550.2443304;23;2;1;4;1;3;1;1;1;3;1;1;3;2;1;1;1;1;1;3;3;;;;;500000;;1;;;;;;;;;;2
20230313;03;2023;7390836;1;1;01;23;1;188.07046024;23;1;1;4;1;3;1;1;1;3;1;1;4;3;1;1;1;1;1;3;4;;;;1000000;;;1;;;;;;;;;;2
20230313;03;2023;7390837;1;1;01;23;1;154.29293376;23;1;1;4;1;3;1;1;1;3;1;1;2;1;1;1;1;1;1;3;3;;;;;550000;;1;;;;;;;;;;4
20230313;03;2023;7390839;1;1;01;23;1;226.11622783;23;2;1;4;1;1;1;1;1;3;1;1;3;2;1;1;1;1;1;3;1;;;55000000;500000;;;1;;;;;;;;;;2
20230313;03;2023;7390840;1;1;01;23;1;215.01584966;23;2;1;4;1;1;1;1;1;3;1;1;3;2;1;1;1;1;1;3;4;;;;350000;;;;;;;;;;1;;;4
20230313;03;2023;7390841;1;1;01;23;1;281.41290908;23;1;1;4;1;3;1;1;1;3;1;1;5;3;1;1;1;1;1;3;4;;;;1200000;;;1;;;;;;;;;;5
20230313;03;2023;7390842;1;1;01;23;1;163.96104897;23;2;1;4;1;1;1;1;1;3;1;1;3;2;1;1;1;1;1;3;3;;;;;500000;;1;;;;;;;;;;4
20230313;03;2023;7390843;1;1;01;23;1;251.97607703;23;2;1;2;1;1;1;1;1;3;1;1;3;2;1;1;1;1;1;3;3;;;;;550000;;;;;;;;;1;;;2
20230313;03;2023;7390844;1;1;01;23;1;348.91986492;23;2;1;4;1;1;1;1;1;3;1;1;3;2;1;1;1;1;1;3;3;;;;;600000;;1;;;;;;;;;;3
20230313;03;2023;7390845;1;1;01;23;1;146.27702463;23;2;1;4;1;1;1;1;1;3;1;1;3;2;1;1;1;1;1;3;4;;;;400000;;;1;;;;;;;;;;2
20230313;03;2023;7390847;1;1;01;23;1;137.5610826;23;2;1;2;1;1;1;1;1;3;1;1;3;2;1;1;1;1;1;3;3;;;;;300000;;1;;;;;;;;;;8
20230313;03;2023;7390848;1;1;01;23;1;170.71068736;23;2;1;2;1;1;1;1;1;3;1;1;3;2;1;1;1;1;1;3;3;;;;;330000;;1;;;;;;;;;;3
20230313;03;2023;7390851;1;1;01;23;1;359.82808395;23;1;1;4;1;1;1;1;1;3;1;1;3;1;1;1;1;1;1;3;4;;;;450000;;;;;;;;;;1;;;1
20230313;03;2023;7390852;1;1;01;23;1;297.67290508;23;2;1;4;1;1;1;1;1;3;1;1;4;3;1;1;1;1;1;3;3;;;;;450000;;1;;;;;;;;;;3
20230313;03;2023;7390854;1;1;01;23;1;246.82352488;23;2;1;2;1;1;1;1;1;3;1;1;2;1;1;1;1;1;1;3;3;;;;;350000;;;;;;;;;1;;;3
20230313;03;2023;7390855;1;1;01;23;1;195.48694919;23;1;1;4;1;2;1;1;1;3;1;1;4;3;1;1;1;1;1;3;1;;;98;800000;;;1;;;;;;;;;;4
20230313;03;2023;7390856;1;1;01;23;1;380.4833711;23;2;1;4;1;1;1;1;1;3;1;1;3;1;1;1;1;1;1;3;3;;;;;450000;;;;;;;;;1;;;2
20230313;03;2023;7390857;1;1;01;23;1;213.68329926;23;1;1;4;1;2;1;1;1;3;1;1;3;1;1;1;1;1;1;3;4;;;;700000;;;1;;;;;;;;;;2
20230313;03;2023;7390859;1;1;01;23;1;106.17517016;23;1;1;4;1;2;1;1;1;3;1;1;4;3;1;1;1;1;1;3;4;;;;600000;;;1;;;;;;;;;;5
20230313;03;2023;7390860;1;1;01;23;1;137.5610826;23;2;1;4;1;1;1;1;1;3;1;1;3;2;1;1;1;1;1;3;3;;;;;300000;;1;;;;;;;;;;6
20230313;03;2023;7390861;1;1;01;23;1;137.5610826;23;1;1;2;1;1;1;1;1;3;1;1;4;3;1;1;1;1;1;3;4;;;;400000;;;;;;;;;;1;;;8
20230313;03;2023;7390862;1;1;01;23;1;140.60020424;23;1;1;1;1;1;1;1;1;3;1;1;3;3;1;1;1;1;1;3;1;;;65000000;300000;;;;;;;;;;1;;;5
20230313;03;2023;7390863;1;1;01;23;1;334.27920545;23;1;1;4;1;2;1;1;1;3;1;1;3;2;1;1;1;1;1;3;2;;800000;160000000;700000;;;1;;1;;;;;;;;4
20230313;03;2023;7390865;1;1;01;23;1;229.45737204;23;1;1;4;1;2;1;1;1;3;1;1;5;3;1;1;1;1;1;3;3;;;;;1000000;;1;;;;;;;;;;5
20230313;03;2023;7390866;1;1;01;23;1;244.59645285;23;1;1;4;1;2;1;1;1;3;1;1;4;3;1;1;1;1;1;3;1;;;100000000;800000;;;1;;;;;;;;;;2
20230313;03;2023;7390867;1;1;01;23;1;96.292757821;23;2;1;4;1;2;1;1;1;3;1;1;4;3;1;1;1;1;1;3;3;;;;;600000;;1;;;;;;;;;;3
20230313;03;2023;7390868;1;1;01;23;1;120.15689465;23;2;1;4;1;2;1;1;1;3;1;1;4;3;1;1;1;1;1;3;3;;;;;550000;;1;;;;;;;;;;3
20230313;03;2023;7390869;1;1;01;23;1;429.01254658;23;2;1;2;1;1;1;1;1;3;1;1;3;2;1;1;1;1;1;3;3;;;;;350000;;;;;;;;;1;;;3
20230313;03;2023;7390870;1;1;01;23;1;269.76711049;23;1;1;4;1;2;1;1;1;3;1;1;5;2;1;1;1;1;3;3;3;;;;;750000;;;;;;;;;1;;;3
20230313;03;2023;7390871;1;1;01;23;1;96.292757821;23;2;1;4;1;2;1;1;1;3;1;1;4;3;1;1;1;1;1;3;4;;;;600000;;;1;;;;;;;;;;4
20230313;03;2023;7390872;1;1;01;23;1;275.79377995;23;2;1;4;1;2;1;1;1;3;1;1;4;3;1;1;1;1;1;3;3;;;;;700000;;1;;;;;;;;;;3
20230313;03;2023;7390873;1;1;01;23;1;144.99801373;23;2;1;4;1;2;1;1;1;3;1;1;4;3;1;1;1;1;1;3;3;;;;;800000;;1;;;;;;;;;;4
20230313;03;2023;7390875;1;1;01;23;1;129.7116631;23;2;1;4;1;2;1;1;1;3;1;1;4;3;1;1;1;1;1;3;3;;;;;700000;;1;;;;;;;;;;3
20230313;03;2023;7390876;1;1;01;23;1;216.9610722;23;2;1;4;1;2;1;1;1;3;1;1;3;2;1;1;1;1;1;3;3;;;;;500000;;1;;;;;;;;;;4
20230313;03;2023;7390880;1;1;01;23;1;142.88197953;23;2;1;4;1;2;1;1;1;3;1;1;4;2;1;1;1;1;1;3;3;;;;;700000;;1;;;;;;;;;;2
20230313;03;2023;7390881;1;1;01;23;1;409.57379879;23;2;1;2;1;1;1;1;1;3;1;1;3;2;1;1;1;1;1;3;3;;;;;300000;;1;;;;;;;;;;6
20230313;03;2023;7390883;1;1;01;23;1;366.52802299;23;2;1;4;1;1;1;1;1;3;1;1;3;2;1;1;1;1;1;3;3;;;;;350000;;1;;;;;;;;;;3
20230313;03;2023;7390884;1;1;01;23;1;433.17576695;23;2;1;4;1;1;1;1;1;3;1;1;3;2;1;1;1;1;1;3;1;;;50000000;400000;;;;;;;;;;1;;;2
20230313;03;2023;7390885;1;1;01;23;1;271.17271167;23;1;1;4;1;1;1;1;1;3;1;1;3;2;1;1;1;1;1;3;3;;;;;550000;;;;;;;;;1;;;4
20230313;03;2023;7390886;1;1;01;23;1;420.44932908;23;2;1;4;1;1;1;1;1;3;1;1;3;2;1;1;1;1;1;3;3;;;;;400000;;1;;;;;;;;;;4
20230313;03;2023;7390887;1;1;01;23;1;422.75930122;23;2;1;4;1;1;1;1;1;3;1;1;3;1;1;1;1;1;1;3;4;;;;500000;;;1;;;;;1;;;;;2
20230313;03;2023;7390888;1;1;01;23;1;366.52802299;23;1;1;4;1;1;1;1;1;3;1;1;3;2;1;1;1;1;3;3;3;;;;;600000;;1;;;;;;;;;;3
20230313;03;2023;7390889;1;1;01;23;1;188.07046024;23;2;1;4;1;3;1;1;1;3;1;1;3;2;1;1;1;1;1;3;4;;;;600000;;;1;;;;;;;;;;2
20230313;03;2023;7390890;1;1;01;23;1;125.05552964;23;2;1;2;1;1;1;1;1;3;1;1;3;2;1;1;1;1;1;3;1;;;45000000;300000;;;;;;;;;;1;;;4
20230313;03;2023;7390891;1;1;01;23;1;344.00399652;23;2;1;2;1;1;1;1;1;3;1;1;3;2;1;1;1;1;3;3;1;;;42000000;350000;;;;;;;;;;1;;;4
20230313;03;2023;7390892;1;1;01;23;1;345.18301122;23;2;1;2;1;1;1;1;1;3;1;1;3;2;1;1;1;1;1;3;1;;;42000000;300000;;;;;;;;;;1;;;5
20230313;03;2023;7390893;1;1;01;23;1;235.76021678;23;2;1;4;1;1;1;1;1;3;1;1;3;2;1;1;1;1;1;3;1;;;44000000;300000;;;;;;;1;;;;;;5
20230313;03;2023;7390894;1;1;01;23;1;278.73588093;23;2;1;4;1;1;1;1;1;3;1;1;3;2;1;1;1;1;1;3;1;;;34000000;200000;;;1;;;;;;;;;;3
20230313;03;2023;7390895;1;1;01;23;1;500.22211855;23;2;1;3;1;1;1;1;1;3;1;1;3;1;1;1;1;1;1;3;1;;;50000000;400000;;;;;;;;;;1;;;2
20230313;03;2023;7390896;1;1;01;23;1;313.21252097;23;2;1;4;1;1;1;1;1;3;1;1;3;2;1;1;1;1;1;3;1;;;35000000;200000;;;;;;;;;;1;;;6
20230313;03;2023;7390897;1;1;01;23;1;173.52384649;23;2;1;4;1;1;1;1;1;3;1;1;3;2;1;1;1;1;1;3;1;;;50000000;200000;;;;;;;;;;1;;;5
20230313;03;2023;7390898;1;1;01;23;1;219.87233214;23;2;1;2;1;1;1;1;1;3;1;1;3;2;1;1;1;1;1;3;4;;;;300000;;;1;;;;;;;;;;2
20230313;03;2023;7390899;1;1;01;23;1;315.44357436;23;2;1;2;1;1;1;1;1;1;1;1;3;1;1;1;1;1;1;3;1;;;34000000;200000;;;;;;;;;;1;;;2
20230313;03;2023;7390900;1;1;01;23;1;294.80287958;23;2;1;2;1;1;1;1;1;3;1;1;3;2;1;1;1;1;1;3;1;;;32000000;200000;;;;;;;;;;1;;;5
20230313;03;2023;7390901;1;1;01;23;1;208.26594122;23;1;1;4;1;2;1;1;1;3;1;1;4;2;1;1;1;1;1;3;4;;;;600000;;;1;;;;;;;;;;2
20230313;03;2023;7390902;1;1;01;;1;1872.5092177;25;2;1;3;1;3;1;1;1;3;1;1;4;2;1;1;1;1;1;3;1;;;80000000;600000;;;1;;;;;;;;;;3
20230313;03;2023;7390903;1;1;01;;1;1835.2008309;25;2;1;4;1;3;1;1;1;3;1;1;4;2;1;1;1;1;3;3;3;;;;;400000;;1;;;;;;;;;;3
20230313;03;2023;7390904;1;1;01;;1;2270.0357195;25;2;1;4;1;3;1;1;1;3;1;1;3;2;1;1;1;1;1;3;3;;;;;600000;;1;;;;;;;;;;3
20230313;03;2023;7390905;1;1;01;27;1;48.292694774;27;1;1;2;1;1;2;2;1;3;1;1;6;5;2;1;1;1;1;4;1;;;60000000;500000;;;;;;;;;;1;;;8
20230313;03;2023;7390906;1;1;01;27;1;38.511852076;27;1;1;4;1;1;2;2;1;3;1;1;4;2;2;1;1;1;1;4;3;;;;;450000;;1;;;;;;;;;;6
20230313;03;2023;7390907;1;1;01;27;1;79.092015645;27;1;1;4;1;1;2;2;1;3;1;1;3;2;3;1;1;1;1;4;4;;;;400000;;;1;;;;;;;;;;5
20230313;03;2023;7390908;1;1;01;27;1;71.581141936;27;1;1;4;1;1;2;2;1;3;1;1;2;1;3;1;1;1;1;4;4;;;;200000;;;;;;;;;;1;;;3
20230313;03;2023;7390909;1;1;01;27;1;57.436220773;27;2;1;4;1;1;2;2;1;3;1;1;3;1;2;1;1;1;1;4;3;;;;;350000;;1;;;;;;;;;;1
20230313;03;2023;7390910;1;1;01;27;1;52.941071871;27;1;1;4;1;1;2;2;1;3;1;1;3;2;2;1;1;1;1;4;1;;;100000000;1000000;;;1;;;;;;;;;;2
20230313;03;2023;7390911;1;1;01;27;1;29.523900643;27;1;2;2;1;1;2;2;1;3;2;1;6;5;3;1;1;5;3;4;1;;;40000000;400000;;;;;;;;;;1;;;7
20230313;03;2023;7390912;1;1;01;27;1;58.138517559;27;1;1;4;1;1;2;2;1;3;2;1;4;3;3;1;1;5;1;4;4;;;;1000000;;;1;;;;1;;;;;;6
20230313;03;2023;7390913;1;1;01;27;1;60.73449091;27;1;1;4;1;1;2;2;1;3;2;1;5;2;3;1;1;5;1;4;1;;;80000000;550000;;;;;;;;;;1;;;2
20230313;03;2023;7390914;1;1;01;27;1;66.704177636;27;1;1;2;1;1;2;2;1;3;2;1;2;1;3;1;1;5;1;4;3;;;;;80000;;;;;;;;;1;;;4
20230313;03;2023;7390915;1;1;01;27;1;66.990839839;27;1;1;4;1;1;2;2;1;3;2;1;4;2;3;1;1;5;3;4;3;;;;;350000;;1;;;;;;;;;;2
20230313;03;2023;7390916;1;1;01;27;1;44.19283911;27;1;1;4;1;1;2;2;1;3;2;1;4;3;3;1;1;5;1;4;3;;;;;600000;;1;;;;;;;;;;3
20230313;03;2023;7390917;1;1;01;27;1;49.019510992;27;1;1;4;1;1;2;2;1;3;2;1;3;2;3;1;1;5;3;4;1;;;80000000;300000;;;1;;;;;;;;;;2
20230313;03;2023;7390918;1;1;01;27;1;29.523900643;27;1;5;2;1;1;2;2;1;3;2;1;4;3;3;1;1;5;1;4;4;;;;200000;;;;;;;;;;1;;;7
20230313;03;2023;7390919;1;1;01;27;1;80.115988235;27;1;1;4;1;1;2;2;1;3;2;1;5;3;3;1;1;5;3;4;1;;;70000000;600000;;;1;;;;;;;;;;3
20230313;03;2023;7390920;1;1;01;27;1;84.211761043;27;1;1;4;1;1;2;2;1;3;2;1;5;4;3;1;1;5;1;4;1;;;100000000;500000;;;;;;;;;;1;;;4
20230313;03;2023;7390921;1;1;01;27;1;53.181685901;27;1;1;4;1;1;2;2;1;3;2;1;3;1;3;1;1;5;1;4;4;;;;600000;;;1;;;;;;;;;;1
20230313;03;2023;7390922;1;1;01;27;1;41.370809616;27;1;1;4;1;1;2;2;1;3;1;1;4;2;3;1;1;1;1;4;1;;;100000000;300000;;;1;;;;;;;;;;2
20230313;03;2023;7390925;1;1;01;27;1;48.5568221;27;1;1;2;1;1;2;2;1;3;1;1;5;4;2;1;1;1;1;4;3;;;;;400000;;1;;;;;;;;;;5
20230313;03;2023;7390926;1;1;01;27;1;41.871900867;27;1;1;4;1;1;2;2;1;3;1;1;4;2;2;1;1;1;1;4;1;;;40000000;400000;;;1;;;;;;;;;;3
20230313;03;2023;7390927;1;1;01;27;1;55.550795888;27;1;1;4;1;1;2;2;1;3;1;1;3;2;2;1;1;1;1;4;1;;;60000000;400000;;;1;;;;;;;;;;2
20230313;03;2023;7390929;1;1;01;27;1;32.941111386;27;1;1;4;1;1;2;2;1;3;1;1;3;2;3;1;1;1;1;4;4;;;;300000;;;;;;;;;;1;;;2
20230313;03;2023;7390930;1;1;01;27;1;69.539726438;27;1;1;4;1;1;2;2;1;3;2;1;3;1;3;1;1;5;3;4;1;;;50000000;300000;;;1;;;;;;;;;;1
20230313;03;2023;7390931;1;1;01;27;1;55.287459637;27;1;5;3;1;1;2;2;1;3;2;1;8;4;3;1;1;5;3;4;1;;;17000000;350000;;;;;;;;;;1;;;4
20230313;03;2023;7390932;1;1;01;27;1;30.314671722;27;1;5;3;1;1;2;2;1;3;2;1;4;3;2;1;1;5;1;4;3;;;;;250000;;;;;;;;;1;;;3
20230313;03;2023;7390933;1;1;01;27;1;28.884061707;27;1;5;3;1;1;2;2;1;3;2;1;3;2;2;1;1;5;1;4;4;;;;350000;;;;;;;;;;1;;;2
20230313;03;2023;7390935;1;1;01;27;1;41.043079504;27;1;5;3;1;1;2;2;1;3;2;1;4;1;2;1;1;5;1;4;4;;;;300000;;;;;;;;;;1;;;1
20230313;03;2023;7390936;1;1;01;27;1;31.750468873;27;1;5;3;1;1;2;2;1;3;2;1;3;2;3;1;1;5;4;4;1;;;15000000;200000;;;;;;;;;;1;;;2
20230313;03;2023;7390937;1;1;01;27;1;36.594208819;27;1;1;2;1;1;2;2;1;3;1;1;3;2;2;1;1;1;1;4;4;;;;500000;;;1;;;;;;;;;;3
20230313;03;2023;7390938;1;1;01;27;1;54.107918073;27;1;1;2;1;1;2;2;1;3;1;1;3;2;3;1;1;1;3;4;1;;;50000000;400000;;;;;;;;;;1;;;2
20230313;03;2023;7390939;1;1;01;27;1;34.16707546;27;1;1;4;1;1;2;2;1;3;2;1;5;4;2;1;1;5;1;4;1;;;80000000;600000;;;1;;;;;;;;;;4
20230313;03;2023;7390940;1;1;01;27;1;39.627619086;27;2;1;4;1;1;2;2;1;3;1;1;4;2;2;1;1;1;3;4;4;;;;600000;;;;;;;;;;1;;;5
20230313;03;2023;7390941;1;1;01;27;1;41.599523694;27;2;1;4;1;1;2;2;1;3;1;1;3;2;3;1;1;10;1;4;3;;;;;1700000;;1;;;1;;1;;;;;4
20230313;03;2023;7390943;1;1;01;27;1;36.938771554;27;2;1;4;1;1;2;2;1;3;2;1;3;1;2;1;1;5;1;4;3;;;;;400000;;1;;;;;;;;;;1
20230313;03;2023;7390944;1;1;01;27;1;28.362953073;27;1;1;2;1;1;2;2;1;3;2;1;3;2;2;1;1;5;1;4;3;;;;;300000;;1;;;;;;;;;;3
20230313;03;2023;7390945;1;1;01;27;1;36.938771554;27;2;1;4;1;1;2;2;1;3;2;1;4;1;2;1;1;5;1;4;3;;;;;400000;;1;;;;;;;;;;1
20230313;03;2023;7390946;1;1;01;27;1;27.20514055;27;1;1;4;1;1;2;2;1;3;2;1;4;3;2;1;1;5;1;4;4;;;;1000000;;;1;;;;;;;;;;3
20230313;03;2023;7390947;1;1;01;27;1;40.676504327;27;1;1;2;1;1;2;2;1;3;1;1;3;2;3;1;1;1;1;4;3;;;;;350000;;;;;;;;;1;;;3
20230313;03;2023;7390949;1;1;01;27;1;28.59047434;27;1;1;2;1;1;2;2;1;3;2;1;3;1;3;1;1;5;3;4;4;;;;300000;;;1;;;;;;;;;;1
20230313;03;2023;7390950;1;1;01;27;1;33.408968887;27;1;1;4;1;1;2;2;1;3;2;1;3;2;2;1;1;5;1;4;3;;;;;250000;;;;;;;;;1;;;3
20230313;03;2023;7390951;1;1;01;27;1;31.358644877;27;1;1;4;1;1;2;2;1;3;2;1;4;3;3;1;1;5;1;4;2;;1000000;60000000;600000;;;1;;;;;;;;;;3
20230313;03;2023;7390952;1;1;01;27;1;43.382510264;27;1;1;4;1;1;2;2;1;3;1;1;3;2;3;1;1;1;3;4;3;;;;;500000;;1;;;;;;;;;;3
20230313;03;2023;7390953;1;1;01;27;1;32.650862313;27;1;1;4;1;1;2;2;1;3;2;1;4;2;2;1;1;5;1;4;3;;;;;400000;;;;;;;;;1;;;2
20230313;03;2023;7390954;1;1;01;27;1;42.522543061;27;2;1;4;1;1;2;2;1;3;1;1;3;2;2;1;1;1;3;4;4;;;;600000;;;1;;;;;;;;;;5
20230313;03;2023;7390955;1;1;01;27;1;33.904681842;27;2;1;4;1;1;2;2;1;3;1;1;4;3;3;1;1;10;1;4;3;;;;;900000;;1;;;;1;1;;;;;6
20230313;03;2023;7390956;1;1;01;27;1;34.714785317;27;1;2;3;1;1;2;2;1;3;1;1;4;1;3;1;1;1;1;1;4;;;;300000;;;;;;;;;;1;;;1
20230313;03;2023;7390957;1;1;01;27;1;52.982314108;27;1;1;4;1;1;2;2;1;3;1;1;3;1;3;1;1;1;3;4;1;;;100000000;700000;;;;;;;;;;1;;;3
20230313;03;2023;7390958;1;1;01;27;1;31.162478737;27;1;1;4;1;1;2;2;1;3;1;1;3;1;3;1;1;1;3;4;3;;;;;300000;;1;;;;;;;;;;1
20230313;03;2023;7390959;1;1;01;27;1;27.298256904;27;2;1;4;1;1;2;2;1;3;2;1;3;2;2;1;1;5;1;4;3;;;;;360000;;;;;;;;;1;;;2
20230313;03;2023;7390960;1;1;01;27;1;71.41237228;27;1;1;4;1;1;2;2;1;3;2;1;4;3;2;1;1;5;1;4;1;;;70000000;500000;;;1;;;;;;;;;;3
20230313;03;2023;7390961;1;1;01;27;1;53.988994411;27;2;1;4;1;1;2;2;1;3;2;1;4;1;2;1;1;5;1;4;4;;;;400000;;;;;;;;;;1;;;1
20230313;03;2023;7390962;1;1;01;27;1;76.100527567;27;2;1;4;1;1;2;2;1;3;2;1;4;2;2;1;1;5;1;4;1;;;70000000;600000;;;1;;;;;;;;;;3
20230313;03;2023;7390963;1;1;01;27;1;52.697688061;27;1;1;2;1;1;2;2;1;3;2;1;4;3;3;1;1;5;1;4;3;;;;;400000;;1;;;;;;;;;;3
20230313;03;2023;7390964;1;1;01;27;1;75.967612377;27;2;1;4;1;1;2;2;1;3;2;1;4;3;2;1;1;5;1;4;3;;;;;700000;;;;;;;;;1;;;2
20230313;03;2023;7390965;1;1;01;27;1;53.988994411;27;2;1;4;1;1;2;2;1;3;2;1;4;2;3;1;1;5;1;4;4;;;;800000;;;1;;;;;;;;;;1
20230313;03;2023;7390966;1;1;01;27;1;70.472043746;27;1;1;4;1;1;2;2;1;3;2;1;3;2;2;1;1;5;1;4;4;;;;600000;;;1;;;;;;;;;;3
20230313;03;2023;7390967;1;1;01;27;1;81.447485373;27;2;1;2;1;1;2;2;1;3;2;1;4;2;2;1;1;5;1;4;3;;;;;230000;;;;;;;;;1;;;4
20230313;03;2023;7390969;1;1;01;27;1;78.858049781;27;1;1;4;1;1;2;2;1;3;2;1;6;1;2;1;1;5;1;4;1;;;100000000;700000;;;1;;;;;;;;;;1
20230313;03;2023;7390970;1;1;01;27;1;47.131489598;27;1;1;4;1;1;2;2;1;3;1;1;5;4;3;1;1;10;1;4;1;;;99;99;;;1;;;1;;1;;;;;4
20230313;03;2023;7390971;1;1;01;27;1;64.47860237;27;1;1;4;1;1;2;2;1;3;1;1;3;2;3;1;1;1;3;4;1;;;90000000;1000000;;;1;;;;;;;;;;2
20230313;03;2023;7390972;1;1;01;27;1;41.613193914;27;2;5;2;1;1;2;2;1;3;1;1;4;3;2;1;1;1;1;4;1;;;5000000;200000;;;1;;;;;;;;;;6
20230313;03;2023;7390973;1;1;01;27;1;48.472834322;27;2;1;4;1;1;2;2;1;3;1;1;3;2;3;1;1;10;1;4;3;;;;;550000;;1;;;;;1;;;;;3
20230313;03;2023;7390974;1;1;01;27;1;41.368452503;27;2;1;4;1;1;2;2;1;3;1;1;4;1;2;1;1;1;1;4;1;;;50000000;450000;;;1;;;;;;;;;;1
20230313;03;2023;7390975;1;1;01;27;1;26.260986069;27;1;1;4;1;1;2;2;1;3;1;1;6;4;2;1;1;1;1;4;1;;;120000000;800000;;;1;;1;;1;1;;;;;5
20230313;03;2023;7390976;1;1;01;27;1;39.591779983;27;2;1;4;1;1;2;2;1;3;1;1;2;1;3;1;1;10;6;;3;;;;;500000;;1;;;;;1;;;;;1
20230313;03;2023;7390977;1;1;01;27;1;34.463641125;27;1;1;4;1;1;2;2;1;3;1;1;4;3;3;1;1;1;3;4;1;;;40000000;400000;;;;;;;;;;1;;;5
20230313;03;2023;7390979;1;1;01;27;1;53.594199799;27;1;1;4;1;1;2;2;1;3;1;1;2;1;3;1;1;1;3;4;6;;;;500000;;;;;;;;;;1;;;1
20230313;03;2023;7390980;1;1;01;27;1;50.238217758;27;1;1;2;1;1;2;2;1;3;1;1;7;5;3;1;1;1;1;4;1;;;40000000;350000;;;1;;;;;;;;;;18
20230313;03;2023;7390981;1;1;01;27;1;28.819896895;27;1;1;2;1;1;2;2;1;3;1;1;6;5;3;1;1;5;1;4;4;;;;4000000;;;;;;;;;;1;;;11
20230313;03;2023;7390982;1;1;01;27;1;41.818686785;27;1;1;2;1;1;2;2;1;3;1;1;4;3;3;1;1;5;1;4;3;;;;;350000;;;;;;;;;1;;;4
20230313;03;2023;7390983;1;1;01;27;1;32.631082908;27;1;1;2;1;1;2;2;1;3;1;1;4;3;3;1;1;5;1;4;4;;;;7000000;;;;;;;;;;1;;;3
20230313;03;2023;7390984;1;1;01;27;1;37.207580711;27;1;1;4;1;1;2;2;1;3;1;1;4;2;3;1;1;1;3;1;4;;;;300000;;;;;;;;;;1;;;2
20230313;03;2023;7390985;1;1;01;27;1;46.395184588;27;1;1;2;1;1;2;2;1;3;1;1;3;2;3;1;1;5;1;4;1;;;80000000;300000;;;;;;;;;;1;;;3
20230313;03;2023;7390986;1;1;01;27;1;36.492524439;27;1;2;1;1;1;2;2;1;3;1;1;4;3;6;;1;1;1;4;1;;;45000000;300000;;;;;;;;;;1;;;5
20230313;03;2023;7390987;1;1;01;27;1;43.016514271;27;1;1;4;1;1;2;2;1;3;1;1;3;2;2;1;1;1;3;4;3;;;;;150000;;1;;;;;;;;;;4
20230313;03;2023;7390988;1;1;01;27;1;28.015386266;27;1;1;4;1;1;2;2;1;3;1;1;5;4;2;1;1;1;1;4;1;;;35000000;350000;;;;;;;;;;1;;;6
20230313;03;2023;7390989;1;1;01;27;1;38.510061736;27;1;1;4;1;1;2;2;1;3;1;1;3;2;2;1;1;1;3;4;3;;;;;300000;;;;;;;;;1;;;7
20230313;03;2023;7390990;1;1;01;27;1;45.795430148;27;1;1;4;1;1;2;2;1;3;1;1;3;2;2;1;1;1;1;4;1;;;30000000;300000;;;;;;;;;;1;;;6
20230313;03;2023;7390991;1;1;01;27;1;36.518190326;27;1;1;2;1;1;2;2;1;3;1;1;4;3;3;1;1;1;1;4;4;;;;400000;;;;;;;;;;1;;;5
20230313;03;2023;7390992;1;1;01;27;1;74.207353568;27;2;1;4;1;1;2;2;1;3;1;1;3;1;2;1;1;1;1;4;3;;;;;350000;;1;;;;;;;;;;1
20230313;03;2023;7390994;1;1;01;27;1;84.065259188;27;1;1;2;1;1;2;2;1;3;1;1;3;2;3;1;1;1;1;4;4;;;;300000;;;;;;;;;;1;;;3
20230313;03;2023;7390995;1;1;01;27;1;28.265294656;27;1;1;2;1;1;2;2;1;3;1;1;4;3;3;1;1;5;1;4;1;;;60000000;300000;;;;;;;;;;1;;;3
20230313;03;2023;7390997;1;1;01;41;1;126.11572946;41;2;1;4;1;2;1;1;1;3;1;1;2;1;1;1;1;1;1;3;3;;;;;380000;;1;;;;;;;;;;1
20230313;03;2023;7390998;1;1;01;41;1;106.29127006;41;1;1;4;1;2;1;1;1;3;1;1;4;1;1;1;1;1;3;3;1;;;99;600000;;1;1;;;;;;;;;;1
20230313;03;2023;7390999;1;1;01;41;1;119.57395979;41;1;1;4;1;2;1;1;1;3;1;1;5;3;1;1;1;1;1;3;1;;;180000000;600000;;;1;;;;;1;;;;;3
20230313;03;2023;7391000;1;1;01;41;1;172.15265114;41;2;1;4;1;2;1;1;1;3;1;1;4;3;1;1;1;1;3;3;4;;;;99;;;1;;;;;1;;;;;4
20230313;03;2023;7391001;1;1;01;41;1;133.25410484;41;1;1;4;1;2;1;1;1;3;1;1;4;1;1;1;1;1;1;3;3;;;;;600000;;1;;;;;1;;;;;2
20230313;03;2023;7391002;1;1;01;41;1;246.72625165;41;1;1;4;1;2;1;1;1;3;1;1;4;2;1;1;1;1;1;3;3;;;;;650000;;1;;;;;;;;;;3
20230313;03;2023;7391003;1;1;01;41;1;175.35329397;41;1;1;4;1;2;1;1;1;3;1;1;4;1;1;1;1;1;3;3;1;;;130000000;650000;;;1;;;;;1;;;;;1
20230313;03;2023;7391004;1;1;01;41;1;202.21027264;41;1;1;4;1;2;1;1;1;3;1;1;4;2;1;1;1;1;1;3;4;;;;99;;1;1;;;;;1;;;;;2
20230313;03;2023;7391005;1;1;01;41;1;197.32433528;41;1;1;4;1;2;1;1;1;3;1;1;4;2;1;1;1;1;1;3;1;;;99;600000;;;1;;;;;1;;;;;3
20230313;03;2023;7391006;1;1;01;41;1;239.53589537;41;1;1;4;1;2;1;1;1;3;1;1;4;2;1;1;1;1;1;3;1;;;150000000;700000;;;1;;;;;;;;;;3
20230313;03;2023;7391007;1;1;01;41;1;83.060278457;41;2;1;4;1;2;1;1;1;3;1;1;3;2;1;1;1;1;1;3;1;;;150000000;700000;;;1;;;;;;;;;;2
20230313;03;2023;7391008;1;1;01;41;1;59.084937564;41;2;1;4;1;2;1;1;1;3;1;1;3;2;1;1;1;1;1;3;1;;;150000000;600000;;;;;;;;;;1;;;2
20230313;03;2023;7391009;1;1;01;41;1;73.117760134;41;1;1;4;1;2;1;1;1;3;1;1;2;1;1;1;1;1;1;3;1;;;120000000;600000;;;;;;;;;;1;;;1
20230313;03;2023;7391010;1;1;01;41;1;86.400909028;41;2;1;4;1;2;1;1;1;3;1;1;3;2;1;1;1;1;3;3;3;;;;;480000;;1;;;;;;;;;;3
20230313;03;2023;7391011;1;1;01;41;1;303.54540966;41;1;1;4;1;2;1;1;1;3;1;1;4;3;1;1;1;1;1;3;4;;;;500000;;;1;;;;;1;;;;;4
20230313;03;2023;7391012;1;1;01;41;1;68.446847337;41;2;1;4;1;2;1;1;1;3;1;1;4;2;1;1;1;1;1;3;1;;;200000000;600000;;;1;;;;;1;;;;;3
20230313;03;2023;7391013;1;1;01;41;1;83.498351328;41;2;1;4;1;2;1;1;1;3;1;1;4;2;1;1;1;1;1;3;4;;;;99;;1;1;;;;;1;;;;;3
20230313;03;2023;7391014;1;1;01;41;1;71.077366465;41;1;1;4;1;2;1;1;1;3;1;1;4;2;1;1;1;1;1;3;4;;;;99;;;1;;;;;1;;;;;2
20230313;03;2023;7391015;1;1;01;41;1;89.653994151;41;2;1;4;1;2;1;1;1;3;1;1;4;2;1;1;1;1;1;3;3;;;;;500000;;1;;;;;1;;;;;3
20230312;03;2023;7391016;1;1;01;44;1;77.398458797;44;1;1;4;1;1;1;1;1;3;1;1;3;1;1;1;1;1;1;3;1;;;100000000;600000;;;1;;;;;;;;;;2
20230313;03;2023;7391017;1;1;01;44;1;63.515325928;44;2;1;4;1;1;1;1;1;3;1;1;3;3;1;1;1;1;3;3;3;;;;;400000;;;;;;;;;1;;;8
20230313;03;2023;7391018;1;1;01;44;1;43.011490842;44;2;1;4;1;1;1;1;1;3;1;1;3;2;1;1;1;10;1;3;3;;;;;400000;;;;;;;;;1;;;2
20230313;03;2023;7391019;1;1;01;44;1;101.09051773;44;2;1;2;1;1;1;1;1;3;1;1;3;2;1;1;1;1;1;3;3;;;;;250000;;1;;;;;;;;;;4
20230313;03;2023;7391020;1;1;01;44;1;96.010975382;44;2;1;2;1;1;1;1;1;3;1;1;3;2;1;1;1;1;1;3;3;;;;;300000;;1;;;;;;;;;;3
20230313;03;2023;7391021;1;1;01;44;1;93.900709114;44;2;1;2;1;1;1;1;1;3;1;1;4;3;1;1;1;1;1;3;3;;;;;200000;;;;;;;;;1;;;3
20230313;03;2023;7391022;1;1;01;44;1;126.97858504;44;1;1;4;1;1;1;1;1;3;1;1;4;3;1;1;1;1;1;3;3;;;;;600000;;1;;;;;;;;;;3
20230313;03;2023;7391023;1;1;01;44;1;84.652390026;44;1;1;4;1;1;1;1;1;3;1;1;3;2;1;1;1;1;1;3;3;;;;;500000;;1;;;;;;;;;;3
20230313;03;2023;7391024;1;1;01;44;1;59.632150514;44;1;1;4;1;1;1;1;1;3;1;1;3;1;1;1;1;10;1;3;1;;;90000000;350000;;;;;;;;;;1;;;2
20230313;03;2023;7391025;1;1;01;44;1;65.644890885;44;2;1;4;1;1;1;1;1;3;1;1;2;1;1;1;1;10;3;3;3;;;;;500000;;1;;;;;;;;;;1
20230313;03;2023;7391026;1;1;01;44;1;58.586939295;44;1;1;4;1;1;1;1;1;3;1;1;4;3;1;1;1;1;1;3;4;;;;350000;;;;;;;;;;1;;;6
20230313;03;2023;7391027;1;1;01;44;1;90.918205177;44;2;1;2;1;1;1;1;1;3;1;1;2;1;1;1;1;1;1;3;3;;;;;350000;;;;;;;;;1;;;3
20230313;03;2023;7391028;1;1;01;44;1;59.110640715;44;1;1;1;2;;2;1;1;3;1;1;1;1;1;1;1;9;5;5;3;;;;;100000;;;;;;;;;1;;;6
20230313;03;2023;7391029;1;1;01;44;1;58.759694635;44;1;4;1;1;1;2;1;1;3;1;1;3;2;1;1;1;1;1;5;3;;;;;180000;;1;;;;;;;;;;6
20230313;03;2023;7391030;1;1;01;44;1;96.010975382;44;2;1;4;1;1;1;1;1;3;1;1;3;2;1;1;1;1;1;3;3;;;;;420000;;1;;;;;;;;;;3
20230313;03;2023;7391031;1;1;01;44;1;91.894780906;44;3;1;2;1;1;2;2;1;3;1;1;1;1;2;1;1;1;6;;3;;;;;80000;;1;;;;;;;;;;1
20230313;03;2023;7391032;1;1;01;44;1;102.17542188;44;2;1;2;1;1;2;2;1;3;2;1;2;1;2;1;1;9;4;1;3;;;;;150000;;1;;;;;;;;;;2
20230313;03;2023;7391033;1;1;01;44;1;138.81839571;44;2;1;2;1;1;2;2;1;3;2;1;2;1;2;1;1;9;4;4;3;;;;;160000;;;;;;;;;1;;;5
20230313;03;2023;7391034;1;1;01;44;1;92.776699155;44;1;4;1;1;1;2;2;1;3;2;1;2;1;2;1;1;9;5;5;5;;;;100000;;;;;;;;;;1;;;2
20230309;03;2023;7391035;1;1;01;47;1;157.15813381;47;2;1;4;1;4;1;1;1;3;1;1;3;1;1;1;1;1;1;3;3;;;;;800000;;1;;;;;;;;;;1
20230313;03;2023;7391036;1;1;01;47;1;309.03733738;47;2;1;4;1;1;1;2;1;3;2;1;2;1;2;1;1;10;1;3;4;;;;200000;;;;;;;;;;1;;;2
20230313;03;2023;7391037;1;1;01;47;1;134.26915209;47;2;1;4;1;2;1;1;1;3;1;1;4;2;1;1;1;1;1;3;1;;;80000000;400000;;;1;;;;;;;;;;3
20230313;03;2023;7391038;1;1;01;47;1;310.13016286;47;1;1;2;1;1;1;2;1;3;2;1;2;1;2;1;1;10;1;3;5;;;;800000;;;1;;;;;1;;;;;2
20230313;03;2023;7391039;1;1;01;47;1;222.22855928;47;1;1;2;1;1;2;1;1;3;1;1;3;1;1;1;1;2;3;4;5;;;;300000;;;1;;;;;;;;;;3
20230313;03;2023;7391040;1;1;01;47;1;166.68215887;47;1;1;2;1;1;2;1;1;3;1;1;2;2;1;1;1;2;2;1;1;;;98;200000;;;;;;;;;;1;;;6
20230313;03;2023;7391041;1;1;01;47;1;215.71905219;47;2;1;4;1;2;1;1;1;3;1;1;3;2;1;1;1;1;3;3;3;;;;;550000;;1;;;;;;;;;;4
20230313;03;2023;7391042;1;1;01;47;1;414.63904193;47;2;1;2;1;1;1;2;1;3;2;1;3;1;2;1;1;10;1;3;3;;;;;580000;;1;;;;;1;;;;;3
20230313;03;2023;7391043;1;1;01;47;1;235.7852545;47;2;1;2;1;2;1;1;1;3;1;1;3;2;1;1;1;1;3;3;3;;;;;400000;;1;;;;;;;;;;5
20230313;03;2023;7391044;1;1;01;47;1;260.64332439;47;1;1;2;1;1;1;2;1;3;2;1;5;1;2;1;1;10;1;3;4;;;;480000;;;;;;;;;;1;;;1
20230313;03;2023;7391045;1;1;01;47;1;201.21297403;47;2;1;4;1;2;1;1;1;3;1;1;3;1;1;1;1;1;1;3;3;;;;;600000;;;;;;;;;1;;;1
20230313;03;2023;7391046;1;1;01;47;1;157.55703526;47;2;1;2;1;2;1;1;1;3;1;1;2;1;1;1;1;1;3;3;3;;;;;250000;;1;;;;;;;;;;2
20230313;03;2023;7391047;1;1;01;47;1;216.32613616;47;1;5;2;1;1;2;1;1;3;1;1;3;2;1;1;1;2;3;4;5;;;;500000;;;;;;;;;;1;;;2
20230313;03;2023;7391048;1;1;01;47;1;182.45032707;47;1;1;2;1;1;2;1;1;3;1;1;1;1;1;1;1;2;1;4;3;;;;;250000;;;;;;;;;1;;;1
20230313;03;2023;7391049;1;1;01;47;1;196.93871013;47;1;1;2;1;1;2;1;1;3;1;1;2;1;1;1;1;2;5;4;5;;;;300000;;;;;;;;;;1;;;3
20230313;03;2023;7391050;1;1;01;47;1;244.85146699;47;1;8;1;1;1;2;1;1;3;1;1;1;1;1;1;1;2;2;1;1;;;98;100000;;;;;;;;;;1;;;3
20230313;03;2023;7391051;1;1;01;47;1;206.79360878;47;2;5;2;1;1;2;1;1;3;1;1;1;1;1;1;1;2;2;4;4;;;;200000;;;;;;;;;;1;;;2
20230313;03;2023;7391052;1;1;01;47;1;264.09202842;47;1;1;2;1;1;2;1;1;3;1;1;3;1;1;1;1;2;3;1;5;;;;300000;;;;;;;;;;1;;;1
20230313;03;2023;7391053;1;1;01;47;1;172.79930393;47;2;1;2;1;3;1;1;1;3;1;1;3;2;1;1;1;1;3;3;4;;;;500000;;;;;;;;;;1;;;3
20230313;03;2023;7391054;1;1;01;47;1;206.3138123;47;1;1;4;1;3;1;1;1;3;1;1;4;2;1;1;1;2;1;3;4;;;;98;;;1;;;;;;;;;;3
20230313;03;2023;7391055;1;1;01;47;1;125.27067732;47;1;1;2;1;3;1;1;1;3;1;1;3;2;1;1;1;10;1;3;1;;;98;98;;;1;;;;;;;;;;6
20230313;03;2023;7391056;1;1;01;47;1;144.87004928;47;2;1;4;1;3;1;1;1;3;1;1;3;1;1;1;1;2;3;3;3;;;;;300000;;;;;;;;;1;;;1
20230313;03;2023;7391057;1;1;01;47;1;113.19832864;47;1;1;4;1;3;1;1;1;3;1;1;3;1;1;1;1;1;3;3;1;;;98;500000;;;;;;;;;;1;;;1
20230313;03;2023;7391058;1;1;01;47;1;181.01059744;47;1;1;4;1;3;1;1;1;3;1;1;3;2;1;1;1;1;3;3;4;;;;300000;;;;;;;;;;1;;;2
20230313;03;2023;7391059;1;1;01;50;1;230.38238482;50;1;1;4;1;1;1;1;1;3;1;1;3;2;1;1;1;1;1;3;3;;;;;500000;;;;;;;;;1;;;3
20230313;03;2023;7391060;1;1;01;50;1;250.04185518;50;2;1;4;1;1;1;1;1;3;1;1;3;2;1;1;1;1;1;3;3;;;;;350000;;;;;;;;;1;;;2
20230313;03;2023;7391061;1;1;01;50;1;355.41033333;50;1;1;4;1;3;2;1;1;3;1;1;3;2;1;1;1;1;2;1;1;;;60000000;450000;;;1;;;;;;;;;;3
20230313;03;2023;7391062;1;1;01;50;1;148.36841649;50;1;1;4;1;1;1;1;1;3;1;1;3;2;1;1;1;1;1;3;3;;;;;250000;;;;;;;;;1;;;9
20230313;03;2023;7391063;1;1;01;50;1;157.20728307;50;1;1;4;1;1;1;2;1;3;2;1;4;3;2;1;1;4;1;3;3;;;;;320000;;;;;;;;;1;;;13
20230313;03;2023;7391064;1;1;01;50;1;343.80755088;50;2;1;4;1;3;1;1;1;3;1;1;3;2;1;1;1;1;1;3;3;;;;;400000;;;;;;;;;1;;;2
20230313;03;2023;7391065;1;1;01;50;1;222.82214703;50;2;1;4;1;1;1;1;1;3;1;1;3;1;1;1;1;1;1;3;1;;;80000000;400000;;;1;;;;;;;;;;1
20230313;03;2023;7391066;1;1;01;50;1;201.79080013;50;1;1;4;1;2;1;1;1;3;1;1;4;2;1;1;1;1;1;3;1;;;90000000;500000;;;1;;;;;;;;;;3
20230313;03;2023;7391067;1;1;01;50;1;250.73684856;50;2;1;4;1;1;2;2;1;3;1;1;4;3;2;1;1;1;1;4;3;;;;;350000;;;;;;;;;1;;;7
20230313;03;2023;7391068;1;1;01;50;1;153.189211;50;1;1;4;1;2;1;1;1;3;1;1;4;1;1;1;1;1;1;3;1;;;27000000;500000;;;;;;;;;;1;;;2
20230313;03;2023;7391069;1;1;01;50;1;368.61772825;50;1;1;4;1;3;2;1;1;3;1;1;3;2;1;1;1;1;1;4;3;;;;;400000;;1;;;;;;;;;;3
20230313;03;2023;7391070;1;1;01;50;1;222.82214703;50;2;1;2;1;1;1;1;1;3;1;1;4;1;1;1;1;1;1;3;5;;;;200000;;;;;;;;;;1;;;1
20230313;03;2023;7391071;1;1;01;50;1;241.91015208;50;1;5;1;1;1;2;2;1;3;1;1;3;2;2;1;1;1;1;4;1;;;35000000;300000;;;;;;;;;;1;;;4
20230313;03;2023;7391072;1;1;01;50;1;210.22285345;50;1;1;2;1;1;1;1;1;3;1;1;5;4;1;1;1;1;1;3;5;;;;200000;;;;;;;;;;1;;;7
20230313;03;2023;7391073;1;1;01;50;1;187.94608657;50;1;1;4;1;2;1;1;1;3;1;1;3;1;1;1;1;1;1;3;1;;;150000000;600000;;;1;;;;;;;;;;1
20230313;03;2023;7391074;1;1;01;50;1;196.41163592;50;1;1;4;1;2;1;1;1;3;1;1;3;2;1;1;1;1;1;3;3;;;;;400000;;1;;;;;;;;;;3
20230313;03;2023;7391075;1;1;01;50;1;159.32687279;50;1;1;4;1;2;1;1;1;3;1;1;4;3;1;1;1;1;1;3;1;;;45000000;450000;;;1;;;;;;;;;;3
20230313;03;2023;7391076;1;1;01;50;1;281.91912986;50;3;1;4;1;3;1;1;1;7;1;1;1;1;1;1;1;1;3;4;3;;;;;500000;;1;;;;;;;;;;1
20230313;03;2023;7391077;1;1;01;50;1;371.37024505;50;1;1;4;1;3;1;1;1;3;1;1;5;1;1;1;1;1;1;3;4;;;;600000;;;;;;;;;;1;;;1
20230313;03;2023;7391078;1;1;01;50;1;287.07591463;50;3;1;4;1;3;1;1;1;7;1;1;1;1;1;1;1;1;6;;3;;;;;350000;;;;;;;;;1;;;1
20230313;03;2023;7391079;1;1;01;50;1;206.28453053;50;2;1;4;1;3;2;1;1;7;1;1;1;1;1;1;1;1;3;4;3;;;;;650000;;1;;;;;;;;;;2
20230313;03;2023;7391080;1;1;01;50;1;330.28609499;50;2;1;4;1;3;2;1;1;7;1;1;3;1;1;1;1;1;1;4;3;;;;;500000;;;;;;;;;1;;;1
20230313;03;2023;7391081;1;1;01;50;1;241.21545053;50;2;1;2;1;1;1;1;1;3;1;1;3;2;1;1;1;1;1;3;3;;;;;350000;;;;;;;;;1;;;3
20230313;03;2023;7391082;1;1;01;50;1;290.56774597;50;2;1;4;1;3;2;1;1;7;1;1;1;1;1;1;1;1;1;4;3;;;;;500000;;1;;;;;;;;;;2
20230313;03;2023;7391083;1;1;01;50;1;401.75560487;50;1;1;4;1;3;1;1;1;3;1;1;4;3;1;1;1;1;1;3;1;;;240000000;1200000;;;1;;;;;;;;;;5
20230313;03;2023;7391084;1;1;01;50;1;330.27480552;50;1;1;4;1;3;1;1;1;3;1;1;4;3;1;1;1;1;1;3;3;;;;;700000;;1;;;;;;;;;;5
20230313;03;2023;7391085;1;1;01;50;1;269.79821157;50;1;1;1;1;1;2;2;1;3;2;1;3;2;2;1;1;3;1;4;1;;;35000000;200000;;;1;;;;;;;;;;2
20230313;03;2023;7391086;1;1;01;50;1;238.93372944;50;2;1;4;1;1;2;2;1;3;1;1;3;2;2;1;1;1;1;4;3;;;;;380000;;1;;;;;;;;;;4
20230313;03;2023;7391087;1;1;01;50;1;130.3471749;50;1;1;2;1;2;1;1;1;3;1;1;2;1;1;1;1;1;1;3;1;;;60000000;450000;;;1;;;;1;;;;;;2
20230313;03;2023;7391088;1;1;01;50;1;265.66287304;50;1;1;4;1;1;1;1;1;3;1;1;3;2;1;1;1;1;1;3;3;;;;;420000;;;;;;;;;1;;;4
20230313;03;2023;7391089;1;1;01;;1;93.13745779;52;1;5;3;1;1;2;2;1;3;1;1;3;2;5;1;1;1;1;4;1;;;5000000;150000;;;;;;;;;;1;;;7
20230313;03;2023;7391090;1;1;01;;1;93.13745779;52;1;5;3;1;1;2;2;1;2;1;1;4;3;5;1;1;1;1;4;1;;;9000000;150000;;;;;;;;;;1;;;5
20230313;03;2023;7391091;1;1;01;;1;163.64025666;52;1;5;3;1;1;2;2;1;2;1;1;3;2;5;1;1;1;1;5;3;;;;;50000;;;;;;;;;1;;;4
20230313;03;2023;7391092;1;1;01;;1;113.70617582;52;1;5;3;1;1;2;2;1;2;1;1;2;1;5;1;1;1;4;4;1;;;3000000;100000;;;;;;;;;;1;;;3
20230313;03;2023;7391093;1;1;01;;1;223.82968377;52;1;1;4;1;1;2;2;1;2;1;1;4;2;2;1;1;1;1;4;1;;;60000000;200000;;;1;;;;;;;;;;3
20230313;03;2023;7391094;1;1;01;;1;475.00103473;52;1;1;2;1;1;2;2;1;2;1;1;4;3;3;1;1;1;1;4;1;;;35000000;300000;;;1;;;;;;;;;;7
20230313;03;2023;7391095;1;1;01;;1;347.40319262;52;1;5;3;1;1;2;2;1;2;1;1;4;3;5;1;1;1;4;4;1;;;25000000;300000;;;;;;;;;;1;;;5
20230313;03;2023;7391096;1;1;01;;1;113.70617582;52;2;5;3;1;1;2;2;1;2;1;1;3;2;5;1;1;1;4;4;3;;;;;150000;;1;;;;;;;;;;3
20230313;03;2023;7391097;1;1;01;;1;93.13745779;52;1;5;3;1;1;2;2;1;2;1;1;4;3;5;1;1;1;1;4;1;;;35000000;300000;;;;;;;;;;1;;;6
20230309;03;2023;7391098;1;1;01;52;1;183.01637901;52;2;1;4;1;2;1;1;1;3;1;1;1;1;1;2;1;1;1;3;3;;;;;350000;;;;;;;;;1;;;1
20230309;03;2023;7391099;1;1;01;52;1;157.29240546;52;2;1;4;1;2;2;1;1;3;1;1;3;1;1;1;1;1;1;4;2;;205000;110000000;450000;;;1;;1;;1;;;;;;1
20230309;03;2023;7391100;1;1;01;52;1;198.09191269;52;2;1;4;1;2;1;1;1;3;1;1;4;3;1;1;1;1;1;3;1;;;98;380000;;;;;;;;;;1;;;6
20230309;03;2023;7391101;1;1;01;52;1;125.87195836;52;3;1;4;1;1;2;1;1;3;1;1;3;2;1;2;1;1;1;1;3;;;;;350000;;;;;;;;;1;;;2
20230313;03;2023;7391102;1;1;01;52;1;137.10815705;52;2;1;4;1;2;2;1;1;3;1;1;3;2;1;1;1;1;1;4;3;;;;;180000;;1;;;;;;;;;;4
20230313;03;2023;7391103;1;1;01;52;1;128.87497611;52;1;1;4;1;2;1;1;1;3;1;1;1;1;1;1;1;1;1;3;1;;;90000000;350000;;;;;;;;;;1;;;2
20230313;03;2023;7391104;1;1;01;52;1;71.453692816;52;2;1;4;1;2;2;1;1;3;1;1;4;3;1;1;1;1;1;4;3;;;;;500000;;1;;;;;;;;;;6
20230313;03;2023;7391105;1;1;01;52;1;111.93679815;52;1;1;4;1;3;1;1;1;3;1;1;4;2;1;1;1;1;1;3;1;;;180000000;500000;;;1;1;;;1;1;;;;;2
20230313;03;2023;7391106;1;1;01;52;1;159.55330251;52;1;1;4;1;2;1;1;1;3;1;1;1;1;1;1;1;1;1;3;3;;;;;300000;;;;;;;;;1;;;2
20230313;03;2023;7391107;1;1;01;52;1;125.15126862;52;1;1;2;1;2;1;1;1;3;1;1;2;1;1;1;1;1;1;3;3;;;;;250000;;;;;;;;;1;;;3
20230313;03;2023;7391108;1;1;01;52;1;159.01288828;52;1;1;4;1;2;1;1;1;3;1;1;2;1;1;1;1;1;1;3;1;;;200000000;450000;;;;;;;;;;1;;;4
20230313;03;2023;7391109;1;1;01;52;1;155.39731624;52;2;1;4;1;2;2;1;1;3;1;1;2;1;1;1;1;1;1;4;4;;;;300000;;;;;;;;;;1;;;1
20230313;03;2023;7391110;1;1;01;52;1;94.95269432;52;1;1;4;1;3;1;1;1;3;1;1;5;1;1;1;1;1;1;3;1;;;220000000;800000;;;1;;;;;;;;;;3
20230313;03;2023;7391111;1;1;01;52;1;210.28770655;52;2;1;4;1;4;2;1;1;3;1;1;3;1;1;1;1;1;1;4;2;;1000000;360000000;800000;;;1;;1;;;;;;;;2
20230313;03;2023;7391112;1;1;01;52;1;162.45285698;52;1;1;4;1;4;1;1;1;3;1;1;4;1;1;1;1;1;1;4;3;;;;;500000;;1;;;;1;1;;;;;1
20230313;03;2023;7391113;1;1;01;52;1;143.84062786;52;1;1;4;1;2;1;1;1;3;1;2;3;2;1;2;1;1;1;3;3;;;;;700000;;;;;;;;;1;;;4
20230313;03;2023;7391113;2;2;01;52;1;143.84062786;52;1;1;4;1;2;1;1;1;3;1;2;1;1;1;2;1;1;1;3;3;;;;;100000;;;;;;;;;1;;;1
20230313;03;2023;7391114;1;1;01;52;1;148.88126036;52;1;1;4;1;2;1;1;1;3;1;1;4;3;1;1;1;1;1;3;1;;;80000000;300000;;;1;;;;;;;;;;5
20230313;03;2023;7391115;1;1;01;52;1;115.75876561;52;2;1;4;1;3;2;1;1;3;1;1;4;2;1;1;1;1;1;4;1;;;150000000;500000;;;;;;;;;;1;;;2
20230313;03;2023;7391116;1;1;01;52;1;186.39313153;52;2;1;4;1;4;1;1;1;3;1;1;3;2;1;1;1;1;1;3;1;;;300000000;800000;;;1;;;;1;;;;;;3
20230313;03;2023;7391117;1;1;01;52;1;205.18988051;52;1;1;4;1;2;1;1;1;3;1;1;5;3;1;1;1;1;1;3;1;;;150000000;500000;;;1;;;;;;;;;;4
20230313;03;2023;7391118;1;1;01;52;1;120.81006432;52;1;1;4;1;4;2;1;1;3;1;1;3;2;1;1;1;1;1;4;3;;;;;1200000;;;;;;;;;1;;;2
20230313;03;2023;7391119;1;1;01;52;1;122.01091934;52;3;1;4;1;4;2;1;1;3;1;1;1;1;1;2;1;1;1;4;3;;;;;300000;;;;;;;;;1;;;1
20230313;03;2023;7391120;1;1;01;52;1;204.05180901;52;4;1;4;1;2;2;1;1;3;1;1;1;1;1;1;1;1;2;4;4;;;;100000;;;1;;;;;;;;;;3
20230313;03;2023;7391121;1;1;01;52;1;164.11566485;52;1;1;4;1;1;1;1;1;3;1;1;4;2;1;1;1;1;1;3;1;;;200000000;500000;;;1;;;;;;;;;;3
20230313;03;2023;7391122;1;1;01;52;1;122.01091934;52;3;1;4;1;4;2;1;1;3;1;1;1;1;1;2;1;1;1;4;3;;;;;250000;;1;;;;;;;;;;1
20230313;03;2023;7391123;1;1;01;52;1;133.89219871;52;2;1;4;1;2;2;1;1;3;1;1;2;1;1;1;1;1;1;4;3;;;;;350000;;1;;;;1;;;;;;2
20230313;03;2023;7391124;1;1;01;52;1;162.45285698;52;1;1;4;1;3;2;1;1;3;1;1;4;1;1;1;1;1;1;4;4;;;;600000;;;;;;;;;;1;;;1
20230313;03;2023;7391125;1;1;01;52;1;104.68439409;52;2;1;4;1;2;1;1;1;3;1;1;3;2;1;1;1;1;1;3;3;;;;;400000;;;;;;;;;1;;;4
20230313;03;2023;7391126;1;1;01;52;1;277.68349321;52;1;1;4;1;1;1;1;1;3;1;1;5;4;1;1;1;1;1;3;4;;;;600000;;;1;;;;;;;;;;4
20230313;03;2023;7391127;1;1;01;52;1;131.90778033;52;1;1;4;1;3;1;1;1;3;1;1;4;4;1;1;1;1;1;3;4;;;;600000;;;1;;;;;;;;;;4
20230313;03;2023;7391128;1;1;01;52;1;168.23016524;52;2;1;4;1;4;2;1;1;3;1;1;3;2;1;1;1;1;1;4;3;;;;;550000;;1;;;;;1;;;;;2
20230313;03;2023;7391129;1;1;01;52;1;85.574362489;52;2;1;4;1;3;1;1;1;3;1;1;3;2;1;1;1;1;1;3;1;;;90000000;500000;;;1;;;;;;;;;;3
20230313;03;2023;7391130;1;1;01;52;1;122.01091934;52;3;1;4;1;4;2;1;1;3;1;1;1;1;1;2;1;1;1;4;3;;;;;210000;;;;;;;;;1;;;1
20230313;03;2023;7391131;1;1;01;52;1;187.45451071;52;1;1;4;1;1;2;1;1;3;1;1;3;1;1;1;1;1;1;4;1;;;80000000;400000;;;;;;;;;;1;;;2
20230313;03;2023;7391132;1;1;01;52;1;252.14723141;52;1;1;4;1;2;2;1;1;3;1;1;4;2;1;1;1;1;1;4;2;;286000;100000000;500000;;;1;;1;;;;;;;;3
20230313;03;2023;7391133;1;1;01;52;1;114.4228543;52;1;1;4;1;4;2;1;1;3;1;1;4;3;1;1;1;1;1;4;6;;;;800000;;1;1;;;;1;;;;;;3
20230313;03;2023;7391134;1;1;01;52;1;124.46350849;52;2;1;4;1;3;1;1;1;3;1;1;4;1;1;1;1;1;1;3;2;;660000;170000000;700000;;;1;;1;;1;1;;;;;1
20230313;03;2023;7391135;1;1;01;52;1;172.09769075;52;2;1;4;1;4;2;1;1;3;1;1;3;1;1;1;1;1;1;4;3;;;;;350000;;1;;;;;;;;;;1
20230313;03;2023;7391136;1;1;01;52;1;278.25246683;52;1;1;4;1;1;1;1;1;3;1;1;4;2;1;1;1;1;1;3;1;;;130000000;500000;;;1;;;;;;;;;;3
20230313;03;2023;7391137;1;1;01;52;1;180.90935471;52;2;1;4;1;2;2;1;1;3;1;1;2;2;1;1;1;1;1;4;3;;;;;400000;;;;;;;;;1;;;2
20230313;03;2023;7391138;1;1;01;52;1;90.859071626;52;2;1;4;1;4;2;1;1;3;1;1;3;2;1;1;1;1;1;4;3;;;;;700000;;1;;;;;;;;;;3
20230313;03;2023;7391139;1;1;01;52;1;75.649815286;52;2;1;4;1;3;2;1;1;3;1;1;4;3;1;1;1;1;1;4;3;;;;;600000;;;;;;;;;1;;;5
20230313;03;2023;7391140;1;1;01;52;1;107.84174039;52;1;1;4;1;3;1;1;1;3;1;1;3;2;1;1;1;1;1;3;3;;;;;500000;;1;;;;;1;;;;;3
20230313;03;2023;7391141;1;1;01;52;1;197.98612129;52;1;1;4;1;2;1;1;1;3;1;1;3;1;1;1;1;1;1;3;3;;;;;900000;;1;;;;;;;;;;2
20230313;03;2023;7391142;1;1;01;52;1;147.31263252;52;2;1;4;1;1;1;1;1;3;1;1;3;2;1;1;1;1;1;3;4;;;;500000;;;;;;;;;;1;;;5
20230313;03;2023;7391143;1;1;01;52;1;106.20362273;52;2;1;4;1;1;1;1;1;3;1;1;3;3;1;1;1;1;1;3;4;;;;300000;;;;;;;;;;1;;;3
20230313;03;2023;7391144;1;1;01;52;1;252.10725764;52;2;1;4;1;2;2;1;1;3;1;1;4;2;1;1;1;1;1;4;3;;;;;700000;;1;;;;1;;;;;;4
20230313;03;2023;7391145;1;1;01;52;1;110.99808303;52;2;1;2;1;1;2;1;1;3;1;1;2;1;1;1;1;1;1;4;3;;;;;200000;;;;;;;;;1;;;1
20230313;03;2023;7391146;1;1;01;52;1;143.44367652;52;2;1;4;1;3;2;1;1;3;1;1;2;1;1;1;1;1;1;4;3;;;;;560000;;1;;;;;;;;;;1
20230313;03;2023;7391147;1;1;01;52;1;121.56442096;52;3;1;4;1;1;2;1;1;3;1;1;1;1;1;2;2;1;1;4;3;;;;;250000;;;;;;;;;1;;;2
20230313;03;2023;7391148;1;1;01;52;1;104.43397949;52;2;1;4;1;1;1;1;1;3;1;1;1;1;1;1;1;1;1;3;1;;;80000000;300000;;;;;;;;;;1;;;1
20230313;03;2023;7391149;1;1;01;52;1;81.718717744;52;1;1;4;1;1;2;1;1;3;1;1;3;2;1;1;1;1;1;4;3;;;;;350000;;;;;;;;;1;;;3
20230313;03;2023;7391150;1;1;01;52;1;116.44233136;52;1;1;4;1;4;2;1;1;3;1;1;7;1;1;1;1;1;1;4;4;;;;1200000;;;1;;;;1;1;;;;;2
20230313;03;2023;7391151;1;1;01;52;1;157.09863632;52;2;1;4;1;3;2;1;1;3;1;1;4;2;1;1;1;1;1;4;3;;;;;700000;;1;;;;;1;;;;;2
20230313;03;2023;7391153;1;1;01;52;1;205.06317643;52;2;1;4;1;2;2;1;1;3;1;1;4;2;1;1;1;1;1;4;3;;;;;1200000;;1;;;;;;;;;;2
20230313;03;2023;7391154;1;1;01;52;1;141.56939282;52;2;1;2;1;2;2;1;1;3;1;1;2;1;1;1;1;1;1;4;1;;;70000000;250000;;;;;;;;;;1;;;1
20230313;03;2023;7391155;1;1;01;52;1;194.06338919;52;2;1;4;1;2;2;1;1;3;1;1;4;3;1;1;1;1;1;4;3;;;;;660000;;1;;;;;;;;;;5
20230313;03;2023;7391156;1;1;01;52;1;193.47100914;52;1;1;4;1;4;2;1;1;3;1;1;4;2;1;1;1;1;1;4;1;;;450000000;1000000;;;1;;;;;;;;;;2
20230313;03;2023;7391157;1;1;01;52;1;152.74071243;52;2;1;4;1;4;2;1;1;3;1;1;4;1;1;1;1;1;1;4;1;;;280000000;1200000;;;1;;;;1;;;;;;2
20230313;03;2023;7391158;1;1;01;52;1;162.45285698;52;2;1;4;1;4;2;1;1;3;1;1;4;1;1;1;1;1;1;4;1;;;300000000;800000;;;1;;;;;;;;;;1
20230313;03;2023;7391159;1;1;01;52;1;124.22658591;52;1;1;4;1;4;2;1;1;3;1;1;5;2;1;1;1;1;1;4;1;;;400000000;1200000;;;1;;;;1;1;;;;;2
20230313;03;2023;7391160;1;1;01;52;1;275.46994216;52;2;1;4;1;2;2;1;1;3;1;1;4;2;1;1;1;1;1;4;3;;;;;550000;;1;;;;;;;;;;3
20230313;03;2023;7391161;1;1;01;52;1;158.99799202;52;2;1;4;1;2;2;1;1;3;1;1;3;2;1;1;1;1;1;4;3;;;;;700000;;;;;;;;;1;;;2
20230313;03;2023;7391162;1;1;01;54;1;399.17015874;54;1;8;1;1;0;2;1;1;3;1;1;1;1;1;1;1;1;2;4;5;;;;350000;;;;;;;;;;1;;;4
20230313;03;2023;7391163;1;1;01;54;1;279.61611797;54;2;1;4;1;2;1;1;1;3;1;1;3;2;1;1;1;1;1;3;3;;;;;600000;;1;;;;;;;;;;5
20230313;03;2023;7391164;1;1;01;54;1;296.83829572;54;1;1;2;1;1;2;1;1;3;1;1;2;1;1;1;1;1;1;1;3;;;;;300000;;;;;;;;;1;;;3
20230313;03;2023;7391165;1;1;01;54;1;213.25211203;54;2;1;4;1;2;2;1;1;3;1;1;2;1;1;1;1;1;1;4;3;;;;;550000;;1;;;;;;;;;;1
20230313;03;2023;7391166;1;1;01;54;1;236.78303169;54;2;1;4;1;2;1;1;1;3;1;1;4;3;1;1;1;1;1;3;2;;800000;32000000;500000;;;1;;1;;;;;;;;5
20230313;03;2023;7391167;1;1;01;54;1;270.53142663;54;1;1;2;1;1;2;1;1;3;1;1;3;2;1;1;1;1;1;1;3;;;;;250000;;;;;;;;;1;;;12
20230313;03;2023;7391168;1;1;01;54;1;300.43443234;54;1;1;4;1;2;1;1;1;3;1;1;4;1;1;1;1;1;1;3;1;;;120000000;500000;;;1;;;;;;;;;;2
20230313;03;2023;7391169;1;1;01;54;1;424.80738561;54;1;1;4;1;2;1;1;1;3;1;1;2;1;1;1;1;1;1;3;3;;;;;250000;;1;;;;;;;;;;1
20230313;03;2023;7391170;1;1;01;54;1;215.67510182;54;2;1;4;1;2;2;1;1;3;1;1;3;2;1;1;1;1;1;4;3;;;;;250000;;;;;;;;;1;;;3
20230313;03;2023;7391171;1;1;01;54;1;300.43443234;54;1;1;2;1;1;2;1;1;3;1;1;2;1;1;1;1;1;1;4;5;;;;200000;;;;;;;;;;1;;;2
20230313;03;2023;7391172;1;1;01;54;1;342.82077868;54;1;5;2;1;1;1;1;1;3;1;1;2;2;1;1;1;1;1;3;5;;;;250000;;;;;;;;;;1;;;3
20230313;03;2023;7391173;1;1;01;54;1;218.18405297;54;1;1;2;1;1;1;1;1;3;1;1;3;2;1;1;1;1;1;3;5;;;;200000;;;1;;;;;;;;;;3
20230313;03;2023;7391174;1;1;01;54;1;267.05802228;54;1;1;4;1;2;1;1;1;3;1;2;2;1;1;2;1;1;1;3;3;;;;;200000;;1;;;;;;;;;;3
20230313;03;2023;7391174;2;2;01;54;1;267.05802228;54;1;1;4;1;2;1;1;1;3;1;2;3;2;1;2;1;1;1;3;3;;;;;200000;;1;;;;;;;;;;4
20230313;03;2023;7391175;1;1;01;54;1;239.25818098;54;1;1;4;1;2;1;1;1;3;1;1;4;1;1;1;1;1;1;3;1;;;110000000;400000;;;1;;;;;;;;;;2
20230313;03;2023;7391176;1;1;01;54;1;290.73603224;54;1;1;4;1;3;1;1;1;3;1;1;3;2;1;1;1;1;1;3;3;;;;;100000;;;;;;;;;1;;;1
20230313;03;2023;7391177;1;1;01;54;1;357.19886482;54;1;1;4;1;2;1;1;1;3;1;1;3;2;1;1;1;1;1;3;3;;;;;200000;;;;;;;;;1;;;3
20230313;03;2023;7391178;1;1;01;54;1;358.93613167;54;1;5;1;1;1;1;1;1;3;1;1;1;1;1;1;1;1;1;3;5;;;;200000;;;;;;;;;;1;;;4
20230313;03;2023;7391179;1;1;01;54;1;328.36616397;54;1;5;1;1;1;1;1;1;2;1;1;3;2;1;1;1;1;1;3;5;;;;100000;;;1;;;;;;;;;;5
20230313;03;2023;7391180;1;1;01;54;1;217.52852318;54;1;1;4;1;2;1;1;1;3;1;1;4;3;1;1;1;1;1;3;1;;;50000000;400000;;;1;;;;;1;;;;;5
20230313;03;2023;7391181;1;1;01;54;1;244.86350359;54;1;1;4;1;1;1;1;1;3;1;1;4;4;1;1;1;1;3;3;3;;;;;380000;;1;;;;;;;;;;7
20230313;03;2023;7391182;1;1;01;54;1;232.63866767;54;1;1;4;1;1;1;1;1;3;1;1;3;1;1;1;1;1;1;3;1;;;30000000;300000;;;1;;;;;;;;;;1
20230313;03;2023;7391183;1;1;01;54;1;520.37048085;54;1;1;2;1;2;1;1;1;3;1;1;5;3;1;1;1;1;1;3;4;;;;400000;;;1;;;;;;;;;;6
20230313;03;2023;7391184;1;1;01;54;1;342.14416297;54;1;1;2;1;1;1;1;1;3;1;1;3;2;1;1;1;1;1;3;1;;;20000000;200000;;;1;;;;;;;;;;2
20230313;03;2023;7391185;1;1;01;54;1;328.36616397;54;1;1;1;1;1;2;1;1;2;1;1;3;2;1;1;1;1;1;4;5;;;;200000;;;;;;;;;;1;;;5
20230313;03;2023;7391186;1;1;01;54;1;334.30316352;54;1;1;4;1;1;1;1;1;3;1;1;4;3;1;1;1;1;1;3;1;;;20000000;300000;;;1;;;;;;;;;;6
20230313;03;2023;7391187;1;1;01;54;1;398.42588146;54;1;1;4;1;1;2;1;1;3;1;1;3;1;1;1;1;1;3;4;3;;;;;200000;;1;;;;;;;;;;3
20230313;03;2023;7391188;1;1;01;54;1;317.16658063;54;1;5;2;1;1;1;1;1;2;1;1;2;1;1;1;1;1;1;3;4;;;;100000;;;;;;;;;;1;;;1
20230313;03;2023;7391189;1;1;01;54;1;523.98448349;54;2;1;4;1;1;1;1;1;3;1;1;4;2;1;1;1;1;1;3;3;;;;;400000;;1;;;;;;;;;;4
20230313;03;2023;7391190;1;1;01;54;1;341.49579031;54;1;1;4;1;1;1;1;1;3;1;1;3;2;1;1;1;1;1;3;3;;;;;250000;;;;;;;;;1;;;4
20230313;03;2023;7391191;1;1;01;54;1;615.60370648;54;2;1;4;1;1;1;1;1;3;1;1;3;2;1;1;1;1;1;3;1;;;80000000;300000;;;1;;;;;;;;;;4
20230313;03;2023;7391192;1;1;01;54;1;378.24717851;54;1;1;4;1;3;1;1;1;3;1;1;2;2;1;1;1;1;1;3;3;;;;;600000;;1;;;;;;;;;;3
20230313;03;2023;7391193;1;1;01;54;1;478.6538735;54;1;1;4;1;3;1;1;1;3;1;1;4;3;1;1;1;1;1;3;3;;;;;360000;;1;;;;;;;;;;4
20230313;03;2023;7391194;1;1;01;54;1;498.96269843;54;2;1;4;1;2;2;1;1;3;1;1;3;2;1;1;1;1;1;4;3;;;;;400000;;1;;;;;;;;;;4
20230313;03;2023;7391195;1;1;01;54;1;455.10519522;54;1;1;4;1;2;1;1;1;3;1;1;2;2;1;1;1;1;1;3;1;;;60000000;700000;;;1;;;;;;;;;;4
20230313;03;2023;7391196;1;1;01;54;1;658.99805564;54;1;8;1;1;1;1;1;1;3;1;1;3;2;1;1;1;1;1;3;1;;;35000000;400000;;;;;;;;;;1;;;6
20230313;03;2023;7391197;1;1;01;54;1;514.45068752;54;1;1;4;1;1;2;1;1;3;1;1;1;1;1;1;1;1;2;4;4;;;;250000;;;1;;;;;;;;;;3
20230313;03;2023;7391198;1;1;01;54;1;293.73652751;54;1;1;4;1;2;2;1;1;3;1;1;3;2;1;1;1;1;1;4;3;;;;;370000;;1;;;;;;;;;;5
20230313;03;2023;7391199;1;1;01;54;1;357.76757744;54;1;5;2;1;1;1;1;1;3;1;1;4;2;1;1;1;1;1;3;1;;;45000000;350000;;;;;;;;;;1;;;3
20230313;03;2023;7391200;1;1;01;54;1;621.01828012;54;1;1;4;1;2;1;1;1;3;1;1;5;2;1;1;1;1;1;3;6;;;;500000;;;1;;;;;;;;;;3
20230313;03;2023;7391201;1;1;01;54;1;576.87990533;54;1;1;2;1;1;1;1;1;3;1;1;2;2;1;1;1;1;4;3;4;;;;400000;;;;;;;;;;1;;;5
20230313;03;2023;7391202;1;1;01;54;1;475.01305536;54;1;1;4;1;2;2;1;1;3;1;1;2;2;1;1;1;1;1;4;3;;;;;310000;;1;;;;;;;;;;5
20230313;03;2023;7391203;1;1;01;54;1;669.11693713;54;1;1;4;1;1;1;1;1;3;1;1;3;2;1;1;1;1;1;3;3;;;;;350000;;1;;;;;;;;;;5
20230313;03;2023;7391204;1;1;01;54;1;402.19682157;54;1;1;4;1;3;1;1;1;3;1;1;4;2;1;1;1;1;1;3;4;;;;500000;;;1;;;;;;;;;;2
20230313;03;2023;7391205;1;1;01;54;1;436.10404836;54;1;1;4;1;3;1;1;1;3;1;1;5;1;1;1;1;1;1;3;4;;;;700000;;;;;;;;;;1;;;1
20230313;03;2023;7391206;1;1;01;54;1;319.87816805;54;1;1;4;1;2;2;1;1;3;1;1;3;1;1;1;1;1;1;4;4;;;;200000;;;;;;;;;;1;;;1
20230313;03;2023;7391207;1;1;01;54;1;328.08381747;54;1;1;4;1;3;2;1;1;3;1;1;5;2;1;1;1;1;1;4;1;;;98;900000;;;1;;;;;;;;;;3
20230313;03;2023;7391208;1;1;01;54;1;319.87816805;54;2;1;4;1;3;2;1;1;3;1;1;1;1;1;1;1;1;1;4;4;;;;250000;;;;;;;;;;1;;;1
20230313;03;2023;7391209;1;1;01;54;1;446.07795809;54;1;1;4;1;3;2;1;1;3;1;1;3;2;1;1;1;1;1;4;3;;;;;400000;;1;;;;;;;;;;5
20230313;03;2023;7391210;1;1;01;54;1;498.03235183;54;2;1;4;1;3;1;1;1;3;1;1;2;1;1;1;1;1;3;4;3;;;;;250000;;1;;;;;;;;;;3
20230313;03;2023;7391211;1;1;01;54;1;284.69651136;54;2;1;2;1;1;1;1;1;3;1;1;4;2;1;1;1;1;1;3;1;;;35000000;250000;;;1;;;;;;;;;;3
20230313;03;2023;7391212;1;1;01;54;1;335.15296608;54;2;1;4;1;2;1;1;1;3;1;1;4;3;1;1;1;1;1;3;1;;;3000000;250000;;;1;;;;;;;;;;4
20230313;03;2023;7391213;1;1;01;54;1;437.47134389;54;2;1;4;1;2;1;1;1;3;1;1;5;3;1;1;1;1;1;3;4;;;;400000;;;1;;;;;;;;;;4
20230313;03;2023;7391214;1;1;01;54;1;497.10200522;54;2;1;4;1;3;1;1;1;3;1;1;2;2;1;1;1;1;1;3;2;;650000;90000000;550000;;;1;;;;;1;;;;;2
20230313;03;2023;7391215;1;1;01;54;1;288.77662432;54;2;1;4;1;2;1;1;1;3;1;1;2;1;1;1;1;1;1;3;3;;;;;350000;;1;;;;;;;;;;1
20230313;03;2023;7391216;1;1;01;54;1;440.68102879;54;2;1;4;1;2;1;1;1;3;1;1;4;3;1;1;1;1;1;3;3;;;;;480000;;;;;;;;;1;;;4
20230313;03;2023;7391217;1;1;01;54;1;500.19952119;54;1;1;4;1;3;1;1;1;3;1;1;3;2;1;1;1;1;1;3;1;;;99;700000;;;1;;;;;;;;;;3
20230313;03;2023;7391218;1;1;01;54;1;407.48101513;54;2;1;4;1;1;1;1;1;3;1;1;2;1;1;1;1;1;1;3;4;;;;400000;;;1;;;;;;;;;;3
20230313;03;2023;7391219;1;1;01;54;1;175.55078883;54;1;1;4;1;1;1;1;1;3;1;1;3;2;1;1;1;1;1;3;3;;;;;400000;;1;;;;;;;;;;4
20230313;03;2023;7391220;1;1;01;54;1;357.50828584;54;1;1;4;1;3;1;1;1;3;1;1;4;1;1;1;1;1;1;3;1;;;250000000;700000;;;1;;;;1;1;;;;;2
20230313;03;2023;7391221;1;1;01;54;1;195.14595133;54;1;1;4;1;1;1;1;1;3;1;1;3;2;1;1;1;1;1;3;1;;;50000000;350000;;;1;;;;;;;;;;3
20230313;03;2023;7391222;1;1;01;54;1;418.17619919;54;1;1;4;1;3;1;1;1;3;1;1;4;2;1;1;1;1;1;3;1;;;150000000;800000;;;1;;;;;;;;;;2
20230312;03;2023;7391225;1;1;01;63;1;113.82422078;63;1;1;4;1;3;1;1;1;3;1;1;4;2;1;1;1;1;1;3;3;;;;;700000;;1;;;;;;;;;;3
20230312;03;2023;7391227;1;1;01;63;1;73.513916548;63;3;1;4;1;1;1;1;1;3;1;2;2;1;1;2;1;1;1;4;4;;;;250000;;;;;;;;;;1;;;1
20230312;03;2023;7391227;2;2;01;63;1;73.513916548;63;3;1;4;1;1;1;1;1;3;1;2;2;1;1;2;1;1;1;3;3;;;;;250000;;;;;;;;;1;;;1
20230312;03;2023;7391228;1;1;01;63;1;167.39906575;63;1;5;2;1;1;1;1;1;3;1;1;5;4;1;1;1;1;1;3;4;;;;400000;;;;;;;;;;1;;;4
20230312;03;2023;7391230;1;1;01;63;1;87.877299531;63;1;1;4;1;1;1;1;1;3;1;1;3;2;1;1;1;1;3;3;3;;;;;400000;;1;;;;;;;;;;2
20230312;03;2023;7391231;1;1;01;63;1;80.047610171;63;1;1;4;1;1;1;1;1;3;1;1;4;2;1;1;1;1;1;3;3;;;;;440000;;;;;;;;1;;;NEQUI;3
20230312;03;2023;7391232;1;1;01;63;1;149.83507245;63;1;1;4;1;2;1;1;1;3;1;1;5;3;1;1;1;1;1;3;1;;;90000000;500000;;;1;;;;;;;;;;3
20230312;03;2023;7391233;1;1;01;63;1;136.32567271;63;2;1;4;1;2;1;1;1;3;1;1;5;2;1;1;1;1;1;3;3;;;;;500000;;1;;;;;;;;;;2
20230312;03;2023;7391234;1;1;01;63;1;110.78052901;63;1;1;4;1;2;1;1;1;3;1;1;4;3;1;1;1;1;3;3;3;;;;;350000;;1;;;;;;;;;;3
20230312;03;2023;7391235;1;1;01;63;1;108.83418743;63;1;1;4;1;2;1;1;1;3;1;1;5;3;1;1;1;1;1;3;3;;;;;450000;;1;;;;;;;;;;4
20230312;03;2023;7391236;1;1;01;63;1;144.09390847;63;2;1;4;1;2;1;1;1;3;1;1;5;3;1;1;1;1;3;3;3;;;;;450000;;1;;;;;;;;;;4
20230312;03;2023;7391237;1;1;01;63;1;130.94667168;63;1;1;4;1;3;1;1;1;3;1;1;4;2;1;1;1;1;1;3;3;;;;;507000;;1;;;;;;;;;;2
20230312;03;2023;7391238;1;1;01;63;1;168.88060182;63;1;1;4;1;3;1;1;1;3;1;1;5;3;1;1;1;1;3;3;3;;;;;500000;;1;;;;;;;;;;4
20230313;03;2023;7391239;1;1;01;63;1;164.09571715;63;1;1;4;1;1;1;1;1;3;1;1;3;1;1;1;1;1;1;3;3;;;;;400000;;;;;;;;;1;;;2
20230313;03;2023;7391240;1;1;01;63;1;122.45144687;63;1;1;2;1;1;1;1;1;3;1;1;3;1;1;1;1;1;1;3;3;;;;;300000;;;;;;;;;1;;;2
20230313;03;2023;7391241;1;1;01;63;1;120.04685988;63;2;1;4;1;3;1;1;1;3;1;1;4;2;1;1;1;1;1;3;1;;;250000000;600000;;;1;;;;;;;;;;2
20230313;03;2023;7391242;1;1;01;63;1;137.91632531;63;1;1;4;1;3;1;1;1;3;1;1;3;1;1;1;1;1;1;3;4;;;;500000;;;1;;;;;;;;;;1
20230313;03;2023;7391243;1;1;01;63;1;116.3970415;63;1;1;4;1;2;1;1;1;3;1;1;4;1;1;1;1;1;1;3;1;;;98;600000;;;1;;;;;;;;;;2
20230313;03;2023;7391244;1;1;01;63;1;130.92566869;63;1;1;4;1;2;1;1;1;3;1;1;4;2;1;1;1;1;1;3;3;;;;;500000;;1;;;;;;;;;;3
20230313;03;2023;7391245;1;1;01;63;1;157.28126126;63;1;1;4;1;3;1;1;1;3;1;1;5;3;1;1;1;1;3;3;3;;;;;500000;;1;;;;;;1;;;NEQUI;4
20230313;03;2023;7391246;1;1;01;63;1;130.94667168;63;2;1;4;1;3;1;1;1;3;1;1;3;1;1;1;1;1;1;3;4;;;;500000;;;1;;;;;;;;;;2
20230313;03;2023;7391247;1;1;01;63;1;165.02267178;63;2;1;4;1;3;1;1;1;3;1;1;3;1;1;1;1;1;1;3;3;;;;;550000;;1;;;;;;;;;;2
20230313;03;2023;7391248;1;1;01;63;1;106.64593241;63;1;1;4;1;3;1;1;1;3;1;1;4;3;1;1;1;1;1;3;1;;;130000000;500000;;;1;;;;;;;;;;3
20230313;03;2023;7391249;1;1;01;63;1;179.01350961;63;1;1;4;1;1;1;1;1;3;1;1;3;1;1;1;1;1;1;3;3;;;;;500000;;1;;;;;;;;;;2
20230313;03;2023;7391251;1;1;01;63;1;135.60621751;63;2;1;4;1;3;1;1;1;3;1;1;3;2;1;1;1;1;1;3;3;;;;;600000;;1;;;;;;;;;;3
20230313;03;2023;7391252;1;1;01;63;1;166.4569572;63;2;1;4;1;3;1;1;1;3;1;1;3;2;1;1;1;1;1;3;3;;;;;600000;;1;;;;;;;;;;2
20230313;03;2023;7391253;1;1;01;63;1;158.7232384;63;2;1;4;1;3;1;1;1;3;1;1;3;2;1;1;1;1;1;3;1;;;90000000;600000;;;1;;;;;;;;;;2
20230313;03;2023;7391254;1;1;01;63;1;125.15271466;63;2;1;4;1;3;1;1;1;3;1;1;3;2;1;1;1;1;1;3;3;;;;;610000;;1;;;;;;;;;;2
20230313;03;2023;7391255;1;1;01;63;1;204.34563616;63;1;1;4;1;3;1;1;1;3;1;1;5;3;1;1;1;1;1;3;3;;;;;500000;;1;;;;;1;;;;;3
20230313;03;2023;7391256;1;1;01;63;1;157.1684137;63;1;1;4;1;3;1;1;1;3;1;1;4;3;1;1;1;1;1;3;3;;;;;600000;;1;;;;;;;;;;5
20230313;03;2023;7391258;1;1;01;63;1;151.57400154;63;2;1;4;1;5;1;1;1;3;1;1;4;3;1;1;1;1;1;3;3;;;;;870000;;1;;;;;;;;;;3
20230313;03;2023;7391259;1;1;01;63;1;161.66255763;63;2;1;4;1;5;1;1;1;3;1;1;4;1;1;1;1;1;1;3;3;;;;;1200000;;1;1;;;;;;;;;2
20230313;03;2023;7391260;1;1;01;63;1;215.12847528;63;2;1;4;1;5;1;1;1;3;1;1;4;2;1;1;1;1;1;3;1;;;98;1000000;;;1;;;;;;;;;;3
20230313;03;2023;7391261;1;1;01;63;1;165.32837188;63;2;1;4;1;5;1;1;1;3;1;1;3;1;1;1;1;1;1;3;1;;;110000000;1000000;;;1;;;;;1;1;;;NEQUI;1
20230313;03;2023;7391262;1;1;01;63;1;142.98182;63;2;1;4;1;3;1;1;1;3;1;1;4;2;1;1;1;1;1;3;3;;;;;580000;;1;;;;;;;;;;4
20230309;03;2023;7391263;1;1;01;66;1;145.2663107;66;2;1;4;1;4;1;1;1;3;1;1;3;1;1;1;1;1;1;3;3;;;;;2500000;;1;;;;;;;;;;1
20230313;03;2023;7391264;1;1;01;66;1;181.58288837;66;2;1;4;1;1;1;1;1;3;1;1;2;1;1;1;1;1;1;3;1;;;150000000;350000;;;1;;;;;;;;;;1
20230313;03;2023;7391265;1;1;01;66;1;73.325891598;66;1;1;4;1;3;1;1;1;3;1;1;2;1;1;1;1;1;1;3;3;;;;;320000;;;;;;;;;1;;;1
20230313;03;2023;7391266;1;1;01;66;1;332.68661463;66;1;1;4;1;2;1;1;1;3;1;1;4;3;1;1;1;1;1;3;3;;;;;500000;;1;;;;;;;;;;6
20230313;03;2023;7391267;1;1;01;66;1;127.82944035;66;2;1;4;1;4;1;1;1;3;1;1;2;1;1;1;1;1;1;3;3;;;;;600000;;1;;;;;;;;;;2
20230313;03;2023;7391268;1;1;01;66;1;107.74102405;66;1;1;4;1;3;1;1;1;3;1;1;3;1;1;1;1;1;1;3;1;;;180000000;400000;;;1;;;;;;;;;;2
20230313;03;2023;7391269;1;1;01;66;1;172.99257309;66;2;1;4;1;3;1;1;1;3;1;1;4;3;1;1;1;1;1;3;3;;;;;700000;;1;;;;;;;;;;5
20230313;03;2023;7391270;1;1;01;66;1;86.316226214;66;1;1;4;1;3;1;1;1;3;1;1;5;2;1;1;1;1;1;3;3;;;;;400000;;1;;;;;;;;;;2
20230313;03;2023;7391271;1;1;01;66;1;172.21403578;66;1;1;4;1;4;1;1;1;3;1;1;5;2;1;1;1;1;1;3;1;;;300000000;1000000;;;1;;;;;;;;;;3
20230313;03;2023;7391272;1;1;01;66;1;292.24200011;66;1;1;4;1;3;2;1;1;3;1;1;2;1;1;1;1;1;1;4;3;;;;;550000;;1;;;;;;;;;;3
20230313;03;2023;7391273;1;1;01;66;1;213.43907394;66;2;1;4;1;1;1;1;1;3;1;1;2;2;1;1;1;1;1;3;3;;;;;200000;;1;;;;;;;;;;2
20230313;03;2023;7391274;1;1;01;66;1;173.95662087;66;2;1;4;1;3;1;1;1;3;1;1;4;2;1;1;1;1;1;3;3;;;;;550000;;1;;;;;;;;;;2
20230313;03;2023;7391275;1;1;01;66;1;136.78208894;66;1;1;4;1;4;1;1;1;3;1;1;5;2;1;1;1;1;1;3;1;;;280000000;1000000;;;1;;;;;1;;;;;3
20230313;03;2023;7391276;1;1;01;66;1;98.807686221;66;2;1;4;1;3;2;1;1;3;1;1;2;1;1;1;1;1;1;4;4;;;;350000;;;1;;;;;;;;;;1
20230313;03;2023;7391277;1;1;01;66;1;125.49818099;66;1;1;4;1;3;1;1;1;3;1;1;6;4;1;1;1;1;1;3;3;;;;;750000;;1;;;;;;;;;;4
20230313;03;2023;7391278;1;1;01;66;1;216.24577793;66;2;1;4;1;3;1;1;1;3;1;1;1;1;1;1;1;1;1;3;3;;;;;700000;;1;;;;;;;;;;1
20230313;03;2023;7391279;1;1;01;66;1;176.84764049;66;1;1;4;1;3;1;1;1;3;1;1;3;1;1;1;1;1;1;3;3;;;;;550000;;1;;;;;;;;;;2
20230313;03;2023;7391280;1;1;01;66;1;327.81843762;66;2;1;4;1;3;1;1;1;3;1;1;4;3;1;1;1;1;1;3;3;;;;;490000;;1;;;;;;;;;;4
20230313;03;2023;7391281;1;1;01;66;1;153.82466486;66;1;1;4;1;4;1;1;1;3;1;1;4;2;1;1;1;1;1;3;3;;;;;1000000;;1;;;;;;;;;;4
20230313;03;2023;7391282;1;1;01;66;1;114.68277003;66;1;1;4;1;3;1;1;1;3;1;1;4;2;1;1;1;1;1;3;4;;;;600000;;;1;;;;;;;;;;3
20230313;03;2023;7391283;1;1;01;66;1;185.03649802;66;2;1;4;1;1;2;2;1;3;1;1;3;2;3;1;1;1;1;4;4;;;;400000;;;;;;;;;;1;;;3
20230313;03;2023;7391284;1;1;01;66;1;171.05216782;66;2;1;4;1;3;1;1;1;3;1;1;3;2;1;1;1;1;1;3;3;;;;;450000;;;;;;;1;;;;;2
20230313;03;2023;7391285;1;1;01;66;1;273.21200712;66;2;1;4;1;3;1;1;1;3;1;1;4;1;1;1;1;1;1;3;6;;;;400000;;;1;;;;;;;;;;2
20230313;03;2023;7391286;1;1;01;66;1;130.30653366;66;2;1;4;1;1;2;2;1;3;1;1;3;1;3;1;1;1;1;4;4;;;;500000;;;;;;;;;;1;;;1
20230313;03;2023;7391287;1;1;01;66;1;196.10634208;66;1;1;4;1;2;1;1;1;3;1;1;3;2;1;1;1;1;1;3;3;;;;;600000;;;;;;;;;1;;;3
20230313;03;2023;7391288;1;1;01;66;1;136.28791126;66;2;1;4;1;4;1;1;1;3;1;1;3;1;1;1;1;1;1;3;1;;;120000000;750000;;;1;;;;;;;;;;1
20230313;03;2023;7391289;1;1;01;66;1;351.40825935;66;2;1;4;1;3;1;1;1;3;1;1;5;3;1;1;1;1;1;3;3;;;;;550000;;1;;;;;;;;;;4
20230313;03;2023;7391290;1;1;01;66;1;215.3545308;66;2;1;4;1;2;1;1;1;3;1;1;3;2;1;1;1;1;1;3;3;;;;;450000;;1;;;;;;;;;;4
20230313;03;2023;7391291;1;1;01;66;1;240.90303615;66;1;1;4;1;3;1;1;1;3;1;1;4;3;1;1;1;1;1;3;3;;;;;850000;;1;;;;;;;;;;3
20230313;03;2023;7391292;1;1;01;66;1;191.49492452;66;2;1;4;1;2;1;1;1;3;1;1;3;2;1;1;1;1;1;3;3;;;;;400000;;1;;;;;;;;;;3
20230313;03;2023;7391293;1;1;01;66;1;136.28791126;66;2;1;4;1;4;1;1;1;3;1;1;3;1;1;1;1;1;1;3;3;;;;;1300000;;1;;;;;;;;;;1
20230313;03;2023;7391294;1;1;01;66;1;198.84579611;66;2;1;4;1;6;1;1;1;3;1;1;3;1;1;1;1;1;1;3;3;;;;;3750000;;1;;;;;1;;;;;2
20230313;03;2023;7391295;1;1;01;66;1;295.69817607;66;2;1;4;1;6;1;1;1;3;1;1;5;4;1;1;1;1;1;3;1;;;98;2400000;;;1;;;;;;;;;;5
20230313;03;2023;7391296;1;1;01;66;1;136.28791126;66;2;1;4;1;4;1;1;1;3;1;1;2;1;1;1;1;1;1;3;3;;;;;750000;;1;;;;;;;;;;1
20230313;03;2023;7391297;1;1;01;66;1;146.32091152;66;2;1;4;1;4;1;1;1;1;1;1;3;2;1;1;1;1;1;3;3;;;;;800000;;1;;;;;;;;;;4
20230313;03;2023;7391298;1;1;01;66;1;508.79440535;66;1;1;4;1;3;1;1;1;2;1;1;3;2;1;1;1;1;1;3;3;;;;;350000;;1;;;;;;;;;;2
20230313;03;2023;7391299;1;1;01;66;1;537.48685164;66;1;1;4;1;3;1;1;1;2;1;1;3;2;1;1;1;1;1;3;3;;;;;660000;;1;;;;;;;;;;3
20230313;03;2023;7391300;1;1;01;66;1;127.43054771;66;2;1;4;1;4;1;1;1;3;1;1;3;1;1;1;1;1;1;3;3;;;;;600000;;1;;;;;1;;;;;1
20230313;03;2023;7391301;1;1;01;66;1;638.10421556;66;1;1;4;1;3;1;1;1;2;1;1;4;2;1;1;1;1;1;3;1;;;16000000;650000;;;1;;;;;;;;;;4
20230313;03;2023;7391302;1;1;01;66;1;138.95171753;66;1;1;4;1;4;1;1;1;3;1;1;6;1;1;1;1;1;1;3;4;;;;900000;;;1;;;;;;;;;;2
20230313;03;2023;7391303;1;1;01;66;1;103.12087804;66;2;1;4;1;4;1;1;1;3;1;1;2;1;1;1;1;1;1;3;3;;;;;580000;;1;;;;;;;;;;1
20230313;03;2023;7391304;1;1;01;66;1;191.35228295;66;2;1;4;1;2;1;1;1;3;1;1;3;2;1;1;1;1;1;3;1;;;80000000;400000;;;1;;;;;;;;;;2
20230313;03;2023;7391306;1;1;01;66;1;103.8167765;66;1;1;4;1;4;1;1;1;3;1;1;5;1;1;1;1;1;1;3;1;;;250000000;1000000;;;1;;;;;;;;;;2
20230313;03;2023;7391307;1;1;01;66;1;367.3847785;66;1;1;4;1;3;1;1;1;2;1;1;2;2;1;1;1;1;1;3;3;;;;;650000;;1;;;;;;;;;;3
20230313;03;2023;7391308;1;1;01;66;1;155.84874178;66;2;1;4;1;2;1;1;1;3;1;1;3;2;1;1;1;1;3;3;3;;;;;500000;;1;;;;;;;;;;2
20230313;03;2023;7391309;1;1;01;66;1;436.86948772;66;1;1;4;1;3;1;1;1;3;1;1;3;2;1;1;1;1;1;3;3;;;;;450000;;;;;;;;;1;;;2
20230313;03;2023;7391310;1;1;01;66;1;469.71824693;66;1;1;4;1;3;1;1;1;3;1;1;3;2;1;1;1;1;1;3;3;;;;;450000;;;;;;;;;1;;;4
20230313;03;2023;7391311;1;1;01;66;1;537.48685164;66;1;1;4;1;3;1;1;1;3;1;1;3;2;1;1;1;1;1;3;1;;;120000000;500000;;;1;;;;;;;;;;3
20230313;03;2023;7391312;1;1;01;66;1;178.96121649;66;1;1;3;1;1;2;1;1;3;1;1;3;1;1;1;1;1;1;1;5;;;;150000;;;;;;;;;;1;;;2
20230313;03;2023;7391313;1;1;01;66;1;178.40276679;66;1;1;4;1;2;1;1;1;3;1;1;2;1;1;1;1;1;1;3;1;;;120000000;500000;;;1;;;;;;;;;;1
20230313;03;2023;7391314;1;1;01;66;1;144.92767897;66;1;7;2;1;1;2;1;1;3;1;1;3;2;1;1;1;1;1;4;5;;;;200000;;;1;;;;;;;;;;2
20230313;03;2023;7391315;1;1;01;66;1;249.325529;66;1;7;3;1;1;2;1;1;3;1;1;2;2;1;1;1;1;1;1;5;;;;120000;;;;;;;;;;1;;;5
20230313;03;2023;7391316;1;1;01;66;1;160.6020241;66;2;1;4;1;2;1;1;1;3;1;1;3;2;1;1;1;1;1;3;3;;;;;550000;;;;;;;;;1;;;3
20230313;03;2023;7391317;1;1;01;66;1;190.93647481;66;1;5;3;1;1;2;1;1;3;1;1;3;2;1;1;1;1;1;1;5;;;;200000;;;1;;;;;;;;;;2
20230313;03;2023;7391318;1;1;01;66;1;207.51156577;66;1;5;2;1;1;2;1;1;3;1;1;2;2;1;1;1;1;1;1;4;;;;250000;;;1;;;;;;;;;;5
20230313;03;2023;7391319;1;1;01;66;1;191.49492452;66;1;5;2;1;1;2;1;1;3;1;1;1;1;1;1;1;1;1;1;5;;;;250000;;;1;;;;;;;;;;3
20230309;03;2023;7391320;1;1;01;66;1;65.306208709;66;1;1;4;1;2;1;1;1;3;1;1;4;3;1;1;1;1;1;3;4;;;;500000;;;;;;;;;;1;;;3
20230313;03;2023;7391321;1;1;01;66;1;140.63165175;66;2;1;4;1;6;1;1;1;3;1;1;3;2;1;1;1;1;1;3;3;;;;;2300000;;;;;;;;;1;;;3
20230313;03;2023;7391322;1;1;01;;1;219.69650437;68;1;1;4;1;2;1;1;1;3;1;1;5;2;1;1;1;1;1;3;1;;;98;500000;;;1;;;;;;;;;;2
20230313;03;2023;7391323;1;1;01;;1;225.80476154;68;1;1;4;1;2;1;1;1;3;1;1;3;2;1;1;1;1;1;3;3;;;;;730000;;1;;;;;;;;;;5
20230313;03;2023;7391324;1;1;01;;1;407.57603379;68;2;1;4;1;2;1;1;1;3;1;1;3;1;1;1;1;1;1;3;3;;;;;440000;;1;;;;;;;;;;2
20230313;03;2023;7391325;1;1;01;;1;436.88885381;68;2;1;4;1;2;1;1;1;3;1;1;4;1;1;1;1;1;1;3;6;;;;600000;;;1;;;;;;;;;;2
20230313;03;2023;7391326;1;1;01;;1;397.21872137;68;1;1;2;1;2;1;1;1;3;1;1;4;2;1;1;1;1;1;3;1;;;98;600000;;;;;;;;;;1;;;2
20230313;03;2023;7391327;1;1;01;;1;487.52400664;68;2;1;4;1;2;1;1;1;3;1;1;4;3;1;1;1;1;1;3;1;;;120000000;600000;;;1;;;;;;;;;;3
20230313;03;2023;7391328;1;1;01;;1;372.6729197;68;1;1;4;1;2;1;1;1;3;1;1;2;1;1;1;1;1;1;3;3;;;;;400000;;1;;;;1;;;;;;2
20230313;03;2023;7391329;1;1;01;;1;338.34283763;68;1;1;4;1;1;1;2;1;3;1;1;3;1;3;1;1;1;1;3;6;;;;300000;;;;;;;;;;1;;;2
20230313;03;2023;7391330;1;1;01;;1;241.76824904;68;1;1;2;1;1;1;2;1;3;1;1;3;2;3;1;1;1;1;3;5;;;;300000;;;;;;;;;;1;;;6
20230313;03;2023;7391331;1;1;01;;1;348.49671709;68;1;1;4;1;1;1;2;1;3;1;1;4;2;3;1;1;1;1;3;1;;;400000000;600000;;;1;;1;;;;;;;;4
20230313;03;2023;7391332;1;1;01;68;1;312.19495838;68;1;1;4;1;3;1;1;1;3;1;1;4;2;1;1;1;1;1;3;2;;700000;98;98;;;;;1;;1;;;;;;3
20230313;03;2023;7391333;1;1;01;68;1;340.54628241;68;1;1;4;1;3;1;1;1;3;1;1;4;1;1;1;1;1;1;3;3;;;;;1500000;;;;;;;;;1;;;1
20230313;03;2023;7391334;1;1;01;68;1;305.83601344;68;2;1;4;1;1;1;2;1;3;1;1;3;2;2;1;1;2;1;3;3;;;;;500000;;1;;;;;;;;;;4
20230313;03;2023;7391335;1;1;01;68;1;335.93375391;68;2;1;4;1;2;1;1;1;3;1;1;3;1;1;1;1;1;1;3;3;;;;;500000;;;;;;;;;1;;;1
20230313;03;2023;7391336;1;1;01;68;1;357.79740297;68;1;1;4;1;3;1;1;1;3;1;1;4;3;1;1;1;1;1;3;3;;;;;850000;;1;;;;;;;;;;3
20230313;03;2023;7391337;1;1;01;68;1;297.48081651;68;1;1;4;1;2;1;1;1;3;1;1;3;2;1;1;1;1;1;4;3;;;;;350000;;1;;;;;;;;;;3
20230313;03;2023;7391338;1;1;01;68;1;273.21245829;68;2;1;4;1;2;1;1;1;3;1;1;5;1;1;1;1;1;1;3;1;;;65000000;400000;;;1;;;;;;;;;;2
20230313;03;2023;7391339;1;1;01;68;1;340.77373204;68;1;1;4;1;3;1;1;1;3;1;1;4;2;1;1;1;1;1;3;4;;;;800000;;;1;;;;;;;;;;2
20230313;03;2023;7391340;1;1;01;68;1;411.84351006;68;2;1;2;1;1;1;1;1;3;1;2;2;1;1;2;1;1;1;3;4;;;;400000;;;1;;;;;;;;;;5
20230313;03;2023;7391340;2;2;01;68;1;411.84351006;68;2;1;2;1;1;1;1;1;3;1;2;1;1;1;2;1;1;1;3;4;;;;400000;;;1;;;;;;;;;;2
20230313;03;2023;7391341;1;1;01;68;1;251.58535829;68;1;1;4;1;3;1;1;1;3;1;1;4;2;1;1;1;1;1;3;2;;500000;120000000;750000;;;1;;1;;;1;;;;;3
20230313;03;2023;7391342;1;1;01;68;1;347.44046137;68;2;1;4;1;1;1;1;1;3;1;1;3;2;1;1;1;1;1;3;3;;;;;480000;;1;;;;;;;;;;4
20230313;03;2023;7391343;1;1;01;68;1;323.79390548;68;2;1;4;1;2;1;1;1;3;1;1;4;2;1;1;1;1;1;3;3;;;;;450000;;;;;;;;;1;;;2
20230313;03;2023;7391344;1;1;01;68;1;269.83946498;68;2;1;4;1;1;1;1;1;3;1;1;2;1;1;1;1;1;1;3;1;;;90000000;600000;;;1;;;;;;;;;;2
20230313;03;2023;7391345;1;1;01;68;1;339.31268435;68;2;1;4;1;1;1;1;1;3;1;1;3;2;1;1;1;1;1;3;1;;;98;600000;;;;;;;;;;1;;;7
20230313;03;2023;7391346;1;1;01;68;1;368.55730905;68;2;1;4;1;1;1;2;1;3;1;1;4;2;2;1;1;2;1;3;2;;450000;58000000;450000;;;1;;1;;;;;;;;3
20230313;03;2023;7391347;1;1;01;68;1;389.23961405;68;2;1;4;1;2;1;1;1;3;1;1;3;2;1;1;1;1;1;3;4;;;;400000;;;1;;;;;;;;;;3
20230313;03;2023;7391348;1;1;01;68;1;332.14817176;68;1;1;4;1;3;1;1;1;3;1;1;3;1;1;1;1;1;1;3;4;;;;650000;;;;;;;;;;1;;;1
20230313;03;2023;7391349;1;1;01;68;1;423.38836908;68;1;1;4;1;2;1;1;1;3;1;1;4;3;1;1;1;1;1;3;3;;;;;480000;;1;;;;;;;;;;6
20230313;03;2023;7391350;1;1;01;68;1;477.10164308;68;2;1;4;1;1;1;1;1;3;1;1;3;2;1;1;1;1;1;3;1;;;55000000;300000;;;;;;;;;;1;;;3
20230313;03;2023;7391351;1;1;01;68;1;318.56274291;68;2;1;4;1;1;1;1;1;3;1;1;5;4;1;1;1;1;1;3;3;;;;;700000;;1;;;;;;;;;;4
20230313;03;2023;7391352;1;1;01;68;1;265.6541587;68;2;1;4;1;2;1;1;1;3;1;1;3;1;1;1;1;1;1;3;4;;;;500000;;;;;;;;;;1;;;2
20230313;03;2023;7391353;1;1;01;68;1;268.8408894;68;2;1;2;1;1;1;1;1;3;1;1;3;2;1;1;1;1;1;3;4;;;;350000;;;1;;;;;;;;;;2
20230313;03;2023;7391354;1;1;01;68;1;363.24768471;68;1;1;4;1;3;1;1;1;3;1;1;4;2;1;1;1;1;1;3;3;;;;;600000;;1;;;;;;;;;;3
20230313;03;2023;7391355;1;1;01;68;1;331.78642361;68;2;1;4;1;1;1;1;1;3;1;1;3;1;1;1;1;1;1;3;1;;;150000000;500000;;;1;;;;1;;;;;;1
20230313;03;2023;7391356;1;1;01;68;1;302.70780659;68;2;1;4;1;1;1;1;1;3;1;1;2;1;1;1;1;1;1;3;3;;;;;400000;;1;;;;;;;;;;1
20230313;03;2023;7391357;1;1;01;68;1;265.6541587;68;2;1;4;1;2;1;1;1;3;1;1;5;1;1;1;1;1;1;3;1;;;60000000;500000;;;1;;;;1;;;;;;2
20230313;03;2023;7391358;1;1;01;68;1;318.1631215;68;2;1;4;1;2;1;1;1;3;1;1;3;2;1;1;1;1;1;3;3;;;;;400000;;;;;;;;;1;;;3
20230313;03;2023;7391359;1;1;01;68;1;314.23518173;68;2;1;4;1;1;1;1;1;3;1;1;2;1;1;1;1;1;1;3;3;;;;;320000;;1;;;;;;;;;;3
20230313;03;2023;7391360;1;1;01;68;1;303.26058962;68;2;1;2;1;1;1;1;1;3;1;1;3;1;1;1;1;1;1;3;3;;;;;250000;;;;;;;;;1;;;2
20230313;03;2023;7391361;1;1;01;68;1;353.23600521;68;2;1;4;1;2;1;1;1;3;1;1;4;1;1;1;1;1;1;3;3;;;;;350000;;;;;;;;;1;;;2
20230313;03;2023;7391362;1;1;01;68;1;340.54628241;68;2;1;4;1;2;1;1;1;3;1;1;4;1;1;1;1;1;1;3;3;;;;;750000;;;;;;;;;1;;;1
20230313;03;2023;7391363;1;1;01;68;1;303.52352612;68;2;1;4;1;2;1;1;1;3;1;1;4;3;1;1;1;1;1;3;3;;;;;1080000;;1;;;;;;;;;;4
20230313;03;2023;7391364;1;1;01;68;1;383.37994009;68;2;1;4;1;2;1;1;1;3;1;1;3;2;1;1;1;1;1;3;3;;;;;400000;;;;;;;;;1;;;5
20230313;03;2023;7391365;1;1;01;68;1;275.94656377;68;2;1;4;1;2;2;1;1;3;1;1;3;1;1;1;1;1;1;4;3;;;;;1200000;;;;;;;;;1;;;1
20230313;03;2023;7391366;1;1;01;68;1;360.94129211;68;2;1;4;1;2;1;1;1;3;1;2;3;2;1;2;1;1;1;3;3;;;;;400000;;;;;;;;;1;;;5
20230313;03;2023;7391366;2;2;01;68;1;360.94129211;68;2;1;4;1;2;1;1;1;3;1;2;1;1;1;2;1;1;1;3;3;;;;;350000;;1;;;;;;;;;;2
20230313;03;2023;7391367;1;1;01;68;1;414.73302951;68;2;1;4;1;3;1;1;1;3;1;1;2;1;1;1;1;1;1;3;3;;;;;600000;;1;;;;1;;;;;;1
20230313;03;2023;7391368;1;1;01;68;1;299.51663172;68;2;1;4;1;3;1;1;1;3;1;1;2;1;1;1;1;1;1;3;3;;;;;610000;;1;;;;;;;;;;2
20230313;03;2023;7391369;1;1;01;68;1;306.60729308;68;1;1;4;1;3;1;1;1;3;1;1;5;1;1;1;1;1;3;3;1;;;500000000;3000000;;;1;;;;;;;;;;1
20230313;03;2023;7391370;1;1;01;68;1;382.24495876;68;2;1;4;1;2;1;1;1;3;1;1;4;1;1;1;1;1;1;3;3;;;;;350000;;1;;;;;;;;;;3
20230313;03;2023;7391371;1;1;01;68;1;292.6442548;68;2;1;4;1;3;1;1;1;6;1;1;3;2;1;1;1;1;1;3;3;;;;;650000;;1;;;;;;;;;;2
20230313;03;2023;7391372;1;1;01;68;1;376.22805266;68;2;1;4;1;3;1;1;1;3;1;1;4;3;1;1;1;1;1;3;3;;;;;800000;;1;;;;;;;;;;4
20230313;03;2023;7391373;1;1;01;68;1;301.95288341;68;2;1;4;1;3;1;1;1;3;1;1;4;1;1;1;1;1;1;3;3;;;;;800000;;1;;;;;;;;;;1
20230313;03;2023;7391374;1;1;01;68;1;301.95288341;68;2;1;4;1;3;2;1;1;3;1;1;4;1;1;1;1;1;1;2;1;;;250000000;700000;;;1;;;;;;;;;;1
20230313;03;2023;7391375;1;1;01;68;1;414.73302951;68;2;1;4;1;3;1;1;1;3;1;1;2;1;1;1;1;1;1;3;3;;;;;650000;;1;;;;;;;;;;1
20230313;03;2023;7391376;1;1;01;68;1;404.59236245;68;1;1;4;1;3;1;1;1;3;1;1;4;3;1;1;1;1;1;3;1;;;250000000;1000000;;;1;;;;;;;;;;4
20230313;03;2023;7391377;1;1;01;68;1;445.42506766;68;2;1;4;1;3;1;1;1;3;1;1;2;1;1;1;1;1;1;3;3;;;;;600000;1;;;;;;1;;;;;2
20230313;03;2023;7391378;1;1;01;68;1;411.65520793;68;2;1;4;1;3;1;1;1;3;1;1;4;3;1;1;1;1;1;3;1;;;99;800000;;1;1;;;;;1;;;;;3
20230313;03;2023;7391379;1;1;01;68;1;275.97218009;68;2;1;4;1;3;1;1;1;3;1;1;4;1;1;1;1;1;1;3;3;;;;;700000;;1;;;;;;;;;;2
20230313;03;2023;7391380;1;1;01;68;1;314.39601112;68;2;1;4;1;2;1;1;1;3;1;1;4;2;1;1;1;1;1;3;1;;;180000000;650000;;;1;;;;;;;;;;3
20230313;03;2023;7391381;1;1;01;68;1;270.20805293;68;2;1;4;1;5;1;1;1;3;1;1;4;2;1;1;1;1;1;3;3;;;;;900000;;;;;;;1;;;;;3
20230313;03;2023;7391382;1;1;01;68;1;309.58752946;68;2;1;4;1;3;1;1;1;3;1;1;4;1;1;1;1;1;1;3;1;;;200000000;750000;;;1;;;;;;;;;;1
20230313;03;2023;7391383;1;1;01;68;1;1474.0070593;68;2;1;4;1;2;1;1;1;3;1;1;3;1;1;1;1;1;1;3;4;;;;300000;;;1;;;;;;;;;;1
20230313;03;2023;7391384;1;1;01;68;1;1293.6079704;68;2;1;4;1;2;1;1;1;3;1;1;4;2;1;1;1;1;3;3;1;;;155000000;700000;;;1;;;;;;;;;;3
20230313;03;2023;7391385;1;1;01;68;1;208.95536846;68;2;1;4;1;4;1;1;1;6;1;1;3;2;1;1;1;1;1;3;3;;;;;600000;;1;;;;;;;;;;2
20230313;03;2023;7391386;1;1;01;68;1;359.77100608;68;2;1;4;1;4;1;1;1;6;1;1;4;2;1;1;1;1;1;3;3;;;;;1300000;;1;;;;;;;;;;2
20230313;03;2023;7391387;1;1;01;68;1;1307.8036223;68;2;1;4;1;2;1;1;1;3;1;1;4;3;1;1;1;1;1;3;3;;;;;550000;;1;;;;;;;;;;5
20230313;03;2023;7391388;1;1;01;68;1;1480.9003873;68;1;1;4;1;2;1;1;1;3;1;1;6;5;1;1;1;1;1;3;1;;;99;99;;;1;;;;;;;;;;5
20230313;03;2023;7391389;1;1;01;68;1;360.7943048;68;2;1;4;1;3;1;1;1;6;1;1;4;1;1;1;1;1;1;3;3;;;;;800000;;1;;;;;;;;;;2
20230313;03;2023;7391390;1;1;01;68;1;303.52352612;68;2;1;4;1;4;1;1;1;6;1;1;4;3;1;1;1;1;1;3;3;;;;;1180000;;1;;;;;;;;;;4
20230313;03;2023;7391391;1;1;01;68;1;930.79928244;68;1;1;4;1;2;1;1;1;3;1;1;4;3;1;1;1;1;1;3;1;;;220000000;600000;;;1;1;;;;;;;;;3
20230313;03;2023;7391392;1;1;01;68;1;372.73930312;68;2;1;4;1;4;1;1;1;6;1;1;5;3;1;1;1;1;1;3;3;;;;;900000;;1;;;;;;;;;;4
20230313;03;2023;7391393;1;1;01;68;1;298.93335458;68;2;1;4;1;3;1;1;1;6;1;1;2;1;1;1;1;1;1;3;2;;280000;120000000;550000;;;1;;1;;;;;;;;1
20230313;03;2023;7391394;1;1;01;68;1;368.55730905;68;2;1;4;1;3;1;1;1;6;1;1;4;3;1;1;1;1;1;3;3;;;;;700000;;1;;;;;;;;;;3
20230313;03;2023;7391395;1;1;01;68;1;372.46577213;68;2;1;4;1;3;1;1;1;6;1;1;4;3;1;1;1;1;1;3;3;;;;;1000000;;1;;;;1;1;;;;;4
20230313;03;2023;7391396;1;1;01;68;1;1778.3088777;68;2;1;4;1;2;1;1;1;3;1;1;2;1;1;1;1;1;1;3;4;;;;350000;;;1;;;;;;;;;;2
20230313;03;2023;7391397;1;1;01;68;1;1308.5671947;68;1;1;4;1;2;1;1;1;3;1;1;4;3;1;1;1;1;1;3;1;;;230000000;700000;;;1;;;;;;;;;;3
20230313;03;2023;7391398;1;1;01;68;1;481.19509067;68;2;1;4;1;5;1;1;1;3;1;1;4;3;1;1;1;1;1;3;3;;;;;1200000;;1;;;;;;;;;;5
20230313;03;2023;7391399;1;1;01;68;1;1207.1815865;68;1;1;4;1;2;1;1;1;3;1;1;4;3;1;1;1;1;3;3;1;;;140000000;800000;;;1;;;;;;;;;;4
20230313;03;2023;7391400;1;1;01;68;1;1474.0070593;68;1;1;4;1;2;1;1;1;3;1;1;3;1;1;1;1;1;1;3;4;;;;600000;;;;;;;;;;1;;;1
20230313;03;2023;7391401;1;1;01;68;1;1068.1551703;68;1;1;4;1;2;1;1;1;3;1;1;3;2;1;1;1;1;3;3;2;;1180000;150000000;800000;;;1;;;;;;;;;;3
20230313;03;2023;7391402;1;1;01;68;1;1768.561221;68;2;1;4;1;2;1;1;1;3;1;1;4;3;1;1;1;1;1;3;3;;;;;600000;;1;;;;;;;;;;6
20230313;03;2023;7391403;1;1;01;68;1;332.14817176;68;2;1;4;1;4;1;1;1;6;1;1;4;1;1;1;1;1;1;3;4;;;;1000000;;;1;;;;;;;;;;1
20230313;03;2023;7391404;1;1;01;68;1;340.50041043;68;2;1;4;1;4;1;1;1;6;1;1;5;2;1;1;1;1;1;3;3;;;;;900000;;1;;;;;1;;;;;3
20230313;03;2023;7391405;1;1;01;68;1;309.58752946;68;2;1;4;1;3;1;1;1;6;1;1;3;1;1;1;1;1;1;3;3;;;;;600000;;1;;;;;1;;;;;1
20230313;03;2023;7391406;1;1;01;68;1;175.40193101;68;2;1;4;1;3;1;1;1;6;1;3;2;1;1;2;1;1;1;3;3;;;;;320000;;1;;;;;;;;;;1
20230313;03;2023;7391406;2;2;01;68;1;175.40193101;68;2;1;4;1;3;1;1;1;6;1;3;1;1;1;2;1;1;1;3;3;;;;;320000;;1;;;;;;;;;;1
20230313;03;2023;7391406;3;3;01;68;1;175.40193101;68;2;1;4;1;3;1;1;1;6;1;3;1;1;1;1;1;1;1;3;3;;;;;320000;;1;;;;;;;;;;1
20230313;03;2023;7391407;1;1;01;68;1;254.6946654;68;2;1;4;1;3;1;1;1;6;1;1;4;2;1;1;1;1;1;3;3;;;;;750000;;1;;;;1;1;;;;;2
20230313;03;2023;7391408;1;1;01;68;1;364.43869172;68;2;1;4;1;3;1;1;1;3;1;1;4;1;1;1;1;1;1;3;3;;;;;670000;;1;;;;;;;;;;2
20230313;03;2023;7391409;1;1;01;68;1;339.32702415;68;2;1;4;1;3;1;1;1;6;1;1;2;1;1;1;1;1;1;3;3;;;;;520000;;1;;;;;;;;;;1
20230313;03;2023;7391410;1;1;01;68;1;242.60847169;68;2;1;4;1;1;1;2;1;3;1;1;2;1;2;1;1;2;1;3;3;;;;;300000;;1;;;;;;;;;;2
20230313;03;2023;7391411;1;1;01;68;1;360.7943048;68;2;1;4;1;1;1;2;1;3;1;1;3;1;2;1;1;2;1;3;3;;;;;450000;;1;;;;;;;;;;2
20230309;03;2023;7391412;1;1;01;70;1;113.23636785;70;1;1;4;1;3;1;1;1;3;1;1;4;2;1;1;1;1;1;3;1;;;100000000;600000;;;1;;;;;;;;;;3
20230313;03;2023;7391413;1;1;01;70;1;84.965369029;70;2;1;2;1;1;1;2;1;3;1;1;2;1;3;1;1;1;3;3;3;;;;;200000;;;;;;;;;1;;;2
20230313;03;2023;7391414;1;1;01;70;1;106.28693612;70;1;4;1;1;1;1;2;1;3;1;1;3;2;2;1;1;1;1;3;4;;;;200000;;;;;;;;;;1;;;6
20230313;03;2023;7391415;1;1;01;70;1;105.43428489;70;1;1;2;1;1;1;2;1;3;1;1;4;3;2;1;1;1;1;3;6;;;;300000;;;1;;;;;;;;;;9
20230313;03;2023;7391416;1;1;01;70;1;91.759977001;70;1;1;1;1;1;1;2;1;3;1;1;3;2;2;1;1;1;1;3;4;;;;250000;;;;;;;;;;1;;;5
20230313;03;2023;7391417;1;1;01;70;1;98.5849389;70;1;1;2;1;1;1;2;1;3;1;1;3;2;2;1;1;1;1;3;1;;;20000000;250000;;;;;;;;;;1;;;2
20230313;03;2023;7391418;1;1;01;70;1;202.95211286;70;1;1;4;1;1;1;1;1;3;1;1;3;2;1;1;1;1;1;3;4;;;;600000;;;1;;;;1;1;;;;;2
20230313;03;2023;7391419;1;1;01;70;1;104.1931044;70;1;1;2;1;1;1;2;1;3;1;1;3;2;2;1;1;1;1;3;3;;;;;300000;;1;;;;;;;;;;3
20230313;03;2023;7391420;1;1;01;70;1;93.226204838;70;1;1;2;1;1;1;2;1;3;1;1;3;2;2;1;1;1;1;3;4;;;;300000;;;;;;;;;;1;;;4
20230313;03;2023;7391421;1;1;01;70;1;142.72634014;70;6;1;4;1;2;1;1;1;3;1;1;3;2;1;1;1;1;1;3;6;;;;300000;;;1;;;;;;;;;;2
20230313;03;2023;7391422;1;1;01;70;1;120.58453358;70;2;1;2;1;2;1;1;1;3;1;1;3;2;1;1;1;1;1;3;3;;;;;350000;;1;;;;;;;;;;3
20230313;03;2023;7391423;1;1;01;70;1;97.809695876;70;2;1;4;1;2;1;1;1;3;1;1;3;2;1;1;1;1;1;3;1;;;60000000;600000;;;1;;;;;;;;;;4
20230313;03;2023;7391424;1;1;01;70;1;105.26739354;70;2;1;4;1;2;1;1;1;3;1;1;3;2;1;1;1;1;1;3;4;;;;500000;;;1;;;;;;;;;;5
20230313;03;2023;7391425;1;1;01;70;1;128.85687055;70;2;1;4;1;2;1;1;1;3;1;1;3;2;1;1;1;1;1;3;3;;;;;300000;;1;;;;;;;;;;5
20230313;03;2023;7391426;1;1;01;70;1;92.923802034;70;1;1;4;1;3;1;1;1;3;1;1;3;2;1;1;1;1;1;3;3;;;;;500000;;1;;;;;;;;;;4
20230313;03;2023;7391427;1;1;01;70;1;135.42069323;70;1;1;4;1;3;1;1;1;3;1;1;4;2;1;1;1;1;1;3;4;;;;700000;;;1;;;;;;;;;;3
20230313;03;2023;7391428;1;1;01;70;1;143.58819876;70;2;1;4;1;3;1;1;1;3;1;1;3;2;1;1;1;1;1;3;3;;;;;550000;;1;;;;;;;;;;3
20230313;03;2023;7391429;1;1;01;70;1;137.09924298;70;1;1;4;1;3;1;1;1;3;1;1;3;2;1;1;1;1;1;3;6;;;;500000;;;1;;;;;;;;;;2
20230313;03;2023;7391430;1;1;01;70;1;111.05935756;70;1;1;4;1;3;1;1;1;3;1;1;4;2;1;1;1;1;1;3;1;;;180000000;800000;;;1;;;;;;;;;;3
20230312;03;2023;7391432;1;1;01;;1;360.38733509;76;2;1;4;1;1;1;2;1;3;1;1;3;2;3;1;1;1;1;3;3;;;;;250000;;;;;;;;;1;;;4
20230313;03;2023;7391435;1;1;01;;1;204.38633587;76;1;1;4;1;1;1;1;1;3;1;1;4;2;1;1;1;2;1;3;1;;;98;200000;;;1;;;;;;;;;;2
20230313;03;2023;7391436;1;1;01;;1;204.38633587;76;2;1;4;1;1;1;1;1;3;1;1;4;2;1;1;1;1;1;3;1;;;98;300000;;;;;;;;;;1;;;2
20230313;03;2023;7391437;1;1;01;;1;204.38633587;76;1;1;4;1;1;1;1;1;3;1;1;3;1;1;1;1;1;6;;4;;;;300000;;;;;;;;;;1;;;1
20230313;03;2023;7391438;1;1;01;;1;360.38733509;76;1;1;4;1;1;1;1;1;3;1;1;3;1;1;1;1;1;4;3;3;;;;;300000;;1;;;;1;;;;;;3
20230313;03;2023;7391439;1;1;01;;1;360.38733509;76;1;1;2;1;1;1;1;1;3;1;1;3;2;1;1;1;1;1;3;3;;;;;200000;;;;;;;;1;;;NEQUI;3
20230313;03;2023;7391440;1;1;01;;1;473.0083773;76;2;1;4;1;1;1;1;1;3;1;1;4;3;3;1;1;1;3;3;3;;;;;300000;;;;;;;;;1;;;2
20230313;03;2023;7391441;1;1;01;;1;1416.5747007;76;2;1;4;1;1;1;1;1;3;1;1;3;2;3;1;1;1;1;3;4;;;;300000;;;;;;;;;;1;;;4
20230313;03;2023;7391442;1;1;01;;1;473.0083773;76;1;1;4;1;1;1;1;1;3;1;1;4;1;3;1;1;1;1;3;5;;;;400000;;;1;;;;;;;;;;1
20230313;03;2023;7391443;1;1;01;76;1;1192.3329402;76;2;1;4;1;3;1;1;1;3;1;1;4;3;1;1;1;1;1;3;3;;;;;650000;;;;;;;;;1;;;4
20230313;03;2023;7391444;1;1;01;76;1;1556.7774184;76;2;1;4;1;3;1;1;1;3;1;1;4;3;1;1;1;1;1;3;3;;;;;700000;;1;;;;;;;;;;4
20230313;03;2023;7391445;1;1;01;76;1;1236.2962823;76;2;1;4;1;3;1;1;1;3;1;1;3;1;1;1;1;1;1;3;3;;;;;450000;;;;;;;;;1;;;3
20230313;03;2023;7391446;1;1;01;76;1;1106.0660057;76;2;1;4;1;2;1;1;1;3;1;1;4;3;1;1;1;1;1;3;3;;;;;780000;;1;;;;;;;;;;3
20230313;03;2023;7391447;1;1;01;76;1;1030.1866128;76;2;1;4;1;2;1;1;1;3;1;1;4;2;1;1;1;1;1;3;3;;;;;850000;;1;;;;;;;;;;2
20230313;03;2023;7391448;1;1;01;76;1;908.52482227;76;2;1;4;1;3;1;1;1;3;1;1;3;1;1;1;1;1;1;3;3;;;;;430000;;;;;;;;;1;;;1
20230313;03;2023;7391449;1;1;01;76;1;641.47397428;76;2;1;4;1;3;1;1;1;3;1;1;3;1;1;1;1;1;1;3;4;;;;300000;;;;;;;;;;1;;;1
20230313;03;2023;7391450;1;1;01;76;1;1144.6386021;76;2;1;4;1;3;1;1;1;3;1;1;4;2;1;1;1;1;1;3;3;;;;;650000;;1;;;;;;;;;;2
20230313;03;2023;7391451;1;1;01;76;1;921.39281529;76;2;1;4;1;3;1;1;1;3;1;1;3;2;1;1;1;1;1;3;3;;;;;500000;;;;;;;;;1;;;2
20230313;03;2023;7391452;1;1;01;76;1;2136.904827;76;1;1;4;1;2;1;1;1;3;1;1;3;2;1;1;1;1;1;3;3;;;;;450000;;1;;;;;;;;;;5
20230313;03;2023;7391453;1;1;01;76;1;1195.726435;76;2;1;4;1;3;1;1;1;3;1;1;3;2;1;1;1;1;1;3;3;;;;;700000;;1;;;;;;;;;;2
20230313;03;2023;7391454;1;1;01;76;1;1692.909545;76;1;1;4;1;2;1;1;1;3;1;1;3;2;1;1;1;1;1;3;3;;;;;350000;;;;;;;1;1;;;BANCOLOMBIA A LA MANO;3
20230313;03;2023;7391455;1;1;01;76;1;1348.3026101;76;2;1;4;1;3;1;1;1;3;1;1;3;2;1;1;1;1;1;4;4;;;;700000;;;1;;;;;;;;;;3
20230313;03;2023;7391456;1;1;01;76;1;3257.4858773;76;2;1;4;1;2;1;1;1;3;1;1;4;3;1;1;1;1;1;3;3;;;;;550000;;;;;;;;;1;;;8
20230313;03;2023;7391457;1;1;01;76;1;1002.2035817;76;2;1;4;1;4;1;1;1;3;1;1;2;1;1;1;1;1;1;3;3;;;;;750000;1;1;;;;;1;;;;;1
20230313;03;2023;7391458;1;1;01;76;1;1883.9046161;76;2;1;4;1;2;1;1;1;3;1;1;4;3;1;1;1;1;3;3;3;;;;;700000;;;;;;;;;1;;;4
20230313;03;2023;7391459;1;1;01;76;1;2097.8185867;76;1;1;4;1;2;1;1;1;3;1;1;4;3;1;1;1;1;1;3;3;;;;;400000;;1;;;;;;;;;;5
20230313;03;2023;7391460;1;1;01;76;1;1076.6111411;76;2;1;4;1;5;1;1;1;3;1;1;4;2;1;1;1;1;1;3;4;;;;1500000;;;1;;;;;;;;;;2
20230313;03;2023;7391461;1;1;01;76;1;1618.216972;76;1;1;4;1;4;1;1;1;3;1;1;5;3;1;1;1;1;1;3;1;;;300000000;1500000;;;1;;;;1;;;;;;3
20230313;03;2023;7391462;1;1;01;76;1;2069.3130455;76;1;1;4;1;2;1;1;1;3;1;1;4;3;1;1;1;1;1;3;3;;;;;600000;;1;;;;;;;;;;4
20230313;03;2023;7391463;1;1;01;76;1;2019.5792108;76;2;1;4;1;3;1;1;1;3;1;1;5;3;1;1;1;1;1;3;3;;;;;650000;;;;;;;;;1;;;5
20230313;03;2023;7391464;1;1;01;76;1;2354.3137262;76;1;1;4;1;2;1;1;1;3;1;1;2;2;1;1;1;1;1;3;3;;;;;400000;;;;;;;;1;;;BANCOLOMBIA A LA MANO;4
20230313;03;2023;7391465;1;1;01;76;1;987.8699204;76;1;1;4;1;4;1;1;1;3;1;1;5;1;1;1;1;1;1;3;1;;;300000000;1200000;;;;;;;;;;1;;;1
20230313;03;2023;7391466;1;1;01;76;1;999.37730449;76;2;1;4;1;3;1;1;1;3;1;1;4;1;1;1;1;1;1;3;1;;;170000000;900000;;;1;;;;;;;;;;1
20230313;03;2023;7391467;1;1;01;76;1;935.28611622;76;2;1;4;1;3;1;1;1;3;1;1;4;1;1;1;1;1;1;3;3;;;;;750000;;1;;;;1;1;;;;;1
20230313;03;2023;7391468;1;1;01;76;1;987.92399711;76;2;1;4;1;3;1;1;1;3;1;1;4;1;1;1;1;1;1;3;1;;;170000000;750000;;;1;;;;;;;;;;2
20230313;03;2023;7391469;1;1;01;76;1;999.37730449;76;2;1;4;1;3;1;1;1;3;1;1;4;1;1;1;1;1;1;3;4;;;;750000;;;;;;;;;;1;;;1
20230313;03;2023;7391470;1;1;01;76;1;999.37730449;76;2;1;4;1;3;1;1;1;3;1;1;4;1;1;1;1;1;1;3;3;;;;;650000;;;;;;;;;1;;;1
20230313;03;2023;7391471;1;1;01;76;1;790.33919768;76;2;1;4;1;5;1;1;1;3;1;1;4;2;1;1;1;1;1;3;4;;;;1000000;;;1;;;;;;;;;;2
20230313;03;2023;7391472;1;1;01;76;1;570.74379634;76;2;1;4;1;5;1;1;1;3;1;1;5;3;1;1;1;1;1;3;1;;;350000000;1500000;;;1;;;;;;;;;;3
20230313;03;2023;7391473;1;1;01;76;1;1155.6879515;76;2;1;4;1;5;1;1;1;3;1;1;5;3;1;1;1;1;1;3;1;;;300000000;1400000;;;1;;;;;;;;;;3
20230313;03;2023;7391474;1;1;01;76;1;1588.1293677;76;2;1;4;1;5;1;1;1;3;1;1;6;3;1;1;1;1;1;3;3;;;;;1200000;;1;;;1;1;1;;;;;4
20230313;03;2023;7391475;1;1;01;76;1;974.07099329;76;2;1;4;1;3;1;1;1;3;1;1;4;2;1;1;1;1;1;3;4;;;;750000;;;1;;;;;;1;;;DAVIPLATA NEQUI;2
20230313;03;2023;7391476;1;1;01;76;1;1049.3461697;76;2;1;4;1;4;1;1;1;3;1;1;3;1;1;1;1;1;1;3;1;;;20000000;1000000;;;1;;;;;;;;;;1
20230313;03;2023;7391477;1;1;01;76;1;1199.4775226;76;2;1;4;1;3;1;1;1;3;1;1;4;2;1;1;1;1;1;3;3;;;;;650000;;1;;;;;;;;;;3
20230313;03;2023;7391478;1;1;01;76;1;849.15558029;76;2;1;4;1;3;1;1;1;3;1;1;4;2;1;1;1;1;1;3;3;;;;;800000;;1;;;;;;;;;;2
20230313;03;2023;7391479;1;1;01;76;1;1363.5376064;76;1;1;4;1;3;1;1;1;3;1;1;6;2;1;1;1;1;1;3;3;;;;;500000;;;;;;;;;1;;;3
20230313;03;2023;7391480;1;1;01;76;1;1136.4161588;76;2;1;4;1;3;1;1;1;3;1;1;3;1;1;1;1;1;1;3;3;;;;;700000;;1;;;;;;;;;;2
20230313;03;2023;7391481;1;1;01;76;1;974.07099329;76;2;1;4;1;3;1;1;1;3;1;1;4;2;1;1;1;1;1;3;2;;500000;120000000;800000;;;1;;1;;;1;;;;;2
20230313;03;2023;7391482;1;1;01;76;1;999.37730449;76;2;1;4;1;3;1;1;1;3;1;1;4;1;1;1;1;1;1;3;4;;;;650000;;;;;;;;;;1;;;1
20230313;03;2023;7391483;1;1;01;76;1;999.37730449;76;2;1;4;1;3;1;1;1;3;1;1;3;1;1;1;1;1;1;3;1;;;150000000;650000;;;;;;;;;;1;;;1
20230313;03;2023;7391484;1;1;01;76;1;945.96329036;76;2;1;4;1;3;1;1;1;3;1;1;3;1;1;1;1;1;1;3;3;;;;;700000;;1;;;;;;;;;;2
20230313;03;2023;7391485;1;1;01;76;1;1049.3461697;76;2;1;4;1;4;1;1;1;3;1;1;3;1;1;1;1;1;1;3;3;;;;;500000;;1;;;;;;;;;;1
20230313;03;2023;7391486;1;1;01;76;1;850.26010565;76;2;1;4;1;3;1;1;1;3;1;1;2;1;1;1;1;1;1;3;4;;;;500000;;;1;;;;;1;;;;;1
20230313;03;2023;7391487;1;1;01;76;1;639.70198663;76;1;1;2;1;3;1;1;1;3;1;1;4;2;1;1;1;1;1;3;1;;;98;1000000;;;1;;;;;;;;;;3
20230313;03;2023;7391488;1;1;01;76;1;243.16236149;76;2;1;4;1;3;1;1;1;7;1;1;4;2;1;1;1;1;1;3;2;;386000;180000000;700000;;;1;;1;;;;;;;;2
20230313;03;2023;7391489;1;1;01;76;1;959.93215363;76;1;1;4;1;3;1;1;1;3;1;1;5;4;1;1;1;1;1;3;1;;;120000000;1000000;;;1;;;;;1;;;;;6
20230313;03;2023;7391490;1;1;01;76;1;214.17877153;76;2;1;4;1;3;1;1;1;7;1;1;5;1;1;1;1;1;1;3;1;;;200000000;800000;;;1;;;;;;;;;;2
20230313;03;2023;7391491;1;1;01;76;1;204.26426154;76;1;1;2;1;1;1;1;1;3;1;1;4;3;1;1;1;1;1;3;3;;;;;400000;;;;;;;;;1;;;4
20230313;03;2023;7391492;1;1;01;76;1;170.79165186;76;1;1;2;1;1;2;1;1;3;1;1;2;1;1;1;1;1;1;4;1;;;50000000;350000;;;1;;;;1;;;;;;2
20230313;03;2023;7391494;1;1;01;81;1;205.80457155;81;1;1;4;1;3;2;1;1;3;1;1;3;2;1;1;1;1;1;4;4;;;;300000;;;1;;;;1;;;;;;3
20230313;03;2023;7391495;1;1;01;81;1;130.64020578;81;1;1;4;1;3;2;1;1;3;1;1;4;1;1;1;1;1;1;4;1;;;260000000;700000;;;1;;;;;;;;;;2
20230313;03;2023;7391496;1;1;01;81;1;125.85361955;81;1;1;4;1;3;2;1;1;3;1;1;3;2;1;1;1;1;1;4;3;;;;;700000;;1;;;;;;;;;;4
20230313;03;2023;7391497;1;1;01;81;1;151.48826204;81;1;1;4;1;3;2;1;1;3;1;1;3;1;1;1;1;1;1;4;1;;;300000000;2500000;;;1;;;;;;;;;;1
20230313;03;2023;7391498;1;1;01;81;1;205.54488296;81;1;1;4;1;2;2;1;1;3;1;1;5;2;1;1;1;1;1;4;4;;;;600000;;;1;;;;;;;;;;2
20230313;03;2023;7391499;1;1;01;81;1;229.53199315;81;1;1;2;1;2;2;1;1;3;1;1;3;1;1;1;1;1;3;4;4;;;;350000;;;;;;;;;;1;;;1
20230313;03;2023;7391500;1;1;01;81;1;205.54488296;81;1;1;2;1;2;2;1;1;3;1;1;3;1;1;1;1;1;1;4;3;;;;;450000;;1;;;;;;;;;;2
20230313;03;2023;7391501;1;1;01;81;1;236.7921917;81;1;1;4;1;2;2;1;1;3;1;1;3;2;1;1;1;1;1;4;4;;;;500000;;;1;;;;;;;;;;3
20230313;03;2023;7391502;1;1;01;81;1;143.18981715;81;1;1;2;1;2;2;1;1;3;1;1;3;2;1;1;1;1;1;4;4;;;;500000;;;1;;;;1;;;;;;4
20230313;03;2023;7391503;1;1;01;81;1;191.79404004;81;1;1;2;1;2;2;1;1;3;1;3;2;1;1;1;1;1;3;4;3;;;;;450000;;;;;;;;;1;;;5
20230313;03;2023;7391503;2;2;01;81;1;191.79404004;81;1;1;2;1;2;2;1;1;3;1;3;1;1;1;2;1;1;6;;3;;;;;160000;;;;;;;;;1;;;1
20230313;03;2023;7391503;3;3;01;81;1;191.79404004;81;1;1;2;1;2;2;1;1;3;1;3;1;1;1;2;1;1;1;4;3;;;;;300000;;;;;;;;;1;;;3
20230313;03;2023;7391504;1;1;01;81;1;229.53199315;81;1;1;2;1;2;2;1;1;3;1;1;2;1;1;1;1;1;6;;3;;;;;500000;;;;;;;;;1;;;1
20230313;03;2023;7391505;1;1;01;81;1;131.97019932;81;1;1;4;1;2;2;1;1;3;1;1;4;3;1;1;1;1;3;4;3;;;;;350000;;1;;;;;;;;;;5
20230313;03;2023;7391506;1;1;01;81;1;229.53199315;81;3;1;2;1;2;2;1;1;3;1;1;1;1;1;1;1;1;2;4;4;;;;250000;;;1;;;;;;;;;;1
20230313;03;2023;7391507;1;1;01;81;1;200.03758914;81;1;1;4;1;2;2;1;1;3;1;1;3;2;1;1;1;1;3;4;4;;;;600000;;;1;;;;;;;;;;4
20230313;03;2023;7391508;1;1;01;81;1;205.54488296;81;1;1;4;1;2;2;1;1;3;1;1;5;1;1;1;1;1;1;4;1;;;98;1300000;;;1;;;;;;;;;;2
20230309;03;2023;7391509;1;1;01;85;1;210.78429386;85;2;1;4;1;2;1;1;1;3;1;3;1;1;1;2;1;1;6;;3;;;;;200000;;;;;;;;;1;;;1
20230309;03;2023;7391509;2;2;01;85;1;210.78429386;85;2;1;4;1;2;1;1;1;3;1;3;2;1;1;2;1;1;1;3;3;;;;;200000;;1;;;;;;;;;;2
20230309;03;2023;7391509;3;3;01;85;1;210.78429386;85;2;1;4;1;2;1;1;1;3;1;3;2;1;1;2;1;1;1;3;3;;;;;220000;;;;;;;;;1;;;3
20230313;03;2023;7391510;1;1;01;85;1;220.48519963;85;2;1;4;1;2;1;1;1;3;1;1;3;1;1;1;1;1;1;3;4;;;;400000;;;;;;;;;;1;;;1
20230313;03;2023;7391511;1;1;01;85;1;395.37828442;85;2;1;3;1;2;1;1;1;3;1;1;5;3;1;1;1;1;1;3;3;;;;;650000;;;;;;;;;1;;;3
20230313;03;2023;7391512;1;1;01;85;1;485.72658682;85;2;1;4;1;2;1;1;1;3;1;1;4;2;1;1;1;1;1;3;1;;;98;700000;;;1;;;;;;;;;;2
20230313;03;2023;7391513;1;1;01;85;1;459.3441659;85;2;1;4;1;2;1;1;1;3;1;1;4;1;1;1;1;1;1;3;1;;;75000000;800000;;;1;;;;;;;;;;1
20230313;03;2023;7391514;1;1;01;85;1;164.45445244;85;2;1;4;1;2;1;1;1;3;1;1;2;1;1;1;1;1;1;3;1;;;98;400000;;;1;;;;;;;;;;1
20230313;03;2023;7391515;1;1;01;85;1;220.48519963;85;2;1;4;1;2;1;1;1;3;1;1;3;1;1;1;1;1;1;3;3;;;;;500000;;1;;;;;;;;;;1
20230313;03;2023;7391516;1;1;01;85;1;220.48519963;85;2;1;4;1;2;1;1;1;3;1;1;4;1;1;1;1;1;1;3;3;;;;;500000;;1;;;;;;;;;;1
20230313;03;2023;7391517;1;1;01;85;1;258.47588575;85;2;1;4;1;2;1;1;1;3;1;1;2;1;1;1;1;1;1;3;1;;;160000000;500000;;;1;;;;;;;;;;4
20230313;03;2023;7391518;1;1;01;85;1;257.56055645;85;2;1;4;1;2;1;1;1;3;1;1;4;2;1;1;1;10;1;3;2;;1100000;180000000;650000;;;1;;;;;;;;;;4
20230313;03;2023;7391519;1;1;01;85;1;342.61344259;85;3;1;4;1;2;1;1;1;3;1;1;1;1;1;1;1;1;6;;3;;;;;300000;;1;;;;;;;;;;1
20230313;03;2023;7391520;1;1;01;85;1;342.61344259;85;3;1;4;1;2;1;1;1;3;1;1;1;1;1;1;1;1;1;3;3;;;;;300000;;1;;;;;;;;;;1
20230313;03;2023;7391521;1;1;01;85;1;485.72658682;85;3;1;4;1;2;1;1;1;3;1;1;1;1;1;2;1;10;1;3;3;;;;;350000;;;;;;;;;1;;;2
20230313;03;2023;7391522;1;1;01;86;1;81.686472151;86;1;1;4;1;1;1;1;1;2;1;1;3;2;1;1;1;1;3;3;1;;;99;99;;;1;;;;;;;;;;3
20230313;03;2023;7391523;1;1;01;86;1;108.72498617;86;2;1;4;1;1;1;1;1;2;1;1;3;2;1;1;1;1;3;3;3;;;;;99;1;1;;;;;;;;;;2
20230313;03;2023;7391524;1;1;01;86;1;106.9754458;86;1;1;4;1;1;1;1;1;2;1;1;3;1;1;1;1;1;3;3;1;;;99;99;;;1;;;;;;;;;;2
20230313;03;2023;7391525;1;1;01;86;1;96.544904765;86;1;1;4;1;1;1;1;1;2;1;1;3;3;1;1;1;1;3;3;1;;;99;99;;;1;;;;;;;;;;4
20230313;03;2023;7391526;1;1;01;86;1;102.10809019;86;1;1;4;1;1;1;1;1;2;1;1;3;2;1;1;1;1;3;3;3;;;;;99;;1;;;;;;;;;;3
20230313;03;2023;7391527;1;1;01;86;1;89.474241135;86;2;1;4;1;1;1;1;1;2;1;1;6;1;1;1;1;1;1;3;3;;;;;600000;1;;;;;;;;;;;1
20230313;03;2023;7391528;1;1;01;86;1;97.183134699;86;2;1;4;1;1;2;1;1;2;1;1;6;2;1;1;1;1;1;4;7;CASA DE UN FAMILIAR NO CANCELA NADA POR VIVIR AHI;;;98;;;;;;;;;;1;;;3
20230313;03;2023;7391529;1;1;01;86;1;85.580356643;86;2;1;4;1;1;1;1;1;2;1;1;5;1;1;1;1;1;1;3;1;;;98;500000;;1;;;;;;;;;;;2
20230313;03;2023;7391530;1;1;01;86;1;140.77358833;86;1;1;4;1;1;1;1;1;2;1;1;5;1;1;1;1;1;1;3;3;;;;;98;;;;;;;;;1;;;1
20230313;03;2023;7391531;1;1;01;86;1;106.9754458;86;1;1;4;1;1;2;1;1;2;1;1;5;1;1;1;1;1;1;4;3;;;;;98;;;;;;;;;1;;;2
20230313;03;2023;7391532;1;1;01;86;1;73.177303275;86;1;1;4;1;1;1;1;1;2;1;1;6;2;1;1;1;1;1;3;3;;;;;98;1;;;;;;;;;;;3
20230313;03;2023;7391533;1;1;01;88;1;33.669558269;88;2;1;4;1;6;2;1;1;7;1;1;3;1;1;1;1;10;1;4;1;;;99;3500000;;;1;;;;;1;;;;;1
20230313;03;2023;7391534;1;1;01;88;1;33.209753137;88;1;1;4;1;4;2;1;1;7;1;1;3;1;1;1;1;10;1;4;1;;;99;1500000;;;1;;;;;;;;;;1
20230313;03;2023;7391535;1;1;01;88;1;33.209753137;88;1;1;4;1;3;2;1;1;7;1;1;2;1;1;1;1;10;1;4;3;;;;;600000;;1;;;;;;;;;;1
20230313;03;2023;7391536;1;1;01;88;1;33.669558269;88;2;1;4;1;6;2;1;1;7;1;1;3;1;1;1;1;10;3;4;1;;;98;98;;;1;;;;;;;;;;1
20230313;03;2023;7391537;1;1;01;88;1;33.209753137;88;2;1;4;1;6;2;1;1;7;1;1;3;2;1;1;1;10;6;;1;;;99;3000000;;;1;;;;;;;;;;1
20230313;03;2023;7391538;1;1;01;88;1;33.669558269;88;2;1;4;1;4;2;1;1;3;1;1;3;1;1;1;1;10;3;4;1;;;99;2000000;;;1;;;;;;;;;;1
20230313;03;2023;7391539;1;1;01;88;1;44.191295228;88;2;1;4;1;2;2;2;1;3;2;1;3;1;2;1;1;10;2;4;4;;;;600000;;;1;;;;;;;;;;1
20230313;03;2023;7391540;1;1;01;88;1;50.019960779;88;1;1;4;1;2;2;2;1;3;1;1;3;2;2;1;1;10;3;4;1;;;100000000;800000;;;1;;;;;;;;;;3
20230313;03;2023;7391541;1;1;01;88;1;32.734292762;88;2;1;4;1;2;2;2;1;3;1;1;2;1;2;1;1;10;3;4;1;;;98;900000;;;1;;;;;;;;;;1
20230313;03;2023;7391542;1;1;01;88;1;43.587800992;88;3;1;4;1;2;2;2;1;3;2;1;1;1;2;1;1;10;6;;4;;;;250000;;;1;;;;;;;;;;1
20230313;03;2023;7391543;1;1;01;88;1;44.191295228;88;1;1;4;1;2;2;2;1;3;2;1;2;1;2;1;1;10;3;4;1;;;99;600000;;;;;;;;;;1;;;1
20230313;03;2023;7391544;1;1;01;88;1;60.352537041;88;2;1;4;1;2;2;2;1;3;1;1;3;2;2;1;1;10;3;4;1;;;98;98;;;1;;;;;;;;;;4
20230313;03;2023;7391545;1;1;01;88;1;55.199011906;88;2;1;4;1;2;2;2;1;3;2;1;2;1;2;1;1;10;1;4;1;;;98;900000;;;1;;;;;;;;;;2
20230313;03;2023;7391546;1;1;01;88;1;32.710525574;88;2;1;4;1;6;2;2;1;3;1;1;4;3;2;1;1;10;1;4;1;;;98;5000000;;;1;;;;;1;;;;;2
20230313;03;2023;7391547;1;1;01;88;1;32.287259994;88;2;1;4;1;2;2;2;1;3;1;1;2;1;2;1;1;10;3;4;3;;;;;450000;;1;;;;;;;;;;1
20230313;03;2023;7391548;1;1;01;88;1;65.349749583;88;1;1;4;1;2;2;2;1;3;1;1;3;2;2;1;1;10;3;4;1;;;100000000;900000;;;1;;;;;;;;;;5
20230313;03;2023;7391549;1;1;01;88;1;29.460863486;88;2;1;4;1;2;2;2;1;3;2;1;2;1;2;1;1;10;4;4;1;;;99;600000;;;1;;;;;;;;;;1
20230313;03;2023;7391550;1;1;01;88;1;58.140273182;88;2;1;4;1;2;2;2;1;3;2;1;2;1;2;2;1;10;3;4;4;;;;400000;;;1;;;;;;;;;;2
20230313;03;2023;7391551;1;1;01;88;1;32.734292762;88;2;1;4;1;2;2;2;1;3;1;1;2;1;2;1;1;10;3;4;3;;;;;550000;;1;;;;;;;;;;1
20230313;03;2023;7391552;1;1;01;88;1;29.058533995;88;2;1;2;1;2;2;2;1;3;2;1;2;1;2;1;1;10;2;4;1;;;98;600000;;;1;;;;;;;;;;1
20230313;03;2023;7391553;1;1;01;88;1;37.130348993;88;2;5;3;1;2;2;1;1;3;2;1;2;1;1;1;1;10;6;;4;;;;700000;;;1;;;;;;;;;;1
20230313;03;2023;7391554;1;1;01;88;1;37.130348993;88;2;5;3;1;2;2;1;1;3;2;1;2;1;1;1;1;10;6;;4;;;;600000;;;1;;;;;;;;;;1
20230313;03;2023;7391555;1;1;01;88;1;25.829807995;88;2;1;4;1;3;2;2;1;3;1;1;2;1;2;1;1;10;1;4;3;;;;;1000000;;1;;;;;;;;;;1
20230313;03;2023;7391556;1;1;01;88;1;16.093957289;88;1;1;4;1;3;2;2;1;3;1;1;3;1;2;1;1;10;1;4;1;;;99;1500000;;;1;;;;;;;;;;1
20230313;03;2023;7391557;1;1;01;88;1;39.955484242;88;2;1;4;1;1;2;1;1;7;2;1;2;1;1;1;1;10;3;4;3;;;;;500000;;1;;;;;;;;;;1
20230313;03;2023;7391558;1;1;01;88;1;47.535468195;88;2;1;4;1;3;2;1;1;3;2;1;3;2;1;1;1;10;3;4;4;;;;1000000;;;1;;;;;1;;;;;2
20230313;03;2023;7391559;1;1;01;88;1;37.644436676;88;2;1;4;1;3;2;1;1;3;2;1;2;1;1;1;1;10;3;4;4;;;;800000;;;1;;;;;;;;;;1
20230313;03;2023;7391560;1;1;01;88;1;61.242704251;88;1;5;2;1;1;2;1;1;7;2;1;2;1;1;1;1;10;3;4;4;;;;600000;;;1;;;;;;;;;;3
20230313;03;2023;7391561;1;1;01;88;1;47.021380512;88;2;1;4;1;3;2;1;1;3;2;1;2;2;1;1;1;10;3;4;4;;;;700000;;;1;;;;;;;;;;2
20230313;03;2023;7391562;1;1;01;88;1;40.508687293;88;2;1;4;1;2;2;1;1;7;2;1;2;1;1;1;1;10;3;4;3;;;;;500000;;1;;;;;;;;;;1
20230313;03;2023;7391563;1;1;01;88;1;62.452904515;88;2;1;4;1;2;2;1;1;7;2;1;2;2;1;1;1;10;3;4;3;;;;;800000;;1;;;;;;;;;;3
20230313;03;2023;7391564;1;1;01;88;1;63.385657371;88;2;1;4;1;2;2;1;1;7;2;1;2;1;1;1;1;10;3;4;3;;;;;600000;;1;;;;;;;;;;3
20230313;03;2023;7391565;1;1;01;88;1;40.888156967;88;2;1;4;1;3;2;2;1;3;1;1;3;1;2;1;1;10;3;4;4;;;;700000;;;1;;;;;;;;;;2
20230313;03;2023;7391566;1;1;01;88;1;72.543311469;88;1;5;2;1;2;2;1;1;7;2;1;2;1;1;1;1;10;3;4;5;;;;500000;;;1;;;;;;;;;;4
20230313;03;2023;7391567;1;1;01;88;1;32.734292762;88;2;1;4;1;2;2;2;1;3;1;1;3;1;2;1;1;10;1;4;1;;;99;800000;;;1;;;;;;;;;;1
20230313;03;2023;7391568;1;1;01;91;1;71.001125435;91;1;1;2;1;3;2;1;1;3;1;1;3;3;1;1;1;10;3;4;5;;;;500000;;;;;;;;;;1;;;4
20230313;03;2023;7391569;1;1;01;91;1;40.273983383;91;1;1;2;1;3;2;1;1;3;1;1;2;2;1;1;1;10;3;4;1;;;100000000;500000;;;1;;;;;;;;;;4
20230313;03;2023;7391570;1;1;01;91;1;48.049813509;91;1;1;2;1;3;2;1;1;3;1;1;5;5;1;1;1;10;3;4;1;;;150000000;500000;;;1;;;;;;;;;;5
20230310;03;2023;7391571;1;1;01;94;1;61.664710272;94;1;1;4;1;1;2;1;1;2;1;1;5;4;1;1;1;3;1;4;1;;;800000;650000;;;1;;;;;;;;;;6
20230313;03;2023;7391572;1;1;01;94;1;57.025770486;94;1;5;2;1;1;2;2;1;2;2;1;7;6;2;1;1;3;1;5;1;;;99;800000;;;1;;;;;;;;;;11
20230313;03;2023;7391573;1;1;01;94;1;49.964433477;94;1;1;2;1;1;2;1;1;2;1;1;1;1;1;1;1;3;1;5;3;;;;;300000;;;;;;;;;1;;;4
20230313;03;2023;7391574;1;1;01;94;1;45.583930341;94;3;1;4;1;1;2;1;1;2;1;1;1;1;1;1;1;1;5;4;3;;;;;350000;;;;;;;;;1;;;3
20230313;03;2023;7391575;1;1;01;94;1;39.503757942;94;1;1;2;1;1;2;1;1;2;1;1;3;2;1;1;1;1;1;4;1;;;99;1000000;;;1;;;;;;;;;;7
20230313;03;2023;7391576;1;1;01;94;1;42.330301505;94;3;1;4;1;1;2;1;1;2;1;1;1;1;1;1;1;1;5;5;3;;;;;2000000;;;;;;;;;1;;;3
20230313;03;2023;7391577;1;1;01;94;1;41.203427205;94;3;1;4;1;1;2;1;1;2;1;1;1;1;1;1;1;1;1;4;3;;;;;200000;;;;;;;;;1;;;2
20230313;03;2023;7391578;1;1;01;94;1;42.37183253;94;1;1;4;1;1;2;1;1;2;1;1;6;4;1;1;1;10;1;4;1;;;99;800000;;;1;;;;;;;;;;5
20230313;03;2023;7391579;1;1;01;94;1;89.74336286;94;1;1;2;1;1;2;2;2;;2;1;3;1;2;1;4;3;1;4;7;RESGUARDO INDIGENA PROPIEDAD COLECTIVA;;;400000;;;1;;;;;;;;;;3
20230313;03;2023;7391580;1;1;01;94;1;114.07447145;94;1;5;2;1;1;2;2;2;;2;1;5;3;2;1;4;3;1;5;6;;;;500000;;;;;;;;;;1;;;5
20230313;03;2023;7391581;1;1;01;94;1;102.12725024;94;1;5;2;1;1;2;2;2;;2;1;3;1;2;1;4;3;1;5;7;RESGUARDO INDIGENA PROPIEDAD COLECTIVA;;;350000;;;;;;;;;;1;;;6
20230313;03;2023;7391582;1;1;01;94;1;98.367478409;94;1;5;2;1;1;2;2;2;;2;1;3;1;2;1;4;3;1;5;7;RESGUARDO INDIGENA PROPIEDAD COLECTIVA;;;500000;;;;;;;;;;1;;;4
20230313;03;2023;7391583;1;1;01;94;1;85.63807907;94;1;5;1;1;1;2;2;2;;2;1;3;2;2;1;4;3;1;4;1;;;80000000;250000;;;;;;;;;;1;;;6
20230313;03;2023;7391585;1;1;01;95;1;110.43362181;95;1;1;4;1;2;2;1;1;2;1;1;4;2;1;1;1;10;3;4;1;;;150000000;700000;;;1;;;;;;;;;;2
20230313;03;2023;7391586;1;1;01;95;1;161.82547064;95;2;1;4;1;2;1;1;1;2;1;1;4;3;1;1;1;1;1;3;2;;1025000;99;700000;;;1;;;;;;;;;;5
20230313;03;2023;7391587;1;1;01;95;1;156.53419786;95;2;1;4;1;2;1;1;1;2;1;1;3;1;1;1;1;10;3;3;3;;;;;700000;;1;;;;;;;;;;1
20230313;03;2023;7391588;1;1;01;95;1;168.59643943;95;2;1;4;1;2;1;1;1;2;1;1;5;1;1;1;1;10;3;3;2;;1230000;186000000;1200000;;;1;;;;;;;;;;2
20230313;03;2023;7391589;1;1;01;95;1;258.40950177;95;2;1;4;1;2;1;1;1;2;1;1;3;3;1;1;1;1;3;3;3;;;;;650000;;;;;;;;;1;;;6
20230313;03;2023;7391590;1;1;01;95;1;98.347923003;95;2;1;2;1;3;2;1;1;6;2;1;3;1;1;1;1;3;3;4;3;;;;;350000;;1;;;;;;;;;;2
20230313;03;2023;7391591;1;1;01;95;1;67.266352419;95;2;1;4;1;3;2;1;1;6;2;1;3;2;1;1;1;3;3;4;3;;;;;200000;;;;;;;;;1;;;2
20230313;03;2023;7391592;1;1;01;95;1;118.11401756;95;2;1;2;1;3;2;1;1;6;2;1;3;2;1;1;1;3;3;4;1;;;50000000;500000;;;;;;;;;;1;;;4
20230313;03;2023;7391593;1;1;01;95;1;91.31161542;95;2;1;2;1;3;1;1;1;6;1;1;2;1;1;1;1;1;1;4;3;;;;;350000;;1;;;;;;;;;;1
20230313;03;2023;7391594;1;1;01;95;1;102.73795059;95;1;1;4;1;2;2;1;1;6;1;1;3;2;1;1;1;1;1;4;1;;;99;1300000;;;1;;;;;;;;;;4
20230313;03;2023;7391595;1;1;01;95;1;91.31161542;95;3;1;2;1;3;1;1;1;6;2;1;1;1;1;2;1;3;6;;3;;;;;200000;;;;;;1;;;;;;1
20230313;03;2023;7391596;1;1;01;95;1;88.954775061;95;2;1;4;1;2;1;1;1;2;1;1;4;2;1;1;1;1;1;3;1;;;82000000;1500000;;;1;;;;;;;;;;2
20230313;03;2023;7391597;1;1;01;95;1;115.313747;95;2;1;4;1;2;1;1;1;2;1;1;3;2;1;1;1;1;3;3;2;;1700000;100000000;800000;;;1;;1;;;;;;;;2
20230313;03;2023;7391598;1;1;01;95;1;67.266352419;95;2;1;2;1;3;2;1;1;6;2;1;2;1;1;1;1;3;3;4;3;;;;;350000;;;;;;;;;1;;;2
20230313;03;2023;7391599;1;1;01;95;1;91.31161542;95;3;1;2;1;3;2;1;1;6;2;1;1;1;1;2;1;10;6;;3;;;;;200000;;1;;;;;;;;;;1
20230313;03;2023;7391600;1;1;01;95;1;156.53419786;95;2;1;4;1;2;1;1;1;2;1;1;2;1;1;1;1;10;1;3;3;;;;;450000;;1;;;;;;;;;;1
20230313;03;2023;7391601;1;1;01;95;1;91.31161542;95;3;1;2;1;3;2;1;1;6;2;1;1;1;1;2;1;10;6;;3;;;;;150000;;1;;;;;;;;;;1
20230313;03;2023;7391602;1;1;01;95;1;101.01701663;95;1;1;4;1;3;1;1;1;2;1;1;5;3;1;1;1;1;3;3;3;;;;;700000;;1;;;;;;;;;;3
20230313;03;2023;7391603;1;1;01;95;1;57.383305142;95;2;1;2;1;3;2;1;1;6;2;1;2;1;1;1;1;10;3;4;3;;;;;400000;;1;;;;;;;;;;1
20230313;03;2023;7391604;1;1;01;97;1;11.336558102;97;1;5;1;1;1;2;1;1;2;1;1;3;2;1;1;1;5;1;5;6;;;;200000;;;1;;;;;;;;;;4
20230313;03;2023;7391605;1;1;01;97;1;11.336558102;97;1;5;2;1;1;2;1;1;2;1;1;4;4;1;1;1;5;1;5;1;;;30000000;300000;;;1;;;;;;;;;;7
20230313;03;2023;7391606;1;1;01;97;1;64.618381183;97;1;5;2;1;1;2;1;1;2;1;1;3;2;1;1;1;5;1;5;1;;;35000000;100000;;;1;;;;;;;;;;3
20230313;03;2023;7391607;1;1;01;97;1;11.336558102;97;1;1;2;1;1;2;1;1;2;1;1;1;1;1;1;1;10;2;1;4;;;;500000;;;1;;;;;;;;;;3
20230313;03;2023;7391608;1;1;01;97;1;12.173880778;97;1;5;2;1;1;2;1;1;2;1;1;2;1;1;1;1;5;1;5;4;;;;150000;;;;;;;;;;1;;;2
20230313;03;2023;7391609;1;1;01;97;1;64.618381183;97;1;5;3;1;1;2;1;1;2;1;1;3;2;1;1;1;5;1;5;4;;;;200000;;;1;;;;;;;;;;7
20230313;03;2023;7391610;1;1;01;97;1;53.376734511;97;1;1;2;1;1;2;2;1;2;1;1;4;3;2;1;1;5;1;4;4;;;;300000;;;1;;;;;;;;;;6
20230313;03;2023;7391611;1;1;01;97;1;11.336558102;97;1;5;3;1;1;2;1;1;2;1;1;2;1;1;1;1;10;1;1;3;;;;;450000;;1;;;;;;;;;;1
20230313;03;2023;7391612;1;1;01;97;1;30.316380688;97;1;5;3;1;1;2;1;1;2;1;1;3;1;1;1;1;5;1;1;1;;;60000000;400000;;;1;;;;;;;;;;1
20230313;03;2023;7391613;1;1;01;97;1;31.886051008;97;1;5;1;1;1;2;2;1;2;1;1;4;3;2;1;1;5;1;5;1;;;30000000;400000;;;;;;;;;;1;;;7
20230313;03;2023;7391614;1;1;01;97;1;18.421906916;97;1;1;4;1;1;2;1;1;2;1;1;4;1;1;1;1;10;1;4;1;;;150000000;1400000;;;1;;;;;;;;;;1
20230313;03;2023;7391615;1;1;01;97;1;18.421906916;97;1;1;4;1;2;2;1;1;2;1;1;2;1;1;1;1;10;1;4;1;;;150000000;1000000;;;1;;;;;;;;;;3
20230313;03;2023;7391616;1;1;01;97;1;11.336558102;97;1;5;3;1;1;2;1;1;2;1;1;2;2;1;1;1;5;1;5;1;;;150000000;500000;;;;;;;;;;1;;;5
20230313;03;2023;7391617;1;1;01;97;1;41.655220597;97;1;1;2;1;1;2;1;1;2;1;1;5;4;1;1;1;10;3;1;1;;;150000000;1000000;;;1;;;;;;;;;;7
20230313;03;2023;7391618;1;1;01;99;1;34.142559532;99;3;1;2;1;1;2;2;1;2;1;1;1;1;2;2;1;3;5;5;4;;;;300000;;;;;;;;;;1;;;5
20230313;03;2023;7391619;1;1;01;99;1;64.293176668;99;1;1;4;1;1;2;2;1;2;1;1;4;3;2;1;1;10;1;4;3;;;;;600000;;;;;;;;;1;;;5
20230313;03;2023;7391620;1;1;01;99;1;99.817439059;99;2;1;2;1;1;2;2;1;2;1;1;1;1;2;1;1;3;1;4;4;;;;350000;;;1;;;;;;;;;;1
20230313;03;2023;7391621;1;1;01;99;1;99.817439059;99;4;1;4;1;1;2;2;1;2;1;1;1;1;2;1;1;3;6;;3;;;;;200000;;1;;;;;;;;;;1
20230313;03;2023;7391622;1;1;01;99;1;117.71838421;99;1;1;4;1;1;2;2;1;2;1;1;3;1;2;1;1;3;1;4;1;;;70000000;350000;;;1;;;1;;;;;;;2
20230313;03;2023;7391623;1;1;01;99;1;127.52200191;99;1;1;2;1;1;2;2;1;2;1;1;3;2;2;1;1;1;1;4;1;;;60000000;400000;;;1;;;;;;;;;;4
20230313;03;2023;7391624;1;1;01;99;1;76.227068614;99;1;1;4;1;2;2;2;1;2;1;1;2;1;2;1;1;3;1;4;4;;;;400000;;;1;;;;;;;;;;3
20230313;03;2023;7391628;1;1;01;;2;16.815131093;08;1;1;2;1;0;2;1;1;3;1;1;4;3;1;1;1;1;1;4;5;;;;600000;;;1;;;;;;;;;;5
20230313;03;2023;7391629;1;1;01;;2;18.427701455;08;1;1;2;1;0;2;2;1;3;1;1;3;1;2;1;1;2;4;1;5;;;;450000;;;;;;;;;;1;;;1
20230313;03;2023;7391630;1;1;01;;2;19.565151982;08;1;1;2;1;0;2;1;1;3;1;1;1;1;1;1;1;1;1;1;5;;;;500000;;;1;;;;;;;;;;5
20230313;03;2023;7391631;1;1;01;;2;21.250871872;08;1;1;4;1;0;2;1;1;3;1;1;4;3;1;1;1;1;1;4;3;;;;;600000;;1;;;;;;;;;;5
20230313;03;2023;7391632;1;1;01;;2;26.605232147;08;1;1;2;1;0;2;1;1;3;1;1;3;1;1;1;1;1;3;1;3;;;;;400000;;;;;;;;;1;;;2
20230313;03;2023;7391633;1;1;01;;2;18.427701455;08;1;1;4;1;0;2;1;1;3;1;1;3;1;1;1;1;1;1;1;3;;;;;450000;;;;;;;;;1;;;1
20230313;03;2023;7391634;1;1;01;;2;25.943873838;08;2;1;4;1;0;2;1;1;3;1;1;4;3;1;1;1;1;3;1;3;;;;;600000;;;;;;;;;1;;;6
20230313;03;2023;7391635;1;1;01;;2;23.084346539;08;1;1;2;1;0;2;2;1;3;1;1;3;2;2;1;1;1;1;1;3;;;;;500000;;1;;;;;;;;;;3
20230313;03;2023;7391636;1;1;01;;2;18.210225772;08;1;1;4;1;0;2;1;1;3;1;1;4;2;1;1;1;1;1;4;5;;;;600000;;;1;;;;;;;;;;4
20230313;03;2023;7391637;1;1;01;;2;17.751301757;08;1;1;2;1;0;2;1;1;3;1;1;4;2;1;1;1;1;3;1;5;;;;500000;;;1;;;;;;;;;;4
20230313;03;2023;7391638;1;1;01;;2;26.880044502;08;1;1;2;1;0;2;1;1;3;1;1;4;3;1;1;1;1;1;4;5;;;;500000;;;1;;;;;;;;;;5
20230313;03;2023;7391639;1;1;01;;2;22.113241747;08;2;1;2;1;0;2;1;1;3;1;1;3;1;1;1;1;1;1;1;4;;;;200000;;;;;;;;;;1;;;1
20230313;03;2023;7391640;1;1;01;;2;20.623271745;08;1;1;4;1;0;2;1;1;3;1;1;3;2;1;1;1;1;1;4;3;;;;;400000;;1;;;;;;;;;;3
20230313;03;2023;7391641;1;1;01;;2;20.578121459;08;1;1;2;1;0;2;1;1;3;1;1;4;3;1;1;1;1;3;1;5;;;;250000;;;1;;;;;;;;;;5
20230313;03;2023;7391642;1;1;01;;2;29.770719706;08;1;1;2;1;0;2;1;1;3;1;1;3;2;1;1;1;1;1;4;5;;;;550000;;;1;;;;;;;;;;3
20230313;03;2023;7391643;1;1;01;;2;28.64731491;08;1;1;4;1;0;2;1;1;3;1;1;3;3;1;1;1;1;1;4;3;;;;;550000;;1;;;;;;;;;;4
20230313;03;2023;7391644;1;1;01;;2;26.158871477;08;1;1;2;1;0;2;1;1;3;1;1;4;3;1;1;1;1;4;1;5;;;;400000;;;1;;;;;;;;;;6
20230313;03;2023;7391645;1;1;01;;2;15.095774066;08;1;1;4;1;0;2;1;1;3;1;1;4;1;1;1;1;1;1;1;5;;;;500000;;;1;;;;;;;;;;2
20230313;03;2023;7391646;1;1;01;;2;28.754431321;08;1;1;4;1;0;2;1;1;3;1;1;4;3;1;1;1;1;1;4;3;;;;;500000;;1;;;;;;;;;;5
20230313;03;2023;7391647;1;1;01;;2;18.243532434;08;1;1;4;1;0;2;1;1;3;1;1;4;2;1;1;1;1;3;1;5;;;;500000;;;;;;;;;;1;;;3
20230313;03;2023;7391648;1;1;01;;2;30.849513772;08;1;1;4;1;0;2;1;1;3;1;1;3;1;1;1;1;1;1;4;3;;;;;550000;;1;;;;;;;;;;3
20230313;03;2023;7391649;1;1;01;;2;21.361451041;08;1;1;4;1;0;2;1;1;3;1;1;3;2;1;1;1;1;1;4;5;;;;500000;;;1;;;;;;;;;;4
20230313;03;2023;7391650;1;1;01;;1;566.69670415;08;1;1;4;1;1;1;2;1;3;1;1;4;3;2;1;1;1;1;3;1;;;50000000;300000;;;1;;;;;;;;;;6
20230313;03;2023;7391651;1;1;01;;1;456.224074;08;1;1;4;1;1;1;2;1;3;1;1;4;3;2;1;1;1;1;3;1;;;60000000;500000;;;1;;;;;;;;;;5
20230313;03;2023;7391652;1;1;01;;1;1076.9933928;08;1;1;4;1;1;1;2;1;3;1;1;3;2;2;1;1;1;1;3;4;;;;300000;;;1;;;;;;;;;;3
20230313;03;2023;7391653;1;1;01;;1;456.224074;08;1;1;4;1;1;1;2;1;3;1;1;4;3;2;1;1;1;1;3;1;;;75000000;750000;;;1;;;;1;;;;;;5
20230313;03;2023;7391654;1;1;01;;1;1107.1053877;08;1;1;2;1;1;1;2;1;3;1;1;3;1;2;1;1;1;1;3;3;;;;;120000;;;;;;;;;1;;;3
20230313;03;2023;7391655;1;1;01;;1;699.98049102;08;1;1;4;1;1;1;2;1;3;1;1;4;1;2;1;1;1;1;3;1;;;90000000;500000;;;1;;;;;;;;;;2
20230313;03;2023;7391656;1;1;01;;1;456.224074;08;1;1;2;1;1;1;2;1;3;1;1;4;3;2;1;1;1;1;3;4;;;;450000;;;1;;;;1;;;;;;5
20230313;03;2023;7391657;1;1;01;;1;1205.8714127;08;1;1;4;1;1;1;2;1;3;1;1;4;1;2;1;1;1;1;3;4;;;;300000;;;;;;;;;;1;;;1
20230313;03;2023;7391658;1;1;01;;1;456.224074;08;1;1;4;1;1;1;2;1;3;1;1;4;3;2;1;1;1;1;3;4;;;;400000;;;1;;;;;;;;;;7
20230313;03;2023;7391659;1;1;01;;1;822.88009712;08;1;1;4;1;1;1;2;1;3;1;1;4;1;2;1;1;1;6;;1;;;10000000;400000;;;;;;;;;;1;;;1
20230313;03;2023;7391660;1;1;01;;1;1001.8683164;08;1;1;4;1;1;1;2;1;3;1;1;4;2;2;1;1;1;1;3;1;;;40000000;320000;;;1;;;;;;;;;;3
20230313;03;2023;7391661;1;1;01;;1;1091.466269;08;1;1;4;1;1;1;2;1;3;1;1;4;3;2;1;1;1;1;3;4;;;;350000;;;;;;;;;;1;;;5
20230313;03;2023;7391662;1;1;01;;1;1048.6344236;08;1;1;4;1;1;1;2;1;3;1;1;4;2;2;1;1;1;1;3;1;;;80000000;400000;;;;;;;;;;1;;;3
20230313;03;2023;7391663;1;1;01;;1;1424.6336467;08;1;1;2;1;1;1;2;1;3;1;1;3;2;2;1;1;1;1;3;3;;;;;70000;;;;;;;;;1;;;3
20230313;03;2023;7391664;1;1;01;;1;958.77620192;08;1;1;2;1;1;1;2;1;3;1;1;3;2;2;1;1;1;1;3;5;;;;150000;;;;;;;;;;1;;;5
20230313;03;2023;7391665;1;1;01;;1;1384.8536374;08;1;1;2;1;1;1;2;1;3;1;1;3;2;2;1;1;1;1;3;5;;;;200000;;;;;;;;;;1;;;5
20230313;03;2023;7391666;1;1;01;;1;1729.8257383;08;1;1;2;1;1;1;2;1;3;1;1;3;2;2;1;1;1;1;3;4;;;;150000;;;;;;;;;;1;;;5
20230313;03;2023;7391667;1;1;01;;1;1136.9311791;08;1;1;2;1;1;1;2;1;3;1;1;3;2;2;1;1;1;1;3;3;;;;;120000;;1;;;;;;;;;;5
20230313;03;2023;7391668;1;1;01;;1;1554.1334015;08;1;1;2;1;1;1;2;1;3;1;1;3;2;2;1;1;1;1;3;5;;;;150000;;;;;;;;;;1;;;4
20230313;03;2023;7391669;1;1;01;;1;1500.0329434;08;1;1;2;1;1;1;2;1;3;1;1;3;2;2;1;1;1;1;3;4;;;;100000;;;;;;;;;;1;;;3
20230313;03;2023;7391670;1;1;01;;1;1881.4443153;08;1;1;2;1;1;1;2;1;3;1;1;3;1;2;1;1;1;1;3;5;;;;120000;;;;;;;;;;1;;;1
20230313;03;2023;7391671;1;1;01;;1;1517.8796982;08;1;1;2;1;1;1;2;1;3;1;1;3;2;2;1;1;1;1;3;5;;;;150000;;;;;;;;;;1;;;4
20230313;03;2023;7391672;1;1;01;;1;1881.4443153;08;1;1;2;1;1;1;2;1;3;1;1;3;1;2;1;1;1;1;3;4;;;;150000;;;;;;;1;;;;;;1
20230313;03;2023;7391673;1;1;01;;2;521.5492126;08;1;1;2;1;1;1;2;1;2;1;1;4;3;2;1;1;1;1;3;4;;;;100000;;;;;;;;;;1;;;6
20230313;03;2023;7391674;1;1;01;;2;837.99563132;08;1;1;4;1;1;1;2;1;2;1;1;4;3;2;1;1;1;1;3;4;;;;250000;;;;;;;;;;1;;;3
20230313;03;2023;7391675;1;1;01;;2;899.77601528;08;1;1;4;1;1;1;2;1;2;1;1;3;1;2;1;1;1;6;;4;;;;100000;;;1;;;;;;;;;;1
20230313;03;2023;7391676;1;1;01;;2;335.99492169;08;1;1;4;1;1;1;2;1;2;1;1;4;3;2;1;1;1;1;3;1;;;50000000;200000;;;;;;;;;;1;;;5
20230313;03;2023;7391677;1;1;01;;2;525.8349264;08;1;1;4;1;1;1;2;1;2;1;1;6;3;2;1;1;1;1;3;1;;;45000000;200000;;;1;;;;;;;;;;4
20230313;03;2023;7391678;1;1;01;;2;776.81789056;08;1;1;2;1;1;1;2;1;2;1;1;4;2;2;1;1;1;1;3;4;;;;100000;;;;;;;;;;1;;;3
20230313;03;2023;7391679;1;1;01;;2;770.31654753;08;1;1;4;1;1;1;2;1;2;1;1;4;2;2;1;1;1;1;3;3;;;;;350000;;1;;;;1;1;;;;;2
20230313;03;2023;7391680;1;1;01;;2;967.45509907;08;1;1;2;1;1;1;2;1;2;1;1;5;2;2;1;1;1;1;3;4;;;;250000;;;;;;;;;;1;;;2
20230313;03;2023;7391681;1;1;01;;2;609.12032092;08;1;1;2;1;1;1;2;1;2;1;1;3;1;2;1;1;1;1;3;4;;;;80000;;;;;;;;;;1;;;1
20230313;03;2023;7391683;1;1;01;;2;1377.6167655;08;1;1;4;1;1;1;2;1;2;1;1;3;2;2;1;1;1;1;3;1;;;40000000;150000;;;;;;;;;;1;;;2
20230313;03;2023;7391684;1;1;01;;2;1029.2389891;08;1;1;2;1;1;1;2;1;2;1;1;3;2;2;1;1;1;2;3;5;;;;70000;;;;;;;;;;1;;;7
20230313;03;2023;7391686;1;1;01;;2;988.16300195;08;1;1;2;1;1;1;2;1;2;1;1;3;2;2;1;1;1;1;3;1;;;20000000;120000;;;;;;;1;;;;;;4
20230313;03;2023;7391687;1;1;01;;2;1127.9719164;08;1;1;2;1;1;1;2;1;2;1;1;2;1;2;1;1;1;1;3;5;;;;60000;;;;;;;;;;1;;;4
20230313;03;2023;7391688;1;1;01;;2;1236.2392453;08;1;5;1;1;1;1;2;1;2;1;1;2;2;2;1;1;1;5;3;4;;;;100000;;;;;;;;;;1;;;3
20230313;03;2023;7391689;1;1;01;;2;897.92422355;08;1;1;2;1;1;1;2;1;2;1;1;4;1;2;1;1;1;1;3;4;;;;70000;;;;;;;;;;1;;;3
20230313;03;2023;7391690;1;1;01;;2;631.33448705;08;1;1;2;1;1;1;2;1;2;1;1;3;2;2;1;1;1;5;3;1;;;30000000;150000;;;;;;;;;;1;;;5
20230313;03;2023;7391691;1;1;01;;2;1083.3513729;08;1;1;4;1;1;1;2;1;2;1;1;3;1;2;1;1;1;1;3;1;;;70000000;250000;;;1;;;;;;;;;;2
20230313;03;2023;7391693;1;1;01;;2;1190.6210104;08;1;1;1;1;1;1;2;1;2;1;1;3;2;2;1;1;1;1;3;4;;;;75000;;;;;;;;;;1;;;4
20230313;03;2023;7391694;1;1;01;;1;988.48549367;08;1;1;4;1;1;1;2;1;3;1;1;4;2;2;1;1;1;1;3;1;;;40000000;200000;;;;;;;;;;1;;;2
20230313;03;2023;7391695;1;1;01;;1;1744.6380518;08;1;1;4;1;1;1;2;1;3;1;1;8;1;2;1;1;1;1;3;1;;;800000000;500000;;;1;;;;;;;;;;2
20230313;03;2023;7391696;1;1;01;;1;1516.6243972;08;1;1;4;1;1;1;2;1;3;1;1;3;1;2;1;1;1;1;3;1;;;50000000;250000;;;;;;;;;;1;;;2
20230313;03;2023;7391697;1;1;01;;1;988.48549367;08;1;1;4;1;1;1;2;1;3;1;1;4;2;2;1;1;1;1;3;1;;;50000000;150000;;;;;;;;;;1;;;6
20230313;03;2023;7391698;1;1;01;;1;988.48549367;08;1;1;4;1;1;1;2;1;3;1;1;5;3;2;1;1;1;1;3;1;;;80000000;600000;;;1;;;;;;;;;;6
20230313;03;2023;7391699;1;1;01;;1;2273.0628455;08;1;1;4;1;1;1;2;1;3;1;1;3;1;2;1;1;1;1;3;4;;;;300000;;;1;;;;;;;;;;3
20230313;03;2023;7391700;1;1;01;;1;3045.101581;08;2;1;2;1;1;1;2;1;3;1;1;2;1;2;2;1;1;5;3;4;;;;200000;;;;;;;;;;1;;;3
20230313;03;2023;7391701;1;1;01;;1;1516.6243972;08;1;1;2;1;1;1;2;1;3;1;1;4;1;2;1;1;1;1;3;4;;;;350000;;;1;;;;1;;;;;;2
20230313;03;2023;7391702;1;1;01;;1;2590.2223358;08;1;1;4;1;1;1;2;1;3;1;1;3;2;2;1;1;1;1;3;4;;;;300000;;;1;;;;;;;;;;4
20230313;03;2023;7391704;1;1;01;;2;728.20355953;08;1;5;2;1;1;2;2;2;;2;1;3;2;2;1;4;9;5;5;4;;;;200000;;;;;;;;;;1;;;4
20230313;03;2023;7391705;1;1;01;;2;864.15951571;08;1;1;3;1;1;2;2;2;;2;1;2;1;2;2;4;9;5;5;4;;;;120000;;;;;;;;;;1;;;2
20230313;03;2023;7391706;1;1;01;;2;731.5766147;08;1;1;2;1;1;2;2;2;;2;1;3;1;2;1;4;9;5;5;4;;;;50000;;;;;;;;;;1;;;3
20230313;03;2023;7391707;1;1;01;;2;719.82081222;08;1;1;2;1;1;2;2;2;;2;1;3;1;2;1;4;9;5;5;4;;;;300000;;;;;;;;;;1;;;1
20230313;03;2023;7391708;1;1;01;;2;487.29625674;08;1;1;2;1;1;2;2;2;;2;1;2;1;6;;4;9;5;5;4;;;;150000;;;;;;;;;;1;;;1
20230313;03;2023;7391709;1;1;01;;2;754.4405131;08;1;1;2;1;1;2;2;2;;2;1;3;2;2;1;4;9;5;5;4;;;;60000;;;;;;;;;;1;;;4
20230313;03;2023;7391710;1;1;01;;2;559.86697032;08;1;1;2;1;1;2;2;2;;2;1;1;1;6;;4;5;5;5;4;;;;100000;;;;;;;;;;1;;;3
20230313;03;2023;7391711;1;1;01;;2;541.43952377;08;1;1;2;1;1;2;2;2;;2;1;2;1;6;;4;9;5;5;4;;;;50000;;;;;;;;;;1;;;2
20230313;03;2023;7391712;1;1;01;;2;621.45431244;08;1;1;2;1;1;2;2;2;;2;1;2;1;2;1;4;9;5;5;4;;;;200000;;;;;;;;;;1;;;3
20230313;03;2023;7391713;1;1;01;;2;591.11361602;08;1;1;2;1;1;2;2;2;;2;1;2;2;2;1;4;9;5;5;4;;;;150000;;;;;;;;;;1;;;7
20230313;03;2023;7391714;1;1;01;;1;1035.5175236;13;1;4;2;1;1;1;2;2;;1;1;5;2;2;1;3;1;1;3;4;;;;250000;;;;;;;;;;1;;;5
20230313;03;2023;7391715;1;1;01;;2;522.90906761;44;1;1;1;1;1;2;2;2;;2;1;1;1;6;;4;3;5;5;5;;;;150000;;;;;;;;;;1;;;7
20230313;03;2023;7391716;1;1;01;;2;970.39816975;44;1;1;2;1;1;2;2;2;;2;1;3;2;2;1;4;10;5;5;6;;;;300000;;;;;;;;;;1;;;3
20230313;03;2023;7391717;1;1;01;;2;693.46521811;44;1;1;4;1;1;2;2;2;;2;1;4;3;2;1;3;3;4;4;6;;;;400000;;;;;;;;;;1;;;4
20230313;03;2023;7391718;1;1;01;;2;970.39816975;44;5;4;1;1;1;2;2;2;;2;1;1;1;6;;4;3;5;5;5;;;;150000;;;;;;;;;;1;;;3
20230313;03;2023;7391719;1;1;01;;2;824.55849526;44;1;1;2;1;1;2;2;2;;2;1;3;2;2;1;4;3;5;5;6;;;;300000;;;;;;;;;;1;;;6
20230313;03;2023;7391720;1;1;01;;2;1113.0702067;44;5;4;1;1;1;2;2;2;;2;1;1;1;6;;4;3;5;5;5;;;;100000;;;;;;;;;;1;;;2
20230313;03;2023;7391721;1;1;01;;2;1381.5495216;44;1;1;2;1;1;2;2;2;;2;1;2;1;2;2;4;3;2;4;6;;;;200000;;;1;;;;;;;;;;2
20230313;03;2023;7391722;1;1;01;;2;1646.9488094;44;1;4;2;2;;2;2;2;;2;1;2;1;6;;4;4;5;5;6;;;;98;;;;;;;;;;1;;;2
20230313;03;2023;7391723;1;1;01;;2;743.21514134;44;5;4;1;2;;2;2;2;;2;1;1;1;6;;4;4;5;5;5;;;;200000;;;;;;;;;;1;;;5
20230313;03;2023;7391724;1;1;01;;2;1771.1741011;44;1;4;1;2;;2;2;2;;2;1;2;1;6;;4;4;5;5;6;;;;98;;;;;;;;;;1;;;5
20230313;03;2023;7391725;1;1;01;;2;646.36540052;44;5;4;1;2;;2;2;2;;2;1;1;1;6;;4;4;5;5;5;;;;200000;;;;;;;;;;1;;;3
20230313;03;2023;7391726;1;1;01;;2;1311.3496657;44;1;4;1;2;;2;2;2;;2;1;2;1;6;;4;4;5;5;6;;;;98;;;;;;;;;;1;;;2
20230313;03;2023;7391727;1;1;01;;2;969.93158803;44;5;4;1;2;;2;2;2;;2;1;1;1;6;;4;4;5;5;6;;;;180000;;;;;;;;;;1;;;7
20230313;03;2023;7391728;1;1;01;;2;816.5514573;44;5;4;1;2;;2;2;2;;2;1;1;1;6;;4;4;5;5;5;;;;250000;;;;;;;;;;1;;;2
20230313;03;2023;7391730;1;1;01;;2;1101.1651299;44;1;4;1;2;;2;2;2;;2;1;1;1;6;;4;4;5;5;6;;;;100000;;;;;;;;;;1;;;4
20230313;03;2023;7391731;1;1;01;;2;1322.4172379;44;1;4;1;2;;2;2;2;;2;1;2;1;6;;4;4;5;5;6;;;;98;;;;;;;;;;1;;;3
20230313;03;2023;7391732;1;1;01;;2;1261.6507069;44;5;4;1;2;;2;2;2;;2;1;1;1;6;;4;4;5;5;5;;;;150000;;;;;;;;;;1;;;4
20230313;03;2023;7391733;1;1;01;;2;646.36540052;44;1;4;1;2;;2;2;2;;2;1;2;1;6;;4;4;5;5;6;;;;98;;;;;;;;;;1;;;3
20230313;03;2023;7391734;1;1;01;;2;745.29846056;44;1;5;1;2;;2;2;2;;2;1;2;1;6;;4;4;5;5;6;;;;98;;;;;;;;;;1;;;6
20230313;03;2023;7391735;1;1;01;;2;1097.7841105;44;5;4;1;2;;2;2;2;;2;1;1;1;6;;4;4;5;5;5;;;;300000;;;;;;;;;;1;;;2
20230313;03;2023;7391736;1;1;01;;1;290.45674506;44;1;1;4;1;1;1;1;1;3;1;1;3;2;1;1;1;1;1;3;4;;;;350000;;;;;;;;;;1;;;7
20230313;03;2023;7391737;1;1;01;;1;229.23038969;44;2;1;3;1;1;1;1;1;3;1;1;4;3;1;1;1;10;3;3;6;;;;350000;;;;;;;;;;1;;;6
20230313;03;2023;7391738;1;1;01;;1;605.89168698;44;1;1;4;1;1;1;1;1;3;1;1;3;1;1;1;1;10;3;3;1;;;98;300000;;;1;;;;;;;;;;1
20230313;03;2023;7391739;1;1;01;;1;348.03039254;44;1;8;2;1;1;2;1;1;3;1;1;2;1;1;1;1;10;5;4;1;;;98;250000;;;;;;;;;;1;;;2
20230313;03;2023;7391740;1;1;01;;1;517.40215451;44;1;1;4;1;1;1;1;1;3;1;1;4;3;1;1;1;10;1;3;1;;;120000000;500000;;;1;;;;;;;;;;3
20230313;03;2023;7391741;1;1;01;;1;727.18014296;44;1;1;4;1;1;1;1;1;3;1;1;2;1;1;1;1;10;1;3;3;;;;;300000;;;;;;;;;1;;;1
20230313;03;2023;7391742;1;1;01;;1;538.47154217;44;1;1;4;1;1;1;2;2;;1;1;4;3;2;1;5;10;1;3;1;;;85000000;250000;;;1;;;;;;;;;;7
20230313;03;2023;7391743;1;1;01;;1;568.50009012;44;2;1;2;1;1;2;2;2;;1;1;2;1;2;2;5;10;4;4;3;;;;;150000;;;;;;;;;1;;;3
20230313;03;2023;7391744;1;1;01;;1;875.64587989;44;2;1;2;1;1;2;2;2;;1;1;2;1;2;2;5;10;2;4;3;;;;;150000;;1;;;;;;;;;;3
20230313;03;2023;7391745;1;1;01;;1;714.41529585;44;2;1;4;1;1;1;2;2;;1;1;3;2;2;1;5;10;1;3;3;;;;;290000;;;;;;;;;1;;;4
20230313;03;2023;7391746;1;1;01;;1;599.23210703;44;1;1;4;1;1;1;2;2;;1;1;4;3;2;1;5;10;3;3;1;;;98;300000;;;;;;;;;;1;;;4
20230313;03;2023;7391747;1;1;01;;1;342.16128431;44;1;1;2;1;1;1;2;2;;1;1;4;3;2;1;5;10;3;3;1;;;98;350000;;;;;;;;;;1;;;4
20230313;03;2023;7391748;1;1;01;;1;557.52014346;44;2;1;4;1;1;1;2;2;;1;1;3;2;2;1;5;10;1;3;3;;;;;300000;1;;;;;;;;;;;4
20230313;03;2023;7391749;1;1;01;;1;771.32191216;44;1;1;4;1;1;1;2;2;;1;1;3;2;2;1;5;10;1;3;3;;;;;350000;;1;;;;;;;;;;5
20230313;03;2023;7391750;1;1;01;;1;1008.171073;70;1;1;4;1;1;1;1;1;1;1;1;4;1;1;1;1;1;1;3;1;;;40000000;200000;;;1;;;;;;;;;;2
20230313;03;2023;7391751;1;1;01;;1;571.21445892;70;1;1;2;1;1;1;1;1;1;1;1;3;2;1;1;1;1;1;3;5;;;;300000;;;;;;;;;;1;;;2
20230313;03;2023;7391752;1;1;01;;1;661.90419685;70;1;1;4;1;1;1;1;1;1;1;1;3;2;1;1;1;1;1;3;3;;;;;250000;;;;;;;;;1;;;7
20230313;03;2023;7391753;1;1;01;;1;721.19979053;70;1;1;2;1;1;1;1;1;1;1;1;3;1;1;1;1;1;1;3;5;;;;180000;;;;;;;;;;1;;;1
20230313;03;2023;7391754;1;1;01;;1;893.73314763;70;1;1;2;1;1;1;1;1;1;1;1;3;2;1;1;1;1;1;3;1;;;30000000;180000;;;;;;;;;;1;;;4
20230313;03;2023;7391755;1;1;01;;1;1011.2917828;70;1;1;2;1;1;1;1;1;3;1;1;3;2;1;1;1;1;1;3;3;;;;;150000;;;;;;;;;1;;;3
20230313;03;2023;7391756;1;1;01;;1;355.42233;70;1;1;2;1;1;1;1;1;1;1;1;2;1;1;1;1;1;1;3;1;;;15000000;150000;;;;;;;;;;1;;;4
20230313;03;2023;7391757;1;1;01;;1;837.99224558;70;1;1;4;1;1;1;1;1;1;1;1;3;2;1;1;1;1;1;3;4;;;;300000;;;;;;;;;;1;;;2
20230313;03;2023;7391761;1;1;01;;1;808.58699474;70;1;1;2;1;1;2;1;1;1;1;1;3;2;1;1;1;1;1;4;4;;;;150000;;;;;;;;;;1;;;3
20230313;03;2023;7391762;1;1;01;;1;1026.4728585;70;1;1;2;1;1;1;1;1;1;1;1;2;1;1;1;1;1;1;3;3;;;;;100000;;1;;;;;;;;;;3
20230313;03;2023;7391763;1;1;01;;1;600.99982544;70;1;1;2;1;1;1;1;1;1;1;1;3;1;1;1;1;1;1;3;1;;;45000000;150000;;;;;;;;;;1;;;1
20230313;03;2023;7391765;1;1;01;;1;1127.4947493;70;1;1;2;1;1;2;2;1;1;1;1;2;1;2;1;1;1;1;4;4;;;;150000;;;1;;;;;;;;;;1
20230313;03;2023;7391766;1;1;01;;1;931.34685707;70;1;1;2;1;1;1;1;1;3;1;1;3;2;1;1;1;1;1;3;4;;;;300000;;;;;;;;;;1;;;4
20230313;03;2023;7391767;1;1;01;;1;355.42233;70;1;1;4;1;2;1;1;1;1;1;1;4;3;1;1;1;1;1;3;1;;;2000000000;250000;;;;;;;1;;;;;;3
20230313;03;2023;7391769;1;1;01;;1;830.77711485;70;1;1;2;1;1;2;2;1;1;1;1;2;1;2;1;1;1;1;4;3;;;;;100000;;;;;;;;;1;;;4
20230313;03;2023;7391770;1;1;01;;2;690.75272589;70;1;1;2;1;1;2;2;2;;1;1;3;1;2;1;3;1;1;5;5;;;;100000;;;;;;;1;;;;;;2
20230313;03;2023;7391771;1;1;01;;2;788.2164053;70;1;1;2;1;1;2;2;2;;1;1;3;2;2;1;3;1;1;5;5;;;;150000;;;;;;;;;;1;;;3
20230313;03;2023;7391772;1;1;01;;2;1011.8581497;70;1;4;1;1;1;2;2;2;;1;1;2;1;2;1;3;1;5;5;5;;;;50000;;;;;;;;;;1;;;1
20230313;03;2023;7391773;1;1;01;;2;1380.1991556;70;1;1;2;1;1;2;2;2;;1;1;2;1;2;1;3;1;5;5;4;;;;80000;;;;;;;;;;1;;;8
20230313;03;2023;7391774;1;1;01;;2;868.17943169;70;1;7;2;1;0;2;2;2;;1;1;3;2;2;1;2;1;1;5;3;;;;;150000;;;;;;;;;1;;;3
20230313;03;2023;7391775;1;1;01;;2;890.11671076;70;1;7;1;1;0;2;2;2;;1;1;2;1;6;;3;1;5;5;4;;;;100000;;;;;;;;;;1;;;3
20230313;03;2023;7391776;1;1;01;;2;718.38283493;70;1;4;1;1;0;2;2;2;;1;1;3;2;6;;3;1;5;5;4;;;;50000;;;;;;;;;;1;;;2
20230313;03;2023;7391777;1;1;01;;2;717.98265919;70;1;1;2;1;1;2;2;2;;1;1;2;1;2;1;3;1;1;5;5;;;;200000;;;;;;;;;;1;;;2
20230313;03;2023;7391778;1;1;01;;2;729.78281604;70;1;1;2;1;1;2;2;2;;1;1;3;2;2;1;3;1;1;5;5;;;;150000;;;;;;;;;;1;;;4
20230313;03;2023;7391779;1;1;01;;2;533.02633517;70;1;4;1;1;1;2;2;2;;1;1;3;2;2;1;3;1;5;5;5;;;;100000;;;;;;;;;;1;;;6
20230313;03;2023;7391780;1;1;01;;2;970.34891264;70;1;1;1;1;1;2;2;2;;1;1;3;2;2;1;3;1;5;5;5;;;;100000;;;;;;;;;;1;;;4
20230313;03;2023;7391782;1;1;01;;1;1665.8225839;20;1;1;2;1;1;1;1;1;3;1;1;3;2;1;1;1;1;1;3;1;;;60000000;100000;;;;;;;;;;1;;;2
20230313;03;2023;7391783;1;1;01;;1;1278.5800666;20;1;1;4;1;1;1;1;1;3;1;1;2;1;1;1;1;1;1;3;3;;;;;250000;;1;;;;;;;;;;2
20230313;03;2023;7391784;1;1;01;;1;1516.7778147;20;1;1;2;1;1;1;1;1;3;1;1;2;1;1;1;1;1;1;5;1;;;40000000;70000;;;;;;;;;;1;;;1
20230313;03;2023;7391785;1;1;01;;1;1029.4992425;20;1;1;4;1;1;2;1;1;3;1;1;3;2;1;1;1;1;5;4;4;;;;150000;;;;;;;;;;1;;;3
20230313;03;2023;7391786;1;1;01;;1;1152.6675324;20;2;1;4;1;1;1;1;1;3;1;1;3;2;1;1;1;1;1;3;3;;;;;350000;;1;;;;;;;;;;3
20230313;03;2023;7391787;1;1;01;;1;1133.6570216;20;2;1;4;1;2;1;1;1;3;1;1;4;3;1;1;1;1;1;3;1;;;98;500000;;;1;;;;;;;;;;5
20230313;03;2023;7391788;1;1;01;;1;1931.7155031;20;3;1;2;1;2;1;1;1;3;1;1;1;1;1;1;1;1;6;;4;;;;100000;;;;;;;;;;1;;;1
20230313;03;2023;7391789;1;1;01;;1;1106.9187786;20;2;1;2;1;2;1;1;1;3;1;1;2;1;1;1;1;1;1;4;4;;;;80000;;;;;;;;;;1;;;1
20230313;03;2023;7391790;1;1;01;;1;1632.9974899;20;2;1;2;1;1;1;1;1;3;1;1;3;2;1;1;1;1;1;3;3;;;;;250000;;;;;;;;;1;;;3
20230313;03;2023;7391791;1;1;01;;1;1073.3987988;20;1;1;2;1;1;1;1;1;3;1;1;4;3;1;1;1;1;1;3;1;;;70000000;300000;;;1;;;;;;;;;;5
20230313;03;2023;7391792;1;1;01;;1;1310.0010353;20;1;1;4;1;1;1;1;1;3;1;1;4;3;1;1;1;1;1;3;1;;;98;500000;;;1;;;;;;;;;;5
20230313;03;2023;7391793;1;1;01;;1;2252.756195;20;1;1;4;1;1;1;1;1;3;1;1;3;1;1;1;1;1;1;3;3;;;;;500000;;1;;;;;;;;;;1
20230313;03;2023;7391794;1;1;01;;1;1210.6249008;20;1;1;2;1;2;1;1;1;3;1;1;3;1;1;1;1;1;1;3;1;;;98;300000;;;;;;;;;;1;;;2
20230313;03;2023;7391795;1;1;01;;1;2181.1433326;20;1;1;4;1;2;1;1;1;3;1;1;4;2;1;1;1;1;1;3;3;;;;;400000;;;;;;;;;1;;;4
20230313;03;2023;7391796;1;1;01;;1;2072.9170798;20;1;1;4;1;2;1;1;1;3;1;1;3;2;1;1;1;1;1;3;6;;;;300000;;;1;;;;;;;;;;1
20230313;03;2023;7391797;1;1;01;;2;1130.4359878;20;1;4;2;1;0;2;2;2;;1;1;2;1;2;1;4;1;4;4;4;;;;50000;;;;;;;;;;1;;;5
20230313;03;2023;7391798;1;1;01;;2;665.20244376;20;1;1;1;1;1;2;2;2;;1;1;2;1;2;1;3;1;6;;1;;;25000000;40000;;;;;;;;;;1;;;1
20230313;03;2023;7391799;1;1;01;;2;576.66769414;20;1;4;1;1;1;2;2;2;;1;1;2;1;6;;4;1;6;;1;;;15000000;40000;;;;;;;;;;1;;;1
20230313;03;2023;7391800;1;1;01;;2;576.66769414;20;1;1;2;1;0;2;2;2;;1;1;3;1;2;1;4;1;6;;1;;;20000000;150000;;;;;;;;;;1;;;1
20230313;03;2023;7391802;1;1;01;;2;640.78579398;20;1;4;2;1;1;2;2;2;;1;1;3;3;2;1;3;1;5;5;1;;;2000000;50000;;;;;;;;;;1;;;4
20230313;03;2023;7391803;1;1;01;;2;354.07863291;20;1;1;4;1;1;1;2;1;3;1;1;4;3;2;1;1;1;1;3;3;;;;;300000;;;;;;;;;1;;;5
20230313;03;2023;7391804;1;1;01;;2;496.90542725;20;1;1;2;1;1;1;2;1;3;1;1;2;1;2;1;1;1;1;3;3;;;;;360000;;1;;;;;;;;;;1
20230313;03;2023;7391805;1;1;01;;2;512.03909077;20;1;1;4;1;1;1;2;1;3;1;1;4;2;2;1;1;1;1;3;1;;;50000000;300000;;;1;;;;;;;;;;3
20230313;03;2023;7391806;1;1;01;;2;288.19838072;20;1;1;4;1;1;1;2;1;3;1;1;3;2;2;1;1;1;1;4;1;;;60000000;300000;;;1;;;;;;;;;;2
20230313;03;2023;7391807;1;1;01;;2;426.27532004;20;1;1;4;1;1;1;2;1;3;1;1;3;2;2;1;1;1;1;3;1;;;98;200000;;;;;;;;;;1;;;5
20230313;03;2023;7391808;1;1;01;;2;185.55473504;20;1;1;2;1;1;1;2;1;3;1;1;3;2;2;1;1;1;1;3;1;;;98;200000;;;;;;;;;;1;;;4
20230313;03;2023;7391809;1;1;01;;2;496.90542725;20;1;1;4;1;1;1;2;1;3;1;1;2;1;2;1;1;1;1;3;1;;;98;250000;;;;;;;;;;1;;;1
20230313;03;2023;7391810;1;1;01;;2;411.33823559;20;1;1;4;1;1;1;2;1;3;1;1;3;1;2;1;1;1;1;3;4;;;;300000;;;1;;;;;;;;;;1
20230313;03;2023;7391811;1;1;01;;2;533.22029416;20;1;1;4;1;1;1;2;1;3;1;1;3;1;2;1;1;1;4;3;4;;;;200000;;;;;;;;;;1;;;1
20230313;03;2023;7391813;1;1;01;;1;1860.8489338;20;1;1;4;1;1;1;1;1;3;1;1;3;2;1;1;1;1;1;3;3;;;;;400000;;1;;;;;;;;;;4
20230313;03;2023;7391814;1;1;01;;1;1593.3835747;20;2;1;2;1;1;1;1;1;3;1;1;3;2;1;1;1;1;1;3;4;;;;350000;;;;;;;;;;1;;;4
20230313;03;2023;7391815;1;1;01;;1;987.98639183;20;1;1;4;1;1;1;1;1;3;1;1;4;3;1;1;1;1;1;3;1;;;80000000;400000;;;1;;;;;;;;;;3
20230313;03;2023;7391816;1;1;01;;2;226.70106297;20;1;4;2;1;1;2;2;2;;2;1;3;2;6;;4;2;5;5;4;;;;98;;;;;;;;;;1;;;4
20230313;03;2023;7391817;1;1;01;;2;314.80383472;20;1;4;2;1;1;2;2;2;;2;1;3;2;2;1;4;2;1;4;4;;;;200000;;;;;;;;;;1;;;3
20230313;03;2023;7391818;1;1;01;;2;428.33332875;20;1;4;2;1;1;2;2;2;;2;1;2;1;6;;4;2;5;5;4;;;;98;;;;;;;;;;1;;;3
20230313;03;2023;7391819;1;1;01;;2;433.06843111;20;1;4;2;1;1;2;2;2;;2;1;2;1;6;;4;2;5;5;4;;;;50000;;;;;;;;;;1;;;3
20230313;03;2023;7391821;1;1;01;;1;1465.5005208;20;1;1;4;1;1;1;1;1;3;1;1;3;1;1;1;1;1;1;3;3;;;;;300000;;;;;;;;;1;;;3
20230313;03;2023;7391822;1;1;01;;1;1758.0475915;20;2;1;2;1;1;2;1;1;3;1;1;3;1;1;1;1;1;1;4;4;;;;200000;;;;;;;;;;1;;;2
20230313;03;2023;7391823;1;1;01;;1;1516.7778147;20;1;1;2;1;1;1;1;1;3;1;1;5;1;1;1;1;1;3;3;3;;;;;300000;;1;;;;;;;;;;1
20230313;03;2023;7391824;1;1;01;;1;1946.8263414;20;1;1;2;1;2;1;1;1;3;1;1;2;1;1;1;1;1;6;;3;;;;;250000;;1;;;;;;;;;;1
20230313;03;2023;7391826;1;1;01;;1;1274.7870668;20;1;1;2;1;1;1;1;1;2;1;1;2;1;1;1;1;1;4;3;4;;;;150000;;;;;;;;;;1;;;1
20230313;03;2023;7391827;1;1;01;;1;1084.3938018;20;1;1;4;1;1;1;1;1;2;1;1;3;1;1;1;1;1;1;3;1;;;98;200000;;;;;;;;;;1;;;2
20230313;03;2023;7391828;1;1;01;;1;1211.8637492;20;1;1;2;1;1;1;1;1;2;1;1;4;3;1;1;1;1;1;3;1;;;60000000;250000;;;1;;;;;;;;;;4
20230313;03;2023;7391829;1;1;01;;1;1419.6594663;20;1;1;2;1;1;1;1;1;2;1;1;3;2;1;1;1;1;1;3;4;;;;300000;;;;;;;;;;1;;;3
20230313;03;2023;7391830;1;1;01;;1;706.77192355;20;1;1;4;1;1;1;1;1;2;1;1;3;2;1;1;1;1;1;3;1;;;80000000;300000;;;1;;;;;;;;;;5
20230313;03;2023;7391831;1;1;01;;1;1113.3030299;20;1;1;2;1;1;1;1;1;2;1;1;3;2;1;1;1;1;1;3;1;;;98;400000;;;1;;;;;;;;;;5
20230313;03;2023;7391832;1;1;01;;1;1437.817936;20;1;1;4;1;1;1;1;1;2;1;1;3;2;1;1;1;1;3;3;3;;;;;200000;;1;;;;;;;;;;1
20230313;03;2023;7391833;1;1;01;;1;1549.7532887;20;1;1;4;1;1;1;1;1;2;1;1;4;3;1;1;1;1;1;3;1;;;98;400000;;;;;;;;;;1;;;6
20230313;03;2023;7391834;1;1;01;;1;1359.4207878;20;1;1;1;1;1;1;1;1;2;1;1;2;1;1;1;1;1;1;3;1;;;98;60000;;;;;;;;;;1;;;2
20230313;03;2023;7391835;1;1;01;;1;1878.2513912;20;1;1;2;1;1;1;1;1;2;1;1;3;2;1;1;1;1;1;3;1;;;98;400000;;;1;;;;;;;;;;2
20230313;03;2023;7391836;1;1;01;;1;2321.3927605;20;1;1;2;1;2;1;1;1;2;1;1;3;2;1;1;1;1;1;3;3;;;;;250000;;;;;;;;;1;;;3
20230313;03;2023;7391837;1;1;01;;1;2159.0300704;20;1;1;2;1;1;1;1;1;2;1;1;3;1;1;1;1;1;1;3;1;;;98;100000;;;;;;;;;;1;;;1
20230313;03;2023;7391838;1;1;01;;1;2040.3432676;20;1;1;2;1;1;2;1;1;2;1;1;3;1;1;1;1;1;6;;1;;;60000000;250000;;;1;;;;;;;;;;2
20230313;03;2023;7391839;1;1;01;;2;1754.639401;20;1;1;2;1;1;2;2;2;;2;1;3;2;2;1;3;3;1;4;1;;;98;150000;;;;;;;;;;1;;;4
20230313;03;2023;7391840;1;1;01;;2;1504.1953968;20;1;1;2;1;1;2;2;2;;2;1;3;1;2;1;3;3;1;4;1;;;98;250000;;;;;;;;;;1;;;2
20230313;03;2023;7391841;1;1;01;;2;1160.9944426;20;1;1;4;1;1;2;2;2;;2;1;4;2;2;1;4;2;1;4;1;;;30000000;350000;;;;;;;;;;1;;;3
20230313;03;2023;7391842;1;1;01;;2;2249.7340139;20;1;1;2;1;1;2;2;2;;2;1;3;2;2;1;4;3;1;4;4;;;;250000;;;;;;;;;;1;;;4
20230313;03;2023;7391845;1;1;01;;2;1238.668839;20;1;4;2;1;1;2;2;2;;1;1;3;1;2;1;4;1;4;1;3;;;;;50000;;;;;;;;;1;;;4
20230313;03;2023;7391846;1;1;01;;2;1606.0330428;20;1;1;2;1;1;2;2;2;;1;1;3;1;2;1;3;1;1;4;1;;;98;100000;;;;;;;;;;1;;;5
20230313;03;2023;7391847;1;1;01;;2;1092.4448133;20;1;1;4;1;1;2;2;2;;1;1;4;2;2;1;4;1;4;4;1;;;20000000;300000;;;;;;;;;;1;;;3
20230313;03;2023;7391848;1;1;01;;2;2073.6338233;20;1;1;4;1;1;2;2;2;;1;1;3;1;2;1;3;1;1;4;3;;;;;150000;;1;;;;;;;;;;1
20230313;03;2023;7391851;1;1;01;;1;1333.0718141;20;1;1;4;1;1;1;1;1;2;1;1;4;3;1;1;1;1;1;3;1;;;80000000;350000;;;;;;;;;;1;;;3
20230313;03;2023;7391852;1;1;01;;1;1651.5800893;20;1;1;4;1;1;1;1;1;2;1;1;2;1;1;1;1;1;1;3;3;;;;;250000;;1;;;;;;;;;;3
20230313;03;2023;7391853;1;1;01;;1;1412.4039358;20;1;1;2;1;1;1;1;1;2;1;1;3;2;1;1;1;1;1;3;3;;;;;200000;;;;;;;;1;;;NEQUI;4
20230313;03;2023;7391854;1;1;01;;2;758.01831967;20;1;1;2;1;9;2;2;2;;2;1;2;2;2;1;3;2;5;5;4;;;;90000;;;;;;;;;;1;;;7
20230313;03;2023;7391855;1;1;01;;2;1206.4286563;20;1;1;2;1;9;2;2;2;;2;1;1;1;6;;4;2;5;5;4;;;;50000;;;;;;;;;;1;;;2
20230313;03;2023;7391856;1;1;01;;2;1100.4261337;20;1;5;1;1;9;2;2;2;;2;1;3;1;2;1;4;2;5;5;4;;;;150000;;;;;;;;;;1;;;4
20230313;03;2023;7391857;1;1;01;;2;1335.9969151;20;1;1;2;1;9;2;2;2;;2;1;2;1;2;1;3;2;5;5;4;;;;50000;;;;;;;;;;1;;;1
20230313;03;2023;7391858;1;1;01;;2;1458.3064567;20;1;1;2;1;9;2;2;2;;2;1;3;2;2;1;4;2;4;4;1;;;30000000;150000;;;;;;;;;;1;;;4
20230313;03;2023;7391859;1;1;01;;1;2295.127706;20;1;1;2;1;2;1;1;1;2;1;1;3;2;1;1;1;1;1;3;3;;;;;300000;;;;;;;;;1;;;3
20230313;03;2023;7391860;1;1;01;;1;1392.3080912;20;1;1;4;1;2;1;1;1;2;1;1;3;1;1;1;1;1;1;3;1;;;98;250000;;;;;;;;;;1;;;2
20230313;03;2023;7391861;1;1;01;;1;1184.8326601;20;1;1;2;1;2;1;1;1;2;1;1;3;2;1;1;1;1;1;3;1;;;98;200000;;;1;;;;;;;;;;3
20230313;03;2023;7391862;1;1;01;;1;2257.57682;20;1;1;4;1;2;1;1;1;2;1;1;3;1;1;1;1;1;1;3;1;;;98;400000;;;1;;;;;;;;;;3
20230313;03;2023;7391863;1;1;01;;1;2202.1067857;20;1;1;4;1;2;1;1;1;2;1;1;3;2;1;1;1;1;1;3;3;;;;;300000;;1;;;;;;;;;;3
20230313;03;2023;7391864;1;1;01;;2;1506.2540589;20;1;1;2;1;1;2;2;2;;1;1;1;1;2;1;3;1;1;4;4;;;;100000;;;;;;;;;;1;;;2
20230313;03;2023;7391865;1;1;01;;2;1206.4286563;20;1;1;2;1;1;2;2;2;;2;1;2;1;2;1;4;3;5;5;4;;;;50000;;;;;;;;;;1;;;2
20230313;03;2023;7391866;1;1;01;;2;904.42827535;20;1;5;1;2;;2;2;2;;1;1;2;1;6;;4;1;5;5;4;;;;30000;;;;;;;;;;1;;;1
20230313;03;2023;7391867;1;1;01;;2;1241.4115247;20;1;1;2;2;;2;2;2;;1;1;2;1;2;1;3;1;5;5;1;;;98;70000;;;;;;;;;;1;;;2
20230313;03;2023;7391868;1;1;01;;1;789.88844005;20;1;1;4;1;2;1;1;1;2;1;1;3;2;1;1;1;1;1;3;1;;;98;200000;;;1;;;;;;;;;;3
20230313;03;2023;7391869;1;1;01;;1;1715.1024004;20;1;1;4;1;1;1;1;1;2;1;1;3;2;1;1;1;1;1;3;1;;;100000000;250000;;;1;;;;;;;;;;3
20230313;03;2023;7391874;1;1;01;;1;1932.3333597;20;1;1;4;1;1;1;1;1;2;1;1;4;2;1;1;1;1;1;3;1;;;98;300000;;;1;;;;;;;;;;4
20230313;03;2023;7391876;1;1;01;;2;1065.391313;41;1;4;2;1;1;2;2;2;;1;1;3;1;2;1;4;1;1;5;4;;;;250000;;;;;;;;;;1;;;2
20230313;03;2023;7391877;1;1;01;;2;1036.9752345;15;1;5;1;2;;2;2;2;;2;1;2;2;2;1;4;6;1;5;1;;;10000000;200000;;;;;;;;;;1;;;3
20230313;03;2023;7391878;1;1;01;;2;2079.7058226;15;1;8;1;2;;2;2;2;;2;1;1;1;6;;4;6;2;4;4;;;;20000;;;;;;;;;;1;;;4
20230313;03;2023;7391879;1;1;01;;2;1234.5981743;15;1;1;4;1;1;2;2;2;;2;1;3;1;2;1;4;4;1;5;1;;;30000000;400000;;1;;;;;;;;;;;1
20230313;03;2023;7391880;1;1;01;;2;2093.9391314;15;1;1;4;1;1;2;2;2;;2;1;3;1;2;1;4;6;1;4;4;;;;100000;;;;;;;;;;1;;;1
20230313;03;2023;7391881;1;1;01;;2;1815.4779119;15;1;1;1;1;1;2;2;2;;2;1;4;2;2;1;4;6;5;5;4;;;;100000;;;;;;;;;;1;;;3
20230313;03;2023;7391882;1;1;01;;2;885.34506404;15;1;1;3;2;;2;2;2;;2;1;2;1;2;1;4;4;1;5;2;;400000;30000000;400000;;1;;;1;;;;;;;;2
20230313;03;2023;7391883;1;1;01;;2;885.34506404;15;1;1;4;1;1;2;2;2;;2;1;3;1;3;1;4;6;1;4;4;;;;100000;;;1;;;;;;;;;;1
20230313;03;2023;7391884;1;1;01;;2;1537.249253;15;1;5;1;1;1;2;2;2;;2;1;5;1;2;1;4;6;5;5;1;;;20000000;150000;;;;;;;;;;1;;;1
20230313;03;2023;7391885;1;1;01;;2;2093.9391314;15;1;5;1;1;1;2;2;2;;2;1;2;1;3;1;4;4;1;5;1;;;20000000;300000;;1;;;;;;;;;;;1
20230313;03;2023;7391886;1;1;01;;2;2581.4091367;15;1;1;4;1;1;2;2;2;;2;1;4;3;2;1;4;4;1;5;4;;;;400000;;;1;;;;;;;;;;5
20230313;03;2023;7391887;1;1;01;;2;1537.249253;15;1;5;2;1;1;2;2;2;;2;1;3;1;2;1;4;6;1;5;1;;;30000000;50000;;;;;;;;;;1;;;1
20230313;03;2023;7391888;1;1;01;;2;2139.8795604;15;1;1;1;1;1;2;2;2;;2;1;3;2;2;1;4;4;1;5;4;;;;100000;;;;;;;;;;1;;;2
20230313;03;2023;7391889;1;1;01;;2;1817.2815339;15;1;5;2;1;1;2;2;2;;2;1;3;2;3;1;4;6;1;5;3;;;;;300000;;;;;;;;;1;;;4
20230313;03;2023;7391890;1;1;01;;2;1701.9109463;15;1;1;2;1;1;2;2;2;;2;1;3;2;2;1;4;4;1;4;3;;;;;100000;;;;;;;;;1;;;4
20230313;03;2023;7391891;1;1;01;;2;2046.4698282;15;1;1;2;1;1;2;2;2;;2;1;3;2;2;1;4;4;1;5;3;;;;;100000;;;;;;;;;1;;;4
20230313;03;2023;7391892;1;1;01;;2;885.34506404;15;1;5;2;1;1;2;2;2;;2;1;4;2;2;1;5;4;1;5;1;;;20000000;150000;;;;;;;;;;1;;;4
20230313;03;2023;7391893;1;1;01;;2;1282.3422253;15;1;5;2;1;1;2;2;2;;2;1;3;2;2;1;4;6;1;5;5;;;;100000;;;;;;;;;;1;;;3
20230313;03;2023;7391894;1;1;01;;2;1593.6651129;15;1;1;1;1;1;2;2;2;;2;1;3;2;2;1;4;4;1;5;4;;;;100000;;;;;;;;;;1;;;3
20230313;03;2023;7391895;1;1;01;;2;1282.3422253;15;1;3;1;1;1;2;2;2;;2;1;3;2;2;1;4;4;1;5;1;;;10000000;80000;;;;;;;;;;1;;;3
20230313;03;2023;7391896;1;1;01;;2;1537.249253;15;1;5;2;1;1;2;2;2;;2;1;2;1;2;1;4;6;1;5;1;;;10000000;100000;;;;;;;;;;1;;;1
20230313;03;2023;7391897;1;1;01;;1;450.02715584;50;1;1;4;1;2;1;1;1;2;1;1;3;2;1;1;1;1;1;3;1;;;100000000;500000;;;1;;;;;;;;;;2
20230313;03;2023;7391898;1;1;01;;1;496.84889653;50;2;1;4;1;2;1;1;1;2;1;1;2;1;1;1;1;1;1;3;3;;;;;350000;;1;;;;;;;;;;1
20230313;03;2023;7391900;1;1;01;;1;437.57669116;50;2;1;4;1;2;1;1;1;2;1;1;2;1;1;1;1;1;1;3;3;;;;;300000;;1;;;;;;;;;;2
20230313;03;2023;7391902;1;1;01;;1;446.90766626;50;1;1;4;1;2;1;1;1;2;1;1;4;2;1;1;1;1;1;3;3;;;;;250000;;;;;;;;;1;;;3
20230313;03;2023;7391903;1;1;01;;1;1295.1031442;50;1;5;2;1;3;2;1;1;2;1;1;3;2;1;1;1;1;1;4;1;;;25000000;300000;;;1;;;;;;;;;;3
20230313;03;2023;7391904;1;1;01;;1;777.30306953;50;1;1;4;1;2;1;1;1;2;1;1;4;3;1;1;1;1;1;3;2;;1600000;95000000;500000;;;1;;;;;;;;;;5
20230313;03;2023;7391905;1;1;01;;1;661.01462409;50;2;1;2;1;2;1;1;1;2;1;1;3;1;1;1;1;1;1;3;3;;;;;250000;;1;;;;;;;;;;2
20230313;03;2023;7391906;1;1;01;;1;797.79288985;50;1;1;4;1;3;1;1;1;2;1;1;4;1;2;1;1;1;1;3;1;;;90000000;500000;;;1;;;;;;;;;;1
20230313;03;2023;7391907;1;1;01;;1;1587.4724358;50;1;1;4;1;2;1;1;1;2;1;1;3;2;1;1;1;10;1;3;3;;;;;650000;;1;;;;;;;;;;3
20230313;03;2023;7391908;1;1;01;;1;1063.2702823;50;1;1;4;1;2;1;1;1;2;1;1;3;2;1;1;1;1;1;3;1;;;60000000;350000;;;1;;;;;;;;;;6
20230313;03;2023;7391909;1;1;01;;1;437.57669116;50;1;1;4;1;2;1;1;1;2;1;1;3;1;1;1;1;1;1;3;4;;;;650000;;;;;;;;;;1;;;2
20230313;03;2023;7391910;1;1;01;;1;955.36574635;50;1;1;4;1;2;1;1;1;2;1;1;4;3;1;1;1;1;1;3;3;;;;;500000;;1;;;;;;;;;;5
20230313;03;2023;7391911;1;1;01;;1;544.42733902;50;2;1;4;1;2;1;1;1;2;1;1;3;1;1;1;1;1;1;3;4;;;;500000;;;;;;;;;;1;;;1
20230313;03;2023;7391912;1;1;01;;1;940.72309718;50;1;1;4;1;2;1;1;1;2;1;1;4;3;1;1;1;1;1;3;1;;;80000000;550000;;;1;;;;;;;;;;4
20230313;03;2023;7391913;1;1;01;;1;548.75088678;50;2;1;2;1;2;1;1;1;2;1;1;3;2;1;1;1;1;1;3;3;;;;;450000;;1;;;;;;;;;;4
20230313;03;2023;7391914;1;1;01;;1;665.44403205;50;1;1;4;1;2;1;1;1;2;1;1;4;3;1;1;1;1;1;3;3;;;;;450000;;1;;;;;;;;;;4
20230313;03;2023;7391915;1;1;01;;1;909.98642082;50;1;1;4;1;2;1;1;1;2;1;1;3;2;1;1;1;1;1;3;3;;;;;550000;;1;;;;;;;;;;3
20230313;03;2023;7391916;1;1;01;;1;661.01462409;50;2;1;2;1;2;1;1;1;2;1;1;2;1;1;1;1;1;1;3;3;;;;;450000;;1;;;;;;;;;;2
20230313;03;2023;7391917;1;1;01;;1;918.72113459;50;1;1;4;1;2;1;1;1;2;1;1;4;1;1;1;1;1;1;3;1;;;120000000;800000;;;1;;;;;;;;;;1
20230313;03;2023;7391919;1;1;01;;1;805.52996516;50;2;1;4;1;2;1;1;1;2;1;1;3;2;1;1;1;1;3;3;3;;;;;300000;;1;;;;;;;;;;4
20230313;03;2023;7391920;1;1;01;;1;816.64100853;50;1;1;4;1;3;1;1;1;2;1;1;4;1;1;1;1;1;1;3;1;;;85000000;1000000;;;1;;;;;;;;;;1
20230313;03;2023;7391921;1;1;01;;1;1114.3982216;50;1;1;4;1;3;1;1;1;2;1;1;5;2;1;1;1;1;1;3;1;;;150000000;1000000;;;1;;;;;;;;;;2
20230313;03;2023;7391922;1;1;01;;1;1320.9189324;50;1;1;4;1;3;1;1;1;2;1;1;4;2;1;1;1;1;1;3;1;;;220000000;700000;;;1;;;;;;;;;;3
20230313;03;2023;7391923;1;1;01;;1;1274.8139179;50;2;1;4;1;3;1;1;1;2;1;1;5;2;1;1;1;1;1;3;3;;;;;1000000;;1;;;;;;;;;;2
20230313;03;2023;7391924;1;1;01;;1;1064.6830544;50;2;1;4;1;3;1;1;1;3;1;1;3;2;1;1;1;1;1;3;3;;;;;400000;;1;;;;;;;;;;3
20230313;03;2023;7391926;1;1;01;;1;673.27691663;50;1;1;4;1;2;1;1;1;2;1;1;4;3;1;1;1;1;1;3;1;;;150000000;600000;;;1;;;;;;;;;;4
20230313;03;2023;7391928;1;1;01;;1;634.36282385;50;2;1;4;1;2;1;1;1;2;1;1;3;2;1;1;1;1;1;3;3;;;;;400000;;1;;;;;;;;;;2
20230313;03;2023;7391930;1;1;01;;1;633.92178175;50;2;1;2;1;2;1;1;1;2;1;1;3;2;1;1;1;1;1;3;3;;;;;400000;;1;;;;;;1;;;NEQUI;3
20230313;03;2023;7391931;1;1;01;;1;695.35304612;50;2;1;4;1;2;1;1;1;2;1;1;3;1;1;1;1;1;1;3;3;;;;;500000;;1;;;;;;;;;;2
20230313;03;2023;7391932;1;1;01;;1;592.98617766;50;2;1;4;1;2;1;1;1;2;1;1;2;1;1;1;1;1;1;3;3;;;;;380000;;;;;;;;;1;;;1
20230313;03;2023;7391933;1;1;01;;1;961.32247742;50;2;1;4;1;3;1;1;1;2;1;1;4;3;1;1;1;1;1;3;3;;;;;700000;;1;;;;;;;;;;3
20230313;03;2023;7391934;1;1;01;;1;1501.2523229;50;2;1;4;1;3;1;1;1;2;1;1;3;2;1;1;1;1;3;3;3;;;;;600000;;1;;;;;;;;;;4
20230313;03;2023;7391935;1;1;01;;1;772.3010368;50;1;1;4;1;2;1;1;1;2;1;1;4;3;1;1;1;1;1;3;3;;;;;650000;;;;;;;;;1;;;6
20230313;03;2023;7391936;1;1;01;;1;1153.5355666;50;1;1;4;1;3;1;1;1;2;1;1;3;2;1;1;1;1;1;3;1;;;75000000;500000;;;1;;;;;;;;;;3
20230313;03;2023;7391937;1;1;01;;1;633.92178175;50;1;1;4;1;2;1;1;1;2;1;1;5;3;1;1;1;1;1;3;1;;;140000000;500000;;;1;;;;;;;;;;3
20230313;03;2023;7391938;1;1;01;;1;741.64729589;50;1;1;4;1;2;1;1;1;2;1;1;3;2;1;1;1;1;1;3;3;;;;;600000;;1;;;;;;;;;;3
20230313;03;2023;7391939;1;1;01;;1;831.76419818;50;1;1;4;1;2;1;1;1;2;1;1;5;4;1;1;1;1;1;3;3;;;;;700000;;1;;;;;;;;;;6
20230313;03;2023;7391940;1;1;01;;1;1107.4293387;50;2;1;4;1;3;1;1;1;2;1;1;3;2;1;1;1;1;1;3;3;;;;;550000;;1;;;;;;;;;;4
20230313;03;2023;7391942;1;1;01;;1;1131.0792591;50;2;1;4;1;3;1;1;1;2;1;1;3;2;1;1;1;1;1;3;3;;;;;200000;;1;;;;;;;;;;4
20230313;03;2023;7391943;1;1;01;;1;1049.5659485;50;2;1;4;1;3;1;1;1;2;1;1;4;3;1;1;1;1;1;3;3;;;;;600000;;1;;;;;;;;;;4
20230313;03;2023;7391944;1;1;01;;1;769.68360523;50;2;1;4;1;2;1;1;1;2;1;1;4;2;1;1;1;1;1;3;1;;;200000000;800000;;;1;;;;;1;;;;;3
20230313;03;2023;7391945;1;1;01;;1;480.54050927;50;2;1;4;1;2;1;1;1;2;1;1;3;1;1;1;1;1;1;3;3;;;;;500000;;;;;;;;;1;;;2
20230313;03;2023;7391947;1;1;01;;1;850.75554995;50;2;1;4;1;2;1;1;1;2;1;1;3;2;1;1;1;1;1;3;3;;;;;550000;;1;;;;;;;;;;2
20230313;03;2023;7391948;1;1;01;;1;1535.6020851;50;2;1;4;1;2;1;1;1;2;1;1;4;3;1;1;1;1;1;3;1;;;150000000;1000000;;;1;1;;;;1;;;;;3
20230313;03;2023;7391949;1;1;01;;1;1087.1413257;50;2;1;4;1;3;1;1;1;2;1;1;3;1;1;1;1;1;1;3;3;;;;;450000;;1;;;;;;;;;;1
20230313;03;2023;7391950;1;1;01;;1;1552.4729274;50;1;1;4;1;2;1;1;1;2;1;1;4;3;1;1;1;1;1;3;3;;;;;450000;;1;;;;;;;;;;4
20230313;03;2023;7391952;1;1;01;;1;864.1871307;50;2;1;4;1;3;1;1;1;2;1;1;3;2;1;1;1;1;3;3;3;;;;;450000;;1;;;;;;;;;;3
20230313;03;2023;7391953;1;1;01;;1;483.51084233;50;2;1;4;1;2;1;1;1;2;1;1;2;1;1;1;1;1;1;3;4;;;;300000;;;1;;;;;;;;;;1
20230313;03;2023;7391954;1;1;01;;1;567.84361446;50;2;1;4;1;2;1;1;1;2;1;1;3;2;1;1;1;1;1;3;3;;;;;450000;;1;;;;;;;;;;5
20230313;03;2023;7391955;1;1;01;;1;949.38514243;50;1;1;4;1;2;1;1;1;2;1;1;5;1;1;1;1;1;1;3;1;;;150000000;750000;;;1;;;;;;;;;;2
20230313;03;2023;7391956;1;1;01;;1;636.10057487;50;1;1;4;1;2;1;1;1;2;1;1;3;2;1;1;1;1;1;3;3;;;;;450000;;1;;;;;;;;;;4
20230313;03;2023;7391957;1;1;01;;1;741.46185067;50;1;1;4;1;2;1;1;1;2;1;1;4;2;1;1;1;1;1;3;3;;;;;600000;;1;;;;;;;;;;3
20230313;03;2023;7391958;1;1;01;;1;1274.9021328;50;2;1;4;1;2;1;1;1;2;1;1;2;1;1;1;1;1;1;3;3;;;;;650000;;;;;;;;;1;;;2
20230313;03;2023;7391959;1;1;01;;1;1100.810039;50;1;1;4;1;2;1;1;1;2;1;1;4;2;1;1;1;1;1;3;3;;;;;600000;;1;;;;;;;;;;2
20230313;03;2023;7391960;1;1;01;;1;604.22690852;50;2;1;4;1;2;1;1;1;2;1;1;2;1;1;1;1;1;1;3;3;;;;;300000;;1;;;;;;;;;;2
20230313;03;2023;7391961;1;1;01;;1;683.10307994;50;1;1;4;1;2;1;1;1;2;1;1;4;3;1;1;1;1;1;3;4;;;;700000;;;1;;;;;;;;;;4
20230313;03;2023;7391962;1;1;01;;2;437.07548963;50;1;1;2;1;1;2;2;2;;1;1;4;2;2;1;5;10;2;4;1;;;50000000;300000;;;1;;;;;;;;;;3
20230313;03;2023;7391963;1;1;01;;2;553.03991622;50;1;1;2;1;1;2;2;1;1;1;1;4;3;2;1;1;1;1;4;1;;;35000000;350000;;;1;;;;;;;;;;3
20230313;03;2023;7391964;1;1;01;;2;448.0740094;50;1;5;2;1;1;1;2;1;1;1;1;2;1;2;1;3;1;1;2;3;;;;;200000;;;;;;;;;1;;;2
20230313;03;2023;7391965;1;1;01;;2;448.0740094;50;1;1;4;1;1;1;2;1;1;1;1;5;1;2;1;1;1;1;3;1;;;250000000;300000;;;1;;;;;;;;;;2
20230313;03;2023;7391966;1;1;01;;2;448.0740094;50;1;1;4;1;1;1;2;1;1;1;1;3;1;2;1;1;1;1;3;1;;;150000000;1500000;;;1;;;;;;;;;;2
20230313;03;2023;7391967;1;1;01;;2;309.79160761;50;1;1;4;1;1;1;2;1;1;1;1;5;1;2;1;1;1;1;3;4;;;;500000;;;1;;;;;1;;;;;2
20230313;03;2023;7391968;1;1;01;;2;448.0740094;50;1;1;4;1;1;1;2;1;1;1;1;3;1;2;1;1;1;1;3;1;;;25000000;300000;;;1;;;;;;;;;;2
20230313;03;2023;7391969;1;1;01;;2;595.51665162;50;1;5;1;1;1;2;2;1;1;1;1;1;1;2;1;1;1;5;4;3;;;;;300000;;1;;;;;;;;;;4
20230313;03;2023;7391970;1;1;01;;2;431.99896709;50;1;8;2;1;1;2;2;2;;2;1;3;1;2;1;4;3;1;4;1;;;85000000;250000;;;;;;;;;;1;;;1
20230313;03;2023;7391971;1;1;01;;2;744.8212143;50;1;1;4;1;1;1;2;1;1;1;1;4;2;2;1;1;1;1;3;1;;;22000000;300000;;;1;;;;;;;;;;4
20230313;03;2023;7391972;1;1;01;;2;801.30685132;50;1;1;2;1;1;2;2;2;;1;1;4;2;2;1;5;1;1;4;3;;;;;400000;;1;;;;;;;;;;3
20230313;03;2023;7391973;1;1;01;;2;448.0740094;50;1;1;4;1;1;1;2;1;1;1;1;4;1;2;1;1;1;1;3;4;;;;400000;;;1;;;;;;;;;;2
20230313;03;2023;7391974;1;1;01;;2;716.08145092;50;1;1;2;1;1;1;2;2;;1;1;5;3;2;1;5;1;1;3;3;;;;;350000;;1;;;;;;1;;;DAVIPLATA;4
20230313;03;2023;7391975;1;1;01;;2;896.18659095;50;1;1;2;1;1;1;2;1;1;1;1;3;2;2;1;1;1;1;3;4;;;;400000;;;;;;;;;;1;;;2
20230313;03;2023;7391976;1;1;01;;2;675.01577396;50;1;1;2;1;1;1;2;1;1;1;1;3;2;2;1;1;1;1;3;4;;;;400000;;;1;;;;;;;;;;4
20230313;03;2023;7391977;1;1;01;;2;727.7110771;50;1;1;4;1;1;2;2;2;;2;1;3;2;2;1;5;3;1;4;1;;;130000000;450000;;;1;;;;;;;;;;4
20230313;03;2023;7391978;1;1;01;;2;557.64028893;50;1;1;4;1;1;1;2;2;;1;1;2;1;2;1;5;1;1;3;3;;;;;400000;;1;;;;;;;;;;3
20230313;03;2023;7391979;1;1;01;;2;309.79160761;50;1;1;2;1;1;1;2;2;;1;1;4;2;2;1;5;1;1;3;3;;;;;350000;;1;;;;;;;;;;2
20230313;03;2023;7391980;1;1;01;;1;713.76924773;50;1;1;2;1;2;1;1;1;2;1;2;1;1;1;1;1;1;1;3;1;;;80000000;300000;;;;;;;;;;1;;;1
20230313;03;2023;7391980;2;2;01;;1;713.76924773;50;1;1;2;1;2;1;1;1;2;1;2;3;3;1;1;1;1;1;3;4;;;;400000;;;;;;;;;;1;;;7
20230313;03;2023;7391981;1;1;01;;2;335.19354582;50;1;1;2;1;1;1;2;1;1;1;1;4;3;2;1;1;1;1;3;4;;;;300000;;;1;;;;;;;;;;4
20230313;03;2023;7391982;1;1;01;;1;622.0185906;50;1;1;4;1;2;1;1;1;2;1;2;2;1;1;1;1;1;1;3;1;;;40000000;400000;;;1;;;;;;;;;;2
20230313;03;2023;7391982;2;2;01;;1;622.0185906;50;1;1;4;1;2;1;1;1;2;1;2;2;2;1;2;1;1;1;3;4;;;;250000;;;1;;;;;;;;;;4
20230313;03;2023;7391983;1;1;01;;2;309.79160761;50;1;1;2;1;1;1;2;2;;1;1;4;1;2;1;5;1;1;3;5;;;;450000;;;1;;;;;;;;;;2
20230313;03;2023;7391984;1;1;01;;2;557.64028893;50;1;1;4;1;1;2;2;2;;2;1;3;2;2;1;5;3;1;4;1;;;110000000;400000;;;;;;;;;;1;;;3
20230313;03;2023;7391985;1;1;01;;2;557.64028893;50;1;1;4;1;1;1;2;2;;1;1;3;2;2;1;5;1;1;3;3;;;;;450000;;1;;;;;;;;;;3
20230313;03;2023;7391986;1;1;01;;2;652.9961784;50;1;1;4;1;1;2;2;2;;2;1;4;3;2;1;5;3;1;4;3;;;;;400000;;;;;;;;;1;;;4
20230313;03;2023;7391987;1;1;01;;1;1020.3830261;50;1;1;2;1;2;1;1;1;2;1;1;3;2;1;1;1;1;1;3;3;;;;;600000;;1;;;;;;;;;;5
20230313;03;2023;7391988;1;1;01;;2;309.79160761;50;1;1;4;1;1;1;2;2;;1;1;5;4;2;1;5;10;1;3;1;;;85000000;500000;;;1;;;;;;1;;;AHORRO A LA MANO;5
20230313;03;2023;7391989;1;1;01;;1;465.67693878;50;2;1;4;1;2;1;1;1;2;1;1;3;2;1;1;1;1;3;3;3;;;;;450000;;1;;;;;;;;;;3
20230313;03;2023;7391990;1;1;01;;1;683.46653233;50;2;1;4;1;2;1;1;1;2;1;1;3;2;1;1;1;1;1;3;3;;;;;400000;;1;;;;;;;;;;3
20230313;03;2023;7391991;1;1;01;;1;949.38514243;50;1;1;4;1;2;1;1;1;2;1;1;4;1;1;1;1;1;1;3;1;;;90000000;800000;;;1;;;;;;;;;;2
20230313;03;2023;7391992;1;1;01;;2;538.44613898;50;1;1;4;1;3;2;2;1;2;2;1;4;2;2;1;1;3;1;4;1;;;220000000;1200000;;;1;;;;;;;;;;3
20230313;03;2023;7391993;1;1;01;;2;762.30592173;50;1;1;4;1;3;2;2;1;2;2;1;3;2;2;1;1;3;1;4;4;;;;800000;;;1;;;;;;;;;;3
20230313;03;2023;7391994;1;1;01;;2;537.68881128;50;1;1;4;1;3;2;2;1;2;2;1;4;1;2;1;1;3;1;4;4;;;;1000000;;;1;;;;;;;;;;2
20230313;03;2023;7391995;1;1;01;;2;537.68881128;50;1;1;4;1;3;2;2;1;2;2;1;3;1;2;1;1;10;1;4;1;;;180000000;1200000;;;1;;;;;1;;;;;2
20230313;03;2023;7391996;1;1;01;;1;638.80572411;50;2;1;4;1;2;1;1;1;2;1;1;3;1;1;1;1;1;1;3;3;;;;;500000;;1;;;;;1;;;;;1
20230313;03;2023;7391997;1;1;01;;2;537.68881128;50;1;1;4;1;3;2;2;1;2;2;1;4;1;2;1;1;3;1;4;4;;;;1300000;;;1;;;;;;;;;;2
20230313;03;2023;7391998;1;1;01;;2;518.3987605;50;1;1;4;1;3;2;2;1;2;2;1;4;1;2;1;1;3;1;4;3;;;;;1000000;;1;;;;;;;;;;1
20230313;03;2023;7391999;1;1;01;;2;763.06324943;50;1;1;4;1;3;2;2;1;2;2;1;3;2;2;1;1;3;1;4;4;;;;600000;;;1;;;;;;;;;;4
20230313;03;2023;7392000;1;1;01;;2;893.78545716;50;1;1;4;1;3;2;2;1;2;2;1;4;3;2;1;1;3;1;4;1;;;350000000;1300000;;;1;;;;;;;;;;4
20230313;03;2023;7392001;1;1;01;;2;537.68881128;50;1;1;4;1;3;2;2;1;2;2;1;5;1;2;1;1;3;1;4;1;;;250000000;1000000;;;1;;;;;;;;;;2
20230313;03;2023;7392002;1;1;01;;2;645.47973902;50;1;1;4;1;3;2;2;1;2;2;1;4;1;2;1;1;3;1;4;4;;;;450000;;;1;;;;;;;;;;1
20230313;03;2023;7392003;1;1;01;;1;818.08211616;50;2;1;4;1;3;1;1;1;2;1;1;3;2;1;1;1;1;1;3;3;;;;;500000;;1;;;;;;;;;;2
20230313;03;2023;7392007;1;1;01;;2;1426.1839357;50;1;5;1;1;1;2;2;2;;1;1;3;1;2;1;4;1;1;4;4;;;;100000;;;;;;;;;;1;;;2
20230313;03;2023;7392008;1;1;01;;2;1188.693872;50;1;5;1;1;1;2;2;2;;1;1;3;1;2;1;4;1;1;5;5;;;;120000;;;;;;;;;;1;;;1
20230313;03;2023;7392009;1;1;01;;2;502.59543673;50;1;5;1;1;1;2;1;2;;1;1;2;1;2;1;3;4;1;4;1;;;35000000;200000;;;1;;;;;;;;;;2
20230313;03;2023;7392010;1;1;01;;2;2010.3817469;50;1;1;2;1;1;2;1;2;;1;1;4;3;1;1;4;1;1;4;1;;;35000000;200000;;;1;;;;;;1;;;NEQUI;9
20230313;03;2023;7392011;1;1;01;;2;700.86052751;50;1;1;2;1;1;2;1;2;;1;1;3;1;1;1;5;1;1;4;5;;;;450000;;;;;;;;;;1;;;1
20230313;03;2023;7392012;1;1;01;;2;1575.1577713;50;1;1;2;1;1;2;1;2;;1;1;2;1;1;1;3;1;1;4;3;;;;;100000;;;;;;;;1;;;NEQUI DAVIPLATA;2
20230313;03;2023;7392013;1;1;01;;2;1012.7725149;50;1;1;2;1;1;2;1;2;;1;1;3;2;1;1;5;1;1;4;5;;;;250000;;;;;;;;;;1;;;4
20230313;03;2023;7392014;1;1;01;;2;1426.1839357;50;1;1;2;1;1;2;1;2;;1;1;2;1;1;1;3;1;2;4;3;;;;;120000;;;;;;;;;1;;;2
20230313;03;2023;7392015;1;1;01;;2;700.86052751;50;1;5;1;1;1;2;1;2;;1;1;2;1;1;1;5;1;1;5;5;;;;150000;;;;;;;;;;1;;;1
20230313;03;2023;7392016;1;1;01;;1;395.03620277;50;1;1;4;1;2;1;1;1;2;1;1;5;2;1;1;1;1;1;3;4;;;;400000;;;1;;;;;;;;;;2
20230313;03;2023;7392017;1;1;01;;1;421.66898616;50;2;1;2;1;2;1;1;1;2;1;1;3;2;1;1;1;1;1;3;3;;;;;150000;;1;;;;;;;;;;4
20230313;03;2023;7392018;1;1;01;;1;421.66898616;50;1;1;2;1;2;1;1;1;2;1;1;3;2;1;1;1;1;1;3;3;;;;;160000;;1;;;;;;;;;;4
20230313;03;2023;7392019;1;1;01;;1;368.06755466;50;2;1;2;1;2;1;1;1;2;1;1;2;1;1;1;1;1;4;3;3;;;;;400000;;1;;;;;;;;;;3
20230313;03;2023;7392020;1;1;01;;1;313.80345102;50;1;1;4;1;2;1;1;1;2;1;1;4;1;1;1;1;1;1;3;5;;;;300000;;;1;;;;;;;;;;1
20230313;03;2023;7392021;1;1;01;;2;749.7526805;50;1;1;3;1;1;2;2;2;;1;1;3;2;2;1;3;4;1;5;1;;;60000000;300000;;;1;;;;;;;;;;4
20230313;03;2023;7392022;1;1;01;;2;423.84479258;50;1;5;1;1;1;2;2;2;;1;1;3;1;2;1;4;1;1;5;5;;;;150000;;;;;;;;;;1;;;3
20230313;03;2023;7392023;1;1;01;;2;628.32271119;50;1;5;2;1;1;2;2;2;;1;1;3;1;2;1;4;3;1;5;1;;;20000000;100000;;;;;;;;;;1;;;1
20230313;03;2023;7392024;1;1;01;;1;470.70517652;50;1;1;4;1;2;1;1;1;2;1;1;4;1;1;1;1;1;1;3;4;;;;350000;;;;;;;;;;1;;;1
20230313;03;2023;7392025;1;1;01;;2;1380.4277879;50;1;5;2;1;1;2;2;2;;1;1;3;2;2;1;3;4;1;5;4;;;;300000;;;;;;;;;;1;;;3
20230313;03;2023;7392026;1;1;01;;1;501.43466045;50;1;1;4;1;2;2;1;1;2;1;1;3;1;1;1;1;1;1;4;1;;;40000000;300000;;;1;;;;;1;;;;;2
20230313;03;2023;7392027;1;1;01;;2;793.99619885;50;1;5;2;1;1;2;2;2;;1;1;3;2;2;1;4;1;1;5;4;;;;150000;;;;;;;;;1;;;NEQUI;5
20230313;03;2023;7392028;1;1;01;;1;507.3325267;50;1;1;4;1;2;1;1;1;2;1;1;3;2;1;1;1;1;1;3;3;;;;;400000;;1;;;;;;;;;;4
20230313;03;2023;7392029;1;1;01;;1;435.59617215;50;1;1;2;1;2;1;1;1;2;1;1;4;2;2;1;1;1;1;3;4;;;;450000;;;1;;;;;;;;;;2
20230313;03;2023;7392030;1;1;01;;1;619.2536075;50;1;1;4;1;2;1;1;1;2;1;1;2;2;1;1;1;1;1;3;3;;;;;220000;;1;;;;;;;;;;4
20230313;03;2023;7392031;1;1;01;;2;504.61957981;50;1;5;1;1;1;2;2;2;;1;1;3;1;2;1;4;1;1;5;4;;;;70000;;;;;;;;;;1;;;1
20230313;03;2023;7392032;1;1;01;;1;699.65575476;50;2;1;4;1;2;1;1;1;2;1;1;3;2;1;1;1;1;3;3;3;;;;;450000;;1;;;;;;;;;;5
20230313;03;2023;7392033;1;1;01;;2;888.35559512;50;1;1;2;1;1;2;2;2;;1;1;3;2;2;1;3;1;1;5;1;;;60000000;300000;;;1;;;;;;;;;;3
20230313;03;2023;7392034;1;1;01;;2;855.85958783;50;1;1;2;1;1;2;2;2;;2;1;3;1;2;1;4;3;1;5;4;;;;100000;;;;;;;;;;1;;;1
20230313;03;2023;7392035;1;1;01;;1;641.42271137;50;1;1;2;1;2;1;1;1;2;1;1;2;2;1;1;1;1;1;3;4;;;;300000;;;1;;;;;;;;;;3
20230313;03;2023;7392036;1;1;01;;1;752.15199068;50;2;1;4;1;2;1;1;1;2;1;1;3;1;1;1;1;1;1;3;3;;;;;380000;;1;;;;;;;;;;2
20230313;03;2023;7392037;1;1;01;;2;504.61957981;50;1;1;2;1;1;2;2;2;;1;1;2;1;2;1;4;1;1;5;5;;;;85000;;;;;;;;;;1;;;1
20230313;03;2023;7392038;1;1;01;;2;628.32271119;50;1;5;2;1;1;2;2;2;;1;1;2;1;2;1;4;1;1;4;4;;;;85000;;;;;;;;;;1;;;1
20230313;03;2023;7392039;1;1;01;;1;645.75406683;50;1;1;2;1;2;1;1;1;2;1;1;2;1;1;1;1;1;1;3;4;;;;300000;;;1;;;;;;;;;;2
20230313;03;2023;7392040;1;1;01;;1;376.90127972;50;1;1;4;1;2;1;1;1;2;1;1;2;1;1;1;1;1;1;3;3;;;;;150000;;1;;;;;;;;;;1
20230313;03;2023;7392041;1;1;01;;1;374.70208522;50;1;1;2;1;1;1;2;1;2;1;1;3;2;2;1;1;4;1;3;1;;;55000000;400000;;;1;;;;;;;;;;4
20230313;03;2023;7392042;1;1;01;;1;301.76215824;50;1;1;2;1;1;1;2;1;2;1;1;3;1;2;1;1;1;1;3;5;;;;350000;;;;;;;;;;1;;;2
20230313;03;2023;7392043;1;1;01;;1;409.74574729;50;1;5;2;1;1;2;2;1;2;2;1;3;1;2;1;1;3;1;5;5;;;;100000;;;;;;;;;1;;;NEQUI;2
20230313;03;2023;7392044;1;1;01;;1;465.96844722;50;1;1;4;1;2;1;1;1;2;1;1;3;2;1;1;1;1;1;2;3;;;;;400000;;1;;;;;;;;;;3
20230313;03;2023;7392045;1;1;01;;1;292.01560042;50;2;1;2;1;1;2;2;1;2;1;1;3;1;2;1;1;3;1;4;1;;;45000000;500000;;;1;;;;;;;;;;1
20230313;03;2023;7392046;1;1;01;;1;504.57826542;50;1;1;2;1;1;1;2;1;2;1;1;3;2;2;1;1;1;1;3;5;;;;450000;;;;;;;;;;1;;;3
20230313;03;2023;7392047;1;1;01;;1;444.72509423;50;1;1;4;1;1;1;2;1;2;1;1;3;2;2;1;1;1;1;3;3;;;;;300000;;1;;;;;;;;;;3
20230313;03;2023;7392048;1;1;01;;1;292.01560042;50;1;5;2;1;1;2;2;1;2;1;1;4;1;2;1;1;1;1;4;1;;;30000000;150000;;;1;;;;;;;;;;1
20230313;03;2023;7392049;1;1;01;;1;565.35191957;50;2;1;4;1;2;1;1;1;2;1;1;2;1;1;1;1;1;1;3;4;;;;380000;;;1;;;;;1;;;;;1
20230313;03;2023;7392050;1;1;01;;1;565.35191957;50;2;1;4;1;2;1;1;1;2;1;1;3;1;1;1;1;1;3;3;3;;;;;350000;;1;;;;;;;;;;1
20230313;03;2023;7392051;1;1;01;;1;463.10474041;50;2;1;3;1;1;2;2;1;2;2;1;4;3;2;2;1;3;1;5;5;;;;250000;;;1;;;;;;;;;;3
20230313;03;2023;7392053;1;1;01;;1;316.22722169;50;2;1;3;1;1;2;2;1;2;1;1;2;1;2;1;1;1;1;4;3;;;;;120000;;1;;;;;;;;;;3
20230313;03;2023;7392054;1;1;01;;1;292.01560042;50;4;5;1;1;1;2;2;1;2;1;1;1;1;2;1;1;3;1;5;3;;;;;120000;;;;;;;;;1;;;1
20230313;03;2023;7392055;1;1;01;;1;309.01720733;50;1;1;2;1;1;1;2;1;2;1;1;3;2;2;1;1;1;1;3;4;;;;250000;;;;;;;;;;1;;;3
20230313;03;2023;7392056;1;1;01;;2;855.71036141;50;1;1;4;1;1;2;2;1;1;2;1;3;1;2;1;1;3;1;4;3;;;;;200000;;1;;;;;;;;;;2
20230313;03;2023;7392057;1;1;01;;2;618.36968503;50;1;1;2;1;1;2;2;1;1;2;1;3;2;2;1;1;6;1;4;1;;;30000000;300000;;;;;;;;;;1;;;3
20230313;03;2023;7392058;1;1;01;;2;436.1640798;50;1;5;2;1;1;2;2;1;1;2;1;3;2;2;1;1;2;4;4;5;;;;250000;;;1;;;;;;;;;;2
20230313;03;2023;7392059;1;1;01;;1;619.2536075;50;2;1;2;1;2;1;1;1;2;1;1;3;2;1;1;1;10;1;3;3;;;;;220000;;1;;;;;;;;;;4
20230313;03;2023;7392060;1;1;01;;1;574.97423564;50;1;1;2;1;2;1;1;1;2;1;1;3;1;1;1;1;2;1;3;3;;;;;200000;;;;;;;;;1;;;2
20230313;03;2023;7392061;1;1;01;;1;631.2244385;50;1;1;4;1;2;1;1;1;2;1;1;3;2;1;1;1;1;1;3;1;;;60000000;250000;;;1;;;;;;;;;;5
20230313;03;2023;7392062;1;1;01;;2;491.78598313;50;1;5;2;1;1;2;2;1;1;2;1;2;1;2;1;1;4;1;4;3;;;;;150000;;;;;;;;;1;;;3
20230313;03;2023;7392063;1;1;01;;1;619.2536075;50;2;1;2;1;1;1;1;1;2;1;1;2;2;1;1;1;3;1;3;1;;;45000000;300000;;;1;;;;;;;;;;4
20230313;03;2023;7392064;1;1;01;;2;625.77814366;50;1;1;4;1;1;2;2;1;1;2;1;3;1;2;1;1;6;1;4;4;;;;300000;;;1;;;;;;;;;;2
20230313;03;2023;7392065;1;1;01;;2;523.60225932;50;1;5;2;1;1;2;2;1;1;2;1;1;1;2;1;1;2;1;4;3;;;;;200000;;1;;;;;;;;;;1
20230313;03;2023;7392066;1;1;01;;2;807.9837489;50;1;1;2;1;1;2;2;1;1;2;1;5;3;2;1;1;2;1;4;5;;;;700000;;;1;;;;;;;;;;3
20230313;03;2023;7392067;1;1;01;;1;699.65575476;50;2;1;2;1;2;1;1;1;2;1;1;3;2;1;1;1;1;1;3;4;;;;350000;;;1;;;;;;;;;;5
20230313;03;2023;7392068;1;1;01;;2;301.55726204;50;1;1;2;1;1;2;2;1;1;2;1;1;1;2;1;1;2;1;4;3;;;;;400000;;1;;;;;;;;;;3
20230313;03;2023;7392069;1;1;01;;2;436.1640798;50;1;1;4;1;1;2;2;1;1;2;1;3;1;2;1;1;3;1;4;4;;;;350000;;;1;;;;;;;;;;2
20230313;03;2023;7392070;1;1;01;;1;738.90140309;50;1;1;2;1;2;1;1;1;2;1;1;3;2;1;1;1;1;1;3;3;;;;;300000;;;;;;;;;1;;;4
20230313;03;2023;7392071;1;1;01;;2;523.60225932;50;1;1;4;1;1;2;2;1;1;2;1;4;1;2;1;1;4;1;4;4;;;;300000;;;1;;;;;;;;;;1
20230313;03;2023;7392072;1;1;01;;2;436.1640798;50;1;1;4;1;9;2;2;2;;2;1;3;1;2;1;4;3;1;4;4;;;;400000;;;1;;;;;;;;;;2
20230313;03;2023;7392073;1;1;01;;1;667.34721389;50;2;1;2;1;2;1;1;1;2;1;1;3;2;1;1;1;4;1;3;3;;;;;250000;;;;;;;;;1;;;4
20230313;03;2023;7392074;1;1;01;;2;1127.300268;50;1;1;2;1;1;2;2;1;1;2;1;2;1;2;1;1;3;1;4;3;;;;;250000;;1;;;;;;;;;;3
20230313;03;2023;7392075;1;1;01;;1;497.9075611;50;1;1;2;1;2;1;1;1;2;1;1;3;1;1;1;1;1;1;3;3;;;;;300000;;1;;;;;;;;;;2
20230313;03;2023;7392076;1;1;01;;1;692.16230343;50;1;1;4;1;2;1;1;1;2;1;1;4;3;1;1;1;1;1;3;4;;;;500000;;;;;;;;;;1;;;3
20230313;03;2023;7392077;1;1;01;;1;684.70763221;50;2;1;4;1;2;1;1;1;2;1;1;3;1;1;1;1;1;1;3;1;;;100000000;400000;;;1;;;;;;;;;;3
20230313;03;2023;7392078;1;1;01;;2;510.54948444;50;1;5;2;1;1;2;2;2;;2;1;3;2;2;1;4;3;1;4;4;;;;200000;;;1;;;;;;;;;;3
20230313;03;2023;7392079;1;1;01;;2;1054.5199;50;1;1;4;1;1;2;2;2;;2;1;6;1;2;1;4;4;1;4;4;;;;300000;;;1;;;;;;;;;;2
20230313;03;2023;7392080;1;1;01;;2;855.85958783;50;1;1;3;1;1;2;2;2;;2;1;1;1;2;1;4;2;6;;4;;;;350000;;;;;;;;;;1;;;1
20230313;03;2023;7392081;1;1;01;;2;742.04362204;50;1;5;2;1;1;2;2;2;;2;1;4;3;2;1;4;3;1;4;1;;;10000000;300000;;;;;;;;;;1;;;3
20230313;03;2023;7392082;1;1;01;;2;361.86871444;50;1;1;4;1;1;2;2;2;;2;1;3;1;2;1;4;3;1;4;1;;;30000000;300000;;;1;;;;;;;;;;2
20230313;03;2023;7392083;1;1;01;;2;622.4433366;50;1;1;2;1;1;2;2;2;;2;1;2;1;2;1;4;3;1;4;4;;;;250000;;;;;;;;;;1;;;1
20230313;03;2023;7392084;1;1;01;;2;746.80176996;50;4;1;4;1;1;2;2;2;;2;1;1;1;2;1;5;4;1;4;4;;;;300000;;;1;;;;;;;;;;2
20230313;03;2023;7392085;1;1;01;;2;628.32271119;50;1;1;2;1;1;2;2;2;;2;1;1;1;2;1;2;3;1;4;4;;;;150000;;;;;;;;;;1;;;1
20230313;03;2023;7392086;1;1;01;;2;628.32271119;50;1;5;1;1;1;2;2;2;;2;1;1;1;2;1;4;6;1;5;4;;;;150000;;;;;;;;;;1;;;1
20230313;03;2023;7392088;1;1;01;;2;695.62518757;50;1;2;2;1;1;2;2;2;;2;1;4;3;2;1;3;4;1;5;4;;;;300000;;;1;;;;;;;;;;4
20230313;03;2023;7392089;1;1;01;;2;622.4433366;50;1;1;2;1;1;2;2;2;;2;1;2;1;2;1;4;3;1;4;4;;;;300000;;;;;;;;;;1;;;1
20230313;03;2023;7392090;1;1;01;;2;704.27010948;50;1;1;2;1;1;2;2;2;;2;1;3;2;2;1;5;4;1;4;1;;;70000000;350000;;;;;;;;;;1;;;4
20230313;03;2023;7392091;1;1;01;;2;628.32271119;50;1;1;4;1;1;2;2;2;;2;1;2;1;2;1;4;3;6;;4;;;;200000;;;1;;;;;;;;;;1
20230313;03;2023;7392092;1;1;01;;2;583.42334228;50;1;1;2;1;1;2;2;2;;2;1;3;2;6;;5;4;1;5;1;;;40000000;200000;;;1;;;;;;;;;;5
20230313;03;2023;7392093;1;1;01;;2;263.17724687;50;1;1;2;1;1;2;2;2;;2;1;3;1;2;1;4;3;1;4;1;;;150000000;600000;;;;;;;;;;1;;;2
20230313;03;2023;7392094;1;1;01;;2;524.13409349;50;1;1;2;1;1;2;2;2;;2;1;3;2;2;1;4;4;1;5;1;;;90000000;500000;;;1;;;;;;;;;;3
20230313;03;2023;7392095;1;1;01;;2;473.73212307;50;1;1;2;1;1;2;2;2;;2;1;3;2;2;1;5;4;1;4;1;;;60000000;250000;;;1;;;;;;;;;;3
20230313;03;2023;7392096;1;1;01;;2;456.96197177;50;1;1;2;1;1;2;2;2;;2;1;2;1;2;1;4;3;1;4;4;;;;150000;;;;;;;;;;1;;;1
20230313;03;2023;7392097;1;1;01;;1;581.43373998;50;1;1;2;1;2;1;1;1;2;1;1;3;1;1;1;1;1;1;3;5;;;;450000;;;;;;;;;;1;;;2
20230313;03;2023;7392098;1;1;01;;2;1093.5272674;50;1;1;4;1;1;2;2;1;3;1;1;3;2;2;1;1;1;1;4;4;;;;400000;;;1;;;;;;;;;;4
20230313;03;2023;7392099;1;1;01;;2;610.69572383;50;2;1;4;1;1;2;2;1;3;1;1;2;1;2;1;1;1;1;4;4;;;;200000;;;1;;;;;;;;;;2
20230313;03;2023;7392100;1;1;01;;2;2129.6329495;50;2;1;2;1;1;2;2;1;3;1;1;3;2;2;1;1;1;1;4;3;;;;;120000;;;;;;;;;1;;;4
20230313;03;2023;7392101;1;1;01;;2;380.65228782;50;1;1;2;1;1;2;2;2;;1;1;3;1;2;1;4;2;1;4;1;;;65000000;350000;;;1;;;;;;;;;;2
20230313;03;2023;7392102;1;1;01;;2;1732.9334237;50;1;1;4;1;1;2;2;1;3;1;1;3;1;2;1;1;1;1;4;1;;;80000000;300000;;;1;;;;;;;;;;2
20230313;03;2023;7392103;1;1;01;;2;610.69572383;50;1;1;4;1;1;2;2;1;3;1;1;4;4;2;1;1;1;3;4;5;;;;500000;;;1;;;;;;;;;;5
20230313;03;2023;7392104;1;1;01;;2;380.65228782;50;1;5;2;1;1;2;2;2;;2;1;3;2;2;1;4;3;1;5;1;;;25000000;150000;;;;;;;;;;1;;;2
20230313;03;2023;7392108;1;1;01;;2;622.4433366;50;1;1;2;1;1;2;2;2;;1;1;3;1;2;1;4;3;1;4;4;;;;150000;;;1;;;;;;;;;;1
20230313;03;2023;7392109;1;1;01;;2;1287.2588025;50;1;1;4;1;1;2;2;1;3;1;1;4;3;2;1;1;1;1;4;4;;;;500000;;;1;;;;;;;;;;4
20230313;03;2023;7392110;1;1;01;;2;1060.3679666;50;2;1;4;1;1;2;2;1;3;1;1;3;1;2;1;1;1;6;;3;;;;;300000;;1;;;;;;;;;;1
20230313;03;2023;7392111;1;1;01;;2;1444.3630234;50;1;1;4;1;1;2;2;1;3;1;1;4;1;2;1;1;1;3;4;4;;;;250000;;;1;;;;;;;;;;1
20230313;03;2023;7392112;1;1;01;;2;362.18658169;50;1;1;2;1;1;2;2;1;3;1;1;3;2;2;1;1;1;1;4;3;;;;;400000;;;;;;;;;1;;;3
20230313;03;2023;7392113;1;1;01;;2;471.27465182;50;1;1;2;1;1;2;2;1;3;1;1;3;1;2;1;1;1;1;4;4;;;;450000;;;;;;;;;;1;;;1
20230313;03;2023;7392114;1;1;01;;2;378.49088142;50;1;1;2;1;1;2;2;1;3;1;1;3;1;2;1;1;1;1;4;3;;;;;150000;;1;;;;;;;;;;1
20230313;03;2023;7392115;1;1;01;;2;392.57484318;50;1;1;2;1;1;2;2;1;3;1;1;3;1;2;1;1;1;1;4;1;;;85000000;700000;;;1;;;;;;;;;;2
20230313;03;2023;7392116;1;1;01;;2;271.4203217;50;1;1;3;1;1;2;2;1;3;1;1;3;2;2;1;1;1;1;4;1;;;65000000;400000;;;;;;;;;;1;;;2
20230313;03;2023;7392117;1;1;01;;2;563.23931289;50;2;1;2;1;1;2;2;1;3;1;1;4;2;2;1;1;1;1;4;1;;;120000000;400000;;;1;;;;;;;;;;2
20230313;03;2023;7392118;1;1;01;;2;563.23931289;50;1;1;1;1;1;2;2;1;3;1;1;3;1;2;1;1;1;1;4;1;;;85000000;3500000;;;;;;;;;;1;;;2
20230313;03;2023;7392119;1;1;01;;2;627.38645269;50;1;1;2;1;1;2;2;1;3;1;1;3;2;2;1;1;1;1;4;3;;;;;350000;;1;;;;;;;;;;4
20230313;03;2023;7392120;1;1;01;;2;271.4203217;50;1;1;2;1;1;2;2;1;3;1;1;4;2;2;1;1;1;1;5;1;;;15000000;420000;;;1;;;;;;;;;;2
20230313;03;2023;7392121;1;1;01;;2;471.27465182;50;1;1;2;1;1;2;2;1;3;1;1;3;1;2;1;1;1;1;4;4;;;;500000;;;1;;;;;;;;;;1
20230313;03;2023;7392122;1;1;01;;2;641.93912153;50;1;1;2;1;1;2;2;1;3;1;1;3;1;2;1;1;1;1;4;4;;;;450000;;;;;;;;;;1;;;1
20230313;03;2023;7392123;1;1;01;;2;271.4203217;50;1;1;2;1;1;2;2;1;3;1;1;2;1;2;1;1;1;1;4;4;;;;300000;;;;;;;;;;1;;;1
20230313;03;2023;7392124;1;1;01;;1;589.88836653;50;1;1;2;1;2;1;1;1;2;1;1;3;1;1;1;1;10;1;3;4;;;;450000;;;1;;;;;;;;;;1
20230313;03;2023;7392125;1;1;01;;1;623.97843184;50;2;1;4;1;2;1;1;1;2;1;1;3;1;1;1;1;4;1;3;1;;;250000000;350000;;;1;;;;;;;;;;2
20230313;03;2023;7392126;1;1;01;;1;1009.2664591;50;1;1;4;1;2;1;1;1;2;1;1;3;2;1;1;1;4;1;3;3;;;;;450000;;1;;;;;;;;;;3
20230313;03;2023;7392127;1;1;01;;1;505.61859989;50;1;1;4;1;1;1;1;1;2;1;1;3;1;1;1;1;1;1;3;1;;;35000000;250000;;;1;;;;;;;;;;1
20230313;03;2023;7392128;1;1;01;;1;650.95183511;50;1;1;2;1;1;1;1;1;2;1;1;3;2;1;1;1;1;1;3;3;;;;;200000;;1;;;;;;;;;;6
20230313;03;2023;7392129;1;1;01;;1;597.48806665;50;1;1;4;1;3;1;1;1;2;1;1;4;2;1;1;1;1;1;3;1;;;120000000;700000;;;1;;;;;;;;;;3
20230313;03;2023;7392130;1;1;01;;1;897.74065804;50;1;1;4;1;3;1;1;1;2;1;1;3;2;1;1;1;10;1;3;3;;;;;500000;;1;;;;;;1;;;NEQUI;4
20230313;03;2023;7392131;1;1;01;;1;957.75739083;50;1;1;4;1;3;1;1;1;2;1;1;4;3;1;1;1;1;1;3;3;;;;;500000;;1;;;;;;;;;;4
20230313;03;2023;7392132;1;1;01;;1;644.7129531;50;1;1;2;1;1;1;1;1;2;1;1;4;2;1;1;1;1;3;3;4;;;;450000;;;1;;;;;;;;;;3
20230313;03;2023;7392133;1;1;01;;1;583.46035185;50;1;1;4;1;3;1;1;1;2;1;1;3;1;1;1;1;4;1;3;1;;;100000000;500000;;;1;;;;;;;;;;2
20230313;03;2023;7392134;1;1;01;;1;889.65421363;50;1;1;2;1;1;1;1;1;2;1;1;3;2;1;1;1;1;1;3;1;;;45000000;320000;;;1;;;;;;;;;;4
20230313;03;2023;7392135;1;1;01;;1;517.56400514;50;2;1;2;1;1;2;1;1;2;1;1;2;1;2;1;1;1;6;;3;;;;;160000;;1;;;;;;;;;;1
20230313;03;2023;7392136;1;1;01;;1;665.18525314;50;1;1;4;1;1;1;1;1;2;1;1;3;2;1;1;1;1;1;3;3;;;;;300000;;;;;;;;;1;;;4
20230313;03;2023;7392137;1;1;01;;1;820.79979254;50;1;1;4;1;1;1;1;1;2;1;1;3;2;1;1;1;1;1;3;1;;;80000000;300000;;;1;;;;;;;;;;3
20230313;03;2023;7392138;1;1;01;;1;716.846087;50;2;1;2;1;1;2;2;1;2;2;1;2;1;2;1;1;3;1;4;1;;;132000000;450000;;;;;;;;;;1;;;4
20230313;03;2023;7392139;1;1;01;;1;847.4976138;50;1;8;1;1;1;1;1;1;2;1;1;2;2;1;1;1;1;1;3;5;;;;200000;;;1;;;;;;;;;;5
20230313;03;2023;7392141;1;1;01;;1;895.06130149;50;1;1;4;1;1;1;1;1;2;1;1;3;2;1;1;1;1;1;3;1;;;80000000;300000;;;1;;;;;;;;;;7
20230313;03;2023;7392142;1;1;01;;1;505.61859989;50;1;1;4;1;1;1;1;1;2;1;1;3;1;1;1;1;1;1;3;3;;;;;250000;;1;;;;;;;;;;1
20230313;03;2023;7392143;1;1;01;;1;474.11053114;50;1;1;2;1;1;2;2;1;2;1;1;4;1;2;1;1;1;1;4;3;;;;;200000;;1;;;;;;;;;;2
20230313;03;2023;7392144;1;1;01;;1;546.24366504;50;1;1;2;1;1;2;2;1;2;2;1;3;2;2;1;1;4;1;4;3;;;;;240000;;1;;;;;;;;;;3
20230313;03;2023;7392145;1;1;01;;1;607.28553726;50;1;1;2;1;1;2;2;1;2;2;1;4;1;2;1;1;3;1;4;3;;;;;280000;;1;;;;;;;;;;1
20230313;03;2023;7392146;1;1;01;;1;1035.1280103;50;2;1;4;1;2;1;1;1;2;1;1;2;1;1;1;1;1;1;4;4;;;;250000;;;1;;;;;;;;;;1
20230313;03;2023;7392147;1;1;01;;1;1274.8378531;50;1;1;4;1;2;1;1;1;2;1;1;4;3;1;1;1;1;1;3;3;;;;;400000;;1;;;;;;;;;;3
20230313;03;2023;7392148;1;1;01;;1;1492.2878965;50;1;1;2;1;2;2;1;1;2;1;1;1;1;1;1;1;1;1;4;4;;;;250000;;;;;;;;;;1;;;2
20230313;03;2023;7392149;1;1;01;;1;1011.2371998;50;2;1;2;1;2;1;1;1;2;1;1;2;1;1;1;1;1;1;3;6;;;;250000;;;;;;;;;;1;;;1
20230313;03;2023;7392150;1;1;01;;1;1235.2431309;50;1;1;4;1;2;1;1;1;2;1;1;3;1;1;1;1;1;1;3;3;;;;;300000;;1;;;;;;;;;;2
20230313;03;2023;7392151;1;1;01;;1;1011.2371998;50;2;1;4;1;2;1;1;1;2;1;1;3;1;1;1;1;1;1;3;3;;;;;300000;;1;;;;;;;;;;1
20230313;03;2023;7392152;1;1;01;;1;1615.8821079;50;2;1;4;1;2;1;1;1;2;1;1;4;1;1;1;1;1;1;3;3;;;;;300000;;1;;;;;;;;;;2
20230313;03;2023;7392153;1;1;01;;1;575.62182084;50;1;1;4;1;1;2;2;1;2;2;1;4;2;2;1;1;3;1;4;3;;;;;250000;;;;;;;;1;;;NEQUI;3
20230313;03;2023;7392156;1;1;01;;1;868.48139894;50;1;1;4;1;2;1;1;1;2;1;1;3;1;1;1;1;1;1;3;1;;;90000000;300000;;;1;;;;;;;;;;2
20230313;03;2023;7392157;1;1;01;;1;708.49979347;50;1;1;4;1;2;1;1;1;2;1;1;3;1;1;1;1;1;1;3;3;;;;;800000;;1;;;;;;;;;;1
20230313;03;2023;7392158;1;1;01;;1;904.59279033;50;2;1;4;1;2;1;1;1;2;1;1;3;2;1;1;1;1;1;3;3;;;;;300000;;;;;;;;;1;;;2
20230313;03;2023;7392159;1;1;01;;2;179.03838636;50;1;1;2;1;1;2;2;2;;2;1;2;1;2;1;4;3;1;4;4;;;;300000;;;1;;;;;;;;;;2
20230313;03;2023;7392160;1;1;01;;2;217.89023281;50;1;1;4;1;1;2;1;1;1;1;1;2;1;1;1;1;4;1;4;1;;;90000000;300000;;;;;;;;;;1;;;1
20230313;03;2023;7392161;1;1;01;;2;222.47773812;50;2;1;2;1;1;2;1;1;1;1;1;4;2;1;1;1;1;1;4;1;;;80000000;400000;;;1;;;;;;1;;;NEQUI;4
20230313;03;2023;7392162;1;1;01;;2;271.30414138;50;2;1;2;1;1;2;1;1;1;1;1;3;1;1;1;1;1;1;4;1;;;85000000;300000;;;;;;;;;;1;;;1
20230313;03;2023;7392163;1;1;01;;2;502.68928907;50;1;1;2;1;1;2;2;2;;2;1;5;3;2;1;4;3;1;4;1;;;50000000;500000;;;1;;;;;;;;;;4
20230313;03;2023;7392164;1;1;01;;2;444.39410191;50;1;1;2;1;1;2;1;1;1;1;1;3;2;1;1;1;4;1;4;1;;;80000000;250000;;;1;;;;;;;;;;3
20230313;03;2023;7392165;1;1;01;;2;423.44561284;50;1;8;2;1;1;2;2;2;;2;1;1;1;2;1;4;3;6;;4;;;;50000;;;1;;;;;;;;;;1
20230313;03;2023;7392166;1;1;01;;2;423.44561284;50;1;1;2;1;1;2;2;2;;2;1;3;1;2;1;3;3;1;5;4;;;;300000;;;;;;;;;;1;;;1
20230313;03;2023;7392167;1;1;01;;2;281.26079375;50;1;1;2;1;1;2;1;1;1;1;1;3;2;1;1;1;3;1;4;1;;;65000000;250000;;;1;;;;;;;;;;3
20230313;03;2023;7392168;1;1;01;;2;409.75684029;50;1;1;2;1;1;2;2;2;;2;1;2;1;2;1;4;3;1;4;4;;;;200000;;;;;;;;;;1;;;1
20230313;03;2023;7392169;1;1;01;;2;329.35608688;50;1;1;4;1;1;2;1;1;1;1;1;4;3;1;1;1;1;1;4;3;;;;;350000;;;;;;;;;1;;;4
20230313;03;2023;7392170;1;1;01;;2;584.69199868;50;1;1;2;1;1;2;2;2;;2;1;1;1;2;1;4;3;2;4;4;;;;250000;;;1;;;;;;;;;;2
20230313;03;2023;7392171;1;1;01;;2;716.15354544;50;1;1;2;1;1;2;2;2;;2;1;1;1;2;1;4;3;1;5;4;;;;250000;;;1;;;;;;;;;;4
20230313;03;2023;7392172;1;1;01;;2;252.59977501;50;1;2;4;1;1;2;2;2;;2;1;3;2;2;1;4;4;1;4;4;;;;250000;;;1;;;;;;;;;;3
20230313;03;2023;7392173;1;1;01;;2;359.27429911;50;1;1;4;1;1;2;2;2;;2;1;4;3;2;1;4;3;1;4;4;;;;300000;;;1;;;;;;;;;;5
20230313;03;2023;7392174;1;1;01;;2;234.94638104;50;2;1;2;1;1;2;1;1;1;1;1;3;2;1;1;1;3;1;4;3;;;;;300000;;1;;;;;;1;;;NEQUI;3
20230313;03;2023;7392175;1;1;01;;2;281.26079375;50;1;1;2;1;1;2;1;1;1;1;1;3;2;1;1;1;3;1;4;3;;;;;200000;;1;;;;;;1;;;NEQUI Y AHORRO A LA MANO;3
20230313;03;2023;7392176;1;1;01;;2;249.66589177;50;1;1;2;1;1;2;2;2;;2;1;3;1;2;1;4;3;1;4;4;;;;300000;;;;;;;;;;1;;;1
20230313;03;2023;7392177;1;1;01;;2;156.25168264;50;2;1;4;1;1;2;1;1;1;1;1;3;1;1;1;1;1;1;4;1;;;135000000;450000;;;;;;;;;;1;;;2
20230313;03;2023;7392178;1;1;01;;2;361.93300027;50;1;1;4;1;1;2;2;2;;2;1;3;2;2;1;4;4;1;4;1;;;950000000;300000;;;1;;;;;;;;;;5
20230313;03;2023;7392179;1;1;01;;2;423.44561284;50;1;5;2;1;1;2;2;2;;2;1;2;1;2;1;4;3;1;4;4;;;;300000;;;1;;;;;;;;;;1
20230313;03;2023;7392180;1;1;01;;2;156.25168264;50;1;1;2;1;1;2;1;1;1;1;1;4;2;1;1;1;1;1;4;4;;;;450000;;;;;;;;;;1;;;3
20230313;03;2023;7392182;1;1;01;;1;687.62478641;50;1;1;2;1;1;1;1;1;2;1;1;4;2;1;1;1;1;3;3;1;;;50000000;350000;;;1;;;;;;;;;;4
20230313;03;2023;7392183;1;1;01;;1;861.73103183;50;1;1;4;1;1;1;1;1;2;1;1;4;2;1;1;1;1;1;3;3;;;;;350000;;1;;;;;;;;;;3
20230313;03;2023;7392184;1;1;01;;1;496.86144493;50;1;1;4;1;3;1;1;1;2;1;1;4;1;1;1;1;1;3;3;4;;;;600000;;;1;;;;;;;;;;1
20230313;03;2023;7392185;1;1;01;;1;718.21952185;50;1;1;2;1;1;2;2;1;2;2;1;4;2;2;1;1;4;1;4;4;;;;300000;;;1;;;;;;;;;;2
20230313;03;2023;7392186;1;1;01;;1;617.62156546;50;1;1;4;1;1;2;2;1;2;2;1;3;1;2;1;1;3;1;4;3;;;;;250000;;;;;;;;;1;;;2
20230313;03;2023;7392187;1;1;01;;1;661.43948724;50;1;1;4;1;3;1;1;1;2;1;1;3;1;1;1;1;1;1;3;4;;;;450000;;;1;;;;;1;;;;;1
20230313;03;2023;7392188;1;1;01;;1;822.92893653;50;1;1;2;1;1;2;2;1;2;2;1;3;2;2;1;1;4;1;4;3;;;;;200000;;;;;;;;1;;;NEQUI;4
20230313;03;2023;7392189;1;1;01;;1;736.56315355;50;1;1;2;1;1;2;2;1;2;2;1;4;2;2;1;1;3;1;4;3;;;;;350000;;1;;;;;;;;;;3
20230313;03;2023;7392190;1;1;01;;1;760.93430359;50;1;1;2;1;3;1;1;1;2;1;1;4;3;1;1;1;1;1;3;3;;;;;500000;;1;;;;;;;;;;3
20230313;03;2023;7392193;1;1;01;;1;531.05499606;50;1;1;4;1;3;1;1;1;2;1;1;4;3;1;1;1;1;1;3;3;;;;;400000;;1;;;;;;;;;;3
20230313;03;2023;7392194;1;1;01;;1;701.85820444;50;1;1;2;1;1;2;2;1;2;2;1;2;1;2;1;1;4;1;4;3;;;;;150000;;;;;;;;1;;;NEQUI;2
20230313;03;2023;7392195;1;1;01;;1;916.66856494;50;2;1;4;1;1;2;2;1;2;2;1;4;3;2;1;1;3;1;4;3;;;;;270000;;;;;;;;;1;;;6
20230313;03;2023;7392196;1;1;01;;1;693.43654611;50;1;1;4;1;3;1;1;1;2;1;1;4;3;1;1;1;1;1;3;3;;;;;500000;;1;;;;;;;;;;5
20230313;03;2023;7392197;1;1;01;;2;225.99811033;50;1;1;2;1;1;2;1;1;2;2;1;3;2;1;1;1;4;1;4;3;;;;;300000;;1;;;;;;;;;;2
20230313;03;2023;7392199;1;1;01;;1;582.99411577;50;1;1;4;1;3;1;1;1;2;1;1;4;1;1;1;1;1;1;3;3;;;;;400000;;1;;;;;;;;;;1
20230313;03;2023;7392200;1;1;01;;2;481.65232602;50;1;1;4;1;2;2;1;1;1;1;1;4;3;1;1;1;1;1;4;1;;;30000000;250000;;;1;;;;;;;;;;5
20230313;03;2023;7392201;1;1;01;;2;577.42583569;50;1;1;4;1;2;2;1;1;1;1;1;3;1;1;1;1;1;1;4;1;;;60000000;150000;;;;;;;;;;1;;;1
20230313;03;2023;7392202;1;1;01;;2;334.37920703;50;1;1;2;1;1;1;2;1;2;1;1;3;2;2;1;1;3;1;4;5;;;;250000;;;1;;;;;;;;;;2
20230313;03;2023;7392203;1;1;01;;2;540.6927688;50;1;1;2;1;1;1;2;1;2;1;1;3;2;2;1;1;4;1;3;4;;;;400000;;;1;;;;;;;;;;4
20230313;03;2023;7392204;1;1;01;;2;345.19299153;50;1;1;2;1;1;1;2;1;2;1;1;3;2;2;1;1;1;1;3;3;;;;;250000;;;;;;;;;1;;;4
20230313;03;2023;7392205;1;1;01;;2;385.89162117;50;1;1;2;1;1;1;2;1;2;1;1;3;2;2;1;1;3;1;3;3;;;;;300000;;1;;;;;;;;;;5
20230313;03;2023;7392206;1;1;01;;2;689.20135754;50;1;1;2;1;2;2;1;1;1;1;1;2;1;1;1;1;1;1;4;4;;;;200000;;;1;;;;;;;;;;5
20230313;03;2023;7392207;1;1;01;;2;381.10105155;50;1;1;2;1;1;2;2;1;2;1;1;3;1;2;1;1;3;1;4;4;;;;150000;;;1;;;;;;1;;;NEQUI;1
20230313;03;2023;7392208;1;1;01;;2;439.46999023;50;1;8;2;1;0;2;2;1;1;2;1;1;1;6;;1;2;2;4;4;;;;150000;;;1;;;;;;;;;;3
20230313;03;2023;7392209;1;1;01;;2;344.45423864;50;1;1;1;1;2;2;1;1;1;1;1;3;2;1;1;1;1;1;4;1;;;90000000;150000;;;1;;;;;;;;;;3
20230313;03;2023;7392210;1;1;01;;2;233.06055128;50;1;1;2;1;1;1;2;1;2;1;1;3;2;2;1;1;4;1;3;1;;;60000000;350000;;;1;;;;;;;;;;2
20230313;03;2023;7392211;1;1;01;;2;244.14325413;50;1;1;2;1;2;2;1;1;1;1;1;5;2;1;1;1;1;1;4;1;;;90000000;300000;;;1;;;;;;;;;;3
20230313;03;2023;7392212;1;1;01;;2;161.13454772;50;1;1;2;1;1;1;2;1;2;1;1;3;2;2;1;1;1;1;3;3;;;;;300000;;;;;;;;;1;;;3
20230313;03;2023;7392214;1;1;01;;2;389.46230024;50;1;1;2;1;1;1;2;1;2;1;1;3;2;2;1;1;1;1;3;3;;;;;150000;;;;;;;;;1;;;2
20230313;03;2023;7392215;1;1;01;;2;734.500321;50;1;1;4;1;2;2;1;1;1;1;1;4;3;1;1;1;1;1;4;3;;;;;100000;;1;;;;;;;;;;5
20230313;03;2023;7392216;1;1;01;;2;334.37920703;50;1;1;2;1;1;1;2;1;2;1;1;3;1;2;1;1;4;1;3;3;;;;;180000;;1;;;;;;;;;;2
20230313;03;2023;7392217;1;1;01;;2;909.08279278;50;1;1;4;1;2;2;1;1;1;1;1;3;2;1;1;1;1;1;4;3;;;;;200000;;1;;;;;;;;;;6
20230313;03;2023;7392218;1;1;01;;2;368.67931671;50;1;1;2;1;2;2;1;1;1;1;1;3;2;1;1;1;1;1;4;5;;;;200000;;;1;;;;;;;;;;4
20230313;03;2023;7392219;1;1;01;;2;161.13454772;50;1;1;2;1;1;1;2;1;2;1;1;3;1;2;1;1;3;1;3;3;;;;;350000;;1;;;;;;;;;;1
20230313;03;2023;7392220;1;1;01;;2;285.95687545;50;1;1;2;1;2;2;1;1;1;1;1;3;2;1;1;1;1;1;4;1;;;90000000;300000;;;1;;;;;;;;;;3
20230313;03;2023;7392221;1;1;01;;2;469.5614193;50;1;1;2;1;1;1;2;1;2;1;1;3;2;2;1;1;1;1;3;4;;;;300000;;;;;;;;;;1;;;2
20230313;03;2023;7392222;1;1;01;;2;640.68491746;50;1;1;4;1;2;2;1;1;1;1;1;3;2;1;1;1;1;1;4;3;;;;;200000;;1;;;;;;;;;;4
20230313;03;2023;7392223;1;1;01;;2;233.06055128;50;1;1;2;1;1;1;2;1;2;1;1;3;1;2;1;1;4;1;3;2;;305000;60000000;280000;;;1;;;;;;;;;;2
20230313;03;2023;7392224;1;1;01;;1;811.09284663;50;1;1;4;1;3;1;1;1;2;1;1;4;3;1;1;1;4;1;3;3;;;;;500000;;1;;;;;;;;;;3
20230313;03;2023;7392225;1;1;01;;1;552.59694801;50;1;1;4;1;3;1;1;1;2;1;1;3;2;1;1;1;1;1;3;1;;;100000000;500000;;;1;;;;;;;;;;3
20230313;03;2023;7392226;1;1;01;;1;842.82650393;50;1;1;4;1;3;1;1;1;2;1;1;4;3;1;1;1;1;1;3;3;;;;;550000;;1;;;;;;;;;;4
20230313;03;2023;7392227;1;1;01;;1;662.49331338;50;1;1;4;1;3;1;1;1;2;1;1;3;1;1;1;1;1;1;3;4;;;;500000;;;1;;;;;;;;;;1
20230313;03;2023;7392228;1;1;01;;1;1020.0133054;50;1;1;4;1;3;1;1;1;2;1;1;4;3;1;1;1;4;1;3;3;;;;;400000;;1;;;;;;;;;;7
20230313;03;2023;7392229;1;1;01;;1;849.42809865;50;1;1;4;1;3;1;1;1;2;1;1;4;3;1;1;1;1;1;3;3;;;;;600000;;;;;;;;;1;;;6
20230313;03;2023;7392230;1;1;01;;1;943.72967603;50;1;1;4;1;3;1;1;1;2;1;1;4;2;1;1;1;1;1;3;3;;;;;400000;;1;;;;;;;;;;3
20230313;03;2023;7392232;1;1;01;;1;790.01177907;50;1;1;4;1;3;1;1;1;2;1;1;3;2;1;1;1;1;1;3;3;;;;;450000;;1;;;;;;;;;;4
20230313;03;2023;7392233;1;1;01;;1;765.66349575;50;1;1;4;1;3;1;1;1;2;1;1;4;2;1;1;1;1;1;3;3;;;;;650000;;;;;;;;;1;;;2
20230313;03;2023;7392234;1;1;01;;1;676.70345965;50;1;1;4;1;3;1;1;1;2;1;1;4;3;1;1;1;1;1;3;3;;;;;500000;;1;;;;;;;;;;5
20230313;03;2023;7392235;1;1;01;;1;620.14427583;50;1;1;4;1;1;1;1;1;2;1;1;3;2;1;1;1;1;1;3;1;;;83000000;300000;;;1;;;;;;;;;;2
20230313;03;2023;7392236;1;1;01;;2;252.59977501;50;1;1;4;1;1;2;2;2;;1;1;4;1;2;1;4;1;1;4;4;;;;300000;;;1;;;;;;;;;;3
20230313;03;2023;7392237;1;1;01;;2;360.17934882;50;1;7;2;1;1;2;2;2;;1;1;4;3;2;1;4;1;1;4;6;;;;300000;;;1;;;;;;;;;;5
20230313;03;2023;7392238;1;1;01;;2;380.82272858;50;1;1;4;1;1;2;2;2;;1;1;4;2;2;1;4;1;1;4;1;;;25000000;250000;;;1;;;;;;;;;;3
20230313;03;2023;7392239;1;1;01;;1;589.88836653;50;1;1;4;1;2;1;1;1;2;1;1;4;1;1;1;1;3;1;3;1;;;150000000;700000;;;1;;;;;;;;;;1
20230313;03;2023;7392241;1;1;01;;2;179.03838636;50;1;1;4;1;1;2;2;2;;1;1;3;2;2;1;4;1;1;4;4;;;;350000;;;1;;;;;;;;;;3
20230313;03;2023;7392242;1;1;01;;2;269.20939494;50;1;1;2;1;1;2;2;2;;1;1;3;2;2;1;4;1;3;4;5;;;;300000;;;1;;;;;;;;;;3
20230313;03;2023;7392243;1;1;01;;2;640.3722683;50;1;1;2;1;1;2;2;2;;1;1;5;4;2;1;3;1;1;5;1;;;68000000;200000;;;1;;;;;;;;;;6
20230313;03;2023;7392244;1;1;01;;1;813.97521629;50;1;1;4;1;3;1;1;1;2;1;1;4;2;1;1;1;1;1;3;4;;;;400000;;;1;;;;;;;;;;2
20230313;03;2023;7392245;1;1;01;;2;179.03838636;50;1;1;4;1;1;2;2;2;;2;1;5;2;2;1;4;3;1;4;1;;;100000000;400000;;;1;;;;;;;;;;3
20230313;03;2023;7392246;1;1;01;;1;803.83271018;50;2;1;2;1;2;1;1;1;2;1;1;2;1;1;1;1;1;1;3;3;;;;;200000;;1;;;;;;1;;;NEQUI;1
20230313;03;2023;7392247;1;1;01;;2;322.27799284;50;1;1;4;1;1;2;2;2;;1;1;3;2;2;1;4;1;1;4;1;;;80000000;150000;;;1;;;;;;;;;;3
20230313;03;2023;7392248;1;1;01;;2;200.41143235;50;1;1;2;1;1;2;2;2;;2;1;1;1;2;1;4;3;2;4;4;;;;400000;;;1;;;;;;;;;;2
20230313;03;2023;7392249;1;1;01;;2;502.68928907;50;1;1;2;1;1;2;2;2;;1;1;4;3;2;1;4;1;1;4;1;;;45000000;500000;;;1;;;;;;;;;;4
20230313;03;2023;7392251;1;1;01;;1;610.04212571;50;1;1;4;1;2;1;1;1;2;1;1;4;2;1;1;1;3;1;3;1;;;99;450000;;;1;;;;;;1;;;AHORRO A LA MANO;2
20230313;03;2023;7392252;1;1;01;;2;310.86932867;50;1;5;2;1;1;2;2;2;;1;1;2;1;2;1;4;1;1;4;4;;;;200000;;;;;;;;;;1;;;1
20230313;03;2023;7392253;1;1;01;;2;179.03838636;50;1;1;4;1;1;2;2;2;;1;1;4;2;2;1;3;1;1;4;1;;;100000000;200000;;;;;;;;;;1;;;2
20230313;03;2023;7392257;1;1;01;54;1;165.08718228;54;1;1;4;1;2;2;1;1;2;1;1;1;1;1;1;1;1;1;4;3;;;;;500000;;;;;;;;;1;;;1
20230313;03;2023;7392258;1;1;01;54;1;478.29395221;54;1;1;4;1;2;2;1;1;2;1;1;4;2;1;1;1;1;1;4;4;;;;450000;;;1;;;;;1;;;;;3
20230313;03;2023;7392259;1;1;01;54;1;165.08718228;54;2;1;2;1;2;2;1;1;2;1;1;3;1;1;1;1;1;1;4;4;;;;200000;;;;;;;;;;1;;;1
20230313;03;2023;7392260;1;1;01;54;1;165.08718228;54;2;1;4;1;2;2;1;1;2;1;1;4;2;1;1;1;1;1;4;4;;;;400000;;;1;;;;;;;;;;3
20230313;03;2023;7392261;1;1;01;54;1;280.83209221;54;2;1;4;1;2;2;1;1;2;1;1;4;3;1;1;1;1;1;4;1;;;180000000;800000;;;1;;;;;;;;;;5
20230313;03;2023;7392262;1;1;01;54;1;529.96094582;54;2;1;4;1;2;2;1;1;2;1;1;3;2;1;1;1;1;1;4;3;;;;;250000;;;;;;;;;1;;;3
20230313;03;2023;7392265;1;1;01;54;1;165.08718228;54;1;1;2;1;2;2;1;1;2;1;1;5;3;1;1;1;1;1;4;3;;;;;250000;;;;;;;;;1;;;6
20230313;03;2023;7392266;1;1;01;54;1;726.38360204;54;1;1;2;1;2;2;1;1;2;1;1;2;1;1;1;1;1;6;;3;;;;;200000;;;;;;;;;1;;;1
20230313;03;2023;7392267;1;1;01;54;1;599.48973095;54;1;1;2;1;2;2;1;1;2;1;1;2;2;1;1;1;1;1;4;3;;;;;250000;;;;;;;;;1;;;4
20230313;03;2023;7392268;1;1;01;;2;1488.4549236;76;1;1;2;1;2;1;1;1;3;1;1;3;2;1;1;1;1;6;;2;;99;99;500000;;;;;;;;;;1;;;3
20230313;03;2023;7392269;1;1;01;;1;3043.4313158;76;1;1;4;1;3;1;1;1;3;1;1;4;3;1;1;1;1;1;3;2;;500000;40000000;400000;;;1;;;;;;;;;;5
20230313;03;2023;7392270;1;1;01;;1;817.09088167;19;2;1;4;1;1;2;1;1;2;1;1;2;1;1;1;1;1;1;4;3;;;;;230000;;;;;;;;;1;;;1
20230313;03;2023;7392271;1;1;01;;1;897.82160742;19;1;1;4;1;1;1;1;1;3;1;1;5;3;1;1;1;1;1;3;1;;;50000000;500000;;;1;;;;;;;;;;4
20230313;03;2023;7392272;1;1;01;;1;845.08288829;19;1;1;4;1;1;1;1;1;3;1;1;4;2;1;1;1;1;1;3;1;;;99;250000;;;;;;;1;;;;;;2
20230313;03;2023;7392273;1;1;01;;1;1473.584461;19;1;3;4;1;1;1;1;1;3;1;1;4;3;1;1;1;1;1;3;4;;;;300000;;;;;;;;;;1;;;3
20230313;03;2023;7392274;1;1;01;;1;1588.3846176;19;1;1;4;1;1;1;1;1;3;1;1;5;3;1;1;1;1;1;4;1;;;99;500000;;;;;;1;;;;;;;4
20230313;03;2023;7392275;1;1;01;;1;1535.6458985;19;1;1;3;1;1;1;1;1;3;1;1;3;1;1;1;1;1;1;4;1;;;99;180000;;;1;;;;;;;;;;2
20230313;03;2023;7392276;1;1;01;;1;845.08288829;19;1;1;4;1;1;1;1;1;3;1;1;3;2;1;1;1;1;1;3;3;;;;;450000;;1;;;1;1;1;;;;;2
20230313;03;2023;7392277;1;1;01;;1;905.369993;19;1;1;4;1;1;1;1;1;3;1;1;2;1;1;1;1;1;3;3;1;;;30000000;400000;;;;;;;;;;1;;;2
20230313;03;2023;7392278;1;1;01;;2;4338.4203737;19;1;1;1;1;1;2;2;2;;1;1;4;1;2;1;4;1;1;5;4;;;;200000;;;;;;;;;;1;;;1
20230313;03;2023;7392279;1;1;01;;2;5658.9027313;19;1;1;4;1;1;2;2;2;;1;1;3;1;2;1;4;2;1;5;1;;;60000000;100000;;;;;;;;;;1;;;1
20230313;03;2023;7392280;1;1;01;;2;3197.9448312;19;1;1;2;1;1;2;2;2;;1;1;5;4;2;1;4;1;1;5;1;;;23000000;20000;;;;;;;;;;1;;;6
20230313;03;2023;7392281;1;1;01;;2;4040.5162923;19;1;1;1;1;1;2;2;2;;1;1;4;2;2;1;4;2;1;5;1;;;99;300000;;;;;;;;;;1;;;6
20230313;03;2023;7392282;1;1;01;;2;2458.5232602;19;1;3;2;1;1;2;2;2;;1;1;4;3;2;1;4;2;1;5;4;;;;200000;;;;;;;;;;1;;;5
20230313;03;2023;7392283;1;1;01;;2;5236.632589;19;1;1;4;1;1;2;2;2;;1;1;6;2;2;1;4;2;1;5;1;;;60000000;100000;;;;;;;;;;1;;;3
20230313;03;2023;7392284;1;1;01;;2;4420.668807;19;1;3;1;1;1;2;2;2;;1;1;3;2;2;1;4;6;1;5;1;;;99;200000;;;;;;;;;;1;;;4
20230313;03;2023;7392285;1;1;01;;2;4824.9616707;19;1;1;4;1;1;2;2;2;;1;1;3;1;2;1;4;2;2;5;1;;;60000000;200000;;;;;;;;;;1;;;3
20230313;03;2023;7392286;1;1;01;;2;3066.9425396;19;1;1;4;1;1;2;2;2;;1;1;4;3;2;1;4;1;5;5;1;;;20000000;150000;;;;;;;;;;1;;;6
20230313;03;2023;7392287;1;1;01;;2;3335.1407768;19;1;1;2;1;1;2;2;2;;1;1;4;3;2;1;4;2;1;5;4;;;;500000;;;;;;;;;;1;;;4
20230313;03;2023;7392288;1;1;01;;2;4097.5012745;19;1;1;2;1;1;2;2;2;;1;1;4;1;2;1;4;1;1;5;1;;;30000000;100000;;;;;;;;;;1;;;2
20230313;03;2023;7392289;1;1;01;;2;3030.0298775;19;1;1;2;1;1;2;2;2;;1;1;3;2;2;1;4;1;1;5;1;;;30000000;100000;;;;;;;;;;1;;;4
20230313;03;2023;7392290;1;1;01;;2;4566.9890619;19;1;1;4;1;1;2;2;2;;1;1;4;1;2;1;4;1;1;5;3;;;;;100000;;;;;;;;;1;;;3
20230313;03;2023;7392291;1;1;01;;2;2313.7480783;19;1;1;4;1;1;2;2;2;;1;1;3;2;2;1;4;2;1;5;1;;;60000000;200000;;;;;;;;;;1;;;3
20230313;03;2023;7392292;1;1;01;;2;3768.4389794;19;1;4;2;1;1;2;2;2;;1;1;5;1;2;1;4;1;1;5;1;;;98;98;;;;;;;;;;1;;;1
20230313;03;2023;7392293;1;1;01;;2;3556.8123591;19;1;1;1;1;1;2;2;2;;1;1;4;3;2;1;4;1;1;5;1;;;99;200000;;;;;;;;;;1;;;7
20230313;03;2023;7392294;1;1;01;;2;4101.7792624;19;1;3;1;1;1;2;2;2;;1;1;4;1;2;1;4;1;1;5;4;;;;50000;;;;;;;;;;1;;;1
20230313;03;2023;7392295;1;1;01;;2;4456.2197176;19;1;1;2;1;1;2;2;2;;1;1;3;1;2;1;4;1;5;5;1;;;20000000;98;;;;;;;;;;1;;;2
20230313;03;2023;7392296;1;1;01;;2;5350.2353096;19;1;1;4;1;1;2;2;2;;1;1;2;1;2;1;4;2;1;5;1;;;150000000;150000;;;;;;;;;;1;;;1
20230313;03;2023;7392297;1;1;01;;2;3941.6773735;19;1;1;2;1;1;2;2;2;;1;1;4;2;2;1;4;1;1;5;4;;;;100000;;;;;;;;;;1;;;2
20230313;03;2023;7392298;1;1;01;;2;1717.6979886;19;1;1;1;1;1;2;2;2;;1;1;4;3;2;1;4;1;1;5;1;;;99;200000;;;;;;;;;;1;;;4
20230313;03;2023;7392299;1;1;01;;2;4101.7792624;19;4;1;4;1;1;2;2;2;;1;1;5;1;2;1;4;1;1;5;1;;;20000000;50000;;;;;;;;;;1;;;1
20230313;03;2023;7392300;1;1;01;;2;4835.6929656;19;1;1;2;1;1;2;2;2;;1;1;3;1;2;1;4;1;1;5;1;;;98;100000;;;;;;;;;;1;;;1
20230313;03;2023;7392301;1;1;01;;2;4101.7792624;19;1;1;1;1;1;2;2;2;;1;1;3;1;2;1;4;1;1;5;1;;;99;99;;;;;;;;;;1;;;1
20230313;03;2023;7392302;1;1;01;;2;3376.3669724;19;1;1;4;1;1;2;2;2;;1;1;6;1;2;1;4;2;1;5;1;;;60000000;150000;;;;;;;;;;1;;;3
20230313;03;2023;7392303;1;1;01;;2;5868.1926107;19;1;3;1;1;1;2;2;2;;1;2;2;1;2;2;4;1;1;5;1;;;99;100000;;;;;;;;;;1;;;3
20230313;03;2023;7392303;2;2;01;;2;5868.1926107;19;1;3;1;1;1;2;2;2;;1;2;1;1;2;2;4;1;1;5;4;;;;100000;;;;;;;;;;1;;;2
20230313;03;2023;7392304;1;1;01;;2;3300.3601322;19;1;3;2;1;1;2;2;2;;1;1;4;2;6;;4;1;1;5;1;;;25000000;300000;;;;;;;;;;1;;;3
20230313;03;2023;7392305;1;1;01;;2;2645.2281238;19;1;1;4;1;1;2;2;2;;1;1;6;1;2;1;4;2;1;5;1;;;60000000;350000;;;;;;;;;;1;;;2
20230313;03;2023;7392306;1;1;01;;2;4775.0885877;19;1;1;2;1;1;2;2;2;;1;1;4;2;2;1;4;1;1;5;7;SE LA PAGA SU EMPLEADOR;;;400000;;;;;;;;;;1;;;3
20230313;03;2023;7392307;1;1;01;;1;817.09088167;19;1;1;1;1;2;1;1;1;3;1;1;5;1;1;1;1;1;1;3;1;;;80000000;300000;;;1;;;;;;;;;;1
20230313;03;2023;7392308;1;1;01;;1;877.72758387;19;2;1;4;1;2;1;1;1;2;1;1;4;3;1;1;1;1;1;4;1;;;150000000;350000;;;;;;;;;;1;;;3
20230313;03;2023;7392309;1;1;01;;1;1565.9642496;19;1;1;4;1;2;1;1;1;3;1;1;4;2;1;1;1;1;1;3;3;;;;;400000;;1;;;;;;;;;;3
20230313;03;2023;7392310;1;1;01;;1;818.67419383;19;2;1;4;1;2;1;1;1;3;1;1;5;1;1;1;1;1;1;3;1;;;150000000;350000;;;;;;;;;;1;;;1
20230313;03;2023;7392311;1;1;01;;2;2518.4750221;19;1;4;1;1;1;2;2;2;;1;1;4;2;2;1;4;1;1;5;1;;;99;200000;;;;;;;;;;1;;;3
20230313;03;2023;7392312;1;1;01;;1;875.40123939;19;1;1;4;1;2;1;1;1;3;1;1;3;2;1;1;1;1;1;3;1;;;60000000;150000;;;;;;;;;;1;;;3
20230313;03;2023;7392313;1;1;01;;1;1687.5697595;19;1;1;4;1;2;1;1;1;3;1;1;6;2;1;1;1;1;1;3;1;;;98;300000;;;1;;;;;;;;;;2
20230313;03;2023;7392314;1;1;01;;1;688.21807018;19;2;1;4;1;2;1;1;1;3;1;1;4;2;1;1;1;1;1;3;1;;;150000000;450000;;;1;;;;;;;;;;3
20230313;03;2023;7392317;1;1;01;;2;4511.9571887;19;1;1;2;1;1;2;2;2;;1;1;5;1;6;;4;1;1;5;1;;;10000000;100000;;;;;;;;;;1;;;1
20230313;03;2023;7392318;1;1;01;;2;5148.3928273;19;1;3;2;1;1;2;2;2;;1;1;6;1;2;1;4;1;1;5;4;;;;98;;;;;;;;;;1;;;3
20230313;03;2023;7392319;1;1;01;;2;1889.4677874;19;1;3;2;1;1;2;2;2;;1;1;4;2;2;1;4;1;1;5;4;;;;200000;;;;;;;;;;1;;;3
20230313;03;2023;7392320;1;1;01;;2;5017.9601375;19;1;1;1;1;1;2;2;2;;1;1;5;1;2;1;4;1;1;5;1;;;20000000;400000;;;;;;;;;;1;;;3
20230313;03;2023;7392324;1;1;01;;1;1503.6197704;19;1;1;2;1;1;2;1;1;2;1;1;2;1;1;1;1;1;1;1;1;;;99;250000;;;;;;;;;;1;;;4
20230313;03;2023;7392325;1;1;01;;1;854.05870815;19;1;1;2;1;1;2;1;1;2;1;1;3;1;1;1;1;1;1;4;4;;;;150000;;;;;;;;;;1;;;2
20230313;03;2023;7392326;1;1;01;;1;1667.7470311;19;1;1;4;1;1;2;1;1;2;1;1;4;3;1;1;1;1;1;4;1;;;100000000;450000;;;;;;;;;;1;;;4
20230313;03;2023;7392327;1;1;01;;1;875.90933709;19;1;7;1;1;1;2;1;1;2;1;1;3;2;2;1;4;1;1;5;4;;;;200000;;;;;;;;;;1;;;3
20230313;03;2023;7392328;1;1;01;;1;852.56512923;19;1;7;1;1;1;2;1;1;2;1;1;2;1;1;1;1;1;3;4;4;;;;100000;;;;;;;;;;1;;;2
20230313;03;2023;7392329;1;1;01;;1;875.90933709;19;1;7;1;1;1;2;1;1;2;1;1;2;1;1;1;1;1;3;4;4;;;;400000;;;;;;;;;;1;;;3
20230313;03;2023;7392330;1;1;01;;1;2064.9141698;19;1;4;2;1;1;2;1;1;2;1;1;2;2;1;1;1;1;1;4;1;;;15000000;180000;;;;;;;;;;1;;;4
20230313;03;2023;7392331;1;1;01;;1;1448.6141162;19;1;1;4;1;1;2;1;1;2;1;1;2;1;1;1;1;1;1;5;1;;;5000000;50000;;;;;;;;;;1;;;2
20230313;03;2023;7392332;1;1;01;;1;849.132623;19;1;1;2;1;1;2;1;1;2;1;1;2;1;1;1;1;1;1;4;3;;;;;100000;;;;;;;;;1;;;4
20230313;03;2023;7392333;1;1;01;;1;1591.9277863;19;1;1;4;1;1;2;1;1;2;1;1;3;2;1;1;1;1;1;4;3;;;;;200000;;1;;;;;;;;;;2
20230313;03;2023;7392335;1;1;01;;1;1448.6141162;19;2;1;4;1;2;1;1;1;2;1;1;3;1;1;1;1;1;1;3;3;;;;;390000;;1;;;;;;;;;;2
20230313;03;2023;7392336;1;1;01;;1;770.7827609;19;2;1;4;1;2;1;1;1;2;1;1;2;1;1;1;1;1;1;3;3;;;;;480000;;1;;;;;;;;;;1
20230313;03;2023;7392337;1;1;01;;1;1591.9277863;19;2;1;4;1;2;1;1;1;2;1;1;3;2;1;1;1;1;1;3;3;;;;;450000;;1;;;;1;;;;;;2
20230313;03;2023;7392338;1;1;01;;1;1417.1764707;19;1;1;4;1;1;1;1;1;2;1;1;2;1;1;1;1;1;1;3;1;;;150000000;600000;;;;;;;;;;1;;;4
20230313;03;2023;7392339;1;1;01;;2;2120.3199072;19;2;1;4;1;1;2;2;1;1;1;1;4;2;2;1;1;1;1;4;1;;;98;350000;;;;;;;;;;1;;;3
20230313;03;2023;7392340;1;1;01;;2;1244.682034;19;1;1;2;1;1;2;2;1;1;1;1;4;3;2;1;4;1;1;4;4;;;;300000;;;1;;;;1;1;;;;;4
20230313;03;2023;7392341;1;1;01;;2;1800.3416579;19;1;1;4;1;1;2;2;1;1;1;1;4;1;2;1;1;1;1;4;1;;;150000000;250000;;;;;;;1;;;;;;3
20230313;03;2023;7392342;1;1;01;;2;2310.4154731;19;2;1;4;1;1;2;2;1;1;1;1;2;1;2;1;1;1;6;;1;;;98;400000;;;;;;;1;;;;;;1
20230313;03;2023;7392343;1;1;01;;2;2182.2613151;19;1;1;4;1;1;2;2;2;;1;1;3;2;2;1;4;1;1;4;3;;;;;200000;;;;;;;;;1;;;3
20230313;03;2023;7392344;1;1;01;;2;2235.6125734;19;1;1;2;1;1;2;2;1;1;1;1;4;1;2;1;1;1;1;4;4;;;;250000;;;;;;;;;;1;;;4
20230313;03;2023;7392345;1;1;01;;2;1634.750433;19;1;1;2;1;1;2;2;1;1;1;1;5;3;2;1;1;1;1;4;2;;400000;55000000;250000;;;;;;;;;;1;;;5
20230313;03;2023;7392346;1;1;01;;2;1546.4041847;19;1;1;4;1;1;2;2;1;1;1;1;4;3;2;1;1;1;1;4;3;;;;;1500000;;1;;;;;;;;;;5
20230313;03;2023;7392347;1;1;01;;1;854.05870815;19;1;1;4;1;2;1;1;1;2;1;1;4;3;1;1;1;1;1;4;3;;;;;700000;;1;;;;;;;;;;2
20230313;03;2023;7392348;1;1;01;;1;1226.7917006;19;2;1;4;1;3;1;1;1;2;1;1;3;2;1;1;1;1;1;3;2;;800000;98;500000;;;1;;1;;;;;;;;2
20230313;03;2023;7392350;1;1;01;;1;608.95659546;19;1;1;4;1;3;1;1;1;2;1;1;3;2;1;1;1;1;1;3;3;;;;;550000;;1;;;;;;;;;;4
20230313;03;2023;7392351;1;1;01;;1;731.27714477;19;2;1;4;1;3;1;1;1;2;1;1;3;1;1;1;1;1;1;3;2;;800000;98;500000;;;1;;;;;;;;;;1
20230313;03;2023;7392352;1;1;01;;1;1500.5584014;19;1;1;4;1;1;1;1;1;2;1;1;3;2;1;1;1;1;1;3;4;;;;350000;;;;;;;;;;1;;;4
20230313;03;2023;7392353;1;1;01;;1;1580.1462693;19;2;1;4;1;1;1;1;1;2;1;1;2;1;1;1;1;1;1;3;4;;;;400000;;;;;;;;;;1;;;5
20230313;03;2023;7392354;1;1;01;;1;794.12696876;19;1;1;2;1;1;2;1;1;2;1;1;2;1;2;1;1;1;1;4;4;;;;200000;;;;;;;;;;1;;;2
20230313;03;2023;7392355;1;1;01;;1;1573.652394;19;1;1;4;1;1;1;1;1;2;1;1;3;2;1;1;1;1;1;3;3;;;;;400000;;;;;;;;;1;;;7
20230313;03;2023;7392356;1;1;01;;1;1510.1454179;19;2;1;4;1;1;2;1;1;2;1;1;2;1;1;1;1;1;1;4;3;;;;;140000;;;;;;;;;1;;;1
20230313;03;2023;7392357;1;1;01;;1;1495.3025319;19;1;1;4;1;1;2;1;1;2;1;1;3;2;1;1;1;1;1;4;4;;;;400000;;;;;;;;;;1;;;4
20230313;03;2023;7392358;1;1;01;;1;1613.6724318;19;2;1;4;1;1;2;1;1;2;1;1;4;2;1;1;1;1;1;4;1;;;150000000;650000;;;;;;;;;;1;;;4
20230313;03;2023;7392359;1;1;01;;1;794.12696876;19;2;1;4;1;2;1;1;1;2;1;1;2;1;1;1;1;1;3;3;3;;;;;450000;;1;;;;;;;;;;2
20230313;03;2023;7392360;1;1;01;;1;1109.885138;19;1;1;4;1;2;2;1;1;2;1;1;2;1;1;1;1;1;1;4;4;;;;300000;;;;;;;;;;1;;;2
20230313;03;2023;7392361;1;1;01;;1;1591.9277863;19;1;1;4;1;2;1;1;1;2;1;1;2;1;1;1;1;1;1;3;1;;;100000000;450000;;;;;;;;;;1;;;2
20230313;03;2023;7392362;1;1;01;;1;794.12696876;19;1;1;4;1;2;2;1;1;2;1;1;4;2;1;1;1;1;1;4;1;;;250000000;600000;;;;;;;;;;1;;;2
20230313;03;2023;7392363;1;1;01;;1;1620.5278636;19;1;1;4;1;2;1;1;1;2;1;1;3;2;1;1;1;1;3;3;1;;;30000000;400000;;;1;;;;;;;;;;3
20230313;03;2023;7392364;1;1;01;;1;1047.1158304;19;2;1;2;1;1;1;1;1;2;1;1;1;1;1;1;1;1;1;3;4;;;;200000;;;;;;;;;;1;;;5
20230313;03;2023;7392365;1;1;01;;1;906.53374515;19;1;1;4;1;2;2;1;1;2;1;1;4;3;1;1;1;1;1;4;1;;;200000000;750000;;;;;;;;;;1;;;3
20230313;03;2023;7392366;1;1;01;;1;1510.1454179;19;2;1;4;1;2;1;1;1;2;1;1;3;1;1;1;1;1;1;3;3;;;;;400000;;1;;;;;;;;;;1
20230313;03;2023;7392367;1;1;01;;2;1028.3854123;19;1;1;4;1;1;2;2;2;;1;1;3;2;2;1;4;2;1;5;1;;;60000000;350000;;;;;;;;;;1;;;2
20230313;03;2023;7392368;1;1;01;;2;1028.3854123;19;1;4;2;1;1;2;2;2;;1;1;3;2;2;1;3;1;1;5;4;;;;100000;;;;;;;;;;1;;;2
20230313;03;2023;7392369;1;1;01;;2;1562.2839343;19;1;1;2;1;1;2;2;2;;1;1;4;2;2;1;4;1;1;4;1;;;99;300000;;;;;;;;;;1;;;2
20230313;03;2023;7392370;1;1;01;;2;1954.9669388;19;1;1;2;1;9;2;2;2;;1;1;3;1;6;;4;7;5;5;4;;;;98;;;;;;;;;;1;;;1
20230313;03;2023;7392371;1;1;01;;2;1655.5581097;19;1;1;2;1;1;2;2;2;;1;1;4;3;2;1;4;1;1;5;4;;;;350000;;;;;;;;;;1;;;3
20230313;03;2023;7392372;1;1;01;;2;1905.6891319;19;1;1;4;1;1;2;2;2;;1;1;2;1;2;1;4;2;1;5;4;;;;150000;;;;;;;;;;1;;;2
20230313;03;2023;7392373;1;1;01;;2;1028.3854123;19;1;1;4;1;1;2;2;2;;1;1;3;2;2;1;5;1;1;4;1;;;40000000;350000;;;;;;;;;;1;;;2
20230313;03;2023;7392374;1;1;01;;2;1839.2602169;19;1;7;1;1;1;2;2;2;;1;1;3;2;4;1;4;1;1;5;1;;;99;99;;;;;;;;;;1;;;4
20230313;03;2023;7392375;1;1;01;;2;1572.6438252;19;1;1;4;1;1;2;2;2;;1;1;2;2;2;1;4;2;1;5;1;;;60000000;450000;;;;;;;;;;1;;;2
20230313;03;2023;7392376;1;1;01;;1;1448.6141162;19;2;1;4;1;2;1;1;1;2;1;1;3;1;1;1;1;1;1;3;3;;;;;450000;;1;;;;;;;;;;2
20230313;03;2023;7392377;1;1;01;;2;2176.4399582;19;1;1;2;1;1;2;2;2;;1;1;2;2;2;1;4;2;1;5;4;;;;100000;;;;;;;;;;1;;;2
20230313;03;2023;7392378;1;1;01;;2;734.56844502;19;1;4;2;1;1;2;2;2;;1;1;3;1;2;2;4;1;1;4;1;;;99;99;;;;;;;;;;1;;;3
20230313;03;2023;7392379;1;1;01;;2;1950.8325043;19;1;1;2;1;1;2;2;2;;1;1;3;2;2;1;4;1;1;4;1;;;98;98;;;;;;;;;;1;;;3
20230313;03;2023;7392380;1;1;01;;2;2182.2613151;19;2;1;4;1;1;2;2;2;;1;1;3;2;2;1;4;1;1;4;4;;;;98;;;;;;;;;;1;;;3
20230313;03;2023;7392381;1;1;01;;1;797.18833785;19;2;1;4;1;2;1;1;1;2;1;1;4;2;1;1;1;1;1;3;4;;;;500000;;;;;;;;;;1;;;2
20230313;03;2023;7392382;1;1;01;;1;772.27633982;19;1;1;1;1;2;2;1;1;2;1;1;2;1;1;1;1;1;1;4;3;;;;;200000;;;;;;;;;1;;;1
20230313;03;2023;7392383;1;1;01;;1;966.57146796;19;2;1;4;1;2;2;1;1;2;1;1;3;2;1;1;1;4;1;4;3;;;;;400000;;;;;;;;;1;;;2
20230313;03;2023;7392386;1;1;01;;1;1176.2870094;19;1;1;4;1;3;1;1;1;2;1;1;4;3;1;1;1;1;1;3;1;;;99;500000;;;1;;;;;;;;;;4
20230313;03;2023;7392387;1;1;01;;2;2417.1179896;19;1;1;4;1;1;2;2;2;;1;1;4;2;2;1;5;1;1;4;3;;;;;236000;;;;;;1;;;;;;3
20230313;03;2023;7392388;1;1;01;;2;2000.1103112;19;1;1;4;1;1;2;2;2;;1;1;4;1;2;1;4;2;2;5;1;;;60000000;450000;;;;;;;;;;1;;;2
20230313;03;2023;7392390;1;1;01;;2;2704.014472;19;1;1;4;1;1;2;2;2;;1;1;3;1;2;1;4;2;1;4;3;;;;;300000;;;;;;;;;1;;;1
20230313;03;2023;7392391;1;1;01;;1;746.35145768;19;2;1;4;1;3;1;1;1;2;1;1;4;3;1;1;1;1;1;3;3;;;;;800000;;1;;;;;;;;;;4
20230313;03;2023;7392392;1;1;01;;1;617.82107186;19;2;1;4;1;3;1;1;1;2;1;1;3;1;1;1;1;1;1;3;3;;;;;600000;;;;;;;;;1;;;1
20230313;03;2023;7392393;1;1;01;;1;704.93216521;19;1;1;4;1;3;1;1;1;2;1;1;5;3;1;1;1;1;1;3;3;;;;;600000;;;;;;;;;1;;;3
20230313;03;2023;7392398;1;1;01;;1;770.7827609;19;2;1;4;1;2;1;1;1;2;1;1;2;1;1;1;1;1;1;3;3;;;;;430000;;1;;;;;;;;;;1
20230313;03;2023;7392399;1;1;01;;1;979.11318141;19;2;1;2;1;3;1;1;1;2;1;1;4;2;1;1;1;1;1;3;4;;;;700000;;;1;;;;;1;;;;;2
20230313;03;2023;7392405;1;1;01;;2;107.12003944;63;1;1;2;1;1;2;2;2;;1;1;2;1;2;1;5;1;1;4;4;;;;300000;;;1;;;;;;;;;;1
20230313;03;2023;7392406;1;1;01;;2;225.22240939;63;1;1;2;1;1;2;2;2;;1;1;3;2;2;1;5;1;1;4;4;;;;450000;;;1;;;;;;;;;;4
20230313;03;2023;7392407;1;1;01;;2;181.44823201;63;1;5;3;1;1;2;2;2;;1;1;1;1;2;1;5;1;6;;4;;;;250000;;;;;;;;;;1;;;1
20230313;03;2023;7392408;1;1;01;;2;139.0126229;63;1;1;2;1;1;2;2;2;;1;1;2;1;2;1;5;1;3;4;4;;;;300000;;;;;;;;;;1;;;2
20230313;03;2023;7392409;1;1;01;;2;66.950024648;63;1;1;4;1;2;1;1;1;3;1;1;2;1;1;1;1;1;1;3;4;;;;300000;;;;;;;;;;1;;;1
20230313;03;2023;7392410;1;1;01;;2;129.7904129;63;1;1;4;1;2;1;1;1;3;1;1;3;2;1;1;1;1;1;3;3;;;;;300000;;1;;;;;;;;;;3
20230313;03;2023;7392411;1;1;01;;2;204.94739843;63;1;1;4;1;1;1;1;1;3;1;1;4;2;1;1;1;1;1;3;1;;;98;400000;;;1;;;;1;;;;;;3
20230313;03;2023;7392412;1;1;01;;1;447.00492528;63;1;1;4;1;3;1;1;1;3;1;1;3;1;1;1;1;1;1;3;3;;;;;350000;;;;;;;;;1;;;2
20230313;03;2023;7392413;1;1;01;;2;106.93278685;63;1;1;4;1;1;1;2;1;3;1;1;3;1;5;1;1;1;1;3;3;;;;;400000;;1;;;;;1;;;;;2
20230313;03;2023;7392414;1;1;01;;1;472.51749706;63;1;1;4;1;2;1;1;1;3;1;1;4;2;1;1;1;1;1;3;3;;;;;450000;;1;;;;;1;;;;;3
20230313;03;2023;7392415;1;1;01;;1;579.55203318;63;1;1;4;1;2;1;1;1;3;1;1;4;3;1;1;1;1;1;3;3;;;;;380000;;;;;;;;;1;;;3
20230313;03;2023;7392416;1;1;01;;1;420.31158392;63;1;1;4;1;2;1;1;1;3;1;1;4;2;1;1;1;1;1;3;1;;;98;480000;;;;;;;;;;1;;;3
20230313;03;2023;7392417;1;1;01;;1;345.19883487;63;1;1;4;1;2;1;1;1;3;1;1;3;1;1;1;1;1;1;3;1;;;1000000;400000;;;1;;;;;;;;;;1
20230313;03;2023;7392418;1;1;01;;1;320.780809;63;1;1;2;1;2;1;1;1;3;1;1;3;2;1;1;1;1;1;3;1;;;98;400000;;;;;;;;;;1;;;2
20230313;03;2023;7392420;1;1;01;;1;274.27203289;63;1;1;4;1;2;1;1;1;3;1;1;3;2;1;1;1;1;1;3;3;;;;;400000;;1;;;;;;;;;;4
20230313;03;2023;7392421;1;1;01;;1;258.98802841;63;2;1;4;1;3;1;1;1;3;1;1;3;1;1;1;1;1;1;3;1;;;98;650000;;;1;1;;;;1;;;;;2
20230313;03;2023;7392422;1;1;01;;1;478.88562209;63;2;1;4;1;3;1;1;1;3;1;1;3;1;1;1;1;1;1;3;3;;;;;600000;;1;;;;;;;;;;1
20230313;03;2023;7392423;1;1;01;;1;332.73339652;63;2;1;4;1;4;1;1;1;3;1;1;3;1;1;1;1;1;1;3;4;;;;600000;;;;;;;;;;1;;;1
20230313;03;2023;7392424;1;1;01;;1;369.70377391;63;1;1;2;1;2;1;1;1;3;1;1;3;1;1;1;1;1;1;3;4;;;;250000;;;1;;;;;;;;;;1
20230313;03;2023;7392425;1;1;01;;1;859.12455297;63;1;1;2;1;2;1;1;1;3;1;1;3;2;1;1;1;1;1;3;3;;;;;280000;;;;;;;;;1;;;4
20230313;03;2023;7392426;1;1;01;;1;554.45679496;63;1;1;4;1;1;1;1;1;3;1;1;3;1;1;1;1;1;1;3;3;;;;;250000;;1;;;;;;;;;;2
20230313;03;2023;7392427;1;1;01;;1;435.35056554;63;1;1;2;1;3;2;1;1;3;1;1;3;1;1;1;1;1;1;4;4;;;;400000;;;;;;;;;;1;;;1
20230313;03;2023;7392429;1;1;01;;1;278.15759113;63;2;1;4;1;3;1;1;1;3;1;1;3;1;1;1;1;1;1;3;1;;;90000000;550000;;;;;;;;;;1;;;2
20230313;03;2023;7392430;1;1;01;;1;259.86168806;63;1;1;2;1;1;2;1;1;3;1;1;2;1;1;1;1;1;1;4;1;;;55000000;300000;;;;;;;;;;1;;;1
20230313;03;2023;7392431;1;1;01;;2;94.796003405;63;1;1;4;1;4;1;2;1;3;1;1;3;1;2;1;1;1;1;3;1;;;800000000;1200000;;;1;1;;;;1;;;;;2
20230313;03;2023;7392432;1;1;01;;2;126.96617867;63;1;1;4;1;4;1;2;1;3;1;1;1;1;2;1;1;1;2;3;4;;;;380000;;;1;;;;;;;;;;1
20230313;03;2023;7392433;1;1;01;;2;90.511452417;63;1;1;4;1;4;1;2;1;3;1;1;5;1;2;1;1;1;1;3;4;;;;1300000;;;1;;;;;;;;;;1
20230313;03;2023;7392434;1;1;01;;2;120.41686588;63;1;1;2;1;2;2;2;2;;1;1;3;1;2;1;5;1;1;4;4;;;;400000;;;1;;;;;;;;;;2
20230313;03;2023;7392435;1;1;01;;2;514.46913337;73;1;1;4;1;1;1;1;1;3;1;1;3;3;1;1;1;1;1;3;1;;;35000000;450000;;;;;;;;;;1;;;6
20230313;03;2023;7392439;1;1;01;;2;334.68815827;73;2;1;2;1;2;2;2;2;;2;1;3;2;2;2;4;3;4;4;5;;;;300000;;;;;;;;;;1;;;2
20230313;03;2023;7392440;1;1;01;;2;415.10068717;73;1;1;2;1;2;2;2;2;;2;1;4;2;2;1;4;2;1;4;4;;;;350000;;;1;;;;;;;;;;3
20230313;03;2023;7392441;1;1;01;;1;1265.5296112;73;1;5;2;1;1;2;1;1;1;1;1;4;3;1;1;1;1;1;5;1;;;50000000;200000;;;;;;;;;;1;;;5
20230313;03;2023;7392442;1;1;01;;1;755.8958612;73;1;5;3;1;1;2;2;1;1;1;1;2;1;2;1;1;1;1;5;3;;;;;80000;;;;;;;;;1;;;3
20230313;03;2023;7392443;1;1;01;;1;622.65142802;73;1;5;3;1;1;2;1;1;1;1;1;3;2;1;1;1;1;1;4;3;;;;;120000;;;;;;;;;1;;;3
20230313;03;2023;7392444;1;1;01;;1;395.38261872;73;1;4;2;1;1;2;2;1;1;1;1;3;1;3;1;1;1;1;4;4;;;;200000;;;1;;;;;;;;;;1
20230313;03;2023;7392445;1;1;01;;1;718.06587645;73;1;1;2;1;1;2;1;1;1;1;1;4;2;1;1;1;1;1;4;1;;;45000000;200000;;;;;;;;;;1;;;3
20230313;03;2023;7392446;1;1;01;;1;652.22415642;73;1;5;2;1;1;2;2;1;1;1;1;4;3;2;1;1;1;1;5;3;;;;;50000;;;;;;;;;1;;;4
20230313;03;2023;7392447;1;1;01;;1;552.59105988;73;1;5;2;1;1;2;2;1;1;1;1;3;2;5;1;4;1;1;5;5;;;;150000;;;;;;;;;;1;;;3
20230313;03;2023;7392448;1;1;01;;1;662.39101249;73;1;5;3;1;1;2;2;1;1;1;1;3;1;2;1;1;1;1;4;1;;;3000000;150000;;;;;;;;;;1;;;1
20230313;03;2023;7392449;1;1;01;;1;848.25257442;73;1;5;2;1;1;2;2;1;1;1;1;2;2;3;1;1;1;1;4;1;;;99;200000;;;;;;;;;;1;;;5
20230313;03;2023;7392450;1;1;01;;1;771.25240815;73;1;1;2;1;1;2;1;1;1;1;1;1;1;1;1;1;1;1;5;1;;;20000000;100000;;;;;;;;;;1;;;3
20230313;03;2023;7392451;1;1;01;;1;408.78281818;73;2;5;3;1;2;1;1;1;1;1;1;3;2;1;1;1;1;1;3;3;;;;;200000;;1;;;;;;;;;;5
20230313;03;2023;7392452;1;1;01;;1;361.30418863;73;1;5;3;1;2;2;1;1;1;1;1;3;1;1;1;1;1;1;4;4;;;;400000;;;1;;;;;;;;;;1
20230313;03;2023;7392453;1;1;01;;2;1150.2771286;73;1;5;2;1;1;2;2;2;;2;1;3;2;5;1;4;6;1;5;1;;;55000000;150000;;;;;;;;;;1;;;3
20230313;03;2023;7392454;1;1;01;;1;410.56866932;73;2;1;4;1;2;1;1;1;1;1;1;3;2;1;1;1;1;1;3;3;;;;;300000;;1;;;;;;;;;;4
20230313;03;2023;7392455;1;1;01;;2;535.00969413;73;1;5;2;1;1;2;2;2;;2;1;3;1;3;1;4;6;1;5;6;;;;200000;;;1;;;;;;;;;;2
20230313;03;2023;7392456;1;1;01;;2;646.03962082;73;1;1;2;1;1;2;2;2;;1;1;3;1;3;1;4;1;1;5;1;;;2500000;100000;;;1;;;;;;;;;;1
20230313;03;2023;7392457;1;1;01;;2;881.50901578;73;1;5;2;1;1;2;2;2;;2;1;4;3;5;1;4;6;1;5;1;;;45000000;100000;;;;;;;;;;1;;;5
20230313;03;2023;7392458;1;1;01;;2;1344.2119752;73;1;1;4;1;1;2;2;2;;2;1;3;2;2;1;4;6;1;5;4;;;;200000;;;1;;;1;;;;;;;4
20230313;03;2023;7392459;1;1;01;;2;1125.1191257;73;1;5;3;1;1;2;2;2;;1;1;3;2;3;1;4;1;1;5;4;;;;200000;;;1;;;;;;;;;;4
20230313;03;2023;7392460;1;1;01;;2;967.40422318;73;1;5;2;1;1;2;2;2;;1;1;3;3;3;1;4;1;1;5;1;;;10000000;300000;;;1;;;;;;;;;;3
20230313;03;2023;7392461;1;1;01;;2;1287.4730957;73;1;4;2;1;1;2;2;2;;2;1;3;2;2;1;4;6;1;5;4;;;;150000;;;;;;;;;;1;;;3
20230313;03;2023;7392462;1;1;01;;2;1179.2632253;73;1;4;2;1;1;2;2;2;;2;1;3;2;3;1;4;6;1;5;3;;;;;250000;;1;;;;;;;;;;4
20230313;03;2023;7392463;1;1;01;;2;1556.1560929;73;1;5;3;1;1;2;2;2;;2;1;3;2;3;1;4;6;1;5;2;;416000;90000000;120000;;;1;;;;;;;;;;3
20230313;03;2023;7392464;1;1;01;;2;1018.4186735;73;1;1;2;1;2;2;2;2;;1;1;3;2;2;1;4;1;1;5;4;;;;200000;;;1;;;;;;;;;;4
20230313;03;2023;7392465;1;1;01;;1;195.39834807;73;2;1;4;1;2;1;1;1;1;1;1;3;1;1;1;1;1;1;3;1;;;65000000;300000;;;;;;;;;;1;;;2
20230313;03;2023;7392466;1;1;01;;1;246.85988394;73;1;1;2;1;2;1;1;1;3;1;1;2;1;1;1;1;1;4;3;4;;;;300000;;;;;;;;;;1;;;2
20230313;03;2023;7392467;1;1;01;;1;333.63757264;73;1;1;4;1;2;1;1;1;1;1;1;4;4;1;1;1;1;1;3;1;;;70000000;250000;;;1;;;;;1;;;;;5
20230313;03;2023;7392468;1;1;01;;1;393.52845588;73;1;1;4;1;1;1;1;1;1;1;1;3;2;1;1;1;1;1;3;3;;;;;350000;;1;;;;;;;;;;3
20230313;03;2023;7392470;1;1;01;;1;195.39834807;73;1;1;4;1;2;1;1;1;3;1;1;3;1;1;1;1;1;1;3;5;;;;400000;;;1;;;;;;;;;;2
20230313;03;2023;7392471;1;1;01;;1;195.39834807;73;1;1;4;1;1;1;1;1;1;1;1;3;1;1;1;1;1;1;3;3;;;;;400000;;1;;;;;;;;;;2
20230313;03;2023;7392472;1;1;01;;1;476.32170001;73;1;1;2;1;2;1;1;1;1;1;1;3;2;1;1;1;1;1;3;3;;;;;250000;;1;;;;1;1;;;;;2
20230313;03;2023;7392473;1;1;01;;1;410.56866932;73;1;1;4;1;2;1;1;1;3;1;1;5;2;1;1;1;1;1;3;3;;;;;420000;;1;;;;1;;;;;;4
20230313;03;2023;7392474;1;1;01;;2;676.62127233;73;1;1;4;1;2;2;2;2;;1;1;3;1;3;1;4;1;1;5;1;;;3500000;200000;;;1;;;;;;;;;;2
20230313;03;2023;7392475;1;1;01;;2;1142.7946559;73;1;1;2;1;1;2;2;2;;2;1;4;3;5;1;4;6;1;5;4;;;;150000;;;;;;;;;;1;;;4
20230313;03;2023;7392476;1;1;01;;2;676.62127233;73;1;1;2;1;2;2;2;2;;1;1;3;1;2;1;4;1;3;5;1;;;98;120000;;;;;;;;;;1;;;2
20230313;03;2023;7392477;1;1;01;;2;995.69194079;73;1;1;2;1;1;2;2;2;;1;1;4;3;5;1;4;1;1;5;1;;;65000000;150000;;;;;;;;;;1;;;4
20230313;03;2023;7392478;1;1;01;;2;586.45835708;73;1;4;2;1;2;2;2;2;;1;1;3;2;3;1;4;1;1;5;3;;;;;100000;;;;;;1;;;;;;2
20230313;03;2023;7392479;1;1;01;;2;1236.3735298;73;1;4;3;1;2;2;2;2;;1;1;3;2;3;1;4;1;1;5;1;;;60000000;120000;;;1;;;;;;;;;;4
20230313;03;2023;7392480;1;1;01;;2;1687.093717;73;1;1;2;1;2;2;2;2;;1;1;3;2;2;1;4;1;5;5;5;;;;200000;;;1;;;;1;;;;;;5
20230313;03;2023;7392481;1;1;01;;2;676.62127233;73;1;1;2;1;2;2;2;2;;1;1;5;2;3;1;4;1;1;5;1;;;30000000;150000;;;;;;;;;;1;;;2
20230313;03;2023;7392482;1;1;01;;2;692.07446862;73;1;1;2;1;2;2;2;2;;1;1;4;3;3;1;4;1;1;5;4;;;;250000;;;;;;;;;;1;;;3
20230313;03;2023;7392483;1;1;01;;2;1142.7946559;73;1;5;3;1;2;2;2;2;;2;1;4;2;2;1;4;6;1;5;1;;;30000000;150000;;;1;;;;1;1;;;;;4
20230313;03;2023;7392484;1;1;01;;2;676.62127233;73;1;1;2;1;1;2;2;2;;2;1;2;1;3;1;4;2;1;5;1;;;99;250000;;;1;;;;;;;;;;2
20230313;03;2023;7392485;1;1;01;;2;906.24092016;73;1;5;2;1;1;2;2;2;;2;1;3;1;2;1;4;6;1;5;4;;;;150000;;;;;;;;;;1;;;1
20230313;03;2023;7392486;1;1;01;;2;1037.1785443;73;1;1;2;1;2;2;2;2;;2;1;4;2;3;1;4;6;1;5;2;;1000000;30000000;200000;;;;;;;;;;1;;;3
20230313;03;2023;7392487;1;1;01;;2;723.36801476;73;1;5;1;1;1;2;2;2;;2;1;3;1;2;1;4;6;1;5;4;;;;100000;;;;;;;;;;1;;;1
20230313;03;2023;7392488;1;1;01;;2;965.11028927;73;1;5;2;1;2;2;2;2;;2;1;3;2;2;1;4;6;1;5;1;;;30000000;120000;;;1;;;;;;;;;;3
20230313;03;2023;7392489;1;1;01;;2;646.03962082;73;1;5;2;1;1;2;2;2;;2;1;3;1;2;1;4;6;1;5;4;;;;150000;;;;;;;;;;1;;;1
20230313;03;2023;7392490;1;1;01;;2;724.87845396;73;1;1;2;1;2;2;2;2;;2;1;2;2;3;1;4;6;1;5;1;;;98;150000;;;;;;;;;;1;;;3
20230313;03;2023;7392491;1;1;01;;2;1354.7387736;73;1;5;2;1;1;2;2;2;;2;1;2;1;3;1;4;2;1;4;4;;;;500000;;;1;;;;;;;;;;3
20230313;03;2023;7392492;1;1;01;;2;1687.093717;73;1;1;2;1;2;2;2;2;;2;1;2;2;3;1;4;6;1;5;4;;;;150000;;;1;;;;;;;;;;5
20230313;03;2023;7392493;1;1;01;;1;1145.9345458;73;1;1;3;1;1;2;2;1;1;1;1;4;3;3;1;1;1;3;4;5;;;;200000;;;1;;;;;;;;;;6
20230313;03;2023;7392494;1;1;01;;1;672.34435999;73;1;1;2;1;2;1;1;1;1;1;1;4;2;1;1;1;1;1;3;3;;;;;600000;;1;;;;;;;;;;4
20230313;03;2023;7392496;1;1;01;;2;616.73244391;73;1;1;4;1;2;2;2;2;;2;1;5;2;2;1;4;6;1;5;5;;;;300000;;;;;;;;;;1;;;3
20230313;03;2023;7392497;1;1;01;;2;896.62106832;73;1;1;4;1;2;1;2;2;;2;1;5;3;2;1;4;6;1;3;1;;;98;500000;;;;;;;;;;1;;;4
20230313;03;2023;7392498;1;1;01;;2;434.69665134;73;1;5;3;1;2;1;2;2;;1;1;2;2;6;;4;1;4;5;5;;;;300000;;;;;;;;;;1;;;2
20230313;03;2023;7392499;1;1;01;;2;1240.0810836;73;1;1;4;1;2;2;2;2;;1;1;4;2;2;1;4;1;1;5;4;;;;400000;;;;;;;;;;1;;;5
20230313;03;2023;7392500;1;1;01;;2;564.1178064;73;1;1;4;1;2;2;2;2;;1;1;3;2;2;1;5;1;1;5;4;;;;300000;;;1;;;;;;;;;;2
20230313;03;2023;7392501;1;1;01;;2;616.73244391;73;1;1;2;1;2;2;2;2;;1;1;2;2;2;1;5;1;1;5;1;;;98;98;;;;;;;1;;;;;;3
20230313;03;2023;7392502;1;1;01;;2;1106.738852;73;1;5;3;1;1;2;2;2;;1;1;3;2;2;1;5;1;1;4;4;;;;400000;;;1;;;;;;;;;;4
20230313;03;2023;7392503;1;1;01;;2;783.27338032;73;1;5;3;1;2;2;2;2;;1;1;2;2;2;1;4;1;1;5;4;;;;400000;;;;;;;;;;1;;;4
20230313;03;2023;7392504;1;1;01;;2;694.12536732;73;1;1;4;1;2;2;2;2;;1;1;3;2;2;1;4;1;1;5;4;;;;200000;;;;;;;;;;1;;;3
20230313;03;2023;7392505;1;1;01;;2;1121.302271;73;1;1;2;1;2;2;2;2;;1;1;6;3;2;1;4;1;1;5;4;;;;400000;;;;;;;;;;1;;;4
20230313;03;2023;7392506;1;1;01;;2;649.9311487;73;1;1;2;1;2;2;2;2;;1;1;3;2;2;1;5;1;1;5;4;;;;300000;;;1;;;;;;;;;;3
20230313;03;2023;7392507;1;1;01;;2;737.55014253;73;1;1;2;1;2;2;2;2;;1;1;3;2;2;1;4;1;1;5;4;;;;200000;;;;;;;;;;1;;;3
20230313;03;2023;7392508;1;1;01;;2;842.71003872;73;1;1;4;1;2;2;2;2;;1;1;4;2;2;1;4;1;1;5;4;;;;200000;;;;;;;;;;1;;;3
20230313;03;2023;7392509;1;1;01;;2;765.73237551;73;1;1;2;1;1;2;2;2;;1;1;3;2;2;1;4;1;1;4;5;;;;150000;;;;;;;;;;1;;;2
20230313;03;2023;7392510;1;1;01;;2;687.19549509;73;1;1;4;1;2;2;2;2;;1;1;3;2;3;1;4;1;1;4;2;;150000;98;500000;;;1;;;;;;;;;;2
20230313;03;2023;7392511;1;1;01;;2;734.6727946;73;1;1;2;1;1;2;2;2;;1;1;3;1;3;1;4;1;1;4;1;;;98;100000;;;;;;;;;;1;;;1
20230313;03;2023;7392512;1;1;01;;2;1256.394544;73;1;5;2;1;1;2;2;2;;1;1;4;2;3;1;4;1;1;5;2;;200000;15000000;100000;;;1;;1;;;;;;;;4
20230313;03;2023;7392513;1;1;01;;2;1401.6278388;73;1;1;2;1;2;2;2;2;;1;1;2;2;3;1;4;1;1;5;2;;330000;98;150000;;;;;;;;;;1;;;4
20230313;03;2023;7392514;1;1;01;;2;686.09420829;73;1;5;1;1;0;2;2;2;;1;1;2;1;2;1;4;1;1;4;5;;;;100000;;;;;;;;;;1;;;3
20230313;03;2023;7392516;1;1;01;;2;1550.1013545;73;1;1;2;1;1;2;2;2;;1;1;4;3;2;1;4;1;1;4;1;;;99;100000;;;;;;;1;;;;;;5
20230313;03;2023;7392520;1;1;01;;1;942.12314232;73;2;1;4;1;2;2;1;1;2;1;1;3;2;1;1;1;1;1;4;1;;;99;300000;;;1;;;;;;;;;;4
20230313;03;2023;7392521;1;1;01;;1;1292.293692;73;2;1;2;1;2;2;1;1;2;1;1;1;1;1;1;1;1;1;4;3;;;;;280000;;;;;;;;;1;;;3
20230313;03;2023;7392522;1;1;01;;1;675.95351465;73;1;1;2;1;2;1;1;1;2;1;1;4;1;1;1;1;1;1;3;6;;;;500000;;;1;;;;;;;;;;1
20230313;03;2023;7392523;1;1;01;;1;1180.027449;73;2;1;4;1;2;2;1;1;2;1;1;3;1;1;1;1;1;1;4;3;;;;;360000;;;;;;;;;1;;;2
20230313;03;2023;7392524;1;1;01;;1;612.43722439;73;1;1;2;1;1;1;1;1;2;1;1;4;1;1;1;1;1;1;3;1;;;98;200000;;;1;;;;;;;;;;2
20230313;03;2023;7392525;1;1;01;;1;2245.8329342;73;2;1;2;1;2;1;1;1;2;1;1;3;2;1;1;1;1;1;3;4;;;;400000;;;1;;;;;;;;;;5
20230313;03;2023;7392526;1;1;01;;1;723.30895056;73;1;1;4;1;2;1;1;1;2;1;1;5;2;1;1;1;1;1;3;5;;;;500000;;;1;;;;;;;;;;2
20230313;03;2023;7392528;1;1;01;;1;1346.5910426;73;1;1;4;1;2;1;1;1;2;1;1;4;3;1;1;1;1;1;3;2;;250000;99;200000;;;1;;;;;;;;;;4
20230313;03;2023;7392529;1;1;01;;1;786.82524083;73;1;1;2;1;2;1;1;1;2;1;1;2;1;1;1;1;1;1;3;4;;;;98;;;;;;;;;;1;;;1
20230313;03;2023;7392530;1;1;01;;1;612.43722439;73;2;1;4;1;2;1;1;1;2;1;1;4;1;1;1;1;1;1;3;1;;;98;500000;;;1;;;;;;;;;;2
20230313;03;2023;7392531;1;1;01;;1;1746.3997388;73;2;1;4;1;2;1;1;1;2;1;1;2;1;1;1;1;1;1;3;3;;;;;99;;1;;;;;;;;;;5
20230313;03;2023;7392532;1;1;01;;1;1081.5256234;73;1;1;2;1;2;1;1;1;2;1;1;2;1;1;1;1;1;4;3;3;;;;;250000;;;;;;;;;1;;;1
20230313;03;2023;7392533;1;1;01;;1;2178.9592882;73;1;1;2;1;2;1;1;1;2;1;1;6;3;1;1;1;1;1;3;5;;;;500000;;;;;;;;;;1;;;6
20230313;03;2023;7392534;1;1;01;;1;1383.4025307;73;1;1;2;1;2;1;1;1;2;1;1;5;4;1;1;1;1;1;3;1;;;99;250000;;;1;;;;;;;;;;6
20230313;03;2023;7392535;1;1;01;;1;2511.3480358;73;2;1;4;1;2;1;1;1;2;1;1;4;3;1;2;1;1;1;3;1;;;98;98;;;1;;;;;;;;;;5
20230313;03;2023;7392536;1;1;01;;1;955.48189534;73;1;1;2;1;2;1;1;1;2;1;1;3;2;1;1;1;1;1;3;1;;;98;300000;;;;;;;;;;1;;;3
20230313;03;2023;7392537;1;1;01;;1;1982.2152562;73;2;1;4;1;2;1;1;1;2;1;1;2;2;1;1;1;1;1;3;3;;;;;360000;;1;;;;;;;;;;2
20230313;03;2023;7392538;1;1;01;;1;1060.2007679;73;3;1;2;1;2;1;1;1;2;1;1;1;1;1;2;1;1;1;3;3;;;;;150000;;;;;;;;;1;;;2
20230313;03;2023;7392540;1;1;01;;1;1081.5256234;73;2;1;4;1;2;1;1;1;2;1;1;2;1;1;1;1;1;1;3;1;;;98;350000;;;1;;;;;;;;;;1
20230313;03;2023;7392541;1;1;01;;1;1258.9203853;73;2;1;4;1;2;1;1;1;2;1;1;3;1;1;1;1;1;3;3;3;;;;;400000;;;;;;;;;1;;;1
20230313;03;2023;7392542;1;1;01;;2;608.91291592;73;1;1;2;1;2;1;1;1;1;1;1;3;2;1;1;1;1;1;3;1;;;99;250000;;;;;;;;;;1;;;3
20230313;03;2023;7392543;1;1;01;;2;790.20304702;73;1;1;2;1;1;1;1;1;1;1;1;2;2;1;1;1;1;5;3;3;;;;;200000;;;;;;;;;1;;;2
20230313;03;2023;7392544;1;1;01;;2;1221.1598216;73;1;1;4;1;2;1;1;1;1;1;1;4;3;1;1;1;1;3;3;3;;;;;350000;;1;;;;;;;;;;3
20230313;03;2023;7392545;1;1;01;;2;1045.2211078;73;1;1;4;1;2;1;1;1;1;1;1;3;2;1;1;1;1;1;3;4;;;;300000;;;;;;;;;;1;;;4
20230313;03;2023;7392546;1;1;01;;2;735.27989049;73;1;1;2;1;2;1;1;1;1;1;1;4;1;1;1;1;1;1;3;1;;;99;200000;;;;;;;;;;1;;;1
20230313;03;2023;7392547;1;1;01;;2;770.08591887;73;1;1;4;1;2;1;1;1;1;1;1;4;2;1;1;1;1;1;3;5;;;;250000;;;;;;;;;;1;;;2
20230313;03;2023;7392548;1;1;01;;2;1160.3314108;73;1;1;4;1;2;1;1;1;1;1;1;3;2;1;1;1;1;1;3;4;;;;300000;;;;;;;;;;1;;;3
20230313;03;2023;7392552;1;1;01;;2;910.61258306;73;1;1;4;1;2;2;2;2;;2;1;3;3;2;1;5;10;1;4;2;;1600000;214000000;98;;;1;;;;;;;;;;4
20230313;03;2023;7392553;1;1;01;;2;613.86823504;73;1;1;2;1;2;2;2;2;;1;1;3;1;2;1;4;1;1;5;1;;;98;200000;;;;;;;;;;1;;;2
20230313;03;2023;7392554;1;1;01;;2;693.07732698;73;1;1;2;1;1;2;2;2;;1;1;2;1;2;1;4;1;1;5;3;;;;;250000;;;;;;;;;1;;;2
20230313;03;2023;7392555;1;1;01;;2;548.02162433;73;1;1;2;1;2;2;2;2;;1;1;4;2;2;1;4;1;1;4;3;;;;;1000000;;1;;;;1;;;;;;3
20230313;03;2023;7392556;1;1;01;;2;880.39787044;73;1;1;2;1;2;2;2;2;;1;1;4;2;2;1;5;1;1;4;1;;;98;98;;;;;;;;;;1;;;2
20230313;03;2023;7392557;1;1;01;;2;880.39787044;73;1;1;4;1;2;2;2;2;;1;1;2;2;2;1;4;1;1;4;4;;;;400000;;;;;;;;;;1;;;2
20230313;03;2023;7392558;1;1;01;;2;740.96099338;73;1;1;2;1;2;2;2;2;;1;1;1;1;2;1;4;1;1;5;4;;;;98;;;;;;;;;;1;;;1
20230313;03;2023;7392559;1;1;01;;2;693.07732698;73;1;1;2;1;2;2;2;2;;1;1;3;1;2;1;4;1;1;5;1;;;99;99;;;;;;;;;;1;;;2
20230313;03;2023;7392560;1;1;01;;2;693.07732698;73;1;1;2;1;1;2;2;2;;1;1;2;1;2;1;4;1;1;5;1;;;98;98;;;;;;;;;;1;;;2
20230313;03;2023;7392561;1;1;01;;2;1376.9044527;73;1;1;4;1;2;2;2;2;;1;1;3;2;2;1;4;1;1;4;4;;;;98;;;1;;;;;;;;;;4
20230313;03;2023;7392562;1;1;01;;2;1348.0652507;73;1;1;4;1;2;2;2;2;;1;1;4;3;3;1;5;1;1;5;2;;400000;98;98;;;1;;;;1;;;;;;3
20230313;03;2023;7392563;1;1;01;;2;1199.808568;73;1;4;1;1;1;2;2;2;;2;1;3;2;2;1;4;6;1;5;1;;;99;100000;;;;;;;1;;;;;;4
20230313;03;2023;7392564;1;1;01;;2;1160.0484416;73;1;5;2;1;2;2;2;2;;2;1;3;1;2;1;4;6;1;5;4;;;;98;;;;;;;;;;1;;;3
20230313;03;2023;7392565;1;1;01;;2;1274.3638954;73;1;1;4;1;0;2;2;2;;1;1;4;2;3;1;4;1;1;4;4;;;;300000;;;;;;;;;;1;;;2
20230313;03;2023;7392566;1;1;01;;2;1857.2819426;73;1;1;2;1;2;2;2;2;;1;1;6;3;2;1;4;1;1;5;2;;9000000;98;98;;;;;1;;;;;;;;6
20230313;03;2023;7392567;1;1;01;;2;823.28999265;73;1;1;2;1;1;2;2;2;;2;1;1;1;3;1;3;6;1;5;5;;;;300000;;;;;;;;;;1;;;1
20230313;03;2023;7392568;1;1;01;;2;1525.1946225;73;1;8;1;1;0;2;2;2;;2;1;2;2;3;1;4;6;1;5;1;;;99;99;;;;;;;;;;1;;;4
20230313;03;2023;7392569;1;1;01;;2;1138.697188;73;1;1;2;1;2;2;2;2;;1;1;2;2;3;1;4;1;1;5;1;;;98;98;;;1;;;;1;;;;;;4
20230313;03;2023;7392570;1;1;01;;2;920.82844859;73;1;1;2;1;2;2;2;2;;2;1;3;2;3;1;4;6;1;5;5;;;;99;;;1;;;;1;;;;;;3
20230313;03;2023;7392571;1;1;01;;2;790.20304702;73;1;1;2;1;2;2;2;2;;1;1;4;2;3;1;4;1;1;4;5;;;;98;;;1;;;;;;;;;;2
20230313;03;2023;7392572;1;1;01;;1;786.82524083;73;1;1;4;1;2;1;1;1;2;1;1;3;1;1;1;1;1;1;3;1;;;98;98;;;1;;;;;;;;;;1
20230313;03;2023;7392573;1;1;01;;2;1550.2939335;73;1;1;2;1;2;2;2;1;8;1;1;3;2;2;1;1;1;1;4;1;;;98;200000;;;;;;;;;;1;;;4
20230313;03;2023;7392574;1;1;01;;2;735.27989049;73;1;1;2;1;1;2;2;1;8;1;1;2;1;2;1;1;1;1;4;1;;;99;100000;;;;;;;;;;1;;;1
20230313;03;2023;7392575;1;1;01;;2;1550.2939335;73;1;1;2;1;1;2;2;1;8;1;1;2;1;2;1;1;1;1;5;1;;;99;100000;;;;;;;;;;1;;;4
20230313;03;2023;7392576;1;1;01;;2;790.20304702;73;1;1;2;1;2;2;2;1;8;1;1;1;1;3;1;1;1;1;5;1;;;98;300000;;;;;;;;;;1;;;2
20230313;03;2023;7392577;1;1;01;;2;823.28999265;73;1;1;4;1;1;2;2;1;8;1;1;1;1;2;1;1;1;1;4;3;;;;;99;;;;;;;;;1;;;1
20230313;03;2023;7392578;1;1;01;;2;978.21985604;73;1;1;1;1;2;2;2;1;8;1;1;3;1;3;1;1;1;5;5;4;;;;300000;;;;;;;;;;1;;;2
20230313;03;2023;7392579;1;1;01;;2;770.08591887;73;1;1;2;1;1;2;2;1;8;1;1;3;1;2;1;1;1;1;4;1;;;99;99;;;;;;;;;;1;;;2
20230313;03;2023;7392580;1;1;01;;2;790.20304702;73;1;1;2;1;1;2;2;1;8;1;1;3;1;2;1;1;1;1;4;1;;;99;300000;;;;;;;;;;1;;;2
20230313;03;2023;7392581;1;1;01;;2;1550.2939335;73;1;1;4;1;2;2;2;1;8;1;1;4;3;3;1;1;1;1;5;5;;;;250000;;;1;;;;;;;;;;4
20230313;03;2023;7392582;1;1;01;;2;974.45641609;73;1;1;2;1;0;2;2;1;8;1;1;4;3;3;1;1;1;1;5;2;;194000;98;98;;;;;;;;;;1;;;4
20230313;03;2023;7392583;1;1;01;05;1;1971.8350137;05;2;1;4;1;1;2;1;1;2;1;1;3;2;1;1;1;1;1;4;3;;;;;400000;;;;;;;;;1;;;5
20230313;03;2023;7392584;1;1;01;05;1;1586.7658797;05;2;1;4;1;1;2;1;1;2;1;1;4;3;1;1;1;1;1;4;3;;;;;300000;;1;;;;;;;;;;4
20230313;03;2023;7392585;1;1;01;05;1;1677.755047;05;2;1;2;1;1;2;1;1;2;1;1;2;1;1;1;1;1;1;4;3;;;;;400000;;1;;;;;;;;;;2
20230313;03;2023;7392586;1;1;01;05;1;1337.8561919;05;2;1;2;1;1;2;1;1;2;1;1;4;3;1;1;1;1;1;4;3;;;;;400000;;1;;;;;;;;;;4
20230313;03;2023;7392587;1;1;01;05;1;1690.9367325;05;2;1;4;1;1;2;1;1;2;1;1;4;3;1;1;1;1;1;4;1;;;50000000;500000;;;1;;;;;;;;;;6
20230313;03;2023;7392588;1;1;01;05;1;1197.2683974;05;2;1;2;1;2;1;1;1;3;1;1;3;3;1;1;1;1;1;3;1;;;80000000;600000;;;1;;;;;;;;;;3
20230313;03;2023;7392589;1;1;01;05;1;1438.3336228;05;2;1;4;1;1;2;1;1;2;1;1;1;1;1;1;1;1;1;4;4;;;;400000;;;1;;;;;;;;;;1
20230313;03;2023;7392590;1;1;01;05;1;4685.0422363;05;2;1;4;1;2;1;1;1;3;1;1;1;1;1;1;1;1;1;3;3;;;;;790000;;1;;;;;;;;;;2
20230313;03;2023;7392591;1;1;01;05;1;3657.6547131;05;2;1;4;1;2;1;1;1;3;1;2;2;1;1;2;1;1;1;3;3;;;;;600000;;;;;;;;;1;;;3
20230313;03;2023;7392591;2;2;01;05;1;3657.6547131;05;2;1;4;1;2;1;1;1;3;1;2;2;1;1;2;1;1;1;3;3;;;;;600000;;;;;;;;;1;;;2
20230313;03;2023;7392592;1;1;01;05;1;1220.4670859;05;2;1;2;1;1;2;1;1;2;1;1;3;2;1;1;1;1;1;4;3;;;;;300000;;1;;;;;;;;;;2
20230313;03;2023;7392593;1;1;01;05;1;3925.2034793;05;2;1;4;1;2;1;1;1;3;1;1;2;1;1;1;1;1;1;3;3;;;;;98;;1;;;;;;;;;;2
20230313;03;2023;7392594;1;1;01;05;1;1775.7817026;05;2;1;4;1;1;2;1;1;2;1;1;3;2;1;1;1;1;1;4;3;;;;;350000;;1;;;;;;;;;;3
20230313;03;2023;7392595;1;1;01;05;1;1435.5130678;05;2;1;4;1;2;2;1;1;2;1;1;3;2;1;1;1;1;1;4;3;;;;;850000;;1;;;;;;;;;;3
20230313;03;2023;7392596;1;1;01;05;1;1558.7498578;05;3;1;4;1;2;2;1;1;2;1;1;3;1;1;1;1;1;1;1;4;;;;300000;;;;;;;;;;;1;;1
20230313;03;2023;7392597;1;1;01;05;1;1041.2238333;05;2;1;4;1;2;1;1;1;2;1;1;6;4;1;1;1;1;1;3;1;;;98;600000;;;1;;;;;;;;;;5
20230313;03;2023;7392598;1;1;01;05;1;1574.3322576;05;3;1;4;1;2;2;1;1;2;1;1;3;2;1;1;1;1;1;1;1;;;98;98;;;1;;;;;;;;;;2
20230313;03;2023;7392599;1;1;01;05;1;1217.7798784;05;2;1;4;1;2;2;1;1;2;1;1;3;2;1;1;1;1;1;4;3;;;;;450000;;1;;;;;;;;;;4
20230313;03;2023;7392600;1;1;01;05;1;4099.5805801;05;1;1;4;1;1;2;1;1;2;1;1;2;2;1;1;1;1;1;4;3;;;;;450000;;1;;;;;;;;;;5
20230313;03;2023;7392601;1;1;01;05;1;753.57505054;05;2;1;2;1;2;1;1;1;2;1;1;4;3;1;1;1;1;1;3;4;;;;700000;;;1;;;;;;;;;;6
20230313;03;2023;7392602;1;1;01;05;1;4543.312347;05;1;1;4;1;1;2;1;1;2;1;1;4;3;1;1;1;1;1;4;3;;;;;400000;;;;;;;;;1;;;3
20230313;03;2023;7392603;1;1;01;05;1;3772.1091047;05;2;1;4;1;1;2;1;1;3;1;1;4;2;1;1;1;1;1;4;3;;;;;500000;;1;;;;1;;;;;;2
20230313;03;2023;7392604;1;1;01;05;1;8646.9493246;05;1;1;4;1;1;2;1;1;2;1;1;3;2;1;1;1;1;1;4;3;;;;;400000;;1;;;;;;;;;;3
20230313;03;2023;7392606;1;1;01;05;1;3835.4445032;05;1;1;4;1;1;2;1;1;2;1;1;5;1;1;1;1;1;1;4;1;;;70000000;500000;;;1;;;;;;;;;;1
20230313;03;2023;7392607;1;1;01;05;1;6293.9373129;05;2;1;4;1;1;2;1;1;3;1;1;4;3;1;1;1;1;1;4;3;;;;;600000;;1;;;;;;;;;;4
20230313;03;2023;7392608;1;1;01;05;1;4189.4097457;05;2;1;4;1;1;2;1;1;3;1;1;3;2;1;1;1;1;1;4;3;;;;;500000;;1;;;;;;;;;;2
20230313;03;2023;7392609;1;1;01;05;1;5195.5584448;05;2;1;4;1;1;2;1;1;3;1;1;4;2;1;1;1;1;1;4;1;;;60000000;400000;;;1;;;;;;;;;;2
20230313;03;2023;7392610;1;1;01;05;1;1195.575701;05;2;1;4;1;2;1;1;1;3;1;1;3;2;1;1;1;1;1;3;3;;;;;550000;;1;;;;;;;;;;4
20230313;03;2023;7392611;1;1;01;05;1;1256.8694065;05;2;1;4;1;2;1;1;1;3;1;1;4;3;1;1;1;1;1;3;3;;;;;800000;;1;;;;;;;;;;5
20230313;03;2023;7392612;1;1;01;05;1;663.12556411;05;2;1;4;1;2;1;1;1;3;1;1;4;3;1;1;1;1;1;3;3;;;;;650000;;1;;;;;;;;;;5
20230313;03;2023;7392613;1;1;01;05;1;1590.2978912;05;2;1;4;1;2;1;1;1;2;1;1;4;3;1;1;1;1;1;3;1;;;98;98;;;;;;;;;;1;;;3
20230313;03;2023;7392614;1;1;01;05;1;1307.0661211;05;2;1;4;1;2;1;1;1;3;1;1;5;3;1;1;1;1;1;3;3;;;;;700000;;1;;;;;;;;;;4
20230313;03;2023;7392615;1;1;01;05;1;993.33664945;05;2;1;4;1;2;1;1;1;2;1;1;4;3;1;1;1;1;1;3;3;;;;;550000;;1;;;;;;;;;;6
20230313;03;2023;7392616;1;1;01;05;1;1235.7716054;05;2;1;4;1;2;1;1;1;2;1;1;4;2;1;1;1;1;1;3;3;;;;;590000;;1;;;;;;;;;;4
20230313;03;2023;7392617;1;1;01;05;1;1139.7259732;05;2;1;4;1;2;1;1;1;2;1;1;3;2;1;1;1;1;1;3;3;;;;;450000;;;;;;;;;1;;;2
20230313;03;2023;7392619;1;1;01;05;1;565.63836595;05;2;1;4;1;2;2;1;1;2;1;1;3;2;1;1;1;1;1;1;1;;;75000000;550000;;;1;;;;;;;;;;4
20230313;03;2023;7392620;1;1;01;05;1;3265.6666774;05;2;1;4;1;1;2;1;1;3;1;1;4;3;1;1;1;1;1;4;1;;;60000000;500000;;;1;;;;;1;;;;;4
20230313;03;2023;7392621;1;1;01;05;1;754.64189897;05;2;1;4;1;3;1;1;1;2;1;1;4;3;1;1;1;1;1;3;3;;;;;1200000;;1;;;;;;;;;;3
20230313;03;2023;7392622;1;1;01;05;1;1452.9123021;05;2;1;4;1;2;1;1;1;2;1;1;1;1;1;1;1;1;2;3;3;;;;;450000;;1;;;;;1;;;;;3
20230313;03;2023;7392623;1;1;01;05;1;1360.5769961;05;2;1;4;1;2;1;1;1;3;1;1;4;2;1;1;1;1;1;3;3;;;;;650000;;1;;;;;;;;;;3
20230313;03;2023;7392624;1;1;01;05;1;1182.5549485;05;2;1;4;1;2;1;1;1;2;1;1;4;2;1;1;1;1;1;3;3;;;;;700000;;1;;;;;;;;;;2
20230313;03;2023;7392625;1;1;01;05;1;664.35825631;05;2;1;4;1;3;1;1;1;2;1;1;5;3;1;1;1;1;1;3;1;;;250000000;850000;;;1;;;;;;;;;;4
20230313;03;2023;7392626;1;1;01;05;1;1151.6252603;05;2;1;4;1;2;1;1;1;2;1;1;4;3;1;1;1;1;1;3;3;;;;;600000;;1;;;;;;;;;;3
20230313;03;2023;7392627;1;1;01;05;1;881.41104986;05;2;1;4;1;3;1;1;1;2;1;1;4;2;1;1;1;1;1;3;2;;2020000;98;1200000;;;1;;;;;;;;;;3
20230313;03;2023;7392628;1;1;01;05;1;915.13911655;05;2;1;4;1;3;1;1;1;2;1;1;3;2;1;1;1;1;1;3;1;;;300000000;1300000;;;1;;;;;;;;;;2
20230313;03;2023;7392629;1;1;01;05;1;762.57475702;05;2;1;4;1;3;1;1;1;2;1;1;4;3;1;1;1;1;1;3;3;;;;;1080000;;1;;;;;;;;;;4
20230313;03;2023;7392630;1;1;01;05;1;1300.7542681;05;2;1;4;1;2;1;1;1;2;1;1;4;1;1;1;1;1;1;3;1;;;200000000;600000;;;1;;;;;;;;;;2
20230313;03;2023;7392631;1;1;01;05;1;4496.5858038;05;1;1;4;1;2;1;1;1;2;1;1;3;1;1;1;1;1;1;3;3;;;;;650000;;1;;;;;;;;;;1
20230313;03;2023;7392632;1;1;01;05;1;2789.8639006;05;2;1;4;1;2;2;1;1;3;1;1;1;1;1;1;1;1;1;4;3;;;;;350000;;1;;;;;;;;;;2
20230313;03;2023;7392633;1;1;01;05;1;1451.9034061;05;2;1;4;1;2;1;1;1;3;1;1;4;1;1;1;1;1;1;3;3;;;;;600000;;1;;;;;;;;;;2
20230313;03;2023;7392634;1;1;01;05;1;2913.2563738;05;2;1;4;1;2;1;1;1;2;1;1;3;3;1;1;1;1;1;3;3;;;;;500000;;1;;;;;;;;;;4
20230313;03;2023;7392635;1;1;01;05;1;708.44951591;05;2;1;4;1;2;1;1;1;2;1;1;4;3;1;1;1;1;1;3;1;;;150000000;800000;;;1;;;;;;;;;;2
20230313;03;2023;7392636;1;1;01;05;1;2395.9642349;05;2;1;4;1;2;1;1;1;3;1;1;2;2;1;1;1;1;1;3;3;;;;;650000;;;;;;;;;1;;;4
20230313;03;2023;7392637;1;1;01;05;1;3320.1260388;05;1;1;4;1;2;1;1;1;2;1;1;3;2;1;1;1;1;1;3;3;;;;;650000;;1;;;;;;;;;;3
20230313;03;2023;7392638;1;1;01;05;1;5021.0801589;05;2;1;4;1;2;1;1;1;3;1;1;3;2;1;1;1;1;1;3;3;;;;;700000;;1;;;;;;;;;;5
20230313;03;2023;7392639;1;1;01;05;1;1918.62093;05;2;1;4;1;2;1;1;1;2;1;1;3;2;1;1;1;1;1;3;3;;;;;850000;;1;;;;;;;;;;2
20230313;03;2023;7392640;1;1;01;05;1;4959.3839223;05;2;1;4;1;2;1;1;1;3;1;1;4;3;1;1;1;1;1;3;3;;;;;850000;;1;;;;;;;;;;4
20230313;03;2023;7392641;1;1;01;05;1;3320.1260388;05;2;1;4;1;2;1;1;1;3;1;1;3;2;1;1;1;1;1;3;3;;;;;550000;;1;;;;;1;;;;;3
20230313;03;2023;7392642;1;1;01;05;1;3714.0257045;05;3;1;2;1;2;1;1;1;2;1;1;2;1;1;1;1;1;1;3;3;;;;;500000;;;;;;;;;1;;;1
20230313;03;2023;7392643;1;1;01;05;1;1460.1144034;05;2;1;4;1;2;1;1;1;3;1;1;2;1;1;1;1;1;1;3;3;;;;;400000;;1;;;;;;;;;;1
20230313;03;2023;7392644;1;1;01;05;1;871.55870256;05;2;1;4;1;2;2;1;1;2;1;1;2;1;1;1;1;1;1;1;4;;;;500000;;;;;;;;;;1;;;1
20230313;03;2023;7392646;1;1;01;05;1;1082.7103245;05;2;1;4;1;2;1;1;1;2;1;1;3;2;1;1;1;1;1;3;3;;;;;500000;;1;;;;;;;;;;3
20230313;03;2023;7392647;1;1;01;05;1;1286.3637054;05;2;1;4;1;2;1;1;1;2;1;1;3;2;1;1;1;1;1;3;3;;;;;560000;;;;;;;;;1;;;3
20230313;03;2023;7392648;1;1;01;05;1;707.5064422;05;2;1;4;1;2;1;1;1;2;1;1;3;2;1;1;1;1;1;3;3;;;;;500000;;1;;;;;;;;;;3
20230313;03;2023;7392649;1;1;01;05;1;3925.2034793;05;2;1;4;1;2;1;1;1;3;1;1;2;1;1;1;1;1;1;3;2;;615000;150000000;800000;;;1;;1;;;1;;;;;2
20230313;03;2023;7392650;1;1;01;05;1;1490.4475989;05;2;1;4;1;3;1;1;1;2;1;1;6;1;1;1;1;1;1;3;1;;;1200000000;1700000;;;1;;;;;;;;;;2
20230313;03;2023;7392651;1;1;01;05;1;1685.8022301;05;1;1;4;1;3;1;1;1;2;1;1;6;2;1;1;1;1;1;3;1;;;200000000;700000;;;1;;;;;;;;;;2
20230313;03;2023;7392652;1;1;01;05;1;1353.177124;05;2;1;4;1;3;1;1;1;2;1;1;4;3;1;1;1;1;1;3;3;;;;;750000;;1;;;;1;;1;;;PRESTAMO ESTUDIO;3
20230313;03;2023;7392653;1;1;01;05;1;1473.9584124;05;2;1;4;1;3;1;1;1;2;1;1;4;2;1;1;1;1;3;3;3;;;;;1100000;;1;;;;;;;;;;3
20230313;03;2023;7392655;1;1;01;05;1;1363.9061256;05;2;1;4;1;3;1;1;1;2;1;1;4;1;1;1;1;1;1;3;3;;;;;1000000;;1;;;;;;;;;;1
20230313;03;2023;7392656;1;1;01;05;1;1133.4588915;05;2;1;4;1;3;1;1;1;2;1;1;4;3;1;1;1;1;1;3;3;;;;;1500000;;1;;;;;;;;;;4
20230313;03;2023;7392657;1;1;01;05;1;1481.5523518;05;2;1;4;1;3;1;1;1;2;1;1;4;2;1;1;1;1;1;3;3;;;;;650000;;1;;;;;;;;;;3
20230313;03;2023;7392658;1;1;01;05;1;2996.8169092;05;2;1;4;1;2;1;1;1;3;1;1;2;1;1;1;1;1;1;3;1;;;250000000;500000;;;1;;;;;;;;;;1
20230313;03;2023;7392659;1;1;01;05;1;1157.1369902;05;1;1;4;1;3;1;1;1;2;1;1;6;3;1;1;1;1;1;3;4;;;;1200000;;;1;;;;;;;;;;4
20230313;03;2023;7392660;1;1;01;05;1;1685.8022301;05;2;1;4;1;3;1;1;1;2;1;1;3;1;1;1;1;1;1;3;3;;;;;900000;;1;;;;;;;;;;2
20230313;03;2023;7392661;1;1;01;05;1;1377.5407254;05;1;1;4;1;3;2;1;1;2;1;1;6;2;1;1;1;1;1;1;4;;;;800000;;;1;;;;1;1;;;;;2
20230313;03;2023;7392662;1;1;01;05;1;1490.4475989;05;2;1;4;1;3;1;1;1;2;1;1;4;2;1;1;1;1;1;3;3;;;;;700000;;1;;;;;;;;;;2
20230313;03;2023;7392663;1;1;01;05;1;3925.2034793;05;2;1;4;1;2;1;1;1;3;1;1;2;1;1;1;1;1;1;3;3;;;;;1100000;;1;;;;;;;;;;2
20230313;03;2023;7392664;1;1;01;05;1;1550.3655097;05;2;1;4;1;3;1;1;1;2;1;1;4;2;1;1;1;1;1;3;3;;;;;1300000;;1;;;;;;;;;;2
20230313;03;2023;7392665;1;1;01;05;1;1353.177124;05;2;1;4;1;3;1;1;1;2;1;1;3;2;1;1;1;1;1;3;1;;;200000000;700000;;;1;;;;;;;;;;3
20230313;03;2023;7392666;1;1;01;05;1;1363.9061256;05;2;1;4;1;3;1;1;1;2;1;1;3;1;1;1;1;1;1;3;1;;;200000000;800000;;;1;;;;1;;;;;;1
20230313;03;2023;7392667;1;1;01;05;1;3101.2259202;05;2;1;4;1;2;1;1;1;3;1;1;2;1;1;1;1;1;1;3;3;;;;;800000;;1;;;;;;;;;;1
20230313;03;2023;7392668;1;1;01;05;1;3101.2259202;05;2;1;4;1;2;1;1;1;3;1;1;2;1;1;1;1;1;3;3;3;;;;;750000;;1;;;;;1;;;;;1
20230313;03;2023;7392669;1;1;01;05;1;1366.8117238;05;2;1;4;1;3;1;1;1;2;1;1;5;3;1;1;1;1;3;3;2;;600000;130000000;900000;;;1;;1;;1;1;;;;;4
20230313;03;2023;7392670;1;1;01;05;1;3925.2034793;05;2;1;4;1;2;1;1;1;3;1;1;2;1;1;1;1;1;1;3;3;;;;;900000;;1;;;;;1;;;;;2
20230313;03;2023;7392671;1;1;01;05;1;1119.8242917;05;2;1;4;1;3;1;1;1;2;1;1;3;2;1;1;1;1;1;3;3;;;;;725000;;1;;;;;;;;;;3
20230313;03;2023;7392672;1;1;01;05;1;3101.2259202;05;2;1;4;1;2;1;1;1;3;1;1;2;1;1;1;1;1;1;3;3;;;;;1200000;;1;;;;;;;;;;1
20230313;03;2023;7392673;1;1;01;05;1;1501.2906422;05;2;1;4;1;3;2;1;1;2;1;1;3;2;1;1;1;1;1;4;1;;;150000000;800000;;;1;;;;1;;;;;;2
20230313;03;2023;7392674;1;1;01;05;1;783.43328748;05;2;1;4;1;2;1;1;1;2;1;1;1;1;1;1;1;1;1;3;3;;;;;400000;;1;;;;;;;;;;4
20230313;03;2023;7392675;1;1;01;05;1;805.29860676;05;2;1;2;1;2;1;1;1;2;1;1;4;1;1;1;1;1;1;3;4;;;;800000;;;1;;;;;;;;;;4
20230313;03;2023;7392676;1;1;01;05;1;1352.4916214;05;2;1;4;1;3;1;1;1;2;1;1;4;3;1;1;1;1;1;3;3;;;;;600000;;1;;;;;;;;;;4
20230313;03;2023;7392677;1;1;01;05;1;3835.4445032;05;2;1;4;1;1;2;1;1;3;1;1;2;1;1;1;1;1;1;4;3;;;;;420000;;1;;;;;;;;;;1
20230313;03;2023;7392678;1;1;01;05;1;2535.476001;05;2;1;4;1;5;1;1;1;2;1;1;3;2;1;1;1;1;1;3;1;;;98;1800000;;;1;;;;;1;;;;;2
20230313;03;2023;7392679;1;1;01;05;1;2455.5408576;05;2;1;4;1;5;1;1;1;2;1;1;4;2;1;1;1;1;1;3;1;;;340000000;1800000;;;1;;;;;1;;;;;3
20230313;03;2023;7392680;1;1;01;05;1;1161.5080761;05;2;1;4;1;3;1;1;1;2;1;1;4;1;1;1;1;1;1;3;4;;;;1800000;;;1;;1;;1;1;;;;;1
20230313;03;2023;7392681;1;1;01;05;1;1237.8837631;05;2;1;4;1;4;1;1;1;2;1;1;4;1;1;1;1;1;1;3;2;;2600000;350000000;1300000;;;1;1;1;;1;1;;;;;2
20230313;03;2023;7392682;1;1;01;05;1;1228.746763;05;2;1;4;1;4;1;1;1;2;1;3;2;1;1;2;1;1;1;3;3;;;;;1560000;;1;;;;1;;;;;;1
20230313;03;2023;7392682;2;2;01;05;1;1228.746763;05;2;1;4;1;4;1;1;1;2;1;3;2;1;1;2;1;1;1;3;3;;;;;450000;;;;;;;;;1;;;1
20230313;03;2023;7392682;3;3;01;05;1;1228.746763;05;2;1;4;1;4;1;1;1;2;1;3;2;1;1;2;1;1;1;3;3;;;;;450000;;1;;;;;;;;;;1
20230313;03;2023;7392683;1;1;01;05;1;1244.4155388;05;2;1;4;1;4;1;1;1;2;1;1;3;1;1;1;1;1;1;3;3;;;;;1200000;;1;;;1;;1;;;;;1
20230313;03;2023;7392685;1;1;01;05;1;1187.3542945;05;2;1;4;1;4;1;1;1;7;1;1;4;2;1;1;1;1;1;3;4;;;;1200000;;;1;;;;;;;;;;3
20230313;03;2023;7392686;1;1;01;05;1;1237.8837631;05;2;1;4;1;4;1;1;1;7;1;1;4;1;1;1;1;1;1;3;2;;280000;350000000;1200000;;;1;;1;;;1;;;;;2
20230313;03;2023;7392687;1;1;01;05;1;1094.4349518;05;2;1;4;1;4;1;1;1;7;1;1;4;2;1;1;1;1;1;3;1;;;260000000;1000000;;;1;;;;;;;;;;2
20230313;03;2023;7392688;1;1;01;05;1;1001.5156091;05;2;1;4;1;4;1;1;1;7;1;1;3;1;1;1;1;1;1;3;1;;;150000000;1200000;;;;;;;;;;1;;;1
20230313;03;2023;7392689;1;1;01;05;1;1161.9170698;05;2;1;4;1;4;1;1;1;7;1;1;4;2;1;1;1;1;1;3;1;;;220000000;1200000;;1;1;;1;;1;;;;;;3
20230313;03;2023;7392691;1;1;01;05;1;1006.6530282;05;2;1;4;1;5;1;1;1;2;1;1;4;1;1;1;1;1;1;3;2;;4500000;60000000;3500000;;;1;;1;;;1;;;;;2
20230313;03;2023;7392692;1;1;01;05;1;880.01373973;05;2;1;4;1;5;1;1;1;1;1;1;3;2;1;1;1;1;1;4;2;;2200000;700000000;3500000;;;1;;1;;;1;;;;;4
20230313;03;2023;7392693;1;1;01;05;1;2455.5408576;05;2;1;4;1;5;1;1;1;2;1;1;4;2;1;1;1;1;1;3;1;;;450000000;2300000;;;1;;;;;1;;;;;3
20230313;03;2023;7392695;1;1;01;05;1;1687.2433106;05;1;1;4;1;3;1;1;1;2;1;1;2;1;1;1;1;1;1;3;3;;;;;900000;;1;;;;;;;;;;1
20230313;03;2023;7392696;1;1;01;05;1;5399.0698925;05;2;1;4;1;5;1;1;1;2;1;1;4;3;1;1;1;1;1;3;1;;;400000000;2400000;;;1;;;;;;;;;;4
20230313;03;2023;7392697;1;1;01;05;1;1701.7868837;05;2;1;4;1;3;1;1;1;2;1;1;3;2;1;1;1;1;1;3;2;;1500000;98;98;;;1;;1;;;;;;;;2
20230313;03;2023;7392698;1;1;01;05;1;1687.2433106;05;2;1;4;1;3;1;1;1;2;1;1;3;1;1;1;1;1;1;3;3;;;;;650000;;1;;;;;;;;;;1
20230313;03;2023;7392699;1;1;01;05;1;1454.8332006;05;2;1;4;1;3;1;1;1;2;1;1;4;1;1;1;1;1;1;3;1;;;300000000;1500000;;;1;;;;;;;;;;1
20230313;03;2023;7392700;1;1;01;05;1;1437.8388522;05;2;1;4;1;3;1;1;1;2;1;1;4;3;1;1;1;1;1;3;3;;;;;1050000;;;;;;;;;1;;;4
20230313;03;2023;7392702;1;1;01;05;1;2535.476001;05;2;1;4;1;5;1;1;1;2;1;1;4;2;1;1;1;1;1;3;3;;;;;2100000;;1;;;;;1;;;;;2
20230313;03;2023;7392703;1;1;01;05;1;1247.4086054;05;2;1;4;1;2;2;1;1;2;1;1;2;1;1;1;1;1;1;1;1;;;99;700000;;;1;;;;;;;;;;1
20230313;03;2023;7392704;1;1;01;05;1;1355.7579818;05;2;1;2;1;2;2;1;1;2;1;1;2;1;1;1;1;1;1;1;1;;;60000000;500000;;;1;;;;;;;;;;1
20230313;03;2023;7392705;1;1;01;05;1;1102.0325803;05;2;1;4;1;2;1;1;1;2;1;1;4;1;1;1;1;1;1;3;1;;;90000000;600000;;;1;;;;;;;;;;2
20230313;03;2023;7392706;1;1;01;05;1;1192.3580791;05;2;1;2;1;2;2;1;1;2;1;1;1;1;1;1;1;1;2;4;4;;;;300000;;;1;;;;;;;;;;2
20230313;03;2023;7392707;1;1;01;05;1;2482.3480211;05;2;1;4;1;5;1;1;1;2;1;1;3;2;1;1;1;1;1;3;4;;;;2000000;;;1;;;;;;;;;;1
20230313;03;2023;7392708;1;1;01;05;1;3198.2288379;05;2;1;4;1;5;1;1;1;2;1;1;4;1;1;1;1;1;1;3;1;;;350000000;2000000;;;1;;;;;1;;;;;1
20230313;03;2023;7392709;1;1;01;05;1;1192.3580791;05;2;1;4;1;2;2;1;1;2;1;1;2;1;1;1;1;1;1;1;1;;;98;600000;;;1;;;1;;;;;;;2
20230313;03;2023;7392710;1;1;01;05;1;2482.3480211;05;2;1;4;1;5;1;1;1;2;1;1;4;3;1;1;1;1;1;3;1;;;400000000;30000000;;;1;;;;;;;;;;1
20230313;03;2023;7392711;1;1;01;05;1;1265.432483;05;2;1;4;1;2;2;1;1;2;1;1;4;1;1;1;1;1;1;4;4;;;;550000;;;1;;;;;;;;;;1
20230313;03;2023;7392712;1;1;01;05;1;2455.5408576;05;2;1;4;1;5;1;1;1;2;1;1;4;2;1;1;1;1;1;3;3;;;;;2000000;;1;;;;;1;;;;;3
20230313;03;2023;7392713;1;1;01;05;1;982.58208477;05;1;1;2;1;2;1;1;1;2;1;1;4;3;1;1;1;1;1;3;1;;;60000000;500000;;;;;;;;;;1;;;4
20230313;03;2023;7392714;1;1;01;05;1;1156.0616909;05;2;1;4;1;2;1;1;1;2;1;1;3;2;1;1;1;1;1;3;1;;;98;550000;;;1;;;;;;;;;;4
20230313;03;2023;7392716;1;1;01;05;1;1222.4654849;05;2;1;4;1;2;1;1;1;2;1;1;4;3;1;1;1;1;1;3;1;;;50000000;500000;;;;;;;;;;1;;;6
20230313;03;2023;7392717;1;1;01;05;1;1199.1944322;05;2;1;4;1;2;2;1;1;2;1;1;2;2;1;1;1;1;1;4;3;;;;;300000;;1;;;;;;;;;;6
20230313;03;2023;7392718;1;1;01;05;1;1355.7579818;05;1;1;2;1;2;2;2;1;2;2;1;1;1;6;;1;5;6;;4;;;;98;;;;;;;;;;1;;;1
20230313;03;2023;7392719;1;1;01;05;1;1286.47506;05;1;1;4;1;2;1;1;1;2;1;1;4;3;1;1;1;1;1;3;4;;;;600000;;;1;;;;;;;;;;4
20230313;03;2023;7392720;1;1;01;05;1;1355.7579818;05;2;1;4;1;2;1;1;1;2;1;1;3;1;1;1;1;1;1;1;4;;;;600000;;;1;;;;;;;;;;1
20230313;03;2023;7392721;1;1;01;05;1;1003.3921439;05;2;1;4;1;2;2;1;1;2;1;1;4;3;1;1;1;1;1;4;3;;;;;650000;;1;;;;;;;;;;4
20230313;03;2023;7392723;1;1;01;05;1;625.35689606;05;2;1;4;1;4;1;1;1;2;1;1;5;4;1;1;1;1;1;3;4;;;;98;;;1;;;;;;;;;;3
20230313;03;2023;7392724;1;1;01;05;1;743.10064098;05;2;1;4;1;4;1;1;1;2;1;1;4;3;1;1;1;1;1;3;3;;;;;1500000;;1;;;;;;;;;;3
20230313;03;2023;7392725;1;1;01;05;1;1035.3538497;05;2;1;4;1;4;2;1;1;2;1;1;4;1;1;1;1;1;1;4;3;;;;;1200000;;1;;;;;1;;;;;1
20230313;03;2023;7392726;1;1;01;05;1;1185.0974694;05;2;1;4;1;3;1;1;1;2;1;2;4;3;1;2;1;1;1;3;1;;;400000000;1000000;;;1;;;;;;;;;;6
20230313;03;2023;7392726;2;2;01;05;1;1185.0974694;05;2;1;4;1;3;1;1;1;2;1;2;2;2;1;2;1;1;1;3;4;;;;400000;;;1;;;;;;;;;;4
20230313;03;2023;7392727;1;1;01;05;1;892.73855494;05;2;1;4;1;4;2;1;1;2;1;1;3;1;1;1;1;1;1;1;4;;;;1400000;;;1;;;;;;;;;;1
20230313;03;2023;7392728;1;1;01;05;1;1024.9254995;05;2;1;4;1;4;1;1;1;2;1;1;5;3;1;1;1;1;1;3;1;;;98;98;;;1;;;;;;;;;;4
20230313;03;2023;7392729;1;1;01;05;1;969.74335751;05;2;1;4;1;4;1;1;1;2;1;1;4;3;1;1;1;1;1;3;1;;;98;98;;;1;;;;;;;;;;3
20230313;03;2023;7392730;1;1;01;05;1;886.91621136;05;2;1;4;1;4;1;1;1;2;1;1;5;2;1;1;1;1;1;3;1;;;98;98;;;1;;;;;;;;;;2
20230313;03;2023;7392731;1;1;01;05;1;814.36357693;05;2;1;4;1;3;1;1;1;2;1;1;3;2;1;1;1;1;1;3;2;;450000;70000000;600000;;;1;;;;;;;;;;3
20230313;03;2023;7392732;1;1;01;05;1;984.49016641;05;2;1;4;1;4;1;1;1;2;1;1;4;2;1;1;1;1;1;3;1;;;300000000;1300000;;;1;;;;;;;;;;3
20230313;03;2023;7392733;1;1;01;05;1;605.10741417;05;2;1;4;1;4;1;1;1;2;1;1;4;3;1;1;1;1;1;3;3;;;;;1980000;;1;;;;;;;;;;3
20230313;03;2023;7392734;1;1;01;05;1;969.74335751;05;2;1;4;1;4;1;1;1;2;1;1;5;3;1;1;1;1;1;3;1;;;99;1700000;;;1;;;;;;;;;;3
20230313;03;2023;7392735;1;1;01;05;1;1035.3538497;05;2;1;4;1;4;1;1;1;2;1;1;4;1;1;1;1;1;1;3;3;;;;;1600000;;1;;;;;;;;;;1
20230313;03;2023;7392736;1;1;01;05;1;1192.3580791;05;2;1;4;1;2;1;1;1;2;1;1;3;2;1;1;1;1;1;3;1;;;98;400000;;;;;;;;;;1;;;2
20230313;03;2023;7392737;1;1;01;05;1;1268.9229418;05;2;1;4;1;2;1;1;1;2;1;1;4;2;1;1;1;1;1;3;3;;;;;500000;;1;;;;;;;;;;5
20230313;03;2023;7392738;1;1;01;05;1;943.33338397;05;2;1;4;1;5;1;1;1;2;1;1;3;2;1;1;1;1;1;3;1;;;700000000;3800000;;;1;;;;;;;;;;3
20230313;03;2023;7392739;1;1;01;05;1;1047.505512;05;2;1;4;1;5;1;1;1;2;1;1;4;2;1;1;1;1;1;3;1;;;650000000;4000000;;;1;;;;;1;;;;;2
20230313;03;2023;7392740;1;1;01;05;1;891.81901869;05;2;1;4;1;3;1;1;1;2;1;1;5;3;1;1;1;1;1;3;1;;;98;800000;;;1;;;;;;;;;;4
20230313;03;2023;7392741;1;1;01;05;1;1302.2656924;05;1;1;4;1;2;1;1;1;2;1;1;3;2;1;1;1;1;1;3;3;;;;;600000;;1;;;;;;;;;;3
20230313;03;2023;7392742;1;1;01;05;1;1157.5286944;05;2;1;4;1;2;1;1;1;2;1;1;2;2;1;1;1;1;1;3;3;;;;;650000;;;;;;;;;1;;;3
20230313;03;2023;7392744;1;1;01;05;1;1035.3538497;05;2;1;4;1;3;1;1;1;2;1;1;4;1;1;1;1;1;1;3;1;;;280000000;1200000;;;1;;;;1;1;;;;;1
20230313;03;2023;7392745;1;1;01;05;1;919.8190896;05;2;1;4;1;3;1;1;1;1;1;1;3;2;1;1;1;1;1;3;4;;;;700000;;;1;;;;;;;;;;2
20230313;03;2023;7392746;1;1;01;05;1;945.86865619;05;2;1;4;1;3;1;1;1;2;1;1;4;3;1;1;1;1;1;3;1;;;300000000;1000000;;;1;;;;;;;;;;4
20230313;03;2023;7392747;1;1;01;05;1;1168.2590501;05;2;1;4;1;2;1;1;1;2;1;1;2;1;1;1;1;1;1;3;3;;;;;550000;;1;;;;;;;;;;2
20230313;03;2023;7392748;1;1;01;05;1;1109.2565305;05;2;1;4;1;3;2;1;1;2;1;1;1;1;1;1;1;1;1;1;3;;;;;450000;;;;;;;;;1;;;1
20230313;03;2023;7392749;1;1;01;05;1;850.79933697;05;2;1;4;1;3;1;1;1;2;1;1;5;4;1;1;1;1;1;3;1;;;350000000;2000000;;;1;;;;;;;;;;4
20230313;03;2023;7392750;1;1;01;05;1;1029.5315061;05;2;1;4;1;3;2;1;1;2;1;1;1;1;1;1;1;1;1;4;3;;;;;460000;;1;;;;;;;;;;2
20230313;03;2023;7392751;1;1;01;05;1;612.38291122;05;2;1;4;1;3;1;1;1;2;1;1;3;2;1;1;1;1;1;3;3;;;;;600000;;1;;;;;;;;;;6
20230313;03;2023;7392752;1;1;01;05;1;1035.3538497;05;2;1;4;1;3;1;1;1;2;1;1;3;1;1;1;1;1;1;3;3;;;;;850000;;1;;;;;;;;;;1
20230313;03;2023;7392753;1;1;01;05;1;1109.2565305;05;2;1;4;1;3;1;1;1;2;1;1;5;1;1;1;1;1;1;3;1;;;200000000;1000000;;;1;;;;;;;;;;1
20230313;03;2023;7392754;1;1;01;05;1;881.62606425;05;2;1;4;1;5;1;1;1;2;1;1;4;3;1;1;1;1;1;3;1;;;700000000;3800000;;;1;;;;;;;;;;2
20230313;03;2023;7392755;1;1;01;05;1;960.16677245;05;2;1;4;1;3;2;1;1;2;1;1;2;2;1;1;1;1;1;1;3;;;;;600000;;1;;;;;;;;;;5
20230313;03;2023;7392756;1;1;01;05;1;935.75316935;05;2;1;4;1;3;2;1;1;2;1;1;1;1;1;1;1;1;1;4;3;;;;;450000;;1;;;;;;;;;;5
20230313;03;2023;7392757;1;1;01;05;1;962.28663847;05;2;1;4;1;3;1;1;1;2;1;1;3;1;1;1;1;1;1;3;3;;;;;450000;1;1;;;;;;;;;;1
20230313;03;2023;7392758;1;1;01;05;1;953.88646329;05;2;1;4;1;5;1;1;1;2;1;1;4;2;1;1;1;1;1;3;1;;;600000000;3500000;;;1;;;;;1;;;;;2
20230313;03;2023;7392759;1;1;01;05;1;805.94908106;05;2;1;4;1;3;1;1;1;2;1;1;3;2;1;1;1;1;1;3;1;;;300000000;800000;;;1;;;;;;;;;;2
20230313;03;2023;7392760;1;1;01;05;1;836.235285;05;2;1;4;1;3;1;1;1;2;1;1;3;2;1;1;1;1;1;3;1;;;200000000;1100000;;;1;;;;;;;;;;2
20230313;03;2023;7392761;1;1;01;05;1;940.4149304;05;2;1;4;1;3;1;1;1;2;1;1;7;2;1;1;1;1;1;3;4;;;;98;;;1;;;;;;;;;;2
20230313;03;2023;7392762;1;1;01;05;1;997.92688434;05;2;1;4;1;5;1;1;1;2;1;1;4;1;1;1;1;1;1;3;2;;670000000;4000000;4000000;;;1;;;;;1;;;;;1
20230313;03;2023;7392763;1;1;01;05;1;925.53258404;05;2;1;4;1;3;1;1;1;2;1;2;4;3;1;1;1;1;1;3;3;;;;;350000;;1;;;;;;;;;;4
20230313;03;2023;7392763;2;2;01;05;1;925.53258404;05;2;1;4;1;3;1;1;1;2;1;2;4;1;1;1;1;1;1;3;1;;;98;900000;;;1;;;;;;;;;;3
20230313;03;2023;7392764;1;1;01;05;1;919.8190896;05;2;1;4;1;3;1;1;1;2;1;1;3;1;1;1;1;1;1;3;1;;;200000000;1100000;;;1;;;;;;;;;;2
20230313;03;2023;7392765;1;1;01;05;1;1265.432483;05;2;1;4;1;2;1;1;1;2;1;1;3;1;1;1;1;1;1;3;3;;;;;600000;;1;;;;;;;;;;1
20230313;03;2023;7392767;1;1;01;05;1;1002.1493773;05;2;1;4;1;5;1;1;1;2;1;1;4;2;1;1;1;1;1;3;3;;;;;5000000;;1;;;;;1;;;;;4
20230313;03;2023;7392768;1;1;01;05;1;1038.4559714;05;2;1;4;1;3;1;1;1;2;1;1;4;2;1;1;1;1;1;3;4;;;;1000000;;;1;;;1;;;;;;;3
20230313;03;2023;7392771;1;1;01;05;1;989.57415371;05;2;1;4;1;5;1;1;1;2;1;1;4;3;1;1;1;1;1;3;2;;1000000;400000000;3500000;;;1;;;;;;;;;;5
20230313;03;2023;7392773;1;1;01;05;1;950.94095168;05;2;1;4;1;3;1;1;1;2;1;1;5;4;1;1;1;1;1;3;3;;;;;950000;;1;;;;;;;;;;6
20230313;03;2023;7392774;1;1;01;05;1;766.28442397;05;2;1;4;1;3;1;1;1;2;1;1;4;3;1;1;1;1;1;3;3;;;;;850000;;1;;;;;;;;;;5
20230313;03;2023;7392775;1;1;01;05;1;943.33338397;05;2;1;4;1;5;1;1;1;2;1;1;4;3;1;1;1;1;1;3;4;;;;3000000;;;1;;;;;;;;;;3
20230313;03;2023;7392779;1;1;01;05;1;2996.8169092;05;2;1;4;1;2;1;1;1;3;1;1;2;1;1;1;1;1;1;3;3;;;;;800000;;1;;;;;;;;;;1
20230313;03;2023;7392782;1;1;01;05;1;1610.8649486;05;2;1;4;1;1;2;1;1;2;1;1;2;1;1;1;1;1;1;4;3;;;;;230000;;;1;;;;;;;;;1
20230313;03;2023;7392784;1;1;01;08;1;588.14954824;08;2;1;4;1;1;1;1;1;3;1;1;3;2;1;1;1;1;3;3;1;;;45000000;350000;;;;;;;;;;1;;;5
20230313;03;2023;7392785;1;1;01;08;1;513.76784545;08;2;1;4;1;1;1;1;1;3;1;1;3;1;1;1;1;1;1;3;1;;;70000000;550000;;;1;;;;;;;;;;1
20230313;03;2023;7392786;1;1;01;08;1;519.39758312;08;2;1;4;1;1;1;1;1;3;1;1;3;2;1;1;1;1;1;3;3;;;;;350000;;1;;;;;;;;;;4
20230313;03;2023;7392788;1;1;01;08;1;507.00954469;08;2;1;2;1;1;2;1;1;3;1;1;1;1;1;1;1;1;6;;4;;;;300000;;;;;;;;;;1;;;4
20230313;03;2023;7392789;1;1;01;08;1;536.78430713;08;2;1;2;1;1;1;1;1;3;1;1;3;2;1;1;1;1;1;3;4;;;;400000;;;1;;;;;;;;;;4
20230313;03;2023;7392790;1;1;01;08;1;691.19397195;08;1;1;4;1;1;1;1;1;3;1;1;2;1;1;1;1;1;1;3;3;;;;;1300000;;;;;;;;1;;;NEQUI;5
20230313;03;2023;7392791;1;1;01;08;1;566.55906957;08;3;1;2;1;1;2;1;1;3;1;1;1;1;1;1;1;1;6;;4;;;;400000;;;;;;;;;;1;;;4
20230313;03;2023;7392792;1;1;01;08;1;464.68461186;08;2;1;2;1;1;1;1;1;3;1;1;3;2;1;1;1;1;3;3;1;;;20000000;350000;;;;;;;;;;1;;;4
20230313;03;2023;7392793;1;1;01;08;1;579.16007455;08;2;1;2;1;1;1;1;1;3;1;1;3;1;1;1;1;1;1;3;1;;;20000000;400000;;;;;;;;;;1;;;1
20230313;03;2023;7392794;1;1;01;08;1;702.41221246;08;2;1;4;1;2;1;1;1;3;1;1;4;3;1;1;1;1;1;3;4;;;;650000;;;1;;;;;;;;;;5
20230313;03;2023;7392795;1;1;01;08;1;506.69117423;08;2;1;4;1;1;1;1;1;3;1;1;3;2;1;1;1;1;3;3;3;;;;;600000;;;;;;;;;1;;;5
20230313;03;2023;7392797;1;1;01;08;1;506.04174242;08;1;1;2;1;1;1;1;1;3;1;1;5;3;1;1;1;1;1;3;1;;;15000000;600000;;;1;;;;;1;;;;;6
20230313;03;2023;7392798;1;1;01;08;1;678.50546695;08;1;1;4;1;2;1;1;1;3;1;1;4;3;1;1;1;1;3;3;4;;;;600000;;;1;;;;;;;;;;5
20230313;03;2023;7392799;1;1;01;08;1;801.6315262;08;1;1;4;1;2;1;1;1;3;1;2;5;1;1;2;1;1;3;3;1;;;70000000;500000;;;;;;;;;;1;;;2
20230313;03;2023;7392799;2;2;01;08;1;801.6315262;08;1;1;4;1;2;1;1;1;3;1;2;5;1;1;2;1;1;3;3;3;;;;;200000;;1;;;;;;;;;;1
20230313;03;2023;7392800;1;1;01;08;1;573.64716539;08;1;1;2;1;2;1;1;1;3;1;1;4;3;1;1;1;1;3;3;3;;;;;500000;;;;;;;;;1;;;6
20230313;03;2023;7392802;1;1;01;08;1;617.4887932;08;1;1;4;1;1;1;1;1;3;1;2;3;2;1;1;1;1;1;3;3;;;;;350000;;;;;;;;;1;;;5
20230313;03;2023;7392802;2;2;01;08;1;617.4887932;08;1;1;4;1;1;1;1;1;3;1;2;3;1;1;1;1;1;1;3;3;;;;;200000;;;;;;;;;1;;;2
20230313;03;2023;7392803;1;1;01;08;1;739.94567252;08;1;1;4;1;2;1;1;1;3;1;1;3;2;1;1;1;1;1;3;1;;;90000000;500000;;;;;;;;;;1;;;2
20230313;03;2023;7392804;1;1;01;08;1;497.43866005;08;2;1;4;1;2;1;1;1;3;1;1;4;3;1;1;1;1;3;3;1;;;250000000;600000;;;1;;;;;;;;;;3
20230313;03;2023;7392805;1;1;01;08;1;511.02903203;08;2;1;4;1;1;1;1;1;3;1;1;2;1;1;1;1;1;1;3;1;;;30000000;300000;;;;;;;;;;1;;;3
20230313;03;2023;7392806;1;1;01;08;1;289.70512023;08;1;1;4;1;1;1;1;1;3;1;1;4;3;1;1;1;1;1;3;1;;;15000000;300000;;;;;;;;;;1;;;7
20230313;03;2023;7392807;1;1;01;08;1;981.06788448;08;2;1;4;1;2;1;1;1;3;1;1;5;4;1;1;1;1;1;3;1;;;180000000;600000;;;1;;;;;1;;;;;8
20230313;03;2023;7392808;1;1;01;08;1;825.90317101;08;2;1;4;1;2;1;1;1;3;1;1;3;2;1;1;1;1;1;3;3;;;;;450000;;1;;;;;;;;;;3
20230313;03;2023;7392809;1;1;01;08;1;435.58994021;08;1;1;2;1;1;1;1;1;3;1;1;3;2;1;1;1;1;1;3;4;;;;400000;;;;;;;;;;1;;;2
20230313;03;2023;7392810;1;1;01;08;1;469.0400445;08;1;1;4;1;1;1;1;1;3;1;1;4;1;1;1;1;1;1;3;1;;;65000000;500000;;;1;;;;;;;;;;2
20230313;03;2023;7392811;1;1;01;08;1;621.05784292;08;1;1;4;1;2;1;1;1;3;1;1;3;2;1;1;1;1;1;3;3;;;;;400000;;1;;;;;;1;;;NEQUI;3
20230313;03;2023;7392812;1;1;01;08;1;440.1416071;08;2;1;4;1;1;1;1;1;3;1;1;4;3;1;1;1;1;1;3;4;;;;600000;;;;;;;;;;1;;;3
20230313;03;2023;7392813;1;1;01;08;1;534.38303464;08;1;1;2;1;1;1;1;1;3;1;1;3;2;1;1;1;1;1;3;1;;;10000000;300000;;;1;;;;;;;;;;2
20230313;03;2023;7392814;1;1;01;08;1;569.36240462;08;2;1;4;1;1;2;1;1;3;1;1;3;1;1;1;1;1;3;1;4;;;;350000;;;;;;;;;;1;;;2
20230313;03;2023;7392815;1;1;01;08;1;428.1855573;08;2;1;2;1;1;1;1;1;3;1;1;2;2;1;1;1;1;3;3;1;;;15000000;500000;;;;;;;;;;1;;;3
20230313;03;2023;7392817;1;1;01;08;1;715.01741087;08;1;1;4;1;4;1;1;1;3;1;1;4;3;1;1;1;1;1;3;1;;;300000000;1700000;;1;1;;1;;;1;;;;;6
20230313;03;2023;7392818;1;1;01;08;1;668.81635975;08;2;1;4;1;3;1;1;1;3;1;1;3;2;1;1;1;1;1;3;1;;;150000000;400000;;;1;;;;;;;;;;2
20230313;03;2023;7392819;1;1;01;08;1;504.93776272;08;1;1;4;1;3;1;1;1;7;1;1;3;2;1;1;1;1;1;3;4;;;;600000;;;1;;;;;;;;;;6
20230313;03;2023;7392820;1;1;01;08;1;791.12468103;08;2;1;4;1;3;1;1;1;6;1;1;4;3;1;1;1;1;1;3;1;;;180000000;800000;;;1;;;;;;;;;;6
20230313;03;2023;7392821;1;1;01;08;1;558.36249848;08;2;1;4;1;1;1;1;1;3;1;1;3;2;1;1;1;1;1;3;1;;;70000000;400000;;;1;;;;;;;;;;6
20230313;03;2023;7392822;1;1;01;08;1;668.81635975;08;1;1;4;1;3;1;1;1;3;1;1;6;2;1;1;1;1;1;3;1;;;500000000;1500000;;;;;;;;;;1;;;2
20230313;03;2023;7392823;1;1;01;08;1;691.77560706;08;2;1;4;1;3;1;1;1;3;1;1;3;2;1;1;1;1;1;3;3;;;;;600000;;1;;;;;;;;;;5
20230313;03;2023;7392826;1;1;01;08;1;753.75249182;08;1;1;4;1;3;1;1;1;6;1;1;6;2;1;1;1;1;1;3;1;;;300000000;1000000;;;1;;;;;;;;;;3
20230313;03;2023;7392827;1;1;01;08;1;915.32888746;08;1;1;4;1;4;1;1;1;3;1;1;4;3;1;1;1;1;1;3;3;;;;;2900000;;1;;;;;1;;;;;4
20230313;03;2023;7392828;1;1;01;08;1;706.72312776;08;1;1;2;1;3;1;1;1;3;1;1;3;2;1;1;1;1;1;3;1;;;150000000;900000;;;1;;;;;;;;;;4
20230313;03;2023;7392829;1;1;01;08;1;835.88418075;08;2;1;4;1;4;1;1;1;3;1;1;3;2;1;1;1;1;1;3;3;;;;;1350000;;1;;;;;;;;;;5
20230313;03;2023;7392830;1;1;01;08;1;775.50347011;08;1;1;4;1;4;1;1;1;3;1;1;6;4;1;1;1;1;1;3;1;;;800000000;3000000;;;1;;;;;1;;;;;6
20230313;03;2023;7392831;1;1;01;08;1;452.35835658;08;2;1;4;1;4;1;1;1;3;1;1;4;3;1;1;1;1;1;3;4;;;;1500000;;;1;;;;;;;;;;4
20230313;03;2023;7392832;1;1;01;08;1;601.93472378;08;1;1;2;1;3;1;1;1;3;1;1;4;1;1;1;1;1;1;3;1;;;200000000;850000;;;1;;;;;;;;;;2
20230313;03;2023;7392833;1;1;01;08;1;295.50809466;08;1;1;4;1;4;1;1;1;3;1;1;5;4;1;1;1;1;1;3;1;;;600000000;2000000;;;1;;;;;;;;;;7
20230313;03;2023;7392835;1;1;01;08;1;565.40807836;08;1;1;4;1;4;1;1;1;3;1;1;4;3;1;1;1;1;1;3;1;;;200000000;2000000;;;1;;;;;;;;;;4
20230313;03;2023;7392836;1;1;01;08;1;753.89979177;08;2;1;2;1;3;1;1;1;3;1;1;4;2;1;1;1;1;1;3;1;;;100000000;800000;;;1;;;;;;;;;;3
20230313;03;2023;7392837;1;1;01;08;1;960.96735093;08;1;1;4;1;4;1;1;1;3;1;1;4;3;1;1;1;1;1;3;4;;;;2000000;;1;1;;1;;;1;;;;;5
20230313;03;2023;7392838;1;1;01;08;1;469.62001994;08;1;1;4;1;4;1;1;1;3;1;1;6;5;1;1;1;1;1;3;4;;;;1500000;;;1;;;;;;;;;;5
20230313;03;2023;7392839;1;1;01;08;1;621.84580575;08;1;1;4;1;4;1;1;1;3;1;1;3;2;1;1;1;1;1;3;1;;;800000000;2300000;;;1;;;;;;;;;;3
20230313;03;2023;7392840;1;1;01;08;1;741.640179;08;1;1;4;1;3;1;1;1;3;1;1;4;3;1;1;1;1;1;3;4;;;;700000;;;1;;;;;1;;;;;5
20230313;03;2023;7392841;1;1;01;08;1;403.20705125;08;1;1;4;1;4;1;1;1;3;1;1;6;5;1;1;1;1;1;3;1;;;400000000;2000000;;;1;;;;;1;;;;;7
20230313;03;2023;7392842;1;1;01;08;1;696.42479965;08;2;1;4;1;4;1;1;1;3;1;1;4;2;1;1;1;1;3;3;1;;;600000000;1500000;;;1;;;;;;;;;;4
20230313;03;2023;7392843;1;1;01;08;1;753.75249182;08;2;1;4;1;3;1;1;1;3;1;1;3;2;1;1;1;1;1;3;1;;;600000000;500000;;;;;;;;;;1;;;3
20230313;03;2023;7392845;1;1;01;08;1;601.93472378;08;2;1;4;1;3;1;1;1;3;1;1;4;1;1;1;1;1;1;3;1;;;150000000;650000;;;1;;;;;;;;;;2
20230313;03;2023;7392847;1;1;01;08;1;938.26859582;08;2;1;4;1;3;1;1;1;3;1;1;4;1;1;1;1;1;1;3;4;;;;1300000;;;1;;;;;1;;;;;1
20230313;03;2023;7392848;1;1;01;08;1;549.23496109;08;1;1;4;1;3;1;1;1;3;1;1;4;2;1;1;1;1;1;3;4;;;;1200000;;;1;;;;;;;;;;3
20230313;03;2023;7392849;1;1;01;08;1;551.77349679;08;2;1;4;1;4;1;1;1;3;1;1;4;1;1;1;1;1;1;3;1;;;200000000;800000;;;1;;;;;;;;;;2
20230313;03;2023;7392850;1;1;01;08;1;710.89022378;08;1;1;4;1;4;1;1;1;3;1;1;4;3;1;1;1;1;1;3;3;;;;;2250000;;;;;;;;;1;;;4
20230313;03;2023;7392851;1;1;01;08;1;595.94190984;08;1;1;4;1;3;1;1;1;3;1;1;4;3;1;1;1;1;1;3;1;;;300000000;1000000;;;1;;;;;1;;;;;7
20230313;03;2023;7392852;1;1;01;08;1;699.52901127;08;2;1;4;1;4;1;1;1;3;1;1;4;3;1;1;1;1;1;3;4;;;;1300000;;;1;;;;;;;;;;3
20230313;03;2023;7392853;1;1;01;08;1;812.81709199;08;1;1;4;1;4;1;1;1;3;1;1;4;3;1;1;1;1;1;3;3;;;;;1700000;;1;;;;;;;;;;5
20230313;03;2023;7392854;1;1;01;08;1;800.05531959;08;2;1;4;1;4;1;1;1;3;1;1;3;1;1;1;1;1;1;3;1;;;90000000;1000000;;;1;;;;;;;;;;2
20230313;03;2023;7392855;1;1;01;08;1;774.07159155;08;2;1;4;1;4;1;1;1;3;1;1;3;1;1;1;1;1;1;3;1;;;120000000;700000;;;1;;;;;;;;;;1
20230313;03;2023;7392857;1;1;01;08;1;641.71279948;08;1;1;4;1;2;1;1;1;3;1;1;5;3;1;1;1;1;1;3;1;;;100000000;600000;;;1;;;;;1;;;;;4
20230313;03;2023;7392858;1;1;01;08;1;742.37538594;08;1;1;4;1;2;1;1;1;3;1;1;3;2;1;1;1;1;1;3;1;;;80000000;600000;;;1;;;;;;;;;;3
20230313;03;2023;7392859;1;1;01;08;1;775.31327158;08;1;1;2;1;2;1;1;1;3;1;1;4;3;1;1;1;1;1;3;1;;;100000000;500000;;;1;;;;;;;;;;3
20230313;03;2023;7392860;1;1;01;08;1;701.70336069;08;1;1;2;1;2;1;1;1;3;1;1;4;1;1;1;1;1;1;3;1;;;120000000;800000;;;1;;;;;;;;;;2
20230313;03;2023;7392861;1;1;01;08;1;531.49724453;08;2;1;4;1;1;1;1;1;3;1;1;4;3;1;1;1;1;1;3;3;;;;;450000;;;;;;;;;1;;;4
20230313;03;2023;7392862;1;1;01;08;1;759.99756262;08;2;1;2;1;1;2;1;1;3;1;1;1;1;1;1;1;1;6;;4;;;;400000;;;;;;;;;;1;;;1
20230313;03;2023;7392863;1;1;01;08;1;664.27058007;08;2;1;4;1;1;1;1;1;3;1;1;3;2;1;1;1;1;1;3;4;;;;500000;;;1;;;;;;;;;;4
20230313;03;2023;7392864;1;1;01;08;1;680.95528878;08;1;1;4;1;1;1;1;1;3;1;1;3;2;1;1;1;1;1;3;1;;;70000000;400000;;;1;;;;;;;;;;2
20230313;03;2023;7392865;1;1;01;08;1;664.27058007;08;2;1;4;1;1;1;1;1;3;1;1;2;2;1;1;1;1;3;3;4;;;;400000;;;1;;;;;;;;;;4
20230313;03;2023;7392866;1;1;01;08;1;537.45900878;08;1;1;4;1;1;1;1;1;3;1;1;1;1;1;1;1;1;3;3;4;;;;400000;;;1;;;;;;;;;;5
20230313;03;2023;7392867;1;1;01;08;1;701.70336069;08;1;1;2;1;2;1;1;1;3;1;1;5;1;1;1;1;1;1;3;1;;;300000000;700000;;;;;;;;;;1;;;2
20230313;03;2023;7392868;1;1;01;08;1;1679.3267453;08;1;1;4;1;2;1;1;1;3;1;1;4;3;1;1;1;1;1;3;4;;;;500000;;;1;;;;;1;;;;;6
20230313;03;2023;7392869;1;1;01;08;1;1154.129311;08;1;1;4;1;2;1;1;1;3;1;1;4;2;1;1;1;1;1;3;1;;;120000000;450000;;;1;;;;;;;;;;3
20230313;03;2023;7392870;1;1;01;08;1;1601.0447514;08;1;1;2;1;2;1;1;1;3;1;1;3;2;1;1;1;1;1;3;4;;;;500000;;;1;;;;;;;;;;3
20230313;03;2023;7392871;1;1;01;08;1;1285.4999035;08;2;1;4;1;2;1;1;1;3;1;1;3;2;1;1;1;1;1;3;4;;;;600000;;;1;;;;;;;;;;3
20230313;03;2023;7392872;1;1;01;08;1;1936.2724848;08;2;1;2;1;2;1;1;1;3;1;1;4;3;1;1;1;1;1;3;3;;;;;550000;;;;;;;;;1;;;8
20230313;03;2023;7392873;1;1;01;08;1;702.05830024;08;1;1;4;1;2;1;1;1;3;1;1;4;3;1;1;1;1;1;3;1;;;80000000;500000;;;1;;;;;1;;;;;4
20230313;03;2023;7392874;1;1;01;08;1;328.19035707;08;1;1;4;1;1;1;1;1;3;1;1;4;3;1;1;1;1;3;3;1;;;100000000;500000;;;1;;;;;;;;;;4
20230313;03;2023;7392875;1;1;01;08;1;1359.6349162;08;2;1;2;1;2;1;1;1;3;1;1;3;2;1;1;1;1;1;3;1;;;90000000;600000;;;1;;;;;;;;;;3
20230313;03;2023;7392876;1;1;01;08;1;671.37509336;08;1;1;2;1;1;1;1;1;3;1;1;3;1;1;1;1;1;3;3;3;;;;;500000;;1;;;;;;;;;;2
20230313;03;2023;7392877;1;1;01;08;1;477.45815776;08;1;1;4;1;1;1;1;1;3;1;1;3;2;1;1;1;1;3;3;2;;189000;62000000;600000;;;;;;;;;;1;;;3
20230313;03;2023;7392878;1;1;01;08;1;700.0503267;08;1;1;2;1;1;1;1;1;3;1;1;4;3;1;1;1;1;1;3;1;;;90000000;400000;;;1;;;;;1;;;;;5
20230313;03;2023;7392879;1;1;01;08;1;1682.6679741;08;2;1;4;1;1;1;1;1;3;1;1;3;2;1;1;1;1;3;3;3;;;;;370000;;1;;;;1;;;;;;5
20230313;03;2023;7392880;1;1;01;08;1;792.33777927;08;1;1;2;1;1;1;1;1;3;1;2;4;2;1;2;1;1;1;3;2;;620000;80000000;500000;;;1;;;;;;;;;;4
20230313;03;2023;7392880;2;2;01;08;1;792.33777927;08;1;1;2;1;1;1;1;1;3;1;2;4;1;1;2;1;1;1;3;3;;;;;200000;;1;;;;;;;;;;1
20230313;03;2023;7392881;1;1;01;08;1;765.4945753;08;2;1;2;1;1;1;1;1;3;1;1;3;1;1;1;1;1;4;3;1;;;4000000;200000;;;;;;;;;;1;;;2
20230313;03;2023;7392882;1;1;01;08;1;562.46556126;08;1;1;2;1;1;1;1;1;3;1;1;3;2;1;1;1;1;3;3;1;;;60000000;500000;;;;;;;;;1;;;NEQUI;4
20230313;03;2023;7392883;1;1;01;08;1;499.90495316;08;1;1;2;1;1;1;1;1;3;1;1;3;2;1;1;1;1;1;3;4;;;;450000;;;1;;;;;;;;;;4
20230313;03;2023;7392884;1;1;01;08;1;479.90978479;08;2;1;4;1;1;1;1;1;3;1;1;3;2;1;1;1;1;1;3;3;;;;;500000;;;;;;;;;1;;;4
20230313;03;2023;7392885;1;1;01;08;1;2201.563661;08;1;1;4;1;1;1;1;1;3;1;1;4;3;1;1;1;1;3;3;3;;;;;150000;;1;;;;;;;;;;7
20230313;03;2023;7392886;1;1;01;08;1;531.68767073;08;1;1;2;1;1;1;1;1;3;1;1;3;2;1;1;1;1;3;3;3;;;;;400000;;;;;;;;;1;;;5
20230313;03;2023;7392887;1;1;01;08;1;2800.2013068;08;1;1;2;1;1;1;1;1;3;1;1;2;2;1;1;1;1;1;3;1;;;100000000;600000;;;;;;;;;;1;;;4
20230313;03;2023;7392888;1;1;01;08;1;671.37509336;08;1;1;4;1;1;1;1;1;3;1;1;3;1;1;1;1;1;3;3;1;;;68000000;500000;;;1;;;;;;;;;;2
20230313;03;2023;7392889;1;1;01;08;1;635.78770875;08;2;1;4;1;1;1;1;1;3;1;1;2;1;1;1;1;1;3;3;1;;;5000000;300000;;;;;;;;;;1;;;1
20230313;03;2023;7392890;1;1;01;08;1;1929.1458036;08;1;1;2;1;1;1;1;1;3;1;4;5;1;1;2;1;1;1;4;1;;;120000000;600000;;;1;;;;;;;;;;3
20230313;03;2023;7392890;2;2;01;08;1;1929.1458036;08;1;1;2;1;1;1;1;1;3;1;4;5;1;1;2;1;1;1;4;3;;;;;150000;;1;;;;;;;;;;2
20230313;03;2023;7392890;3;3;01;08;1;1929.1458036;08;1;1;2;1;1;1;1;1;3;1;4;5;1;1;2;1;1;1;4;3;;;;;150000;;;;;;;;;1;;;2
20230313;03;2023;7392890;4;4;01;08;1;1929.1458036;08;1;1;2;1;1;1;1;1;3;1;4;5;1;1;2;1;1;1;4;3;;;;;150000;;1;;;;;;;;;;1
20230313;03;2023;7392891;1;1;01;08;1;567.75263254;08;1;1;4;1;1;1;1;1;3;1;1;4;2;1;1;1;1;3;3;2;;250000;120000000;600000;;;1;;;;;;1;;;NEQUI;4
20230313;03;2023;7392893;1;1;01;08;1;590.29853537;08;1;1;4;1;1;1;1;1;3;1;1;3;2;1;1;1;1;3;3;2;;600000;80000000;450000;;;1;;1;;;;1;;;NEQUI;4
20230313;03;2023;7392894;1;1;01;08;1;495.77558371;08;1;1;2;1;1;1;1;1;3;1;1;3;2;1;1;1;1;1;3;4;;;;400000;;;1;;;;;;;;;;2
20230313;03;2023;7392895;1;1;01;08;1;422.33057126;08;2;1;4;1;1;1;1;1;3;1;1;3;2;1;1;1;1;3;3;1;;;100000000;500000;;;1;;;;;;;;;;8
20230313;03;2023;7392896;1;1;01;08;1;765.4945753;08;1;1;4;1;1;1;1;1;3;1;1;2;1;1;1;1;1;1;3;4;;;;300000;;;;;;;;;;1;;;2
20230313;03;2023;7392897;1;1;01;08;1;572.03487678;08;1;1;4;1;1;1;1;1;3;1;1;3;2;1;1;1;1;1;3;3;;;;;350000;;;;;;;;;1;;;2
20230313;03;2023;7392898;1;1;01;08;1;1626.059844;08;2;1;2;1;1;1;1;1;3;1;1;3;2;1;1;1;1;1;3;1;;;50000000;400000;;;;;;;;;;1;;;2
20230313;03;2023;7392899;1;1;01;08;1;463.0267106;08;1;1;2;1;1;1;1;1;3;1;1;3;1;1;1;1;1;3;3;1;;;80000000;500000;;;;;;;;;;1;;;2
20230313;03;2023;7392900;1;1;01;08;1;391.56194815;08;2;1;4;1;2;1;1;1;3;1;1;3;2;1;1;1;1;3;3;4;;;;500000;;;1;;;;;;;;;;5
20230313;03;2023;7392901;1;1;01;08;1;344.40075851;08;2;1;2;1;2;1;1;1;3;1;1;4;3;1;1;1;1;1;3;1;;;50000000;600000;;;;;;;;;;1;;;6
20230313;03;2023;7392902;1;1;01;08;1;341.01484814;08;2;1;4;1;2;1;1;1;3;1;1;3;2;1;1;1;1;2;3;4;;;;600000;;;1;;;;;;;;;;4
20230313;03;2023;7392903;1;1;01;08;1;478.43597793;08;2;1;2;1;2;1;1;1;3;1;1;3;2;1;1;1;1;1;3;3;;;;;500000;;;;;;;;;1;;;4
20230313;03;2023;7392904;1;1;01;08;1;466.01716047;08;2;1;4;1;2;1;1;1;3;1;1;4;3;1;1;1;1;1;3;1;;;150000000;650000;;;1;;;;;1;;;;;8
20230313;03;2023;7392905;1;1;01;08;1;475.04518413;08;2;1;4;1;2;1;1;1;3;1;1;4;2;1;1;1;1;1;3;4;;;;400000;;;1;;;;;;;;;;2
20230313;03;2023;7392906;1;1;01;08;1;463.92204499;08;2;1;2;1;2;1;1;1;3;1;1;3;2;1;1;1;1;1;3;3;;;;;550000;;;;;;;;;1;;;4
20230313;03;2023;7392907;1;1;01;08;1;424.76118668;08;1;1;2;1;2;1;1;1;3;1;1;4;3;1;1;1;1;1;3;1;;;200000000;800000;;;1;;;;;;;;;;5
20230313;03;2023;7392908;1;1;01;08;1;390.15220416;08;2;1;2;1;2;1;1;1;3;1;1;4;3;1;1;1;1;1;3;3;;;;;500000;;1;;;;;;;;;;5
20230313;03;2023;7392910;1;1;01;08;1;552.53055306;08;2;1;2;1;2;1;1;1;3;1;1;4;2;1;1;1;1;1;3;1;;;100000000;500000;;;1;;;;;1;;;;;2
20230313;03;2023;7392911;1;1;01;08;1;559.14225503;08;2;1;4;1;2;1;1;1;3;1;1;5;4;1;1;1;1;1;3;1;;;70000000;500000;;;1;;;;;;;;;;6
20230313;03;2023;7392912;1;1;01;08;1;325.47351612;08;1;1;2;1;2;1;1;1;3;1;1;4;3;1;1;1;1;1;3;1;;;100000000;500000;;;1;;;;;;;;;;4
20230313;03;2023;7392913;1;1;01;08;1;614.39464173;08;2;1;4;1;2;1;1;1;3;1;1;2;2;1;1;1;1;3;3;2;;450000;180000000;650000;;;1;;1;;;;;;;;5
20230313;03;2023;7392914;1;1;01;08;1;728.96698549;08;2;1;4;1;2;1;1;1;3;1;1;2;2;1;1;1;1;3;3;2;;500000;180000000;600000;;;1;;;;;;;;;;3
20230313;03;2023;7392915;1;1;01;08;1;643.01728247;08;2;1;4;1;2;1;1;1;3;1;1;2;2;1;1;1;1;3;3;3;;;;;500000;;1;;;;;;;;;;4
20230313;03;2023;7392916;1;1;01;08;1;656.06970871;08;2;1;4;1;2;1;1;1;3;1;1;3;2;1;1;1;1;1;3;3;;;;;650000;;1;;;;;;;;;;4
20230313;03;2023;7392917;1;1;01;08;1;562.77869242;08;2;1;4;1;3;1;1;1;3;1;1;3;2;1;1;1;1;1;3;3;;;;;600000;;1;;;;;;;;;;4
20230313;03;2023;7392918;1;1;01;08;1;628.45808126;08;2;1;4;1;2;1;1;1;3;1;1;3;2;1;1;1;1;1;3;1;;;105000000;650000;;;1;;;;;;;;;;4
20230313;03;2023;7392919;1;1;01;08;1;775.81121899;08;2;1;4;1;2;1;1;1;3;1;1;3;1;1;1;1;1;1;3;3;;;;;550000;;1;;;;;;;;;;2
20230313;03;2023;7392920;1;1;01;08;1;666.18724636;08;2;1;4;1;2;1;1;1;3;1;1;3;2;1;1;1;1;1;3;3;;;;;600000;;1;;;;;;;;;;2
20230313;03;2023;7392921;1;1;01;08;1;697.7447757;08;2;1;4;1;2;1;1;1;3;1;1;3;2;1;1;1;1;1;3;2;;500000;85000000;600000;;;1;;1;;1;1;;;;;3
20230313;03;2023;7392924;1;1;01;11;1;3453.9889409;11;2;1;6;1;6;1;1;1;3;1;1;4;2;1;1;1;1;1;3;1;;;500000000;2000000;;;1;1;;;;1;;;;;3
20230313;03;2023;7392925;1;1;01;11;1;3716.330673;11;2;1;6;1;6;1;1;1;3;1;1;4;1;1;1;1;1;3;3;3;;;;;2200000;;1;;;1;;1;;;;;2
20230313;03;2023;7392926;1;1;01;11;1;3066.7782743;11;2;1;4;1;2;1;1;1;3;1;1;2;2;1;1;1;1;1;3;4;;;;300000;;;;;;;;;;1;;;2
20230313;03;2023;7392928;1;1;01;11;1;2693.1418389;11;2;1;4;1;2;1;1;1;3;1;1;3;2;1;1;1;1;1;3;3;;;;;500000;;1;;;;1;1;;;;;3
20230313;03;2023;7392929;1;1;01;11;1;3488.9425156;11;1;1;2;1;2;1;1;1;3;1;1;4;3;1;1;1;1;1;3;1;;;100000000;500000;;;1;;;;;;;;;;3
20230313;03;2023;7392930;1;1;01;11;1;1641.2334152;11;1;1;4;1;1;1;1;1;3;1;1;3;2;1;1;1;1;1;3;2;;500000;98;550000;;;1;;;;;1;;;;;5
20230313;03;2023;7392931;1;1;01;11;1;3040.0059747;11;2;1;4;1;1;1;1;1;3;1;2;2;1;1;1;1;1;1;3;3;;;;;267000;;;;;;;;;1;;;4
20230313;03;2023;7392931;2;2;01;11;1;3040.0059747;11;2;1;4;1;1;1;1;1;3;1;2;2;1;1;2;1;1;1;3;3;;;;;267000;;;;;;;;;1;;;3
20230313;03;2023;7392932;1;1;01;11;1;2485.7798532;11;2;1;4;1;1;1;1;1;3;1;1;4;2;1;1;1;1;1;3;1;;;250000000;800000;;;1;;;;1;;;;;;4
20230313;03;2023;7392933;1;1;01;11;1;2514.8029068;11;1;1;4;1;1;1;1;1;3;1;1;3;2;1;1;1;1;1;3;3;;;;;600000;;1;;;;;;;;;;3
20230313;03;2023;7392934;1;1;01;11;1;3314.7740599;11;2;1;4;1;2;1;1;1;3;1;1;3;2;1;1;1;1;1;3;3;;;;;450000;;1;;;;;;;;;;2
20230313;03;2023;7392935;1;1;01;11;1;3231.5138092;11;2;1;3;1;2;1;1;1;3;1;1;4;3;1;1;1;1;1;3;1;;;98;500000;;;1;;;;;;;;;;4
20230313;03;2023;7392936;1;1;01;11;1;3420.2770264;11;2;1;4;1;2;1;1;1;3;1;1;4;3;1;1;1;1;1;3;3;;;;;600000;;1;;;;;;;;;;6
20230313;03;2023;7392937;1;1;01;11;1;3827.3560337;11;2;1;6;1;6;1;1;1;3;1;1;4;3;1;1;1;1;1;3;3;;;;;1800000;;1;;;;;;;;;;3
20230313;03;2023;7392938;1;1;01;11;1;4026.6381397;11;2;1;4;1;2;1;1;1;3;1;1;2;1;1;1;1;1;1;3;1;;;260000000;600000;;;;;;;;1;;;;;1
20230313;03;2023;7392939;1;1;01;11;1;3399.8216872;11;2;1;6;1;6;2;1;1;3;1;1;5;1;1;1;1;1;1;1;1;;;500000000;1800000;;1;1;;;;;1;;;;;1
20230313;03;2023;7392940;1;1;01;11;1;2517.8030266;11;1;1;4;1;1;1;1;1;3;1;1;3;2;1;1;1;1;1;3;3;;;;;750000;;1;;;;;;;;;;3
20230313;03;2023;7392942;1;1;01;11;1;3499.5218906;11;2;1;3;1;6;1;1;1;3;1;1;4;2;1;1;1;1;1;3;1;;;99;4000000;;;1;1;;;;1;;;;;2
20230313;03;2023;7392943;1;1;01;11;1;2814.8084055;11;2;1;4;1;2;1;1;1;3;1;1;3;2;1;1;1;1;1;3;3;;;;;550000;;1;;;;;;;;;;3
20230313;03;2023;7392944;1;1;01;11;1;2900.3557113;11;2;1;4;1;1;1;1;1;3;1;2;1;1;1;2;1;1;1;3;3;;;;;263000;;;;;;;;;1;;;2
20230313;03;2023;7392944;2;2;01;11;1;2900.3557113;11;2;1;4;1;1;1;1;1;3;1;2;1;1;1;2;1;1;1;3;3;;;;;263000;;;;;;;;;1;;;3
20230313;03;2023;7392945;1;1;01;11;1;3065.3907803;11;2;1;4;1;1;1;1;1;3;1;1;3;2;1;1;1;1;1;3;1;;;180000000;800000;;;;;;;;;;1;;;2
20230313;03;2023;7392946;1;1;01;11;1;2325.3331561;11;1;1;2;1;1;1;1;1;3;1;1;3;2;1;1;1;1;1;3;1;;;98;500000;;;1;;;;;1;;;;;4
20230313;03;2023;7392947;1;1;01;11;1;2613.6831107;11;2;1;4;1;1;1;1;1;3;1;1;2;1;1;1;1;1;1;3;3;;;;;450000;;;;;;;;;1;;;2
20230313;03;2023;7392948;1;1;01;11;1;2755.2356608;11;2;1;4;1;2;1;1;1;3;1;1;3;2;1;1;1;1;1;3;3;;;;;650000;;1;;;;;;;;;;4
20230313;03;2023;7392949;1;1;01;11;1;2893.7412482;11;1;1;4;1;2;1;1;1;3;1;1;2;1;1;1;1;1;1;3;3;;;;;1000000;;;;;;1;;;;;;1
20230313;03;2023;7392950;1;1;01;11;1;2896.391752;11;2;1;4;1;1;1;1;1;3;1;1;2;1;1;1;1;1;1;3;3;;;;;300000;;;;;;;;;1;;;2
20230313;03;2023;7392952;1;1;01;11;1;4026.6381397;11;4;1;4;1;2;2;1;1;3;1;1;1;1;1;1;1;1;6;;3;;;;;250000;;;;;;;;;1;;;1
20230313;03;2023;7392953;1;1;01;11;1;7280.9743798;11;1;1;6;1;4;1;1;1;3;1;1;4;2;1;1;1;1;1;3;4;;;;98;;;1;;;;;;;;;;2
20230313;03;2023;7392954;1;1;01;11;1;1243.6756552;11;2;1;4;1;1;1;1;1;3;1;1;3;2;1;1;1;1;1;3;3;;;;;590000;;1;;;;;;;;;;6
20230313;03;2023;7392955;1;1;01;11;1;2995.2719559;11;2;1;4;1;1;1;1;1;3;1;1;3;1;1;1;1;1;1;3;3;;;;;450000;;1;;;;;;;;;;1
20230313;03;2023;7392956;1;1;01;11;1;1344.5214148;11;1;1;4;1;1;1;1;1;3;1;1;4;3;1;1;1;1;1;3;2;;300000;190000000;700000;;;1;;;;;;;;;;5
20230313;03;2023;7392957;1;1;01;11;1;6589.1116328;11;1;1;4;1;4;2;1;1;3;1;1;4;3;1;1;1;1;1;4;1;;;99;99;;;1;;;;;1;;;;;3
20230313;03;2023;7392958;1;1;01;11;1;2059.0156493;11;2;1;4;1;3;2;1;1;3;1;1;4;2;1;1;1;1;1;4;3;;;;;960000;;1;;;;;;;;;;3
20230313;03;2023;7392959;1;1;01;11;1;1602.5321464;11;1;1;4;1;2;1;1;1;3;1;1;4;3;1;1;1;1;1;3;3;;;;;850000;1;;;;;;;;;;;7
20230313;03;2023;7392960;1;1;01;11;1;6370.8525823;11;2;1;4;1;3;1;1;1;3;1;1;1;1;1;1;1;1;1;3;3;;;;;800000;;1;;;;;;;;;;2
20230313;03;2023;7392961;1;1;01;11;1;7280.9743798;11;1;1;4;1;4;1;1;1;3;1;1;4;1;1;1;1;1;1;3;1;;;99;99;;;1;;;1;;1;;;;;2
20230313;03;2023;7392963;1;1;01;11;1;6129.8320854;11;2;1;4;1;3;1;1;1;3;1;1;3;1;1;1;1;1;1;3;1;;;200000000;900000;;;1;;;;1;;;;;;3
20230313;03;2023;7392965;1;1;01;11;1;2550.0470101;11;2;1;4;1;3;1;1;1;3;1;1;4;3;1;1;1;1;1;3;3;;;;;1000000;;1;;;;;;;;;;6
20230313;03;2023;7392966;1;1;01;11;1;3145.8571105;11;2;1;4;1;2;1;1;1;3;1;1;3;2;1;1;1;1;1;3;3;;;;;650000;;1;;;;;;;;;;3
20230313;03;2023;7392967;1;1;01;11;1;3387.7965118;11;3;1;4;1;3;2;1;1;3;1;1;1;1;1;1;1;1;6;;3;;;;;450000;;1;;;;;;;;;;1
20230313;03;2023;7392968;1;1;01;11;1;4767.3383817;11;1;1;4;1;4;1;1;1;3;1;1;7;6;1;1;1;1;1;3;1;;;700000000;6000000;;;1;;;;;;;;;;6
20230313;03;2023;7392970;1;1;01;11;1;6370.8525823;11;2;1;4;1;3;1;1;1;3;1;1;2;1;1;1;1;1;1;3;1;;;98;900000;;;1;;;;;1;;;;;2
20230313;03;2023;7392971;1;1;01;11;1;2797.5675597;11;3;1;4;1;2;1;1;1;3;1;1;1;1;1;2;1;1;2;3;3;;;;;100000;;;;;;;;;1;;;1
20230313;03;2023;7392972;1;1;01;11;1;2320.1375853;11;2;1;4;1;2;1;1;1;3;1;1;3;2;1;1;1;1;1;3;2;;680000;300000000;650000;;;1;;;;;;;;;;3
20230313;03;2023;7392973;1;1;01;11;1;2656.91457;11;2;1;4;1;2;1;1;1;3;1;1;3;2;1;1;1;1;1;3;1;;;99;800000;;;;;;;1;;;;;;3
20230313;03;2023;7392974;1;1;01;11;1;2905.8132991;11;2;1;4;1;3;1;1;1;3;1;1;3;2;1;1;1;1;2;3;3;;;;;750000;;1;;;;;1;;;;;4
20230313;03;2023;7392975;1;1;01;11;1;4395.0497633;11;2;1;4;1;1;1;1;1;3;1;1;3;2;1;1;1;1;1;3;1;;;160000000;550000;;;;;;;;;;1;;;4
20230313;03;2023;7392976;1;1;01;11;1;2882.6308348;11;2;1;4;1;1;1;1;1;3;1;1;3;2;1;1;1;1;1;3;1;;;55000000;400000;;;;;;;;;;1;;;5
20230313;03;2023;7392978;1;1;01;11;1;3265.1046639;11;2;1;3;1;4;1;1;1;3;1;1;5;3;1;1;1;1;1;3;1;;;980000000;2000000;;;1;1;;;;1;;;;;3
20230313;03;2023;7392979;1;1;01;11;1;3013.9635221;11;2;1;4;1;2;2;1;1;3;1;1;3;2;1;1;1;1;1;4;4;;;;900000;;;1;;;;;;;;;;3
20230313;03;2023;7392980;1;1;01;11;1;2859.0829496;11;2;1;4;1;1;1;1;1;3;1;1;3;2;1;1;1;1;1;3;1;;;95000000;400000;;;1;;;;;;;;;;4
20230313;03;2023;7392981;1;1;01;11;1;1634.7064267;11;2;1;4;1;3;1;1;1;3;1;1;3;2;1;1;1;1;1;3;3;;;;;800000;;;;;;;;;1;;;5
20230313;03;2023;7392982;1;1;01;11;1;3819.1952306;11;2;1;4;1;4;1;1;1;3;1;1;4;3;1;1;1;1;1;3;3;;;;;2500000;1;1;;;;;;;;;;4
20230313;03;2023;7392983;1;1;01;11;1;4459.5968076;11;2;1;4;1;4;1;1;1;3;1;1;4;1;1;1;1;1;1;3;3;;;;;2700000;;1;;1;1;;1;;;;;2
20230313;03;2023;7392984;1;1;01;11;1;4415.6416581;11;2;1;6;1;4;1;1;1;3;1;1;4;3;1;1;1;1;1;3;1;;;1200000000;4500000;;1;1;;;;;;;;;;4
20230313;03;2023;7392985;1;1;01;11;1;3095.4763523;11;3;1;4;1;2;1;1;1;3;1;1;1;1;1;2;1;1;1;3;3;;;;;450000;;;;;;;;;1;;;1
20230313;03;2023;7392986;1;1;01;11;1;2371.5096067;11;2;1;4;1;3;1;1;1;3;1;1;2;1;1;1;1;1;1;3;3;;;;;780000;;1;;;;;;;;;;3
20230313;03;2023;7392987;1;1;01;11;1;3108.3899977;11;2;1;4;1;2;1;1;1;3;1;1;2;2;1;1;1;1;1;3;4;;;;650000;;;1;;;;;;;;;;4
20230313;03;2023;7392988;1;1;01;11;1;3276.0787018;11;3;1;3;1;3;2;1;1;3;1;1;1;1;1;1;1;1;1;1;3;;;;;450000;;1;;;;;1;;;;;1
20230313;03;2023;7392989;1;1;01;11;1;2684.0035641;11;3;1;4;1;3;1;1;1;3;1;1;1;1;1;1;1;1;1;3;3;;;;;600000;;1;;;;;;;;;;3
20230313;03;2023;7392990;1;1;01;11;1;2533.3275649;11;2;1;4;1;2;1;1;1;3;1;1;2;2;1;1;1;1;1;3;3;;;;;470000;;1;;;;;;;;;;3
20230313;03;2023;7392991;1;1;01;11;1;5186.1556682;11;2;1;4;1;4;1;1;1;3;1;1;5;3;1;1;1;1;1;3;3;;;;;2400000;1;1;;;;;1;;;;;5
20230313;03;2023;7392993;1;1;01;11;1;3263.8937345;11;2;1;4;1;4;1;1;1;3;1;1;4;2;1;1;1;1;1;3;1;;;1500000000;99;;;1;;;;1;1;;;;;2
20230313;03;2023;7392995;1;1;01;11;1;1566.726551;11;2;1;4;1;3;1;1;1;3;1;1;3;2;1;1;1;1;1;3;3;;;;;880000;;;;;;;;;1;;;4
20230313;03;2023;7392997;1;1;01;11;1;2691.9399158;11;3;1;4;1;2;1;1;1;3;1;1;1;1;1;1;1;1;1;3;3;;;;;600000;;;;;;;;;1;;;2
20230313;03;2023;7392998;1;1;01;11;1;2830.681434;11;2;1;4;1;2;1;1;1;3;1;1;4;3;1;1;1;1;1;3;6;;;;550000;;;1;;;;;1;;;;;5
20230313;03;2023;7392999;1;1;01;11;1;3623.9743257;11;3;1;4;1;2;1;1;1;3;1;1;1;1;1;2;1;1;1;3;3;;;;;300000;;;;;;;;;1;;;1
20230313;03;2023;7393000;1;1;01;11;1;2783.6189842;11;2;1;2;1;1;1;1;1;3;1;1;4;2;1;1;1;1;1;3;3;;;;;450000;;1;;;;;;;;;;5
20230313;03;2023;7393002;1;1;01;11;1;3504.4681884;11;2;1;4;1;2;1;1;1;3;1;1;2;1;1;1;1;1;1;3;3;;;;;580000;;1;;;;;;;;;;1
20230313;03;2023;7393004;1;1;01;11;1;3776.9349504;11;2;1;4;1;4;1;1;1;9;1;1;5;3;1;1;1;1;1;3;3;;;;;3000000;;1;;;;;;;;;;4
20230313;03;2023;7393006;1;1;01;11;1;4928.1583899;11;2;1;4;1;2;1;1;1;3;1;1;4;1;1;1;1;1;1;3;3;;;;;200000;;1;;;;;;;;;;1
20230313;03;2023;7393007;1;1;01;11;1;4371.1734342;11;2;1;6;1;2;1;1;1;3;1;1;4;3;1;1;1;1;1;3;1;;;180000000;900000;;;1;;;;;;;;;;4
20230313;03;2023;7393008;1;1;01;11;1;3885.8908044;11;2;1;4;1;4;1;1;1;3;1;1;5;3;1;1;1;1;1;3;1;;;650000000;2800000;;1;1;1;;;;1;;;;;4
20230313;03;2023;7393009;1;1;01;11;1;4533.8622697;11;2;1;4;1;2;1;1;1;3;1;1;4;3;1;1;1;1;1;3;3;;;;;970000;;1;;;;;;;;;;3
20230313;03;2023;7393011;1;1;01;11;1;4221.9202552;11;2;1;4;1;3;1;1;1;3;1;2;3;2;1;1;1;1;1;3;3;;;;;680000;;;;;;;;;1;;;5
20230313;03;2023;7393011;2;2;01;11;1;4221.9202552;11;2;1;4;1;3;1;1;1;3;1;2;1;1;1;2;1;1;6;;3;;;;;365000;;1;;;;;;;;;;1
20230313;03;2023;7393012;1;1;01;11;1;4353.0136205;11;2;1;4;1;2;1;1;1;3;1;1;3;1;1;1;1;1;1;3;3;;;;;800000;;1;;;;;1;;;;;1
20230313;03;2023;7393013;1;1;01;11;1;3273.1439345;11;2;1;4;1;3;1;1;1;3;1;1;4;3;1;1;1;1;1;3;3;;;;;1340000;;1;;;;1;;;;;;3
20230313;03;2023;7393014;1;1;01;11;1;3893.8535427;11;3;1;4;1;3;1;1;1;3;1;1;1;1;1;2;1;10;1;3;3;;;;;420000;;1;;;;1;;;;;;1
20230313;03;2023;7393015;1;1;01;11;1;2302.2492464;11;1;1;4;1;2;1;1;1;3;1;1;4;3;1;1;1;1;1;3;1;;;120000000;800000;;;1;;;;;;;;;;5
20230313;03;2023;7393016;1;1;01;11;1;4143.5771994;11;2;1;4;1;2;1;1;1;3;1;1;4;3;1;1;1;1;1;3;1;;;250000000;800000;;;;;;;;;;1;;;4
20230313;03;2023;7393017;1;1;01;11;1;3439.4181693;11;3;1;4;1;3;1;1;1;3;1;1;1;1;1;2;1;1;1;3;3;;;;;300000;;;;;;;;;1;;;1
20230313;03;2023;7393019;1;1;01;11;1;4511.3324943;11;1;1;4;1;2;1;1;1;3;1;1;3;3;1;1;1;1;1;3;1;;;200000000;800000;;1;;;;;;;;;;;3
20230313;03;2023;7393020;1;1;01;11;1;2471.8310842;11;2;1;4;1;3;1;1;1;3;1;1;4;3;1;1;1;1;1;3;3;;;;;1200000;;1;;;;;;;;;;5
20230313;03;2023;7393023;1;1;01;11;1;3008.6494976;11;1;1;4;1;2;1;1;1;3;1;1;4;3;1;1;1;1;1;3;1;;;120000000;700000;;;1;;;;;;;;;;4
20230313;03;2023;7393024;1;1;01;11;1;3532.2822724;11;1;1;4;1;2;1;1;1;3;1;1;3;1;1;1;1;1;1;3;4;;;;98;;;1;;;;;1;;;;;1
20230313;03;2023;7393026;1;1;01;11;1;1702.9293673;11;1;1;4;1;2;1;1;1;3;1;1;5;3;1;1;1;1;1;3;1;;;250000000;1000000;;;1;;;;;;;;;;6
20230313;03;2023;7393027;1;1;01;11;1;2674.8358191;11;2;1;4;1;2;1;1;1;3;1;1;3;2;1;1;1;1;1;3;3;;;;;650000;;1;;;;;;;;;;3
20230313;03;2023;7393028;1;1;01;11;1;2960.6787081;11;2;1;4;1;3;1;1;1;3;1;1;4;3;1;1;1;1;1;3;4;;;;1200000;;;1;;;;;;;;;;4
20230313;03;2023;7393029;1;1;01;11;1;2226.8831098;11;2;1;4;1;2;1;1;1;3;1;1;4;3;1;1;1;1;1;3;1;;;200000000;800000;;;1;;;;;;;;;;6
20230313;03;2023;7393030;1;1;01;11;1;3893.8535427;11;3;1;4;1;3;1;1;1;3;1;1;1;1;1;2;1;1;1;3;4;;;;400000;;;;;;;;;;1;;;1
20230313;03;2023;7393032;1;1;01;11;1;3484.9753117;11;1;1;4;1;2;1;1;1;3;1;1;4;2;1;1;1;1;1;3;3;;;;;1135000;;1;;;;;1;;;;;2
20230313;03;2023;7393033;1;1;01;11;1;1866.5452893;11;2;1;4;1;2;1;1;1;3;1;1;3;3;1;1;1;1;1;3;4;;;;300000;;1;;;;;;;;;;;2
20230313;03;2023;7393034;1;1;01;11;1;3108.4083997;11;2;1;4;1;3;1;1;1;3;1;1;2;1;1;1;1;1;1;3;1;;;99;400000;;;;;;;;;;1;;;1
20230313;03;2023;7393035;1;1;01;11;1;2483.7986359;11;2;1;4;1;3;1;1;1;3;1;1;3;2;1;1;1;1;1;3;3;;;;;750000;;1;;;;;;;;;;3
20230313;03;2023;7393036;1;1;01;11;1;2674.8358191;11;2;1;4;1;2;1;1;1;3;1;1;2;2;1;1;1;1;1;3;3;;;;;300000;;1;;;;;;;;;;3
20230313;03;2023;7393037;1;1;01;11;1;2109.2159867;11;2;1;4;1;2;1;1;1;3;1;1;3;2;1;1;1;1;1;3;1;;;99;600000;;;1;;;;;;;;;;3
20230313;03;2023;7393038;1;1;01;11;1;2203.4796864;11;2;1;4;1;2;2;1;1;3;1;1;3;2;1;1;1;1;1;4;4;;;;400000;;1;1;;;;;;;;;;3
20230313;03;2023;7393039;1;1;01;11;1;3199.5628714;11;2;1;4;1;3;1;1;1;3;1;1;3;1;1;1;1;1;1;3;1;;;170000000;600000;;;1;;;;;;;;;;2
20230313;03;2023;7393040;1;1;01;11;1;3924.7348456;11;1;1;4;1;2;1;1;1;3;1;1;3;2;1;1;1;1;1;3;2;;1030000;160000000;600000;;;1;;1;;;1;;;;;4
20230313;03;2023;7393042;1;1;01;11;1;2975.5350103;11;2;1;4;1;2;1;1;1;3;1;1;3;2;1;1;1;1;1;3;5;;;;500000;;;;;;;;;;1;;;3
20230313;03;2023;7393043;1;1;01;11;1;2543.2432361;11;2;1;4;1;2;1;1;1;3;1;1;2;1;1;1;1;1;1;3;3;;;;;400000;;;;;;;1;1;;;DAVIPLATA;1
20230313;03;2023;7393044;1;1;01;11;1;2720.6365083;11;1;1;4;1;2;1;1;1;3;1;1;3;2;1;1;1;1;1;3;3;;;;;750000;;1;;;;;;;;;;5
20230313;03;2023;7393045;1;1;01;11;1;2674.8358191;11;2;1;4;1;2;1;1;1;3;1;1;3;2;1;1;1;1;1;3;3;;;;;650000;;1;;;;;;;;;;3
20230313;03;2023;7393046;1;1;01;11;1;3924.7348456;11;1;1;4;1;2;1;1;1;3;1;1;3;2;1;1;1;1;1;3;1;;;180000000;850000;;;1;;;;;;;;;;4
20230313;03;2023;7393047;1;1;01;11;1;4938.2060098;11;2;1;4;1;2;1;1;1;3;1;1;2;1;1;1;1;1;1;3;3;;;;;550000;;1;;;;;1;;;;;3
20230313;03;2023;7393048;1;1;01;11;1;4860.040537;11;2;1;4;1;2;1;1;1;7;1;1;2;1;1;1;1;1;1;3;3;;;;;550000;;;;;;;;;1;;;3
20230313;03;2023;7393049;1;1;01;11;1;5562.6479181;11;2;1;4;1;2;1;1;1;3;1;1;1;1;1;1;1;1;1;3;1;;;150000000;500000;;;;;1;;1;1;;;;;1
20230313;03;2023;7393050;1;1;01;11;1;2361.7405034;11;2;1;4;1;2;1;1;1;3;1;1;4;3;1;1;1;1;1;3;1;;;230000000;800000;;;1;;;;;;;;;;4
20230313;03;2023;7393051;1;1;01;11;1;4570.8041019;11;1;1;4;1;2;1;1;1;3;1;1;3;2;1;1;1;1;1;3;3;;;;;500000;;1;;;;1;;;;;;2
20230313;03;2023;7393053;1;1;01;11;1;2968.5714783;11;1;1;4;1;2;1;1;1;3;1;1;3;2;1;1;1;1;1;3;1;;;200000000;1000000;;;1;;1;;;;;;;;2
20230313;03;2023;7393054;1;1;01;11;1;4333.2694809;11;1;1;4;1;2;1;1;1;3;1;1;9;3;1;1;1;1;1;3;1;;;250000000;800000;;;1;;;;;1;;;;;4
20230313;03;2023;7393056;1;1;01;11;1;4575.7251588;11;1;1;4;1;2;1;1;1;3;1;1;3;1;1;1;1;1;1;3;2;;1700000;170000000;1000000;;;1;;1;;1;1;;;;;1
20230313;03;2023;7393057;1;1;01;11;1;3493.9460173;11;1;1;4;1;2;1;1;1;3;1;1;5;4;1;1;1;1;1;3;1;;;180000000;1100000;;;1;;;;;;;;;;5
20230313;03;2023;7393058;1;1;01;11;1;3813.8158165;11;1;1;4;1;2;1;1;1;3;1;1;4;3;1;1;1;1;1;3;4;;;;800000;;;1;;;;;;;;;;3
20230313;03;2023;7393059;1;1;01;11;1;3548.504447;11;2;1;4;1;2;1;1;1;3;1;1;3;2;1;1;1;1;1;3;3;;;;;520000;;1;;;;;;;;;;6
20230313;03;2023;7393060;1;1;01;11;1;4179.1678479;11;2;1;4;1;2;1;1;1;3;1;1;3;2;1;1;1;1;1;3;1;;;99;600000;;;1;;;;;;;;;;3
20230313;03;2023;7393063;1;1;01;11;1;2942.4852527;11;2;1;4;1;2;1;1;1;3;1;1;3;2;1;1;1;1;1;3;3;;;;;650000;;;;;;;;;1;;;4
20230313;03;2023;7393065;1;1;01;11;1;4466.7608942;11;2;1;4;1;2;1;1;1;3;1;1;3;2;1;1;1;1;1;3;3;;;;;600000;;;;;;;;1;;;NEQUI;4
20230313;03;2023;7393066;1;1;01;11;1;4002.5368583;11;2;1;4;1;2;1;1;1;3;1;1;3;2;1;1;1;1;1;3;4;;;;700000;;1;1;;;;;;;;;;2
20230313;03;2023;7393067;1;1;01;11;1;2337.300944;11;2;1;4;1;2;1;1;1;3;1;1;2;1;1;1;1;1;1;3;3;;;;;650000;;;;;;;1;;;;;2
20230313;03;2023;7393068;1;1;01;11;1;2466.9761886;11;2;1;4;1;2;1;1;1;3;1;1;3;2;1;1;1;1;1;3;3;;;;;700000;;1;;;;;;;;;;4
20230313;03;2023;7393069;1;1;01;11;1;1658.1603977;11;1;1;4;1;2;1;1;1;3;1;1;4;3;1;1;1;1;1;3;1;;;98;700000;;;1;;;;;;;;;;5
20230313;03;2023;7393070;1;1;01;11;1;4544.8336241;11;1;1;4;1;2;1;1;1;3;1;1;3;2;1;1;1;1;1;3;1;;;250000000;600000;;;1;;;;;;;;;;2
20230313;03;2023;7393071;1;1;01;11;1;1476.8639016;11;2;1;4;1;2;1;1;1;3;1;1;4;4;1;1;1;1;1;3;3;;;;;500000;;1;;;;;1;;;;;4
20230313;03;2023;7393072;1;1;01;11;1;2335.1741278;11;2;1;4;1;2;1;1;1;3;1;1;2;2;1;1;1;1;1;3;3;;;;;400000;;;;;;;;;1;;;3
20230313;03;2023;7393073;1;1;01;11;1;4643.8121859;11;2;1;4;1;2;1;1;1;3;1;1;3;2;1;1;1;1;1;3;3;;;;;600000;;1;;;;;;;;;;3
20230313;03;2023;7393074;1;1;01;11;1;2243.3567956;11;2;1;4;1;2;1;1;1;3;1;1;4;2;1;1;1;1;1;3;1;;;400000000;600000;;;1;;;;;;;;;;4
20230313;03;2023;7393075;1;1;01;11;1;3589.3005741;11;2;1;4;1;2;1;1;1;3;1;1;4;3;1;1;1;1;1;3;7;familiar;;;600000;;;1;;;;1;;;;;;5
20230313;03;2023;7393076;1;1;01;11;1;2131.2602074;11;2;1;4;1;2;1;1;1;3;1;1;2;2;1;1;1;1;1;3;3;;;;;580000;;;;;;;;;1;;;2
20230313;03;2023;7393077;1;1;01;11;1;4826.4034715;11;2;1;4;1;2;1;1;1;3;1;1;2;1;1;1;1;1;1;3;3;;;;;540000;;1;;;;;;;;;;2
20230313;03;2023;7393078;1;1;01;11;1;2367.6957571;11;2;1;4;1;2;1;1;1;3;1;1;3;2;1;1;1;1;1;3;3;;;;;600000;;;;;;;;;1;;;2
20230313;03;2023;7393079;1;1;01;11;1;4356.2191397;11;2;1;4;1;2;1;1;1;3;1;1;3;2;1;1;1;1;1;3;1;;;99;600000;;;1;;;;;;;;;;2
20230313;03;2023;7393080;1;1;01;11;1;2631.2998788;11;2;1;2;1;2;1;1;1;3;1;1;2;2;1;1;1;1;1;3;3;;;;;450000;;1;;;;;;;;;;4
20230313;03;2023;7393081;1;1;01;11;1;2466.9761886;11;2;1;4;1;2;1;1;1;3;1;1;3;2;1;1;1;1;1;3;3;;;;;500000;;;;;;;;;1;;;4
20230313;03;2023;7393083;1;1;01;11;1;3815.7161086;11;2;1;4;1;2;1;1;1;3;1;1;4;3;1;1;1;1;1;3;3;;;;;500000;;1;;;;;1;;;;;4
20230313;03;2023;7393084;1;1;01;11;1;2426.9914599;11;2;1;4;1;2;1;1;1;3;1;1;3;2;1;1;1;1;1;3;3;;;;;250000;;1;;;;;;;;;;2
20230313;03;2023;7393085;1;1;01;11;1;2114.7705058;11;2;1;4;1;2;1;1;1;3;1;1;3;2;1;1;1;1;1;3;1;;;98;700000;;;;;;;;;;1;;;4
20230313;03;2023;7393086;1;1;01;11;1;2690.5955817;11;2;1;4;1;2;1;1;1;3;1;1;3;2;1;1;1;1;1;3;3;;;;;750000;;1;;;;1;1;;;;;4
20230313;03;2023;7393087;1;1;01;11;1;1774.1418828;11;2;1;4;1;2;1;1;1;3;1;1;2;2;1;1;1;1;1;3;3;;;;;550000;;1;;;;;;;;;;3
20230313;03;2023;7393088;1;1;01;11;1;6262.9531676;11;1;1;4;1;3;1;1;1;3;1;1;6;5;1;1;1;1;1;3;7;FAMILIAR;;;800000;;;1;;;;;;1;;;NEQUI;5
20230313;03;2023;7393090;1;1;01;11;1;7300.9753925;11;1;1;4;1;3;1;1;1;3;1;1;2;1;1;1;1;1;1;3;3;;;;;400000;;1;;;;1;;;;;;1
20230313;03;2023;7393091;1;1;01;11;1;6856.2061529;11;1;1;3;1;1;1;1;1;3;1;1;6;1;1;1;1;1;1;3;1;;;1200000000;8000000;;1;1;;;;;1;;;;;2
20230313;03;2023;7393092;1;1;01;13;1;505.98984779;13;2;1;4;1;1;1;1;1;3;1;1;3;2;1;1;1;1;1;3;1;;;100000000;400000;;;1;;;;;;;;;;4
20230313;03;2023;7393093;1;1;01;13;1;589.30975526;13;2;1;4;1;4;1;1;1;3;1;1;3;1;1;1;1;1;1;3;4;;;;1000000;;;1;;;;;;;;;;1
20230313;03;2023;7393094;1;1;01;13;1;312.08708114;13;2;1;4;1;1;1;1;1;3;1;3;1;1;1;2;1;1;1;3;3;;;;;100000;;1;;;;;;;;;;4
20230313;03;2023;7393094;2;2;01;13;1;312.08708114;13;2;1;4;1;1;1;1;1;3;1;3;1;1;1;2;1;1;1;3;3;;;;;100000;;1;;;;;;;;;;6
20230313;03;2023;7393094;3;3;01;13;1;312.08708114;13;2;1;4;1;1;1;1;1;3;1;3;1;1;1;2;1;1;1;3;3;;;;;100000;;1;;;;;;;;;;2
20230313;03;2023;7393095;1;1;01;13;1;247.43677296;13;2;5;2;1;1;1;1;1;3;1;1;1;1;1;2;1;1;2;3;6;;;;150000;;;;;;;;;;1;;;2
20230313;03;2023;7393096;1;1;01;13;1;310.28803284;13;2;1;4;1;1;1;1;1;3;1;1;2;1;1;1;1;1;1;3;5;;;;200000;;;1;;;;;;;;;;2
20230313;03;2023;7393097;1;1;01;13;1;247.43677296;13;2;1;4;1;1;1;1;1;3;1;1;4;3;1;1;1;1;1;3;4;;;;300000;;;1;;;;;;;;;;2
20230313;03;2023;7393098;1;1;01;13;1;507.94268413;13;2;1;4;1;4;1;1;1;3;1;1;4;3;1;1;1;1;1;3;3;;;;;1200000;;1;;;;;;;;;;5
20230313;03;2023;7393099;1;1;01;13;1;350.55410776;13;1;1;4;1;1;1;1;1;3;1;1;3;1;1;1;1;1;3;3;2;;450000;45000000;380000;;;1;;;;;;;;;;2
20230313;03;2023;7393100;1;1;01;13;1;589.30975526;13;2;1;4;1;4;1;1;1;3;1;1;4;1;1;1;1;1;1;3;3;;;;;1000000;;1;;;;;;;;;;1
20230313;03;2023;7393101;1;1;01;13;1;333.19308792;13;2;5;2;1;1;2;1;1;3;1;1;1;1;1;1;1;1;5;1;6;;;;98;;;;;;;;;;1;;;6
20230313;03;2023;7393102;1;1;01;13;1;158.17125236;13;1;1;2;1;1;1;1;1;3;1;3;5;2;1;1;1;1;3;3;6;;;;300000;;;1;;;;;;;;;;6
20230313;03;2023;7393102;2;2;01;13;1;158.17125236;13;1;1;2;1;1;1;1;1;3;1;3;5;1;1;1;1;1;3;3;6;;;;300000;;;;;;;;;;1;;;2
20230313;03;2023;7393102;3;3;01;13;1;158.17125236;13;1;1;2;1;1;1;1;1;3;1;3;5;1;1;1;1;1;3;3;6;;;;300000;;;;;;;;;;1;;;3
20230313;03;2023;7393103;1;1;01;13;1;330.50098524;13;2;1;2;1;1;1;1;1;3;1;1;2;1;1;1;1;1;1;3;4;;;;98;;;;;;;;;;1;;;5
20230313;03;2023;7393104;1;1;01;13;1;438.44229649;13;2;1;2;1;1;2;1;1;3;1;1;1;1;1;1;1;1;6;;6;;;;250000;;;;;;;;;;1;;;1
20230313;03;2023;7393105;1;1;01;13;1;284.79093228;13;2;1;2;1;1;1;1;1;3;1;1;5;3;1;1;1;1;1;3;1;;;120000000;700000;;;1;;;;;;;;;;4
20230313;03;2023;7393106;1;1;01;13;1;247.43677296;13;2;1;4;1;1;1;1;1;3;1;1;1;1;1;2;1;1;2;3;6;;;;200000;;;;;;;;;;1;;;2
20230313;03;2023;7393107;1;1;01;13;1;340.96020419;13;2;1;2;1;1;1;1;1;3;1;1;1;1;1;1;1;1;2;3;6;;;;200000;;;;;;;;;;1;;;1
20230313;03;2023;7393108;1;1;01;13;1;216.76460161;13;2;1;4;1;1;1;1;1;3;1;1;3;2;1;1;1;1;1;3;6;;;;400000;;;;;;;;;;1;;;3
20230313;03;2023;7393109;1;1;01;13;1;218.40132211;13;1;1;4;1;1;1;1;1;3;1;1;3;2;1;1;1;1;3;3;1;;;99;400000;;;1;;;;;;;;;;3
20230313;03;2023;7393110;1;1;01;13;1;340.75526669;13;1;1;4;1;1;1;1;1;3;1;2;3;2;1;1;1;1;3;3;1;;;85000000;450000;;;1;;;;;;;;;;3
20230313;03;2023;7393110;2;2;01;13;1;340.75526669;13;1;1;4;1;1;1;1;1;3;1;2;3;2;1;1;1;1;3;3;6;;;;450000;;;1;;;;;;;;;;2
20230313;03;2023;7393111;1;1;01;13;1;364.3756779;13;2;1;4;1;1;1;1;1;3;1;1;3;2;1;1;1;1;3;3;3;;;;;450000;;1;;;;;;;;;;4
20230313;03;2023;7393112;1;1;01;13;1;391.20949936;13;1;1;4;1;1;1;1;1;3;1;1;3;1;1;1;1;1;3;3;1;;;80000000;500000;;;1;;;;;;;;;;2
20230313;03;2023;7393113;1;1;01;13;1;272.94952222;13;2;1;4;1;1;1;1;1;3;1;2;3;2;1;1;1;1;3;3;6;;;;700000;;;1;;;;;;;;;;4
20230313;03;2023;7393113;2;2;01;13;1;272.94952222;13;2;1;4;1;1;1;1;1;3;1;2;3;2;1;1;1;1;3;3;6;;;;600000;;;1;;;;;;;;;;6
20230313;03;2023;7393114;1;1;01;13;1;332.44051387;13;2;1;4;1;1;1;1;1;3;1;1;3;2;1;1;1;1;3;3;3;;;;;300000;;;;;;;;;1;;;3
20230313;03;2023;7393115;1;1;01;13;1;235.36778049;13;1;1;4;1;1;1;1;1;3;1;1;3;2;1;1;1;1;1;3;1;;;98;500000;;;1;;;;;;;;;;4
20230313;03;2023;7393116;1;1;01;13;1;211.68128143;13;1;1;2;1;1;1;1;1;3;1;1;3;2;1;1;1;1;3;3;1;;;99;500000;;;;;;;;;;1;;;3
20230313;03;2023;7393117;1;1;01;13;1;296.8627625;13;2;1;4;1;1;1;1;1;3;1;1;3;2;1;1;1;1;1;3;1;;;99;200000;;;;;;;;;;1;;;3
20230313;03;2023;7393118;1;1;01;13;1;227.08440143;13;1;1;4;1;1;1;1;1;3;1;1;4;3;1;1;1;1;1;3;4;;;;450000;;;1;;;;;;;;;;4
20230313;03;2023;7393120;1;1;01;13;1;308.38258344;13;2;1;4;1;1;1;1;1;3;1;1;3;2;1;1;1;1;3;3;3;;;;;350000;;1;;;;;;;;;;3
20230313;03;2023;7393121;1;1;01;13;1;330.46912098;13;2;1;2;1;1;1;1;1;3;1;1;2;1;1;1;1;1;3;3;1;;;99;250000;;;;;;;;;;1;;;1
20230313;03;2023;7393122;1;1;01;13;1;296.92706281;13;2;1;4;1;1;1;1;1;3;1;1;3;2;1;1;1;1;1;3;3;;;;;380000;;1;;;;;;;;;;4
20230313;03;2023;7393124;1;1;01;13;1;293.20095933;13;1;1;4;1;1;1;1;1;3;1;1;4;3;1;1;1;1;1;3;3;;;;;350000;;1;;;;;;;;;;4
20230313;03;2023;7393125;1;1;01;13;1;573.9608245;13;1;1;4;1;2;1;1;1;3;1;1;3;1;1;1;1;1;1;3;3;;;;;600000;;;;;;;;;1;;;1
20230313;03;2023;7393126;1;1;01;13;1;329.33162672;13;1;1;4;1;2;1;1;1;3;1;1;4;2;1;1;1;1;3;3;1;;;250000000;700000;;;1;;;;;;;;;;2
20230313;03;2023;7393127;1;1;01;13;1;229.61705602;13;1;1;2;1;2;1;1;1;3;1;1;4;2;1;1;1;1;1;3;1;;;100000000;700000;;;1;;;;;;;;;;5
20230313;03;2023;7393129;1;1;01;13;1;329.33162672;13;1;1;4;1;2;1;1;1;3;1;1;4;2;1;1;1;1;1;3;1;;;98;800000;;;;;;;;;;1;;;2
20230313;03;2023;7393130;1;1;01;13;1;541.84561339;13;2;1;4;1;2;1;1;1;3;1;1;3;1;1;1;1;1;1;3;3;;;;;600000;;;;;;;;;1;;;2
20230313;03;2023;7393131;1;1;01;13;1;196.12394809;13;1;1;4;1;2;1;1;1;3;1;1;4;3;1;1;1;1;1;3;6;;;;1000000;;;1;;;;;;;;;;4
20230313;03;2023;7393132;1;1;01;13;1;323.72028629;13;2;1;4;1;2;1;1;1;3;1;1;3;2;1;1;1;1;1;3;6;;;;600000;;;1;;;;;1;;;;;4
20230313;03;2023;7393133;1;1;01;13;1;343.10040621;13;2;1;4;1;2;1;1;1;3;1;1;3;2;1;1;1;1;1;3;3;;;;;600000;;;;;;;;;1;;;4
20230313;03;2023;7393134;1;1;01;13;1;391.20949936;13;2;1;4;1;2;1;1;1;3;1;1;3;1;1;1;1;1;1;3;6;;;;700000;;;1;;;;;1;;;;;2
20230313;03;2023;7393135;1;1;01;13;1;288.67623512;13;2;1;4;1;2;1;1;1;3;1;1;3;2;1;1;1;1;3;3;6;;;;700000;;;1;;;;;;;;;;2
20230313;03;2023;7393136;1;1;01;13;1;413.90984356;13;2;1;2;1;2;1;1;1;3;1;1;4;2;1;1;1;1;1;3;3;;;;;500000;;1;;;;;;;;;;2
20230313;03;2023;7393137;1;1;01;13;1;391.20949936;13;2;1;2;1;2;1;1;1;3;1;1;4;2;1;1;1;1;1;3;3;;;;;650000;;1;;;;;1;;;;;2
20230313;03;2023;7393138;1;1;01;13;1;317.31832367;13;2;1;4;1;2;1;1;1;3;1;1;3;2;1;1;1;1;3;3;6;;;;900000;;;1;;;;;;;;;;5
20230313;03;2023;7393139;1;1;01;13;1;406.98545775;13;2;1;2;1;2;1;1;1;3;1;1;4;2;1;1;1;1;1;3;3;;;;;550000;;1;;;;;;;;;;2
20230313;03;2023;7393140;1;1;01;13;1;343.97670223;13;2;1;4;1;2;1;1;1;3;1;1;3;2;1;1;1;1;3;3;6;;;;750000;;;1;;;;;;;;;;3
20230313;03;2023;7393141;1;1;01;13;1;590.28859819;13;1;1;4;1;1;1;1;1;3;1;1;3;2;1;1;1;1;1;3;1;;;98;600000;;;1;;;;;;;;;;4
20230313;03;2023;7393142;1;1;01;13;1;450.80828035;13;2;1;4;1;2;1;1;1;3;1;1;2;1;1;1;1;1;1;3;6;;;;500000;;;1;;;;;;;;;;5
20230313;03;2023;7393143;1;1;01;13;1;431.12503862;13;2;1;4;1;2;1;1;1;3;1;1;3;2;1;1;1;1;1;3;6;;;;600000;;;1;;;;;;;;;;2
20230313;03;2023;7393144;1;1;01;13;1;450.29677383;13;2;1;4;1;2;1;1;1;3;1;1;3;2;1;1;1;1;1;3;1;;;70000000;600000;;;1;;;;;;;;;;3
20230313;03;2023;7393145;1;1;01;13;1;648.25900204;13;2;1;4;1;1;1;1;1;3;1;1;3;1;1;1;1;1;3;3;3;;;;;350000;;;;;;;;;1;;;3
20230313;03;2023;7393146;1;1;01;13;1;522.45979578;13;1;1;2;1;1;1;1;1;3;1;1;3;2;1;1;1;1;1;3;1;;;99;450000;;;1;;;;;;;;;;3
20230313;03;2023;7393147;1;1;01;13;1;514.97050779;13;2;1;4;1;1;1;1;1;3;1;1;3;2;1;1;1;1;1;3;3;;;;;600000;;1;;;;;;;;;;2
20230313;03;2023;7393148;1;1;01;13;1;590.28859819;13;1;1;4;1;1;1;1;1;3;1;1;3;2;1;1;1;1;2;3;2;;98;98;450000;;;1;;;;;;;;;;4
20230313;03;2023;7393149;1;1;01;13;1;469.12838267;13;1;1;4;1;1;1;1;1;3;1;1;3;2;1;1;1;1;1;3;3;;;;;380000;;1;;;;;;;;;;5
20230313;03;2023;7393150;1;1;01;13;1;424.58675269;13;1;1;4;1;1;1;1;1;3;1;1;4;3;1;1;1;1;1;3;1;;;150000000;600000;;;1;;;;;1;;;;;4
20230313;03;2023;7393151;1;1;01;13;1;567.89765457;13;1;1;4;1;2;1;1;1;3;1;1;3;2;1;1;1;1;3;3;3;;;;;500000;;;;;;;;;1;;;2
20230313;03;2023;7393153;1;1;01;13;1;524.82890636;13;1;1;4;1;1;1;1;1;3;1;1;4;3;1;1;1;1;1;3;1;;;99;500000;;;1;;;;;;;;;;4
20230313;03;2023;7393154;1;1;01;13;1;384.28026783;13;1;1;4;1;2;1;1;1;3;1;1;4;3;1;1;1;1;1;3;1;;;150000000;1000000;;;1;;;;;;;;;;3
20230313;03;2023;7393155;1;1;01;13;1;354.81726526;13;2;1;4;1;2;1;1;1;3;1;1;4;3;1;1;1;1;1;3;3;;;;;750000;;;;;;;;;1;;;5
20230313;03;2023;7393156;1;1;01;13;1;389.945177;13;2;1;4;1;2;1;1;1;3;1;1;3;2;1;1;1;1;1;3;3;;;;;900000;;1;;;;;1;;;;;3
20230313;03;2023;7393158;1;1;01;13;1;377.90343506;13;2;1;4;1;2;1;1;1;3;1;1;3;1;1;1;1;1;1;3;1;;;98;800000;;;1;;;;;1;;;;;2
20230313;03;2023;7393159;1;1;01;13;1;362.03782431;13;1;1;4;1;2;1;1;1;3;1;1;3;2;1;1;1;1;3;3;3;;;;;800000;;1;;;;;;;;;;4
20230313;03;2023;7393160;1;1;01;13;1;355.67815686;13;1;1;4;1;2;1;1;1;3;1;1;4;2;1;1;1;1;1;3;1;;;200000000;700000;;;1;;;;;1;;;;;2
20230313;03;2023;7393161;1;1;01;13;1;369.51616098;13;2;1;4;1;2;1;1;1;3;1;1;5;4;1;1;1;1;1;3;1;;;98;700000;;;1;;;;;;;;;;4
20230313;03;2023;7393162;1;1;01;13;1;386.15410578;13;2;1;4;1;2;1;1;1;3;1;1;4;2;1;1;1;1;2;3;6;;;;800000;;;1;;;;;;;;;;5
20230313;03;2023;7393163;1;1;01;13;1;473.51768021;13;2;1;4;1;2;1;1;1;3;1;1;4;3;1;1;1;1;1;3;3;;;;;500000;;1;;;;;;;;;;1
20230313;03;2023;7393164;1;1;01;13;1;214.74035078;13;1;1;4;1;2;1;1;1;3;1;1;3;2;1;1;1;1;1;3;1;;;98;600000;;;1;;;;;;;;;;5
20230313;03;2023;7393165;1;1;01;13;1;311.77033393;13;2;1;4;1;2;1;1;1;3;1;1;2;1;1;1;1;1;3;3;6;;;;700000;;;;;;;;;;1;;;2
20230313;03;2023;7393166;1;1;01;13;1;352.31598548;13;1;1;4;1;2;1;1;1;3;1;1;3;2;1;1;1;1;1;3;3;;;;;700000;;1;;;;;;;;;;3
20230313;03;2023;7393168;1;1;01;13;1;217.03513316;13;1;1;4;1;2;1;1;1;3;1;1;4;3;1;1;1;1;1;3;1;;;98;700000;;;1;;;;;;;;;;7
20230313;03;2023;7393169;1;1;01;13;1;320.356396;13;1;1;4;1;2;1;1;1;3;1;1;4;3;1;1;1;1;1;3;1;;;98;700000;;;1;;;;;;;;;;6
20230313;03;2023;7393170;1;1;01;13;1;351.19301633;13;2;1;2;1;2;1;1;1;3;1;1;4;2;1;1;1;1;1;3;1;;;99;650000;;;1;;;;;;;;;;4
20230313;03;2023;7393171;1;1;01;13;1;589.30975526;13;2;1;4;1;4;1;1;1;3;1;1;4;1;1;1;1;1;1;3;1;;;99;1000000;;;1;;;;;;;;;;1
20230313;03;2023;7393172;1;1;01;13;1;631.42585862;13;2;1;4;1;4;1;1;1;3;1;1;3;2;1;1;1;1;1;3;2;;2000000;170000000;1000000;;;1;;;;;;;;;;2
20230313;03;2023;7393173;1;1;01;13;1;620.40913309;13;2;1;4;1;4;1;1;1;3;1;1;4;2;1;1;1;1;1;3;3;;;;;1000000;;1;;;;;1;;;;;3
20230313;03;2023;7393174;1;1;01;13;1;631.42585862;13;2;1;4;1;4;1;1;1;3;1;1;4;3;1;1;1;1;1;3;3;;;;;1000000;;1;;;;;;;;;;2
20230313;03;2023;7393176;1;1;01;13;1;589.30975526;13;2;1;4;1;4;1;1;1;3;1;1;4;1;1;1;1;1;1;3;3;;;;;900000;;1;;;;;;;;;;1
20230313;03;2023;7393177;1;1;01;13;1;588.11512924;13;2;1;4;1;4;1;1;1;3;1;1;4;3;1;1;1;1;1;3;2;;2000000;170000000;1200000;;;1;;1;1;;1;;;;;4
20230313;03;2023;7393178;1;1;01;13;1;161.80225718;13;1;1;2;1;2;1;1;1;3;1;1;5;3;1;1;1;1;1;3;1;;;99;600000;;;1;;;;;;;;;;6
20230313;03;2023;7393179;1;1;01;13;1;378.5499649;13;1;1;2;1;2;1;1;1;3;1;1;4;2;1;1;1;1;1;3;4;;;;600000;;;1;;;;;;;;;;4
20230313;03;2023;7393180;1;1;01;13;1;473.51768021;13;2;1;2;1;2;1;1;1;3;1;1;3;1;1;1;1;1;1;3;3;;;;;600000;;1;;;;;1;;;;;1
20230313;03;2023;7393181;1;1;01;13;1;354.87879623;13;1;1;4;1;2;1;1;1;3;1;1;4;3;1;1;1;1;3;3;6;;;;600000;;;1;;;;;;;;;;5
20230313;03;2023;7393182;1;1;01;13;1;461.15319521;13;2;1;4;1;2;1;1;1;3;1;1;3;2;1;1;1;1;3;3;6;;;;600000;;;1;;;;;;;;;;1
20230313;03;2023;7393183;1;1;01;13;1;359.42654208;13;2;1;4;1;2;1;1;1;3;1;1;4;3;1;1;1;1;3;3;1;;;150000000;600000;;;1;;;;;;;;;;4
20230313;03;2023;7393185;1;1;01;13;1;296.14930284;13;2;1;4;1;4;1;1;1;3;1;1;4;3;1;1;1;1;1;3;1;;;98;1000000;;;1;;;;;;;;;;4
20230313;03;2023;7393186;1;1;01;13;1;572.81314304;13;2;1;4;1;4;1;1;1;3;1;1;3;1;1;1;1;1;3;3;3;;;;;500000;;1;;;;;1;;;;;1
20230313;03;2023;7393187;1;1;01;13;1;368.64742588;13;2;1;4;1;4;1;1;1;3;1;1;2;1;1;1;1;1;3;3;3;;;;;950000;;1;;;;;;;;;;2
20230313;03;2023;7393188;1;1;01;13;1;453.20403867;13;2;1;4;1;4;1;1;1;3;1;1;4;3;1;1;1;1;3;3;3;;;;;1540000;;1;;;;;;;;;;5
20230313;03;2023;7393190;1;1;01;13;1;425.45798506;13;2;1;2;1;4;1;1;1;3;1;1;5;3;1;1;1;1;1;3;1;;;99;2500000;;;1;;;;;1;;;;;3
20230313;03;2023;7393191;1;1;01;13;1;525.76679035;13;2;1;4;1;4;1;1;1;3;1;1;2;1;1;1;1;1;3;3;3;;;;;750000;;1;;;;;;;;;;1
20230313;03;2023;7393192;1;1;01;13;1;415.69377857;13;2;1;4;1;4;1;1;1;3;1;1;4;1;1;1;1;1;3;3;1;;;1200000000;1500000;;;1;;;;;;;;;;2
20230313;03;2023;7393193;1;1;01;13;1;476.98723293;13;2;1;4;1;4;1;1;1;1;1;1;3;2;1;1;1;1;3;3;1;;;600000000;1200000;;;1;;;;;;;;;;2
20230313;03;2023;7393194;1;1;01;13;1;614.87092695;13;2;1;2;1;4;1;1;1;3;1;1;3;2;1;1;1;1;1;3;4;;;;1500000;;;1;;;;;;;;;;1
20230313;03;2023;7393196;1;1;01;13;1;479.23538944;13;2;1;2;1;4;1;1;1;3;1;1;5;3;1;1;1;1;1;3;2;;1500000;450000000;2000000;;;1;;;;1;1;;;;;4
20230313;03;2023;7393198;1;1;01;13;1;279.46055243;13;1;1;2;1;2;1;1;1;3;1;1;5;3;1;1;1;1;1;3;1;;;99;700000;;;1;;;;;;;;;;4
20230313;03;2023;7393199;1;1;01;13;1;453.07000736;13;1;1;2;1;2;1;1;1;3;1;1;5;2;1;1;1;1;1;3;4;;;;99;;;1;;;;;;;;;;4
20230313;03;2023;7393200;1;1;01;13;1;346.41148214;13;1;1;2;1;3;1;1;1;3;1;1;6;4;1;1;1;1;1;3;1;;;300000000;850000;;;1;;;;;;;;;;2
20230313;03;2023;7393201;1;1;01;13;1;346.41148214;13;1;1;4;1;2;1;1;1;3;1;1;4;1;1;1;1;1;3;3;1;;;180000000;800000;;;1;;;;;;;;;;2
20230313;03;2023;7393202;1;1;01;13;1;346.41148214;13;1;1;4;1;2;1;1;1;3;1;1;4;3;1;1;1;1;3;3;6;;;;800000;;;1;;;;;;;;;;2
20230313;03;2023;7393203;1;1;01;13;1;496.69181227;13;2;1;4;1;2;1;1;1;3;1;1;3;2;1;1;1;1;3;3;3;;;;;450000;;1;;;;;;;;;;2
20230313;03;2023;7393204;1;1;01;13;1;305.76185096;13;2;1;4;1;3;1;1;1;3;1;1;4;2;1;1;1;1;1;3;1;;;600000000;2000000;;;1;;;;;1;;;;;3
20230313;03;2023;7393205;1;1;01;13;1;442.30386442;13;2;1;4;1;3;1;1;1;3;1;1;5;3;1;1;1;1;1;3;3;;;;;700000;;1;;;;;;;;;;3
20230313;03;2023;7393206;1;1;01;13;1;437.25081348;13;1;1;4;1;2;1;1;1;3;1;1;4;2;1;1;1;1;3;3;6;;;;700000;;;1;;;;;;;;;;4
20230313;03;2023;7393207;1;1;01;13;1;265.11221977;13;1;1;4;1;3;1;1;1;3;1;1;4;3;1;1;1;1;1;3;6;;;;1500000;;;1;;;;;;;;;;4
20230313;03;2023;7393208;1;1;01;13;1;307.92131746;13;2;1;4;1;3;1;1;1;3;1;1;3;1;1;1;1;1;1;3;1;;;98;98;;;1;;;;;1;;;;;2
20230313;03;2023;7393209;1;1;01;13;1;424.30603188;13;2;1;3;1;3;1;1;1;3;1;1;3;1;1;1;1;1;3;3;6;;;;1200000;;;;;;;;;;1;;;1
20230313;03;2023;7393210;1;1;01;13;1;339.07523147;13;2;1;4;1;3;1;1;1;3;1;1;4;2;1;1;1;1;1;3;6;;;;800000;;;1;;;;;1;;;;;2
20230313;03;2023;7393211;1;1;01;13;1;307.92131746;13;2;1;4;1;3;1;1;1;3;1;1;4;3;1;1;1;1;1;3;1;;;99;650000;;;1;;;;;;;;;;2
20230313;03;2023;7393214;1;1;01;13;1;307.92131746;13;2;1;4;1;3;1;1;1;3;1;1;4;1;1;1;1;1;2;3;3;;;;;950000;;1;;;;;1;;;;;2
20230313;03;2023;7393216;1;1;01;13;1;272.28267534;13;2;1;4;1;3;1;1;1;3;1;1;4;3;1;1;1;1;1;3;6;;;;600000;;;1;;;;;;;;;;5
20230313;03;2023;7393217;1;1;01;13;1;359.81500287;13;2;1;4;1;3;1;1;1;3;1;1;4;3;1;1;1;1;1;3;5;;;;650000;;;1;;;;;;;;;;4
20230313;03;2023;7393220;1;1;01;13;1;710.27652032;13;2;1;4;1;1;1;1;1;3;1;1;3;1;1;1;1;1;3;3;2;;98;120000000;700000;;;1;;;;;;;;;;1
20230313;03;2023;7393221;1;1;01;15;1;50.785036747;15;1;1;4;1;2;1;1;1;3;1;1;3;2;1;1;1;1;1;3;1;;;120000000;600000;;;;;;;;;;1;;;2
20230313;03;2023;7393222;1;1;01;15;1;65.4077817;15;1;1;4;1;3;1;1;1;3;1;1;4;3;1;1;1;1;1;4;1;;;200000000;500000;;;1;;;;;;;;;;5
20230313;03;2023;7393223;1;1;01;15;1;73.224258984;15;2;1;4;1;2;1;1;1;3;1;1;3;2;1;1;1;1;1;3;4;;;;400000;;;1;;;;;;;;;;4
20230313;03;2023;7393224;1;1;01;15;1;60.140715933;15;1;1;4;1;2;1;1;1;3;1;1;4;3;1;1;1;1;3;3;3;;;;;450000;;1;;;;;;;;;;6
20230313;03;2023;7393225;1;1;01;15;1;73.663056701;15;1;1;4;1;3;1;1;1;3;1;1;4;3;1;1;1;1;1;3;1;;;140000000;700000;;;1;;;;;;;;;;4
20230313;03;2023;7393226;1;1;01;15;1;130.02162696;15;2;1;4;1;3;1;1;1;3;1;1;3;2;1;1;1;1;1;3;3;;;;;800000;;1;;;;;;;;;;3
20230313;03;2023;7393227;1;1;01;15;1;83.807448179;15;2;1;4;1;1;1;1;1;3;1;1;3;2;1;1;1;1;1;3;1;;;99;600000;;;1;;;;;;;;;;2
20230313;03;2023;7393228;1;1;01;15;1;70.635468853;15;2;1;4;1;3;1;1;1;3;1;1;3;2;1;1;1;1;1;3;3;;;;;600000;;1;;;;;;;;;;2
20230313;03;2023;7393229;1;1;01;15;1;82.666382055;15;2;1;4;1;1;1;1;1;3;1;1;3;2;1;1;1;1;1;3;1;;;99;400000;;;1;;;;;;;;;;2
20230313;03;2023;7393230;1;1;01;15;1;107.92007164;15;2;1;4;1;1;1;1;1;3;1;1;3;2;1;1;1;1;1;3;1;;;250000000;750000;;;1;;;;;;;;;;4
20230313;03;2023;7393231;1;1;01;15;1;52.012046704;15;1;1;4;1;2;1;1;1;3;1;1;3;1;1;1;1;1;1;3;3;;;;;600000;;1;;;;;;;;;;2
20230313;03;2023;7393232;1;1;01;15;1;157.82002579;15;2;1;4;1;2;1;1;1;3;1;1;3;2;1;1;1;1;1;3;4;;;;300000;;;1;;1;;;;;;;;2
20230313;03;2023;7393233;1;1;01;15;1;39.990133599;15;1;1;2;1;2;1;1;1;3;1;1;2;2;1;1;1;1;1;3;3;;;;;450000;;;;;;;;;1;;;2
20230313;03;2023;7393234;1;1;01;15;1;181.27768303;15;2;1;4;1;2;1;1;1;3;1;1;3;2;1;1;1;1;1;3;3;;;;;600000;;1;;;;;;;;;;5
20230313;03;2023;7393235;1;1;01;15;1;73.883311621;15;1;1;4;1;2;1;1;1;3;1;1;4;3;1;1;1;1;1;3;1;;;250000000;300000;;;;;;;;;;1;;;3
20230313;03;2023;7393236;1;1;01;15;1;97.05970392;15;2;1;4;1;2;1;1;1;3;1;1;3;2;1;1;1;1;1;3;3;;;;;800000;;1;;;;;;;;;;2
20230313;03;2023;7393237;1;1;01;15;1;70.810332325;15;2;1;4;1;3;1;1;1;3;1;1;3;3;1;1;1;1;1;3;1;;;150000000;500000;;;1;;;;;;;;;;5
20230313;03;2023;7393238;1;1;01;15;1;80.484442164;15;2;1;4;1;2;1;1;1;3;1;1;4;3;1;1;1;1;1;3;3;;;;;400000;;;;;;;;;1;;;4
20230313;03;2023;7393239;1;1;01;15;1;129.64017019;15;2;1;4;1;2;1;1;1;3;1;1;3;2;1;1;1;1;1;3;3;;;;;570000;;;;;;;;;1;;;5
20230313;03;2023;7393240;1;1;01;15;1;72.881073494;15;2;1;4;1;3;1;1;1;3;1;1;5;2;1;1;1;1;1;3;3;;;;;400000;;1;;;;1;;;;;;4
20230313;03;2023;7393241;1;1;01;15;1;55.946957856;15;2;1;4;1;2;1;1;1;3;1;1;3;1;1;1;1;1;1;3;3;;;;;600000;;1;;;;;;;;;;1
20230313;03;2023;7393242;1;1;01;15;1;72.068607632;15;1;1;4;1;2;1;1;1;3;1;1;3;2;1;1;1;1;1;3;2;;250000;120000000;600000;;;1;;;;;;;;;;3
20230313;03;2023;7393243;1;1;01;15;1;63.70421038;15;2;1;2;1;2;1;1;1;3;1;1;3;2;1;1;1;1;1;3;1;;;50000000;200000;;;;;;;1;;;;;;3
20230313;03;2023;7393244;1;1;01;15;1;67.636130772;15;2;1;4;1;2;1;1;1;3;1;1;3;1;1;1;1;1;1;3;4;;;;500000;;;1;;;;;;;;;;2
20230313;03;2023;7393245;1;1;01;15;1;47.655333987;15;2;1;4;1;2;1;1;1;3;1;1;4;3;1;1;1;1;1;3;1;;;450000000;850000;;;1;;;;;;;;;;4
20230313;03;2023;7393246;1;1;01;15;1;71.043222025;15;2;1;4;1;2;1;1;1;3;1;1;5;4;1;1;1;1;1;3;1;;;99;600000;;;1;;;;;;;;;;4
20230313;03;2023;7393247;1;1;01;15;1;54.711915367;15;2;1;4;1;2;1;1;1;3;1;1;2;1;1;1;1;1;1;3;3;;;;;400000;;;;;;;;;1;;;3
20230313;03;2023;7393248;1;1;01;15;1;57.469826521;15;2;1;4;1;2;1;1;1;3;1;1;4;3;1;1;1;1;1;3;3;;;;;600000;;;;;;;;;1;;;5
20230313;03;2023;7393249;1;1;01;15;1;63.045356763;15;2;1;4;1;2;1;1;1;3;1;1;2;2;1;1;1;1;1;3;3;;;;;400000;;1;;;;;;;;;;4
20230313;03;2023;7393250;1;1;01;15;1;103.33297757;15;1;1;4;1;3;1;1;1;3;1;1;4;1;1;1;1;1;1;3;1;;;250000000;1000000;;;1;;;;;1;;;;;2
20230313;03;2023;7393251;1;1;01;15;1;112.87728164;15;1;1;4;1;3;1;1;1;3;1;1;7;3;1;1;1;1;1;3;1;;;700000000;2000000;;;1;;;1;;;;;;;3
20230313;03;2023;7393252;1;1;01;15;1;79.329510232;15;3;1;4;1;3;1;1;1;3;1;1;1;1;1;2;1;1;1;3;3;;;;;200000;;1;;;;;;;;;;1
20230313;03;2023;7393253;1;1;01;15;1;74.841220117;15;4;8;1;2;;2;2;2;;2;1;3;2;6;;5;5;5;5;3;;;;;800000;;1;;;;;;;;;;10
20230313;03;2023;7393254;1;1;01;15;1;54.216306566;15;1;1;4;1;3;1;1;1;3;1;1;3;1;1;1;1;1;1;3;3;;;;;230000;;1;;;;;;;;;;1
20230313;03;2023;7393255;1;1;01;15;1;54.216306566;15;3;1;4;1;3;1;1;1;3;1;1;1;1;1;2;1;1;1;3;3;;;;;450000;;1;;;;;;;;;;1
20230313;03;2023;7393256;1;1;01;15;1;91.021081732;15;1;1;4;1;3;1;1;1;3;1;1;2;1;1;1;1;1;1;3;3;;;;;500000;;1;;;;;;;;;;2
20230313;03;2023;7393257;1;1;01;15;1;103.33297757;15;2;1;4;1;3;1;1;1;3;1;1;3;1;1;1;1;1;1;3;4;;;;1000000;;;1;1;;;;1;;;;;2
20230313;03;2023;7393258;1;1;01;15;1;108.78575139;15;2;1;4;1;3;1;1;1;3;1;1;2;1;1;1;1;1;1;3;3;;;;;450000;;1;;;;;;;;;;1
20230313;03;2023;7393259;1;1;01;15;1;121.18492042;15;2;1;4;1;4;1;1;1;3;1;1;4;2;1;1;1;1;1;3;3;;;;;600000;;1;;;;;;1;;;NEQUI;1
20230313;03;2023;7393260;1;1;01;15;1;73.931327136;15;2;1;4;1;4;1;1;1;3;1;1;4;2;1;1;1;1;1;3;3;;;;;350000;;;;;;;;1;;;NEQUI;1
20230313;03;2023;7393261;1;1;01;15;1;97.48054302;15;2;1;4;1;4;1;1;1;3;1;1;5;1;1;1;1;1;1;3;3;;;;;800000;;1;;;;;;;;;;4
20230313;03;2023;7393262;1;1;01;15;1;73.931327136;15;2;1;4;1;4;1;1;1;1;1;1;3;2;1;1;1;1;1;3;3;;;;;500000;;;;;;;;;1;;;3
20230313;03;2023;7393263;1;1;01;15;1;121.13621444;15;2;1;4;1;2;1;1;1;3;1;1;4;3;1;1;1;1;1;3;3;;;;;500000;;1;;;;;1;;;;;5
20230313;03;2023;7393264;1;1;01;15;1;148.17567081;15;2;1;4;1;2;1;1;1;3;1;1;4;3;1;1;1;1;1;3;3;;;;;600000;;;;;;;;;1;;;5
20230313;03;2023;7393265;1;1;01;15;1;143.01638179;15;2;1;4;1;2;1;1;1;3;1;1;4;3;1;1;1;1;1;3;3;;;;;600000;;1;;;;1;;;;;;4
20230313;03;2023;7393266;1;1;01;15;1;172.51182654;15;1;1;4;1;2;1;1;1;3;1;1;4;2;1;1;1;1;1;3;3;;;;;700000;;1;;;;;;;;;;3
20230313;03;2023;7393267;1;1;01;15;1;99.983041096;15;1;1;4;1;4;1;1;1;3;1;1;4;2;1;1;1;1;1;3;2;;1200000;350000000;1000000;;;1;;;;;1;;;;;2
20230313;03;2023;7393268;1;1;01;15;1;85.078052307;15;2;1;4;1;2;1;1;1;3;1;1;3;2;1;1;1;1;1;3;3;;;;;350000;;;;;;;;;1;;;4
20230313;03;2023;7393269;1;1;01;15;1;146.27433033;15;2;1;4;1;4;1;1;1;3;1;1;3;2;1;1;1;1;1;4;1;;;250000000;600000;;;1;;1;;;1;;;;;3
20230313;03;2023;7393270;1;1;01;15;1;109.49161159;15;1;1;4;1;4;1;1;1;3;1;1;4;2;1;1;1;1;1;3;1;;;180000000;1000000;;;1;;;;;;;;;;3
20230313;03;2023;7393271;1;1;01;15;1;168.12095137;15;2;1;4;1;4;1;1;1;3;1;1;3;2;1;1;1;1;1;3;3;;;;;1500000;;1;;;;;;;;;;4
20230313;03;2023;7393272;1;1;01;15;1;55.423877558;15;1;1;4;1;2;1;1;1;3;1;1;3;2;1;1;1;1;1;3;3;;;;;600000;;1;;;;;;;;;;3
20230313;03;2023;7393273;1;1;01;15;1;138.18571254;15;1;1;4;1;2;1;1;1;3;1;1;4;3;1;1;1;1;1;3;3;;;;;600000;;1;;;;;;;;;;5
20230313;03;2023;7393274;1;1;01;15;1;150.45878113;15;1;1;4;1;2;1;1;1;3;1;1;5;2;1;1;1;1;1;3;1;;;180000000;1000000;;;1;;;;;;;;;;3
20230313;03;2023;7393275;1;1;01;15;1;54.216306566;15;2;1;4;1;3;2;1;1;3;1;1;2;1;1;1;1;1;1;4;3;;;;;500000;;1;;;;;;;;;;1
20230313;03;2023;7393276;1;1;01;15;1;117.4969812;15;2;1;4;1;3;1;1;1;3;1;1;4;3;1;1;1;1;1;3;3;;;;;720000;;1;;;;;;;;;;3
20230313;03;2023;7393278;1;1;01;15;1;99.977559347;15;2;1;4;1;4;1;1;1;3;1;1;3;1;1;1;1;1;1;3;3;;;;;450000;;1;;;;;;;;;;1
20230313;03;2023;7393279;1;1;01;15;1;137.91171792;15;1;1;4;1;4;1;1;1;3;1;1;4;3;1;1;1;1;1;3;1;;;35000000;800000;;;1;;;;;;;;;;4
20230313;03;2023;7393280;1;1;01;15;1;126.79049458;15;2;1;4;1;2;1;1;1;3;1;1;3;2;1;1;1;1;1;3;3;;;;;670000;;1;;;;;;;;;;3
20230313;03;2023;7393281;1;1;01;15;1;53.922057733;15;2;1;4;1;3;1;1;1;3;1;1;2;1;1;1;1;1;1;3;3;;;;;450000;;1;;;;1;;;;;;2
20230313;03;2023;7393282;1;1;01;15;1;52.980256139;15;1;1;4;1;3;1;1;1;3;1;1;4;3;1;1;1;1;1;3;2;;380000;180000000;600000;;;1;;1;;;;;;;;3
20230313;03;2023;7393283;1;1;01;15;1;73.200097439;15;1;1;4;1;2;1;1;1;3;1;1;3;3;1;1;1;1;1;3;1;;;200000000;800000;;;;;;;;;;1;;;3
20230313;03;2023;7393284;1;1;01;15;1;159.74557487;15;2;1;4;1;2;1;1;1;3;1;1;2;1;1;1;1;1;1;3;3;;;;;600000;;;;;;;;;1;;;2
20230313;03;2023;7393286;1;1;01;15;1;146.86076437;15;2;1;4;1;2;1;1;1;3;1;1;3;1;1;1;1;1;1;3;3;;;;;500000;;1;;;;;;;;;;1
20230313;03;2023;7393287;1;1;01;15;1;82.479650548;15;2;1;4;1;2;1;1;1;3;1;1;3;2;1;1;1;1;1;3;3;;;;;500000;;1;;;;;;;;;;2
20230313;03;2023;7393300;1;1;01;15;1;72.816865385;15;2;1;4;1;1;1;1;1;3;1;1;3;1;1;1;1;1;1;3;3;;;;;400000;;;;;;;;;1;;;2
20230313;03;2023;7393307;1;1;01;15;1;86.046688915;15;1;1;2;1;2;1;1;1;3;1;1;3;3;1;1;1;1;1;3;1;;;150000000;450000;;;1;;;;;;;;;;6
20230313;03;2023;7393310;1;1;01;15;1;30.980746609;15;2;1;4;1;2;1;1;1;3;1;1;2;2;1;1;1;1;1;3;3;;;;;450000;;1;;;;;;;;;;3
20230313;03;2023;7393311;1;1;01;15;1;116.24959977;15;1;1;4;1;4;1;1;1;3;1;1;5;1;1;1;1;1;1;3;1;;;400000000;1200000;;;1;;;;;;;;;;2
20230313;03;2023;7393313;1;1;01;15;1;108.78575139;15;3;1;6;1;3;1;1;1;3;1;1;1;1;1;2;1;1;1;3;3;;;;;320000;;1;;;;;;;;;;1
20230313;03;2023;7393314;1;1;01;17;1;173.96155188;17;1;1;6;1;3;1;1;1;2;1;1;8;3;1;1;1;1;1;3;1;;;98;98;;;1;;;;;;;;;;3
20230313;03;2023;7393315;1;1;01;17;1;215.89391295;17;2;1;4;1;5;1;1;1;2;1;1;4;2;1;1;1;1;1;3;1;;;350000000;1200000;;;1;;;;;;;;;;2
20230313;03;2023;7393316;1;1;01;17;1;153.43442612;17;1;1;4;1;2;1;1;1;2;1;1;4;1;1;1;1;1;1;3;1;;;120000000;500000;;;;;;;1;;;;;;2
20230313;03;2023;7393317;1;1;01;17;1;239.39474415;17;1;1;4;1;6;1;1;1;2;1;1;5;3;1;1;1;1;1;3;1;;;500000000;1600000;;;1;;;;;;;;;;4
20230313;03;2023;7393318;1;1;01;17;1;96.405584965;17;2;1;4;1;2;1;1;1;2;1;1;3;1;1;1;1;1;1;3;3;;;;;650000;;1;;;;;;;;;;1
20230313;03;2023;7393319;1;1;01;17;1;137.9295413;17;1;1;4;1;3;1;1;1;2;1;1;4;1;1;1;1;2;1;3;1;;;250000000;1000000;;;1;;;;;;;;;;2
20230313;03;2023;7393320;1;1;01;17;1;193.69734966;17;3;4;6;1;3;1;1;1;2;1;1;1;1;1;2;1;1;1;4;3;;;;;250000;;1;;;;;;;;;;2
20230313;03;2023;7393321;1;1;01;17;1;166.59739909;17;1;1;4;1;2;1;1;1;2;1;1;5;2;1;1;1;1;1;3;3;;;;;470000;;1;;;;1;;;;;;3
20230313;03;2023;7393322;1;1;01;17;1;140.27145315;17;2;1;4;1;2;2;1;1;2;1;1;2;1;1;1;1;1;1;4;4;;;;450000;;;1;;;;1;1;;;;;1
20230313;03;2023;7393323;1;1;01;17;1;204.07949357;17;2;1;4;1;3;1;1;1;2;1;1;3;2;1;1;1;1;1;3;2;;430000;164000000;700000;;;1;;;;;;;;;;2
20230313;03;2023;7393324;1;1;01;17;1;207.85856284;17;2;1;4;1;5;1;1;1;2;1;1;5;3;1;1;1;1;1;3;1;;;390000000;1500000;;;1;;;;;;;;;;4
20230313;03;2023;7393325;1;1;01;17;1;234.30364862;17;1;1;4;1;6;1;1;1;2;1;1;5;2;1;1;1;1;1;3;1;;;400000000;1700000;;;1;;;;;;;;;;3
20230313;03;2023;7393326;1;1;01;17;1;155.13372984;17;1;1;2;1;2;1;1;1;2;1;1;3;2;1;1;1;1;1;3;1;;;90000000;350000;;;1;;;;;;;;;;5
20230313;03;2023;7393327;1;1;01;17;1;161.865678;17;1;1;4;1;3;1;1;1;2;1;1;5;4;1;1;1;1;1;3;1;;;200000000;700000;;;1;;;;;1;;;;;5
20230313;03;2023;7393328;1;1;01;17;1;153.43442612;17;2;1;2;1;2;1;1;1;2;1;1;3;1;1;1;1;1;1;3;3;;;;;600000;;1;;;;;;;;;;2
20230313;03;2023;7393329;1;1;01;17;1;126.91220962;17;1;1;4;1;3;1;1;1;2;1;1;5;3;1;1;1;1;1;3;1;;;200000000;800000;;;1;;;;;;;;;;4
20230313;03;2023;7393330;1;1;01;17;1;143.09590809;17;2;1;4;1;2;1;1;1;2;1;1;4;1;1;1;1;1;1;3;1;;;150000000;450000;;;1;;;;;;;;;;1
20230313;03;2023;7393331;1;1;01;17;1;168.69862701;17;2;1;4;1;3;1;1;1;2;1;1;3;2;1;1;1;1;1;3;3;;;;;800000;;;;;;;;;1;;;3
20230313;03;2023;7393332;1;1;01;17;1;162.75986147;17;2;1;4;1;3;1;1;1;2;1;1;3;2;1;1;1;1;1;3;3;;;;;700000;;1;;;;;;;;;;2
20230313;03;2023;7393333;1;1;01;17;1;159.06578402;17;2;1;4;1;2;1;1;1;2;1;1;3;2;1;1;1;1;1;3;1;;;100000000;400000;;;1;;;;;;;;;;3
20230313;03;2023;7393334;1;1;01;17;1;146.1516649;17;1;1;4;1;3;1;1;1;2;1;1;4;3;1;1;1;1;1;3;1;;;99;700000;;;1;;;;;;;;;;4
20230313;03;2023;7393335;1;1;01;17;1;156.62568369;17;1;1;4;1;3;1;1;1;2;1;1;5;4;1;1;1;1;1;3;1;;;99;1000000;;;1;;;;;1;;;;;5
20230313;03;2023;7393336;1;1;01;17;1;141.42051875;17;2;1;4;1;2;1;1;1;2;1;1;4;3;1;1;1;1;1;3;4;;;;600000;;;1;;;;;1;;;;;3
20230313;03;2023;7393337;1;1;01;17;1;209.54512309;17;2;1;4;1;3;1;1;1;2;1;1;4;3;1;1;1;1;1;3;2;;520000;150000000;750000;;;1;;1;1;;;;;;;4
20230313;03;2023;7393338;1;1;01;17;1;166.80520803;17;2;1;4;1;3;1;1;1;2;1;1;4;2;1;1;1;1;1;3;3;;;;;800000;;1;;;;;;;;;;4
20230313;03;2023;7393339;1;1;01;17;1;246.52818681;17;2;1;4;1;5;1;1;1;2;1;1;4;2;1;1;1;1;1;3;3;;;;;1670000;;1;;;;;;;;;;3
20230313;03;2023;7393340;1;1;01;17;1;164.31890869;17;1;1;2;1;2;1;1;1;2;1;1;3;2;1;1;1;1;1;3;1;;;60000000;500000;;;1;;;;;;;;;;3
20230313;03;2023;7393341;1;1;01;17;1;143.09590809;17;1;1;4;1;2;1;1;1;2;1;1;3;1;1;1;1;1;1;3;1;;;99;800000;;;1;;;;;;;;;;1
20230313;03;2023;7393342;1;1;01;17;1;199.23155965;17;2;1;4;1;3;1;1;1;2;1;1;4;1;1;1;1;1;1;3;1;;;99;850000;;;1;;;;;;;;;;2
20230313;03;2023;7393343;1;1;01;17;1;150.62246592;17;1;1;4;1;2;1;1;1;2;1;1;4;3;1;1;1;1;1;3;3;;;;;800000;;1;;;;;1;;;;;4
20230313;03;2023;7393344;1;1;01;17;1;182.3528891;17;2;1;4;1;3;1;1;1;2;1;1;3;1;1;1;1;1;1;3;3;;;;;600000;;1;;;;;;1;;;SISTECREDITO;1
20230313;03;2023;7393345;1;1;01;17;1;143.09590809;17;1;1;4;1;2;1;1;1;2;1;1;2;1;1;1;1;1;1;3;4;;;;600000;;;;;;;;;;1;;;1
20230313;03;2023;7393346;1;1;01;17;1;178.01170831;17;2;1;4;1;2;2;1;1;2;1;1;3;2;1;1;1;1;1;4;4;;;;700000;;;;;;;;;;1;;;3
20230313;03;2023;7393347;1;1;01;17;1;206.57064497;17;1;1;4;1;6;1;1;1;2;1;1;5;3;1;1;1;1;1;3;3;;;;;1770000;;1;;;;;;;;;;3
20230313;03;2023;7393348;1;1;01;17;1;181.21106159;17;2;1;4;1;2;1;1;1;2;1;1;3;2;1;1;1;1;1;3;2;;400000;150000000;550000;;;1;;1;;;;;;;;4
20230313;03;2023;7393349;1;1;01;17;1;158.98688051;17;2;1;2;1;2;1;1;1;2;1;1;3;1;1;1;1;1;1;3;3;;;;;250000;;1;;;;;1;;;;;1
20230313;03;2023;7393350;1;1;01;17;1;132.71147725;17;1;1;4;1;3;1;1;1;2;1;1;3;2;1;1;1;1;1;3;1;;;200000000;1000000;;;1;;;;;;;;;;2
20230313;03;2023;7393351;1;1;01;17;1;137.9295413;17;1;1;4;1;3;1;1;1;2;1;1;5;1;1;1;1;1;1;3;1;;;250000000;900000;;;1;;;;;;;;;;2
20230313;03;2023;7393353;1;1;01;17;1;203.13654537;17;2;1;4;1;3;1;1;1;2;1;1;4;2;1;1;1;1;1;3;2;;608000;160000000;600000;;;1;;1;1;1;1;;;;;2
20230313;03;2023;7393354;1;1;01;17;1;121.56263089;17;2;1;4;1;2;2;1;1;2;1;1;4;2;1;1;1;1;1;4;1;;;80000000;800000;;;1;;;;;;;;;;2
20230313;03;2023;7393355;1;1;01;17;1;186.05493954;17;2;1;2;1;1;1;1;1;2;1;1;2;2;1;1;1;1;1;3;4;;;;500000;;;1;;;1;;;;;;;6
20230313;03;2023;7393356;1;1;01;17;1;193.18951145;17;1;1;4;1;2;1;1;1;2;1;1;3;3;1;1;1;1;1;3;1;;;170000000;600000;;;1;;;;;;;;;;3
20230313;03;2023;7393357;1;1;01;17;1;156.25888105;17;2;1;4;1;1;1;1;1;2;1;1;2;1;1;2;1;1;1;3;1;;;99;500000;;;;;;;;;;1;;;2
20230313;03;2023;7393359;1;1;01;17;1;134.71899876;17;2;1;2;1;1;1;1;1;2;1;1;3;2;1;2;1;1;1;4;4;;;;600000;;;1;;;;;;;;;;2
20230313;03;2023;7393360;1;1;01;17;1;179.15658487;17;2;1;4;1;1;1;1;1;2;1;1;2;2;1;1;1;1;1;3;4;;;;400000;;;1;;;;;;;;;;3
20230313;03;2023;7393362;1;1;01;17;1;167.74646469;17;1;1;4;1;1;1;1;1;2;1;1;5;4;1;1;1;1;1;3;4;;;;800000;;;1;;;;1;1;;;;;5
20230313;03;2023;7393363;1;1;01;17;1;156.25888105;17;1;1;4;1;1;1;1;1;2;1;1;3;2;1;1;1;1;1;3;1;;;100000000;700000;;;1;;;;;;;;;;2
20230313;03;2023;7393364;1;1;01;17;1;133.32191718;17;1;1;4;1;3;1;1;1;2;1;1;4;3;1;1;1;1;1;3;4;;;;700000;;;1;;;;;;;;;;4
20230313;03;2023;7393365;1;1;01;17;1;158.98688051;17;2;1;4;1;1;2;1;1;2;1;1;2;1;1;1;1;1;1;4;3;;;;;500000;;;;;;;;;1;;;1
20230313;03;2023;7393366;1;1;01;17;1;143.09590809;17;2;1;4;1;1;2;1;1;2;1;1;2;1;1;1;1;1;1;4;3;;;;;570000;;;;;;;;;1;;;1
20230313;03;2023;7393368;1;1;01;17;1;158.98688051;17;2;1;4;1;1;1;1;1;2;1;1;2;1;1;1;1;1;1;3;4;;;;550000;;;1;;;;;;;;;;1
20230313;03;2023;7393369;1;1;01;17;1;147.73566936;17;2;1;4;1;3;2;1;1;2;1;1;4;2;1;1;1;1;1;4;1;;;100000000;800000;;;1;;;;;;;;;;2
20230313;03;2023;7393370;1;1;01;17;1;132.93233235;17;1;1;4;1;3;1;1;1;2;1;1;6;2;1;1;1;1;1;3;1;;;190000000;700000;;;1;;;;;;;;;;3
20230313;03;2023;7393371;1;1;01;17;1;138.95626551;17;2;1;4;1;3;1;1;1;2;1;1;3;2;1;1;1;1;1;3;3;;;;;700000;;1;;;;;;;;;;2
20230313;03;2023;7393373;1;1;01;17;1;144.89567975;17;2;1;4;1;3;2;1;1;2;1;1;4;1;1;1;1;1;1;4;3;;;;;700000;;1;;;;;;;;;;2
20230313;03;2023;7393374;1;1;01;17;1;135.29067674;17;2;1;4;1;3;2;1;1;2;1;1;2;1;1;1;1;1;1;4;3;;;;;600000;;1;;;;;;;;;;1
20230313;03;2023;7393376;1;1;01;17;1;96.405584965;17;2;1;4;1;2;2;1;1;2;1;1;3;1;1;1;1;1;1;4;3;;;;;550000;;1;;;;;;;;;;1
20230313;03;2023;7393377;1;1;01;17;1;199.16172081;17;2;1;4;1;5;1;1;1;9;1;1;4;2;1;1;1;1;1;3;3;;;;;1500000;;1;1;;;;1;;;;;2
20230313;03;2023;7393380;1;1;01;17;1;219.71673435;17;1;1;4;1;6;1;1;1;2;1;1;5;2;1;1;1;1;1;3;3;;;;;1900000;;1;;;;;;;;;;3
20230313;03;2023;7393381;1;1;01;17;1;199.295905;17;1;1;4;1;2;1;1;1;2;1;1;5;4;1;1;1;1;1;3;1;;;80000000;500000;;;;;;;;;;1;;;7
20230313;03;2023;7393382;1;1;01;17;1;197.70738992;17;2;1;4;1;4;1;1;1;2;1;1;4;1;1;1;1;1;1;3;3;;;;;1300000;;;;;;;;;1;;;1
20230313;03;2023;7393383;1;1;01;17;1;199.23155965;17;2;1;4;1;4;1;1;1;2;1;1;4;2;1;1;1;1;1;3;3;;;;;890000;;1;;;;;;;;;;2
20230313;03;2023;7393384;1;1;01;17;1;186.02468051;17;2;1;4;1;2;1;1;1;2;1;1;3;2;1;1;1;1;1;3;3;;;;;450000;;1;;;;;;;;;;1
20230313;03;2023;7393385;1;1;01;17;1;200.94175175;17;2;1;4;1;3;1;1;1;2;1;1;1;1;1;1;1;1;1;3;3;;;;;600000;;1;;;;;;;;;;1
20230313;03;2023;7393386;1;1;01;17;1;120.22418511;17;1;1;4;1;3;1;1;1;2;1;1;3;2;1;1;1;1;1;3;3;;;;;480000;;1;;;;;;;;;;2
20230313;03;2023;7393387;1;1;01;17;1;213.32736462;17;1;1;4;1;6;1;1;1;2;1;1;5;3;1;1;1;1;1;3;1;;;500000000;1800000;;;1;;;;;1;;;;;3
20230313;03;2023;7393388;1;1;01;17;1;216.17208073;17;2;1;4;1;3;1;1;1;2;1;1;4;3;1;1;1;1;1;3;1;;;170000000;850000;;;1;;;;;;;;;;6
20230313;03;2023;7393389;1;1;01;17;1;199.23155965;17;1;1;4;1;2;1;1;1;2;1;1;4;3;1;1;1;1;1;3;1;;;150000000;600000;;;1;;;;;;;;;;2
20230313;03;2023;7393390;1;1;01;17;1;177.52518294;17;2;1;4;1;3;1;1;1;2;1;1;5;3;1;1;1;1;1;3;1;;;99;850000;;;1;;;;;;;;;;4
20230313;03;2023;7393391;1;1;01;17;1;168.98163245;17;2;1;3;1;3;2;1;1;2;1;1;3;1;1;1;1;1;1;4;3;;;;;500000;;;;;;;;;1;;;1
20230313;03;2023;7393392;1;1;01;17;1;182.05209601;17;2;1;4;1;3;1;1;1;2;1;1;4;2;1;1;1;1;1;3;1;;;400000000;900000;;;1;;;;;;;;;;3
20230313;03;2023;7393393;1;1;01;17;1;154.56799337;17;2;1;4;1;3;1;1;1;2;1;1;4;3;1;1;1;1;1;3;1;;;99;700000;;;1;;;;;1;;;;;4
20230313;03;2023;7393394;1;1;01;17;1;262.21983936;17;2;1;4;1;2;1;1;1;2;1;1;3;2;1;1;1;1;1;3;4;;;;300000;;;;;;;;;;1;;;4
20230313;03;2023;7393395;1;1;01;17;1;143.44672295;17;2;1;4;1;2;1;1;1;2;1;1;3;2;1;1;1;1;1;3;1;;;300000000;700000;;;1;;;;;;;;;;2
20230313;03;2023;7393396;1;1;01;17;1;180.85732828;17;3;4;6;1;3;2;1;1;2;1;1;1;1;1;2;1;1;1;4;3;;;;;650000;;1;;;;;;;;;;1
20230313;03;2023;7393397;1;1;01;17;1;221.21315725;17;2;1;4;1;4;1;1;1;2;1;1;6;5;1;1;1;1;1;3;3;;;;;1600000;;1;;;;;;;;;;6
20230313;03;2023;7393398;1;1;01;17;1;222.25870259;17;2;1;4;1;4;1;1;1;2;1;1;4;3;1;1;1;1;1;3;2;;1500000;300000000;1200000;;;1;;1;1;;;;;;;4
20230313;03;2023;7393399;1;1;01;17;1;221.625213;17;2;1;4;1;3;1;1;1;2;1;1;4;3;1;1;1;1;1;3;3;;;;;500000;;;;;;;;;1;;;6
20230313;03;2023;7393400;1;1;01;17;1;207.97456657;17;2;1;4;1;4;1;1;1;2;1;1;4;3;1;1;1;1;1;3;1;;;300000000;1500000;;;1;;;;;;;;;;3
20230313;03;2023;7393401;1;1;01;17;1;156.16089472;17;2;1;4;1;3;2;1;1;2;1;1;3;2;1;1;1;1;1;4;3;;;;;400000;;1;;;;;;;;;;2
20230313;03;2023;7393402;1;1;01;17;1;169.28045447;17;2;1;4;1;3;2;1;1;2;1;1;3;2;1;1;1;1;1;4;3;;;;;200000;;;;;;;;;1;;;2
20230313;03;2023;7393403;1;1;01;17;1;237.95391926;17;1;1;4;1;6;1;1;1;2;1;1;5;3;1;1;1;1;1;3;2;;2700000;650000000;2300000;;;1;;;;;;;;;;4
20230313;03;2023;7393404;1;1;01;17;1;122.66994497;17;2;1;4;1;2;1;1;1;2;1;1;5;3;1;1;1;1;1;3;3;;;;;750000;;1;;1;;;1;;;;;4
20230313;03;2023;7393405;1;1;01;17;1;194.61126437;17;2;1;4;1;3;1;1;1;2;1;1;3;1;1;1;1;1;1;3;3;;;;;600000;;1;;;;;;;;;;1
20230313;03;2023;7393407;1;1;01;17;1;164.3228806;17;2;1;4;1;2;1;1;1;2;1;1;4;2;1;1;1;1;1;3;3;;;;;536000;;;;;;;;;1;;;4
20230313;03;2023;7393408;1;1;01;17;1;166.22062829;17;2;1;4;1;3;1;1;1;2;1;1;2;1;1;1;1;1;1;3;3;;;;;850000;;1;;;;;;;;;;2
20230313;03;2023;7393409;1;1;01;17;1;280.75534085;17;2;1;4;1;5;1;1;1;9;1;1;4;3;1;1;1;1;1;3;1;;;320000000;1400000;;;1;;;;;;;;;;5
20230313;03;2023;7393410;1;1;01;17;1;147.34537436;17;2;1;4;1;2;1;1;1;2;1;1;1;1;1;1;1;1;1;3;1;;;50000000;700000;;;;;;;;;;1;;;1
20230313;03;2023;7393411;1;1;01;17;1;229.93020962;17;2;1;4;1;5;1;1;1;2;1;1;4;2;1;1;1;1;1;3;1;;;350000000;1600000;;1;1;;1;;;1;;;;;3
20230313;03;2023;7393412;1;1;01;17;1;177.22636091;17;1;1;4;1;3;1;1;1;2;1;1;4;2;1;1;1;1;1;3;1;;;200000000;1000000;;;1;;;;1;1;;;;;3
20230313;03;2023;7393413;1;1;01;17;1;186.02468051;17;2;1;4;1;2;1;1;1;2;1;1;3;2;1;1;1;1;1;3;3;;;;;450000;;1;;;;;;;;;;1
20230313;03;2023;7393414;1;1;01;17;1;90.217315427;17;2;1;4;1;2;1;1;1;2;1;1;3;2;1;1;1;1;1;3;3;;;;;750000;;1;;;;;1;;;;;3
20230313;03;2023;7393415;1;1;01;17;1;170.52527554;17;1;1;4;1;3;1;1;1;2;1;1;6;3;1;1;1;1;1;3;1;;;98;1000000;;;1;1;;;;;;;;;4
20230313;03;2023;7393416;1;1;01;17;1;125.03315252;17;2;1;4;1;2;1;1;1;2;1;1;3;2;1;1;1;1;1;3;3;;;;;450000;;1;;;;;;;;;;2
20230313;03;2023;7393417;1;1;01;17;1;206.33759725;17;1;1;4;1;3;1;1;1;2;1;1;5;4;1;1;1;1;1;3;4;;;;1000000;;;1;;;;;;;;;;5
20230313;03;2023;7393420;1;1;01;17;1;143.44672295;17;2;1;4;1;2;1;1;1;2;1;1;3;1;1;1;1;1;1;3;1;;;80000000;400000;;;1;;;;;;;;;;2
20230313;03;2023;7393421;1;1;01;17;1;167.92075658;17;1;1;4;1;2;1;1;1;2;1;1;2;1;1;1;1;1;1;3;1;;;100000000;300000;;;1;;;;;;;;;;2
20230313;03;2023;7393422;1;1;01;17;1;138.7437938;17;2;1;4;1;3;1;1;1;2;1;1;4;2;1;1;1;1;1;3;3;;;;;750000;;1;;;;;;;;;;2
20230313;03;2023;7393423;1;1;01;17;1;195.35212991;17;2;1;4;1;2;1;1;1;2;1;1;4;4;1;1;1;1;1;3;3;;;;;800000;;1;;;;;1;;;;;7
20230313;03;2023;7393424;1;1;01;17;1;175.13469839;17;2;1;4;1;4;1;1;1;2;1;1;3;2;1;1;1;1;1;3;3;;;;;650000;;1;;;;;;;;;;2
20230313;03;2023;7393425;1;1;01;17;1;209.98069292;17;1;1;4;1;6;1;1;1;2;1;1;5;3;1;1;1;1;1;3;3;;;;;1900000;;1;;;;;;;;;;4
20230313;03;2023;7393426;1;1;01;17;1;197.14523786;17;3;4;6;1;3;2;1;1;2;1;1;1;1;1;2;1;1;6;;3;;;;;230000;;1;;;;;;;;;;1
20230313;03;2023;7393427;1;1;01;17;1;182.45841729;17;2;1;2;1;2;1;1;1;2;1;1;3;2;1;1;1;1;1;3;1;;;100000000;550000;;;1;;;;1;1;;;;;4
20230313;03;2023;7393428;1;1;01;17;1;219.8898238;17;2;1;4;1;4;1;1;1;2;1;1;3;2;1;1;1;1;1;3;4;;;;700000;;;1;;;;;;;;;;2
20230313;03;2023;7393429;1;1;01;17;1;217.51956701;17;2;1;4;1;2;1;1;1;2;1;1;4;2;1;1;1;1;1;3;3;;;;;600000;;1;;;;;1;;;;;3
20230313;03;2023;7393430;1;1;01;17;1;128.78631728;17;2;1;4;1;3;1;1;1;2;1;1;3;1;1;1;1;1;1;3;3;;;;;500000;;;;;;;;;1;;;1
20230313;03;2023;7393431;1;1;01;17;1;110.76694258;17;1;1;2;1;2;1;1;1;2;1;1;4;3;1;1;1;1;1;3;3;;;;;300000;;;;;;;1;;;;;5
20230313;03;2023;7393432;1;1;01;17;1;220.59231869;17;2;1;3;1;2;1;1;1;2;1;1;2;1;1;1;1;1;1;3;3;;;;;430000;;1;;;;;;;;;;1
20230313;03;2023;7393433;1;1;01;17;1;158.97418427;17;2;1;4;1;3;1;1;1;2;1;1;4;2;1;1;1;1;1;3;3;;;;;700000;;1;;;;;;;;;;3
20230313;03;2023;7393434;1;1;01;17;1;156.92994528;17;2;1;4;1;2;1;1;1;2;1;1;3;2;1;1;1;1;1;3;4;;;;800000;;;1;;;;;1;;;;;2
20230313;03;2023;7393435;1;1;01;17;1;152.23141647;17;2;1;4;1;3;1;1;1;2;1;1;4;2;1;1;1;1;1;3;1;;;99;800000;;;1;;;;;1;;;;;2
20230313;03;2023;7393436;1;1;01;17;1;170.3573397;17;2;1;4;1;6;2;1;1;2;1;1;3;2;1;1;1;1;1;4;3;;;;;1400000;;1;;;;;;;;;;2
20230313;03;2023;7393438;1;1;01;17;1;138.69913797;17;2;1;4;1;3;1;1;1;2;1;1;4;3;1;1;1;1;1;3;1;;;150000000;750000;;;1;;;;1;;;;;;3
20230313;03;2023;7393440;1;1;01;17;1;177.28753107;17;2;1;4;1;3;1;1;1;2;1;1;1;1;1;1;1;1;1;3;3;;;;;660000;;1;;;;;;;;;;1
20230313;03;2023;7393441;1;1;01;17;1;158.57885536;17;2;1;4;1;2;1;1;1;2;1;1;4;3;1;1;1;1;1;3;4;;;;500000;;;1;;;;;;;;;;3
20230313;03;2023;7393446;1;1;01;17;1;160.63475592;17;1;1;4;1;3;1;1;1;2;1;1;4;3;1;1;1;1;1;3;1;;;180000000;800000;;;1;;;;;;;;;;5
20230313;03;2023;7393447;1;1;01;17;1;192.46043114;17;1;1;4;1;6;1;1;1;2;1;1;5;2;1;1;1;1;1;3;1;;;99;2000000;;;1;;;;;1;;;;;3
20230313;03;2023;7393448;1;1;01;17;1;199.46475395;17;2;1;4;1;4;1;1;1;2;1;1;3;1;1;1;1;1;1;3;3;;;;;900000;;1;;;;;;;;;;2
20230313;03;2023;7393450;1;1;01;17;1;217.51956701;17;2;1;4;1;2;1;1;1;2;1;1;3;2;1;1;1;1;1;3;3;;;;;500000;;1;;;;;;;;;;3
20230313;03;2023;7393451;1;1;01;17;1;186.02468051;17;2;1;4;1;2;1;1;1;2;1;1;3;2;1;1;1;1;1;3;1;;;200000000;700000;;;1;;;;;;;;;;1
20230313;03;2023;7393452;1;1;01;17;1;187.22262184;17;1;1;4;1;2;1;1;1;2;1;1;6;4;1;1;1;1;1;3;1;;;220000000;800000;;;1;;;;;;;;;;4
20230313;03;2023;7393453;1;1;01;17;1;144.29354555;17;2;1;4;1;2;1;1;1;2;1;1;3;1;1;1;1;1;1;3;4;;;;500000;;;1;;;;;;;;;;2
20230313;03;2023;7393454;1;1;01;17;1;168.83324145;17;1;1;2;1;2;1;1;1;2;1;1;1;1;1;1;1;1;1;3;3;;;;;270000;;;;;;;;;1;;;1
20230313;03;2023;7393456;1;1;01;17;1;131.29408015;17;2;1;4;1;2;1;1;1;2;1;1;1;1;1;1;1;1;2;3;3;;;;;220000;;1;;;;;;;;;;1
20230313;03;2023;7393457;1;1;01;17;1;199.46475395;17;1;1;4;1;2;1;1;1;2;1;1;4;3;1;1;1;1;1;3;3;;;;;700000;;1;;;;;;;;;;2
20230313;03;2023;7393458;1;1;01;17;1;143.44672295;17;2;1;4;1;2;1;1;1;2;1;1;3;1;1;1;1;1;1;3;1;;;90000000;480000;;;1;;;;;;;;;;2
20230313;03;2023;7393461;1;1;01;17;1;297.00365034;17;1;4;3;1;1;1;2;2;;1;1;2;2;3;1;5;1;1;3;5;;;;200000;;;;;;;;;;1;;;3
20230313;03;2023;7393462;1;1;01;17;1;152.06072338;17;1;5;3;1;1;1;2;2;;1;1;1;1;3;1;5;1;1;3;3;;;;;350000;;;;;;;;;1;;;1
20230313;03;2023;7393463;1;1;01;17;1;207.33665765;17;1;4;3;1;1;1;2;2;;1;1;3;1;3;1;5;1;6;;5;;;;200000;;;;;;;;;;1;;;1
20230313;03;2023;7393464;1;1;01;17;1;215.12607268;17;1;5;3;1;1;2;2;2;;1;1;4;3;3;1;5;1;1;4;1;;;30000000;250000;;;;;;;;;;1;;;7
20230313;03;2023;7393465;1;1;01;17;1;162.55135437;17;2;1;4;1;6;2;1;1;2;1;1;2;2;1;1;1;1;1;4;3;;;;;450000;;1;;;;;;;;;;2
20230313;03;2023;7393466;1;1;01;17;1;172.53902463;17;2;4;1;1;1;1;2;2;;1;1;2;1;3;1;5;1;1;3;3;;;;;200000;;;;;;;;;1;;;4
20230313;03;2023;7393467;1;1;01;17;1;139.3426312;17;1;1;3;1;1;1;2;2;;1;1;3;3;3;1;5;1;1;3;1;;;100000000;350000;;;1;;;;;;;;;;5
20230313;03;2023;7393468;1;1;01;17;1;241.72771607;17;1;1;2;1;1;1;2;2;;1;1;3;2;3;1;5;1;1;3;1;;;99;400000;;;1;;;;;1;;;;;3
20230313;03;2023;7393470;1;1;01;17;1;181.3315945;17;2;1;4;1;6;2;1;1;2;1;1;2;1;1;1;1;1;1;4;3;;;;;650000;;1;;;;;;;;;;2
20230313;03;2023;7393472;1;1;01;17;1;221.61680338;17;2;1;4;1;3;1;1;1;2;1;1;4;3;1;1;1;1;1;3;2;;600000;150000000;700000;;;1;;1;;;;;;;;4
20230313;03;2023;7393473;1;1;01;17;1;135.29067674;17;2;1;4;1;2;1;1;1;2;1;1;4;1;1;1;1;1;1;3;1;;;99;400000;;;1;;;;;;;;;;1
20230313;03;2023;7393474;1;1;01;17;1;163.27943791;17;2;1;4;1;2;1;1;1;2;1;1;3;2;1;1;1;1;1;3;1;;;180000000;500000;;;1;;;;;;;;;;4
20230313;03;2023;7393475;1;1;01;17;1;165.77535372;17;2;1;4;1;6;1;1;1;2;1;1;3;1;1;1;1;1;1;3;3;;;;;527000;;1;;;;;1;;;;;1
20230313;03;2023;7393476;1;1;01;17;1;199.89902895;17;2;1;4;1;6;2;1;1;2;1;1;3;2;1;1;1;1;1;4;3;;;;;800000;;1;;;;;;;;;;3
20230313;03;2023;7393477;1;1;01;17;1;177.27490352;17;1;5;3;1;1;2;2;2;;1;1;2;1;3;1;5;1;6;;4;;;;150000;;;1;;;;;;;;;;1
20230313;03;2023;7393478;1;1;01;17;1;174.67160097;17;1;1;4;1;6;1;1;1;2;1;1;5;3;1;1;1;1;1;3;1;;;600000000;1800000;;;1;;;;;;;;;;4
20230313;03;2023;7393479;1;1;01;17;1;154.80605679;17;2;1;4;1;2;1;1;1;2;1;1;3;2;1;1;1;1;1;3;3;;;;;480000;;1;;;;;;;;;;3
20230313;03;2023;7393480;1;1;01;17;1;179.88698579;17;2;1;4;1;2;1;1;1;2;1;1;5;2;1;1;1;1;1;3;3;;;;;550000;;;;;;;;;1;;;3
20230313;03;2023;7393481;1;1;01;17;1;181.11959968;17;2;1;4;1;6;2;1;1;2;1;1;3;1;1;1;1;1;1;4;3;;;;;800000;;1;;;;;;;;;;2
20230313;03;2023;7393483;1;1;01;17;1;204.50493852;17;2;1;4;1;3;1;1;1;2;1;1;4;1;1;1;1;1;1;3;3;;;;;700000;;1;;;;;1;;;;;3
20230313;03;2023;7393484;1;1;01;17;1;158.19604874;17;2;1;4;1;2;1;1;1;2;1;1;2;1;1;1;1;1;1;3;3;;;;;450000;;1;;;;;;;;;;3
20230313;03;2023;7393485;1;1;01;17;1;179.98837439;17;2;1;4;1;6;2;1;1;2;1;1;3;2;1;1;1;1;1;4;3;;;;;950000;;1;;;;;;;;;;2
20230313;03;2023;7393486;1;1;01;17;1;187.89358605;17;2;1;4;1;6;2;1;1;2;1;1;3;1;1;1;1;1;1;4;3;;;;;1000000;;1;;;;;1;;;;;1
20230313;03;2023;7393487;1;1;01;17;1;181.3315945;17;2;1;4;1;6;2;1;1;2;1;1;2;1;1;1;1;1;1;4;3;;;;;500000;;1;;;;;1;;;;;2
20230313;03;2023;7393488;1;1;01;17;1;126.29611365;17;2;1;4;1;2;1;1;1;2;1;1;2;2;1;1;1;1;1;3;3;;;;;460000;;1;;;;;;;;;;2
20230313;03;2023;7393489;1;1;01;17;1;165.77535372;17;2;1;4;1;6;2;1;1;2;1;1;2;1;1;1;1;1;1;4;3;;;;;450000;;1;;;;;;;;;;1
20230313;03;2023;7393490;1;1;01;17;1;168.69862701;17;2;1;4;1;2;1;1;1;2;1;1;3;2;1;1;1;1;1;3;3;;;;;530000;;1;;;;;;;;;;3
20230313;03;2023;7393491;1;1;01;17;1;171.32682187;17;2;1;4;1;2;1;1;1;2;1;1;3;2;1;1;1;1;1;3;3;;;;;400000;;1;;;;;;;;;;4
20230313;03;2023;7393492;1;1;01;17;1;168.69862701;17;2;1;4;1;2;1;1;1;2;1;1;3;2;1;1;1;1;1;3;3;;;;;450000;;1;;;;;;;;;;3
20230313;03;2023;7393493;1;1;01;17;1;156.44244842;17;1;1;4;1;2;1;1;1;2;1;1;4;2;1;1;1;1;1;3;1;;;99;500000;;;;;;;;;;1;;;5
20230313;03;2023;7393494;1;1;01;17;1;219.22634766;17;2;1;4;1;1;1;1;1;2;1;1;3;2;1;1;1;1;3;3;2;;230000;95000000;600000;;;1;;1;;;;;;;;2
20230313;03;2023;7393495;1;1;01;17;1;150.59046947;17;2;1;4;1;3;1;1;1;2;1;1;3;2;1;1;1;1;1;3;4;;;;700000;;;1;;;;;;;;;;3
20230313;03;2023;7393496;1;1;01;17;1;266.69065687;17;2;1;4;1;1;1;1;1;1;1;1;3;1;1;1;1;1;3;3;2;;640000;110000000;650000;;;1;;1;;;;;;;;3
20230313;03;2023;7393498;1;1;01;17;1;249.05630084;17;2;1;4;1;1;1;1;1;2;1;1;3;2;1;1;1;1;3;3;4;;;;600000;;;1;;;;1;;;;;;2
20230313;03;2023;7393499;1;1;01;17;1;132.07086078;17;1;1;4;1;3;1;1;1;2;1;1;4;3;1;1;1;1;1;3;3;;;;;700000;;1;;;;;;;;;;3
20230313;03;2023;7393500;1;1;01;17;1;250.73402424;17;2;1;4;1;1;1;1;1;2;1;1;3;2;1;1;1;1;3;3;2;;260000;100000000;600000;;;1;;1;;;;;;;;3
20230313;03;2023;7393501;1;1;01;17;1;229.75396005;17;2;1;4;1;1;1;1;1;2;1;1;3;2;1;1;1;1;3;3;2;;350000;70000000;350000;;;1;;1;;;;;;;;2
20230313;03;2023;7393502;1;1;01;17;1;244.26857888;17;2;1;4;1;1;1;1;1;2;1;1;3;1;1;1;1;1;3;3;1;;;98;500000;;;1;;;;;;;;;;2
20230313;03;2023;7393503;1;1;01;17;1;223.23161785;17;2;1;4;1;1;1;1;1;2;1;1;3;2;1;1;1;1;3;3;2;;450000;98;600000;;;1;;1;;1;1;;;;;4
20230313;03;2023;7393504;1;1;01;17;1;291.73179452;17;2;1;4;1;1;1;1;1;2;1;1;3;2;1;1;1;1;3;3;3;;;;;620000;;1;;;;;;;;;;4
20230313;03;2023;7393505;1;1;01;17;1;244.55448761;17;2;1;4;1;1;1;1;1;2;1;1;3;2;1;1;1;1;3;3;2;;270000;100000000;600000;;;1;;1;;;;;;;;2
20230313;03;2023;7393506;1;1;01;17;1;133.71848548;17;1;1;2;1;2;1;1;1;2;1;1;4;3;1;1;1;1;1;3;1;;;99;500000;;;1;;;;;;;;;;5
20230313;03;2023;7393507;1;1;01;17;1;144.89567975;17;1;1;4;1;2;1;1;1;2;1;1;4;1;1;1;1;1;1;3;1;;;180000000;600000;;;1;;;;;;;;;;2
20230313;03;2023;7393508;1;1;01;17;1;146.1516649;17;1;1;4;1;2;1;1;1;2;1;1;4;3;1;1;1;1;1;3;3;;;;;650000;;1;;;;;;;;;;4
20230313;03;2023;7393509;1;1;01;17;1;135.29067674;17;2;1;2;1;2;1;1;1;2;1;1;2;1;1;1;1;1;1;3;1;;;99;450000;;;;;;;;;;1;;;1
20230313;03;2023;7393510;1;1;01;17;1;128.96650741;17;2;1;4;1;2;1;1;1;2;1;1;3;2;1;1;1;1;1;3;3;;;;;600000;;1;;;;;;;;;;2
20230313;03;2023;7393511;1;1;01;17;1;162.75986147;17;2;1;3;1;2;1;1;1;2;1;1;2;2;1;1;1;1;1;3;4;;;;350000;;;;;;;;;;1;;;2
20230313;03;2023;7393512;1;1;01;17;1;169.78566499;17;2;1;4;1;2;1;1;1;2;1;1;4;3;1;1;1;1;1;3;3;;;;;550000;;1;;;;;;;;;;4
20230313;03;2023;7393513;1;1;01;17;1;157.51026823;17;1;1;4;1;2;1;1;1;2;1;1;2;2;1;1;1;1;1;3;2;;400000;200000000;600000;;;1;;;;1;;;;;;3
20230313;03;2023;7393514;1;1;01;17;1;147.47074564;17;2;1;4;1;1;1;1;1;2;1;1;3;2;1;1;1;1;1;3;4;;;;600000;;;1;;;;;;;;;;3
20230313;03;2023;7393515;1;1;01;17;1;181.82940014;17;1;1;4;1;2;1;1;1;2;1;1;4;2;1;1;1;1;1;3;3;;;;;850000;;1;;;;;;;;;;4
20230313;03;2023;7393516;1;1;01;17;1;158.03683594;17;2;1;4;1;2;1;1;1;2;1;1;3;2;1;1;1;1;1;3;4;;;;500000;;;1;;;;;;;;;;3
20230313;03;2023;7393518;1;1;01;17;1;144.89567975;17;2;1;4;1;2;1;1;1;2;1;1;3;2;1;1;1;1;1;3;4;;;;800000;;;1;;;;;;;;;;2
20230313;03;2023;7393519;1;1;01;17;1;235.57438007;17;2;1;4;1;4;1;1;1;2;1;1;3;2;1;1;1;1;1;3;3;;;;;700000;;1;;;;;;;;;;4
20230313;03;2023;7393520;1;1;01;17;1;147.34537436;17;2;1;4;1;2;1;1;1;2;1;1;2;1;1;1;1;1;1;3;4;;;;400000;;;1;;;;;1;;;;;1
20230313;03;2023;7393521;1;1;01;17;1;226.87864724;17;2;1;4;1;4;1;1;1;2;1;1;4;3;1;1;1;1;1;3;3;;;;;1175000;;1;;;;;;;;;;5
20230313;03;2023;7393522;1;1;01;17;1;96.405584965;17;2;1;4;1;2;1;1;1;2;1;1;3;1;1;1;1;1;1;3;4;;;;550000;;;;;;;;;;1;;;1
20230313;03;2023;7393523;1;1;01;17;1;152.95567593;17;2;1;4;1;1;1;1;1;2;1;1;4;3;1;1;1;1;1;3;1;;;80000000;500000;;;1;;;;;;;;;;3
20230313;03;2023;7393524;1;1;01;17;1;137.35369521;17;2;1;4;1;2;1;1;1;2;1;1;3;2;1;1;1;1;1;3;3;;;;;600000;;1;;;;;;;;;;3
20230313;03;2023;7393525;1;1;01;17;1;154.69109804;17;2;1;4;1;2;1;1;1;2;1;1;2;1;1;1;1;1;1;3;3;;;;;350000;;1;;;;;;;;;;2
20230313;03;2023;7393527;1;1;01;17;1;192.33197841;17;2;1;4;1;2;1;1;1;2;1;1;3;2;1;1;1;1;1;3;3;;;;;270000;;;;;;;;;1;;;4
20230313;03;2023;7393529;1;1;01;17;1;167.14336362;17;2;1;4;1;1;1;1;1;2;1;1;3;2;1;1;1;1;1;3;4;;;;500000;;;1;;;;;1;;;;;3
20230313;03;2023;7393530;1;1;01;17;1;195.55976823;17;2;1;4;1;4;1;1;1;2;1;1;4;2;1;1;1;1;1;4;3;;;;;1000000;;1;;;;;;;;;;2
20230313;03;2023;7393532;1;1;01;17;1;197.98721183;17;2;1;4;1;4;1;1;1;2;1;1;3;1;1;1;1;1;1;3;3;;;;;758000;;1;;;;;;;;;;2
20230313;03;2023;7393533;1;1;01;17;1;178.80648981;17;2;1;4;1;2;1;1;1;2;1;1;4;3;1;1;1;1;1;3;1;;;300000000;800000;;;1;;;;1;1;;;;;2
20230309;03;2023;7393534;1;1;01;18;1;74.515637512;18;2;1;2;1;1;2;1;1;2;1;1;4;2;1;1;1;1;3;4;4;;;;300000;;;;;;;;;;1;;;4
20230313;03;2023;7393537;1;1;01;18;1;46.66124647;18;2;1;4;1;3;1;1;1;2;1;1;4;2;1;1;1;1;1;3;4;;;;6000000;;;1;;;;;;;;;;2
20230313;03;2023;7393538;1;1;01;18;1;39.952851234;18;1;1;4;1;3;1;1;1;3;1;1;4;2;1;1;1;1;1;3;1;;;250000000;800000;;1;1;;;;;;;;;;1
20230313;03;2023;7393539;1;1;01;18;1;59.546722251;18;1;1;4;1;3;1;1;1;2;1;1;5;1;1;1;1;1;1;3;1;;;250000000;600000;;1;1;;;;;;;;;;2
20230313;03;2023;7393540;1;1;01;18;1;61.571411727;18;1;1;4;1;2;1;1;1;2;1;1;4;2;1;1;1;1;1;3;1;;;180000000;500000;;;1;;;;;;;;;;2
20230313;03;2023;7393541;1;1;01;18;1;59.566130889;18;2;1;4;1;2;1;1;1;2;1;1;4;2;1;1;1;1;1;3;3;;;;;550000;;1;;;;;;;;;;2
20230313;03;2023;7393542;1;1;01;18;1;92.857254579;18;2;1;4;1;2;1;1;1;2;1;1;5;3;1;1;1;1;1;3;3;;;;;600000;;1;;;;;;;;;;5
20230313;03;2023;7393544;1;1;01;18;1;59.651548526;18;2;1;4;1;1;1;1;1;2;1;1;4;2;1;1;1;1;1;3;3;;;;;300000;;1;;;;;;;;;;5
20230313;03;2023;7393545;1;1;01;18;1;53.05131163;18;1;1;4;1;1;1;1;1;2;1;1;4;2;1;1;1;1;3;3;3;;;;;300000;;;;;;;;;1;;;3
20230313;03;2023;7393546;1;1;01;18;1;41.096090108;18;1;1;4;1;1;1;1;1;2;1;1;4;2;1;1;1;1;1;3;3;;;;;300000;;1;;;;;;;;;;2
20230313;03;2023;7393547;1;1;01;18;1;69.436378676;18;1;1;4;1;1;1;1;1;2;1;1;4;1;1;1;1;1;1;3;1;;;100000000;300000;;;;;;;;;;1;;;2
20230313;03;2023;7393548;1;1;01;18;1;59.45364767;18;1;1;4;1;1;1;1;1;2;1;1;4;1;1;1;1;1;3;3;1;;;60000000;200000;;;;;;;;;;1;;;1
20230313;03;2023;7393549;1;1;01;18;1;58.42994869;18;1;1;2;1;1;2;1;1;2;1;1;3;1;1;1;1;1;3;4;3;;;;;100000;;;;;;;;;1;;;1
20230313;03;2023;7393550;1;1;01;18;1;45.634810509;18;2;1;4;1;1;1;1;1;2;1;1;3;1;1;1;1;1;1;3;3;;;;;150000;;1;;;;;;;;;;1
20230313;03;2023;7393551;1;1;01;18;1;43.987296657;18;2;1;4;1;1;1;1;1;2;1;1;4;2;1;1;1;1;1;3;3;;;;;380000;;;;;;;;;1;;;2
20230313;03;2023;7393553;1;1;01;18;1;57.873568292;18;1;1;4;1;1;1;1;1;2;1;1;4;2;1;1;1;1;1;3;3;;;;;250000;;;;;;;;;1;;;3
20230313;03;2023;7393554;1;1;01;18;1;65.36213318;18;2;1;4;1;1;1;1;1;2;1;1;2;1;1;1;1;1;1;3;3;;;;;300000;;1;;;;;;;;;;1
20230313;03;2023;7393555;1;1;01;18;1;67.320511642;18;2;1;4;1;1;1;1;1;2;1;1;3;2;1;1;1;1;1;3;3;;;;;250000;;1;;;;;;;;;;4
20230313;03;2023;7393556;1;1;01;18;1;49.472747665;18;2;1;2;1;1;1;1;1;2;1;1;3;2;1;1;1;1;1;3;1;;;99;200000;;;;;;;;;;1;;;4
20230313;03;2023;7393557;1;1;01;18;1;73.939231064;18;1;1;2;1;1;1;1;1;2;1;1;3;2;1;1;1;1;1;3;3;;;;;150000;;;;;;;;;1;;;3
20230313;03;2023;7393558;1;1;01;18;1;78.147288109;18;1;1;1;1;1;2;1;1;2;1;1;1;1;1;1;1;1;1;4;1;;;99;200000;;;;;;;;;;1;;;1
20230313;03;2023;7393559;1;1;01;18;1;69.589036026;18;1;5;2;1;1;1;1;1;2;1;1;3;2;1;1;1;1;1;3;7;VIVIENDA FAMILIAR;;;150000;;;;;;;;;;1;;;3
20230313;03;2023;7393560;1;1;01;18;1;65.36213318;18;1;1;2;1;1;1;1;1;2;1;1;3;1;1;1;1;1;1;3;4;;;;250000;;;1;;;;1;;;;;;1
20230313;03;2023;7393561;1;1;01;18;1;74.35392417;18;2;1;4;1;1;1;1;1;2;1;1;3;2;1;1;1;1;1;3;3;;;;;350000;;;;;;;;;1;;;5
20230313;03;2023;7393562;1;1;01;18;1;79.631648601;18;1;1;4;1;1;1;1;1;2;1;1;4;3;1;1;1;1;1;3;1;;;99;300000;;;;;;;;;;1;;;3
20230313;03;2023;7393563;1;1;01;18;1;38.833442822;18;1;1;4;1;1;1;1;1;2;1;1;3;1;1;1;1;1;1;3;3;;;;;250000;;1;;;;1;;;;;;1
20230313;03;2023;7393565;1;1;01;18;1;39.952851234;18;2;1;4;1;3;1;1;1;3;1;1;2;1;1;1;1;1;1;3;3;;;;;500000;;1;;;;;;;;;;1
20230313;03;2023;7393567;1;1;01;18;1;42.575601718;18;1;1;4;1;3;1;1;1;2;1;1;4;2;1;1;1;1;1;3;4;;;;2000000;;;1;;;;;;;;;;2
20230313;03;2023;7393569;1;1;01;18;1;45.468119429;18;1;1;4;1;1;1;1;1;2;1;1;3;1;1;1;1;1;1;3;4;;;;500000;;;1;;;;;;;;;;2
20230313;03;2023;7393570;1;1;01;18;1;39.165039995;18;1;1;4;1;1;1;1;1;2;1;1;3;2;1;1;1;1;3;3;4;;;;200000;;;;;;;;;;1;;;2
20230313;03;2023;7393571;1;1;01;18;1;65.36213318;18;1;1;4;1;1;1;1;1;2;1;1;3;1;1;1;1;1;1;3;3;;;;;300000;;;;;;;;;1;;;1
20230313;03;2023;7393573;1;1;01;18;1;66.207405364;18;1;1;4;1;1;2;1;1;2;1;1;4;2;1;1;1;1;1;4;1;;;27000000;300000;;;;;;;;;;1;;;3
20230313;03;2023;7393574;1;1;01;18;1;92.514570906;18;1;1;4;1;1;1;1;1;2;1;1;4;2;1;1;1;1;3;3;3;;;;;300000;;;;;;;;;1;;;4
20230313;03;2023;7393575;1;1;01;18;1;101.75024839;18;1;1;2;1;1;2;1;1;2;1;1;3;2;1;1;1;1;3;4;3;;;;;150000;;;;;;;;;1;;;2
20230313;03;2023;7393576;1;1;01;18;1;102.24917932;18;1;1;2;1;1;1;1;1;2;1;1;4;3;1;1;1;1;1;3;3;;;;;250000;;1;;;;;;;;;;3
20230313;03;2023;7393577;1;1;01;18;1;51.937889943;18;1;1;2;1;1;1;1;1;2;1;1;4;1;1;1;1;1;1;3;4;;;;100000;;;;;;;;;;1;;;1
20230313;03;2023;7393578;1;1;01;18;1;41.096090108;18;1;1;4;1;1;1;1;1;2;1;1;3;2;1;1;1;1;3;3;4;;;;350000;;;1;;;;1;;;;;;2
20230313;03;2023;7393579;1;1;01;18;1;51.937889943;18;2;1;2;1;1;1;1;1;2;1;1;2;1;1;1;1;1;3;2;3;;;;;200000;;;;;;;;;1;;;1
20230313;03;2023;7393580;1;1;01;18;1;46.14848552;18;1;1;2;1;1;1;1;1;2;1;1;3;2;1;1;1;1;1;3;4;;;;200000;;;1;;;;;;;;;;2
20230313;03;2023;7393581;1;1;01;18;1;61.006225774;18;1;1;4;1;2;2;1;1;2;1;1;4;1;1;1;1;1;3;4;4;;;;200000;;;;;;;;;;1;;;3
20230313;03;2023;7393583;1;1;01;18;1;53.508282903;18;1;1;4;1;2;1;1;1;3;1;1;4;1;1;1;1;1;3;3;1;;;330000000;550000;;;;;;;;;;1;;;1
20230313;03;2023;7393584;1;1;01;18;1;39.26492552;18;2;1;4;1;3;1;1;1;3;1;1;5;2;1;1;1;1;1;3;3;;;;;250000;;1;;;;;;;;;;1
20230313;03;2023;7393585;1;1;01;18;1;70.246353275;18;2;1;4;1;1;1;1;1;2;1;1;4;3;1;1;1;1;3;3;3;;;;;250000;;;;;;;;;1;;;7
20230313;03;2023;7393586;1;1;01;18;1;65.36213318;18;2;1;4;1;1;1;1;1;2;1;1;2;1;1;1;1;1;6;;3;;;;;300000;;1;;;;1;;;;;;1
20230313;03;2023;7393587;1;1;01;18;1;33.889310583;18;1;1;4;1;1;1;1;1;2;1;1;3;2;1;1;1;1;3;3;1;;;99;250000;;;;;;;;;;1;;;4
20230313;03;2023;7393588;1;1;01;18;1;39.952851234;18;1;1;4;1;3;1;1;1;2;1;1;4;1;1;1;1;1;3;3;1;;;300000000;800000;;;1;;;;;;;;;;1
20230313;03;2023;7393590;1;1;01;18;1;59.706553623;18;1;1;2;1;3;2;1;1;2;1;1;3;1;1;1;1;1;3;4;4;;;;600000;;;1;;;;1;;;;;;6
20230313;03;2023;7393591;1;1;01;18;1;79.185906721;18;1;1;4;1;3;1;1;1;2;1;1;6;3;1;1;1;1;3;3;1;;;99;1000000;;;1;;;;1;;;;;;5
20230313;03;2023;7393592;1;1;01;18;1;78.917945524;18;1;2;3;1;1;1;1;1;2;1;1;1;1;1;1;1;1;2;3;5;;;;99;;;;;;;;;;1;;;7
20230313;03;2023;7393593;1;1;01;18;1;62.33332577;18;1;1;4;1;1;1;1;1;2;1;1;4;3;1;1;1;1;3;3;1;;;99;350000;;;1;;;;1;;;;;;3
20230313;03;2023;7393594;1;1;01;18;1;71.687597811;18;1;2;2;1;1;2;1;1;2;1;1;1;1;1;1;1;1;2;4;4;;;;99;;;;;;;;;;1;;;4
20230313;03;2023;7393595;1;1;01;18;1;63.363168256;18;1;1;4;1;2;1;1;1;2;1;1;6;5;1;1;1;1;3;3;1;;;150000000;1000000;;;1;;;;1;1;;;;;8
20230313;03;2023;7393596;1;1;01;18;1;43.82580625;18;2;1;4;1;2;1;1;1;2;1;1;4;2;1;1;1;1;3;3;3;;;;;500000;;1;;;;;;;;;;2
20230313;03;2023;7393597;1;1;01;18;1;65.556742342;18;1;1;4;1;2;1;1;1;2;1;1;4;2;1;1;1;1;3;3;1;;;99;99;;;;;;;;;;1;;;3
20230313;03;2023;7393598;1;1;01;18;1;65.36213318;18;2;1;4;1;1;1;1;1;2;1;1;3;1;1;1;1;1;3;3;4;;;;200000;;;1;;;;1;;;;;;1
20230313;03;2023;7393600;1;1;01;18;1;39.165039995;18;1;1;4;1;1;1;1;1;2;1;1;3;2;1;1;1;1;3;3;3;;;;;450000;;1;;;;;1;;;;;2
20230313;03;2023;7393601;1;1;01;18;1;106.33343259;18;1;1;4;1;1;2;2;1;2;1;1;3;1;3;1;1;1;1;4;3;;;;;400000;;1;;;;;;;;;;2
20230313;03;2023;7393602;1;1;01;18;1;94.089508474;18;1;1;2;1;1;1;1;1;2;1;1;3;2;1;1;1;1;1;3;3;;;;;200000;;;;;;;;;1;;;4
20230313;03;2023;7393604;1;1;01;18;1;75.147453414;18;1;1;2;1;1;2;1;1;2;1;1;2;1;1;1;1;1;3;4;3;;;;;230000;;;;;;;;;1;;;1
20230313;03;2023;7393605;1;1;01;18;1;101.70800424;18;1;5;2;1;1;1;1;1;2;1;1;3;2;1;1;1;1;1;3;3;;;;;200000;;;;;;;;;1;;;4
20230313;03;2023;7393606;1;1;01;18;1;81.816087843;18;1;1;2;1;1;1;1;1;2;1;1;3;2;1;1;1;1;3;3;3;;;;;280000;;1;;;;;;;;;;5
20230313;03;2023;7393607;1;1;01;18;1;74.666750931;18;1;1;2;1;1;1;1;1;2;1;1;2;1;1;1;1;1;1;3;4;;;;100000;;;;;;;;;;1;;;3
20230313;03;2023;7393608;1;1;01;18;1;133.92414163;18;2;1;4;1;1;1;2;1;2;1;1;3;2;3;1;1;1;1;3;3;;;;;250000;;1;;;;;;;;;;4
20230313;03;2023;7393609;1;1;01;18;1;62.426330053;18;1;1;4;1;1;1;1;1;2;1;1;3;1;1;1;1;1;1;3;3;;;;;300000;;;;;;;;;1;;;1
20230313;03;2023;7393612;1;1;01;18;1;229.9602681;18;1;1;4;1;2;1;1;1;2;1;1;3;3;1;1;1;1;1;4;2;;33000000;120000000;1200000;;;1;;;;1;;;;;;3
20230313;03;2023;7393613;1;1;01;18;1;144.19332487;18;2;1;2;1;2;1;1;1;2;1;1;3;1;1;1;1;1;1;4;3;;;;;150000;;;;;;;;;1;;;1
20230313;03;2023;7393616;1;1;01;18;1;110.41876797;18;1;1;4;1;1;1;2;1;2;1;1;3;2;3;1;1;1;1;3;4;;;;300000;;;1;;;;1;;;;;;3
20230313;03;2023;7393617;1;1;01;18;1;75.671330892;18;1;1;2;1;1;1;1;1;2;1;1;3;1;1;1;1;1;1;3;4;;;;200000;;;;;;;;;;1;;;2
20230313;03;2023;7393618;1;1;01;18;1;83.323654411;18;2;1;2;1;1;1;2;1;3;1;1;3;2;2;1;1;1;1;3;5;;;;400000;;;;;;;;;;1;;;2
20230313;03;2023;7393619;1;1;01;18;1;62.426330053;18;2;1;4;1;1;1;1;1;2;1;1;3;1;1;1;1;1;1;3;3;;;;;250000;;;;;;;;;1;;;1
20230313;03;2023;7393621;1;1;01;18;1;103.26309235;18;2;1;2;1;1;1;1;1;2;1;1;2;1;1;1;1;1;1;3;3;;;;;180000;;1;;;;;;;;;;1
20230313;03;2023;7393622;1;1;01;18;1;76.027860211;18;2;1;4;1;1;1;2;1;2;1;1;2;1;3;1;1;1;1;3;4;;;;300000;;;;;;;;;;1;;;2
20230313;03;2023;7393623;1;1;01;18;1;210.5653454;18;2;1;4;1;2;1;1;1;2;1;1;4;3;1;1;1;1;1;3;3;;;;;300000;;1;;;;;1;;;;;5
20230313;03;2023;7393624;1;1;01;18;1;202.36825353;18;2;1;4;1;1;1;1;1;2;1;1;4;2;1;1;1;1;1;3;1;;;300000000;800000;;;1;;;;;;;;;;3
20230313;03;2023;7393625;1;1;01;18;1;145.81639522;18;1;1;4;1;1;1;1;1;2;1;1;4;1;1;1;1;1;1;3;6;;;;700000;;;1;;;;;;;;;;2
20230313;03;2023;7393627;1;1;01;18;1;145.81639522;18;2;1;4;1;1;1;1;1;2;1;1;3;1;1;1;1;1;1;3;6;;;;700000;;;1;;;;;1;;;;;2
20230313;03;2023;7393629;1;1;01;18;1;103.26309235;18;1;1;2;1;1;1;1;1;2;1;1;3;1;1;1;1;1;3;3;3;;;;;250000;;;;;;;;;1;;;1
20230313;03;2023;7393630;1;1;01;18;1;106.93214971;18;1;1;2;1;1;1;2;1;3;1;1;3;2;2;1;1;1;1;3;3;;;;;300000;;1;;;;;;;;;;3
20230313;03;2023;7393631;1;1;01;18;1;80.11319559;18;1;1;4;1;1;1;2;1;2;1;1;3;2;3;1;1;1;1;3;4;;;;400000;;;1;;;;1;;;;;;3
20230313;03;2023;7393632;1;1;01;18;1;110.41876797;18;1;1;4;1;1;1;2;1;3;1;1;3;2;2;1;1;1;1;3;1;;;90000000;400000;;;1;;;;;;;;;;3
20230313;03;2023;7393633;1;1;01;18;1;65.310178603;18;2;1;4;1;2;1;1;1;2;1;1;4;3;1;1;1;1;1;3;3;;;;;550000;;1;;;;;;;;;;3
20230313;03;2023;7393634;1;1;01;18;1;104.90218905;18;2;1;2;1;1;1;1;1;2;1;1;3;1;1;1;1;1;6;;3;;;;;300000;;1;;;;;;;;;;1
20230313;03;2023;7393635;1;1;01;18;1;80.671403525;18;2;1;4;1;2;1;1;1;2;1;1;3;2;1;1;1;1;1;3;1;;;99;500000;;;1;;;;;;;;;;2
20230313;03;2023;7393637;1;1;01;18;1;101.7814252;18;1;1;4;1;1;1;1;1;2;1;1;4;3;1;1;1;1;1;3;3;;;;;500000;;1;;;;;;;;;;4
20230313;03;2023;7393638;1;1;01;18;1;74.065470588;18;2;1;2;1;1;1;1;1;2;1;1;2;1;1;1;1;1;1;3;4;;;;300000;;;;;;;;;;1;;;2
20230313;03;2023;7393639;1;1;01;18;1;88.511222014;18;1;1;4;1;2;1;1;1;3;1;1;3;2;1;1;1;1;1;3;3;;;;;550000;;1;;;;;;;;;;1
20230313;03;2023;7393640;1;1;01;18;1;91.163192849;18;1;1;2;1;2;1;1;1;2;1;1;3;2;1;1;1;1;1;3;2;;1000000;99;500000;;;1;;;;;;;;;;4
20230313;03;2023;7393641;1;1;01;18;1;83.357107316;18;2;1;2;1;1;1;1;1;2;1;1;3;1;1;1;1;1;3;3;4;;;;150000;;;;;;;;;;1;;;1
20230313;03;2023;7393642;1;1;01;18;1;95.050799741;18;1;1;2;1;1;1;1;1;2;1;1;4;3;1;1;1;1;1;3;3;;;;;300000;;;;;;;;;1;;;3
20230313;03;2023;7393643;1;1;01;18;1;69.588097053;18;2;1;4;1;1;1;1;1;2;1;1;3;2;1;1;1;1;3;3;3;;;;;500000;;;;;;1;;;;;;3
20230313;03;2023;7393644;1;1;01;18;1;105.02868992;18;2;1;2;1;1;1;1;1;2;1;1;3;1;1;1;1;1;3;4;3;;;;;150000;;;;;;;;;1;;;4
20230313;03;2023;7393645;1;1;01;18;1;108.66009914;18;1;1;4;1;1;1;1;1;2;1;1;3;3;4;1;1;1;1;4;4;;;;600000;;;;;;;;;;1;;;5
20230313;03;2023;7393647;1;1;01;18;1;104.90218905;18;2;1;2;1;1;1;1;1;2;1;1;3;1;1;1;1;1;1;7;3;;;;;450000;;1;;;;1;;;;;;1
20230313;03;2023;7393648;1;1;01;18;1;74.99128897;18;1;1;2;1;1;1;2;1;2;1;1;3;2;3;1;1;1;1;3;1;;;40000000;300000;;;;;;;;;;1;;;2
20230313;03;2023;7393649;1;1;01;18;1;72.220205755;18;1;1;4;1;1;1;1;1;2;1;1;4;3;1;1;1;1;1;3;3;;;;;900000;;1;;;;1;1;;;;;4
20230313;03;2023;7393650;1;1;01;18;1;85.725557653;18;1;1;2;1;1;1;2;1;2;1;1;3;2;3;1;1;1;1;3;3;;;;;200000;;1;;;;;;;;;;4
20230313;03;2023;7393651;1;1;01;18;1;44.874200594;18;2;1;4;1;1;1;1;1;2;1;1;2;1;1;1;1;1;3;3;3;;;;;300000;;1;;;;1;;;;;;1
20230313;03;2023;7393652;1;1;01;18;1;68.053396858;18;1;1;4;1;1;1;1;1;2;1;1;2;1;1;1;1;1;1;3;3;;;;;600000;;1;;;1;;;;;;;2
20230313;03;2023;7393653;1;1;01;18;1;120.82512678;18;1;1;2;1;1;1;2;1;2;1;1;4;3;3;1;1;1;1;3;2;;200000;40000000;300000;;;1;;;;;;;;;;5
20230313;03;2023;7393654;1;1;01;18;1;75.259261372;18;1;1;2;1;1;1;2;1;2;1;1;3;2;3;1;1;1;1;3;4;;;;200000;;;1;;;;;;;;;;4
20230313;03;2023;7393655;1;1;01;18;1;53.327138823;18;2;1;4;1;1;1;1;1;2;1;1;3;1;1;1;1;1;1;3;4;;;;500000;;;1;;;;;;;;;;2
20230313;03;2023;7393657;1;1;01;18;1;66.975462181;18;1;1;4;1;1;1;1;1;2;1;1;4;3;1;1;1;1;1;3;3;;;;;750000;;1;;;1;;;;;;;5
20230313;03;2023;7393658;1;1;01;18;1;63.643189991;18;1;1;2;1;1;1;2;1;2;1;1;3;2;3;1;1;1;1;3;3;;;;;400000;;1;;;;;;;;;;2
20230313;03;2023;7393659;1;1;01;18;1;53.444379668;18;2;1;4;1;1;1;1;1;2;1;1;4;2;1;1;1;1;1;3;3;;;;;900000;;1;;;;;;;;;;3
20230313;03;2023;7393660;1;1;01;18;1;63.104344585;18;1;1;2;1;1;1;2;1;2;1;1;3;1;3;1;1;1;1;3;3;;;;;200000;;1;;;;;;;;;;1
20230313;03;2023;7393661;1;1;01;18;1;38.184222149;18;2;1;4;1;1;1;1;1;2;1;1;3;2;1;1;1;1;3;3;3;;;;;400000;;1;;;;1;1;;;;;2
20230313;03;2023;7393662;1;1;01;18;1;45.257379549;18;1;1;4;1;1;1;1;1;2;1;1;3;2;1;1;1;1;1;3;1;;;150000000;700000;;;1;;;;;;;;;;2
20230313;03;2023;7393663;1;1;01;18;1;54.964994497;18;1;1;4;1;1;1;1;1;2;1;1;4;1;1;1;1;1;1;3;4;;;;500000;;;1;;;;;;;;;;1
20230313;03;2023;7393664;1;1;01;18;1;39.952851234;18;1;1;4;1;3;1;1;1;2;1;1;5;1;1;1;1;1;1;4;1;;;99;99;;;1;;;;;1;;;;;1
20230313;03;2023;7393665;1;1;01;18;1;101.02081894;18;1;5;3;1;1;1;2;1;2;1;1;3;2;3;1;1;1;4;3;4;;;;150000;;;;;;;;;;1;;;3
20230313;03;2023;7393666;1;1;01;18;1;83.154098522;18;1;5;3;1;1;1;2;1;2;1;1;3;2;3;1;1;1;1;3;4;;;;150000;;;;;;;;;;1;;;3
20230313;03;2023;7393668;1;1;01;18;1;68.839597674;18;2;1;4;1;1;1;1;1;2;1;1;5;2;1;1;1;1;1;3;1;;;120000000;900000;;;1;;;;1;;;;;;2
20230313;03;2023;7393669;1;1;01;18;1;90.990265598;18;1;1;2;1;1;1;2;1;2;1;1;2;1;3;1;1;1;4;3;4;;;;200000;;;;;;;;;;1;;;3
20230313;03;2023;7393670;1;1;01;18;1;84.399071158;18;1;1;4;1;1;1;2;1;2;1;1;3;1;3;1;1;1;1;3;3;;;;;300000;;;;;;;;;1;;;1
20230313;03;2023;7393672;1;1;01;18;1;88.246119836;18;1;1;4;1;1;1;1;1;2;1;1;4;2;1;1;1;1;1;3;1;;;40000000;250000;;;1;;;;;;;;;;2
20230313;03;2023;7393673;1;1;01;18;1;79.271530226;18;1;1;2;1;1;1;1;1;2;1;1;4;1;1;1;1;1;1;3;4;;;;180000;;;;;;;;;;1;;;1
20230313;03;2023;7393675;1;1;01;18;1;95.425337668;18;1;1;4;1;1;1;1;1;2;1;1;3;1;1;1;1;1;1;3;3;;;;;250000;;;;;;;;;1;;;1
20230313;03;2023;7393676;1;1;01;18;1;135.056582;18;1;1;2;1;1;1;1;1;2;1;1;3;2;1;1;1;1;1;3;3;;;;;250000;;;;;;;;;1;;;4
20230313;03;2023;7393678;1;1;01;18;1;91.551317379;18;1;1;4;1;1;1;1;1;2;1;1;4;1;1;1;1;1;1;3;3;;;;;250000;;;;;;;;;1;;;1
20230313;03;2023;7393679;1;1;01;18;1;84.475400235;18;2;1;4;1;1;1;1;1;2;1;1;2;1;1;1;1;1;1;3;3;;;;;250000;;1;;;;;;;;;;2
20230313;03;2023;7393680;1;1;01;18;1;132.82349842;18;1;1;2;1;1;1;1;1;2;1;1;4;3;1;1;1;1;1;3;1;;;8000000;400000;;;1;;;;;1;;;;;3
20230313;03;2023;7393681;1;1;01;18;1;125.38230166;18;1;1;2;1;1;1;2;1;2;1;1;3;2;3;1;1;1;1;3;5;;;;350000;;;1;;;;;;;;;;4
20230313;03;2023;7393683;1;1;01;18;1;59.516896008;18;1;1;2;1;1;1;2;1;2;1;1;3;1;3;1;1;2;3;3;5;;;;150000;;;;;;;;;;1;;;2
20230313;03;2023;7393684;1;1;01;18;1;118.14825843;18;1;1;2;1;1;1;1;1;2;1;1;3;1;1;1;1;1;1;3;3;;;;;200000;;;;;;;;;1;;;2
20230313;03;2023;7393685;1;1;01;18;1;74.356989565;18;1;5;2;1;1;1;1;1;2;2;1;5;4;1;1;1;2;1;3;4;;;;250000;;;;;;;;;;1;;;7
20230313;03;2023;7393687;1;1;01;18;1;68.204371742;18;1;5;2;1;1;2;1;1;2;2;1;2;2;1;1;1;2;1;5;1;;;70000000;300000;;;;;;;;;;1;;;4
20230313;03;2023;7393688;1;1;01;18;1;50.082813163;18;1;1;2;1;1;1;1;1;2;1;1;3;2;1;1;1;1;1;3;3;;;;;60000;;;;;;;;;1;;;1
20230313;03;2023;7393689;1;1;01;18;1;74.057880195;18;1;1;2;1;1;1;1;1;2;1;1;4;3;1;1;1;2;1;3;4;;;;300000;;;;;;;;;;1;;;3
20230313;03;2023;7393690;1;1;01;18;1;87.854830211;18;1;2;2;1;1;1;1;1;2;1;1;3;2;1;1;1;2;3;3;6;;;;200000;;;;;;;;;;1;;;5
20230313;03;2023;7393692;1;1;01;18;1;59.516896008;18;1;1;2;1;1;1;1;1;2;2;1;3;2;1;1;1;2;1;3;4;;;;100000;;;;;;;;;;1;;;2
20230313;03;2023;7393693;1;1;01;18;1;80.175253124;18;1;1;4;1;1;1;1;1;2;2;1;5;3;1;1;1;2;1;3;4;;;;400000;;;1;;;;;;;;;;3
20230313;03;2023;7393694;1;1;01;18;1;79.298203634;18;1;1;1;1;1;1;1;1;2;1;1;3;3;1;1;1;2;1;3;3;;;;;250000;;;;;;1;;;;;;4
20230313;03;2023;7393695;1;1;01;18;1;87.249743512;18;1;5;2;1;1;1;1;1;2;1;1;2;2;1;1;1;2;1;3;5;;;;300000;;;;;;;;;;1;;;5
20230313;03;2023;7393696;1;1;01;18;1;58.854418315;18;1;1;2;1;1;1;1;1;2;1;1;2;1;1;1;1;2;1;1;3;;;;;300000;;;;;;;;;1;;;1
20230313;03;2023;7393697;1;1;01;18;1;60.503055333;18;1;1;2;1;1;1;1;1;2;1;1;3;3;1;1;1;2;1;4;5;;;;300000;;;;;;;;;;1;;;5
20230313;03;2023;7393698;1;1;01;18;1;58.63943974;18;1;1;2;1;1;1;1;1;2;1;1;4;1;1;1;1;2;3;3;5;;;;200000;;;;;;;;;;1;;;2
20230313;03;2023;7393699;1;1;01;18;1;89.246122457;18;1;1;2;1;1;1;1;1;2;1;1;4;3;1;1;1;2;3;3;3;;;;;400000;;1;;;;;;;;;;4
20230313;03;2023;7393700;1;1;01;19;1;88.482246401;19;1;1;4;1;2;2;1;1;3;1;1;4;3;1;1;1;1;1;4;4;;;;500000;;;1;;;;;;;;;;5
20230313;03;2023;7393701;1;1;01;19;1;111.55847811;19;1;1;4;1;2;1;1;1;3;1;1;2;1;1;1;1;1;1;3;1;;;98;200000;;;;;;;1;1;;;;;3
20230313;03;2023;7393702;1;1;01;19;1;103.76806824;19;1;1;4;1;1;2;1;1;3;1;1;2;1;1;1;1;1;1;5;4;;;;90000000;;;;;;;;;;1;;;2
20230313;03;2023;7393703;1;1;01;19;1;174.20530141;19;1;1;4;1;4;1;1;1;3;1;1;3;1;1;1;1;1;1;3;1;;;380000000;1800000;;;1;1;;;1;;;;;;1
20230313;03;2023;7393704;1;1;01;19;1;60.645337374;19;1;1;2;1;2;1;1;1;3;1;1;4;3;1;1;1;1;1;3;4;;;;150000;;;;;;;;;;1;;;6
20230313;03;2023;7393705;1;1;01;19;1;83.552166738;19;1;1;4;1;1;1;1;1;3;1;1;3;2;1;1;1;1;1;3;3;;;;;480000;;;;;;;;;1;;;3
20230313;03;2023;7393707;1;1;01;19;1;72.429624826;19;1;1;4;1;1;1;1;1;3;1;2;5;4;1;1;1;1;1;3;4;;;;150000;;;1;;;;1;;;;;;2
20230313;03;2023;7393707;2;2;01;19;1;72.429624826;19;1;1;4;1;1;1;1;1;3;1;2;2;2;1;2;1;1;1;3;4;;;;200000;;;1;;;;;;;;;;3
20230313;03;2023;7393708;1;1;01;19;1;83.673983487;19;2;1;4;1;1;1;1;1;3;1;1;3;2;1;1;1;1;1;3;2;;260000;80000000;500000;;;1;;1;;;;;;;;4
20230313;03;2023;7393709;1;1;01;19;1;57.999406912;19;2;1;4;1;1;1;1;1;3;1;1;4;3;1;1;1;1;1;3;3;;;;;500000;;;;;;;;;1;;;7
20230313;03;2023;7393710;1;1;01;19;1;172.9467804;19;1;1;4;1;5;1;1;1;3;1;1;4;3;1;1;1;1;1;3;1;;;250000000;1500000;;;1;;;;1;;;;;;2
20230313;03;2023;7393711;1;1;01;19;1;170.55070129;19;1;1;4;1;2;1;1;1;3;1;1;3;2;1;1;1;1;1;3;1;;;110000000;500000;;;1;;;;;;;;;;3
20230313;03;2023;7393712;1;1;01;19;1;152.1144046;19;2;1;4;1;1;1;1;1;3;1;1;3;2;1;1;1;1;1;3;1;;;90000000;450000;;;;;;;;;1;;;NEQUI;3
20230313;03;2023;7393713;1;1;01;19;1;61.44642682;19;1;1;4;1;3;1;1;1;3;1;2;4;3;1;2;1;1;1;3;1;;;98;800000;;;1;;;;;;;;;;2
20230313;03;2023;7393713;2;2;01;19;1;61.44642682;19;1;1;4;1;3;1;1;1;3;1;2;1;1;1;2;1;1;1;3;3;;;;;200000;;;;;;;;;1;;;1
20230313;03;2023;7393714;1;1;01;19;1;32.624666388;19;1;1;4;1;3;2;1;1;3;1;1;5;3;1;1;1;1;1;1;3;;;;;650000;;1;;;;;;;;;;3
20230313;03;2023;7393716;1;1;01;19;1;178.88816601;19;1;1;4;1;5;1;1;1;3;1;1;5;2;1;1;1;1;1;3;1;;;450000000;1600000;;;1;;;;1;;;;;;3
20230313;03;2023;7393717;1;1;01;19;1;147.26507445;19;1;1;4;1;4;1;1;1;2;1;1;4;2;1;1;1;1;1;3;1;;;400000000;1500000;;;1;;;;1;1;;;;;2
20230313;03;2023;7393718;1;1;01;19;1;185.73869944;19;2;1;4;1;1;1;1;1;3;1;1;2;1;1;1;1;1;1;3;2;;300000;40000000;400000;;;;;1;;;;;;;;1
20230313;03;2023;7393719;1;1;01;19;1;133.57736676;19;1;1;4;1;4;2;1;1;3;1;1;4;3;1;1;1;1;1;4;3;;;;;1500000;;1;;;;1;1;;;;;4
20230313;03;2023;7393720;1;1;01;19;1;79.432543238;19;1;1;4;1;3;1;1;1;3;1;1;3;1;1;1;1;1;1;3;3;;;;;700000;;1;;;;;;;;;;2
20230313;03;2023;7393721;1;1;01;19;1;143.10593083;19;1;1;4;1;5;1;1;1;3;1;1;4;3;1;1;1;1;1;3;3;;;;;1070000;;;;;;1;;;;;;4
20230313;03;2023;7393722;1;1;01;19;1;189.34850827;19;1;1;4;1;5;1;1;1;3;1;1;4;1;1;1;1;1;1;3;1;;;400000000;1800000;;;1;;;;1;1;;;;;2
20230313;03;2023;7393725;1;1;01;19;1;77.826051179;19;1;1;4;1;3;1;1;1;3;1;1;3;1;1;1;1;1;1;3;1;;;98;1000000;;;1;;;;;;;;;;2
20230313;03;2023;7393727;1;1;01;19;1;32.624666388;19;1;1;4;1;3;1;1;1;3;1;1;5;3;1;1;1;1;1;3;1;;;99;900000;;;1;;;;;;;;;;3
20230313;03;2023;7393728;1;1;01;19;1;72.499258641;19;1;1;4;1;5;1;1;1;3;1;1;4;2;1;1;1;1;1;3;1;;;200000000;1500000;;;1;;;;;;;;;;2
20230313;03;2023;7393729;1;1;01;19;1;129.7100853;19;2;1;4;1;2;2;1;1;3;1;1;2;2;1;1;1;1;1;4;4;;;;700000;;;;;;;;;;1;;;2
20230313;03;2023;7393730;1;1;01;19;1;132.27336886;19;1;1;4;1;3;1;1;1;3;1;1;3;1;1;1;1;1;1;3;1;;;80000000;800000;;;;;;;1;;;;;;1
20230313;03;2023;7393732;1;1;01;19;1;32.624666388;19;1;1;4;1;3;1;1;1;3;1;1;6;4;1;1;1;1;1;3;1;;;200000000;1000000;;;1;;;;1;;;;;;5
20230313;03;2023;7393733;1;1;01;19;1;106.78806613;19;1;1;4;1;2;1;1;1;3;1;1;3;2;1;1;1;1;1;3;4;;;;450000;;;;;;;;;;1;;;6
20230313;03;2023;7393734;1;1;01;19;1;68.592143974;19;1;1;4;1;2;1;1;1;3;1;1;4;2;1;1;1;1;1;3;1;;;98;800000;;;1;;;;;;;;;;2
20230313;03;2023;7393735;1;1;01;19;1;64.397668874;19;1;1;4;1;3;1;1;1;3;1;1;5;4;1;1;1;1;1;3;1;;;98;1200000;;;1;;;;1;;;;;;4
20230313;03;2023;7393736;1;1;01;19;1;142.12558441;19;1;1;4;1;2;1;1;1;3;1;1;4;2;1;1;1;1;1;3;1;;;300000000;600000;;;1;;;1;1;;;;;;3
20230313;03;2023;7393738;1;1;01;19;1;65.507360527;19;2;1;4;1;3;1;1;1;3;1;1;4;3;1;1;1;1;1;3;1;;;98;500000;;;;;;;1;;;;;;5
20230313;03;2023;7393739;1;1;01;19;1;142.12558441;19;2;1;4;1;3;1;1;1;3;1;1;3;2;1;1;1;1;1;3;3;;;;;600000;;;;;;1;;;;;;3
20230313;03;2023;7393740;1;1;01;19;1;171.40279287;19;1;1;4;1;2;1;1;1;3;1;1;6;4;1;1;1;1;1;3;3;;;;;600000;;1;;;;;;;;;;5
20230313;03;2023;7393741;1;1;01;19;1;57.999406912;19;1;1;2;1;1;1;1;1;3;1;1;4;3;1;1;1;1;1;3;1;;;50000000;600000;;;1;;;;;;;;;;7
20230313;03;2023;7393742;1;1;01;19;1;162.7118551;19;2;1;2;1;1;1;1;1;3;1;1;3;2;1;1;1;1;3;3;4;;;;500000;;;;;;;;;;1;;;3
20230313;03;2023;7393743;1;1;01;19;1;219.39577587;19;1;1;2;1;1;1;1;1;3;1;1;3;1;1;1;1;1;1;3;3;;;;;350000;;;;;;;;;1;;;3
20230313;03;2023;7393744;1;1;01;19;1;170.41365744;19;1;1;4;1;2;1;1;1;3;1;1;2;1;1;1;1;1;1;3;5;;;;500000;;;1;;;;;;;;;;2
20230313;03;2023;7393745;1;1;01;19;1;177.86910978;19;1;1;4;1;1;1;1;1;3;1;1;4;3;1;1;1;1;1;3;1;;;98;450000;;;;;;;;;;1;;;5
20230313;03;2023;7393746;1;1;01;19;1;105.87776981;19;2;1;2;1;1;1;1;1;3;1;1;3;2;1;1;1;1;1;3;4;;;;400000;;;;;;;;;;1;;;4
20230313;03;2023;7393747;1;1;01;19;1;151.76850729;19;2;1;4;1;2;1;1;1;3;1;1;3;2;1;1;1;1;1;3;3;;;;;450000;;;;;;;;;1;;;3
20230313;03;2023;7393748;1;1;01;19;1;304.25956127;19;2;1;2;1;1;1;1;1;3;1;2;3;2;1;2;1;1;1;3;3;;;;;300000;;1;;;;;;;;;;1
20230313;03;2023;7393748;2;2;01;19;1;304.25956127;19;2;1;2;1;1;1;1;1;3;1;2;2;1;1;2;1;1;1;3;4;;;;300000;;;1;;;;;;;;;;2
20230313;03;2023;7393749;1;1;01;19;1;151.0573983;19;1;1;2;1;1;1;1;1;3;1;1;4;2;1;1;1;1;1;3;1;;;98;400000;;;;;;;;;;1;;;4
20230313;03;2023;7393750;1;1;01;19;1;96.34448185;19;2;1;4;1;2;1;1;1;3;1;1;4;2;1;1;1;1;1;3;3;;;;;400000;;;;;;;;;1;;;4
20230313;03;2023;7393751;1;1;01;19;1;137.28548222;19;1;1;4;1;2;1;1;1;3;1;1;3;1;1;1;1;1;1;3;1;;;98;900000;;;1;;;;;;;;;;1
20230313;03;2023;7393752;1;1;01;19;1;151.47880662;19;2;1;4;1;1;1;1;1;3;1;1;3;1;1;1;1;1;1;3;3;;;;;450000;;;;;;;;;1;;;2
20230313;03;2023;7393753;1;1;01;19;1;142.60725432;19;1;1;4;1;3;1;1;1;3;1;1;3;1;1;1;1;1;1;3;3;;;;;600000;;;;;;;;;1;;;3
20230313;03;2023;7393754;1;1;01;19;1;137.17238252;19;1;1;4;1;3;1;1;1;3;1;1;4;1;1;1;1;1;1;3;3;;;;;600000;;1;;;;;;;;;;1
20230313;03;2023;7393755;1;1;01;19;1;178.88816601;19;1;1;4;1;4;2;1;1;3;1;1;4;2;1;1;1;1;1;4;1;;;98;1200000;;;1;;;;;;;;;;3
20230313;03;2023;7393758;1;1;01;19;1;99.526563084;19;1;1;4;1;2;1;1;1;3;1;1;4;3;1;1;1;1;1;3;1;;;150000000;500000;;;;;;;;;;1;;;3
20230313;03;2023;7393759;1;1;01;19;1;96.242967893;19;1;1;4;1;2;1;1;1;3;1;1;3;2;1;1;1;1;1;3;1;;;200000000;600000;;;1;;;;1;;;;;;3
20230313;03;2023;7393760;1;1;01;19;1;48.332839094;19;1;1;2;1;2;1;1;1;3;1;2;3;2;1;1;1;1;1;3;4;;;;300000;;;;;;;1;;;;;;3
20230313;03;2023;7393760;2;2;01;19;1;48.332839094;19;1;1;2;1;2;1;1;1;3;1;2;3;1;1;1;1;1;1;3;1;;;99;500000;;;;;;;;;;1;;;2
20230313;03;2023;7393761;1;1;01;19;1;48.332839094;19;1;1;4;1;2;1;1;1;3;1;1;3;2;1;1;1;1;1;3;1;;;60000000;300000;;;;;;;;;;1;;;6
20230313;03;2023;7393762;1;1;01;19;1;190.29527669;19;1;1;4;1;4;1;1;1;3;1;1;5;3;1;1;1;1;1;3;3;;;;;1400000;;1;;;;;;;;;;4
20230313;03;2023;7393763;1;1;01;19;1;179.33466172;19;1;1;2;1;2;1;1;1;3;1;1;4;3;1;1;1;1;1;3;1;;;100000000;500000;;;;;;;;;;1;;;8
20230313;03;2023;7393764;1;1;01;19;1;322.21892729;19;3;1;2;1;1;1;1;1;3;1;6;2;2;1;2;1;1;2;4;4;;;;500000;;;;;;;;;;1;;;3
20230313;03;2023;7393764;2;2;01;19;1;322.21892729;19;3;1;2;1;1;1;1;1;3;1;6;1;1;1;2;1;1;1;3;4;;;;100000;;;;;;;;;;1;;;2
20230313;03;2023;7393764;3;3;01;19;1;322.21892729;19;3;1;2;1;1;1;1;1;3;1;6;1;1;1;2;1;1;2;4;4;;;;100000;;;;;;;;;;1;;;1
20230313;03;2023;7393764;4;4;01;19;1;322.21892729;19;3;1;2;1;1;1;1;1;3;1;6;1;1;1;2;1;1;2;4;4;;;;100000;;;;;;;;;;1;;;1
20230313;03;2023;7393764;5;5;01;19;1;322.21892729;19;3;1;2;1;1;1;1;1;3;1;6;1;1;1;1;1;1;2;4;4;;;;100000;;;;;;;;;;1;;;2
20230313;03;2023;7393764;6;6;01;19;1;322.21892729;19;3;1;2;1;1;1;1;1;3;1;6;1;1;1;1;1;1;6;;4;;;;100000;;;;;;;;;;1;;;1
20230313;03;2023;7393765;1;1;01;19;1;130.98066901;19;1;1;4;1;2;1;1;1;3;1;1;4;1;1;1;1;1;1;3;1;;;150000000;650000;;;;;;;;;;1;;;8
20230313;03;2023;7393766;1;1;01;19;1;134.51416253;19;1;1;4;1;2;1;1;1;3;1;1;5;1;1;1;1;1;1;3;1;;;300000000;600000;;;1;;;;;;;;;;2
20230313;03;2023;7393767;1;1;01;19;1;56.388312276;19;1;1;4;1;3;2;1;1;3;1;1;4;3;1;1;1;1;1;4;3;;;;;650000;;1;;;;;;;;;;5
20230313;03;2023;7393768;1;1;01;19;1;64.466190795;19;1;1;4;1;3;1;1;1;3;1;1;6;4;1;1;1;1;1;3;1;;;98;1000000;;;1;;;;;;;;;;5
20230313;03;2023;7393769;1;1;01;19;1;101.32436635;19;1;1;4;1;3;1;1;1;3;1;1;5;2;1;1;1;1;1;3;4;;;;600000;;;1;;;;;;;;;;4
20230313;03;2023;7393770;1;1;01;19;1;88.218135868;19;2;1;2;1;2;2;1;1;3;1;1;3;2;1;1;1;1;1;4;3;;;;;455000;;;;;;;;;1;;;4
20230313;03;2023;7393771;1;1;01;19;1;32.624666388;19;1;1;4;1;3;1;1;1;3;1;1;7;5;1;1;1;1;1;3;1;;;99;800000;;;1;;;;;1;;;;;4
20230313;03;2023;7393772;1;1;01;19;1;63.42603319;19;1;1;4;1;3;1;1;1;3;1;1;4;3;1;1;1;1;1;3;1;;;98;850000;;;1;;;;;;;;;;4
20230313;03;2023;7393773;1;1;01;19;1;122.03153975;19;1;1;4;1;2;2;1;1;3;1;1;2;1;1;1;1;1;1;4;1;;;200000000;600000;;;1;;;;;;;;;;1
20230313;03;2023;7393774;1;1;01;19;1;87.688470879;19;1;7;3;1;2;2;1;1;3;1;1;2;1;1;1;1;1;3;4;3;;;;;150000;;;;;;;;;1;;;3
20230313;03;2023;7393775;1;1;01;19;1;206.58977428;19;1;1;3;1;2;1;1;1;3;1;1;4;3;1;1;1;1;1;3;2;;600000;98;400000;;;;;1;;;;;;;;3
20230313;03;2023;7393776;1;1;01;19;1;246.21736064;19;1;1;4;1;3;2;1;1;3;1;1;3;1;1;1;1;1;1;4;4;;;;99;;;;;;;;;;1;;;2
20230313;03;2023;7393777;1;1;01;19;1;123.52899058;19;1;1;4;1;2;1;1;1;3;1;1;4;3;1;1;1;1;1;3;3;;;;;300000;;;;;;1;1;;;;;5
20230313;03;2023;7393778;1;1;01;19;1;143.45499011;19;2;1;2;1;2;2;1;1;3;1;1;3;2;1;1;1;1;1;4;4;;;;400000;;;;;;;;;;1;;;3
20230313;03;2023;7393779;1;1;01;19;1;58.554861468;19;1;1;4;1;3;1;1;1;3;1;1;4;2;1;1;1;1;1;3;1;;;98;1000000;;;1;;;;;;;;;;3
20230313;03;2023;7393780;1;1;01;19;1;208.95603687;19;1;1;4;1;2;1;1;1;3;1;1;3;1;1;1;1;1;1;3;1;;;99;400000;;;1;;;;;;;;;;1
20230313;03;2023;7393781;1;1;01;19;1;43.499555184;19;2;1;2;1;2;1;1;1;3;1;1;5;4;1;1;1;1;3;3;1;;;98;300000;;;1;;;;1;;;;;;7
20230313;03;2023;7393782;1;1;01;19;1;66.67381574;19;1;1;4;1;2;1;1;1;3;1;1;4;2;1;1;1;1;3;3;1;;;70000000;300000;;;;;;;1;;;;;;3
20230313;03;2023;7393783;1;1;01;19;1;118.24239184;19;1;1;4;1;2;1;1;1;3;1;1;3;2;1;1;1;1;1;3;3;;;;;550000;;1;;;;;;;;;;2
20230313;03;2023;7393784;1;1;01;19;1;78.828261229;19;1;1;2;1;2;1;1;1;3;1;1;5;1;1;1;1;1;1;3;3;;;;;250000;;;;;;1;;;;;;2
20230313;03;2023;7393787;1;1;01;19;1;91.16460437;19;1;1;4;1;3;1;1;1;3;1;1;6;3;1;1;1;1;1;3;2;;800000;40000000;500000;;;1;;;;1;;;;;;5
20230313;03;2023;7393788;1;1;01;19;1;65.908416946;19;1;1;4;1;3;1;1;1;3;1;1;5;4;1;1;1;1;1;3;1;;;300000000;1000000;;;1;;;;;;;;;;4
20230313;03;2023;7393789;1;1;01;19;1;83.652990739;19;2;1;4;1;1;1;1;1;3;1;1;4;3;1;1;1;1;1;3;1;;;98;600000;;;1;;;;;;;;;;7
20230313;03;2023;7393790;1;1;01;19;1;81.655202314;19;2;1;4;1;3;1;1;1;3;1;1;5;4;1;1;1;1;1;3;4;;;;700000;;;1;;;;;;;;;;6
20230313;03;2023;7393791;1;1;01;19;1;167.49109537;19;1;1;4;1;1;1;1;1;3;1;1;3;2;1;1;1;1;1;3;3;;;;;350000;;;;;;;;;1;;;4
20230313;03;2023;7393792;1;1;01;19;1;156.78477127;19;1;1;4;1;2;1;1;1;3;1;1;3;1;1;1;1;1;1;3;4;;;;500000;;;;;;;;;1;;;NEQUI;1
20230313;03;2023;7393793;1;1;01;19;1;139.99983911;19;2;1;4;1;1;1;1;1;3;1;1;3;1;1;1;1;1;1;3;3;;;;;350000;;;;;;;1;;;;;2
20230313;03;2023;7393794;1;1;01;19;1;54.054899424;19;2;1;2;1;2;2;1;1;3;1;1;3;2;1;1;1;1;1;4;3;;;;;400000;;;;;;;;;1;;;3
20230313;03;2023;7393795;1;1;01;19;1;74.074301132;19;1;1;4;1;2;2;1;1;3;1;1;3;2;1;1;1;1;1;4;4;;;;500000;;;;;;;;;;1;;;3
20230313;03;2023;7393796;1;1;01;19;1;203.49749056;19;1;1;4;1;1;1;1;1;3;1;1;4;1;1;1;1;1;1;3;4;;;;400000;;;;;;;;;;1;;;1
20230313;03;2023;7393797;1;1;01;19;1;185.13070631;19;1;1;4;1;3;1;1;1;3;1;1;5;4;1;1;1;1;1;3;3;;;;;650000;;1;;;;;;;;;;7
20230313;03;2023;7393798;1;1;01;19;1;182.2363161;19;1;1;4;1;2;1;1;1;3;1;1;3;2;1;1;1;1;1;3;1;;;99;500000;;;1;;;;1;;;;;;4
20230313;03;2023;7393799;1;1;01;19;1;141.2134102;19;2;1;4;1;1;1;1;1;3;1;1;3;1;1;1;1;1;1;3;3;;;;;520000;;;;;;;;;1;;;2
20230313;03;2023;7393800;1;1;01;19;1;96.763596401;19;1;1;4;1;3;2;1;1;3;1;1;4;1;1;1;1;1;1;4;1;;;98;800000;;;1;;;;1;1;;;;;2
20230313;03;2023;7393801;1;1;01;19;1;132.27336886;19;1;1;2;1;3;1;1;1;3;1;1;2;1;1;1;1;1;1;3;5;;;;850000;;;1;;;;;;;;;;1
20230313;03;2023;7393802;1;1;01;19;1;110.44880583;19;1;1;4;1;2;2;1;1;3;1;1;2;1;1;1;1;1;1;4;3;;;;;600000;;;;;;;;;1;;;2
20230313;03;2023;7393803;1;1;01;19;1;157.22434582;19;2;1;4;1;3;1;1;1;3;1;1;3;2;1;1;1;1;1;3;1;;;99;400000;;;1;;;;;;;;;;2
20230313;03;2023;7393804;1;1;01;19;1;68.592143974;19;1;1;4;1;2;1;1;1;3;1;1;4;2;1;1;1;1;1;3;1;;;90000000;500000;;;1;;;;;;;;;;2
20230313;03;2023;7393806;1;1;01;19;1;176.36449182;19;1;1;4;1;5;1;1;1;3;1;1;4;1;1;1;1;1;1;3;1;;;500000000;1500000;;;1;;;;;1;;;;;1
20230313;03;2023;7393808;1;1;01;19;1;208.95603687;19;2;1;4;1;2;1;1;1;3;1;1;3;1;1;1;1;1;1;3;3;;;;;460000;;1;;;;;;;;;;1
20230313;03;2023;7393809;1;1;01;19;1;170.41365744;19;1;1;4;1;2;1;1;1;3;1;1;3;2;1;1;1;1;1;3;1;;;90000000;500000;;;1;;;;;;;;;;2
20230313;03;2023;7393810;1;1;01;19;1;180.57929112;19;2;1;4;1;3;1;1;1;3;1;1;3;1;1;1;1;1;1;3;4;;;;600000;;;1;;;;;;;;;;1
20230313;03;2023;7393811;1;1;01;19;1;104.44082288;19;2;1;4;1;3;1;1;1;3;1;1;3;1;1;1;1;1;1;3;2;;2500000;98;600000;;;1;;;;;;;;;;1
20230313;03;2023;7393812;1;1;01;19;1;189.65305014;19;1;1;4;1;2;1;1;1;3;1;1;3;2;1;1;1;1;1;3;1;;;98;400000;;;;;;;;;;1;;;4
20230313;03;2023;7393813;1;1;01;19;1;187.18931786;19;1;1;4;1;2;1;1;1;3;1;1;3;2;1;1;1;1;1;3;3;;;;;500000;;;;;;;;;1;;;2
20230313;03;2023;7393815;1;1;01;19;1;172.35761914;19;1;1;4;1;2;1;1;1;3;1;1;6;3;1;1;1;1;1;3;1;;;130000000;600000;;;1;;;;;;;;;;4
20230313;03;2023;7393816;1;1;01;19;1;72.499258641;19;1;1;4;1;2;1;1;1;3;1;1;3;1;1;1;1;1;1;3;4;;;;500000;;;1;;;;;;;;;;2
20230313;03;2023;7393817;1;1;01;19;1;77.826051179;19;1;1;4;1;3;1;1;1;3;1;1;4;1;1;1;1;1;1;3;3;;;;;700000;;1;;;;;;;;;;2
20230313;03;2023;7393818;1;1;01;19;1;88.038480548;19;1;1;4;1;2;1;1;1;3;1;1;4;2;1;1;1;1;1;3;1;;;250000000;750000;;;1;;;;;;;;;;3
20230313;03;2023;7393819;1;1;01;19;1;58.554861468;19;1;1;4;1;2;1;1;1;3;1;1;4;2;1;1;1;1;1;3;1;;;300000000;1000000;;;1;;;;1;;;;;;3
20230313;03;2023;7393820;1;1;01;19;1;182.55953991;19;2;1;4;1;3;1;1;1;3;1;4;1;1;1;2;1;1;1;3;4;;;;300000;;;;;;;;;;1;;;1
20230313;03;2023;7393820;2;2;01;19;1;182.55953991;19;2;1;4;1;3;1;1;1;3;1;4;2;1;1;2;1;1;3;3;4;;;;300000;;;;;;;;;;1;;;1
20230313;03;2023;7393820;3;3;01;19;1;182.55953991;19;2;1;4;1;3;1;1;1;3;1;4;1;1;1;2;1;1;6;;4;;;;200000;;;;;;;;;;1;;;1
20230313;03;2023;7393820;4;4;01;19;1;182.55953991;19;2;1;4;1;3;1;1;1;3;1;4;1;1;1;2;1;1;1;3;4;;;;250000;;;;;;;;;;1;;;2
20230313;03;2023;7393821;1;1;01;19;1;134.28105799;19;1;1;4;1;2;1;1;1;3;1;1;3;1;1;1;1;1;1;3;1;;;98;600000;;;;;;;;;;1;;;1
20230313;03;2023;7393822;1;1;01;19;1;211.06670391;19;1;1;4;1;3;2;1;1;3;1;1;4;1;1;1;1;1;1;4;1;;;150000000;750000;;;1;;;;;;;;;;1
20230313;03;2023;7393823;1;1;01;19;1;100.71079349;19;2;1;4;1;3;1;1;1;3;1;1;3;2;1;1;1;1;1;3;3;;;;;600000;;1;;;;;;;;;;1
20230313;03;2023;7393824;1;1;01;19;1;154.00095754;19;2;1;4;1;2;2;1;1;3;1;1;3;2;1;1;1;1;1;4;3;;;;;450000;;;;;;;;;1;;;4
20230313;03;2023;7393825;1;1;01;19;1;193.33135637;19;1;1;1;1;2;2;1;1;3;1;2;3;2;1;1;1;1;1;4;4;;;;300000;;;;;;;;;;1;;;4
20230313;03;2023;7393825;2;2;01;19;1;193.33135637;19;1;1;1;1;2;2;1;1;3;1;2;3;2;1;1;1;1;1;4;4;;;;99;;;;;;;;;;1;;;1
20230313;03;2023;7393826;1;1;01;19;1;189.10054499;19;1;1;4;1;4;1;1;1;3;1;1;4;2;1;1;1;1;1;3;3;;;;;700000;;1;;;;;;;;;;3
20230313;03;2023;7393827;1;1;01;19;1;89.484799236;19;1;1;4;1;4;1;1;1;3;1;1;8;4;1;1;1;1;1;3;1;;;200000000;1500000;;;;;;;;;;1;;;5
20230313;03;2023;7393828;1;1;01;19;1;118.30902078;19;1;7;2;1;2;2;1;1;3;1;1;2;1;1;1;1;1;3;4;1;;;7000000;300000;;;;;;;;;;1;;;4
20230313;03;2023;7393829;1;1;01;19;1;89.484799236;19;1;1;4;1;4;1;1;1;3;1;1;4;2;1;1;1;1;1;3;1;;;250000000;1000000;;;1;;;;;;;;;;2
20230313;03;2023;7393830;1;1;01;19;1;180.57929112;19;1;1;4;1;3;1;1;1;2;1;1;4;1;1;1;1;1;1;3;3;;;;;480000;;1;;;;1;;;;;;1
20230313;03;2023;7393831;1;1;01;19;1;96.772632882;19;2;1;2;1;2;2;1;1;3;1;1;4;2;1;1;1;1;1;4;3;;;;;300000;;;;;;;;;1;;;4
20230313;03;2023;7393833;1;1;01;19;1;115.49156147;19;2;1;4;1;1;1;1;1;3;1;1;3;2;1;1;1;1;1;3;3;;;;;400000;;;;;;;;;1;;;3
20230313;03;2023;7393834;1;1;01;19;1;158.66888669;19;2;1;4;1;3;1;1;1;3;1;1;3;2;1;1;1;1;1;3;1;;;98;300000;;;;;;;;;;1;;;4
20230313;03;2023;7393836;1;1;01;19;1;172.85727796;19;1;1;4;1;3;1;1;1;3;1;1;4;3;1;1;1;1;1;3;1;;;250000000;700000;;;1;;;;;;;;;;3
20230313;03;2023;7393837;1;1;01;19;1;300.93232967;19;1;1;4;1;2;1;1;1;3;1;1;5;2;1;1;1;1;1;3;4;;;;99;;;;;;;;;;1;;;2
20230313;03;2023;7393838;1;1;01;19;1;211.06670391;19;2;1;4;1;3;1;1;1;3;1;1;3;1;1;1;1;1;1;3;3;;;;;700000;;;;;;;;;1;;;1
20230313;03;2023;7393839;1;1;01;19;1;177.1589893;19;1;1;4;1;2;1;1;1;3;1;1;3;2;1;1;1;1;1;3;3;;;;;450000;;;;;;;;;1;;;2
20230313;03;2023;7393841;1;1;01;20;1;297.40500415;20;1;1;4;1;1;1;1;1;3;1;1;5;2;1;1;1;1;1;3;1;;;98;400000;;;1;;;;;;;;;;3
20230313;03;2023;7393842;1;1;01;20;1;303.30171788;20;2;1;2;1;1;2;1;1;3;1;1;3;2;1;1;1;1;4;4;6;;;;250000;;;;;;;;;;1;;;3
20230313;03;2023;7393845;1;1;01;20;1;236.66436168;20;2;1;4;1;1;1;1;1;3;1;1;4;1;1;1;1;1;1;3;1;;;98;600000;;;1;;;;;;;;;;2
20230313;03;2023;7393846;1;1;01;20;1;146.77543186;20;1;1;4;1;1;1;1;1;3;1;1;3;2;1;1;1;1;3;3;3;;;;;550000;;;;;;;;;;1;;4
20230313;03;2023;7393847;1;1;01;20;1;242.87014832;20;2;1;4;1;1;1;1;1;3;1;1;2;1;1;1;1;1;1;3;1;;;98;500000;;;1;;;;;;;;;;1
20230313;03;2023;7393848;1;1;01;20;1;367.6854109;20;3;1;4;1;1;2;1;1;3;1;1;1;1;1;1;1;1;6;;3;;;;;300000;;1;;;;;;;;;;2
20230313;03;2023;7393849;1;1;01;20;1;346.37149013;20;1;1;4;1;1;1;1;1;3;1;1;4;2;1;1;1;1;1;3;4;;;;500000;;;1;;;;;;;;;;5
20230313;03;2023;7393850;1;1;01;20;1;366.73876193;20;1;1;4;1;1;1;1;1;3;1;1;5;1;1;1;1;1;1;3;1;;;98;550000;;;1;;;;;;;;;;2
20230313;03;2023;7393851;1;1;01;20;1;229.65531214;20;1;1;2;1;1;1;1;1;3;1;1;5;4;1;1;1;1;1;3;1;;;98;500000;;;1;;;;;;;;;;3
20230313;03;2023;7393852;1;1;01;20;1;352.9491517;20;2;1;4;1;1;1;1;1;3;1;1;1;1;1;1;1;1;2;3;3;;;;;250000;;;;;;;;;1;;;3
20230313;03;2023;7393853;1;1;01;20;1;277.63995212;20;1;1;4;1;2;1;1;1;3;1;1;3;2;1;1;1;1;1;3;1;;;99;99;;;;;;;;;;1;;;4
20230313;03;2023;7393854;1;1;01;20;1;247.37539959;20;1;1;4;1;1;2;1;1;3;1;1;4;3;1;1;1;1;1;4;3;;;;;400000;;;;;;;;;1;;;5
20230313;03;2023;7393857;1;1;01;20;1;221.87283907;20;2;1;4;1;1;1;1;1;3;1;1;3;2;1;1;1;1;1;3;1;;;70000000;500000;;;1;;;;;;;;;;2
20230313;03;2023;7393858;1;1;01;20;1;351.92109738;20;1;1;4;1;1;1;1;1;3;1;1;4;3;1;1;1;1;1;3;4;;;;400000;;;;;;;;;;1;;;5
20230313;03;2023;7393860;1;1;01;20;1;375.76653583;20;1;1;4;1;2;1;1;1;3;1;1;4;3;1;1;1;1;1;3;1;;;500000000;800000;;;1;;;;;;;;;;5
20230313;03;2023;7393861;1;1;01;20;1;353.29118903;20;2;1;2;1;2;1;1;1;3;1;1;2;1;1;1;1;1;1;3;3;;;;;300000;;1;;;;;;;;;;4
20230313;03;2023;7393862;1;1;01;20;1;319.77538798;20;2;1;4;1;3;1;1;1;3;1;1;3;1;1;1;1;1;3;3;3;;;;;500000;;1;;;;;;;;;;3
20230313;03;2023;7393863;1;1;01;20;1;208.94507948;20;1;1;4;1;3;1;1;1;3;1;1;5;2;1;1;1;1;1;3;1;;;98;800000;;;1;;;;;;;;;;3
20230313;03;2023;7393864;1;1;01;20;1;227.93985886;20;2;1;2;1;1;1;1;1;3;1;1;4;2;1;1;1;1;1;3;3;;;;;350000;;1;;;;;;;;;;3
20230313;03;2023;7393865;1;1;01;20;1;289.29324453;20;1;1;4;1;3;1;1;1;3;1;1;4;3;1;1;1;1;1;3;3;;;;;850000;;1;;;;;;;;;;5
20230313;03;2023;7393867;1;1;01;20;1;132.22236529;20;1;1;4;1;3;1;1;1;3;1;1;5;2;1;1;1;1;1;3;3;;;;;700000;;1;;;;;;;;;;4
20230313;03;2023;7393868;1;1;01;20;1;282.09722962;20;1;1;2;1;2;1;1;1;3;1;1;4;2;1;1;1;1;1;3;1;;;98;500000;;;1;;;;;;;;;;4
20230313;03;2023;7393869;1;1;01;20;1;374.5690899;20;1;1;4;1;2;1;1;1;3;1;1;4;3;1;1;1;1;1;3;1;;;150000000;600000;;;1;;;;;;;;;;3
20230313;03;2023;7393870;1;1;01;20;1;230.23827934;20;1;1;3;1;3;1;1;1;3;1;1;5;2;1;1;1;1;1;3;2;;99;99;600000;;;1;;1;;;;;;;;3
20230313;03;2023;7393871;1;1;01;20;1;123.94404822;20;1;1;4;1;3;1;1;1;3;1;1;4;3;1;1;1;1;1;3;3;;;;;600000;;;;;;;;;1;;;4
20230313;03;2023;7393872;1;1;01;20;1;145.873703;20;1;1;4;1;3;1;1;1;3;1;1;4;3;1;1;1;1;1;3;1;;;99;600000;;;1;;;;;1;;;;;3
20230313;03;2023;7393873;1;1;01;20;1;200.67671049;20;1;1;4;1;3;1;1;1;3;1;1;4;3;1;1;1;1;1;3;3;;;;;550000;;1;;;;;;;;;;6
20230313;03;2023;7393874;1;1;01;20;1;206.93670311;20;1;1;4;1;3;1;1;1;3;1;1;3;2;1;1;1;1;1;3;3;;;;;500000;;1;;;;;;;;;;2
20230313;03;2023;7393875;1;1;01;20;1;163.93735012;20;1;1;4;1;3;1;1;1;3;1;1;5;2;1;1;1;1;1;3;1;;;1400000000;700000;;;1;;;;;;;;;;1
20230313;03;2023;7393876;1;1;01;20;1;207.90316358;20;1;1;4;1;3;1;1;1;3;1;1;4;3;1;1;1;1;1;3;3;;;;;500000;;1;;;;;;;;;;4
20230313;03;2023;7393879;1;1;01;20;1;222.03904453;20;1;1;4;1;3;1;1;1;3;1;1;4;2;1;1;1;1;1;3;3;;;;;600000;;1;;;;;;;;;;2
20230313;03;2023;7393883;1;1;01;20;1;195.98604681;20;2;1;2;1;1;1;2;1;3;1;1;2;1;2;1;1;1;3;3;4;;;;250000;;;;;;;;;;1;;;2
20230313;03;2023;7393884;1;1;01;20;1;189.15389708;20;2;1;2;1;1;1;2;1;3;1;1;3;2;2;1;1;1;3;3;5;;;;300000;;;;;;;;;;1;;;4
20230313;03;2023;7393887;1;1;01;20;1;221.38286829;20;1;1;2;1;1;1;2;1;3;1;1;3;2;2;1;1;1;1;3;1;;;99;400000;;;;;;;;;;1;;;2
20230313;03;2023;7393888;1;1;01;20;1;147.66170391;20;2;1;4;1;1;1;2;1;3;1;1;3;2;2;1;1;1;1;3;3;;;;;300000;;;;;;;;;1;;;6
20230313;03;2023;7393890;1;1;01;20;1;220.37888267;20;2;1;2;1;1;1;2;1;3;1;1;3;2;2;1;1;1;1;3;3;;;;;400000;;;;;;;;;1;;;6
20230313;03;2023;7393891;1;1;01;20;1;272.62899821;20;2;1;4;1;1;1;1;1;3;1;1;2;1;1;1;1;1;1;3;3;;;;;250000;;;;;;;;;1;;;1
20230313;03;2023;7393893;1;1;01;20;1;194.36921472;20;2;1;4;1;1;1;2;1;3;1;1;2;1;2;1;1;1;3;3;4;;;;250000;;;;;;;;;;1;;;3
20230313;03;2023;7393894;1;1;01;20;1;267.240069;20;1;1;4;1;3;1;1;1;3;1;1;4;2;1;1;1;1;1;3;1;;;98;1000000;;;1;;;;;;;;;;3
20230313;03;2023;7393896;1;1;01;20;1;331.42868039;20;1;1;4;1;3;1;1;1;3;1;1;5;3;1;1;1;1;1;3;3;;;;;700000;;1;;;;;;;;;;4
20230313;03;2023;7393897;1;1;01;20;1;371.83624067;20;2;1;4;1;2;1;1;1;3;1;1;3;1;1;1;1;1;1;3;3;;;;;720000;;1;;;;;;;;;;3
20230313;03;2023;7393898;1;1;01;20;1;401.26228327;20;2;1;4;1;2;1;1;1;3;1;1;4;3;1;1;1;1;3;3;3;;;;;700000;;1;;;;;1;;;;;4
20230313;03;2023;7393899;1;1;01;20;1;415.79655324;20;2;1;5;1;2;1;1;1;3;1;1;3;2;1;1;1;1;1;3;2;;480000;99;550000;;;1;;;;;;;;;;4
20230313;03;2023;7393900;1;1;01;20;1;358.94104439;20;2;1;4;1;2;1;1;1;3;1;1;4;2;1;1;1;1;1;3;3;;;;;550000;;1;;;;;;;;;;3
20230313;03;2023;7393904;1;1;01;20;1;311.90481914;20;2;1;4;1;2;1;1;1;3;1;1;3;2;1;1;1;1;3;3;3;;;;;570000;;1;;;;;;;;;;2
20230313;03;2023;7393905;1;1;01;20;1;329.63547767;20;2;1;4;1;2;1;1;1;3;1;1;3;2;1;1;1;1;1;3;3;;;;;650000;;1;;;;;;;;;;5
20230313;03;2023;7393906;1;1;01;20;1;346.01126262;20;2;1;3;1;1;1;1;1;3;1;1;5;3;1;1;1;1;1;3;2;;200000;99;450000;;;1;;1;;;;;;;;5
20230313;03;2023;7393907;1;1;01;20;1;350.68300387;20;2;1;4;1;1;1;1;1;3;1;1;3;2;1;1;1;1;1;3;1;;;250000;300000;;;1;;1;;;;;;;;4
20230313;03;2023;7393908;1;1;01;20;1;313.08054559;20;2;1;3;1;1;1;1;1;3;1;1;5;2;1;1;1;1;1;3;3;;;;;400000;;1;;;;;;;;;;2
20230313;03;2023;7393909;1;1;01;20;1;365.45758626;20;2;1;3;1;1;1;1;1;3;1;1;4;2;1;1;1;1;1;3;3;;;;;450000;;1;;;;;;;;;;3
20230313;03;2023;7393910;1;1;01;20;1;351.29883321;20;2;1;4;1;1;1;1;1;3;1;1;4;3;1;1;1;1;1;3;2;;180000;80000000;400000;;;1;;;;;;;;;;5
20230313;03;2023;7393914;1;1;01;20;1;214.87767482;20;2;1;4;1;3;1;1;1;3;1;1;3;2;1;1;1;1;3;3;3;;;;;700000;;1;;;;;;;;;;4
20230313;03;2023;7393915;1;1;01;20;1;193.65883628;20;2;1;4;1;3;1;1;1;3;1;1;3;2;1;1;1;1;1;3;1;;;98;98;;;1;;;;;;;;;;5
20230313;03;2023;7393916;1;1;01;20;1;245.98106767;20;2;1;4;1;2;1;1;1;3;1;1;3;2;1;1;1;1;3;3;1;;;150000000;450000;;;1;;;;;;;;;;3
20230313;03;2023;7393917;1;1;01;20;1;220.67172076;20;2;1;4;1;2;1;1;1;3;1;1;3;1;1;1;1;1;1;3;3;;;;;450000;;;;;;;;;1;;;1
20230313;03;2023;7393918;1;1;01;20;1;218.95008952;20;1;1;4;1;2;1;1;1;3;1;1;4;2;1;1;1;1;1;3;4;;;;600000;;;;;;;;;;1;;;2
20230313;03;2023;7393919;1;1;01;20;1;197.70239282;20;1;1;4;1;2;1;1;1;3;1;1;4;2;1;1;1;1;1;3;1;;;98;500000;;;1;;;;;;;;;;3
20230313;03;2023;7393920;1;1;01;20;1;175.14674158;20;1;1;4;1;2;1;1;1;3;1;1;3;1;1;1;1;1;1;3;4;;;;500000;;;1;;;;;;;;;;1
20230313;03;2023;7393921;1;1;01;20;1;400.59771166;20;2;1;4;1;1;1;1;1;3;1;1;4;1;1;1;1;1;1;3;3;;;;;400000;;1;;;;;;;;;;1
20230313;03;2023;7393922;1;1;01;20;1;185.35365159;20;1;1;4;1;2;1;1;1;3;1;1;2;1;1;1;1;1;3;3;3;;;;;380000;;;;;;;;;1;;;5
20230313;03;2023;7393924;1;1;01;20;1;132.22236529;20;1;1;4;1;3;1;1;1;3;1;1;4;3;1;1;1;1;1;3;1;;;98;700000;;;1;;;;;;;;;;6
20230313;03;2023;7393925;1;1;01;20;1;319.77538798;20;2;1;4;1;3;1;1;1;3;1;1;3;2;1;1;1;1;1;3;3;;;;;500000;;;;;;;;;1;;;3
20230313;03;2023;7393926;1;1;01;20;1;260.87019488;20;3;1;5;1;3;1;1;1;3;1;3;1;1;1;2;1;1;3;3;3;;;;;450000;;1;;;;;;;;;;1
20230313;03;2023;7393926;2;2;01;20;1;260.87019488;20;3;1;5;1;3;1;1;1;3;1;3;2;1;1;2;1;1;3;3;3;;;;;450000;;1;;;;;;;;;;1
20230313;03;2023;7393926;3;3;01;20;1;260.87019488;20;3;1;5;1;3;1;1;1;3;1;3;2;1;1;2;1;1;3;3;3;;;;;450000;;1;;;;;;;;;;1
20230313;03;2023;7393929;1;1;01;20;1;239.32768499;20;2;1;4;1;3;1;1;1;3;1;1;3;2;1;1;1;1;1;3;3;;;;;650000;;;;;;;;;1;;;4
20230313;03;2023;7393930;1;1;01;20;1;178.84991981;20;1;1;4;1;3;1;1;1;3;1;1;5;3;1;1;1;1;1;3;4;;;;500000;;;;;;;;;;1;;;3
20230313;03;2023;7393931;1;1;01;20;1;175.14674158;20;1;1;4;1;2;1;1;1;3;1;1;4;2;1;1;1;1;1;3;3;;;;;550000;;1;;;;;;;;;;1
20230313;03;2023;7393932;1;1;01;20;1;313.08054559;20;2;1;4;1;1;1;1;1;3;1;1;3;2;1;1;1;1;1;3;3;;;;;380000;;1;;;;;;;;;;2
20230313;03;2023;7393933;1;1;01;20;1;350.5229977;20;2;1;4;1;3;1;1;1;3;1;1;2;1;1;1;1;1;1;3;3;;;;;400000;;1;;;;;;;;;;1
20230313;03;2023;7393937;1;1;01;20;1;272.52961311;20;1;1;4;1;2;1;1;1;3;1;1;3;2;1;1;1;1;1;3;3;;;;;670000;;1;;;;;;;;;;3
20230313;03;2023;7393938;1;1;01;20;1;250.21446544;20;2;1;4;1;4;1;1;1;3;1;1;4;3;1;1;1;1;1;3;3;;;;;900000;;1;;;;;1;;;;;4
20230313;03;2023;7393941;1;1;01;20;1;266.06525202;20;1;1;4;1;2;1;1;1;3;1;1;2;1;1;1;1;1;3;3;3;;;;;350000;;1;;;;;;;;;;4
20230313;03;2023;7393946;1;1;01;20;1;304.38386377;20;1;1;4;1;2;1;1;1;3;1;1;4;2;1;1;1;1;1;3;3;;;;;500000;;1;;;;;;;;;;2
20230313;03;2023;7393947;1;1;01;20;1;247.12409971;20;1;1;4;1;2;1;1;1;3;1;1;3;2;1;1;1;1;1;3;1;;;70000000;700000;;;;;;;;;;1;;;3
20230313;03;2023;7393949;1;1;01;20;1;184.09821922;20;2;1;4;1;2;1;1;1;3;1;1;2;2;1;1;1;1;3;3;3;;;;;340000;;;;;;;;;1;;;4
20230313;03;2023;7393950;1;1;01;20;1;202.20457862;20;1;1;4;1;4;1;1;1;3;1;1;4;1;1;1;1;1;1;3;1;;;98;1000000;;;1;;;;;1;;;;;3
20230313;03;2023;7393951;1;1;01;20;1;323.33859861;20;2;1;4;1;4;1;1;1;3;1;1;3;2;1;1;1;1;3;3;3;;;;;800000;;1;;;;;;;;;;2
20230313;03;2023;7393952;1;1;01;20;1;387.40099497;20;1;1;4;1;4;1;1;1;3;1;1;4;3;1;1;1;1;1;3;1;;;99;1200000;;;1;;;;;;;;;;3
20230313;03;2023;7393953;1;1;01;20;1;175.48307747;20;1;1;4;1;4;1;1;1;3;1;1;6;3;1;1;1;1;1;3;6;;;;1500000;;;1;;;;;;;;;;3
20230313;03;2023;7393955;1;1;01;20;1;249.21473212;20;1;1;5;1;4;1;1;1;3;1;1;4;3;1;1;1;1;1;3;1;;;98;1200000;;;1;;;;;;;;;;3
20230313;03;2023;7393956;1;1;01;20;1;256.15210956;20;1;1;4;1;4;1;1;1;3;1;1;3;1;1;1;1;1;1;3;6;;;;1200000;;;1;;;;;;;;;;1
20230313;03;2023;7393957;1;1;01;20;1;194.66099418;20;2;1;5;1;4;1;1;1;3;1;1;4;3;1;1;1;1;1;3;1;;;99;1100000;;;1;;;;;;;;;;4
20230313;03;2023;7393960;1;1;01;20;1;394.33837241;20;1;1;4;1;4;1;1;1;3;1;1;3;1;1;1;1;1;1;3;6;;;;1200000;;;1;;;;;;;;;;1
20230313;03;2023;7393961;1;1;01;20;1;156.65274056;20;1;1;4;1;2;1;1;1;3;1;1;3;2;1;1;1;1;3;3;3;;;;;350000;;;;;;;;;1;;;2
20230313;03;2023;7393962;1;1;01;20;1;244.58620779;20;1;1;4;1;2;1;1;1;3;1;1;3;2;1;1;1;1;1;3;3;;;;;450000;;1;;;;;;;;;;4
20230313;03;2023;7393963;1;1;01;20;1;208.99306563;20;2;1;4;1;2;1;1;1;3;1;1;3;2;1;1;1;1;1;3;3;;;;;550000;;1;;;;;;;;;;5
20230313;03;2023;7393964;1;1;01;20;1;170.67141467;20;1;1;4;1;2;1;1;1;3;1;1;3;2;1;1;1;1;1;3;3;;;;;700000;;1;;;;;;;;;;2
20230313;03;2023;7393965;1;1;01;20;1;170.67141467;20;1;1;4;1;2;1;1;1;3;1;1;4;2;1;1;1;1;1;3;1;;;200000000;500000;;;1;;;;;;;;;;2
20230313;03;2023;7393966;1;1;01;20;1;389.46999744;20;2;1;4;1;2;1;1;1;3;1;1;2;1;1;1;1;1;3;3;4;;;;350000;;;1;;;;;;;;;;1
20230313;03;2023;7393967;1;1;01;23;1;285.12881121;23;1;1;4;1;3;1;1;1;3;1;1;4;2;1;1;1;1;3;3;1;;;240000000;900000;;;1;;;;;1;;;;;4
20230313;03;2023;7393968;1;1;01;23;1;624.81193414;23;1;1;4;1;1;1;1;1;3;1;1;4;3;1;1;1;1;1;3;1;;;85000000;400000;;;1;;;;;;;;;;5
20230313;03;2023;7393969;1;1;01;23;1;481.23696411;23;2;1;4;1;1;1;1;1;3;1;1;2;1;1;1;1;10;1;3;4;;;;450000;;;1;;;;;;;;;;1
20230313;03;2023;7393971;1;1;01;23;1;416.68726375;23;2;1;4;1;1;1;1;1;3;1;1;3;2;1;1;1;1;1;3;1;;;60000000;400000;;1;1;;;;;;;;;;4
20230313;03;2023;7393972;1;1;01;23;1;416.68726375;23;1;1;4;1;1;1;1;1;3;1;1;4;3;1;1;1;1;1;3;1;;;70000000;500000;;1;1;;;;;;;;;;4
20230313;03;2023;7393973;1;1;01;23;1;270.21619831;23;1;1;4;1;1;1;1;1;3;1;1;3;2;1;1;1;1;1;3;1;;;100000000;500000;;;1;;;;;;;;;;2
20230313;03;2023;7393974;1;1;01;23;1;254.94447287;23;2;1;4;1;1;1;1;1;3;1;1;3;2;1;1;1;1;1;3;1;;;50000000;500000;;;;;;;;;;1;;;4
20230313;03;2023;7393975;1;1;01;23;1;212.06264187;23;1;1;4;1;2;1;1;1;3;1;1;4;2;1;1;1;1;3;3;4;;;;650000;;;1;;;;;;;;;;3
20230313;03;2023;7393976;1;1;01;23;1;183.4147768;23;1;1;4;1;1;1;1;1;3;1;1;4;3;1;1;1;1;1;3;1;;;60000000;450000;;1;1;;;;;;;;;;4
20230313;03;2023;7393977;1;1;01;23;1;412.50340453;23;4;1;2;1;1;1;1;1;3;1;1;1;1;1;1;1;1;4;3;3;;;;;300000;;;;;;;;;1;;;2
20230313;03;2023;7393978;1;1;01;23;1;88.432124529;23;1;1;4;1;2;1;1;1;3;1;1;4;3;1;1;1;1;3;3;4;;;;650000;;;;;;;;;;1;;;4
20230313;03;2023;7393979;1;1;01;23;1;210.04542403;23;1;1;4;1;2;1;1;1;3;1;1;4;1;1;1;1;1;1;3;4;;;;650000;;;1;;;;;;;;;;1
20230313;03;2023;7393980;1;1;01;23;1;212.06264187;23;1;1;4;1;2;1;1;1;3;1;1;5;4;1;1;1;1;1;3;1;;;160000000;700000;;;1;;;;;;;;;;3
20230313;03;2023;7393981;1;1;01;23;1;212.10562579;23;1;1;4;1;2;1;1;1;3;1;1;4;3;1;1;1;1;1;3;1;;;120000000;800000;;;1;;;;;;;;;;6
20230313;03;2023;7393982;1;1;01;23;1;472.25443567;23;1;1;4;1;1;1;1;1;3;1;1;4;3;1;1;1;1;1;3;1;;;120000000;450000;;;1;;;;;;;;;;4
20230313;03;2023;7393983;1;1;01;23;1;367.6719894;23;1;1;4;1;1;1;1;1;3;1;1;4;3;1;1;1;1;1;3;1;;;96000000;480000;;;1;;;;;;;;;;4
20230313;03;2023;7393984;1;1;01;23;1;191.36359128;23;1;1;4;1;2;1;1;1;3;1;1;4;3;1;1;1;1;1;3;4;;;;700000;;;1;;;;;;;;;;4
20230313;03;2023;7393985;1;1;01;23;1;359.96582433;23;2;1;2;1;1;1;1;1;3;1;1;3;2;1;1;1;1;1;3;4;;;;400000;;;;;;;;;;1;;;2
20230313;03;2023;7393986;1;1;01;23;1;210.56062616;23;2;1;4;1;1;1;1;1;3;1;1;3;2;1;1;1;1;3;3;3;;;;;400000;;1;;;;;;;;;;4
20230313;03;2023;7393987;1;1;01;23;1;137.5610826;23;1;1;4;1;3;1;1;1;3;1;1;4;3;1;1;1;1;1;3;1;;;120000000;900000;;;1;;;;;;;;;;4
20230313;03;2023;7393988;1;1;01;23;1;257.92702988;23;1;1;4;1;2;1;1;1;3;1;1;4;3;1;1;1;1;1;3;1;;;80000000;600000;;1;1;;;;;;;;;;4
20230313;03;2023;7393989;1;1;01;23;1;395.26324306;23;1;1;4;1;2;1;1;1;3;1;1;4;3;1;1;1;1;1;3;1;;;130000000;700000;;;1;;;;;1;;;;;4
20230313;03;2023;7393990;1;1;01;23;1;257.92702988;23;1;1;4;1;2;1;1;1;3;1;1;5;2;1;1;1;1;1;3;3;;;;;950000;;1;;;;;;;;;;5
20230313;03;2023;7393991;1;1;01;23;1;713.40632081;23;2;1;4;1;2;1;1;1;3;1;1;3;2;1;1;1;1;3;3;3;;;;;600000;1;1;;;;;;;;;;2
20230313;03;2023;7393992;1;1;01;23;1;639.99190269;23;1;1;2;1;2;1;1;1;3;1;1;2;1;1;1;1;1;1;3;3;;;;;400000;;1;;;;;;;;;;1
20230313;03;2023;7393993;1;1;01;23;1;298.1434341;23;1;1;4;1;2;1;1;1;3;1;1;4;3;1;1;1;1;1;3;1;;;80000000;600000;;1;1;;;;;;;;;;5
20230313;03;2023;7393994;1;1;01;23;1;257.92702988;23;1;1;4;1;2;1;1;1;3;1;1;4;3;1;1;1;1;1;3;1;;;200000000;1500000;;;1;;;;;;;;;;4
20230313;03;2023;7393998;1;1;01;23;1;442.22567165;23;2;1;4;1;1;1;1;1;3;1;1;3;1;1;1;1;1;1;3;3;;;;;500000;;1;;;;;;;;;;4
20230313;03;2023;7394001;1;1;01;23;1;186.89198423;23;1;1;4;1;2;1;1;1;3;1;1;3;1;1;1;1;1;1;3;3;;;;;600000;;1;;;;;1;;;;;2
20230313;03;2023;7394002;1;1;01;23;1;142.88197953;23;2;1;4;1;2;1;1;1;3;1;1;3;2;1;1;1;1;1;3;4;;;;450000;;;1;;;;;;;;;;2
20230313;03;2023;7394003;1;1;01;23;1;696.6573743;23;1;1;4;1;2;1;1;1;3;1;1;6;3;1;1;1;1;1;3;1;;;140000000;800000;;;1;;;;;;;;;;3
20230313;03;2023;7394004;1;1;01;;1;1079.4004727;25;1;1;4;1;2;1;1;1;3;1;1;3;2;1;1;1;1;1;3;3;;;;;500000;;1;;;;;1;;;;;4
20230313;03;2023;7394005;1;1;01;;1;1360.9924221;25;1;1;4;1;3;1;1;1;3;1;1;5;3;1;1;1;1;1;3;3;;;;;800000;;1;;;;;1;;;;;4
20230313;03;2023;7394006;1;1;01;;1;1920.6057972;25;1;1;4;1;2;1;1;1;3;1;1;4;2;1;1;1;1;3;3;2;;400000;120000000;500000;;;1;;1;;;;;;;;4
20230313;03;2023;7394007;1;1;01;;1;2183.5992355;25;1;1;4;1;2;1;1;1;3;1;1;3;1;1;1;1;1;1;3;1;;;150000000;450000;;;1;;;;;;;;;;1
20230313;03;2023;7394009;1;1;01;;1;1798.7458748;25;1;1;4;1;2;1;1;1;3;1;1;5;4;1;1;1;1;1;3;2;;400000;120000000;650000;;;1;;;;;;;;;;6
20230313;03;2023;7394010;1;1;01;;1;1962.1920071;25;1;1;4;1;2;1;1;1;3;1;1;3;1;1;1;1;1;1;3;3;;;;;400000;;1;;;;;;;;;;2
20230313;03;2023;7394011;1;1;01;;1;2024.2087484;25;1;1;4;1;2;1;1;1;3;1;1;3;2;1;1;1;1;1;3;2;;350000;120000000;500000;;;1;;;;;;;;;;4
20230313;03;2023;7394012;1;1;01;;1;719.06029673;25;1;1;4;1;3;1;1;1;3;1;1;4;2;1;1;1;1;1;3;1;;;140000000;600000;;;1;;;;;;;;;;3
20230313;03;2023;7394013;1;1;01;;1;753.39329599;25;1;1;4;1;3;1;1;1;3;1;1;3;1;1;1;1;1;1;3;1;;;120000000;7000000;;;;;;;1;;;;;;2
20230313;03;2023;7394014;1;1;01;;1;615.96571208;25;1;1;4;1;3;1;1;1;3;1;1;5;4;1;1;1;1;1;3;4;;;;200000000;;;1;;;;;;;;;;5
20230313;03;2023;7394015;1;1;01;;1;1607.5609093;25;1;1;4;1;3;1;1;1;3;1;1;4;3;1;1;1;1;1;3;2;;380000;100000000;400000;;;;;1;;;;;;;;4
20230313;03;2023;7394016;1;1;01;;1;1270.8424028;25;1;1;4;1;2;1;1;1;3;1;1;3;2;1;1;1;1;1;3;2;;330000;120000000;600000;;;1;;1;;;1;;;;;2
20230313;03;2023;7394017;1;1;01;;1;1931.2689312;25;1;1;4;1;2;1;1;1;3;1;1;4;3;1;1;1;1;1;3;3;;;;;400000;;;;1;;;;;;;;4
20230313;03;2023;7394018;1;1;01;;1;1765.1422923;25;1;1;4;1;3;1;1;1;3;1;1;5;3;1;1;1;1;3;3;2;;340000;200000000;780000;;;1;;;;;;;;;;4
20230313;03;2023;7394019;1;1;01;;1;1377.8035987;25;1;1;4;1;3;1;1;1;3;1;1;4;2;1;1;1;1;1;3;1;;;170000000;700000;;;1;;;;;;;;;;2
20230313;03;2023;7394020;1;1;01;;1;753.39329599;25;2;1;4;1;3;1;1;1;3;1;1;5;1;1;1;1;1;1;3;1;;;180000000;700000;;;1;;;;;;;;;;2
20230313;03;2023;7394021;1;1;01;;1;1618.4992275;25;1;1;4;1;3;1;1;1;3;1;1;4;1;1;1;1;1;1;3;3;;;;;600000;;;;;;;;;1;;;2
20230313;03;2023;7394022;1;1;01;;1;1395.3254213;25;1;1;4;1;3;1;1;1;3;1;1;4;3;1;1;1;1;1;3;3;;;;;650000;;1;;;;;;;;;;3
20230313;03;2023;7394023;1;1;01;;1;2001.0654293;25;1;1;4;1;3;1;1;1;3;1;1;5;3;1;1;1;1;1;3;2;;500000;120000000;600000;;;1;;;;;;;;;;4
20230313;03;2023;7394024;1;1;01;;1;1401.9744541;25;1;1;4;1;3;1;1;1;3;1;2;4;3;1;1;1;1;1;3;4;;;;700000;;;1;;;;;;;;;;3
20230313;03;2023;7394024;2;2;01;;1;1401.9744541;25;1;1;4;1;3;1;1;1;3;1;2;2;1;1;1;1;1;1;3;1;;;1500000;700000;;;;;;;;;;1;;;1
20230313;03;2023;7394025;1;1;01;;1;1634.1400393;25;2;1;4;1;3;1;1;1;3;1;1;4;4;1;1;1;1;1;3;3;;;;;480000;;1;;;;;;;;;;2
20230313;03;2023;7394026;1;1;01;;1;1977.8596286;25;2;1;4;1;3;1;1;1;3;1;1;4;3;1;1;1;1;1;3;3;;;;;630000;;1;;;;;;;;;;4
20230313;03;2023;7394027;1;1;01;;1;744.2779914;25;2;1;4;1;3;1;1;1;3;1;1;4;2;1;1;1;1;3;3;3;;;;;500000;;1;;;;;;;;;;6
20230313;03;2023;7394028;1;1;01;;1;1161.8912507;25;2;1;4;1;3;1;1;1;3;1;1;3;2;1;1;1;1;3;3;3;;;;;460000;;;;;;;;;1;;;2
20230313;03;2023;7394029;1;1;01;;1;1780.9753822;25;2;1;4;1;3;1;1;1;3;1;1;4;1;1;1;1;1;1;3;3;;;;;450000;;1;;;;;;;;;;2
20230313;03;2023;7394031;1;1;01;;1;783.4996402;25;2;1;4;1;3;1;1;1;3;1;1;3;2;1;1;1;1;1;3;3;;;;;350000;;1;;;;;;;;;;5
20230313;03;2023;7394032;1;1;01;27;1;56.92270188;27;2;1;2;1;1;2;2;1;3;2;1;4;3;3;1;1;5;3;4;4;;;;500000;;;1;;;;;;;;;;3
20230313;03;2023;7394033;1;1;01;27;1;51.030734416;27;1;5;3;1;1;2;2;1;3;2;1;2;1;3;1;1;5;1;4;3;;;;;150000;;;;;;;;;1;;;1
20230313;03;2023;7394034;1;1;01;27;1;45.808843743;27;1;1;2;1;1;2;2;1;3;2;1;3;1;3;1;1;5;3;4;4;;;;250000;;;;;;;;;;1;;;1
20230313;03;2023;7394035;1;1;01;27;1;63.772290088;27;1;2;2;1;1;2;2;1;3;2;1;3;2;3;1;1;5;1;4;4;;;;300000;;;;;;;;;;1;;;3
20230313;03;2023;7394036;1;1;01;27;1;71.066402038;27;1;1;4;1;1;2;2;1;3;2;1;5;2;3;1;1;5;1;4;1;;;50000000;500000;;;1;;;;;;;;;;3
20230313;03;2023;7394037;1;1;01;27;1;52.120078344;27;1;1;4;1;1;2;2;1;3;2;1;7;4;3;1;1;5;3;4;3;;;;;680000;;1;;;;;;;;;;4
20230313;03;2023;7394038;1;1;01;27;1;63.659513564;27;1;5;3;1;1;2;2;1;3;2;1;4;2;3;1;1;5;1;4;1;;;30000000;300000;;;;;;;;;;1;;;2
20230313;03;2023;7394039;1;1;01;27;1;67.842805497;27;2;5;3;1;1;2;2;1;3;2;1;3;2;3;1;1;5;1;1;3;;;;;200000;;;;;;;;;1;;;6
20230313;03;2023;7394040;1;1;01;27;1;42.521546286;27;1;1;4;1;1;2;2;1;3;2;1;4;3;3;1;1;5;3;4;3;;;;;300000;;;;;;;;;1;;;3
20230313;03;2023;7394041;1;1;01;27;1;51.143510941;27;2;1;4;1;1;2;2;1;3;2;1;3;2;3;1;1;5;3;4;4;;;;480000;;;1;;;;;;;;;;2
20230313;03;2023;7394042;1;1;01;27;1;32.400466296;27;1;1;2;1;1;2;2;1;3;1;1;3;1;2;1;1;1;1;4;1;;;150000000;400000;;;;;;;;;;1;;;1
20230313;03;2023;7394043;1;1;01;27;1;39.687706857;27;2;1;4;1;1;2;2;1;3;1;1;3;2;2;1;1;1;3;4;4;;;;700000;;;1;;;;;;;;;;5
20230313;03;2023;7394045;1;1;01;27;1;27.527842159;27;1;1;4;1;1;2;2;1;3;1;1;5;1;2;1;1;1;4;4;3;;;;;2900000;;1;;;;;;;;;;2
20230313;03;2023;7394047;1;1;01;27;1;32.686165993;27;2;1;4;1;1;2;2;1;3;1;1;4;3;2;1;1;1;1;4;3;;;;;650000;;;;;;;;;1;;;4
20230313;03;2023;7394048;1;1;01;27;1;26.997807165;27;2;1;4;1;1;2;2;1;3;1;1;3;2;2;1;1;1;1;4;3;;;;;600000;;1;;;;;;;;;;3
20230313;03;2023;7394049;1;1;01;27;1;25.935325502;27;1;1;2;1;1;2;2;1;3;1;1;4;3;2;1;1;1;1;4;1;;;7000000;400000;;;1;;;;;;;;;;4
20230313;03;2023;7394050;1;1;01;27;1;51.007297829;27;1;1;2;1;1;2;2;1;3;1;1;4;2;2;1;1;1;1;4;1;;;80000000;500000;;;1;;;;;;;;;;2
20230313;03;2023;7394051;1;1;01;27;1;32.489175387;27;2;1;4;1;1;2;2;1;3;1;1;3;1;2;1;1;1;3;4;4;;;;400000;;;;;;;;;;1;;;1
20230313;03;2023;7394052;1;1;01;27;1;35.546114634;27;1;1;2;1;1;2;2;1;3;1;1;4;3;2;1;1;1;1;4;3;;;;;1000000;;1;;;;;;;;;;3
20230313;03;2023;7394054;1;1;01;27;1;29.946464897;27;2;1;4;1;1;2;2;1;3;1;1;3;2;2;1;1;1;3;4;3;;;;;650000;;;;;;;;;1;;;2
20230313;03;2023;7394055;1;1;01;27;1;29.084980154;27;2;1;4;1;1;2;2;1;3;1;1;3;1;2;1;1;1;3;4;4;;;;500000;;;;;;;;;;1;;;1
20230313;03;2023;7394056;1;1;01;27;1;26.409393597;27;1;1;2;1;1;2;2;1;3;2;1;4;3;2;1;1;5;1;4;3;;;;;150000;;;;;;;;;1;;;4
20230313;03;2023;7394057;1;1;01;27;1;40.432898152;27;1;2;6;1;1;2;2;1;3;2;1;3;2;3;1;1;5;1;4;4;;;;300000;;;;;;;;;;1;;;4
20230313;03;2023;7394058;1;1;01;27;1;41.043079504;27;1;1;2;1;1;2;2;1;3;2;1;4;1;2;1;1;5;6;;1;;;80000000;450000;;;;;;;;;;1;;;1
20230313;03;2023;7394060;1;1;01;27;1;31.172050937;27;1;5;3;1;1;2;2;1;3;2;1;4;3;2;1;1;5;1;4;3;;;;;220000;;;;;;;;;1;;;7
20230313;03;2023;7394061;1;1;01;27;1;81.447485373;27;2;1;4;1;1;2;2;1;3;2;1;3;2;2;1;1;5;1;4;4;;;;350000;;;;;;;;;;1;;;4
20230313;03;2023;7394063;1;1;01;27;1;66.825961736;27;1;1;4;1;1;2;2;1;3;1;1;4;1;2;1;1;1;1;4;4;;;;600000;;;;;;;;;;1;;;1
20230313;03;2023;7394065;1;1;01;27;1;104.15774229;27;2;1;4;1;1;2;2;1;3;1;1;5;2;3;1;1;1;3;4;1;;;100000000;600000;;;1;;;;1;;;;;;2
20230313;03;2023;7394066;1;1;01;27;1;63.955952279;27;2;1;4;1;1;2;2;1;3;1;1;3;1;2;1;1;1;1;4;3;;;;;400000;;;;;;;;;1;;;1
20230313;03;2023;7394067;1;1;01;27;1;48.686161952;27;2;1;4;1;1;2;2;1;3;1;1;3;2;3;1;1;1;1;4;3;;;;;250000;;;;;;;;;1;;;4
20230313;03;2023;7394068;1;1;01;27;1;79.347080311;27;1;1;4;1;1;2;2;1;3;1;1;5;3;3;1;1;1;3;4;1;;;150000000;700000;;;1;;;;;;;;;;3
20230313;03;2023;7394069;1;1;01;27;1;86.575245829;27;1;1;2;1;1;2;2;1;3;1;1;3;1;2;1;1;1;4;4;4;;;;400000;;;;;;;;;;1;;;1
20230313;03;2023;7394070;1;1;01;27;1;86.575245829;27;1;1;2;1;1;2;2;1;3;1;1;2;1;2;1;1;1;1;4;3;;;;;300000;;;;;;;;;1;;;1
20230313;03;2023;7394071;1;1;01;27;1;49.937984285;27;2;1;3;1;1;2;2;1;3;1;1;3;2;3;1;1;1;3;4;3;;;;;350000;;;;;;;;;1;;;2
20230313;03;2023;7394082;1;1;01;27;1;35.294047914;27;1;5;3;1;1;2;2;1;3;2;1;3;2;3;1;1;5;4;4;1;;;15000000;150000;;;;;;;;;;1;;;2
20230313;03;2023;7394084;1;1;01;27;1;33.331036294;27;1;5;3;1;1;2;2;1;3;2;1;4;3;2;1;1;5;1;1;1;;;15000000;150000;;;;;;;;;;1;;;7
20230313;03;2023;7394085;1;1;01;27;1;49.471569045;27;1;5;3;1;1;2;2;1;3;2;1;3;1;3;1;1;5;6;;3;;;;;200000;;;;;;;;;1;;;1
20230313;03;2023;7394086;1;1;01;27;1;32.349475291;27;1;5;3;1;1;2;2;1;3;2;1;3;2;3;1;1;5;4;4;3;;;;;200000;;;;;;;;;1;;;6
20230313;03;2023;7394087;1;1;01;27;1;37.324690522;27;1;5;3;1;1;2;2;1;3;2;1;3;2;3;1;1;5;1;4;3;;;;;200000;;;;;;;;;1;;;4
20230313;03;2023;7394088;1;1;01;27;1;50.068603035;27;1;5;3;1;1;2;2;1;3;2;1;2;1;3;1;1;5;1;4;4;;;;150000;;;;;;;;;;1;;;1
20230313;03;2023;7394089;1;1;01;27;1;39.285975749;27;1;5;3;1;1;2;2;1;3;2;1;3;2;3;1;1;5;1;4;4;;;;200000;;;;;;;;;;1;;;3
20230313;03;2023;7394090;1;1;01;27;1;44.744154759;27;1;5;3;1;1;2;2;1;3;2;1;4;3;3;1;1;5;3;4;3;;;;;250000;;;;;;;;;1;;;3
20230313;03;2023;7394091;1;1;01;27;1;40.553623957;27;1;5;3;1;1;2;2;1;3;2;1;5;4;3;1;1;5;1;4;3;;;;;250000;;;;;;;;;1;;;6
20230313;03;2023;7394092;1;1;01;27;1;42.837361508;27;1;1;4;1;1;2;2;1;3;2;1;3;2;2;1;1;5;1;4;3;;;;;400000;;;;;;;;;1;;;2
20230313;03;2023;7394093;1;1;01;27;1;27.966274712;27;1;1;2;1;1;2;2;1;3;2;1;4;3;3;1;1;5;1;4;1;;;70000000;300000;;;1;;;;;;;;;;4
20230313;03;2023;7394094;1;1;01;27;1;43.877433198;27;1;5;3;1;1;2;2;1;3;2;1;2;2;6;;1;5;4;4;1;;;20000000;200000;;;;;;;;;;1;;;4
20230313;03;2023;7394095;1;1;01;27;1;39.888703777;27;2;1;4;1;1;2;2;1;3;2;1;2;1;3;1;1;5;1;4;3;;;;;200000;;;;;;;;;1;;;3
20230313;03;2023;7394096;1;1;01;27;1;27.009607088;27;1;5;2;1;1;2;2;1;3;2;1;2;2;6;;1;5;4;4;4;;;;400000;;;;;;;;;;1;;;4
20230313;03;2023;7394097;1;1;01;27;1;42.48245106;27;1;1;2;1;1;2;2;1;3;2;1;4;1;3;1;1;5;1;4;1;;;80000000;300000;;;;;;;;;;1;;;1
20230313;03;2023;7394098;1;1;01;27;1;26.997807165;27;1;1;2;1;1;2;2;1;3;2;1;4;3;3;1;1;5;1;4;4;;;;300000;;;1;;;;;;;;;;3
20230313;03;2023;7394099;1;1;01;27;1;50.500723535;27;1;1;4;1;1;2;2;1;3;2;1;4;3;2;1;1;5;1;4;1;;;120000000;500000;;;1;;;;;;;;;;2
20230313;03;2023;7394100;1;1;01;27;1;23.093650575;27;1;1;2;1;1;2;2;1;3;2;1;4;3;3;1;1;5;1;4;1;;;55000000;400000;;;1;;;;;;;;;;5
20230313;03;2023;7394101;1;1;01;27;1;27.527842159;27;1;1;4;1;1;2;2;1;3;2;1;4;1;2;1;1;5;1;4;4;;;;400000;;;1;;;;;;;;;;2
20230313;03;2023;7394102;1;1;01;27;1;34.154594897;27;1;1;2;1;1;2;2;1;3;2;1;3;2;3;1;1;5;1;4;1;;;70000000;300000;;;1;;;;;;;;;;3
20230313;03;2023;7394104;1;1;01;27;1;56.858763027;27;1;1;2;1;1;2;2;1;3;2;1;4;3;3;1;1;5;1;4;5;;;;300000;;;;;;;;;;1;;;4
20230313;03;2023;7394105;1;1;01;27;1;39.991847712;27;1;1;2;1;1;2;2;1;3;2;1;3;1;3;1;1;5;1;4;1;;;70000000;300000;;;;;;;;;;1;;;1
20230313;03;2023;7394106;1;1;01;27;1;57.716830553;27;1;1;2;1;1;2;2;1;3;2;1;3;1;3;1;1;5;1;4;4;;;;300000;;;;;;;;;;1;;;1
20230313;03;2023;7394108;1;1;01;27;1;58.312380903;27;1;1;2;1;1;2;2;1;3;2;1;3;2;3;1;1;5;1;4;3;;;;;280000;;;;;;;;;1;;;5
20230313;03;2023;7394109;1;1;01;27;1;52.898053541;27;1;1;2;1;1;2;2;1;3;2;1;3;2;3;1;1;5;1;1;4;;;;250000;;;;;;;;;;1;;;3
20230313;03;2023;7394110;1;1;01;27;1;60.331470647;27;1;1;2;1;1;2;2;1;3;2;1;3;2;6;;4;5;5;5;3;;;;;100000;;;;;;;;;1;;;4
20230313;03;2023;7394112;1;1;01;27;1;61.516012168;27;1;1;2;1;1;2;2;1;3;2;1;2;1;3;1;1;5;5;5;4;;;;200000;;;;;;;;;;1;;;5
20230313;03;2023;7394114;1;1;01;41;1;213.17250393;41;1;1;4;1;2;1;1;1;3;1;1;5;4;1;1;1;1;1;3;1;;;120000000;600000;;;1;;;;;1;;;;;6
20230313;03;2023;7394115;1;1;01;41;1;156.98753373;41;2;1;4;1;2;1;1;1;3;1;1;4;2;1;1;1;1;1;3;3;;;;;550000;;1;;;;1;1;;;;;3
20230313;03;2023;7394117;1;1;01;41;1;201.26988529;41;2;1;4;1;2;1;1;1;3;1;1;3;2;1;1;1;1;1;3;1;;;180000000;500000;;;1;;;;;1;;;;;5
20230313;03;2023;7394118;1;1;01;41;1;141.62576729;41;2;1;4;1;2;1;1;1;3;1;1;3;2;1;1;1;1;1;3;3;;;;;400000;;1;;;;;;;;;;4
20230313;03;2023;7394119;1;1;01;41;1;151.66891453;41;1;1;4;1;2;1;1;1;3;1;1;4;2;1;1;1;1;1;3;1;;;180000000;600000;;;1;;;;1;1;;;;;3
20230313;03;2023;7394120;1;1;01;41;1;106.29127006;41;2;1;4;1;2;1;1;1;3;1;1;3;1;1;1;1;1;1;3;3;;;;;500000;;1;;;;1;1;;;;;1
20230313;03;2023;7394121;1;1;01;41;1;301.71087473;41;1;1;4;1;2;1;1;1;3;1;1;4;3;1;1;1;1;1;3;1;;;90000000;600000;;;1;;;;;1;;;;;4
20230313;03;2023;7394122;1;1;01;41;1;197.65217439;41;1;1;4;1;2;1;1;1;3;1;1;5;4;1;1;1;1;1;3;1;;;98;450000;;;1;;;;;;;;;;4
20230313;03;2023;7394124;1;1;01;41;1;378.59307336;41;2;1;4;1;2;1;1;1;3;1;1;4;4;1;1;1;1;1;3;3;;;;;500000;;;;;;;;;1;;;11
20230313;03;2023;7394125;1;1;01;41;1;180.9623646;41;1;1;4;1;1;1;1;1;3;1;1;3;2;1;1;1;1;1;3;4;;;;300000;;;1;;;;;;;;;;2
20230313;03;2023;7394127;1;1;01;41;1;225.46434221;41;1;1;2;1;2;1;1;1;3;1;1;4;3;1;1;1;1;1;3;1;;;98;450000;;;1;;;;;;;;;;3
20230313;03;2023;7394128;1;1;01;41;1;172.63915587;41;2;1;2;1;1;1;1;1;3;1;1;2;1;1;1;1;1;1;3;4;;;;100000;;;1;;;;;;;;;;1
20230313;03;2023;7394129;1;1;01;41;1;245.87171111;41;1;1;4;1;2;1;1;1;3;1;1;4;3;1;1;1;1;1;3;3;;;;;600000;;1;;;;;;;;;;5
20230313;03;2023;7394130;1;1;01;41;1;169.49991464;41;1;1;4;1;2;1;1;1;3;1;1;4;1;1;1;1;1;1;3;1;;;180000000;500000;;;1;;;;1;1;;;;;2
20230313;03;2023;7394131;1;1;01;41;1;228.37285154;41;2;1;2;1;2;1;1;1;3;1;1;4;3;1;1;1;1;1;3;3;;;;;300000;;;;;;;;;1;;;5
20230313;03;2023;7394132;1;1;01;41;1;250.00453945;41;1;1;4;1;2;1;1;1;3;1;1;4;2;1;1;1;1;1;3;1;;;120000000;600000;;;1;;;;1;1;;;;;3
20230313;03;2023;7394133;1;1;01;41;1;59.084937564;41;2;1;4;1;2;1;1;1;3;1;1;3;2;1;1;1;1;3;3;3;;;;;600000;;1;;;;;;;;;;2
20230313;03;2023;7394134;1;1;01;41;1;197.9906324;41;1;1;4;1;1;1;1;1;3;1;1;4;3;1;1;1;1;1;3;1;;;76000000;330000;;;;;;;;;;1;;;7
20230313;03;2023;7394135;1;1;01;41;1;192.13876452;41;1;1;2;1;1;1;1;1;3;1;1;4;3;1;1;1;1;1;3;6;;;;500000;;;1;;;;;;;;;;4
20230313;03;2023;7394136;1;1;01;41;1;179.88444253;41;2;1;2;1;2;1;1;1;3;1;1;1;1;1;1;1;1;5;3;4;;;;350000;;;;;;;1;;;;;;1
20230313;03;2023;7394137;1;1;01;41;1;88.816453312;41;1;1;2;1;1;1;1;1;3;1;1;5;4;1;1;1;1;1;3;1;;;90000000;350000;;;;;;;;;;1;;;6
20230313;03;2023;7394138;1;1;01;41;1;147.08590977;41;1;1;2;1;1;1;1;1;3;1;1;4;2;1;1;1;1;1;3;1;;;120000000;500000;;;;;;;;;;1;;;2
20230313;03;2023;7394139;1;1;01;41;1;175.56038263;41;1;1;4;1;1;1;1;1;3;1;1;4;3;1;1;1;1;1;3;4;;;;520000;;;1;;;;;;;;;;3
20230313;03;2023;7394140;1;1;01;41;1;100.56855239;41;1;1;4;1;1;1;1;1;3;1;1;3;2;1;1;1;1;1;3;3;;;;;300000;;1;;;;;;;;;;3
20230313;03;2023;7394141;1;1;01;41;1;81.448440751;41;2;1;4;1;2;1;1;1;3;1;1;5;3;1;1;1;1;1;3;1;;;350000000;1200000;;;1;;;1;;1;;;;;4
20230313;03;2023;7394142;1;1;01;41;1;207.19000842;41;2;1;4;1;1;1;1;1;3;1;1;4;2;1;1;1;1;1;3;2;;260000;50000000;350000;;;;;1;;;;;;;;3
20230313;03;2023;7394143;1;1;01;41;1;221.36533348;41;2;1;4;1;1;1;1;1;3;1;1;4;3;1;1;1;1;1;3;3;;;;;250000;;1;;;;;;;;;;4
20230313;03;2023;7394144;1;1;01;41;1;154.46074528;41;1;1;4;1;1;1;1;1;3;1;1;3;2;1;1;1;1;1;3;1;;;98000000;280000;;;1;;;;;;;;;;3
20230313;03;2023;7394145;1;1;01;41;1;262.5559559;41;2;1;4;1;1;1;1;1;3;1;1;3;3;1;1;1;1;3;3;2;;380000;28000000;300000;;;1;;1;;;;;;;;4
20230313;03;2023;7394146;1;1;01;41;1;130.85230735;41;1;1;2;1;1;1;1;1;3;1;1;3;1;1;1;1;1;1;3;3;;;;;480000;;1;;;;;;;;;;2
20230313;03;2023;7394147;1;1;01;41;1;204.66228651;41;2;1;4;1;1;1;1;1;3;1;1;4;2;1;1;1;1;1;3;2;;190000;70000000;300000;;;1;;;;;;;;;;2
20230313;03;2023;7394148;1;1;01;41;1;184.48860218;41;2;1;4;1;1;1;1;1;3;1;1;4;3;1;1;1;1;1;3;2;;470000;70000000;450000;;;1;;;;;;;;;;3
20230313;03;2023;7394149;1;1;01;41;1;138.36667427;41;1;1;2;1;1;1;1;1;3;1;1;4;3;1;1;1;1;1;3;1;;;120000000;450000;;;;;;;;;;1;;;4
20230313;03;2023;7394150;1;1;01;41;1;125.86616978;41;1;1;2;1;1;1;1;1;3;1;1;3;1;1;1;1;1;1;3;1;;;85000000;260000;;;;;;;;;;1;;;2
20230313;03;2023;7394151;1;1;01;41;1;228.68381585;41;2;1;4;1;1;1;1;1;3;1;1;4;2;1;1;1;1;1;3;3;;;;;300000;;1;;;;;;;;;;3
20230313;03;2023;7394152;1;1;01;41;1;71.077366465;41;2;1;4;1;2;1;1;1;3;1;1;3;2;1;1;1;1;1;3;3;;;;;500000;;1;;;;;;;;;;2
20230313;03;2023;7394155;1;1;01;41;1;189.04625886;41;2;1;4;1;2;1;1;1;3;1;1;2;1;1;1;1;1;3;3;3;;;;;500000;;1;;;;;;;;;;1
20230313;03;2023;7394156;1;1;01;41;1;102.74244405;41;2;1;4;1;2;1;1;1;3;1;1;4;2;1;1;1;1;1;3;1;;;120000000;500000;;;1;;;;1;1;;;;;4
20230313;03;2023;7394157;1;1;01;41;1;164.3332018;41;2;1;2;1;1;1;1;1;3;1;1;2;1;1;1;1;1;1;3;3;;;;;390000;;;;;;;;;1;;;3
20230313;03;2023;7394158;1;1;01;41;1;124.39018138;41;2;1;2;1;1;2;1;1;3;1;1;2;1;1;1;1;1;1;4;3;;;;;300000;;1;;;;;;;;;;2
20230313;03;2023;7394159;1;1;01;41;1;74.60249016;41;1;1;4;1;2;1;1;1;3;1;1;4;3;1;1;1;1;1;3;1;;;230000000;550000;;;1;;;;1;;;;;;3
20230313;03;2023;7394160;1;1;01;41;1;244.2991922;41;1;1;4;1;1;1;1;1;3;1;1;3;2;1;1;1;1;1;3;1;;;98;600000;;;1;;;;;;;;;;2
20230313;03;2023;7394161;1;1;01;41;1;274.14027961;41;1;1;4;1;1;1;1;1;3;1;1;4;2;1;1;1;1;1;3;3;;;;;450000;;;;;;;;;1;;;3
20230313;03;2023;7394162;1;1;01;41;1;237.76510224;41;1;1;1;1;1;1;1;1;3;1;1;3;2;1;1;1;1;3;3;1;;;70000000;500000;;;;;;;;;;1;;;3
20230313;03;2023;7394163;1;1;01;41;1;284.31691157;41;1;1;4;1;1;1;1;1;3;1;1;4;3;1;1;1;1;1;3;1;;;98;500000;;;1;;;;;;;;;;2
20230313;03;2023;7394165;1;1;01;41;1;287.8104785;41;1;1;2;1;1;1;1;1;3;1;1;3;2;1;1;1;1;1;3;3;;;;;300000;;1;;;;;;;;;;3
20230313;03;2023;7394166;1;1;01;41;1;287.8104785;41;1;1;4;1;1;1;1;1;3;1;1;3;2;1;1;1;1;1;3;1;;;90000000;400000;;;1;;;;;;;;;;3
20230313;03;2023;7394167;1;1;01;41;1;205.50113305;41;1;1;4;1;3;1;1;1;3;1;1;3;2;1;1;1;1;1;3;3;;;;;500000;;1;;;;;;;;;;5
20230313;03;2023;7394168;1;1;01;41;1;208.1617415;41;2;1;4;1;3;1;1;1;3;1;1;4;3;1;1;1;1;1;3;3;;;;;700000;;;;;;;;;1;;;4
20230313;03;2023;7394169;1;1;01;41;1;181.27111366;41;1;1;4;1;3;1;1;1;3;1;1;4;1;1;1;1;1;1;3;4;;;;700000;;;1;;;;;;;;;;1
20230313;03;2023;7394170;1;1;01;41;1;181.27111366;41;1;1;4;1;3;1;1;1;3;1;1;4;1;1;1;1;1;1;3;1;;;99;800000;;;1;;;;;;;;;;1
20230313;03;2023;7394171;1;1;01;41;1;233.06286043;41;1;1;4;1;1;1;1;1;3;1;1;3;1;1;1;1;1;1;3;1;;;70000000;450000;;;;;;;;;;1;;;1
20230313;03;2023;7394172;1;1;01;41;1;288.48991906;41;1;1;4;1;1;1;1;1;3;1;1;4;3;1;1;1;1;1;3;4;;;;500000;;;1;;;;;;;;;;4
20230313;03;2023;7394177;1;1;01;41;1;76.186352132;41;2;1;4;1;2;1;1;1;3;1;1;2;1;1;1;1;1;1;3;3;;;;;400000;;1;;;;;;;;;;1
20230313;03;2023;7394178;1;1;01;41;1;59.084937564;41;1;1;4;1;2;1;1;1;3;1;1;4;1;1;1;1;1;1;3;1;;;180000000;500000;;1;1;;;;;1;;;;;2
20230313;03;2023;7394179;1;1;01;41;1;216.24504339;41;1;1;4;1;3;1;1;1;3;1;1;3;2;1;1;1;1;1;3;4;;;;500000;;;;;;;;;;1;;;3
20230313;03;2023;7394180;1;1;01;41;1;74.136441555;41;2;1;4;1;2;1;1;1;3;1;1;3;1;1;1;1;1;1;3;3;;;;;500000;;1;;;;;;;;;;2
20230313;03;2023;7394181;1;1;01;41;1;242.40371889;41;2;1;2;1;1;1;1;1;3;1;1;4;3;1;1;1;1;1;3;3;;;;;500000;;;;;;;;;1;;;4
20230313;03;2023;7394182;1;1;01;41;1;181.27111366;41;1;1;4;1;3;1;1;1;3;1;1;3;1;1;1;1;1;1;3;1;;;150000000;800000;;;1;;;;;;;;;;1
20230313;03;2023;7394183;1;1;01;41;1;240.13752286;41;2;1;4;1;1;1;1;1;3;1;1;3;2;1;1;1;1;1;3;3;;;;;400000;;;;;;;;;1;;;3
20230313;03;2023;7394184;1;1;01;41;1;242.84399742;41;1;1;4;1;1;1;1;1;3;1;1;4;1;1;1;1;1;1;3;3;;;;;400000;;1;;;;;;;;;;1
20230313;03;2023;7394186;1;1;01;41;1;119.5194156;41;1;1;2;1;1;1;1;1;3;1;1;3;1;1;1;1;1;1;3;1;;;98;450000;;;1;;;;;;;;;;1
20230313;03;2023;7394187;1;1;01;41;1;187.21815008;41;1;1;4;1;1;1;1;1;3;1;1;3;2;1;1;1;1;1;3;5;;;;200000;;;1;;;;;;;;;;5
20230313;03;2023;7394188;1;1;01;41;1;205.98581012;41;1;1;2;1;1;1;1;1;3;1;1;3;2;1;1;1;1;1;3;1;;;98;450000;;;1;;;;;;;;;;6
20230313;03;2023;7394189;1;1;01;41;1;121.18456793;41;1;1;4;1;1;1;1;1;3;1;1;3;1;1;1;1;1;1;3;3;;;;;300000;;1;;;;;;;;;;2
20230313;03;2023;7394190;1;1;01;41;1;119.5194156;41;2;1;4;1;1;1;1;1;3;1;1;1;1;1;1;1;1;4;4;1;;;99;99;;;;;;;;;;1;;;1
20230313;03;2023;7394191;1;1;01;41;1;93.230332574;41;1;1;2;1;1;1;1;1;3;1;1;3;2;1;1;1;1;1;3;4;;;;400000;;;;;;;;;;1;;;3
20230313;03;2023;7394192;1;1;01;41;1;121.18456793;41;1;1;2;1;1;2;1;1;3;1;1;2;1;1;1;1;1;1;4;3;;;;;150000;;1;;;;;;;;;;2
20230313;03;2023;7394193;1;1;01;41;1;171.65077849;41;1;8;1;1;1;2;1;1;3;1;1;2;1;1;1;1;1;1;4;5;;;;200000;;;1;;;;;;;;;;6
20230313;03;2023;7394194;1;1;01;41;1;140.78757671;41;1;1;2;1;1;1;1;1;3;1;1;3;2;1;1;1;1;3;3;1;;;99;400000;;;;;;;;;;1;;;2
20230313;03;2023;7394195;1;1;01;41;1;222.12840581;41;1;5;1;1;1;2;1;1;3;1;2;2;1;1;2;1;1;1;4;5;;;;80000;;;1;;;;;;;;;;5
20230313;03;2023;7394195;2;2;01;41;1;222.12840581;41;1;5;1;1;1;2;1;1;3;1;2;2;1;1;2;1;1;1;4;4;;;;50000;;;1;;;;;;;;;;6
20230313;03;2023;7394196;1;1;01;41;1;161.85291988;41;2;1;4;1;1;1;1;1;3;1;1;3;2;1;1;1;1;1;3;4;;;;300000;;;1;;;;;;;;;;4
20230313;03;2023;7394197;1;1;01;41;1;112.83334135;41;1;1;4;1;1;1;1;1;3;1;1;4;2;1;1;1;1;1;3;1;;;60000000;400000;;;1;;;;;;;;;;3
20230313;03;2023;7394199;1;1;01;41;1;242.08389105;41;1;1;4;1;3;1;1;1;3;1;1;6;4;1;1;1;1;1;3;3;;;;;800000;;;;;;;;;1;;;5
20230313;03;2023;7394200;1;1;01;41;1;98.779539942;41;1;1;4;1;1;2;1;1;3;1;1;3;2;1;1;1;1;1;4;5;;;;400000;;;;;;;;;;1;;;4
20230313;03;2023;7394201;1;1;01;41;1;137.24949989;41;1;1;4;1;1;1;1;1;3;1;1;3;3;1;1;1;1;3;3;3;;;;;200000;;;;;;;;;1;;;4
20230313;03;2023;7394202;1;1;01;41;1;96.303606794;41;1;1;2;1;1;2;1;1;3;1;1;5;2;1;1;1;1;1;4;3;;;;;350000;;1;;;;;1;;;;;2
20230313;03;2023;7394203;1;1;01;41;1;98.48835113;41;1;1;2;1;1;2;1;1;3;1;1;3;2;1;1;1;1;3;4;5;;;;150000;;;;;;;;;;1;;;3
20230313;03;2023;7394204;1;1;01;41;1;92.825349558;41;1;1;4;1;1;2;1;1;3;1;1;4;2;1;1;1;1;3;4;5;;;;300000;;;1;;;;;;;;;;3
20230313;03;2023;7394205;1;1;01;41;1;133.00359502;41;1;1;4;1;1;2;1;1;3;1;1;4;3;1;1;1;1;1;4;3;;;;;250000;;;;;;;;;1;;;5
20230313;03;2023;7394206;1;1;01;41;1;97.096759545;41;1;1;4;1;1;2;1;1;3;1;1;3;1;1;1;1;1;1;4;5;;;;400000;;;1;;;;;;;;;;2
20230313;03;2023;7394207;1;1;01;41;1;97.096759545;41;1;1;2;1;1;2;1;1;3;1;1;4;1;1;1;1;1;1;4;5;;;;250000;;;;;;;;;;1;;;2
20230313;03;2023;7394208;1;1;01;41;1;99.88408304;41;1;1;2;1;1;2;1;1;3;1;1;2;1;1;1;1;1;3;4;4;;;;300000;;;;;;;;;;1;;;1
20230313;03;2023;7394209;1;1;01;41;1;123.34734793;41;1;1;2;1;1;2;1;1;3;1;1;3;1;1;1;1;1;1;4;4;;;;300000;;;1;;;;;1;;;;;3
20230313;03;2023;7394211;1;1;01;41;1;129.4793669;41;1;1;4;1;1;1;1;1;3;1;1;3;1;1;1;1;1;1;3;1;;;98;300000;;;1;;;;;;;;;;1
20230313;03;2023;7394212;1;1;01;41;1;96.938502408;41;1;1;2;1;1;1;1;1;3;1;1;5;3;1;1;1;1;1;3;3;;;;;500000;;1;;;;;;;;;;4
20230313;03;2023;7394213;1;1;01;41;1;125.86616978;41;1;1;2;1;1;1;1;1;3;1;1;3;2;1;1;1;1;1;3;1;;;98;300000;;;1;;;;;;;;;;2
20230313;03;2023;7394214;1;1;01;41;1;148.88982478;41;1;1;4;1;1;1;1;1;3;1;1;4;2;1;1;1;1;1;3;4;;;;400000;;;1;;;;;;;;;;3
20230313;03;2023;7394215;1;1;01;41;1;104.62957694;41;1;1;2;1;1;1;1;1;3;1;1;3;2;1;1;1;1;3;3;3;;;;;400000;;;;;;;;;1;;;2
20230313;03;2023;7394217;1;1;01;41;1;163.20077284;41;1;1;4;1;1;1;1;1;3;1;1;4;3;1;1;1;1;1;3;3;;;;;300000;;1;;;;;;;;;;3
20230313;03;2023;7394218;1;1;01;41;1;152.51987477;41;1;1;4;1;1;1;1;1;3;1;1;2;1;1;1;1;1;1;3;1;;;60000000;350000;;;1;;;;;;;;;;2
20230313;03;2023;7394219;1;1;01;41;1;159.13974829;41;1;1;4;1;1;1;1;1;3;1;1;3;2;1;1;1;1;1;3;3;;;;;350000;;1;;;;;;;;;;4
20230313;03;2023;7394220;1;1;01;41;1;132.10857632;41;1;1;2;1;1;1;1;1;3;1;1;3;2;1;1;1;1;1;3;4;;;;200000;;;1;;;;;;;;;;3
20230313;03;2023;7394221;1;1;01;41;1;132.79317787;41;2;1;2;1;1;1;1;1;3;1;1;3;2;1;1;1;1;1;3;4;;;;250000;;;1;;;;;;;;;;3
20230313;03;2023;7394222;1;1;01;41;1;147.86166381;41;1;1;4;1;1;1;1;1;3;1;1;3;2;1;1;1;1;1;3;1;;;99;99;;;;;;;;;;1;;;3
20230313;03;2023;7394223;1;1;01;41;1;129.4793669;41;2;1;2;1;1;1;1;1;3;1;1;1;1;1;1;1;1;5;3;4;;;;150000;;;;;;;;;;1;;;1
20230313;03;2023;7394224;1;1;01;41;1;143.67184511;41;1;1;2;1;1;2;1;1;3;1;1;4;2;1;1;1;1;1;4;3;;;;;350000;;1;;;;;;;;;;4
20230313;03;2023;7394225;1;1;01;41;1;104.6996538;41;1;1;2;1;1;2;1;1;3;1;1;3;1;1;1;1;1;1;4;3;;;;;450000;;1;;;;;;;;;;2
20230313;03;2023;7394226;1;1;01;41;1;97.096759545;41;1;1;2;1;1;2;1;1;3;1;1;3;1;1;1;1;1;1;4;5;;;;250000;;;1;;;;;;;;;;2
20230313;03;2023;7394227;1;1;01;41;1;122.47375987;41;1;1;1;1;1;2;1;1;3;1;1;3;2;1;1;1;1;1;4;3;;;;;400000;;1;;;;;;;;;;3
20230313;03;2023;7394229;1;1;01;41;1;80.714245065;41;1;1;2;1;1;2;1;1;3;1;1;3;1;1;1;1;1;1;4;5;;;;300000;;;;;;;;;;1;;;2
20230313;03;2023;7394230;1;1;01;41;1;104.62957694;41;1;1;4;1;1;1;1;1;3;1;1;4;2;1;1;1;1;1;3;1;;;120000000;400000;;;1;;;;;1;;;;;2
20230313;03;2023;7394231;1;1;01;41;1;100.99952696;41;2;1;4;1;1;1;1;1;3;1;1;4;2;1;1;1;1;3;3;1;;;99;600000;;;1;;;;;1;;;;;3
20230313;03;2023;7394232;1;1;01;41;1;163.20077284;41;1;1;4;1;1;1;1;1;3;1;1;4;2;1;1;1;1;1;3;3;;;;;400000;;1;;;;1;;;;;;3
20230313;03;2023;7394233;1;1;01;41;1;104.62957694;41;1;1;2;1;1;1;1;1;3;1;1;4;1;1;1;1;1;1;3;1;;;100000000;300000;;;1;;;;1;;;;;;2
20230313;03;2023;7394234;1;1;01;41;1;104.62957694;41;1;1;4;1;1;1;1;1;3;1;1;4;2;1;1;1;1;3;3;4;;;;500000;;;1;;;;;1;;;;;2
20230313;03;2023;7394235;1;1;01;41;1;130.85230735;41;2;1;4;1;1;1;1;1;3;1;1;3;1;1;1;1;1;3;3;3;;;;;400000;;1;;;;;;;;;;2
20230313;03;2023;7394236;1;1;01;41;1;186.2412807;41;2;1;4;1;1;1;1;1;3;1;1;2;1;1;1;1;1;1;3;3;;;;;320000;;1;;;;;;;;;;4
20230313;03;2023;7394237;1;1;01;41;1;133.24100529;41;2;1;4;1;1;1;1;1;3;1;1;4;2;1;1;1;1;3;3;3;;;;;500000;;1;;;;;1;;;;;3
20230313;03;2023;7394238;1;1;01;41;1;116.69910685;41;2;1;4;1;1;1;1;1;3;1;1;4;3;1;1;1;1;3;3;3;;;;;500000;;1;;;;;;;;;;4
20230313;03;2023;7394239;1;1;01;41;1;128.45120593;41;1;1;4;1;1;1;1;1;3;1;1;4;1;1;1;1;1;1;3;4;;;;400000;;;1;;;;;;;;;;1
20230313;03;2023;7394240;1;1;01;41;1;158.33130674;41;2;1;2;1;1;1;1;1;3;1;1;3;2;1;1;1;1;1;3;3;;;;;360000;;1;;;;;;;;;;3
20230313;03;2023;7394242;1;1;01;41;1;73.893067682;41;2;1;4;1;2;1;1;1;3;1;1;4;2;1;1;1;1;1;3;3;;;;;500000;;1;;;;;1;;;;;2
20230313;03;2023;7394243;1;1;01;41;1;130.85230735;41;2;1;4;1;1;1;1;1;3;1;1;2;1;1;1;1;1;3;3;3;;;;;300000;;1;;;;;;;;;;2
20230313;03;2023;7394244;1;1;01;41;1;321.21207371;41;1;1;4;1;3;1;1;1;3;1;1;4;3;1;1;1;1;1;3;3;;;;;900000;;1;;;;;;;;;;4
20230313;03;2023;7394245;1;1;01;41;1;179.36498903;41;1;1;4;1;3;1;1;1;3;1;1;4;3;1;1;1;1;1;3;3;;;;;900000;;1;;;;;;;;;;2
20230313;03;2023;7394246;1;1;01;41;1;266.61694486;41;1;1;4;1;3;1;1;1;3;1;1;3;3;1;1;1;1;3;3;1;;;18000000;800000;;;1;;;;;;;;;;5
20230313;03;2023;7394248;1;1;01;41;1;231.27999754;41;1;1;4;1;3;1;1;1;3;1;1;4;1;1;1;1;1;1;3;4;;;;700000;;;1;;;;;;;;;;1
20230313;03;2023;7394249;1;1;01;41;1;215.77057677;41;1;1;4;1;3;1;1;1;3;1;1;3;1;1;1;1;1;1;3;4;;;;99;;;1;;;;;;;;;;2
20230313;03;2023;7394250;1;1;01;41;1;316.9593283;41;1;1;4;1;3;1;1;1;3;1;1;6;4;1;1;1;1;1;3;1;;;98;900000;;;1;;;;;;;;;;5
20230313;03;2023;7394253;1;1;01;44;1;39.867889125;44;1;1;4;1;1;1;1;1;3;1;1;3;1;1;1;1;1;1;3;1;;;90000000;350000;;;1;;;;;;;;;;2
20230313;03;2023;7394254;1;1;01;44;1;65.261504466;44;1;1;2;1;1;1;1;1;3;1;1;4;3;1;1;1;1;1;3;3;;;;;350000;;;;;;;;;1;;;9
20230313;03;2023;7394255;1;1;01;44;1;54.704075737;44;1;1;2;1;1;1;1;1;3;1;1;2;1;1;1;1;1;1;3;1;;;30000000;150000;;;;;;;;;;1;;;1
20230313;03;2023;7394256;1;1;01;44;1;48.146117715;44;2;1;4;1;1;1;1;1;3;1;1;4;3;1;1;1;1;1;3;1;;;70000000;400000;;;;;;;;;;1;;;4
20230313;03;2023;7394257;1;1;01;44;1;60.032865245;44;2;1;2;1;1;1;1;1;3;1;1;3;2;1;1;1;1;1;3;3;;;;;400000;;1;;;;;;;;;;2
20230313;03;2023;7394258;1;1;01;44;1;61.054685144;44;2;1;4;1;1;1;1;1;3;1;1;3;2;1;1;1;1;1;3;3;;;;;420000;;1;;;;;;;;;;4
20230313;03;2023;7394259;1;1;01;44;1;76.060155519;44;1;1;4;1;1;1;1;1;3;1;1;2;1;1;1;1;10;1;3;1;;;50000000;500000;;;1;;;;;1;;;;;4
20230313;03;2023;7394260;1;1;01;44;1;65.639129219;44;3;1;2;1;2;1;1;1;3;1;1;1;1;1;1;1;1;1;3;3;;;;;250000;;;;;;;;;1;;;1
20230313;03;2023;7394261;1;1;01;44;1;97.791628525;44;2;1;2;1;2;1;1;1;3;1;1;3;2;1;1;1;1;3;3;3;;;;;350000;;;;;;;;;1;;;4
20230313;03;2023;7394262;1;1;01;44;1;51.052656059;44;2;1;2;1;1;1;1;1;3;1;1;3;1;1;1;1;1;1;3;4;;;;300000;;;1;;;;;;;;;;1
20230313;03;2023;7394263;1;1;01;44;1;76.060155519;44;1;1;2;1;1;1;1;1;3;1;1;3;2;1;1;1;10;1;3;3;;;;;300000;;;;;;;;;1;;;4
20230313;03;2023;7394264;1;1;01;44;1;83.762547015;44;3;1;2;1;2;2;1;1;3;1;1;1;1;1;1;1;10;6;;3;;;;;300000;;;;;;;;;1;;;3
20230313;03;2023;7394265;1;1;01;44;1;60.488628457;44;1;1;4;1;2;1;1;1;3;1;1;4;3;1;1;1;1;1;3;3;;;;;400000;;;;;;;;;1;;;4
20230313;03;2023;7394266;1;1;01;44;1;87.024423596;44;3;1;2;1;2;2;1;1;3;1;1;1;1;1;1;1;10;6;;3;;;;;300000;;;;;;;;;1;;;1
20230313;03;2023;7394267;1;1;01;44;1;76.669907803;44;3;1;2;1;2;1;1;1;3;1;1;1;1;1;1;1;1;1;3;3;;;;;250000;;;;;;;;;1;;;2
20230313;03;2023;7394268;1;1;01;44;1;95.481431221;44;2;1;4;1;2;1;1;1;3;1;1;3;2;1;1;1;1;1;3;3;;;;;500000;;1;;;;;;;;;;3
20230313;03;2023;7394269;1;1;01;44;1;83.749649131;44;2;1;2;1;2;1;1;1;3;1;1;4;3;1;1;1;1;1;3;3;;;;;550000;;;;;;;;;1;;;5
20230313;03;2023;7394270;1;1;01;44;1;95.637628134;44;2;1;2;1;2;1;1;1;3;1;1;3;2;1;1;1;1;3;3;3;;;;;350000;;;;;;;;;1;;;4
20230313;03;2023;7394271;1;1;01;44;1;47.84146695;44;2;1;4;1;2;1;1;1;3;1;1;3;1;1;1;1;1;1;3;1;;;200000000;500000;;;1;;;;;;;;;;2
20230313;03;2023;7394272;1;1;01;44;1;81.45234971;44;2;1;4;1;2;1;1;1;3;1;1;3;2;1;1;1;10;1;3;3;;;;;400000;;1;;;;;1;;;;;2
20230313;03;2023;7394273;1;1;01;44;1;107.33787092;44;1;1;2;1;1;2;1;1;3;1;1;2;1;1;1;1;1;1;5;3;;;;;200000;;;;;;;;;1;;;2
20230313;03;2023;7394274;1;1;01;44;1;91.379498509;44;1;1;4;1;1;1;1;1;3;1;1;4;3;1;1;1;1;1;3;4;;;;300000;;;;;;;;;;1;;;4
20230313;03;2023;7394275;1;1;01;44;1;59.39726823;44;2;1;4;1;1;1;1;1;3;1;1;3;2;1;1;1;10;1;3;3;;;;;300000;;;;;;;;;1;;;2
20230313;03;2023;7394276;1;1;01;44;1;89.758267062;44;2;1;4;1;1;1;1;1;3;1;1;3;2;1;1;1;1;1;3;1;;;99;400000;;;;;;;;;;1;;;6
20230313;03;2023;7394278;1;1;01;44;1;78.178377214;44;2;1;4;1;2;1;1;1;3;1;1;3;2;1;1;1;1;1;3;3;;;;;400000;;1;;;;;;;;;;3
20230313;03;2023;7394279;1;1;01;44;1;91.272186623;44;1;1;2;1;2;1;1;1;3;1;1;3;2;1;1;1;1;1;3;4;;;;200000;;;1;;;;;;;;;;4
20230313;03;2023;7394280;1;1;01;44;1;45.875982076;44;1;1;2;1;2;1;1;1;3;1;1;4;3;1;1;1;1;1;3;4;;;;700000;;;;;;;;;;1;;;6
20230313;03;2023;7394281;1;1;01;44;1;58.714527621;44;2;1;4;1;1;1;1;1;3;1;1;3;1;1;1;1;1;1;3;1;;;130000000;600000;;;;;;;;;;1;;;2
20230313;03;2023;7394282;1;1;01;44;1;144.97465168;44;1;5;1;1;1;1;1;1;3;1;1;3;2;1;1;1;1;1;3;4;;;;250000;;;;;;;;;;1;;;7
20230313;03;2023;7394283;1;1;01;44;1;87.205290444;44;1;1;2;1;1;1;1;1;3;1;1;3;2;1;1;1;1;1;3;5;;;;200000;;;;;;;;;;1;;;3
20230313;03;2023;7394284;1;1;01;44;1;97.13498534;44;1;1;2;1;1;1;1;1;3;1;1;3;2;1;1;1;1;1;3;3;;;;;300000;;1;;;;;;;;;;4
20230313;03;2023;7394285;1;1;01;44;1;121.83419303;44;2;1;4;1;1;1;1;1;3;1;1;3;2;1;1;1;1;1;3;3;;;;;250000;;1;;;;;;;;;;1
20230313;03;2023;7394286;1;1;01;44;1;78.166339189;44;2;1;4;1;2;1;1;1;3;1;1;3;2;1;1;1;10;1;3;3;;;;;450000;;1;;;;;;;;;;5
20230313;03;2023;7394287;1;1;01;44;1;89.116002472;44;1;1;4;1;2;1;1;1;3;1;1;2;1;1;1;1;10;3;3;3;;;;;700000;;1;;;;;;;;;;3
20230313;03;2023;7394288;1;1;01;44;1;84.652390026;44;2;1;4;1;2;1;1;1;3;1;1;2;1;1;1;1;10;3;3;3;;;;;570000;;1;;;;;;;;;;3
20230313;03;2023;7394289;1;1;01;44;1;89.116002472;44;1;1;4;1;2;1;1;1;3;1;1;3;2;1;1;1;10;1;3;3;;;;;550000;;;;;;;;;1;;;3
20230313;03;2023;7394290;1;1;01;44;1;85.174843235;44;2;1;4;1;1;1;1;1;3;1;1;3;2;1;1;1;10;1;3;3;;;;;300000;;;;;;;;;1;;;4
20230313;03;2023;7394291;1;1;01;44;1;123.96298449;44;1;1;4;1;1;1;1;1;3;1;1;3;2;1;1;1;1;1;3;3;;;;;400000;;1;;;;;;;;;;3
20230313;03;2023;7394292;1;1;01;44;1;36.093172309;44;1;1;4;1;2;1;1;1;3;1;1;4;2;1;1;1;1;1;3;1;;;120000000;400000;;;1;;;;;;;;;;3
20230313;03;2023;7394293;1;1;01;44;1;143.38502293;44;1;1;4;1;1;1;1;1;3;1;1;3;2;1;1;1;1;1;3;2;;800000;99;500000;;;1;;;;;;;;;;3
20230313;03;2023;7394294;1;1;01;44;1;48.515640941;44;2;1;4;1;1;1;1;1;3;1;1;3;2;1;1;1;1;1;3;5;;;;350000;;;1;;;;;;;;;;3
20230313;03;2023;7394295;1;1;01;44;1;58.571981727;44;1;1;4;1;1;1;1;1;3;1;1;4;3;1;1;1;1;1;3;1;;;99;500000;;;1;;;;;;;;;;5
20230313;03;2023;7394296;1;1;01;44;1;60.652748058;44;2;1;4;1;1;1;1;1;3;1;1;5;3;1;1;1;1;1;3;5;;;;400000;;;1;;;;;;;;;;5
20230313;03;2023;7394297;1;1;01;44;1;110.55409011;44;1;4;1;1;1;2;2;1;3;1;1;2;1;2;1;1;1;5;5;4;;;;100000;;;;;;;;;;1;;;5
20230313;03;2023;7394298;1;1;01;44;1;60.949720819;44;2;1;4;1;1;1;1;1;3;1;1;3;2;1;1;1;1;1;3;3;;;;;350000;;1;;;;;;;;;;3
20230313;03;2023;7394299;1;1;01;44;1;91.894780906;44;1;8;1;1;1;2;2;1;3;1;1;2;1;2;1;1;1;5;5;5;;;;100000;;;;;;;;;;1;;;1
20230313;03;2023;7394300;1;1;01;44;1;84.652390026;44;2;1;4;1;2;1;1;1;3;1;1;3;1;1;1;1;10;1;3;3;;;;;700000;;1;;;;;1;;;;;3
20230313;03;2023;7394301;1;1;01;44;1;69.402396465;44;2;1;4;1;2;1;1;1;3;1;1;3;1;1;1;1;10;1;3;3;;;;;98;;1;;;;;1;;;;;1
20230313;03;2023;7394302;1;1;01;44;1;58.452733182;44;2;1;2;1;2;1;1;1;3;1;1;2;1;1;1;1;1;1;3;3;;;;;80000;;;;;;;;;1;;;3
20230313;03;2023;7394303;1;1;01;44;1;102.17542188;44;1;1;2;1;1;2;2;1;3;1;1;1;1;2;1;1;1;5;5;5;;;;50000;;;;;;;;;;1;;;2
20230313;03;2023;7394304;1;1;01;44;1;112.19478187;44;1;1;4;1;1;1;1;1;3;1;1;3;2;1;1;1;1;1;3;1;;;120000000;550000;;;1;;;;;;;;;;5
20230313;03;2023;7394305;1;1;01;44;1;74.784202805;44;2;1;4;1;1;1;1;1;3;1;1;3;2;1;1;1;1;1;3;3;;;;;380000;;1;;;;;;;;;;3
20230313;03;2023;7394306;1;1;01;44;1;50.471403522;44;1;1;2;1;1;1;1;1;3;1;1;3;2;1;1;1;1;1;3;3;;;;;250000;;;;;;;;;1;;;3
20230313;03;2023;7394307;1;1;01;44;1;36.093172309;44;2;1;4;1;1;1;1;1;3;1;1;3;2;1;1;1;1;1;3;3;;;;;450000;;;;;;;;;1;;;7
20230313;03;2023;7394309;1;1;01;44;1;65.644890885;44;1;1;4;1;1;1;1;1;3;1;1;3;2;1;1;1;1;1;3;4;;;;500000;;;;;;;;;;1;;;1
20230313;03;2023;7394310;1;1;01;44;1;95.511758442;44;1;1;2;1;1;1;1;1;3;1;1;2;1;1;1;1;10;1;3;3;;;;;200000;;1;;;;;1;;;;;2
20230313;03;2023;7394311;1;1;01;44;1;95.511758442;44;2;1;4;1;1;1;1;1;3;1;1;3;1;1;1;1;10;1;3;3;;;;;550000;;1;;;;;1;;;;;2
20230313;03;2023;7394312;1;1;01;44;1;81.222795356;44;1;1;4;1;1;1;1;1;3;1;1;4;3;1;1;1;1;1;3;4;;;;500000;;;1;;;;;;;;;;1
20230313;03;2023;7394313;1;1;01;44;1;54.343102181;44;2;1;4;1;2;1;1;1;3;1;1;5;4;1;1;1;10;1;3;1;;;80000000;700000;;;1;;;;;1;;;;;4
20230313;03;2023;7394315;1;1;01;44;1;99.682521573;44;1;1;2;1;1;1;1;1;3;1;1;2;1;1;1;1;1;1;6;4;;;;150000;;;1;;;;;;;;;;1
20230313;03;2023;7394316;1;1;01;44;1;49.992185914;44;2;1;4;1;1;1;1;1;3;1;1;3;2;1;1;1;1;1;3;3;;;;;400000;;1;;;;;;;;;;4
20230313;03;2023;7394317;1;1;01;44;1;81.222795356;44;1;1;2;1;2;2;1;1;3;1;1;2;1;1;1;1;10;4;4;3;;;;;250000;;;;;;;;;1;;;1
20230313;03;2023;7394318;1;1;01;44;1;63.553532984;44;1;1;2;1;2;1;1;1;3;1;3;3;2;1;2;1;1;1;3;3;;;;;150000;;1;;;;;;;;;;5
20230313;03;2023;7394318;2;2;01;44;1;63.553532984;44;1;1;2;1;2;1;1;1;3;1;3;2;1;1;2;1;1;1;3;3;;;;;150000;;1;;;;;;;;;;3
20230313;03;2023;7394318;3;3;01;44;1;63.553532984;44;1;1;2;1;2;1;1;1;3;1;3;1;1;1;2;1;1;1;3;3;;;;;100000;;1;;;;;;;;;;1
20230313;03;2023;7394319;1;1;01;44;1;94.624109588;44;1;1;4;1;1;1;1;1;3;1;1;3;2;1;1;1;1;1;3;1;;;90000000;500000;;;1;;;;1;1;;;;;4
20230313;03;2023;7394320;1;1;01;44;1;51.598972531;44;2;1;2;1;2;2;1;1;3;1;1;1;1;1;1;1;1;6;;3;;;;;80000;;1;;;;;;;;;;2
20230313;03;2023;7394321;1;1;01;44;1;53.960358369;44;2;1;2;1;1;1;1;1;3;1;1;3;2;1;1;1;1;1;3;3;;;;;400000;;1;;;;;;;;;;3
20230313;03;2023;7394322;1;1;01;44;1;64.16352178;44;2;1;2;1;1;1;1;1;3;1;1;3;2;1;1;1;1;1;3;3;;;;;400000;;;;;;;;;1;;;3
20230313;03;2023;7394323;1;1;01;44;1;96.63743115;44;2;1;4;1;2;1;1;1;3;1;1;2;1;1;1;1;1;1;3;3;;;;;450000;;;;;;;;;1;;;5
20230313;03;2023;7394324;1;1;01;44;1;149.77837471;44;1;1;4;1;3;1;1;1;3;1;1;4;3;1;1;1;1;1;3;4;;;;500000;;;1;;;;;;;;;;7
20230313;03;2023;7394325;1;1;01;44;1;95.102165385;44;2;1;2;1;2;1;1;1;3;1;1;2;1;1;1;1;1;1;3;3;;;;;150000;;1;;;;;;;;;;2
20230313;03;2023;7394326;1;1;01;44;1;135.37132559;44;2;1;4;1;3;1;1;1;3;1;1;2;1;1;1;1;1;1;3;3;;;;;450000;;1;;;;;;;;;;1
20230313;03;2023;7394327;1;1;01;44;1;78.933783922;44;3;1;4;1;2;1;1;1;3;1;1;1;1;1;1;1;1;1;3;5;;;;300000;;;1;;;;;;;;;;2
20230313;03;2023;7394328;1;1;01;44;1;77.411270238;44;1;1;4;1;1;1;1;1;3;1;1;4;3;1;1;1;1;1;3;4;;;;400000;;;1;;;;;;;;;;5
20230313;03;2023;7394330;1;1;01;44;1;99.682521573;44;2;1;4;1;1;1;1;1;3;1;1;3;1;1;1;1;1;1;3;4;;;;800000;;;1;;;;;;;;;;1
20230313;03;2023;7394331;1;1;01;44;1;83.329418502;44;1;1;4;1;3;1;1;1;3;1;1;4;3;1;1;1;1;1;3;1;;;99;800000;;;1;;;;;;;;;;3
20230313;03;2023;7394332;1;1;01;44;1;130.29729536;44;2;1;4;1;3;1;1;1;3;1;1;3;2;1;1;1;1;1;3;3;;;;;500000;;;;;;;;;1;;;3
20230313;03;2023;7394333;1;1;01;44;1;65.644890885;44;2;1;4;1;2;1;1;1;3;1;1;5;1;1;1;1;1;1;3;1;;;300000000;2000000;;;1;;;;;;;;;;1
20230313;03;2023;7394335;1;1;01;44;1;52.186918031;44;1;1;2;1;2;1;1;1;3;1;1;5;3;1;1;1;1;1;3;4;;;;400000;;;1;;;;;;;;;;3
20230313;03;2023;7394336;1;1;01;44;1;98.467336327;44;1;1;2;1;1;2;2;1;3;1;1;2;1;2;2;1;1;1;4;4;;;;300000;;;;;;;;;;1;;;1
20230313;03;2023;7394337;1;1;01;44;1;143.38502293;44;1;5;1;1;1;2;2;1;3;1;1;2;1;2;1;1;1;1;4;3;;;;;50000;;;;;;;;;1;;;3
20230313;03;2023;7394338;1;1;01;44;1;106.84600456;44;2;1;2;1;1;2;2;1;3;1;1;3;2;2;1;1;1;1;4;3;;;;;150000;;;;;;;;;1;;;4
20230313;03;2023;7394340;1;1;01;44;1;74.164574293;44;3;1;4;1;2;1;1;1;3;1;1;1;1;1;1;1;1;1;3;3;;;;;350000;;;;;;;;;1;;;4
20230313;03;2023;7394341;1;1;01;44;1;69.402396465;44;2;1;4;1;2;1;1;1;3;1;1;2;1;1;1;1;1;1;3;3;;;;;350000;;1;;;;;;;;;;1
20230313;03;2023;7394342;1;1;01;44;1;65.644890885;44;1;1;2;1;2;1;1;1;3;1;1;4;1;1;1;1;1;1;3;1;;;90000000;500000;;;1;;;;;;;;;;1
20230313;03;2023;7394343;1;1;01;44;1;115.67066078;44;2;1;4;1;3;1;1;1;3;1;1;3;2;1;1;1;1;1;3;3;;;;;500000;;1;;;;;;;;;;1
20230313;03;2023;7394344;1;1;01;44;1;79.735778251;44;1;1;4;1;3;1;1;1;3;1;1;4;3;1;1;1;1;1;3;5;;;;600000;;;;;;;;;;1;;;2
20230313;03;2023;7394346;1;1;01;44;1;129.9731666;44;1;1;4;1;3;1;1;1;3;1;1;3;2;1;1;1;1;1;3;3;;;;;1200000;;1;;;;;;;;;;4
20230313;03;2023;7394347;1;1;01;44;1;137.49367646;44;2;1;4;1;3;1;1;1;3;1;1;3;2;1;1;1;1;1;3;3;;;;;400000;;1;;;;;;;;;;2
20230313;03;2023;7394348;1;1;01;44;1;126.97858504;44;2;1;4;1;1;1;1;1;3;1;1;3;2;1;1;1;1;1;3;3;;;;;500000;;1;;;;;;;;;;3
20230313;03;2023;7394349;1;1;01;44;1;107.33787092;44;2;1;2;1;1;2;1;1;3;1;1;2;1;1;1;1;1;1;1;4;;;;200000;;;;;;;;;;1;;;2
20230313;03;2023;7394350;1;1;01;44;1;57.161875348;44;1;1;2;1;1;1;1;1;3;1;1;4;3;1;1;1;1;1;3;4;;;;400000;;;1;;;;;;;;;;5
20230313;03;2023;7394351;1;1;01;44;1;119.26430103;44;2;1;4;1;3;1;1;1;3;1;1;3;2;1;1;1;1;1;3;3;;;;;500000;;;;;;;1;;;;;2
20230313;03;2023;7394352;1;1;01;44;1;99.682521573;44;2;1;4;1;1;1;1;1;3;1;1;3;1;1;1;1;10;1;3;3;;;;;450000;;;;;;;;;1;;;1
20230313;03;2023;7394353;1;1;01;44;1;83.410174588;44;2;1;4;1;1;1;1;1;3;1;1;3;2;1;1;1;1;1;3;3;;;;;200000;;1;;;;;;;;;;5
20230313;03;2023;7394354;1;1;01;44;1;55.980676145;44;1;1;4;1;1;1;1;1;3;1;1;4;2;1;1;1;1;1;3;1;;;80000000;400000;;;;;;;;;;1;;;2
20230313;03;2023;7394355;1;1;01;44;1;81.222795356;44;1;1;4;1;1;1;1;1;3;1;1;3;1;1;1;1;1;1;3;3;;;;;500000;;1;;;;;;;;;;1
20230312;03;2023;7394357;1;1;01;47;1;177.16562177;47;1;1;4;1;6;1;1;1;3;1;1;4;2;1;1;1;1;1;3;1;;;98;1500000;;;1;;;;;;;;;;2
20230312;03;2023;7394358;1;1;01;47;1;208.51465951;47;1;1;4;1;6;1;1;1;3;1;1;4;1;1;1;1;1;1;3;1;;;1000000000;5000000;;;1;;;;;;;;;;1
20230313;03;2023;7394359;1;1;01;47;1;268.86377627;47;1;1;4;1;3;1;1;1;3;1;1;5;4;1;1;1;10;1;3;6;;;;1000000;;;1;;;;1;1;;;;;4
20230312;03;2023;7394360;1;1;01;47;1;248.10413029;47;1;1;4;1;6;1;1;1;3;1;1;2;1;2;1;1;1;1;3;7;ESTAN CUIIDANDO;;;400000;;;;;;;;;;1;;;2
20230313;03;2023;7394361;1;1;01;47;1;140.12151775;47;1;1;4;1;3;1;1;1;3;1;1;4;2;1;1;1;10;1;3;1;;;250000000;1000000;;;1;;;;1;;;;;;3
20230313;03;2023;7394362;1;1;01;47;1;246.70413439;47;1;1;4;1;3;1;1;1;3;1;1;4;3;1;1;1;1;1;3;1;;;240000000;700000;;;1;;;;;;;;;;5
20230313;03;2023;7394363;1;1;01;47;1;171.29917972;47;1;1;4;1;3;1;1;1;3;1;1;4;3;1;1;1;10;1;3;1;;;220000000;800000;;;1;;;;;;;;;;4
20230313;03;2023;7394364;1;1;01;47;1;157.96565115;47;1;1;4;1;3;1;1;1;3;1;1;3;1;1;1;1;1;1;3;4;;;;550000;;;;;;;;;;1;;;1
20230313;03;2023;7394371;1;1;01;47;1;288.49566085;47;1;1;4;1;4;1;1;1;3;1;1;3;2;1;1;1;1;1;3;1;;;320000000;1500000;;;1;;;;;1;;;;;3
20230313;03;2023;7394374;1;1;01;47;1;368.70878811;47;1;1;4;1;4;1;1;1;3;1;1;4;2;1;1;1;10;1;3;1;;;99;1000000;;;1;;;;;;;;;;5
20230313;03;2023;7394375;1;1;01;47;1;238.78645899;47;2;1;4;1;4;1;1;1;3;1;1;4;1;1;1;1;10;1;3;3;;;;;1400000;;1;;;;;;;;;;1
20230313;03;2023;7394376;1;1;01;47;1;187.29535599;47;1;1;4;1;3;1;1;1;3;1;1;3;2;1;1;1;1;1;3;3;;;;;1000000;;1;;;;;;;;;;2
20230313;03;2023;7394377;1;1;01;47;1;129.62412547;47;1;1;4;1;3;1;1;1;3;1;1;5;3;1;1;1;10;1;3;1;;;180000000;700000;;;1;;;;;;;;;;4
20230313;03;2023;7394378;1;1;01;47;1;169.45122259;47;1;1;4;1;3;1;1;1;3;1;1;4;3;1;1;1;1;1;3;3;;;;;700000;;1;;;;;;;;;;4
20230313;03;2023;7394379;1;1;01;47;1;164.81991327;47;2;1;2;1;2;1;1;1;3;1;1;2;1;1;1;1;1;3;3;3;;;;;400000;;1;;;;;;;;;;2
20230313;03;2023;7394380;1;1;01;47;1;426.76116478;47;1;1;4;1;1;1;2;1;3;2;1;2;1;2;1;1;10;1;3;3;;;;;300000;;;;;;;;;1;;;2
20230313;03;2023;7394381;1;1;01;47;1;187.29535599;47;1;1;4;1;3;1;1;1;3;1;1;4;3;1;1;1;10;1;3;3;;;;;700000;;1;;;;;;;;;;2
20230313;03;2023;7394382;1;1;01;47;1;357.78478985;47;1;1;4;1;1;1;2;1;3;2;1;5;2;2;1;1;10;1;3;4;;;;500000;;;;;;;;;;1;;;5
20230313;03;2023;7394383;1;1;01;47;1;166.844931;47;2;1;4;1;1;1;1;1;3;1;1;2;1;1;1;1;1;1;3;3;;;;;400000;;1;;;;;;;;;;4
20230313;03;2023;7394384;1;1;01;47;1;164.79925563;47;2;1;2;1;1;1;1;1;3;1;1;3;2;1;1;1;1;1;3;4;;;;600000;;;1;;;;;;;;;;3
20230313;03;2023;7394386;1;1;01;47;1;148.31933006;47;2;1;4;1;2;1;1;1;3;1;1;3;2;1;1;1;1;3;3;3;;;;;480000;;1;;;;;;;;;;3
20230313;03;2023;7394387;1;1;01;47;1;286.74939545;47;1;1;2;1;1;1;2;1;3;2;1;2;2;2;1;1;10;1;3;4;;;;250000;;;;;;;;;;1;;;4
20230313;03;2023;7394388;1;1;01;47;1;183.78083725;47;1;1;4;1;1;1;1;1;3;1;1;2;1;1;1;1;1;1;3;5;;;;600000;;;1;;;;;;;;;;2
20230313;03;2023;7394389;1;1;01;47;1;257.89226537;47;1;1;2;1;1;1;1;1;3;1;1;3;2;1;1;1;1;1;3;3;;;;;600000;;;;;;;;;1;;;3
20230313;03;2023;7394390;1;1;01;47;1;394.30740378;47;1;1;2;1;1;1;2;1;3;2;1;4;2;2;1;1;10;1;3;3;;;;;300000;;1;;;;;;;;;;5
20230313;03;2023;7394392;1;1;01;47;1;231.17835294;47;2;1;4;1;2;1;1;1;3;1;1;3;2;1;1;1;1;1;3;4;;;;400000;;;;;;;;;;1;;;5
20230313;03;2023;7394393;1;1;01;47;1;216.76241421;47;2;1;4;1;2;1;1;1;3;1;1;3;2;1;1;1;1;3;3;3;;;;;4000000;;1;;;;;;;;;;4
20230313;03;2023;7394394;1;1;01;47;1;132.1960159;47;1;1;4;1;2;1;1;1;3;1;1;4;3;1;1;1;1;1;3;1;;;70000000;400000;;;;;;;;;;1;;;3
20230313;03;2023;7394395;1;1;01;47;1;238.52854463;47;2;1;4;1;1;1;1;1;3;1;1;3;2;1;1;1;1;1;3;4;;;;600000;;;1;;;;;;;;;;4
20230313;03;2023;7394397;1;1;01;47;1;209.97494084;47;1;1;2;1;1;1;1;1;3;1;1;4;2;1;1;1;1;1;3;5;;;;500000;;;1;;;;;;;;;;4
20230313;03;2023;7394399;1;1;01;47;1;144.19118645;47;1;1;4;1;1;1;1;1;3;1;1;3;2;1;1;1;1;1;3;5;;;;450000;;;;;;;;;;1;;;2
20230313;03;2023;7394400;1;1;01;47;1;262.88902568;47;2;1;4;1;1;1;1;1;3;1;1;3;2;1;1;1;1;1;3;3;;;;;500000;;1;;;1;;;;;;;4
20230313;03;2023;7394401;1;1;01;47;1;427.67069658;47;1;1;4;1;3;1;1;1;3;1;1;4;3;1;1;1;1;1;3;5;;;;500000;;;;;;;;;;1;;;3
20230313;03;2023;7394402;1;1;01;47;1;367.59276438;47;2;1;4;1;3;1;1;1;3;1;1;5;3;1;1;1;1;1;3;3;;;;;650000;;1;;;;;;;;;;4
20230313;03;2023;7394404;1;1;01;47;1;209.34486215;47;1;1;4;1;3;1;1;1;3;1;1;3;2;1;1;1;1;1;3;1;;;1300000000;600000;;;1;;;;1;1;;;;;2
20230313;03;2023;7394405;1;1;01;47;1;269.64881524;47;1;1;4;1;3;1;1;1;3;1;1;3;2;1;1;1;1;3;3;2;;350000;98;400000;;;1;;;;;;;;;;4
20230313;03;2023;7394407;1;1;01;47;1;173.76221626;47;1;1;4;1;3;1;1;1;3;1;1;3;1;1;1;1;1;1;3;1;;;70000000;600000;;;1;;;;;;;;;;1
20230313;03;2023;7394408;1;1;01;47;1;212.24686619;47;2;1;4;1;3;1;1;1;3;1;1;2;1;1;1;1;1;1;3;3;;;;;500000;;;;;;;;;1;;;1
20230313;03;2023;7394409;1;1;01;47;1;304.63523847;47;1;1;2;1;1;2;1;1;3;1;1;3;2;1;1;1;2;3;1;5;;;;400000;;;;;;;;;;1;;;3
20230313;03;2023;7394410;1;1;01;47;1;192.17637529;47;1;1;4;1;3;1;1;1;3;1;1;3;2;1;1;1;1;3;3;1;;;98;1000000;;;1;;;;;;;;;;2
20230313;03;2023;7394412;1;1;01;47;1;251.51621754;47;2;1;4;1;3;1;1;1;3;1;1;4;1;1;1;1;1;1;3;3;;;;;700000;;1;;;;;;;;;;1
20230313;03;2023;7394414;1;1;01;47;1;182.45032707;47;1;1;2;1;1;2;1;1;3;1;1;2;1;1;1;1;2;4;4;5;;;;300000;;;;;;;;;;1;;;1
20230313;03;2023;7394415;1;1;01;47;1;206.75344191;47;1;1;4;1;3;1;1;1;3;1;1;3;1;1;1;1;1;1;3;1;;;150000000;600000;;;1;;;;;;;;;;2
20230313;03;2023;7394416;1;1;01;47;1;276.42602795;47;2;1;4;1;3;1;1;1;3;1;1;4;2;1;1;1;1;3;3;3;;;;;800000;;1;;;;;;;;;;3
20230313;03;2023;7394417;1;1;01;47;1;146.50658957;47;2;1;2;1;3;1;1;1;3;1;1;1;1;1;1;1;1;2;3;3;;;;;250000;;1;;;;;;;;;;2
20230313;03;2023;7394419;1;1;01;47;1;196.25973106;47;1;1;4;1;3;1;1;1;3;1;1;4;3;1;1;1;10;1;3;1;;;99;500000;;;1;;;;;1;;;;;4
20230313;03;2023;7394420;1;1;01;47;1;271.95020003;47;1;1;4;1;4;1;1;1;3;1;1;5;3;1;1;1;1;1;3;1;;;250000000;1200000;;;1;;;;;;;;;;5
20230313;03;2023;7394421;1;1;01;47;1;453.96006133;47;1;1;4;1;3;1;1;1;3;1;1;5;4;1;1;1;1;1;3;2;;1900000;260000000;1200000;;1;1;;1;;;1;;;;;5
20230313;03;2023;7394422;1;1;01;47;1;404.47322285;47;1;1;4;1;3;1;1;1;3;1;1;4;3;1;1;1;10;1;3;4;;;;1500000;;;1;;;;;;;;;;4
20230313;03;2023;7394423;1;1;01;47;1;133.99402503;47;1;1;4;1;3;1;1;1;3;1;1;4;3;1;1;1;2;6;;1;;;95000000;600000;;;;;;;;;;1;;;4
20230313;03;2023;7394424;1;1;01;47;1;195.64209156;47;1;1;4;1;4;1;1;1;3;1;1;3;2;1;1;1;1;1;3;1;;;160000000;800000;;;1;;;;;;;;;;2
20230313;03;2023;7394426;1;1;01;47;1;162.21508476;47;1;1;4;1;4;1;1;1;3;1;1;3;1;1;1;1;1;1;3;3;;;;;1300000;;1;;;;;;;;;;2
20230313;03;2023;7394427;1;1;01;47;1;209.0548267;47;1;1;4;1;4;1;1;1;3;1;1;5;2;1;1;1;1;1;3;1;;;99;1200000;;;1;;;;;;;;;;3
20230313;03;2023;7394428;1;1;01;47;1;247.95744315;47;1;1;4;1;4;1;1;1;3;1;1;5;3;1;1;1;1;1;3;1;;;280000000;1200000;;;1;;;;;;;;;;4
20230313;03;2023;7394429;1;1;01;47;1;257.13757289;47;1;1;4;1;4;1;1;1;3;1;1;4;3;1;1;1;1;1;3;3;;;;;1500000;;1;;;;;;;;;;2
20230313;03;2023;7394431;1;1;01;47;1;173.03366594;47;1;1;4;1;4;1;1;1;3;1;1;4;1;1;1;1;1;1;3;1;;;200000000;1200000;;;1;;;;;;;;;;1
20230313;03;2023;7394432;1;1;01;47;1;209.34486215;47;1;1;4;1;4;1;1;1;3;1;1;3;2;1;1;1;1;1;3;1;;;180000000;7000000;;;1;;;;;;;;;;2
20230313;03;2023;7394434;1;1;01;47;1;215.97217744;47;2;1;4;1;3;1;1;1;3;1;1;3;2;1;1;1;1;1;3;1;;;98;98;;1;;;;;;;;;;;2
20230313;03;2023;7394435;1;1;01;47;1;397.16016279;47;2;1;4;1;3;1;1;1;3;1;1;3;2;1;1;1;1;1;3;1;;;99;99;;;;;;;;;;1;;;5
20230313;03;2023;7394436;1;1;01;47;1;249.49986022;47;2;1;4;1;3;1;1;1;3;1;1;3;2;1;1;1;1;1;3;4;;;;700000;;;1;;;;;;;;;;4
20230313;03;2023;7394437;1;1;01;47;1;273.73795553;47;1;1;4;1;4;1;1;1;3;1;1;3;1;1;1;1;1;1;3;4;;;;700000;;;;;;;;;;1;;;2
20230313;03;2023;7394439;1;1;01;47;1;359.53175365;47;2;1;4;1;3;1;1;1;3;1;1;3;2;1;1;1;10;1;3;4;;;;700000;;;1;;;;;1;;;;;4
20230313;03;2023;7394440;1;1;01;47;1;158.41219033;47;1;1;4;1;3;1;1;1;3;1;1;4;2;1;1;1;10;1;3;1;;;99;650000;;;1;;;;;;;;;;4
20230313;03;2023;7394441;1;1;01;47;1;158.41219033;47;1;1;4;1;3;1;1;1;3;1;1;4;2;1;1;1;1;3;3;4;;;;900000;;;;;;;;;;1;;;4
20230313;03;2023;7394442;1;1;01;47;1;329.41064881;47;1;1;4;1;4;1;1;1;3;1;1;4;2;1;1;1;1;1;3;4;;;;700000;;;1;;;;;;;;;;3
20230313;03;2023;7394443;1;1;01;47;1;335.35495672;47;2;1;4;1;3;1;1;1;3;1;1;3;1;1;1;1;1;1;3;5;;;;600000;;;;;;;;;;1;;;1
20230313;03;2023;7394444;1;1;01;47;1;274.69985545;47;2;1;4;1;3;1;1;1;3;1;1;3;2;1;1;1;1;1;3;3;;;;;500000;;1;;;;;;;;;;2
20230313;03;2023;7394445;1;1;01;47;1;212.24686619;47;2;1;4;1;3;1;1;1;3;1;1;2;1;1;1;1;10;1;3;3;;;;;500000;;;;;;;;;1;;;1
20230313;03;2023;7394446;1;1;01;47;1;212.24686619;47;2;1;2;1;3;1;1;1;3;1;1;3;1;1;1;1;1;1;3;4;;;;500000;;;;;;;;;;1;;;1
20230313;03;2023;7394447;1;1;01;47;1;165.68546405;47;1;1;4;1;3;1;1;1;3;1;1;3;2;1;1;1;1;1;3;1;;;98;500000;;;;;;;;;;1;;;3
20230313;03;2023;7394449;1;1;01;47;1;226.36459579;47;2;1;4;1;3;1;1;1;3;1;1;2;1;1;1;1;10;1;3;3;;;;;500000;;1;;;;;;;;;;1
20230313;03;2023;7394450;1;1;01;47;1;249.95720743;47;2;1;4;1;3;1;1;1;3;1;1;4;3;1;1;1;1;3;3;3;;;;;650000;;;;;;;;;1;;;3
20230313;03;2023;7394451;1;1;01;47;1;254.25217112;47;2;1;4;1;4;1;1;1;3;1;1;3;2;1;1;1;1;1;3;3;;;;;700000;;1;;;;;;;;;;3
20230313;03;2023;7394452;1;1;01;47;1;241.51015144;47;1;1;4;1;3;1;1;1;3;1;1;3;2;1;1;1;10;1;3;3;;;;;800000;;1;;;;;;;;;;4
20230313;03;2023;7394453;1;1;01;47;1;273.73795553;47;2;1;4;1;4;1;1;1;3;1;1;3;2;1;1;1;1;1;3;1;;;200000000;700000;;;1;;;;;;;;;;2
20230313;03;2023;7394455;1;1;01;47;1;278.72741274;47;1;1;4;1;4;1;1;1;3;1;1;5;3;1;1;1;1;1;3;1;;;200000000;1200000;;;1;;;;;1;;;;;4
20230313;03;2023;7394456;1;1;01;47;1;166.81785434;47;1;1;4;1;4;1;1;1;3;1;1;4;3;1;1;1;1;1;3;1;;;180000000;800000;;;1;;;;1;1;;;;;4
20230313;03;2023;7394458;1;1;01;47;1;248.78342516;47;1;1;4;1;3;1;1;1;3;1;1;5;3;1;1;1;1;3;3;1;;;98;700000;;;1;;;;;1;;;;;3
20230313;03;2023;7394463;1;1;01;47;1;499.0783847;47;1;1;4;1;4;1;1;1;3;1;1;3;2;1;1;1;1;1;3;1;;;20000000;800000;;;1;;;;;;;;;;4
20230313;03;2023;7394464;1;1;01;47;1;297.10732678;47;1;1;4;1;4;1;1;1;3;1;1;4;2;1;1;1;1;1;3;1;;;25000000;600000;;;1;;;;;;;;;;2
20230313;03;2023;7394465;1;1;01;47;1;277.62154237;47;1;1;4;1;4;1;1;1;3;1;1;4;3;1;1;1;1;1;3;1;;;2500000;800000;;;1;;;;;;;;;;3
20230313;03;2023;7394466;1;1;01;47;1;414.63904193;47;1;1;4;1;3;1;1;1;3;1;1;4;1;1;1;1;1;1;3;3;;;;;1400000;;1;;;;;;;;;;3
20230313;03;2023;7394467;1;1;01;47;1;228.65110686;47;2;1;4;1;3;2;1;1;3;1;1;2;1;1;1;1;10;6;;5;;;;800000;;;1;;;;;;;;;;1
20230313;03;2023;7394468;1;1;01;47;1;397.31834467;47;1;1;4;1;3;1;1;1;3;1;1;4;3;1;1;1;1;1;3;2;;300000;250000000;1100000;;;1;;1;;;;;;;;4
20230313;03;2023;7394473;1;1;01;47;1;244.67706354;47;1;1;4;1;1;1;1;1;3;1;1;3;2;1;1;1;1;1;3;5;;;;450000;;;;;;;;;;1;;;4
20230313;03;2023;7394474;1;1;01;47;1;457.23321747;47;1;1;4;1;4;1;1;1;3;1;1;3;2;1;1;1;1;1;3;3;;;;;500000;;;;;;;;;1;;;4
20230313;03;2023;7394476;1;1;01;47;1;157.96565115;47;2;1;4;1;3;2;1;1;3;1;1;3;1;1;1;1;1;6;;3;;;;;270000;;1;;;;;;;;;;1
20230313;03;2023;7394480;1;1;01;50;1;153.43029321;50;1;1;2;1;1;1;1;1;3;1;1;3;2;1;1;1;1;1;3;1;;;100000000;300000;;;;;;;;;;1;;;7
20230313;03;2023;7394481;1;1;01;50;1;229.20503392;50;2;1;4;1;2;2;1;1;3;2;1;2;1;1;1;1;4;3;4;3;;;;;400000;;1;;;;;;1;;;DAVIPLATA AHORRO A LA MANO;2
20230313;03;2023;7394482;1;1;01;50;1;255.31535166;50;1;1;4;1;2;1;1;1;3;2;1;2;1;1;1;1;3;1;3;2;;200000;50000000;300000;;;1;;;;;;;;;;2
20230313;03;2023;7394483;1;1;01;50;1;266.24472639;50;1;1;4;1;2;1;1;1;3;2;1;4;3;1;1;1;4;3;3;3;;;;;400000;;;;;;;;;1;;;5
20230313;03;2023;7394485;1;1;01;50;1;299.82735225;50;2;1;4;1;1;1;1;1;3;1;1;3;2;1;1;1;1;1;3;3;;;;;280000;;;;;;;;;1;;;2
20230313;03;2023;7394487;1;1;01;50;1;322.52137318;50;1;1;4;1;2;1;1;1;3;2;1;3;2;1;1;1;4;1;3;1;;;70000000;400000;;;1;;;;;;;;;;3
20230313;03;2023;7394488;1;1;01;50;1;442.77145507;50;2;1;4;1;3;1;1;1;3;1;1;3;2;1;1;1;1;1;3;3;;;;;350000;;;;;;;;;1;;;4
20230313;03;2023;7394489;1;1;01;50;1;484.27957661;50;2;1;4;1;3;1;1;1;3;1;1;3;2;1;1;1;1;1;3;3;;;;;550000;;1;;;;;;;;;;2
20230313;03;2023;7394490;1;1;01;50;1;383.99763385;50;1;1;4;1;2;1;1;1;3;2;1;4;3;1;1;1;3;1;3;1;;;60000000;400000;;;1;;;;;;;;;;4
20230313;03;2023;7394491;1;1;01;50;1;169.55425419;50;1;1;4;1;2;1;1;1;3;1;1;4;3;1;1;1;1;1;3;1;;;50000000;400000;;;1;;;;;;;;;;4
20230313;03;2023;7394492;1;1;01;50;1;279.34141502;50;1;1;2;1;2;2;1;1;3;2;1;2;1;1;1;1;10;5;4;3;;;;;400000;;1;;;;;;;;;;3
20230313;03;2023;7394493;1;1;01;50;1;364.19799803;50;1;1;4;1;2;1;1;1;3;2;1;5;4;1;1;1;4;5;3;1;;;75000000;700000;;;1;;;;;;;;;;4
20230313;03;2023;7394494;1;1;01;50;1;285.9822246;50;2;1;2;1;2;2;2;1;3;1;1;4;2;2;1;1;1;1;4;3;;;;;320000;;;;;;;;;1;;;6
20230313;03;2023;7394495;1;1;01;50;1;309.05642403;50;1;1;4;1;2;1;1;1;3;2;1;4;2;1;1;1;3;1;3;4;;;;400000;;;1;;;;;;;;;;2
20230313;03;2023;7394496;1;1;01;50;1;436.02194188;50;2;1;4;1;3;2;1;1;2;1;1;2;1;1;1;1;1;1;4;3;;;;;500000;;1;;;;;;;;;;3
20230313;03;2023;7394497;1;1;01;50;1;230.59758704;50;1;1;4;1;2;1;1;1;3;1;1;4;3;1;1;1;1;1;3;3;;;;;550000;;1;;;;;;;;;;3
20230313;03;2023;7394498;1;1;01;50;1;423.86539179;50;2;1;4;1;3;1;1;1;3;1;1;3;2;1;1;1;1;1;3;3;;;;;500000;;1;;;;;;;;;;3
20230313;03;2023;7394499;1;1;01;50;1;250.84939694;50;1;1;4;1;1;1;1;1;3;1;1;4;2;1;1;1;1;1;3;5;;;;350000;;;1;;;;;;;;;;3
20230313;03;2023;7394500;1;1;01;50;1;290.56774597;50;2;1;4;1;1;1;1;1;3;1;1;4;2;1;1;1;1;1;3;3;;;;;600000;;;;;;;;;1;;;2
20230313;03;2023;7394502;1;1;01;50;1;204.49060541;50;2;1;4;1;2;1;1;1;3;1;1;2;2;1;1;1;1;1;3;3;;;;;420000;;1;;;;;;;;;;4
20230313;03;2023;7394503;1;1;01;50;1;231.98053707;50;1;1;4;1;3;1;1;1;3;1;1;3;1;1;1;1;1;5;3;4;;;;400000;;;1;;;;;;;;;;1
20230313;03;2023;7394504;1;1;01;50;1;153.58825655;50;1;1;4;1;3;1;1;1;3;1;1;4;2;1;1;1;1;1;3;1;;;200000000;1200000;;;1;;;;;1;;;;;3
20230313;03;2023;7394505;1;1;01;50;1;161.65476035;50;2;1;4;1;2;1;1;1;3;1;1;2;2;1;1;1;1;1;3;3;;;;;400000;;1;;;;;;;;;;4
20230313;03;2023;7394506;1;1;01;50;1;226.71839138;50;1;1;2;1;3;1;1;1;3;1;1;4;3;1;1;1;1;1;3;1;;;150000000;500000;;;1;;;;;;;;;;4
20230313;03;2023;7394507;1;1;01;50;1;362.62877934;50;1;1;4;1;3;1;1;1;3;1;1;4;3;1;1;1;1;1;3;1;;;230000000;650000;;;;;;;;;;1;;;6
20230313;03;2023;7394508;1;1;01;50;1;176.48726041;50;1;1;4;1;3;1;1;1;3;1;1;4;3;1;1;1;1;1;3;3;;;;;800000;;1;;;;;;;;;;3
20230313;03;2023;7394509;1;1;01;50;1;406.09751239;50;1;1;4;1;3;1;1;1;3;1;1;4;3;1;1;1;1;1;3;3;;;;;1200000;;1;;;;;;;;;;3
20230313;03;2023;7394512;1;1;01;50;1;222.82214703;50;1;1;2;1;1;1;1;1;3;1;1;4;3;1;1;1;1;1;3;1;;;80000000;500000;;;;;;;;;;1;;;1
20230313;03;2023;7394513;1;1;01;50;1;153.58825655;50;1;1;4;1;3;1;1;1;3;1;1;5;2;1;1;1;1;1;3;1;;;260000000;1200000;;;1;;;;;;;;;;3
20230313;03;2023;7394514;1;1;01;50;1;290.56774597;50;3;1;4;1;3;2;1;1;7;1;1;1;1;1;1;1;1;6;;3;;;;;650000;;1;;;;;;;;;;2
20230313;03;2023;7394517;1;1;01;50;1;374.46251577;50;1;1;4;1;3;1;1;1;3;1;1;4;1;1;1;1;1;1;3;1;;;250000000;1000000;;;1;;;;;;;;;;2
20230313;03;2023;7394518;1;1;01;50;1;199.47309329;50;1;1;4;1;3;1;1;1;3;1;1;5;4;1;1;1;1;1;3;4;;;;1300000;;;1;;;;;;;;;;6
20230313;03;2023;7394519;1;1;01;50;1;235.23911137;50;3;1;4;1;3;1;1;1;7;1;1;1;1;1;1;1;1;2;4;3;;;;;600000;;1;;;;;;1;;;NEQUI;1
20230313;03;2023;7394520;1;1;01;50;1;199.1114412;50;1;1;4;1;2;1;1;1;3;1;1;4;3;1;1;1;1;1;3;4;;;;600000;;;1;;;;;;;;;;4
20230313;03;2023;7394521;1;1;01;50;1;265.66287304;50;2;1;4;1;3;2;1;1;7;1;1;3;2;1;1;1;1;1;4;3;;;;;550000;;;;;;;;1;;;NEQUI;4
20230313;03;2023;7394522;1;1;01;50;1;222.82214703;50;2;1;4;1;3;2;1;1;7;1;1;3;1;1;1;1;1;1;4;2;;1100000;195000000;650000;;;1;;1;;;;;;;;1
20230313;03;2023;7394523;1;1;01;50;1;484.27957661;50;2;1;4;1;3;1;1;1;3;1;1;3;2;1;1;1;1;1;3;3;;;;;800000;;1;;;;;;;;;;2
20230313;03;2023;7394524;1;1;01;50;1;312.16791265;50;2;1;4;1;3;2;1;1;7;1;1;2;1;1;1;1;1;1;4;3;;;;;600000;;1;;;;;;1;;;NEQUI;2
20230313;03;2023;7394526;1;1;01;50;1;235.26085293;50;1;1;3;1;3;1;1;1;3;1;1;4;3;1;1;1;10;1;3;1;;;160000000;900000;;;1;;;;;1;;;;;4
20230313;03;2023;7394527;1;1;01;50;1;148.93644171;50;1;1;4;1;3;1;1;1;3;1;1;4;3;1;1;1;1;5;3;3;;;;;950000;;1;;;;;;1;;;NEQUI Y DAVI PLATA;3
20230313;03;2023;7394529;1;1;01;50;1;278.52768378;50;1;1;4;1;5;1;1;1;3;1;1;4;1;1;1;1;1;1;3;3;;;;;1800000;;1;;;;;1;;;;;1
20230313;03;2023;7394530;1;1;01;50;1;222.01334927;50;1;1;4;1;3;1;1;1;3;1;1;4;1;1;1;1;1;1;3;1;;;175000000;900000;;;1;1;;;;1;;;;;2
20230313;03;2023;7394531;1;1;01;50;1;203.22148642;50;1;1;4;1;3;1;1;1;3;1;1;4;2;1;1;1;1;1;3;4;;;;900000;;;1;;;;;;;;;;3
20230313;03;2023;7394532;1;1;01;50;1;335.59700758;50;1;1;4;1;3;1;1;1;3;1;1;5;4;1;1;1;1;1;3;1;;;106000000;1300000;;;;;;;;;;1;;;7
20230313;03;2023;7394533;1;1;01;50;1;222.01334927;50;1;1;4;1;3;1;1;1;3;1;1;4;1;1;1;1;1;5;3;1;;;160000000;850000;;;1;;;;;1;;;;;2
20230313;03;2023;7394535;1;1;01;50;1;382.06563877;50;2;1;4;1;3;1;1;1;3;1;1;3;2;1;1;1;1;1;3;3;;;;;450000;;1;;;;;;;;;;3
20230313;03;2023;7394536;1;1;01;50;1;473.51780824;50;1;1;4;1;3;1;1;1;3;1;1;4;1;1;1;1;1;1;3;1;;;265000000;1000000;;;1;;;;;;;;;;2
20230313;03;2023;7394537;1;1;01;50;1;227.81343827;50;1;1;4;1;3;1;1;1;3;1;1;3;1;1;1;1;1;1;3;1;;;180000000;900000;;;1;;;;;1;;;;;1
20230313;03;2023;7394538;1;1;01;50;1;180.05830063;50;1;1;4;1;3;1;1;1;3;1;1;4;1;1;1;1;1;1;3;1;;;300000000;800000;;;1;;;;;1;;;;;1
20230313;03;2023;7394539;1;1;01;50;1;433.38766548;50;1;1;2;1;3;2;1;1;3;1;1;5;4;1;1;1;1;1;4;4;;;;500000;;;;;;;;;;1;;;3
20230313;03;2023;7394540;1;1;01;50;1;507.9551478;50;2;1;4;1;3;1;1;1;1;1;4;3;2;1;1;1;1;1;3;1;;;150000000;500000;;;1;;;;;;;;;;2
20230313;03;2023;7394540;2;2;01;50;1;507.9551478;50;2;1;4;1;3;1;1;1;1;1;4;2;1;1;1;1;1;1;3;3;;;;;310000;;1;;;;;;;;;;1
20230313;03;2023;7394540;3;3;01;50;1;507.9551478;50;2;1;4;1;3;1;1;1;1;1;4;2;1;1;1;1;1;1;3;3;;;;;320000;;1;;;;;;;;;;1
20230313;03;2023;7394540;4;4;01;50;1;507.9551478;50;2;1;4;1;3;1;1;1;1;1;4;2;1;1;1;1;1;2;3;3;;;;;400000;;1;;;;;;;;;;2
20230313;03;2023;7394541;1;1;01;50;1;194.79598623;50;2;1;4;1;1;2;2;1;3;1;1;3;2;2;1;1;1;1;4;4;;;;450000;;;1;;;;;;1;;;NEQUI;4
20230313;03;2023;7394542;1;1;01;50;1;448.26288714;50;2;1;4;1;3;1;1;1;3;1;1;2;1;1;1;1;1;1;3;3;;;;;500000;;1;;;;;;;;;;2
20230313;03;2023;7394543;1;1;01;50;1;165.02762442;50;1;1;4;1;1;2;2;1;3;1;1;3;2;2;1;1;1;1;4;3;;;;;300000;;1;;;;;;1;;;NEQUI;2
20230313;03;2023;7394544;1;1;01;50;1;219.47028208;50;1;1;4;1;3;1;1;1;3;1;1;4;3;1;1;1;10;1;3;1;;;19000000;1400000;;;1;;;;;1;1;;;DAVIPLATA AHORRO A LA MANO;4
20230313;03;2023;7394545;1;1;01;50;1;264.22887599;50;1;1;2;1;1;2;2;1;3;2;1;3;1;2;1;1;4;1;4;4;;;;300000;;;1;;;;;;;;;;1
20230313;03;2023;7394546;1;1;01;50;1;238.07471021;50;1;1;4;1;3;1;1;1;3;1;1;3;2;1;1;1;10;1;3;3;;;;;900000;;1;;;;;;;;;;3
20230313;03;2023;7394548;1;1;01;50;1;642.69121598;50;2;1;4;1;3;1;1;1;3;1;1;3;2;1;1;1;1;1;3;3;;;;;600000;;1;;;;;;;;;;2
20230313;03;2023;7394549;1;1;01;50;1;218.98529549;50;2;1;4;1;1;2;1;1;3;1;1;4;3;2;1;1;1;1;4;3;;;;;350000;;;;;;;;;1;;;4
20230313;03;2023;7394550;1;1;01;50;1;266.89785454;50;1;1;4;1;3;1;1;1;3;1;1;4;1;1;1;1;1;1;3;4;;;;1000000;;;1;;;;;;;;;;1
20230313;03;2023;7394551;1;1;01;50;1;330.28609499;50;2;1;4;1;1;1;1;1;3;1;1;3;1;1;1;1;1;1;3;3;;;;;350000;;;;;;;;;1;;;1
20230313;03;2023;7394552;1;1;01;50;1;224.0825985;50;1;1;4;1;1;1;1;1;3;1;1;4;2;1;1;1;1;1;3;3;;;;;415000;;;;;;;;;1;;;3
20230313;03;2023;7394555;1;1;01;50;1;294.61745388;50;1;1;4;1;1;1;1;1;3;1;1;3;2;1;1;1;1;1;3;1;;;90000000;500000;;;;;;;;;;1;;;3
20230313;03;2023;7394556;1;1;01;50;1;313.10116229;50;2;1;4;1;1;1;1;1;3;1;1;3;2;1;1;1;1;1;3;3;;;;;300000;;1;;;;;;;;;;5
20230313;03;2023;7394557;1;1;01;50;1;237.58183434;50;1;1;4;1;5;1;1;1;3;1;1;3;2;1;1;1;1;1;3;1;;;120000000;1500000;;;1;;;;;;;;;;3
20230313;03;2023;7394558;1;1;01;50;1;347.68847703;50;1;1;4;1;5;1;1;1;3;1;1;5;3;1;1;1;1;1;3;3;;;;;1900000;;1;;;;;;;;;;2
20230313;03;2023;7394559;1;1;01;50;1;256.11458564;50;1;1;4;1;3;1;1;1;3;1;1;5;3;1;1;1;10;3;3;3;;;;;900000;;1;;;;1;;;;;;4
20230313;03;2023;7394560;1;1;01;50;1;493.26640033;50;1;1;4;1;3;1;1;1;3;1;1;4;2;1;1;1;1;1;3;3;;;;;1200000;;1;;;;;;1;;;NEQUI;3
20230313;03;2023;7394561;1;1;01;50;1;278.52768378;50;1;1;4;1;5;1;1;1;3;1;1;4;1;1;1;1;1;1;3;4;;;;1200000;;;1;;;;;;;;;;1
20230313;03;2023;7394563;1;1;01;50;1;394.69756877;50;1;1;4;1;3;1;1;1;3;1;1;4;1;1;1;1;1;1;3;1;;;250000000;1200000;;;1;;;;;;;;;;2
20230313;03;2023;7394564;1;1;01;50;1;287.22977062;50;1;1;4;1;5;1;1;1;3;1;1;4;1;1;1;1;1;1;3;3;;;;;1600000;;1;;;;;;;;;;2
20230313;03;2023;7394565;1;1;01;50;1;180.27625889;50;2;1;4;1;2;1;1;1;3;2;1;3;2;1;1;1;3;1;3;3;;;;;300000;;1;;;;;;;;;;5
20230313;03;2023;7394566;1;1;01;50;1;294.04888921;50;1;1;4;1;5;1;1;1;3;1;1;4;1;1;1;1;1;1;3;3;;;;;1200000;;1;;;;;;1;;;NEQUI AHORRO A LA MANO;1
20230313;03;2023;7394567;1;1;01;50;1;224.79090269;50;1;1;4;1;3;1;1;1;3;1;1;3;2;1;1;1;1;1;3;3;;;;;300000;;1;;;;;;;;;;4
20230313;03;2023;7394568;1;1;01;50;1;215.28709858;50;1;1;4;1;3;1;1;1;3;1;1;3;1;1;1;1;1;5;3;2;;2500000;160000000;800000;;;1;;1;;;1;;;;;1
20230313;03;2023;7394569;1;1;01;50;1;463.58463604;50;2;1;4;1;3;1;1;1;3;1;1;6;2;1;1;1;1;1;3;4;;;;800000;;;1;;;;;;;;;;2
20230313;03;2023;7394570;1;1;01;50;1;288.36460163;50;1;1;4;1;0;2;2;1;3;1;1;3;2;2;1;1;1;1;4;5;;;;200000;;;1;;;;;;;;;;4
20230313;03;2023;7394571;1;1;01;50;1;348.15256336;50;1;8;2;1;0;2;2;1;3;1;1;4;3;2;1;1;1;1;4;3;;;;;100000;;;;;;;;1;;;NEQUI;4
20230313;03;2023;7394572;1;1;01;50;1;428.14864165;50;1;1;2;1;0;2;2;1;3;1;1;2;1;2;1;1;1;1;4;1;;;30000000;300000;;;;;;;;;;1;;;1
20230313;03;2023;7394573;1;1;01;50;1;338.74121947;50;1;1;2;1;0;2;2;1;3;1;1;2;1;2;1;1;1;1;4;3;;;;;150000;;;;;;;;;1;;;4
20230313;03;2023;7394575;1;1;01;50;1;319.21359653;50;1;1;2;1;0;2;2;1;3;1;1;3;2;2;1;1;1;1;4;1;;;25000000;200000;;;;;;;;;;1;;;3
20230313;03;2023;7394576;1;1;01;50;1;381.91151429;50;1;1;2;1;0;2;2;1;3;1;1;3;2;2;1;1;1;1;4;3;;;;;250000;;;;;;;;;1;;;3
20230313;03;2023;7394577;1;1;01;50;1;209.07372021;50;1;1;2;1;2;1;1;1;3;2;1;3;2;1;1;1;4;1;3;3;;;;;350000;;1;;;;;;;;;;3
20230313;03;2023;7394579;1;1;01;50;1;221.75322501;50;1;1;4;1;5;1;1;1;3;1;1;4;3;1;1;1;1;1;3;4;;;;1500000;;;1;;;;;;;;;;3
20230313;03;2023;7394581;1;1;01;50;1;409.91173037;50;1;1;2;1;0;2;2;1;3;1;1;3;2;2;1;1;1;1;4;3;;;;;250000;;;;;;;;;1;;;3
20230313;03;2023;7394582;1;1;01;50;1;139.65190118;50;1;1;2;1;2;1;1;1;3;1;1;2;2;1;1;1;1;1;3;1;;;90000000;350000;;;1;;;;;;;;;;4
20230313;03;2023;7394586;1;1;01;50;1;374.46251577;50;1;1;4;1;3;1;1;1;3;1;1;4;1;1;1;1;1;1;3;4;;;;1300000;;;;;;;;;;1;;;2
20230313;03;2023;7394587;1;1;01;50;1;157.74055581;50;1;1;4;1;3;1;1;1;3;1;1;4;3;1;1;1;1;1;3;3;;;;;1100000;;1;;;;;;;;;;5
20230313;03;2023;7394589;1;1;01;50;1;257.79203704;50;1;1;4;1;5;1;1;1;3;1;1;5;4;1;1;1;1;1;3;3;;;;;1850000;;1;;;;;;1;;;NEQUI AHORRO A LA MANO;5
20230313;03;2023;7394591;1;1;01;50;1;266.89785454;50;1;1;4;1;3;1;1;1;3;1;1;3;1;1;1;1;1;1;3;1;;;17000000;1200000;;;1;;;;;1;;;;;1
20230313;03;2023;7394592;1;1;01;;1;470.4737889;52;1;5;3;1;1;2;2;1;2;1;1;3;2;3;1;1;1;1;4;4;;;;500000;;;1;;;;;;;;;;6
20230313;03;2023;7394593;1;1;01;;1;295.53814098;52;1;5;3;1;1;2;2;1;1;1;1;3;1;4;1;1;1;6;;4;;;;80000;;;;;;;;;;1;;;1
20230313;03;2023;7394594;1;1;01;;1;163.64025666;52;1;5;3;1;1;2;2;1;2;1;1;3;2;3;1;1;1;1;4;1;;;15000000;200000;;;1;;;;;;;;;;4
20230313;03;2023;7394595;1;1;01;;1;403.30216223;52;1;5;3;1;1;2;2;1;2;1;1;4;3;4;1;1;1;1;4;4;;;;150000;;;;;;;;;;1;;;6
20230313;03;2023;7394596;1;1;01;;1;93.13745779;52;1;5;3;1;1;2;2;1;1;1;1;3;2;3;1;1;1;1;4;1;;;12000000;120000;;;1;;;;;;;;;;3
20230313;03;2023;7394597;1;1;01;;1;93.13745779;52;1;1;4;1;1;2;2;1;2;1;2;4;3;3;1;1;1;1;4;1;;;80000000;600000;;;1;;;;;;;;;;4
20230313;03;2023;7394597;2;2;01;;1;93.13745779;52;1;1;4;1;1;2;2;1;2;1;2;3;2;3;1;1;1;1;4;4;;;;500000;;;1;;;;;;;;;;4
20230313;03;2023;7394598;1;1;01;;1;320.88448646;52;1;5;3;1;1;2;2;1;1;1;1;5;3;3;1;1;1;1;4;1;;;10000000;200000;;;1;;;;;;;;;;4
20230313;03;2023;7394599;1;1;01;;1;93.13745779;52;2;5;3;1;1;2;2;1;2;1;1;2;1;6;;1;1;1;4;3;;;;;150000;;;;;;;;;1;;;3
20230313;03;2023;7394600;1;1;01;;1;226.11621801;52;1;5;3;1;1;2;2;1;1;1;1;4;3;4;1;1;1;1;4;4;;;;200000;;;;;;;;;;1;;;3
20230313;03;2023;7394601;1;1;01;;1;113.70617582;52;1;5;3;1;1;2;2;1;1;1;1;3;2;3;1;1;1;1;4;4;;;;300000;;;1;;;;;;;;;;3
20230313;03;2023;7394603;1;1;01;52;1;160.4604496;52;1;1;4;1;4;2;1;1;3;1;1;4;3;1;1;1;1;1;4;1;;;160000000;1500000;;;1;;;;;;;;;;3
20230313;03;2023;7394604;1;1;01;52;1;168.81486651;52;2;1;4;1;2;1;1;1;3;1;1;3;2;1;1;1;1;1;3;4;;;;400000;;;;;;;;;;1;;;2
20230313;03;2023;7394605;1;1;01;52;1;190.36473427;52;2;1;4;1;4;2;1;1;3;1;1;4;3;1;1;1;1;1;4;2;;1500000;98;1000000;;;1;;1;;;;;;;;3
20230313;03;2023;7394606;1;1;01;52;1;130.36123212;52;1;1;4;1;4;2;1;1;3;1;1;5;2;1;1;1;1;1;4;1;;;175000000;1500000;;;1;;;;;;;;;;2
20230313;03;2023;7394607;1;1;01;52;1;186.29319503;52;1;1;4;1;4;2;1;1;3;1;1;4;3;1;1;1;1;1;4;3;;;;;700000;;1;;;;;;;;;;4
20230313;03;2023;7394608;1;1;01;52;1;85.442990179;52;2;1;4;1;3;2;1;1;3;1;1;3;2;1;1;1;1;1;4;3;;;;;600000;;1;;;;;;;;;;2
20230313;03;2023;7394609;1;1;01;52;1;143.11150612;52;1;1;4;1;4;2;1;1;3;1;1;5;2;1;1;1;1;1;4;1;;;98;98;;;1;;;;;1;;;;;2
20230313;03;2023;7394610;1;1;01;52;1;120.16088901;52;1;1;4;1;4;2;1;1;3;1;1;6;2;1;1;1;1;1;4;1;;;480000000;1000000;;;1;;;;;;;;;;2
20230313;03;2023;7394611;1;1;01;52;1;138.13094776;52;1;1;4;1;4;2;1;1;3;1;1;4;3;1;1;1;1;1;4;1;;;180000000;1700000;;;1;;;;;;;;;;1
20230313;03;2023;7394612;1;1;01;52;1;202.18339705;52;1;1;4;1;2;1;1;1;3;1;1;5;3;1;1;1;1;1;3;2;;600000;200000000;500000;;;;;;;;;;1;;;4
20230313;03;2023;7394613;1;1;01;52;1;218.97708692;52;1;1;4;1;1;1;1;1;3;1;1;4;3;1;1;1;1;1;3;1;;;130000000;400000;;;1;;;;;;;;;;3
20230313;03;2023;7394614;1;1;01;52;1;88.37141219;52;2;1;2;1;3;2;1;1;3;1;1;3;1;1;1;1;1;1;4;3;;;;;250000;;;;;;;;;1;;;2
20230313;03;2023;7394615;1;1;01;52;1;107.21117425;52;2;1;4;1;3;1;1;1;3;1;1;4;3;1;1;1;1;1;3;3;;;;;500000;;;;;;;;;1;;;3
20230313;03;2023;7394616;1;1;01;52;1;185.37431897;52;1;1;4;1;4;2;1;1;3;1;1;4;3;1;1;1;1;1;4;3;;;;;1000000;;1;;;;1;;;;;;4
20230313;03;2023;7394617;1;1;01;52;1;180.75446826;52;4;1;4;1;2;2;1;1;3;1;1;5;1;1;2;1;1;1;4;3;;;;;700000;;1;;;;;;;;;;2
20230313;03;2023;7394618;1;1;01;52;1;156.54805694;52;2;1;4;1;2;2;1;1;3;1;1;3;2;1;1;1;1;1;4;3;;;;;600000;;1;;;;;;;;;;3
20230313;03;2023;7394619;1;1;01;52;1;301.21275001;52;2;1;4;1;2;2;1;1;3;1;1;3;2;1;1;1;1;1;4;1;;;100000000;1000000;;;1;;;;1;;;;;;3
20230313;03;2023;7394620;1;1;01;52;1;127.9495999;52;2;1;2;1;1;2;1;1;3;1;1;2;2;1;1;5;1;1;4;1;;;70000000;300000;;;;;;;;;;1;;;5
20230313;03;2023;7394621;1;1;01;52;1;134.96083503;52;2;1;4;1;3;2;1;1;3;1;1;3;1;1;1;1;1;1;4;3;;;;;750000;;1;;;;1;1;;;;;1
20230313;03;2023;7394622;1;1;01;52;1;145.75129215;52;1;1;2;1;1;2;1;1;3;1;1;2;1;1;1;1;1;1;4;2;;400000;120000000;500000;;;1;;;;;;;;;;3
20230313;03;2023;7394623;1;1;01;52;1;105.20495989;52;1;1;2;1;1;1;1;1;3;1;1;4;3;1;1;1;1;1;3;2;;383000;150000000;350000;;;;;1;;;;;;;;4
20230313;03;2023;7394624;1;1;01;52;1;123.84641332;52;1;1;4;1;4;2;1;1;3;1;1;4;1;1;1;1;1;1;4;2;;2000000;98;1000000;;;1;;1;1;1;1;;;;;1
20230313;03;2023;7394625;1;1;01;52;1;124.67758983;52;3;1;4;1;4;2;1;1;3;1;1;1;1;1;2;1;1;1;4;3;;;;;210000;;;;;;;;;1;;;1
20230313;03;2023;7394626;1;1;01;52;1;122.37732918;52;1;1;2;1;1;1;1;1;3;1;1;3;2;1;1;1;1;1;3;3;;;;;300000;;;;;;;;;1;;;3
20230313;03;2023;7394627;1;1;01;52;1;138.29278721;52;1;1;2;1;1;1;1;1;2;1;1;3;1;1;1;1;1;1;3;1;;;100000000;450000;;;;;;;;;;1;;;1
20230313;03;2023;7394628;1;1;01;52;1;316.57867279;52;2;1;4;1;2;2;1;1;3;1;1;4;2;1;1;1;1;1;4;3;;;;;600000;;1;;;;;;;;;;4
20230313;03;2023;7394629;1;1;01;52;1;239.75585933;52;2;1;4;1;2;2;1;1;3;1;1;3;1;1;1;1;1;1;4;1;;;180000000;700000;;;1;;;;;;;;;;1
20230313;03;2023;7394630;1;1;01;52;1;178.71683271;52;2;1;4;1;3;2;1;1;3;1;1;4;1;1;1;1;1;1;4;4;;;;700000;;;1;;;;;;;;;;1
20230313;03;2023;7394631;1;1;01;52;1;128.62085067;52;1;1;4;1;1;1;1;1;3;1;1;4;2;1;1;1;1;1;3;1;;;100000000;250000;;;;;;;;;;1;;;2
20230313;03;2023;7394632;1;1;01;52;1;104.79945016;52;1;1;4;1;4;2;1;1;3;1;1;4;2;1;1;1;1;1;4;1;;;480000000;1200000;;;1;;;;;;;;;;2
20230313;03;2023;7394633;1;1;01;52;1;319.70864498;52;2;1;4;1;2;2;1;1;3;1;1;3;3;1;1;1;1;1;4;2;;626000;150000000;650000;;;1;;1;;;;;;;;5
20230313;03;2023;7394634;1;1;01;52;1;139.39140216;52;2;1;4;1;3;2;1;1;3;1;1;1;1;1;1;1;1;1;4;3;;;;;500000;;1;;;;;;;;;;1
20230313;03;2023;7394635;1;1;01;52;1;173.35122159;52;2;1;4;1;2;2;1;1;3;1;1;3;3;1;1;1;1;1;4;3;;;;;500000;;1;;;;;;;;;;3
20230313;03;2023;7394636;1;1;01;52;1;174.70055621;52;2;1;4;1;3;2;1;1;3;1;1;4;1;1;1;1;1;1;4;3;;;;;800000;;1;;;;1;;;;;;2
20230313;03;2023;7394637;1;1;01;52;1;185.68515223;52;2;1;4;1;2;2;1;1;3;1;1;4;3;1;1;1;1;1;4;4;;;;700000;;;1;;;;;;;;;;3
20230313;03;2023;7394638;1;1;01;52;1;182.43731218;52;1;1;4;1;1;2;1;1;3;1;1;4;4;1;1;1;1;1;4;3;;;;;800000;;;;;;;;;1;;;8
20230313;03;2023;7394639;1;1;01;52;1;166.86901528;52;1;1;4;1;1;1;1;1;3;1;1;3;2;1;1;1;1;1;3;1;;;200000000;1000000;;;1;;;;;;;;;;3
20230313;03;2023;7394640;1;1;01;52;1;264.01350286;52;2;1;4;1;1;1;1;1;3;1;1;3;1;1;1;1;1;1;3;3;;;;;450000;;1;;;;;;;;;;1
20230313;03;2023;7394641;1;1;01;52;1;174.70055621;52;2;1;4;1;3;2;1;1;3;1;1;3;1;1;1;1;1;1;4;3;;;;;750000;;1;1;;;;;;;;;2
20230313;03;2023;7394642;1;1;01;52;1;126.70364701;52;2;1;4;1;3;2;1;1;3;1;1;3;1;1;1;1;1;1;4;3;;;;;670000;;1;;;;;;;;;;1
20230313;03;2023;7394643;1;1;01;52;1;112.75680704;52;1;1;4;1;4;2;1;1;3;1;1;5;2;1;1;1;1;1;4;1;;;400000000;1000000;;;1;;;;;;;;;;3
20230313;03;2023;7394644;1;1;01;52;1;124.67758983;52;3;1;4;1;4;2;1;1;3;1;1;1;1;1;2;1;1;6;;3;;;;;270000;;1;;;;;;;;;;1
20230313;03;2023;7394646;1;1;01;52;1;118.14339383;52;2;1;4;1;4;2;1;1;1;1;1;3;2;1;1;1;1;1;4;3;;;;;600000;;1;;;;;;;;;;2
20230313;03;2023;7394647;1;1;01;52;1;143.80766854;52;1;1;4;1;4;2;1;1;3;1;1;5;2;1;1;1;1;1;4;3;;;;;1000000;1;1;;1;1;1;1;;;;;3
20230313;03;2023;7394648;1;1;01;52;1;171.83330148;52;1;1;4;1;3;2;1;1;3;1;1;4;1;1;1;1;1;1;4;1;;;450000000;1200000;;;1;;;;;;;;;;2
20230313;03;2023;7394649;1;1;01;52;1;213.9048799;52;2;1;4;1;2;2;1;1;3;1;1;3;2;1;1;1;1;1;4;3;;;;;400000;;1;;;;;;;;;;2
20230313;03;2023;7394650;1;1;01;52;1;124.37422016;52;1;1;4;1;1;1;1;1;3;1;1;3;2;1;1;1;1;1;3;1;;;90000000;400000;;;;;;;;;;1;;;2
20230313;03;2023;7394652;1;1;01;52;1;138.13094776;52;1;1;4;1;4;2;1;1;3;1;1;4;2;1;1;1;1;1;4;4;;;;700000;;;;;;;;;;1;;;1
20230313;03;2023;7394653;1;1;01;52;1;124.67758983;52;3;1;4;1;4;2;1;1;3;1;1;1;1;1;2;1;1;1;4;3;;;;;300000;;;;;;;;;1;;;1
20230313;03;2023;7394654;1;1;01;52;1;171.83330148;52;1;1;4;1;3;2;1;1;3;1;1;6;2;1;1;1;1;1;4;1;;;170000000;1100000;;;1;;;;1;;;;;;2
20230313;03;2023;7394655;1;1;01;52;1;144.83981086;52;1;1;4;1;3;2;1;1;3;1;1;7;5;1;1;1;1;1;4;3;;;;;800000;;;;;;;;;;1;;8
20230313;03;2023;7394657;1;1;01;52;1;117.35144453;52;2;1;4;1;3;1;1;1;3;1;1;4;2;1;1;1;1;1;3;3;;;;;600000;;1;;;;;;;;;;4
20230313;03;2023;7394658;1;1;01;52;1;99.140744022;52;2;1;6;1;3;2;1;1;3;1;1;7;2;1;1;1;1;1;4;1;;;98;1500000;;;1;;;;;;;;;;3
20230313;03;2023;7394659;1;1;01;52;1;134.2030547;52;2;1;4;1;3;2;1;1;3;1;1;3;2;1;1;1;1;1;4;4;;;;1000000;;;1;;;;;1;;;;;3
20230313;03;2023;7394660;1;1;01;52;1;145.68498397;52;2;1;4;1;2;1;1;1;3;1;1;2;1;1;1;1;1;1;3;4;;;;300000;;;1;;;;;;;;;;1
20230313;03;2023;7394661;1;1;01;52;1;137.06959807;52;2;1;4;1;2;2;1;1;3;1;1;1;1;1;1;1;1;1;4;1;;;120000000;400000;;;;;;;;;;1;;;1
20230313;03;2023;7394662;1;1;01;52;1;267.41351326;52;1;1;4;1;3;2;1;1;3;1;1;5;4;1;1;1;1;1;4;1;;;98;800000;;;1;;;;;;;;;;3
20230313;03;2023;7394663;1;1;01;52;1;109.97331295;52;1;1;3;1;3;2;1;1;3;1;1;2;1;1;1;1;1;6;;1;;;280000000;700000;;;1;;;;;1;;;;;2
20230313;03;2023;7394664;1;1;01;52;1;106.49253999;52;2;1;4;1;3;2;1;1;3;1;1;4;2;1;1;1;1;1;4;1;;;200000000;2000000;;;1;;;;1;;;;;;3
20230313;03;2023;7394666;1;1;01;52;1;201.73978981;52;2;1;4;1;4;2;1;1;3;1;1;5;3;1;1;1;1;1;4;2;;1200000;98;800000;;;;;1;;1;;;;;;4
20230313;03;2023;7394667;1;1;01;52;1;180.35867442;52;1;1;4;1;3;2;1;1;3;1;1;6;3;1;1;1;1;1;4;1;;;180000000;1200000;;;1;;;;;;;;;;4
20230313;03;2023;7394668;1;1;01;52;1;109.07128273;52;1;1;1;1;4;2;1;1;3;1;1;4;2;1;1;1;1;1;4;1;;;400000000;1000000;;;1;;;;;;;;;;4
20230313;03;2023;7394671;1;1;01;52;1;143.00775605;52;2;1;4;1;3;2;1;1;3;1;1;4;3;1;1;1;1;1;4;4;;;;800000;;;1;;;;;;;;;;3
20230313;03;2023;7394672;1;1;01;52;1;84.282265325;52;2;1;4;1;2;2;1;1;3;1;1;3;2;1;1;1;1;1;4;3;;;;;480000;;;;;;;;;1;;;4
20230313;03;2023;7394673;1;1;01;52;1;95.637284796;52;3;1;2;1;1;2;1;1;3;1;1;1;1;1;1;1;1;1;4;3;;;;;200000;;;;;;;;;1;;;2
20230313;03;2023;7394674;1;1;01;52;1;116.72087839;52;1;1;4;1;3;2;1;1;3;1;1;3;2;1;1;1;1;1;4;1;;;120000000;650000;;;1;;;;;;;;;;4
20230313;03;2023;7394675;1;1;01;52;1;154.88792168;52;1;1;4;1;3;2;1;1;3;1;1;5;1;1;1;1;1;1;4;4;;;;1500000;;;1;;;;;;;;;;1
20230313;03;2023;7394676;1;1;01;52;1;116.44233136;52;1;1;4;1;4;2;1;1;3;1;1;5;3;1;1;1;1;1;4;1;;;98;1000000;;;1;;;;;;;;;;2
20230313;03;2023;7394677;1;1;01;52;1;193.6099021;52;1;1;4;1;2;2;1;1;3;1;1;3;1;1;1;1;1;1;4;3;;;;;650000;;1;;;;;;;;;;1
20230313;03;2023;7394678;1;1;01;52;1;109.97331295;52;1;1;6;1;3;2;1;1;3;1;1;7;1;1;1;1;1;1;4;1;;;98;1500000;;;1;;;;;;;;;;2
20230313;03;2023;7394679;1;1;01;52;1;196.11155727;52;1;1;4;1;2;2;1;1;3;1;1;3;2;1;1;1;1;1;4;1;;;200000000;500000;;;;;;;1;;;;;;4
20230313;03;2023;7394680;1;1;01;52;1;109.13974845;52;2;1;4;1;3;1;1;1;3;1;1;4;2;1;1;1;1;1;3;2;;500000;150000000;600000;;;1;;1;;1;1;;;;;3
20230313;03;2023;7394681;1;1;01;52;1;104.443313;52;2;1;4;1;2;1;1;1;3;1;1;3;2;1;1;1;1;1;3;4;;;;400000;;;1;;;;;;;;;;3
20230313;03;2023;7394682;1;1;01;52;1;171.83330148;52;1;1;4;1;3;2;1;1;3;1;1;5;1;1;1;1;1;1;4;1;;;190000000;1500000;;;1;;;;;;;;;;2
20230313;03;2023;7394683;1;1;01;52;1;137.06959807;52;2;1;4;1;2;1;1;1;3;1;1;3;1;1;1;1;1;1;3;1;;;150000000;400000;;;1;;;;;;;;;;1
20230313;03;2023;7394686;1;1;01;52;1;167.63002375;52;1;1;4;1;2;2;1;1;3;1;1;4;2;1;1;1;1;1;4;3;;;;;800000;1;;;;;;;;;;;3
20230313;03;2023;7394687;1;1;01;52;1;197.38022123;52;2;1;4;1;2;2;1;1;3;1;1;3;2;1;1;1;1;1;4;4;;;;450000;;;;;;;;;;1;;;1
20230313;03;2023;7394688;1;1;01;52;1;115.05590832;52;1;1;4;1;3;2;1;1;3;1;1;5;4;1;1;1;1;1;4;3;;;;;1600000;;1;;;;;;;;;;5
20230313;03;2023;7394701;1;1;01;52;1;185.30408375;52;2;1;4;1;2;2;1;1;3;1;1;3;2;1;1;1;1;1;4;3;;;;;550000;;1;;;;;;;;;;1
20230313;03;2023;7394704;1;1;01;54;1;262.7490429;54;1;1;4;1;2;2;1;1;3;1;1;4;3;1;1;1;1;1;4;4;;;;400000;;;;;;;;;;1;;;7
20230313;03;2023;7394706;1;1;01;54;1;163.32342424;54;2;1;2;1;2;1;1;1;3;1;1;3;2;1;1;1;1;3;3;3;;;;;250000;;1;;;;;;;;;;4
20230313;03;2023;7394707;1;1;01;54;1;355.66691656;54;1;5;1;1;1;2;1;1;2;1;1;3;2;1;1;1;1;1;4;3;;;;;170000;;1;;;;;;;;;;5
20230313;03;2023;7394710;1;1;01;54;1;496.8146241;54;1;1;2;1;1;1;1;1;3;1;1;3;2;1;1;1;1;1;3;5;;;;200000;;;1;;;;;;;;;;3
20230313;03;2023;7394711;1;1;01;54;1;268.13121438;54;1;1;4;1;2;1;1;1;3;1;1;3;2;1;1;1;1;1;3;1;;;110000000;400000;;;1;;;;;;;;;;2
20230313;03;2023;7394712;1;1;01;54;1;236.4917324;54;1;1;4;1;2;1;1;1;3;1;1;2;1;1;1;1;1;1;3;5;;;;98;;;1;;;;;;;;;;3
20230313;03;2023;7394713;1;1;01;54;1;394.82974484;54;1;1;4;1;1;1;1;1;3;1;1;3;2;1;1;1;1;1;3;3;;;;;300000;;;;;;;;;1;;;4
20230313;03;2023;7394714;1;1;01;54;1;312.00969674;54;1;1;4;1;1;1;1;1;3;1;1;4;2;1;1;1;1;1;3;1;;;60000000;250000;;;;;;;;;;1;;;5
20230313;03;2023;7394717;1;1;01;54;1;390.48933094;54;1;1;2;1;2;1;1;1;3;1;1;3;2;1;1;1;1;1;3;3;;;;;250000;;1;;;;;;;;;;4
20230313;03;2023;7394719;1;1;01;54;1;267.82899743;54;2;1;4;1;2;1;1;1;3;1;1;4;3;1;1;1;1;1;3;4;;;;500000;;;1;;;;;;;;;;5
20230313;03;2023;7394720;1;1;01;54;1;313.42872993;54;1;1;4;1;1;1;1;1;3;1;1;4;3;1;1;1;1;1;3;5;;;;300000;;;;;;;;;;1;;;5
20230313;03;2023;7394721;1;1;01;54;1;190.64729417;54;2;1;4;1;2;1;1;1;3;1;1;2;2;1;1;1;1;1;3;1;;;60000000;300000;;;;;;;;;;1;;;2
20230313;03;2023;7394722;1;1;01;54;1;250.09977792;54;1;5;2;1;1;2;1;1;3;1;1;1;1;1;1;1;1;2;4;1;;;12000000;400000;;;;;;;;;;1;;;2
20230313;03;2023;7394723;1;1;01;54;1;332.02156788;54;2;1;4;1;2;1;1;1;3;1;1;3;2;1;1;1;1;1;3;3;;;;;500000;;1;;;;;;;;;;3
20230313;03;2023;7394724;1;1;01;54;1;368.6507418;54;1;1;4;1;1;1;1;1;3;1;1;4;2;1;1;1;1;1;3;5;;;;300000;;;1;;;;;;;;;;4
20230313;03;2023;7394725;1;1;01;54;1;430.45616983;54;1;1;2;1;1;1;1;1;3;1;1;3;3;1;1;1;1;1;3;3;;;;;400000;;1;;;;;;;;;;3
20230313;03;2023;7394726;1;1;01;54;1;280.60946592;54;1;1;2;1;1;2;1;1;3;1;1;2;1;1;1;1;1;1;4;3;;;;;150000;;1;;;;;;;;;;3
20230313;03;2023;7394729;1;1;01;54;1;350.57536555;54;1;1;2;1;1;1;1;1;3;1;1;2;2;1;1;1;1;1;3;1;;;98;300000;;;1;;;;;;;;;;6
20230313;03;2023;7394730;1;1;01;54;1;268.43221429;54;1;1;4;1;1;1;1;1;3;1;1;3;2;1;1;1;1;1;3;5;;;;350000;;;1;;;;;;;;;;3
20230313;03;2023;7394731;1;1;01;54;1;478.8981987;54;1;1;2;1;1;1;1;1;3;1;1;5;3;1;1;1;1;1;3;5;;;;300000;;;1;;;;;;;;;;6
20230313;03;2023;7394732;1;1;01;54;1;435.71720678;54;2;1;4;1;2;1;1;1;3;1;1;3;2;1;1;1;1;1;3;3;;;;;400000;;1;;;;;;;;;;7
20230313;03;2023;7394734;1;1;01;54;1;353.49203988;54;1;1;2;1;1;1;1;1;3;1;1;2;2;1;1;1;1;1;3;4;;;;350000;;;1;;;;;;;;;;4
20230313;03;2023;7394735;1;1;01;54;1;407.48101513;54;1;1;4;1;1;1;1;1;3;1;1;4;2;1;1;1;1;1;3;5;;;;300000;;;1;;;;;;;;;;3
20230313;03;2023;7394736;1;1;01;54;1;532.10639791;54;1;1;4;1;1;1;1;1;3;1;1;4;2;1;1;1;1;1;3;1;;;60000000;350000;;;1;;;;;;;;;;3
20230313;03;2023;7394738;1;1;01;54;1;434.46209892;54;1;1;2;1;1;2;1;1;3;1;1;1;1;1;1;1;1;5;4;5;;;;200000;;;;;;;;;;1;;;1
20230313;03;2023;7394739;1;1;01;54;1;307.26248762;54;1;1;2;1;1;1;1;1;3;1;1;4;1;1;1;1;1;1;3;1;;;90000000;250000;;;1;;;;;;;;;;2
20230313;03;2023;7394740;1;1;01;54;1;200.93875208;54;1;1;4;1;2;1;1;1;3;1;1;4;3;1;1;1;1;1;3;3;;;;;400000;;1;;;;;;;;;;4
20230313;03;2023;7394741;1;1;01;54;1;255.90253444;54;2;1;4;1;2;1;1;1;3;1;1;2;1;1;1;1;1;1;3;4;;;;350000;;;;;;;;;;1;;;1
20230313;03;2023;7394742;1;1;01;54;1;264.69217041;54;1;1;2;1;1;2;1;1;3;1;1;2;1;1;1;1;1;1;4;3;;;;;200000;;1;;;;;;;;;;3
20230313;03;2023;7394743;1;1;01;54;1;375.54304043;54;1;1;4;1;2;1;1;1;3;1;1;3;1;1;1;1;1;1;3;6;;;;300000;;;1;;;;;;;;;;2
20230313;03;2023;7394745;1;1;01;54;1;415.29549231;54;1;1;4;1;2;1;1;1;3;1;1;5;4;1;1;1;1;1;3;6;;;;3000000;;;1;;;;;;;;;;5
20230313;03;2023;7394747;1;1;01;54;1;266.56514004;54;2;1;2;1;2;1;1;1;3;1;1;2;1;1;1;1;1;3;3;1;;;100000000;500000;;;1;;;;;;;;;;1
20230313;03;2023;7394748;1;1;01;54;1;394.82974484;54;2;1;4;1;1;1;1;1;3;1;1;3;2;1;1;1;1;1;3;4;;;;400000;;;1;;;;1;1;;;;;4
20230313;03;2023;7394749;1;1;01;54;1;321.74684744;54;2;1;4;1;1;1;1;1;3;1;1;3;2;1;1;1;1;1;3;2;;250000;60000000;300000;;;1;;1;;;;;;;;4
20230313;03;2023;7394751;1;1;01;54;1;398.42588146;54;2;1;4;1;1;1;1;1;3;1;1;4;2;1;1;1;1;1;3;1;;;110000000;350000;;;1;;;;;;;;;;3
20230313;03;2023;7394753;1;1;01;54;1;416.57753752;54;2;1;2;1;2;2;1;1;3;1;1;1;1;1;1;1;1;2;4;4;;;;200000;;;1;;;;;;;;;;5
20230313;03;2023;7394754;1;1;01;54;1;415.02695985;54;1;1;4;1;2;1;1;1;3;1;1;3;1;1;1;1;1;1;3;3;;;;;250000;;1;;;;;;;;;;3
20230313;03;2023;7394755;1;1;01;54;1;337.70265202;54;2;1;4;1;1;1;1;1;3;1;1;4;3;1;1;1;1;1;3;3;;;;;350000;;;;;;;;;1;;;6
20230313;03;2023;7394756;1;1;01;54;1;371.32961649;54;2;1;4;1;1;1;1;1;3;1;1;3;2;1;1;1;1;3;3;2;;280000;80000000;400000;;;1;;;;;;;;;;5
20230313;03;2023;7394757;1;1;01;54;1;237.5918793;54;1;1;4;1;2;1;1;1;3;1;1;4;3;1;1;1;1;1;3;3;;;;;450000;;;;;;;;;1;;;5
20230313;03;2023;7394758;1;1;01;54;1;199.53505408;54;1;1;4;1;2;1;1;1;3;1;1;4;3;1;1;1;1;1;3;1;;;40000000;350000;;;1;;;;;;;;;;4
20230313;03;2023;7394759;1;1;01;54;1;285.19162634;54;2;1;3;1;1;1;1;1;3;1;1;4;1;1;1;1;1;1;3;4;;;;250000;;;1;;;;;;;;;;1
20230313;03;2023;7394761;1;1;01;54;1;363.4200403;54;1;1;2;1;2;1;1;1;3;1;1;2;1;1;1;1;1;1;3;1;;;80000000;250000;;;;;;;;;;1;;;1
20230313;03;2023;7394762;1;1;01;54;1;266.56514004;54;1;1;4;1;2;1;1;1;3;1;1;3;1;1;1;1;1;1;3;1;;;50000000;400000;;;;;;;;;;1;;;1
20230313;03;2023;7394763;1;1;01;54;1;216.09763343;54;2;1;4;1;2;1;1;1;3;1;1;3;2;1;1;1;1;3;3;1;;;98;500000;;;1;;;;;;;;;;2
20230313;03;2023;7394764;1;1;01;54;1;397.68160418;54;2;1;4;1;1;1;1;1;3;1;1;3;2;1;1;1;1;3;3;2;;200000;60000000;400000;;;1;;;;;;;;;;2
20230313;03;2023;7394765;1;1;01;54;1;397.68160418;54;2;1;4;1;1;1;1;1;3;1;1;4;1;1;1;1;1;1;3;1;;;150000000;450000;;;1;;;;;1;;;;;2
20230313;03;2023;7394766;1;1;01;54;1;286.73982767;54;2;1;4;1;3;1;1;1;3;1;1;5;2;1;1;1;1;1;3;1;;;195000000;700000;;;1;;;;1;1;;;;;2
20230313;03;2023;7394768;1;1;01;54;1;284.33614938;54;2;1;4;1;3;1;1;1;3;1;1;4;1;1;1;1;1;1;3;3;;;;;550000;;1;;;;;;;;;;1
20230313;03;2023;7394769;1;1;01;54;1;211.61022853;54;2;1;4;1;3;1;1;1;3;1;1;4;2;1;1;1;1;1;3;3;;;;;600000;;1;;;;;;;;;;3
20230313;03;2023;7394771;1;1;01;54;1;418.17619919;54;1;1;4;1;3;1;1;1;3;1;1;5;3;1;1;1;1;1;3;6;;;;700000;;;1;;;;;;;;;;2
20230313;03;2023;7394774;1;1;01;54;1;274.79720547;54;1;1;4;1;3;2;1;1;3;1;1;3;2;1;1;1;1;1;4;1;;;90000000;400000;;;1;;;;;1;;;;;5
20230313;03;2023;7394775;1;1;01;54;1;397.7661199;54;1;1;4;1;3;1;1;1;3;1;1;9;5;1;1;1;1;1;3;1;;;150000000;500000;;;1;;;;;;;;;;9
20230313;03;2023;7394776;1;1;01;54;1;378.52188973;54;1;1;4;1;3;1;1;1;3;1;1;3;2;1;1;1;1;3;3;1;;;200000000;500000;;;1;;;;;;;;;;3
20230313;03;2023;7394777;1;1;01;54;1;333.81603594;54;1;1;4;1;3;1;1;1;3;1;1;4;1;1;1;1;1;1;3;1;;;280000000;850000;;;1;;;;;1;;;;;2
20230313;03;2023;7394778;1;1;01;54;1;341.29878864;54;2;1;4;1;3;1;1;1;3;1;1;5;4;1;1;1;1;3;3;1;;;100000000;600000;;;1;;;;;;;;;;5
20230313;03;2023;7394779;1;1;01;54;1;332.58844438;54;1;1;4;1;3;1;1;1;3;1;1;5;3;1;1;1;1;1;3;1;;;150000000;700000;;;1;;;;;;;;;;4
20230313;03;2023;7394780;1;1;01;54;1;653.09432837;54;1;1;4;1;3;1;1;1;3;1;1;5;4;1;1;1;1;1;3;1;;;20000000;500000;;;1;;;;;;;;;;7
20230313;03;2023;7394781;1;1;01;54;1;375.67003039;54;2;1;4;1;3;1;1;1;3;1;1;3;2;1;1;1;1;1;3;3;;;;;450000;;1;;;;;;;;;;5
20230313;03;2023;7394782;1;1;01;54;1;261.03422782;54;1;1;4;1;3;1;1;1;3;1;1;4;3;1;1;1;1;1;3;3;;;;;500000;;;;;;;;;1;;;5
20230313;03;2023;7394783;1;1;01;54;1;390.48933094;54;2;1;4;1;3;1;1;1;3;1;1;4;3;1;1;1;1;1;3;3;;;;;500000;;1;;;;;;;;;;4
20230313;03;2023;7394784;1;1;01;54;1;301.17870962;54;1;1;4;1;3;1;1;1;3;1;1;4;3;1;1;1;1;1;3;1;;;226000000;600000;;;1;;;;;;;;;;3
20230313;03;2023;7394785;1;1;01;54;1;175.55078883;54;2;1;4;1;1;1;1;1;3;1;1;4;3;1;1;1;1;1;3;5;;;;350000;;;1;;;;;1;;;;;4
20230313;03;2023;7394786;1;1;01;54;1;291.67325421;54;1;1;4;1;1;2;1;1;3;1;1;2;1;1;1;1;1;1;4;3;;;;;350000;;;;;;;;;1;;;1
20230313;03;2023;7394788;1;1;01;54;1;303.58462063;54;1;1;2;1;1;1;1;1;3;1;1;3;2;1;1;1;1;1;3;5;;;;450000;;;1;;;;;;;;;;3
20230313;03;2023;7394789;1;1;01;54;1;283.52614025;54;2;1;2;1;1;1;1;1;3;1;1;2;1;1;1;1;1;1;3;4;;;;200000;;;;;;;;;;1;;;1
20230313;03;2023;7394790;1;1;01;54;1;400.12528114;54;1;1;2;1;1;1;1;1;3;1;1;3;2;1;1;1;1;1;3;4;;;;300000;;;;;;;;;;1;;;5
20230313;03;2023;7394791;1;1;01;54;1;307.26248762;54;1;1;4;1;1;1;1;1;3;1;1;3;2;1;1;1;1;1;3;5;;;;550000;;;1;;;;;1;;;;;2
20230313;03;2023;7394792;1;1;01;54;1;434.46209892;54;2;1;4;1;1;1;1;1;3;1;1;1;1;1;1;1;1;2;3;3;;;;;200000;;;;;;;;;1;;;1
20230313;03;2023;7394793;1;1;01;54;1;406.71982246;54;2;1;6;1;1;1;1;1;3;1;1;2;1;1;1;1;1;1;3;3;;;;;400000;;;;;;;;;1;;;2
20230313;03;2023;7394796;1;1;01;54;1;434.70400913;54;1;1;4;1;3;1;1;1;3;1;1;5;3;1;1;1;1;1;3;3;;;;;1000000;;1;;;;;;;;;;5
20230309;03;2023;7394797;1;1;01;63;1;142.63953624;63;1;1;2;1;1;1;1;1;3;1;1;3;2;1;1;1;1;1;3;1;;;30000000;300000;;;;;;;;;;1;;;3
20230310;03;2023;7394799;1;1;01;63;1;154.8925022;63;1;1;4;1;1;1;1;1;3;1;1;4;3;1;1;1;1;1;3;3;;;;;350000;;1;;;;;;;;;;3
20230311;03;2023;7394801;1;1;01;63;1;132.26936534;63;2;1;4;1;3;1;1;1;3;1;1;4;1;1;1;1;1;1;3;1;;;98;600000;;;1;;;;;;;;;;2
20230312;03;2023;7394802;1;1;01;63;1;123.60856298;63;1;1;4;1;3;1;1;1;3;1;1;4;2;1;1;1;1;1;3;1;;;120000000;600000;;1;1;;;1;;1;;;;;3
20230312;03;2023;7394803;1;1;01;63;1;102.24812459;63;1;1;4;1;3;1;1;1;3;1;1;4;2;1;1;1;1;3;3;1;;;150000000;650000;;;1;;;;1;;1;;;NEQUI;2
20230312;03;2023;7394804;1;1;01;63;1;127.02210066;63;2;1;4;1;1;1;1;1;3;1;1;3;1;1;1;1;1;1;3;3;;;;;350000;;1;;;;;;;;;;1
20230313;03;2023;7394805;1;1;01;63;1;193.61562775;63;1;1;4;1;4;1;1;1;3;1;1;4;2;1;1;1;1;1;3;1;;;98;900000;;;1;1;;;;1;;;;;3
20230313;03;2023;7394806;1;1;01;63;1;127.08677466;63;1;1;4;1;4;1;1;1;3;1;1;3;2;1;1;1;1;1;3;3;;;;;1000000;1;1;1;;;1;1;;;;;3
20230313;03;2023;7394807;1;1;01;63;1;132.73058251;63;1;1;4;1;4;1;1;1;3;1;1;4;3;1;1;1;1;1;3;3;;;;;900000;;1;;;;;;;;;;3
20230313;03;2023;7394808;1;1;01;63;1;161.34635646;63;1;1;4;1;1;1;1;1;3;1;1;4;2;1;1;1;1;1;3;3;;;;;300000;;;;;;;;;1;;;3
20230313;03;2023;7394809;1;1;01;63;1;85.51034981;63;1;1;4;1;1;1;1;1;3;1;1;3;1;1;1;1;1;1;3;4;;;;350000;;;;;;;;;;1;;;2
20230313;03;2023;7394810;1;1;01;63;1;92.444426972;63;1;1;4;1;1;1;1;1;3;1;1;3;1;1;1;1;1;1;3;1;;;98;380000;;;;;;;;;;1;;;1
20230313;03;2023;7394811;1;1;01;63;1;160.23332238;63;1;1;4;1;1;1;1;1;3;1;1;3;2;1;1;1;1;1;3;3;;;;;450000;;1;;;;;;;;;;3
20230313;03;2023;7394812;1;1;01;63;1;233.935667;63;1;1;4;1;3;1;1;1;3;1;1;4;2;1;1;1;1;1;3;3;;;;;500000;;1;;;;;;;;;;3
20230313;03;2023;7394813;1;1;01;63;1;138.66664046;63;1;1;4;1;3;1;1;1;3;1;1;3;1;1;1;1;1;1;3;3;;;;;500000;;1;;;;;;;;;;1
20230313;03;2023;7394815;1;1;01;63;1;138.66664046;63;1;1;4;1;3;1;1;1;3;1;1;3;1;1;1;1;1;1;3;1;;;110000000;500000;;1;1;;;;;1;;;;;1
20230313;03;2023;7394816;1;1;01;63;1;123.99627891;63;1;1;4;1;1;1;1;1;3;1;1;3;1;1;1;1;1;1;3;3;;;;;380000;;;;;;;;;1;;;1
20230313;03;2023;7394817;1;1;01;63;1;170.28803013;63;1;1;4;1;1;1;1;1;3;1;1;3;2;1;1;1;1;1;3;3;;;;;350000;;1;;;;;;;;;;3
20230313;03;2023;7394818;1;1;01;63;1;82.352008637;63;1;1;4;1;1;1;1;1;3;1;1;3;1;1;1;1;1;1;3;3;;;;;300000;;1;;;;;;;;;;1
20230313;03;2023;7394819;1;1;01;63;1;126.32619713;63;1;1;2;1;1;1;1;1;3;1;1;3;2;1;1;1;1;1;3;4;;;;350000;;;1;;;;;;;;;;3
20230313;03;2023;7394820;1;1;01;63;1;153.7545843;63;1;1;4;1;1;1;1;1;3;1;1;3;2;1;1;1;1;1;3;3;;;;;350000;;1;;;;;;;;;;6
20230313;03;2023;7394821;1;1;01;63;1;107.45047759;63;1;1;4;1;1;1;1;1;3;1;1;4;2;1;1;1;1;1;3;3;;;;;300000;;;;;;;;;1;;;2
20230313;03;2023;7394822;1;1;01;63;1;192.27998685;63;1;1;4;1;4;1;1;1;3;1;1;4;2;1;1;1;1;1;3;3;;;;;1200000;;1;;;;;1;;;;;3
20230313;03;2023;7394823;1;1;01;63;1;121.24691823;63;1;1;4;1;1;1;1;1;3;1;1;3;2;1;1;1;1;1;3;6;;;;400000;;;1;;;;;;;;;;2
20230313;03;2023;7394824;1;1;01;63;1;127.70030122;63;1;1;2;1;1;1;1;1;3;1;1;3;1;1;1;1;1;1;3;1;;;98;320000;;;1;;;;;;;;;;1
20230313;03;2023;7394825;1;1;01;63;1;153.86659817;63;1;1;4;1;1;1;1;1;3;1;1;4;3;1;1;1;1;1;3;1;;;40000000;400000;;;;;;;;;;1;;;5
20230313;03;2023;7394826;1;1;01;63;1;132.54386521;63;1;1;4;1;1;1;1;1;3;1;1;3;2;1;1;1;1;1;3;1;;;98;300000;;;;;;;;;;1;;;2
20230313;03;2023;7394827;1;1;01;63;1;121.24691823;63;1;1;4;1;1;1;1;1;3;1;1;3;2;1;1;1;1;1;3;4;;;;300000;;;1;;;;;;;;;;2
20230313;03;2023;7394829;1;1;01;63;1;160.23332238;63;2;1;4;1;1;1;1;1;3;1;1;3;2;1;1;1;1;1;3;3;;;;;300000;;1;;;;;;;;;;3
20230313;03;2023;7394830;1;1;01;63;1;145.49630187;63;1;1;4;1;4;1;1;1;3;1;1;4;1;1;1;1;1;1;3;1;;;99;1200000;;;1;;;;;;;;;;2
20230313;03;2023;7394831;1;1;01;63;1;128.64375986;63;1;1;4;1;1;1;1;1;3;1;1;3;2;1;1;1;1;1;3;3;;;;;350000;;1;;;;;;;;;;3
20230313;03;2023;7394832;1;1;01;63;1;228.14207485;63;1;1;4;1;3;1;1;1;3;1;1;3;2;1;1;1;1;1;3;3;;;;;530000;;1;;;;;;;;;;4
20230313;03;2023;7394833;1;1;01;63;1;239.90181269;63;1;1;4;1;3;1;1;1;3;1;1;4;3;1;1;1;1;1;3;6;;;;400000;;;1;;;;;;;;;;5
20230313;03;2023;7394834;1;1;01;63;1;221.32487373;63;1;1;4;1;3;1;1;1;3;1;1;4;2;1;1;1;1;1;3;2;;280000;120000000;600000;;;1;;1;;;;;;;;3
20230313;03;2023;7394835;1;1;01;63;1;196.91486058;63;1;1;4;1;4;1;1;1;3;1;1;3;1;1;1;1;1;1;3;3;;;;;1350000;;1;;;;;;;;;;2
20230313;03;2023;7394836;1;1;01;63;1;103.18925278;63;1;1;4;1;4;1;1;1;3;1;1;4;2;1;1;1;1;1;3;1;;;250000000;1200000;;;1;;;;;1;;;;;2
20230313;03;2023;7394837;1;1;01;63;1;159.05263825;63;1;1;4;1;4;1;1;1;3;1;1;4;1;1;1;1;1;1;3;1;;;300000000;1400000;;;1;;;;;;;;;;2
20230313;03;2023;7394838;1;1;01;63;1;110.93331237;63;1;1;4;1;4;1;1;1;3;1;1;4;1;1;1;1;1;1;3;1;;;200000000;1300000;;;1;;;;;;;;;;1
20230313;03;2023;7394839;1;1;01;63;1;92.8703275;63;1;1;4;1;3;1;1;1;3;1;1;4;2;1;1;1;1;1;3;1;;;150000000;650000;;;1;;;;;;;;;;2
20230313;03;2023;7394840;1;1;01;63;1;177.05989899;63;1;1;4;1;4;1;1;1;3;1;1;4;3;1;1;1;1;1;3;3;;;;;1200000;;1;;;;;;;;;;3
20230313;03;2023;7394841;1;1;01;63;1;145.6636861;63;2;1;4;1;3;1;1;1;3;1;1;4;3;1;1;1;1;1;3;3;;;;;550000;;1;;;;;;;;;;4
20230313;03;2023;7394842;1;1;01;63;1;130.35733606;63;1;1;4;1;3;1;1;1;3;1;1;4;3;1;1;1;1;1;3;3;;;;;600000;;1;;;;;;;;;;3
20230313;03;2023;7394844;1;1;01;63;1;116.3970415;63;1;1;4;1;3;1;1;1;3;1;1;3;1;1;1;1;1;1;3;1;;;98;600000;;;1;;;;;;;;;;2
20230313;03;2023;7394845;1;1;01;63;1;112.84118008;63;1;1;4;1;3;1;1;1;3;1;1;5;2;1;1;1;1;1;3;1;;;98;700000;;;1;;;;;;;;;;2
20230313;03;2023;7394846;1;1;01;63;1;159.64951328;63;1;1;4;1;1;1;1;1;3;1;1;3;2;1;1;1;1;1;3;1;;;99;500000;;;1;;;;;;;;;;3
20230313;03;2023;7394847;1;1;01;63;1;131.05514634;63;2;1;4;1;1;1;1;1;3;1;1;2;1;1;1;1;1;1;3;3;;;;;300000;;;;;;;;;1;;;2
20230313;03;2023;7394848;1;1;01;63;1;132.26936534;63;1;1;4;1;1;1;1;1;3;1;1;4;2;1;1;1;1;1;3;4;;;;350000;;;;;;;;;;1;;;2
20230313;03;2023;7394849;1;1;01;63;1;99.83998113;63;1;1;4;1;3;1;1;1;3;1;1;4;1;1;1;1;1;1;3;1;;;160000000;600000;;;1;;;;;;;;;;1
20230313;03;2023;7394850;1;1;01;63;1;184.04539145;63;2;1;4;1;3;1;1;1;3;1;1;3;2;1;1;1;1;1;3;3;;;;;700000;;1;;;;;;;;;;4
20230313;03;2023;7394851;1;1;01;63;1;160.56389599;63;1;1;4;1;3;1;1;1;3;1;1;4;2;1;1;1;1;1;3;2;;220000;98;600000;;;1;;1;;;;1;;;NEQUI;3
20230313;03;2023;7394852;1;1;01;63;1;166.50851645;63;1;1;4;1;3;1;1;1;3;1;1;5;3;1;1;1;1;1;3;3;;;;;400000;;1;;;;;;1;;;NEQUI;4
20230313;03;2023;7394855;1;1;01;63;1;132.26936534;63;1;1;4;1;2;1;1;1;3;1;1;3;1;1;1;1;1;1;3;1;;;98;600000;;;1;;;;;;;;;;2
20230313;03;2023;7394856;1;1;01;63;1;185.76876015;63;1;1;4;1;1;1;1;1;3;1;1;3;2;1;1;1;1;1;3;3;;;;;500000;;;;;;;;;1;;;3
20230313;03;2023;7394857;1;1;01;63;1;124.01509217;63;1;1;4;1;1;1;1;1;3;1;1;3;2;1;1;1;1;1;3;1;;;98;500000;;;1;;;;;;;;;;3
20230313;03;2023;7394858;1;1;01;63;1;179.01350961;63;1;1;4;1;1;1;1;1;3;1;1;3;2;1;1;1;1;1;3;3;;;;;400000;;1;;;;;;;;;;2
20230313;03;2023;7394859;1;1;01;63;1;85.625033312;63;2;1;4;1;1;1;1;1;3;1;1;3;2;1;1;1;1;1;3;3;;;;;450000;;1;;;;;;;;;;2
20230313;03;2023;7394860;1;1;01;63;1;127.70030122;63;1;1;4;1;1;1;1;1;3;1;1;2;1;1;1;1;1;1;3;3;;;;;290000;;;;;;;;;1;;;1
20230313;03;2023;7394861;1;1;01;63;1;166.68956745;63;1;1;4;1;1;1;1;1;3;1;1;4;1;1;1;1;1;1;3;1;;;98;700000;;;;;;;;;;1;;;2
20230313;03;2023;7394862;1;1;01;63;1;82.798500706;63;1;1;4;1;1;1;1;1;3;1;1;3;2;1;1;1;1;1;3;3;;;;;350000;;;;;;;;;1;;;2
20230313;03;2023;7394863;1;1;01;63;1;164.09571715;63;1;1;4;1;1;1;1;1;3;1;1;3;1;1;1;1;1;1;3;1;;;99;400000;;;;;;;;;;1;;;2
20230313;03;2023;7394865;1;1;01;63;1;115.87318761;63;1;1;4;1;3;1;1;1;3;1;1;4;3;1;1;1;1;1;3;1;;;130000000;500000;;;1;;;;1;;1;;;DAVIPLATA;3
20230313;03;2023;7394866;1;1;01;63;1;127.70030122;63;1;1;4;1;1;1;1;1;3;1;1;2;1;1;1;1;1;1;3;3;;;;;300000;;;;;;;;;1;;;1
20230313;03;2023;7394868;1;1;01;63;1;183.3585242;63;1;1;4;1;3;1;1;1;3;1;1;4;1;1;1;1;1;1;3;3;;;;;500000;;1;;;;;;;;;;2
20230313;03;2023;7394869;1;1;01;63;1;177.05989899;63;1;1;4;1;3;1;1;1;3;1;1;5;2;1;1;1;1;1;3;3;;;;;500000;;1;;;;;1;;;;;3
20230313;03;2023;7394870;1;1;01;63;1;144.16066097;63;1;1;2;1;1;2;1;1;3;1;1;3;2;1;1;1;1;1;4;3;;;;;360000;;1;;;;1;;;;;;2
20230313;03;2023;7394871;1;1;01;63;1;170.42870212;63;2;1;4;1;3;1;1;1;3;1;1;3;2;1;1;1;1;1;3;3;;;;;650000;;1;;;;;;;;;;2
20230313;03;2023;7394872;1;1;01;63;1;136.25296884;63;1;1;4;1;1;1;1;1;3;1;1;3;2;1;1;1;1;1;3;3;;;;;400000;;;;;;;;;1;;;3
20230313;03;2023;7394873;1;1;01;63;1;92.444426972;63;1;1;4;1;1;1;1;1;3;1;1;2;1;1;1;1;1;1;3;3;;;;;350000;;;;;;;;;1;;;1
20230313;03;2023;7394874;1;1;01;63;1;156.92441124;63;2;1;4;1;3;1;1;1;3;1;1;3;2;1;1;1;1;1;3;1;;;90000000;550000;;;1;;;;;;;;;;4
20230313;03;2023;7394876;1;1;01;63;1;158.7232384;63;2;1;4;1;3;1;1;1;3;1;1;4;1;1;1;1;1;1;3;3;;;;;200000;;1;;;;;;;;;;2
20230313;03;2023;7394877;1;1;01;63;1;116.70464966;63;2;1;4;1;3;1;1;1;3;1;1;4;3;1;1;1;1;1;3;1;;;100000000;500000;;;1;;;;;;;;;;3
20230313;03;2023;7394879;1;1;01;63;1;214.81621154;63;2;1;4;1;3;1;1;1;3;1;1;3;1;1;1;1;1;1;3;3;;;;;600000;;1;;;;;;;;;;2
20230313;03;2023;7394880;1;1;01;63;1;188.06771634;63;1;1;4;1;1;1;1;1;3;1;1;2;1;1;1;1;1;1;3;5;;;;200000;;;;;;;;;;1;;;1
20230313;03;2023;7394881;1;1;01;63;1;243.27009249;63;1;1;4;1;1;1;1;1;3;1;1;4;3;1;1;1;1;1;3;5;;;;99;;;1;;;;;;;;;;4
20230313;03;2023;7394884;1;1;01;63;1;181.87037734;63;1;1;4;1;3;1;1;1;3;1;1;3;2;1;1;1;1;1;3;1;;;99;500000;;;;;;;;;;1;;;2
20230313;03;2023;7394885;1;1;01;63;1;144.16066097;63;1;1;4;1;3;1;1;1;3;1;1;5;2;1;1;1;1;1;3;3;;;;;700000;;1;;;;;;;;;;2
20230313;03;2023;7394886;1;1;01;63;1;263.20587101;63;1;1;4;1;1;1;1;1;3;1;1;4;3;1;1;1;1;1;3;3;;;;;450000;;1;;;;;;;;;;6
20230313;03;2023;7394887;1;1;01;63;1;185.99441837;63;1;1;4;1;3;1;1;1;3;1;1;3;1;1;1;1;1;1;3;1;;;99;600000;;;1;;;;;1;;;;;1
20230313;03;2023;7394889;1;1;01;63;1;200.70486998;63;1;1;4;1;3;1;1;1;3;1;1;4;2;1;1;1;1;1;3;3;;;;;600000;;1;;;;;;;;;;3
20230313;03;2023;7394890;1;1;01;63;1;195.20096512;63;1;1;2;1;1;1;1;1;3;1;1;3;2;1;1;1;1;1;3;5;;;;600000;;;1;;;;1;;;;;;2
20230313;03;2023;7394892;1;1;01;63;1;200.8518781;63;2;1;4;1;1;1;1;1;3;1;1;3;2;1;1;1;1;1;3;5;;;;400000;;;;;;;;;;1;;;3
20230313;03;2023;7394893;1;1;01;63;1;211.61253101;63;1;1;4;1;1;1;1;1;3;1;1;3;2;1;1;1;1;1;3;3;;;;;500000;;1;;;;;;;;;;4
20230313;03;2023;7394894;1;1;01;63;1;226.47591074;63;1;1;4;1;1;1;1;1;3;1;1;4;3;1;1;1;1;1;3;1;;;98;400000;;;1;;;;;;;;;;4
20230313;03;2023;7394895;1;1;01;63;1;154.19619034;63;1;1;2;1;1;1;1;1;3;1;1;3;2;1;1;1;1;1;3;5;;;;98;;;;;;;;;;1;;;3
20230313;03;2023;7394896;1;1;01;63;1;158.24524881;63;1;1;2;1;1;1;1;1;3;1;1;3;2;1;1;1;1;1;3;3;;;;;350000;;1;;;;;;;;;;2
20230313;03;2023;7394897;1;1;01;63;1;245.09957208;63;1;7;2;1;1;1;1;1;3;1;1;2;1;1;1;1;1;1;3;5;;;;300000;;;1;;;;;;;;;;4
20230313;03;2023;7394898;1;1;01;63;1;184.61195907;63;1;1;2;1;1;1;1;1;3;1;1;3;2;1;1;1;1;1;3;4;;;;300000;;;1;;;;;;;;;;6
20230313;03;2023;7394899;1;1;01;63;1;176.73192871;63;2;1;4;1;5;1;1;1;3;1;1;4;3;1;1;1;1;1;3;3;;;;;800000;;1;;;;;;;;;;3
20230313;03;2023;7394900;1;1;01;63;1;344.12815411;63;2;1;4;1;5;1;1;1;3;1;1;4;3;1;1;1;1;1;3;3;;;;;900000;;1;;;;;1;1;;;NEQUI;5
20230313;03;2023;7394901;1;1;01;63;1;292.26149956;63;2;1;4;1;5;1;1;1;3;1;1;4;3;1;1;1;1;1;3;4;;;;650000;;;1;;;;;;;;;;3
20230313;03;2023;7394903;1;1;01;63;1;116.3970415;63;1;1;4;1;3;1;1;1;3;1;1;5;2;1;1;1;1;1;3;1;;;150000000;500000;;;1;;;;;;;;;;2
20230313;03;2023;7394904;1;1;01;63;1;123.25923596;63;2;1;4;1;5;1;1;1;3;1;1;4;1;1;1;1;1;1;3;1;;;98;1000000;;;1;1;;;;;;;;;1
20230313;03;2023;7394905;1;1;01;63;1;109.80267818;63;2;1;4;1;5;1;1;1;3;1;1;4;1;1;1;1;1;1;3;3;;;;;1200000;;1;;;;;;1;;;NEQUI;1
20230313;03;2023;7394907;1;1;01;63;1;154.37251183;63;3;4;2;1;1;2;1;1;3;1;1;2;2;1;1;1;1;1;4;3;;;;;180000;;;;;;;;;1;;;3
20230313;03;2023;7394908;1;1;01;63;1;166.79669784;63;3;1;2;1;1;2;1;1;3;1;1;2;1;1;1;1;1;1;4;5;;;;250000;;;;;;;;;1;;;NEQUI;1
20230313;03;2023;7394909;1;1;01;63;1;137.6719888;63;3;1;2;1;1;2;1;1;3;1;1;2;2;1;1;1;1;1;4;3;;;;;200000;;;;;;;;;1;;;4
20230313;03;2023;7394911;1;1;01;63;1;153.24036146;63;3;4;2;1;1;2;1;1;3;1;1;1;1;1;2;1;1;6;;3;;;;;60000;;;;;;;;;1;;;1
20230313;03;2023;7394912;1;1;01;63;1;153.24036146;63;3;4;2;1;1;2;1;1;3;1;1;1;1;1;2;1;1;6;;4;;;;80000;;;;;;;;;;1;;;1
20230313;03;2023;7394913;1;1;01;63;1;134.74694419;63;1;1;4;1;3;1;1;1;3;1;1;4;3;1;1;1;1;1;3;1;;;99;500000;;;1;;;;;;;;;;3
20230313;03;2023;7394914;1;1;01;63;1;107.13278498;63;2;1;4;1;3;1;1;1;3;1;1;3;2;1;1;1;1;1;3;3;;;;;490000;;1;;;;;;;;;;1
20230313;03;2023;7394915;1;1;01;63;1;104.75733735;63;1;1;4;1;3;1;1;1;3;1;1;3;2;1;1;1;1;1;3;1;;;99;500000;;;1;;;;;;;;;;2
20230313;03;2023;7394916;1;1;01;63;1;143.79174896;63;2;1;4;1;3;1;1;1;3;1;1;4;3;1;1;1;1;1;3;3;;;;;450000;;1;;;;;;;;;;4
20230313;03;2023;7394917;1;1;01;63;1;149.17887958;63;2;1;4;1;3;1;1;1;3;1;1;4;3;1;1;1;1;1;3;3;;;;;550000;;1;;;;;;;;;;6
20230313;03;2023;7394918;1;1;01;63;1;146.52055573;63;2;1;4;1;3;1;1;1;3;1;1;4;3;1;1;1;1;1;3;3;;;;;350000;;1;;;;;;;;;;5
20230313;03;2023;7394920;1;1;01;63;1;132.01813742;63;2;1;4;1;3;1;1;1;3;1;1;3;2;1;1;1;1;1;3;3;;;;;550000;;1;;;;;;;;;;2
20230313;03;2023;7394921;1;1;01;63;1;153.24036146;63;3;4;2;1;1;2;1;1;3;1;1;1;1;1;2;1;1;2;4;3;;;;;60000;;;;;;;;;1;;;1
20230313;03;2023;7394922;1;1;01;63;1;142.62854447;63;2;1;4;1;5;1;1;1;3;1;1;4;1;1;1;1;1;1;3;1;;;270000000;1500000;;;1;;;;;1;;;;;1
20230313;03;2023;7394923;1;1;01;63;1;142.62854447;63;2;1;4;1;5;1;1;1;3;1;1;4;1;1;1;1;1;1;3;3;;;;;1000000;;;;;;;;;1;;;1
20230313;03;2023;7394924;1;1;01;63;1;142.62854447;63;2;1;4;1;5;1;1;1;3;1;1;4;1;1;1;1;1;1;3;1;;;250000000;1200000;;;1;;;;;;;;;;1
20230313;03;2023;7394928;1;1;01;63;1;197.02332188;63;2;1;4;1;4;1;1;1;3;1;1;4;3;1;1;1;1;1;3;4;;;;700000;;;;;;;;;;1;;;1
20230313;03;2023;7394929;1;1;01;63;1;195.39817556;63;3;4;2;1;1;2;1;1;3;1;1;3;2;1;1;1;1;3;4;4;;;;200000;;;;;;;;;;1;;;8
20230313;03;2023;7394930;1;1;01;63;1;170.58670724;63;3;4;2;1;1;2;1;1;3;1;1;1;1;1;2;1;1;2;4;3;;;;;140000;;;;;;;;;1;;;2
20230313;03;2023;7394931;1;1;01;63;1;132.73058251;63;3;4;2;1;1;2;1;1;3;1;1;1;1;1;2;1;1;2;4;3;;;;;60000;;;;;;;;;1;;;3
20230313;03;2023;7394933;1;1;01;63;1;137.36829584;63;2;1;4;1;3;1;1;1;3;1;1;4;3;1;1;1;1;1;3;3;;;;;500000;;1;;;;;;;;;;3
20230313;03;2023;7394934;1;1;01;63;1;144.50750639;63;2;1;4;1;3;1;1;1;3;1;1;4;3;1;1;1;1;1;3;3;;;;;500000;;1;;;;;;;;;;3
20230313;03;2023;7394935;1;1;01;63;1;135.10448146;63;1;1;4;1;3;1;1;1;3;1;1;4;3;1;1;1;1;1;3;3;;;;;450000;;;;;;;;;1;;;4
20230313;03;2023;7394936;1;1;01;63;1;266.36395388;63;2;1;4;1;5;1;1;1;3;1;1;4;3;1;1;1;1;1;3;1;;;98;1000000;;;1;;;;;;;;;;3
20230313;03;2023;7394937;1;1;01;63;1;142.62854447;63;2;1;4;1;5;1;1;1;3;1;1;4;3;1;1;1;1;1;3;1;;;99;1000000;;;1;;;;;;;;;;1
20230313;03;2023;7394938;1;1;01;63;1;214.45289722;63;2;1;4;1;5;1;1;1;3;1;1;4;3;1;1;1;1;1;3;4;;;;1000000;;;1;;;;;;;;;;1
20230309;03;2023;7394939;1;1;01;66;1;124.32866569;66;2;1;4;1;5;1;1;1;3;1;3;2;1;1;1;1;1;1;3;3;;;;;220000;;1;;;;;;;;;;1
20230309;03;2023;7394939;2;2;01;66;1;124.32866569;66;2;1;4;1;5;1;1;1;3;1;3;2;1;1;1;1;1;1;3;3;;;;;220000;;1;;;;;;;;;;1
20230309;03;2023;7394939;3;3;01;66;1;124.32866569;66;2;1;4;1;5;1;1;1;3;1;3;2;1;1;1;1;1;1;3;4;;;;840000;;;1;;;;;;;;;;1
20230309;03;2023;7394940;1;1;01;66;1;272.829488;66;2;1;4;1;4;1;1;1;3;1;3;2;1;1;1;1;1;1;3;3;;;;;450000;;1;;;;;;;;;;1
20230309;03;2023;7394940;2;2;01;66;1;272.829488;66;2;1;4;1;4;1;1;1;3;1;3;2;1;1;1;1;1;1;3;3;;;;;450000;;1;;;;;;;;;;1
20230309;03;2023;7394940;3;3;01;66;1;272.829488;66;2;1;4;1;4;1;1;1;3;1;3;2;1;1;1;1;1;1;3;3;;;;;450000;;1;;;;;;;;;;1
20230309;03;2023;7394941;1;1;01;66;1;96.134575812;66;2;1;4;1;4;1;1;1;3;1;3;2;1;1;1;1;1;1;3;4;;;;720000;;;1;;;;;;;;;;1
20230309;03;2023;7394941;2;2;01;66;1;96.134575812;66;2;1;4;1;4;1;1;1;3;1;3;2;1;1;1;1;1;1;3;3;;;;;225000;;1;;;;;;;;;;1
20230309;03;2023;7394941;3;3;01;66;1;96.134575812;66;2;1;4;1;4;1;1;1;3;1;3;2;1;1;1;1;1;1;3;3;;;;;225000;;1;;;;;;;;;;1
20230309;03;2023;7394942;1;1;01;66;1;100.72924304;66;2;1;4;1;2;1;1;1;3;1;2;2;1;1;1;1;1;1;3;4;;;;310000;;;1;;;;;;;;;;1
20230309;03;2023;7394942;2;2;01;66;1;100.72924304;66;2;1;4;1;2;1;1;1;3;1;2;2;1;1;1;1;1;1;3;3;;;;;180000;;1;;;;;;;;;;1
20230310;03;2023;7394943;1;1;01;66;1;272.829488;66;1;1;4;1;4;1;1;1;3;1;4;4;1;1;1;1;1;1;3;4;;;;520000;;;1;;;;;;;;;;1
20230310;03;2023;7394943;2;2;01;66;1;272.829488;66;1;1;4;1;4;1;1;1;3;1;4;1;1;1;1;1;1;1;3;3;;;;;225000;;1;;;;;;;;;;1
20230310;03;2023;7394943;3;3;01;66;1;272.829488;66;1;1;4;1;4;1;1;1;3;1;4;1;1;1;1;1;1;1;3;3;;;;;225000;;1;;;;;;;;;;1
20230310;03;2023;7394943;4;4;01;66;1;272.829488;66;1;1;4;1;4;1;1;1;3;1;4;1;1;1;1;1;1;1;3;3;;;;;225000;;1;;;;;;;;;;1
20230310;03;2023;7394944;1;1;01;66;1;291.91632461;66;1;1;4;1;2;1;1;1;3;1;4;2;1;1;1;1;1;1;3;3;;;;;123000;;1;;;;;;;;;;1
20230310;03;2023;7394944;2;2;01;66;1;291.91632461;66;1;1;4;1;2;1;1;1;3;1;4;2;1;1;1;1;1;1;3;3;;;;;128000;;1;;;;;;;;;;1
20230310;03;2023;7394944;3;3;01;66;1;291.91632461;66;1;1;4;1;2;1;1;1;3;1;4;2;1;1;1;1;1;1;3;3;;;;;128000;;1;;;;;;;;;;1
20230310;03;2023;7394944;4;4;01;66;1;291.91632461;66;1;1;4;1;2;1;1;1;3;1;4;1;1;1;1;1;1;1;3;4;;;;500000;;;1;;;;;;;;;;1
20230313;03;2023;7394945;1;1;01;66;1;223.22412654;66;2;1;4;1;2;1;1;1;2;1;1;4;2;1;1;1;1;3;3;3;;;;;400000;;1;;;;;;;;;;3
20230313;03;2023;7394946;1;1;01;66;1;684.46476422;66;2;1;4;1;2;1;1;1;2;1;1;4;3;1;1;1;1;1;3;3;;;;;500000;;1;;;;;;;;;;7
20230313;03;2023;7394947;1;1;01;66;1;392.58912102;66;2;1;4;1;2;1;1;1;2;1;1;3;2;1;1;1;1;3;3;3;;;;;420000;;1;;;;;;;;;;3
20230313;03;2023;7394948;1;1;01;66;1;246.95046391;66;2;1;4;1;1;1;1;1;2;1;1;3;3;1;1;1;1;3;3;3;;;;;600000;;;;;;;;;1;;;12
20230313;03;2023;7394949;1;1;01;66;1;87.13038208;66;2;1;4;1;3;1;1;1;3;1;1;3;2;1;1;1;1;1;3;4;;;;650000;;;1;;;;;;;;;;2
20230313;03;2023;7394950;1;1;01;66;1;188.90756579;66;2;1;4;1;3;1;1;1;3;1;1;4;2;1;1;1;1;1;3;1;;;100000000;500000;;;1;;;;;;;;;;2
20230313;03;2023;7394951;1;1;01;66;1;205.7025477;66;1;1;4;1;2;1;1;1;2;1;1;5;1;1;1;1;1;1;3;1;;;150000000;500000;;;1;;1;;;1;;;;;2
20230313;03;2023;7394952;1;1;01;66;1;205.88176175;66;2;1;4;1;3;1;1;1;3;1;1;3;1;1;1;1;1;3;3;3;;;;;400000;;1;;;;;;;;;;3
20230313;03;2023;7394953;1;1;01;66;1;220.77737949;66;1;1;4;1;3;1;1;1;3;1;1;4;1;1;1;1;1;1;3;3;;;;;650000;;1;;;;;;;;;;2
20230313;03;2023;7394954;1;1;01;66;1;101.62985274;66;2;1;4;1;3;1;1;1;3;1;1;2;1;1;1;1;1;1;3;3;;;;;400000;;1;;;;;;;;;;3
20230313;03;2023;7394955;1;1;01;66;1;220.10047075;66;1;1;4;1;3;1;1;1;3;1;1;4;1;1;1;1;1;1;3;1;;;100000000;700000;;;1;;;;;;;;;;1
20230313;03;2023;7394956;1;1;01;66;1;457.79259879;66;2;1;4;1;2;1;1;1;2;1;1;3;1;1;1;1;1;1;3;3;;;;;300000;;;;;;;;;1;;;2
20230313;03;2023;7394957;1;1;01;66;1;178.40276679;66;2;1;4;1;1;1;1;1;3;1;1;1;1;1;1;1;1;1;3;3;;;;;300000;;1;;;;;;;;;;1
20230313;03;2023;7394958;1;1;01;66;1;250.54348546;66;2;1;4;1;2;1;1;1;2;1;1;3;3;1;1;1;1;3;3;4;;;;350000;;;;;;;;;;1;;;6
20230313;03;2023;7394959;1;1;01;66;1;112.66753826;66;2;1;4;1;4;1;1;1;3;1;1;4;2;1;1;1;1;1;3;1;;;180000000;1000000;;;1;;;;;;;;;;2
20230313;03;2023;7394960;1;1;01;66;1;152.81887431;66;1;1;4;1;2;1;1;1;3;1;1;3;2;1;1;1;1;1;3;1;;;120000000;450000;;;1;;1;;;;;;;;2
20230313;03;2023;7394961;1;1;01;66;1;232.6620544;66;1;1;4;1;2;1;1;1;3;1;1;4;2;1;1;1;1;1;3;1;;;160000000;600000;;;1;;;;;;;;;;3
20230313;03;2023;7394962;1;1;01;66;1;98.807686221;66;2;1;4;1;3;1;1;1;3;1;1;2;1;1;1;1;1;3;3;3;;;;;350000;;1;;;;;1;;;;;1
20230313;03;2023;7394963;1;1;01;66;1;131.62276127;66;1;1;4;1;3;1;1;1;3;1;1;3;1;1;1;1;1;1;3;3;;;;;550000;;;;;;;;;1;;;1
20230313;03;2023;7394964;1;1;01;66;1;242.31885295;66;1;1;4;1;2;1;1;1;3;1;1;3;2;1;1;1;1;1;3;1;;;90000000;500000;;;1;;;;;1;;;;;3
20230313;03;2023;7394965;1;1;01;66;1;176.84764049;66;2;1;4;1;2;1;1;1;3;1;1;3;2;1;1;1;1;1;3;4;;;;400000;;;1;;;;;;;;;;2
20230313;03;2023;7394966;1;1;01;66;1;287.86609899;66;2;1;2;1;2;1;1;1;3;1;1;3;2;1;1;1;1;1;3;3;;;;;400000;;1;;;;;;;;;;3
20230313;03;2023;7394967;1;1;01;66;1;62.848428282;66;2;1;4;1;3;1;1;1;3;1;1;2;1;1;1;1;1;3;3;3;;;;;360000;;1;;;;1;1;;;;;1
20230313;03;2023;7394968;1;1;01;66;1;241.13901326;66;1;1;4;1;2;1;1;1;3;1;1;4;2;1;1;1;1;1;3;4;;;;600000;;;1;;;;;;;;;;3
20230313;03;2023;7394969;1;1;01;66;1;304.03296484;66;1;1;4;1;2;1;1;1;3;1;1;5;4;1;1;1;1;1;3;3;;;;;700000;;1;;;;1;1;;;;;7
20230313;03;2023;7394970;1;1;01;66;1;144.83912283;66;1;1;4;1;2;1;1;1;3;1;1;4;1;1;1;1;1;3;3;3;;;;;550000;;1;;;;;;;;;;2
20230313;03;2023;7394972;1;1;01;66;1;184.01453394;66;2;1;4;1;3;1;1;1;3;1;1;4;2;1;1;1;1;1;3;3;;;;;700000;;1;;;;;;;;;;3
20230313;03;2023;7394973;1;1;01;66;1;106.05872743;66;2;1;4;1;3;1;1;1;3;1;1;3;2;1;1;1;1;3;3;3;;;;;400000;;1;;;;;;;;;;3
20230313;03;2023;7394974;1;1;01;66;1;173.95662087;66;1;1;4;1;2;1;1;1;3;1;1;4;2;1;1;1;1;1;3;2;;400000;120000000;480000;;;1;;1;;;;;;;;2
20230313;03;2023;7394975;1;1;01;66;1;199.00658865;66;1;1;4;1;2;1;1;1;3;1;1;4;3;1;1;1;1;3;3;3;;;;;400000;;1;;;;1;;;;;;4
20230313;03;2023;7394976;1;1;01;66;1;219.68918163;66;1;1;4;1;2;1;1;1;3;1;1;4;3;1;1;1;1;1;3;1;;;90000000;450000;;;1;;;;;;;;;;4
20230313;03;2023;7394977;1;1;01;66;1;114.99206525;66;1;1;4;1;3;1;1;1;3;1;1;6;3;1;1;1;1;1;3;2;;1200000;350000000;1000000;;;1;;1;;;;;;;;4
20230313;03;2023;7394978;1;1;01;66;1;143.39504869;66;2;1;4;1;3;1;1;1;3;1;1;4;2;1;1;1;1;1;3;4;;;;650000;;;;;;;;;;1;;;2
20230313;03;2023;7394979;1;1;01;66;1;143.39504869;66;1;1;4;1;2;1;1;1;3;1;1;3;2;1;1;1;1;1;3;1;;;80000000;400000;;;1;;;;;;;;;;2
20230313;03;2023;7394980;1;1;01;66;1;337.45501851;66;2;1;4;1;3;1;1;1;3;1;1;3;2;1;1;1;1;1;3;3;;;;;450000;;1;;;;;;;;;;2
20230313;03;2023;7394981;1;1;01;66;1;87.360675819;66;1;1;4;1;3;1;1;1;3;1;1;3;2;1;1;1;1;1;3;1;;;110000000;500000;;;1;;;;;;;;;;2
20230313;03;2023;7394982;1;1;01;66;1;176.84764049;66;2;1;4;1;2;1;1;1;3;1;1;4;1;1;1;1;1;1;3;1;;;100000000;500000;;;1;;;;;;;;;;2
20230313;03;2023;7394983;1;1;01;66;1;131.62276127;66;1;1;4;1;2;1;1;1;3;1;1;3;1;1;1;1;1;1;3;1;;;180000000;650000;;;1;;;;;;;;;;1
20230313;03;2023;7394984;1;1;01;66;1;165.07535307;66;1;1;2;1;2;2;1;1;3;1;1;2;1;1;1;1;1;1;4;1;;;70000000;200000;;;1;;;;;;;;;;1
20230313;03;2023;7394986;1;1;01;66;1;184.01453394;66;1;1;4;1;2;1;1;1;3;1;1;5;3;1;1;1;1;1;3;1;;;230000000;500000;;;1;;;;;;;;;;3
20230313;03;2023;7394988;1;1;01;66;1;219.18150008;66;1;1;4;1;2;1;1;1;3;1;1;4;2;1;1;1;1;1;3;1;;;80000000;500000;;;1;;;;;;;;;;3
20230313;03;2023;7394989;1;1;01;66;1;198.84579611;66;2;1;4;1;6;1;1;1;3;1;1;4;1;1;1;1;1;1;3;3;;;;;2300000;;1;;;;;1;;;;;2
20230313;03;2023;7394990;1;1;01;66;1;201.75876486;66;2;1;4;1;6;1;1;1;3;1;1;3;1;1;1;1;1;1;3;1;;;300000000;2200000;;;1;;;;;;;;;;1
20230313;03;2023;7394991;1;1;01;66;1;131.75243542;66;2;1;4;1;2;1;1;1;3;1;1;3;2;1;1;1;1;1;3;4;;;;450000;;;1;;;;;;;;;;2
20230313;03;2023;7394992;1;1;01;66;1;153.95066814;66;2;1;4;1;2;1;1;1;3;1;1;4;3;1;1;1;1;3;3;3;;;;;450000;;1;;;;;;;;;;4
20230313;03;2023;7394993;1;1;01;66;1;144.36922926;66;2;1;4;1;2;1;1;1;3;1;1;2;1;1;1;1;1;1;3;3;;;;;480000;;1;;;;;;;;;;1
20230313;03;2023;7394994;1;1;01;66;1;216.14711615;66;2;1;4;1;6;1;1;1;3;1;1;4;1;1;1;1;1;1;3;1;;;420000000;5000000;;1;1;;;;;;;;;;2
20230313;03;2023;7394995;1;1;01;66;1;613.91418522;66;1;1;4;1;2;1;1;1;3;1;1;3;2;1;1;1;1;1;3;1;;;100000000;350000;;;;;;;;;;1;;;2
20230313;03;2023;7394996;1;1;01;66;1;613.64345737;66;1;1;4;1;2;1;1;1;3;1;1;4;3;1;1;1;1;1;3;1;;;150000000;600000;;;1;;;;;;;;;;4
20230313;03;2023;7394997;1;1;01;66;1;126.01003687;66;2;1;4;1;2;1;1;1;3;1;1;3;1;1;1;1;1;1;3;3;;;;;400000;;1;;;;;;;;;;2
20230313;03;2023;7394998;1;1;01;66;1;198.22529643;66;2;1;4;1;6;1;1;1;3;1;1;2;1;1;1;1;1;1;3;1;;;180000000;1400000;;;1;;1;;;;;;;;1
20230313;03;2023;7394999;1;1;01;66;1;314.75405197;66;2;1;4;1;2;1;1;1;2;1;1;1;1;1;1;1;1;1;3;3;;;;;350000;;1;;;;;;;;;;1
20230313;03;2023;7395000;1;1;01;66;1;223.22412654;66;1;1;4;1;1;1;1;1;2;1;1;4;3;1;1;1;1;1;3;3;;;;;400000;;1;;;;;;;;;;6
20230313;03;2023;7395002;1;1;01;66;1;270.72861829;66;2;1;4;1;3;1;1;1;3;1;1;3;3;1;1;1;1;1;3;3;;;;;600000;;1;;;;1;;;;;;4
20230313;03;2023;7395003;1;1;01;66;1;357.18372218;66;2;1;4;1;2;1;1;1;2;1;1;3;3;1;1;1;1;1;3;1;;;120000000;400000;;;1;;;;;;;;;;4
20230313;03;2023;7395004;1;1;01;66;1;199.22612512;66;2;1;4;1;6;1;1;1;6;1;1;3;1;1;1;1;1;1;3;3;;;;;2200000;;1;;;;;;;;;;3
20230313;03;2023;7395005;1;1;01;66;1;173.13573213;66;1;1;4;1;2;1;1;1;3;1;1;4;3;1;1;1;1;1;3;3;;;;;480000;;1;;;;1;1;;;;;4
20230313;03;2023;7395006;1;1;01;66;1;571.69056038;66;2;1;4;1;2;1;1;1;2;1;1;4;2;1;1;1;1;1;3;3;;;;;500000;;1;;;;;;;;;;3
20230313;03;2023;7395007;1;1;01;66;1;210.81740206;66;2;1;4;1;2;1;1;1;3;1;1;4;2;1;1;1;1;1;3;3;;;;;400000;;1;;;;;;;;;;3
20230313;03;2023;7395008;1;1;01;66;1;464.67027331;66;1;1;4;1;2;1;1;1;2;1;1;3;2;1;1;1;1;1;3;3;;;;;450000;;1;;;;;;;;;;2
20230313;03;2023;7395009;1;1;01;66;1;320.50796873;66;2;1;4;1;2;1;1;1;2;1;1;2;2;1;1;1;1;1;3;3;;;;;400000;;1;;;;;;;;;;4
20230313;03;2023;7395010;1;1;01;66;1;202.41598733;66;2;1;4;1;2;1;1;1;3;1;1;3;2;1;1;1;1;1;3;3;;;;;500000;;1;;;;1;;;;;;3
20230313;03;2023;7395011;1;1;01;66;1;464.67027331;66;2;1;4;1;2;1;1;1;2;1;1;2;1;1;1;1;1;3;3;3;;;;;420000;;;;;;;;;1;;;2
20230313;03;2023;7395012;1;1;01;66;1;137.48954938;66;2;1;4;1;2;1;1;1;3;1;1;3;2;1;1;1;1;1;3;3;;;;;420000;;1;;;;1;;;;;;3
20230313;03;2023;7395013;1;1;01;66;1;210.81740206;66;2;1;4;1;2;1;1;1;3;1;1;3;2;1;1;1;1;1;3;3;;;;;450000;;1;;;;;;;;;;3
20230313;03;2023;7395014;1;1;01;66;1;87.433600117;66;2;1;4;1;3;1;1;1;3;1;1;3;1;1;1;1;1;1;3;3;;;;;380000;;1;;;;;;;;;;3
20230313;03;2023;7395015;1;1;01;66;1;178.96121649;66;2;1;4;1;2;1;1;1;3;1;1;3;2;1;1;1;1;1;3;3;;;;;550000;;1;;;;;;;;;;2
20230313;03;2023;7395018;1;1;01;66;1;217.98717537;66;1;1;4;1;1;1;1;1;3;1;1;4;2;1;1;1;1;1;3;1;;;100000000;400000;;;;;;;;;;1;;;3
20230313;03;2023;7395019;1;1;01;66;1;160.6020241;66;2;1;4;1;2;1;1;1;3;1;1;3;2;1;1;1;1;1;3;3;;;;;500000;;1;;;;;;;;;;3
20230313;03;2023;7395020;1;1;01;66;1;473.44384121;66;2;1;4;1;1;1;1;1;2;1;1;4;3;1;1;1;1;1;3;1;;;99;450000;;;1;;;;;;;;;;3
20230313;03;2023;7395021;1;1;01;66;1;178.96121649;66;1;1;4;1;1;2;1;1;3;1;1;3;1;1;1;1;1;1;4;3;;;;;250000;;1;;;;;;;;;;2
20230313;03;2023;7395022;1;1;01;66;1;457.79259879;66;2;1;3;1;1;2;1;1;2;1;1;3;1;1;1;1;1;1;4;4;;;;350000;;;;;;;;;;1;;;2
20230313;03;2023;7395023;1;1;01;66;1;132.39397094;66;2;1;4;1;1;2;1;1;3;1;1;1;1;1;1;1;1;1;4;3;;;;;250000;;1;;;;;;;;;;1
20230313;03;2023;7395024;1;1;01;66;1;144.92767897;66;2;1;4;1;2;1;1;1;3;1;1;4;2;1;1;1;1;3;3;3;;;;;650000;;1;;;;;;;;;;2
20230313;03;2023;7395025;1;1;01;66;1;442.69740259;66;1;1;4;1;1;1;1;1;2;1;1;3;1;1;1;1;1;1;3;4;;;;350000;;;;;;;;;;1;;;1
20230313;03;2023;7395026;1;1;01;66;1;426.04780499;66;2;1;4;1;1;1;1;1;2;1;2;1;1;1;1;1;1;1;3;3;;;;;650000;;;;;;;;;1;;;4
20230313;03;2023;7395026;2;2;01;66;1;426.04780499;66;2;1;4;1;1;1;1;1;2;1;2;1;1;1;1;1;1;2;3;3;;;;;350000;;;;;;;;;1;;;2
20230313;03;2023;7395027;1;1;01;66;1;187.70492734;66;2;1;2;1;1;1;1;1;3;1;1;3;2;1;1;1;1;1;3;3;;;;;400000;;;;;;;;;1;;;3
20230313;03;2023;7395028;1;1;01;66;1;178.40276679;66;1;7;2;1;1;2;1;1;3;1;1;2;1;1;1;1;1;6;;5;;;;250000;;;;;;;;;;1;;;1
20230313;03;2023;7395029;1;1;01;66;1;202.41598733;66;2;6;3;1;1;1;1;1;3;1;1;2;2;1;1;1;1;1;4;3;;;;;150000;;;;;;;;;1;;;3
20230313;03;2023;7395030;1;1;01;66;1;187.70492734;66;2;7;1;1;1;2;1;1;3;1;1;1;1;1;1;1;1;1;4;3;;;;;150000;;1;;;;;;;;;;3
20230313;03;2023;7395031;1;1;01;66;1;423.66527552;66;1;1;4;1;1;1;1;1;2;1;1;7;5;1;1;1;1;1;3;3;;;;;600000;;1;;;;;;;;;;6
20230313;03;2023;7395032;1;1;01;66;1;202.41598733;66;1;6;6;1;1;2;1;1;3;1;1;2;2;3;1;1;1;1;4;5;;;;150000;;;1;;;;;;;;;;3
20230313;03;2023;7395033;1;1;01;66;1;117.38874262;66;2;1;4;1;5;1;1;1;3;1;1;4;2;1;1;1;1;3;3;2;;1016000;250000000;1500000;;;1;;1;;1;1;;;;;2
20230313;03;2023;7395034;1;1;01;66;1;276.98356574;66;1;4;3;1;2;2;1;1;2;1;1;3;1;1;1;1;1;1;4;1;;;98;300000;;;1;;;;;;;;;;1
20230313;03;2023;7395035;1;1;01;66;1;149.04342085;66;2;1;4;1;4;1;1;1;3;1;1;2;1;1;1;1;1;1;3;1;;;70000000;800000;;;1;;;;;;;;;;1
20230313;03;2023;7395037;1;1;01;66;1;213.73116704;66;2;1;4;1;5;1;1;1;3;1;1;4;3;1;1;1;1;3;3;3;;;;;950000;;1;;;1;;1;;;;;4
20230313;03;2023;7395038;1;1;01;66;1;144.58284809;66;1;1;4;1;4;1;1;1;3;1;1;4;2;1;1;1;1;1;3;2;;1743000;380000000;1000000;;;1;;;;1;1;;;;;3
20230313;03;2023;7395039;1;1;01;66;1;186.22661466;66;2;1;4;1;3;1;1;1;3;1;1;4;3;1;1;1;1;1;3;3;;;;;550000;;;;;;;;;1;;;4
20230313;03;2023;7395040;1;1;01;66;1;172.21403578;66;1;1;4;1;4;1;1;1;3;1;1;6;2;1;1;1;1;1;3;1;;;450000000;800000;;;1;;;;1;1;;;;;3
20230313;03;2023;7395041;1;1;01;66;1;173.95662087;66;2;1;4;1;3;2;1;1;3;1;1;3;2;1;1;1;1;1;4;3;;;;;700000;;1;;;;;;;;;;2
20230313;03;2023;7395042;1;1;01;66;1;131.62276127;66;1;1;4;1;3;1;1;1;3;1;1;3;1;1;1;1;1;1;3;4;;;;300000;;;;;;;;;;1;;;1
20230313;03;2023;7395043;1;1;01;66;1;179.2940616;66;1;1;4;1;4;1;1;1;3;1;1;6;4;1;1;1;1;1;3;3;;;;;800000;;1;;;;1;1;;;;;5
20230313;03;2023;7395044;1;1;01;66;1;160.09681594;66;1;1;4;1;3;1;1;1;3;1;1;7;6;1;1;1;1;1;3;4;;;;700000;;;1;;;;;;;;;;5
20230313;03;2023;7395045;1;1;01;66;1;155.8070121;66;1;1;4;1;4;2;1;1;3;1;1;5;3;1;1;1;1;1;4;1;;;360000000;1500000;;;1;;;;;;;;;;4
20230313;03;2023;7395047;1;1;01;66;1;275.54245724;66;2;1;4;1;3;1;1;1;3;1;1;3;2;1;1;1;1;1;3;1;;;180000000;800000;;;1;;;;;;;;;;3
20230313;03;2023;7395048;1;1;01;66;1;222.32274804;66;2;1;4;1;3;1;1;1;3;1;1;3;1;1;1;1;1;1;3;3;;;;;850000;;1;;;;;;;;;;2
20230313;03;2023;7395050;1;1;01;66;1;136.28791126;66;2;1;4;1;4;1;1;1;3;1;1;2;1;1;1;1;1;1;3;3;;;;;1000000;;1;;;;;;;;;;1
20230313;03;2023;7395051;1;1;01;66;1;194.53240454;66;2;1;4;1;1;1;1;1;3;1;1;3;2;1;1;1;1;1;3;1;;;99;350000;;;;;;;;;;1;;;2
20230313;03;2023;7395052;1;1;01;66;1;352.86105289;66;2;1;4;1;2;1;1;1;2;1;1;3;2;1;1;1;1;1;3;3;;;;;450000;;1;;;;;;;;;;2
20230313;03;2023;7395053;1;1;01;66;1;174.99300516;66;1;1;4;1;3;1;1;1;3;1;1;2;1;1;1;1;1;1;3;3;;;;;380000;;1;;;;;;;;;;1
20230313;03;2023;7395054;1;1;01;66;1;231.33255695;66;2;1;4;1;3;1;1;1;3;1;1;4;2;1;1;1;1;1;3;2;;1311000;140000000;750000;;;1;;;;;;;;;;3
20230313;03;2023;7395055;1;1;01;66;1;262.24153325;66;1;1;4;1;2;1;1;1;2;1;1;4;2;1;1;1;1;1;3;1;;;130000000;500000;;;1;;;;1;;;;;;2
20230313;03;2023;7395056;1;1;01;66;1;222.32274804;66;2;1;4;1;3;1;1;1;3;1;1;4;2;1;1;1;1;1;3;4;;;;750000;;;1;;;;;;;;;;2
20230313;03;2023;7395057;1;1;01;66;1;180.26806121;66;2;1;4;1;3;1;1;1;3;1;1;4;2;1;1;1;1;1;3;4;;;;750000;;;1;;;;;;;;;;2
20230313;03;2023;7395058;1;1;01;66;1;144.7850374;66;1;1;4;1;1;1;1;1;3;1;1;4;1;1;1;1;1;1;3;1;;;40000000;400000;;;;;;;;;;1;;;1
20230313;03;2023;7395059;1;1;01;66;1;203.88887633;66;2;1;4;1;3;1;1;1;3;1;1;4;1;1;1;1;1;1;3;3;;;;;660000;;1;;;;;;;;;;1
20230313;03;2023;7395060;1;1;01;66;1;110.51436951;66;2;1;4;1;3;1;1;1;3;1;1;4;3;1;1;1;1;1;3;3;;;;;790000;;1;;;;;;;;;;3
20230313;03;2023;7395063;1;1;01;66;1;266.27064977;66;1;1;4;1;4;1;1;1;3;1;1;8;6;1;1;1;1;1;3;1;;;450000000;1000000;;;1;;;;;;;;;;7
20230313;03;2023;7395065;1;1;01;66;1;281.63670012;66;2;1;4;1;1;1;1;1;2;1;1;4;4;1;1;1;1;1;3;3;;;;;400000;;1;;;;;;;;;;7
20230313;03;2023;7395066;1;1;01;66;1;209.18458475;66;2;1;4;1;3;1;1;1;3;1;1;4;3;1;1;1;1;1;3;3;;;;;750000;;1;;;;;;;;;;3
20230313;03;2023;7395069;1;1;01;66;1;186.92356156;66;2;1;4;1;4;1;1;1;3;1;1;3;1;1;1;1;1;1;3;1;;;80000000;800000;;;1;;;;;;;;;;1
20230313;03;2023;7395073;1;1;01;;1;599.19289934;68;1;1;4;1;2;1;1;1;3;1;1;4;3;1;1;1;1;1;3;6;;;;600000;;;1;;;;;1;;;;;4
20230313;03;2023;7395074;1;1;01;;1;401.0523366;68;1;1;4;1;2;1;1;1;3;1;1;3;2;1;1;1;1;1;3;1;;;180000000;450000;;;1;;;;;;;;;;3
20230313;03;2023;7395075;1;1;01;;1;436.00577627;68;1;1;4;1;2;1;1;1;3;1;1;4;2;1;1;1;1;1;1;1;;;200000000;500000;;;1;;;;;1;;;;;3
20230313;03;2023;7395076;1;1;01;;1;654.92767995;68;1;1;4;1;2;1;1;1;3;1;1;3;2;1;1;1;1;1;3;1;;;150000000;700000;;;1;;;;;;;;;;5
20230313;03;2023;7395077;1;1;01;;1;260.98965719;68;1;1;4;1;2;1;1;1;3;1;1;3;2;1;1;1;1;1;3;1;;;98;98;;;;;;;;;;1;;;4
20230313;03;2023;7395078;1;1;01;;1;367.25921203;68;1;1;4;1;2;1;1;1;3;1;1;3;2;1;1;1;1;1;3;6;;;;650000;;;1;;;;;;;;;;4
20230313;03;2023;7395079;1;1;01;;1;572.02781799;68;1;1;4;1;2;1;1;1;3;1;1;4;3;1;1;1;1;1;3;2;;2200000;150000000;600000;;;1;;1;;;;;;;;3
20230313;03;2023;7395080;1;1;01;;1;339.70313398;68;1;1;4;1;2;1;1;1;3;1;1;5;2;1;1;1;1;1;3;4;;;;650000;;;;;;;;;;1;;;4
20230313;03;2023;7395081;1;1;01;;1;324.79364108;68;1;1;4;1;2;1;1;1;3;1;1;2;1;1;1;1;1;1;3;6;;;;400000;;;1;;;;;;;;;;3
20230313;03;2023;7395082;1;1;01;;1;487.56227888;68;1;1;4;1;2;1;1;1;3;1;1;4;3;1;1;1;1;1;3;6;;;;600000;;;1;;;;;;;;;;5
20230313;03;2023;7395083;1;1;01;;1;462.97820496;68;1;1;4;1;2;1;1;1;3;1;1;3;2;1;1;1;1;1;3;1;;;200000000;600000;;;1;;;;;;;;;;3
20230313;03;2023;7395084;1;1;01;;1;474.05755941;68;1;1;2;1;2;1;1;1;3;1;1;3;2;1;1;1;1;1;3;1;;;160000000;300000;;;1;;;;;;;;;;2
20230313;03;2023;7395085;1;1;01;;1;292.63153751;68;2;1;2;1;2;1;1;1;2;1;1;2;1;1;1;1;1;1;3;3;;;;;280000;;1;;;;;;;;;;4
20230313;03;2023;7395087;1;1;01;;1;346.73661115;68;1;1;4;1;2;1;1;1;3;1;1;3;2;1;1;1;1;1;3;3;;;;;600000;;1;;;;;;;;;;4
20230313;03;2023;7395088;1;1;01;;1;487.52400664;68;1;1;4;1;2;1;1;1;3;1;1;3;2;1;1;1;1;1;3;1;;;150000000;500000;;;;;;;;;;1;;;3
20230313;03;2023;7395089;1;1;01;;1;372.6729197;68;1;1;4;1;2;1;1;1;3;1;1;3;2;1;1;1;1;1;3;3;;;;;600000;;1;;;;;;;;;;2
20230313;03;2023;7395090;1;1;01;;1;348.49671709;68;1;1;2;1;1;1;2;1;3;1;1;3;2;3;1;1;1;1;3;5;;;;300000;;;1;;;;;;;;;;4
20230313;03;2023;7395091;1;1;01;;1;426.31675902;68;1;1;4;1;1;1;2;1;3;1;1;3;2;3;1;1;1;1;3;6;;;;400000;;;;;;;;;;1;;;3
20230313;03;2023;7395093;1;1;01;;1;746.70321264;68;1;1;2;1;1;2;2;1;3;1;1;4;3;3;1;1;1;1;4;5;;;;200000;;;1;;;;;;;;;;6
20230313;03;2023;7395095;1;1;01;;1;441.68642335;68;2;1;4;1;1;1;2;1;3;1;1;2;1;3;1;1;1;1;3;3;;;;;320000;;1;;;;;;;;;;2
20230313;03;2023;7395096;1;1;01;;1;470.93298171;68;1;1;2;1;1;1;2;1;3;1;1;4;3;3;1;1;1;1;3;5;;;;300000;;;;;;;;;;1;;;3
20230313;03;2023;7395097;1;1;01;;1;520.32410474;68;1;1;2;1;1;1;2;1;3;1;1;2;1;3;1;1;1;1;3;5;;;;300000;;;;;;;;;;1;;;1
20230313;03;2023;7395098;1;1;01;68;1;376.07432386;68;2;1;4;1;1;1;2;1;3;1;1;4;3;2;1;1;2;1;3;3;;;;;580000;;1;;;;;;;;;;5
20230313;03;2023;7395099;1;1;01;68;1;241.67460008;68;1;1;4;1;3;1;1;1;3;1;2;3;2;1;1;1;1;1;3;3;;;;;900000;;1;;;;;;;;;;2
20230313;03;2023;7395099;2;2;01;68;1;241.67460008;68;1;1;4;1;3;1;1;1;3;1;2;1;1;1;1;1;1;1;3;3;;;;;200000;;;;;;;;;1;;;1
20230313;03;2023;7395100;1;1;01;68;1;267.79272732;68;2;1;4;1;1;1;2;1;3;1;1;4;3;2;1;1;2;1;3;3;;;;;600000;;1;;;;;;;;;;4
20230313;03;2023;7395101;1;1;01;68;1;327.51510892;68;2;1;4;1;1;1;2;1;3;1;1;4;2;2;1;1;2;1;3;3;;;;;600000;;;;;;;;;1;;;3
20230313;03;2023;7395102;1;1;01;68;1;428.06747277;68;2;1;4;1;1;1;1;1;3;1;1;3;2;1;1;1;1;1;3;1;;;55000000;350000;;;1;;;;;;;;;;4
20230313;03;2023;7395103;1;1;01;68;1;349.75352647;68;2;1;4;1;1;1;1;1;3;1;1;3;2;1;1;1;1;3;3;3;;;;;600000;;1;;;;;;;;;;6
20230313;03;2023;7395104;1;1;01;68;1;361.86681812;68;1;1;4;1;3;1;1;1;3;1;1;4;3;1;1;1;1;1;3;3;;;;;900000;;;;;;;;;1;;;5
20230313;03;2023;7395105;1;1;01;68;1;321.77167322;68;1;1;4;1;1;1;2;1;3;1;1;4;3;2;1;1;2;1;3;1;;;98;800000;;;1;;;;;;;;;;4
20230313;03;2023;7395106;1;1;01;68;1;268.02714634;68;2;1;2;1;1;1;1;1;3;1;1;3;2;1;1;1;1;3;3;3;;;;;400000;;1;;;;;;;;;;4
20230313;03;2023;7395107;1;1;01;68;1;371.80592556;68;2;1;4;1;1;1;1;1;3;1;2;2;1;1;1;1;1;1;3;1;;;55000000;400000;;;1;;;;;;;;;;5
20230313;03;2023;7395107;2;2;01;68;1;371.80592556;68;2;1;4;1;1;1;1;1;3;1;2;1;1;1;2;1;1;1;3;3;;;;;120000;;;;;;;;;1;;;1
20230313;03;2023;7395109;1;1;01;68;1;436.0938336;68;2;1;4;1;5;1;1;1;3;1;1;3;2;1;1;1;1;1;3;3;;;;;900000;;1;;;;;;;;;;2
20230313;03;2023;7395110;1;1;01;68;1;317.18047371;68;2;1;4;1;3;1;1;1;3;1;1;4;2;1;1;1;1;1;3;1;;;99;900000;;;1;;;;;1;;;;;3
20230313;03;2023;7395111;1;1;01;68;1;289.93267585;68;2;1;4;1;3;1;1;1;3;1;1;3;1;1;1;1;1;3;3;3;;;;;1050000;;1;;;;;;;;;;1
20230313;03;2023;7395112;1;1;01;68;1;211.44371295;68;2;1;4;1;3;1;1;1;3;1;1;4;3;1;1;1;1;1;3;3;;;;;920000;;1;;;;;1;;;;;3
20230313;03;2023;7395113;1;1;01;68;1;424.31698538;68;2;1;4;1;3;1;1;1;3;1;1;3;1;1;1;1;1;3;3;3;;;;;580000;;1;;;;;;;;;;2
20230313;03;2023;7395114;1;1;01;68;1;298.90336549;68;2;1;4;1;3;1;1;1;3;1;1;4;3;1;1;1;1;1;3;3;;;;;900000;;1;;;;;;;;;;4
20230313;03;2023;7395115;1;1;01;68;1;321.37689041;68;2;1;4;1;3;1;1;1;6;1;1;3;2;1;1;1;1;1;3;3;;;;;650000;;1;;;;;;;;;;3
20230313;03;2023;7395116;1;1;01;68;1;302.70780659;68;2;1;2;1;1;1;1;1;3;1;1;3;1;1;1;1;1;3;3;3;;;;;400000;;1;;;;;;;;;;1
20230313;03;2023;7395117;1;1;01;68;1;316.59088441;68;2;1;4;1;5;1;1;1;3;1;1;3;2;1;1;1;1;1;3;1;;;300000000;950000;;;1;;;;;;;;;;3
20230313;03;2023;7395118;1;1;01;68;1;369.05352417;68;2;1;4;1;5;1;1;1;3;1;1;4;1;1;1;1;1;1;3;1;;;30000000;10000000;;;1;;;;;;;;;;1
20230313;03;2023;7395119;1;1;01;68;1;340.30479858;68;2;1;4;1;5;1;1;1;3;1;2;3;2;1;1;1;1;1;3;3;;;;;1200000;;1;;;;;;;;;;2
20230313;03;2023;7395119;2;2;01;68;1;340.30479858;68;2;1;4;1;5;1;1;1;3;1;2;2;1;1;1;1;1;1;3;3;;;;;500000;;1;;;;;;;;;;1
20230313;03;2023;7395120;1;1;01;68;1;301.65776754;68;2;1;4;1;3;1;1;1;6;1;1;3;2;1;1;1;1;1;3;3;;;;;750000;;1;;;;;;;;;;3
20230313;03;2023;7395121;1;1;01;68;1;1504.2522424;68;2;1;4;1;2;1;1;1;3;1;1;3;1;1;1;1;1;1;3;3;;;;;550000;;;;;;;;;1;;;2
20230313;03;2023;7395122;1;1;01;68;1;232.94775616;68;2;1;4;1;4;1;1;1;6;1;1;4;3;1;1;1;1;1;3;1;;;280000000;1100000;;;1;;;;;1;;;;;4
20230313;03;2023;7395123;1;1;01;68;1;327.24662097;68;2;1;4;1;3;1;1;1;6;1;1;3;2;1;1;1;1;1;3;2;;980000;220000000;850000;;;1;;1;;;;;;;;4
20230313;03;2023;7395124;1;1;01;68;1;327.96809716;68;2;1;4;1;5;1;1;1;3;1;1;3;1;1;1;1;1;1;3;1;;;98;1000000;;;1;;;;;;;;;;2
20230313;03;2023;7395125;1;1;01;68;1;1146.0254572;68;1;1;2;1;2;1;1;1;3;1;1;4;1;1;1;1;1;1;3;5;;;;400000;;;1;;;;;;;;;;1
20230313;03;2023;7395126;1;1;01;68;1;698.84542296;68;1;1;2;1;2;1;1;1;3;1;1;4;3;1;1;1;1;1;3;3;;;;;300000;;1;;;;;;;;;;3
20230313;03;2023;7395127;1;1;01;68;1;1084.4801171;68;1;1;4;1;2;1;1;1;3;1;2;3;2;1;1;1;1;3;3;1;;;98;600000;;;1;;;;;;;;;;2
20230313;03;2023;7395127;2;2;01;68;1;1084.4801171;68;1;1;4;1;2;1;1;1;3;1;2;1;1;1;1;1;1;3;3;3;;;;;350000;;1;;;;;;;;;;1
20230313;03;2023;7395128;1;1;01;68;1;414.10016495;68;2;1;4;1;3;1;1;1;6;1;1;3;2;1;1;1;1;1;3;3;;;;;825000;;1;;;;;;;;;;4
20230313;03;2023;7395129;1;1;01;68;1;459.83428659;68;2;1;4;1;5;1;1;1;3;1;1;4;3;1;1;1;1;1;3;1;;;250000000;950000;;;1;;;;;;;;;;4
20230313;03;2023;7395130;1;1;01;68;1;1185.529048;68;1;1;4;1;2;1;1;1;3;1;1;4;3;1;1;1;1;1;3;3;;;;;680000;;1;;;;;;;;;;4
20230313;03;2023;7395131;1;1;01;68;1;2086.3857607;68;1;1;4;1;2;1;1;1;3;1;1;5;4;1;1;1;1;1;3;3;;;;;800000;;1;;;;1;;;;;;6
20230313;03;2023;7395132;1;1;01;68;1;374.25945997;68;2;1;4;1;3;1;1;1;6;1;1;4;3;1;1;1;1;1;3;3;;;;;1000000;;1;;;;;;;;;;4
20230313;03;2023;7395133;1;1;01;68;1;1084.9771776;68;1;1;4;1;2;1;1;1;3;1;1;4;3;1;1;1;1;1;3;1;;;250000000;800000;;;1;;;;;;;;;;4
20230313;03;2023;7395134;1;1;01;68;1;1869.8507171;68;2;1;4;1;2;1;1;1;3;1;2;2;1;1;2;1;1;1;3;3;;;;;300000;;1;;;;;;;;;;1
20230313;03;2023;7395134;2;2;01;68;1;1869.8507171;68;2;1;4;1;2;1;1;1;3;1;2;1;1;1;2;1;1;1;3;3;;;;;400000;;1;;;;;;;;;;2
20230313;03;2023;7395135;1;1;01;68;1;273.21245829;68;2;1;4;1;3;1;1;1;6;1;1;2;1;1;1;1;1;1;3;3;;;;;1000000;;;;;;;;;1;;;2
20230313;03;2023;7395136;1;1;01;68;1;1159.0270007;68;1;1;4;1;2;1;1;1;3;1;1;4;2;1;1;1;1;1;3;3;;;;;650000;;1;;;;;;;;;;3
20230313;03;2023;7395137;1;1;01;68;1;1363.2222646;68;2;1;4;1;2;1;1;1;3;1;1;4;3;1;1;1;1;1;3;1;;;100000000;900000;;;1;;;;;;;;;;6
20230313;03;2023;7395138;1;1;01;68;1;332.14817176;68;2;1;4;1;4;1;1;1;6;1;1;3;1;1;1;1;1;1;3;3;;;;;850000;;1;;;;;;;;;;1
20230313;03;2023;7395139;1;1;01;68;1;445.42506766;68;2;1;4;1;5;1;1;1;3;1;1;4;1;1;1;1;1;1;3;3;;;;;950000;;1;;;;;;;;;;2
20230313;03;2023;7395140;1;1;01;68;1;334.69919703;68;2;1;4;1;3;1;1;1;6;1;1;3;2;1;1;1;1;1;3;3;;;;;550000;;1;;;;1;1;;;;;2
20230313;03;2023;7395141;1;1;01;68;1;288.5622426;68;2;1;4;1;4;1;1;1;6;1;1;4;2;1;1;1;1;1;3;4;;;;1100000;;;1;;;;;1;;;;;2
20230313;03;2023;7395142;1;1;01;68;1;292.31728033;68;2;1;4;1;3;1;1;1;6;1;1;3;1;1;1;1;1;1;3;3;;;;;600000;;1;;;;;;;;;;1
20230313;03;2023;7395143;1;1;01;68;1;1504.2522424;68;1;1;4;1;2;1;1;1;3;1;1;5;1;1;1;1;1;1;3;1;;;99;99;;;1;;;;;;;;;;2
20230313;03;2023;7395144;1;1;01;68;1;356.80404567;68;2;1;4;1;3;1;1;1;6;1;1;3;2;1;1;1;1;1;3;6;;;;700000;;;1;;;;1;;;;;;2
20230313;03;2023;7395145;1;1;01;68;1;329.81648327;68;2;1;4;1;3;1;1;1;6;1;1;3;2;1;1;1;1;1;3;3;;;;;700000;;1;;;;;;;;;;4
20230313;03;2023;7395146;1;1;01;68;1;159.9964427;68;2;1;4;1;1;1;2;1;3;1;1;4;3;2;1;1;1;1;3;3;;;;;500000;;1;;;;;;;;;;6
20230313;03;2023;7395147;1;1;01;68;1;376.22805266;68;2;1;4;1;3;1;1;1;6;1;1;3;2;1;1;1;1;1;3;3;;;;;750000;;1;;;;1;;;;;;4
20230313;03;2023;7395148;1;1;01;68;1;275.85423345;68;2;1;4;1;1;1;1;1;3;1;1;3;2;1;1;1;1;1;3;1;;;75000000;400000;;;1;;;;;;;;;;4
20230313;03;2023;7395149;1;1;01;68;1;427.22019729;68;2;1;4;1;4;1;1;1;6;1;2;4;2;1;2;1;1;1;3;3;;;;;1300000;;1;;;;;1;;;;;3
20230313;03;2023;7395149;2;2;01;68;1;427.22019729;68;2;1;4;1;4;1;1;1;6;1;2;2;1;1;2;1;1;1;3;3;;;;;450000;;1;;;;;;;;;;1
20230313;03;2023;7395150;1;1;01;68;1;342.69996767;68;2;1;4;1;1;1;2;1;3;1;1;3;2;2;1;1;2;1;3;3;;;;;450000;;;;;;;;;1;;;3
20230313;03;2023;7395152;1;1;01;68;1;378.38475823;68;2;1;4;1;3;1;1;1;3;1;1;2;1;1;1;1;1;1;3;3;;;;;570000;;1;;;;;;;;;;1
20230313;03;2023;7395153;1;1;01;68;1;268.33753404;68;2;1;4;1;3;1;1;1;3;1;1;4;1;1;1;1;1;1;3;3;;;;;700000;;1;;;;;;;;;;2
20230313;03;2023;7395159;1;1;01;68;1;295.17128745;68;1;1;4;1;3;1;1;1;3;1;1;4;2;1;1;1;1;1;3;1;;;99;900000;;;1;;;;;;;;;;2
20230313;03;2023;7395160;1;1;01;68;1;335.93375391;68;2;1;4;1;3;1;1;1;3;1;1;3;1;1;1;1;1;1;3;3;;;;;550000;;1;;;;;;;;;;1
20230313;03;2023;7395169;1;1;01;70;1;155.83478835;70;1;1;4;1;1;1;1;1;3;1;1;3;1;1;1;1;1;3;3;1;;;40000000;200000;;;;;;;;;;1;;;2
20230313;03;2023;7395170;1;1;01;70;1;124.54910546;70;2;1;4;1;1;1;1;1;3;1;1;2;1;1;1;1;1;1;3;3;;;;;350000;;;;;;;;;1;;;4
20230313;03;2023;7395171;1;1;01;70;1;62.268993821;70;1;1;4;1;1;1;1;1;3;1;1;5;4;1;1;1;1;1;3;5;;;;400000;;;1;;;;1;;;;;;5
20230313;03;2023;7395172;1;1;01;70;1;167.35276927;70;1;1;1;1;1;1;1;1;3;1;1;2;1;1;1;1;1;1;3;1;;;70000000;300000;;;;;;;;;;1;;;3
20230313;03;2023;7395173;1;1;01;70;1;106.87795035;70;1;1;2;1;1;1;1;1;3;1;1;3;2;1;1;1;1;1;3;5;;;;200000;;;;;;;;;;1;;;5
20230313;03;2023;7395174;1;1;01;70;1;151.67955116;70;2;1;2;1;1;1;1;1;3;1;1;3;2;1;1;1;1;1;3;1;;;70000000;300000;;;;;;;;;;1;;;3
20230313;03;2023;7395175;1;1;01;70;1;156.06527971;70;1;1;2;1;1;1;1;1;3;1;1;3;2;1;1;1;1;1;3;3;;;;;200000;;1;;;;;;;;;;4
20230313;03;2023;7395176;1;1;01;70;1;78.595366763;70;1;1;2;1;1;1;2;1;3;1;1;4;3;2;1;1;1;1;3;1;;;65000000;300000;;;1;;;;;;;;;;4
20230313;03;2023;7395177;1;1;01;70;1;103.67778736;70;1;1;4;1;2;1;1;1;3;1;1;4;3;1;1;1;1;1;3;1;;;140000000;500000;;;1;;;;;;;;;;3
20230313;03;2023;7395179;1;1;01;70;1;164.65673748;70;1;1;2;1;1;1;1;1;3;1;1;2;1;1;1;1;1;1;3;4;;;;350000;;;1;;;;;;;;;;4
20230313;03;2023;7395180;1;1;01;70;1;72.854604617;70;2;4;1;1;1;1;2;1;3;1;1;2;1;2;1;1;1;1;3;3;;;;;200000;;;;;;;;;1;;;2
20230313;03;2023;7395181;1;1;01;70;1;94.138165432;70;1;1;2;1;1;1;2;1;3;1;1;3;2;2;1;1;1;4;3;4;;;;350000;;;;;;;;;;1;;;3
20230313;03;2023;7395182;1;1;01;70;1;125.24018961;70;2;1;2;1;1;1;2;1;3;1;1;3;2;2;1;1;1;1;3;3;;;;;200000;;1;;;;;;;;;;4
20230313;03;2023;7395183;1;1;01;70;1;169.04294339;70;2;1;2;1;1;1;1;1;3;1;1;3;1;1;1;1;1;1;3;3;;;;;300000;;;;;;;;;1;;;2
20230313;03;2023;7395184;1;1;01;70;1;85.621523259;70;1;4;1;1;1;1;1;1;3;1;1;3;2;1;1;1;1;1;3;4;;;;150000;;;;;;;;;;1;;;5
20230313;03;2023;7395187;1;1;01;70;1;199.40659008;70;1;1;2;1;1;1;1;1;3;1;1;3;2;1;1;1;1;1;3;1;;;45000000;300000;;;1;;;;;;;;;;4
20230313;03;2023;7395188;1;1;01;70;1;124.54910546;70;1;1;2;1;1;1;1;1;3;1;1;3;2;1;1;1;1;1;3;3;;;;;250000;;;;;;;;;1;;;4
20230313;03;2023;7395189;1;1;01;70;1;146.90726165;70;1;1;4;1;2;1;1;1;3;1;1;4;3;1;1;1;1;1;3;1;;;200000000;600000;;;;;;;;;1;;;NEQUI;3
20230313;03;2023;7395190;1;1;01;70;1;127.8705544;70;1;1;4;1;2;1;1;1;3;1;1;4;3;1;1;1;1;1;3;3;;;;;500000;;1;;;;;;;;;;6
20230313;03;2023;7395191;1;1;01;70;1;89.312157174;70;1;1;2;1;1;1;1;1;3;1;1;4;3;1;1;1;1;1;3;5;;;;300000;;;;;;;;;;1;;;11
20230313;03;2023;7395192;1;1;01;70;1;179.68311111;70;1;1;4;1;1;1;1;1;3;1;1;6;4;1;1;1;1;1;3;1;;;100000000;400000;;;;;;;;;;1;;;5
20230313;03;2023;7395193;1;1;01;70;1;180.28890513;70;1;1;2;1;1;1;1;1;3;1;1;3;2;1;1;1;1;3;3;1;;;90000000;300000;;;;;;;;;;1;;;3
20230313;03;2023;7395194;1;1;01;70;1;74.123618915;70;1;1;2;1;1;1;1;1;3;1;1;4;2;1;1;1;1;1;3;5;;;;500000;;;;;;;1;;;;;;4
20230313;03;2023;7395195;1;1;01;70;1;157.96038674;70;1;1;4;1;2;1;1;1;3;1;1;4;3;1;1;1;1;1;3;2;;420000;110000000;500000;;;1;;1;;;;;;;;4
20230313;03;2023;7395196;1;1;01;70;1;273.73146148;70;1;1;2;1;1;1;1;1;3;1;1;3;2;1;1;1;1;1;3;2;;110000;30000000;200000;;;;;;;;;;1;;;4
20230313;03;2023;7395197;1;1;01;70;1;327.60049491;70;1;1;2;1;1;1;1;1;3;1;1;3;2;1;1;1;1;1;3;5;;;;200000;;;;;;;;;;1;;;4
20230313;03;2023;7395198;1;1;01;70;1;286.40052191;70;1;1;2;1;1;1;1;1;3;1;1;4;3;1;1;1;1;1;3;1;;;90000000;300000;;;1;;;;;;;;;;4
20230313;03;2023;7395199;1;1;01;70;1;121.88333998;70;1;1;4;1;2;1;1;1;3;1;1;4;2;1;1;1;1;1;3;1;;;60000000;600000;;;;;;;;;;1;;;3
20230313;03;2023;7395200;1;1;01;70;1;89.256549283;70;2;1;2;1;1;2;1;1;3;1;1;3;2;1;1;1;1;4;1;3;;;;;250000;;;;;;;;;1;;;2
20230313;03;2023;7395201;1;1;01;70;1;274.17409984;70;1;1;2;1;1;1;1;1;3;1;1;4;3;1;1;1;1;1;3;5;;;;400000;;;1;;;;;;;;;;4
20230313;03;2023;7395203;1;1;01;70;1;105.31299025;70;2;1;2;1;1;1;2;1;3;1;1;2;1;2;1;1;1;1;3;3;;;;;40000;;;;;;;;;1;;;3
20230313;03;2023;7395204;1;1;01;70;1;145.57774139;70;1;1;4;1;2;1;1;1;3;1;1;3;2;1;1;1;1;1;3;3;;;;;250000;;1;;;;;;;;;;4
20230313;03;2023;7395205;1;1;01;70;1;136.36417252;70;1;1;4;1;2;1;1;1;3;1;1;3;2;1;1;1;1;1;3;1;;;65000000;700000;;;;;;;;;;1;;;2
20230313;03;2023;7395206;1;1;01;70;1;308.85806613;70;1;1;4;1;1;1;1;1;3;1;1;3;2;1;1;1;1;1;3;4;;;;300000;;;;;;;;;;1;;;3
20230313;03;2023;7395207;1;1;01;70;1;109.62230326;70;2;1;1;1;1;1;1;1;3;1;1;1;1;1;1;1;1;4;3;3;;;;;150000;;;;;;;;;1;;;3
20230313;03;2023;7395208;1;1;01;70;1;292.33730823;70;1;1;4;1;1;1;1;1;3;1;1;3;2;1;1;1;1;1;3;4;;;;500000;;;;;;;;;;1;;;4
20230313;03;2023;7395210;1;1;01;70;1;160.57594662;70;1;1;4;1;2;1;1;1;3;1;1;3;1;1;1;1;1;1;3;3;;;;;550000;;1;;;;;;;;;;1
20230313;03;2023;7395211;1;1;01;70;1;146.09511408;70;1;1;4;1;2;1;1;1;3;1;1;3;2;1;1;1;1;1;3;1;;;75000000;500000;;;;;;;;;;1;;;2
20230313;03;2023;7395212;1;1;01;70;1;121.26584638;70;1;1;4;1;2;1;1;1;3;1;1;3;2;1;1;1;1;1;3;1;;;90000000;700000;;;1;;;;;;;;;;4
20230313;03;2023;7395213;1;1;01;70;1;81.380076924;70;1;1;4;1;2;1;1;1;3;1;1;4;3;1;1;1;1;3;3;1;;;80000000;500000;;;1;;;;;;;;;;5
20230313;03;2023;7395214;1;1;01;70;1;97.041336683;70;2;1;4;1;2;1;1;1;3;1;1;4;3;1;1;1;1;1;3;1;;;60000000;500000;;;;;;;;;;1;;;3
20230313;03;2023;7395215;1;1;01;70;1;95.287248912;70;2;1;2;1;1;2;1;1;3;1;1;2;1;1;1;1;1;6;;4;;;;150000;;;;;;;;;;1;;;4
20230313;03;2023;7395216;1;1;01;70;1;117.48125353;70;2;1;4;1;1;1;1;1;3;1;1;2;1;1;1;1;1;1;3;4;;;;200000;;;;;;;;;;1;;;3
20230313;03;2023;7395217;1;1;01;70;1;173.5162294;70;1;1;2;1;2;1;1;1;3;1;1;3;2;1;1;1;1;3;3;1;;;45000000;150000;;;;;;;;;;1;;;2
20230313;03;2023;7395218;1;1;01;70;1;191.59564689;70;1;1;4;1;2;1;1;1;3;1;1;3;2;1;1;1;1;1;3;3;;;;;350000;;;;;;;;;1;;;1
20230313;03;2023;7395219;1;1;01;70;1;115.00814463;70;2;1;4;1;1;1;1;1;3;1;1;3;2;1;1;1;1;1;3;4;;;;400000;;;;;;;;;;1;;;6
20230313;03;2023;7395220;1;1;01;70;1;166.32793577;70;1;4;1;1;1;1;1;1;3;1;1;3;2;1;1;1;1;4;3;3;;;;;150000;;;;;;;;;1;;;6
20230313;03;2023;7395221;1;1;01;70;1;143.28069623;70;1;5;1;1;1;1;1;1;3;1;1;2;2;1;1;1;1;4;3;1;;;30000000;200000;;;;;;;;;;1;;;4
20230313;03;2023;7395222;1;1;01;70;1;132.98950589;70;1;5;1;1;1;1;1;1;3;1;1;3;3;1;1;1;1;5;3;4;;;;250000;;;1;;;;;;;;;;7
20230313;03;2023;7395223;1;1;01;70;1;136.82040306;70;1;1;2;1;1;1;1;1;3;1;1;3;2;1;1;1;1;4;3;3;;;;;300000;;;;;;;;;1;;;4
20230313;03;2023;7395224;1;1;01;70;1;191.59564689;70;2;1;2;1;2;1;1;1;3;1;1;3;1;1;1;1;1;1;3;4;;;;250000;;;;;;;;;;1;;;1
20230313;03;2023;7395225;1;1;01;70;1;214.19018585;70;1;1;2;1;2;1;1;1;3;1;1;3;2;1;1;1;1;4;3;1;;;40000000;600000;;;;;;;;;;1;;;5
20230313;03;2023;7395226;1;1;01;70;1;138.75497998;70;1;1;1;1;1;1;1;1;3;1;1;4;3;1;1;1;1;4;3;1;;;35000000;200000;;;1;;;;;;;;;;4
20230313;03;2023;7395227;1;1;01;70;1;159.67668587;70;1;1;2;1;2;1;1;1;3;1;1;3;2;1;1;1;1;1;3;1;;;50000000;500000;;;;;;;;;;1;;;4
20230313;03;2023;7395228;1;1;01;70;1;90.295581572;70;1;1;2;1;1;1;1;1;3;1;1;2;2;1;1;1;1;3;3;1;;;45000000;250000;;;1;;;;;;;;;;5
20230313;03;2023;7395232;1;1;01;70;1;178.68526928;70;1;1;4;1;2;1;1;1;3;1;1;3;2;1;1;1;1;1;3;1;;;45000000;350000;;;1;;;;;;;;;;4
20230313;03;2023;7395233;1;1;01;70;1;81.887913301;70;1;1;2;1;1;1;1;1;3;1;1;2;1;1;1;1;1;1;3;1;;;60000000;250000;;;1;;;;;;;;;;4
20230313;03;2023;7395234;1;1;01;70;1;136.24579334;70;1;4;1;1;1;1;1;1;3;1;1;2;1;1;1;1;1;4;3;3;;;;;100000;;;;;;;;;1;;;1
20230313;03;2023;7395236;1;1;01;70;1;125.31056257;70;1;1;2;1;3;1;1;1;3;1;1;5;4;1;1;1;1;1;3;4;;;;550000;;;1;;;;;;;;;;3
20230313;03;2023;7395237;1;1;01;70;1;147.13925745;70;1;1;2;1;2;1;1;1;3;1;1;3;2;1;1;1;1;1;3;1;;;40000000;250000;;;;;;;;;;1;;;4
20230313;03;2023;7395238;1;1;01;70;1;189.25199252;70;1;1;2;1;2;1;1;1;3;1;1;3;2;1;1;1;1;3;3;3;;;;;250000;;;;;;;;;1;;;3
20230313;03;2023;7395239;1;1;01;70;1;103.44485186;70;1;1;4;1;3;1;1;1;3;1;1;4;3;1;1;1;1;1;3;1;;;370000000;1100000;;1;1;;;;1;;;;;;4
20230313;03;2023;7395240;1;1;01;70;1;116.87609126;70;1;1;4;1;3;1;1;1;3;1;1;5;1;1;1;1;1;1;3;1;;;100000000;600000;;;1;;;;;;;;;;2
20230313;03;2023;7395241;1;1;01;70;1;107.26540758;70;1;1;4;1;2;1;1;1;3;1;1;4;3;1;1;1;1;1;3;1;;;100000000;500000;;;1;;;;;;;;;;4
20230313;03;2023;7395244;1;1;01;70;1;135.65760028;70;2;1;2;1;2;1;1;1;3;1;1;3;2;1;1;1;1;1;3;3;;;;;300000;;;;;;;;;1;;;3
20230313;03;2023;7395245;1;1;01;70;1;118.27902657;70;2;1;4;1;3;1;1;1;3;1;1;3;2;1;1;1;1;1;3;3;;;;;500000;;;;;;;;;1;;;4
20230313;03;2023;7395246;1;1;01;70;1;138.60641895;70;1;1;2;1;2;1;1;1;3;1;1;4;2;1;1;1;1;1;3;1;;;180000000;600000;;;;;;;;;;1;;;2
20230313;03;2023;7395247;1;1;01;70;1;149.01603981;70;2;1;4;1;3;1;1;1;3;1;1;3;2;1;1;1;1;1;3;3;;;;;600000;;;;;;;;;1;;;6
20230313;03;2023;7395248;1;1;01;70;1;102.32158743;70;1;1;2;1;3;1;1;1;3;1;1;3;2;1;1;1;1;1;3;1;;;90000000;400000;;;1;;;;;;;;;;5
20230313;03;2023;7395249;1;1;01;70;1;142.94821542;70;1;1;4;1;2;1;1;1;3;1;1;3;2;1;1;1;1;1;3;1;;;130000000;600000;;;1;;;;;;;;;;4
20230313;03;2023;7395250;1;1;01;70;1;144.11097887;70;1;1;4;1;2;1;1;1;3;1;1;3;1;1;1;1;1;1;3;3;;;;;500000;;1;;;;;;;;;;2
20230313;03;2023;7395252;1;1;01;70;1;126.49206164;70;1;8;1;1;2;1;1;1;3;1;1;2;1;1;1;1;1;6;;1;;;100000000;400000;;;;;;;;;;1;;;4
20230313;03;2023;7395253;1;1;01;70;1;132.80057639;70;1;1;2;1;2;1;1;1;3;1;1;2;1;1;1;1;1;6;;5;;;;200000;;;;;;;;;;1;;;1
20230313;03;2023;7395255;1;1;01;70;1;86.506953733;70;1;1;4;1;3;1;1;1;3;1;1;2;1;1;1;1;1;1;3;1;;;70000000;500000;;;;;;;;;;1;;;3
20230313;03;2023;7395256;1;1;01;70;1;97.367578135;70;2;1;4;1;2;1;1;1;3;1;1;2;1;1;1;1;1;1;3;3;;;;;400000;;;;;;;;;1;;;2
20230313;03;2023;7395257;1;1;01;70;1;109.57133556;70;2;1;4;1;3;1;1;1;3;1;1;4;1;1;1;1;1;3;3;1;;;120000000;800000;;;1;;;;;;;;;;2
20230313;03;2023;7395258;1;1;01;70;1;174.74943599;70;1;1;4;1;2;1;1;1;3;1;1;4;2;1;1;1;1;6;;1;;;100000000;600000;;;1;;;;;;;;;;2
20230313;03;2023;7395259;1;1;01;70;1;117.14337682;70;2;1;4;1;3;1;1;1;3;1;1;4;3;1;1;1;1;1;3;3;;;;;750000;;;;;;;;;1;;;5
20230313;03;2023;7395260;1;1;01;70;1;122.96349666;70;2;1;4;1;3;1;1;1;3;1;1;3;1;1;1;1;1;1;3;1;;;100000000;800000;;;1;;;;;;;;;;1
20230313;03;2023;7395261;1;1;01;70;1;123.94457542;70;2;1;4;1;3;1;1;1;3;1;1;4;2;1;1;1;1;3;3;3;;;;;600000;;1;;;;;1;;;;;4
20230313;03;2023;7395262;1;1;01;70;1;108.36429152;70;2;1;4;1;3;1;1;1;3;1;1;3;2;1;1;1;1;1;3;3;;;;;780000;;;;;;;;;1;;;3
20230313;03;2023;7395263;1;1;01;70;1;110.75973924;70;2;1;4;1;3;1;1;1;3;1;1;3;1;1;1;1;1;3;3;1;;;160000000;600000;;;1;;;;1;;;;;;1
20230313;03;2023;7395264;1;1;01;70;1;125.60888915;70;2;1;4;1;3;1;1;1;3;1;1;4;1;1;1;1;1;1;3;3;;;;;700000;;1;;;;;;;;;;3
20230313;03;2023;7395265;1;1;01;70;1;107.82370743;70;1;1;2;1;3;1;1;1;3;1;1;2;1;1;1;1;1;1;3;4;;;;500000;;;;;;;;;;1;;;3
20230313;03;2023;7395266;1;1;01;70;1;153.27651751;70;1;1;2;1;2;1;1;1;3;1;1;2;1;1;1;1;1;1;3;3;;;;;400000;;1;;;;;;;;;;1
20230313;03;2023;7395267;1;1;01;73;1;217.55084815;73;2;1;4;1;3;1;1;1;3;1;1;4;3;1;1;1;1;1;3;3;;;;;650000;;1;;;;;;;;;;3
20230313;03;2023;7395268;1;1;01;73;1;232.50323234;73;2;1;4;1;3;1;1;1;3;1;1;4;3;1;1;1;1;1;3;4;;;;700000;;;1;;;;;;;;;;4
20230313;03;2023;7395269;1;1;01;73;1;237.12157147;73;2;1;4;1;3;1;1;1;3;1;1;5;4;1;1;1;1;1;3;4;;;;700000;;;1;;;;;;;;;;3
20230313;03;2023;7395270;1;1;01;73;1;361.39386758;73;2;1;4;1;3;1;1;1;3;1;1;4;3;1;1;1;1;1;3;4;;;;650000;;;1;;;;;;;;;;2
20230313;03;2023;7395272;1;1;01;73;1;390.88360646;73;1;1;4;1;3;1;1;1;3;1;1;4;2;1;1;1;1;1;3;4;;;;650000;;;1;;;;;;;;;;4
20230313;03;2023;7395273;1;1;01;73;1;273.20887169;73;1;1;4;1;3;1;1;1;3;1;1;4;3;1;1;1;1;1;3;3;;;;;1000000;;1;;;;;;;;;;3
20230313;03;2023;7395274;1;1;01;73;1;302.52308908;73;1;1;4;1;3;1;1;1;3;1;1;5;4;1;1;1;1;1;3;4;;;;650000;;;;;;;;;;1;;;3
20230313;03;2023;7395275;1;1;01;73;1;223.63048508;73;1;1;4;1;3;1;1;1;3;1;1;4;3;1;1;1;1;1;3;3;;;;;850000;;1;;;;;;;;;;5
20230313;03;2023;7395276;1;1;01;73;1;266.09705477;73;2;1;4;1;2;1;1;1;3;1;1;3;2;1;1;1;1;1;3;3;;;;;500000;;;;;;;;;1;;;2
20230313;03;2023;7395277;1;1;01;73;1;702.31186434;73;1;1;2;1;2;1;1;1;3;1;1;3;2;1;1;1;1;1;3;4;;;;700000;;;;;;;;;;1;;;2
20230313;03;2023;7395278;1;1;01;73;1;608.29446561;73;2;1;4;1;2;1;1;1;3;1;1;3;2;1;1;1;1;3;3;3;;;;;950000;;1;;;;;;;;;;4
20230313;03;2023;7395279;1;1;01;73;1;651.47584103;73;1;1;4;1;1;1;1;1;3;1;1;3;2;1;1;1;1;1;3;3;;;;;470000;;1;;;;;;;;;;3
20230313;03;2023;7395280;1;1;01;73;1;399.7174707;73;2;1;4;1;2;1;1;1;3;1;1;3;2;1;1;1;1;1;3;3;;;;;450000;;1;;;;;;;;;;3
20230313;03;2023;7395281;1;1;01;73;1;536.80865566;73;1;1;4;1;1;1;1;1;3;1;1;4;3;1;1;1;1;3;3;3;;;;;800000;;1;;;;;;;;;;3
20230313;03;2023;7395283;1;1;01;73;1;315.04334426;73;2;1;4;1;1;1;1;1;3;1;2;1;1;1;2;1;1;1;3;3;;;;;150000;;1;;;;;;;;;;3
20230313;03;2023;7395283;2;2;01;73;1;315.04334426;73;2;1;4;1;1;1;1;1;3;1;2;1;1;1;2;1;1;1;3;3;;;;;150000;;1;;;;;;;;;;2
20230313;03;2023;7395284;1;1;01;73;1;388.85641182;73;1;1;1;1;1;1;1;1;3;1;1;3;2;1;1;1;1;1;3;3;;;;;400000;;;;;;;;;1;;;3
20230313;03;2023;7395285;1;1;01;73;1;407.979912;73;1;1;4;1;1;1;1;1;3;1;1;4;3;1;1;1;1;1;3;4;;;;400000;;;;;;;;;;1;;;4
20230313;03;2023;7395286;1;1;01;73;1;363.8490646;73;1;1;4;1;1;1;1;1;3;1;1;4;1;1;1;1;1;1;3;3;;;;;99;;1;;;;;;;;;;2
20230313;03;2023;7395287;1;1;01;73;1;328.69697425;73;1;1;4;1;2;1;1;1;3;1;1;3;2;1;1;1;1;1;3;1;;;110000000;450000;;;;;;;;;;1;;;3
20230313;03;2023;7395288;1;1;01;73;1;273.93108101;73;2;1;4;1;2;1;1;1;3;1;1;3;2;1;1;1;1;1;3;1;;;80000000;400000;;;1;;;;;;;;;;4
20230313;03;2023;7395289;1;1;01;73;1;263.76458572;73;2;1;4;1;3;1;1;1;3;1;1;4;3;1;1;1;1;1;3;3;;;;;550000;;1;;;;;1;;;;;3
20230313;03;2023;7395290;1;1;01;73;1;694.39974497;73;2;1;4;1;1;1;1;1;3;1;1;1;1;1;1;1;1;1;3;3;;;;;200000;;1;;;;;;;;;;2
20230313;03;2023;7395291;1;1;01;73;1;217.2944822;73;2;1;4;1;3;1;1;1;3;1;1;3;2;1;1;1;1;1;3;1;;;250000000;600000;;;1;;;;;;;;;;2
20230313;03;2023;7395292;1;1;01;73;1;266.09705477;73;1;1;4;1;2;1;1;1;3;1;1;4;2;1;1;1;1;1;3;1;;;120000000;450000;;;;;;;;;;1;;;2
20230313;03;2023;7395293;1;1;01;73;1;279.1909771;73;1;1;4;1;3;1;1;1;3;1;1;4;3;1;1;1;1;1;3;3;;;;;700000;;1;;;;;;;;;;4
20230313;03;2023;7395294;1;1;01;73;1;272.2162633;73;2;1;4;1;2;1;1;1;3;1;1;3;1;1;1;1;1;1;3;3;;;;;450000;;1;;;;;;;;;;1
20230313;03;2023;7395295;1;1;01;73;1;186.76350198;73;2;1;4;1;3;1;1;1;3;1;1;3;2;1;1;1;1;1;3;1;;;98;500000;;;1;;;;;;;;;;4
20230313;03;2023;7395296;1;1;01;73;1;613.36365082;73;4;1;2;1;2;2;1;1;3;1;1;1;1;1;1;1;1;2;1;3;;;;;200000;;;;;;;;;1;;;2
20230313;03;2023;7395297;1;1;01;73;1;258.06431875;73;1;1;4;1;2;1;1;1;3;1;1;3;2;1;1;1;1;1;3;3;;;;;450000;;1;;;;;;;;;;4
20230313;03;2023;7395298;1;1;01;73;1;325.66593608;73;2;1;4;1;2;1;1;1;3;1;1;4;3;1;1;1;1;1;3;6;;;;98;;;1;;;;;;;;;;3
20230313;03;2023;7395299;1;1;01;73;1;210.08547853;73;2;1;4;1;3;1;1;1;3;1;1;4;2;1;1;1;1;1;3;1;;;98;500000;;;1;;;;1;;;;;;3
20230313;03;2023;7395301;1;1;01;73;1;474.09090596;73;1;1;2;1;1;1;1;1;3;1;1;4;2;1;1;1;1;1;3;3;;;;;500000;;;;;;;;;1;;;2
20230313;03;2023;7395303;1;1;01;73;1;279.88341998;73;2;1;4;1;2;1;1;1;3;1;1;4;3;1;1;1;1;1;3;3;;;;;500000;;1;;;;1;1;;;;;5
20230313;03;2023;7395304;1;1;01;73;1;402.2477596;73;1;1;4;1;1;1;1;1;3;1;1;6;2;1;1;1;1;1;3;5;;;;99;;;1;;;;;;;;;;1
20230313;03;2023;7395305;1;1;01;73;1;260.47050314;73;2;1;4;1;2;1;1;1;3;1;1;3;2;1;1;1;1;1;3;3;;;;;400000;;1;;;;;;;;;;3
20230313;03;2023;7395306;1;1;01;73;1;300.45661878;73;2;1;4;1;2;1;1;1;3;1;1;3;2;1;1;1;1;1;3;1;;;150000000;500000;;;1;;;;;;;;;;2
20230313;03;2023;7395307;1;1;01;73;1;249.51105429;73;2;1;2;1;3;1;1;1;3;1;1;3;2;1;1;1;1;1;3;3;;;;;600000;;1;;;;;;;;;;3
20230313;03;2023;7395308;1;1;01;73;1;296.08727516;73;1;1;4;1;2;1;1;1;3;1;1;3;2;1;1;1;1;1;3;1;;;98000000;500000;;;1;;;;;;;;;;4
20230313;03;2023;7395309;1;1;01;73;1;272.2162633;73;1;1;2;1;2;1;1;1;3;1;1;4;1;1;1;1;1;1;3;1;;;180000000;500000;;;1;;;;;;;;;;1
20230313;03;2023;7395310;1;1;01;73;1;275.79429375;73;1;1;4;1;2;1;1;1;3;1;1;3;3;1;1;1;1;1;3;1;;;120000000;500000;;;1;;;;;1;;;;;2
20230313;03;2023;7395313;1;1;01;73;1;284.14963978;73;1;1;4;1;3;1;1;1;3;1;1;4;3;1;1;1;1;1;3;1;;;250000000;1000000;;;1;;;;;;;;;;3
20230313;03;2023;7395314;1;1;01;73;1;312.58855646;73;1;1;4;1;3;1;1;1;3;1;1;5;4;1;1;1;1;1;3;4;;;;1000000;;;1;;;;;;;;;;4
20230313;03;2023;7395315;1;1;01;73;1;373.05175418;73;2;1;4;1;3;1;1;1;3;1;1;3;2;1;1;1;1;1;3;3;;;;;630000;;;;;;;;;1;;;2
20230313;03;2023;7395316;1;1;01;73;1;403.28335304;73;1;1;4;1;3;1;1;1;3;1;1;4;1;1;1;1;1;1;3;1;;;99;500000;;;1;;;;;;;;;;1
20230313;03;2023;7395317;1;1;01;73;1;450.42170256;73;1;1;4;1;3;1;1;1;3;1;1;4;3;1;1;1;1;1;3;1;;;98;800000;;;1;;;;;;;;;;3
20230313;03;2023;7395318;1;1;01;73;1;451.30779713;73;2;1;4;1;2;1;1;1;3;1;1;2;2;1;1;1;1;1;3;3;;;;;500000;;;;;;;;;1;;;4
20230313;03;2023;7395319;1;1;01;73;1;378.35254003;73;1;1;2;1;3;1;1;1;3;1;1;4;3;1;1;1;1;1;3;1;;;98;98;;;1;;;;;;;;;;3
20230313;03;2023;7395320;1;1;01;73;1;332.70876626;73;2;1;4;1;2;1;1;1;3;1;1;2;1;1;1;1;1;1;3;4;;;;220000;;;;;;;;;;1;;;1
20230313;03;2023;7395321;1;1;01;73;1;390.91232502;73;2;1;2;1;3;2;1;1;3;1;1;4;3;1;1;1;1;1;4;3;;;;;400000;;1;;;;;;;;;;4
20230313;03;2023;7395322;1;1;01;73;1;315.54913258;73;2;1;4;1;1;1;1;1;3;1;1;4;3;1;1;1;1;1;3;1;;;85000000;400000;;;1;;;;;;;;;;5
20230313;03;2023;7395324;1;1;01;73;1;357.60699983;73;2;1;4;1;2;1;1;1;3;1;1;3;1;1;1;1;1;1;3;3;;;;;380000;;;;;;;;;1;;;2
20230313;03;2023;7395325;1;1;01;73;1;445.12091671;73;1;1;4;1;1;1;1;1;3;1;1;3;2;1;1;1;1;1;3;4;;;;450000;;;;;;;;;;1;;;2
20230313;03;2023;7395326;1;1;01;73;1;337.08191458;73;2;1;4;1;1;1;1;1;3;1;1;3;2;1;1;1;1;1;3;1;;;98;98;;;1;;;;;;;;;;2
20230313;03;2023;7395327;1;1;01;73;1;450.36978076;73;2;1;2;1;2;1;1;1;3;1;1;5;4;1;1;1;1;1;3;1;;;90000000;650000;;;1;;;;;1;;;;;5
20230313;03;2023;7395328;1;1;01;73;1;394.21785891;73;2;1;4;1;1;1;1;1;3;1;1;3;1;1;1;1;1;1;3;3;;;;;400000;;1;;;;;;;;;;2
20230313;03;2023;7395329;1;1;01;73;1;445.47759637;73;2;1;4;1;1;1;1;1;3;1;1;3;2;1;1;1;1;1;3;3;;;;;500000;;1;;;;;;;;;;3
20230313;03;2023;7395330;1;1;01;73;1;313.27322134;73;2;1;2;1;2;1;1;1;3;1;1;4;3;1;1;1;1;1;3;3;;;;;1200000;;1;;;;1;;;;;;3
20230313;03;2023;7395331;1;1;01;73;1;325.50030151;73;1;1;2;1;2;1;1;1;3;1;1;3;2;1;1;1;1;1;3;1;;;130000000;500000;;;;;;;;;;1;;;3
20230313;03;2023;7395332;1;1;01;73;1;337.08191458;73;1;1;2;1;2;1;1;1;3;1;1;3;2;1;1;1;1;1;3;3;;;;;400000;;;;;;;;;1;;;2
20230313;03;2023;7395333;1;1;01;73;1;322.89097779;73;1;1;4;1;2;1;1;1;3;1;1;6;2;1;1;1;1;1;3;6;;;;99;;;1;;;;;;;;;;3
20230313;03;2023;7395334;1;1;01;73;1;358.31179787;73;2;1;4;1;3;1;1;1;3;1;1;4;3;1;1;1;1;1;3;3;;;;;600000;;1;;;;;1;;;;;5
20230313;03;2023;7395335;1;1;01;73;1;379.72511678;73;2;1;4;1;1;1;1;1;3;1;1;3;2;1;1;1;1;1;3;3;;;;;99;;1;;;;;;;;;;3
20230313;03;2023;7395336;1;1;01;73;1;208.87299457;73;1;1;4;1;1;1;1;1;3;1;1;3;2;1;1;1;1;1;3;3;;;;;350000;;1;;;;;;;;;;4
20230313;03;2023;7395337;1;1;01;73;1;252.54601044;73;1;1;4;1;1;1;1;1;3;1;1;1;1;1;1;1;1;1;3;3;;;;;400000;;1;;;;;;;;;;5
20230313;03;2023;7395338;1;1;01;73;1;289.75828065;73;2;1;4;1;1;1;1;1;3;1;1;1;1;1;1;1;1;1;3;3;;;;;300000;;;;;;;;;1;;;3
20230313;03;2023;7395339;1;1;01;73;1;269.66553167;73;1;1;4;1;2;1;1;1;3;1;1;3;2;1;1;1;1;1;3;1;;;98;600000;;;1;;;;1;;;;;;2
20230313;03;2023;7395342;1;1;01;73;1;307.7676972;73;1;1;4;1;4;1;1;1;3;1;1;3;2;1;1;1;1;1;3;4;;;;1200000;;;1;;;;;;;;;;2
20230313;03;2023;7395343;1;1;01;73;1;349.67816173;73;1;1;4;1;3;1;1;1;3;1;1;4;2;1;1;1;1;1;3;3;;;;;950000;;;;;;;;;1;;;3
20230313;03;2023;7395345;1;1;01;73;1;278.75723132;73;1;1;4;1;4;1;1;1;3;1;1;4;2;1;1;1;1;1;3;3;;;;;950000;;1;;;;;;;;;;2
20230313;03;2023;7395346;1;1;01;73;1;445.12091671;73;2;1;2;1;2;1;1;1;3;1;1;3;2;1;1;1;1;1;3;3;;;;;600000;;;;;;;;;1;;;2
20230313;03;2023;7395347;1;1;01;73;1;276.24401072;73;3;1;4;1;1;1;1;1;3;1;1;1;1;1;2;1;1;3;3;2;;300000;98;250000;;;;;;;;;;1;;;2
20230313;03;2023;7395348;1;1;01;73;1;382.31750925;73;2;1;4;1;1;1;1;1;3;1;1;3;2;1;1;1;1;1;3;3;;;;;350000;;1;;;;;;;;;;4
20230313;03;2023;7395349;1;1;01;73;1;332.70876626;73;1;1;4;1;1;1;1;1;3;1;1;5;1;1;1;1;1;1;3;3;;;;;99;;1;;;;;;;;;;1
20230313;03;2023;7395350;1;1;01;73;1;327.42132265;73;6;1;4;1;2;1;1;1;3;1;1;4;3;1;1;1;1;1;3;4;;;;99;;;1;;;;;;;;;;4
20230313;03;2023;7395352;1;1;01;73;1;254.29125786;73;1;1;4;1;1;1;1;1;3;1;1;3;2;1;1;1;1;1;3;3;;;;;300000;;;;;;;;;1;;;4
20230313;03;2023;7395353;1;1;01;73;1;370.21214753;73;2;1;4;1;2;1;1;1;3;1;1;4;2;1;1;1;1;1;3;3;;;;;480000;;1;;;;;;;;;;3
20230313;03;2023;7395354;1;1;01;73;1;289.61838692;73;3;1;4;1;1;1;1;1;3;1;1;1;1;1;1;1;1;1;3;3;;;;;150000;;;;;;;;;1;;;1
20230313;03;2023;7395355;1;1;01;73;1;337.61866972;73;2;1;4;1;3;1;1;1;3;1;1;3;2;1;1;1;1;1;3;3;;;;;600000;;1;;;;;;;;;;3
20230313;03;2023;7395356;1;1;01;73;1;348.59184475;73;2;1;4;1;3;1;1;1;3;1;1;2;1;1;1;1;1;1;3;3;;;;;250000;;;;;;1;1;;;;;1
20230313;03;2023;7395357;1;1;01;73;1;346.16778656;73;2;1;4;1;3;1;1;1;3;1;1;3;2;1;1;1;1;1;3;3;;;;;700000;;1;;;;;;;;;;3
20230313;03;2023;7395358;1;1;01;73;1;291.23468916;73;2;1;4;1;3;1;1;1;3;1;1;3;2;1;1;1;1;1;3;3;;;;;520000;;1;;;;;;;;;;4
20230313;03;2023;7395359;1;1;01;73;1;387.78376563;73;2;1;4;1;3;1;1;1;3;1;1;3;2;1;1;1;1;1;3;3;;;;;700000;;;;;;;;;1;;;4
20230313;03;2023;7395360;1;1;01;73;1;251.67144857;73;1;1;2;1;3;1;1;1;3;1;1;4;2;1;1;1;1;1;3;1;;;400000000;1000000;;1;;;;;;;;;;;3
20230313;03;2023;7395362;1;1;01;73;1;348.59184475;73;2;1;4;1;2;1;1;1;3;1;1;5;2;1;1;1;1;1;3;3;;;;;530000;;1;;;;;;;;;;1
20230313;03;2023;7395364;1;1;01;73;1;194.88805131;73;1;1;4;1;1;1;1;1;3;1;1;4;3;1;1;1;1;1;3;1;;;100000000;400000;;;;;;;;;;1;;;6
20230313;03;2023;7395365;1;1;01;73;1;246.21415776;73;1;1;4;1;1;1;1;1;3;1;1;3;2;1;1;1;1;1;3;4;;;;300000;;;;;;;;;;1;;;2
20230313;03;2023;7395366;1;1;01;73;1;391.62546644;73;2;1;4;1;2;1;1;1;3;1;1;2;1;1;1;1;1;1;3;3;;;;;400000;;;;;;;;;1;;;1
20230313;03;2023;7395367;1;1;01;73;1;287.19200872;73;2;1;4;1;2;1;1;1;3;1;1;5;2;1;1;1;1;1;3;3;;;;;99;;1;;;;;;;;;;1
20230313;03;2023;7395368;1;1;01;73;1;391.62546644;73;2;1;4;1;2;1;1;1;3;1;1;3;1;1;1;1;1;1;3;3;;;;;400000;;1;;;;;;;;;;1
20230313;03;2023;7395369;1;1;01;73;1;337.08191458;73;1;1;4;1;3;1;1;1;3;1;1;4;2;1;1;1;1;1;3;3;;;;;800000;;1;;;;;;;;;;2
20230313;03;2023;7395370;1;1;01;73;1;364.02317121;73;1;1;4;1;1;1;1;1;3;1;1;4;2;1;1;1;1;1;3;3;;;;;350000;;1;;;;;;;;;;5
20230313;03;2023;7395371;1;1;01;73;1;287.19200872;73;2;1;4;1;3;1;1;1;3;1;1;5;1;1;1;1;1;1;3;3;;;;;550000;;1;;;;;;;;;;1
20230313;03;2023;7395372;1;1;01;73;1;300.55923246;73;1;1;4;1;1;1;1;1;3;1;1;3;3;1;1;1;1;1;3;1;;;25000000;300000;;;;;;;;;;1;;;4
20230313;03;2023;7395373;1;1;01;73;1;334.35484912;73;2;1;4;1;1;1;1;1;3;1;1;3;2;1;1;1;1;1;3;4;;;;350000;;;;;;;;;;1;;;4
20230313;03;2023;7395374;1;1;01;73;1;207.04856997;73;1;1;4;1;3;1;1;1;3;1;1;3;2;1;1;1;1;1;3;1;;;300000000;700000;;;1;;;;;1;;;;;2
20230313;03;2023;7395375;1;1;01;73;1;313.27322134;73;2;1;4;1;1;1;1;1;3;1;1;3;2;1;1;1;1;3;3;4;;;;600000;;;1;;;;;;;;;;3
20230313;03;2023;7395376;1;1;01;73;1;359.74572363;73;2;1;4;1;1;1;1;1;3;1;1;3;2;1;1;1;1;3;3;3;;;;;350000;;1;;;;;;;;;;3
20230313;03;2023;7395377;1;1;01;73;1;200.36957243;73;2;1;4;1;3;1;1;1;3;1;1;3;2;1;1;1;1;1;3;3;;;;;530000;;1;;;;;;;;;;2
20230313;03;2023;7395378;1;1;01;73;1;231.01800748;73;1;1;4;1;3;1;1;1;3;1;1;5;2;1;1;1;1;1;3;1;;;99;1000000;;;1;;;;1;1;;;;;3
20230313;03;2023;7395379;1;1;01;73;1;361.88444742;73;2;1;4;1;1;1;1;1;3;1;1;3;2;1;1;1;1;1;3;3;;;;;450000;;;;;;;;;1;;;4
20230313;03;2023;7395380;1;1;01;73;1;280.85311963;73;2;1;2;1;1;1;1;1;3;1;1;4;3;1;1;1;1;3;3;4;;;;500000;;;;;;;;;;1;;;5
20230313;03;2023;7395381;1;1;01;73;1;268.93944285;73;2;1;4;1;1;1;1;1;3;1;1;3;2;1;1;1;1;1;3;4;;;;350000;;;;;;;;;;1;;;4
20230313;03;2023;7395382;1;1;01;73;1;337.80228794;73;2;1;4;1;1;1;1;1;3;1;1;3;2;1;1;1;1;1;3;1;;;60000000;500000;;;1;;;;;;;;;;3
20230313;03;2023;7395383;1;1;01;73;1;278.75723132;73;2;1;4;1;1;1;1;1;3;1;1;3;1;1;1;1;1;3;3;3;;;;;350000;;;;;;;;;1;;;2
20230313;03;2023;7395384;1;1;01;73;1;323.09100981;73;1;1;2;1;1;1;1;1;3;1;1;1;1;1;1;1;1;2;3;4;;;;98;;;;;;;;;;1;;;1
20230313;03;2023;7395386;1;1;01;73;1;278.75723132;73;2;1;4;1;1;1;1;1;3;1;1;3;1;1;1;1;1;1;3;3;;;;;400000;;1;;;;;;;;;;2
20230313;03;2023;7395387;1;1;01;73;1;209.43954828;73;1;1;4;1;2;1;1;1;3;1;1;5;4;1;1;1;1;1;3;3;;;;;950000;;1;;;;;1;;;;;6
20230313;03;2023;7395389;1;1;01;;1;204.38633587;76;2;1;4;1;1;1;1;1;3;1;1;5;4;1;1;1;2;1;3;3;;;;;250000;;1;;;;;;;;;;3
20230313;03;2023;7395390;1;1;01;;1;204.38633587;76;2;1;2;1;1;1;1;1;3;1;1;5;2;1;1;1;2;1;3;3;;;;;300000;;1;;;;1;1;;;;;3
20230313;03;2023;7395391;1;1;01;;1;263.45914338;76;2;1;4;1;1;1;1;1;3;1;1;3;2;1;1;1;2;1;3;3;;;;;200000;;;;;;;;;1;;;3
20230313;03;2023;7395392;1;1;01;;1;717.22721154;76;2;1;2;1;1;1;1;1;3;1;1;4;3;1;1;1;1;1;3;4;;;;400000;;;1;;;;;;;;;;5
20230313;03;2023;7395395;1;1;01;;1;204.38633587;76;2;1;2;1;2;1;1;1;3;1;1;4;1;1;1;1;2;1;4;3;;;;;150000;;;;;;;;;1;;;1
20230313;03;2023;7395397;1;1;01;;1;204.38633587;76;2;1;4;1;1;2;1;1;3;1;1;2;1;1;1;1;2;1;4;4;;;;300000;;;;;;;;;;1;;;1
20230313;03;2023;7395398;1;1;01;;1;1131.4105591;76;1;1;4;1;1;1;1;1;3;1;1;4;3;1;1;1;1;1;3;2;;300000;99;250000;;;;;;;1;;;;;;4
20230313;03;2023;7395399;1;1;01;;1;789.60263672;76;1;1;4;1;1;1;1;1;3;1;1;4;2;1;1;1;1;1;3;3;;;;;600000;;1;;;;;;;;;;3
20230313;03;2023;7395400;1;1;01;;1;360.38733509;76;1;1;2;1;1;1;1;1;3;1;1;4;3;1;1;1;1;1;3;3;;;;;300000;;;;;;;;;1;;;4
20230313;03;2023;7395403;1;1;01;;1;360.38733509;76;1;1;4;1;1;1;1;1;3;1;1;3;1;1;1;1;1;1;3;3;;;;;300000;;1;;;;;;;;;;2
20230313;03;2023;7395406;1;1;01;;1;777.18654772;76;2;1;4;1;1;1;1;1;3;1;1;3;2;3;1;1;1;1;3;3;;;;;200000;;;;;;;;;1;;;3
20230313;03;2023;7395407;1;1;01;;1;944.45173469;76;1;2;3;1;1;1;1;1;3;1;1;3;2;3;1;1;1;1;3;4;;;;300000;;;;;;;;;;1;;;5
20230313;03;2023;7395408;1;1;01;;1;473.0083773;76;1;5;3;1;1;1;1;1;3;1;1;1;1;6;;1;1;1;3;1;;;99;400000;;;1;;;;;;;;;;3
20230313;03;2023;7395410;1;1;01;;1;473.0083773;76;2;1;4;1;1;1;1;1;3;1;1;3;1;3;1;1;1;1;3;1;;;98;300000;;;1;;;;;;;;;;1
20230313;03;2023;7395414;1;1;01;;1;1079.2950101;76;1;1;2;1;2;2;1;1;3;1;1;3;2;1;1;1;1;1;4;3;;;;;200000;;1;;;;;;;;;;4
20230313;03;2023;7395416;1;1;01;76;1;1105.6713783;76;2;1;4;1;2;1;1;1;3;1;1;4;1;1;1;1;1;3;3;3;;;;;750000;;1;;;;;;;;;;2
20230313;03;2023;7395417;1;1;01;76;1;1585.8126017;76;2;1;4;1;2;1;1;1;3;1;1;4;3;1;1;1;1;1;3;3;;;;;824000;;;;;;;;;1;;;4
20230313;03;2023;7395418;1;1;01;76;1;1359.8325379;76;2;1;4;1;2;1;1;1;3;1;2;4;3;1;2;1;1;1;3;3;;;;;550000;;1;;;;;;;;;;3
20230313;03;2023;7395418;2;2;01;76;1;1359.8325379;76;2;1;4;1;2;1;1;1;3;1;2;1;1;1;2;1;1;3;3;3;;;;;280000;;1;;;;;;;;;;1
20230313;03;2023;7395419;1;1;01;76;1;2606.6361541;76;2;1;4;1;2;1;1;1;3;1;1;4;3;1;1;1;1;1;3;3;;;;;860000;;1;;;;;;;;;;6
20230313;03;2023;7395420;1;1;01;76;1;1328.2786272;76;2;1;4;1;2;1;1;1;3;1;1;3;2;1;1;1;1;3;3;3;;;;;600000;;1;;;;;;;;;;2
20230313;03;2023;7395421;1;1;01;76;1;1337.8892752;76;2;1;4;1;2;1;1;1;3;1;1;4;1;1;1;1;1;1;3;3;;;;;800000;;;;;;;;1;;;NEQUI;2
20230313;03;2023;7395422;1;1;01;76;1;1659.9719368;76;2;1;4;1;2;1;1;1;3;1;1;4;2;1;1;1;1;1;3;3;;;;;400000;;;;;;;;;1;;;5
20230313;03;2023;7395423;1;1;01;76;1;829.85615757;76;2;1;4;1;5;1;1;1;3;1;1;4;1;1;1;1;1;1;3;1;;;98;1300000;;;1;;;;;;;;;;2
20230313;03;2023;7395424;1;1;01;76;1;1075.5905597;76;2;1;4;1;5;1;1;1;3;1;1;4;3;1;1;1;1;1;3;3;;;;;1750000;;1;;;;;1;;;;;3
20230313;03;2023;7395425;1;1;01;76;1;1351.1782484;76;1;1;4;1;2;1;1;1;3;1;2;4;3;1;1;1;1;1;3;1;;;80000000;500000;;;;;;;;;;1;;;4
20230313;03;2023;7395425;2;2;01;76;1;1351.1782484;76;1;1;4;1;2;1;1;1;3;1;2;1;1;1;1;1;1;1;3;3;;;;;270000;;;;;;;;;1;;;1
20230313;03;2023;7395427;1;1;01;76;1;829.85615757;76;2;1;4;1;5;1;1;1;3;1;1;4;2;1;1;1;1;1;3;1;;;250000000;1500000;;;1;;;;;;;;;;2
20230313;03;2023;7395431;1;1;01;76;1;1798.1339808;76;1;1;4;1;4;1;1;1;3;1;1;6;3;1;1;1;1;1;3;1;;;550000000;2500000;;1;1;;;;1;1;;;;;4
20230313;03;2023;7395432;1;1;01;76;1;851.36696133;76;2;1;4;1;5;1;1;1;3;1;1;4;1;1;1;1;1;1;3;4;;;;900000;;;1;;;;;;;;;;2
20230313;03;2023;7395434;1;1;01;76;1;987.8699204;76;3;1;4;1;4;1;1;1;1;1;1;1;1;1;1;1;1;6;;3;;;;;300000;;;;;;;;;1;;;1
20230313;03;2023;7395435;1;1;01;76;1;1257.4970007;76;1;1;4;1;2;1;1;1;3;1;1;3;2;1;1;1;1;3;3;2;;550000;40000000;450000;;;1;;1;;;;;;;;3
20230313;03;2023;7395437;1;1;01;76;1;2915.4330769;76;1;1;4;1;2;1;1;1;3;1;1;4;3;1;1;1;1;1;3;3;;;;;450000;;;;;;;;;1;;;5
20230313;03;2023;7395443;1;1;01;76;1;871.7997291;76;2;1;4;1;3;1;1;1;3;1;1;3;1;1;1;1;1;1;3;3;;;;;900000;;1;;;;;;;;;;2
20230313;03;2023;7395444;1;1;01;76;1;990.27888802;76;2;1;4;1;4;1;1;1;3;1;1;4;3;1;1;1;1;1;3;3;;;;;1200000;;1;;;;;;;;;;3
20230313;03;2023;7395445;1;1;01;76;1;755.47018271;76;2;1;4;1;3;1;1;1;3;1;1;4;2;1;1;1;1;1;3;3;;;;;750000;;1;;;;;;;;;;2
20230313;03;2023;7395446;1;1;01;76;1;1076.6111411;76;2;1;4;1;5;1;1;1;3;1;1;4;2;1;1;1;1;1;3;1;;;220000000;1000000;;1;1;;;;;1;;;;;2
20230313;03;2023;7395447;1;1;01;76;1;1049.3461697;76;2;1;4;1;4;1;1;1;3;1;1;3;1;1;1;1;1;1;3;1;;;130000000;650000;;;1;;;;1;1;;;;;1
20230313;03;2023;7395448;1;1;01;76;1;1027.5051319;76;2;1;4;1;5;1;1;1;3;1;1;5;3;1;1;1;1;1;3;3;;;;;1500000;;1;;;;;;;;;;4
20230313;03;2023;7395449;1;1;01;76;1;1119.4784766;76;2;1;4;1;4;1;1;1;3;1;1;4;3;1;1;1;1;1;3;1;;;98;900000;;;1;;;;;1;;;;;3
20230313;03;2023;7395451;1;1;01;76;1;982.05042203;76;2;1;4;1;4;1;1;1;3;1;1;4;1;1;1;1;1;1;3;3;;;;;700000;;1;;;;1;;;;;;1
20230313;03;2023;7395452;1;1;01;76;1;1199.9130936;76;2;1;4;1;3;1;1;1;3;1;1;4;2;1;1;1;1;1;3;3;;;;;600000;;1;;;;;;;;;;3
20230313;03;2023;7395453;1;1;01;76;1;1384.6257364;76;2;1;4;1;5;1;1;1;3;1;1;4;3;1;1;1;1;1;3;1;;;300000000;1800000;;;1;;;1;;1;;;;;4
20230313;03;2023;7395454;1;1;01;76;1;1813.258193;76;2;1;4;1;4;1;1;1;3;1;1;4;3;1;1;1;1;1;3;3;;;;;600000;;1;;;;;;;;;;4
20230313;03;2023;7395457;1;1;01;76;1;1199.4775226;76;2;1;4;1;3;1;1;1;3;1;1;4;2;1;1;1;1;1;3;3;;;;;650000;;1;;;1;;1;;;;;3
20230313;03;2023;7395459;1;1;01;76;1;2226.0108315;76;2;1;4;1;3;1;1;1;3;1;1;4;3;1;1;1;1;1;3;3;;;;;750000;;1;;;;;;;;;;6
20230313;03;2023;7395460;1;1;01;76;1;1572.1102113;76;2;1;4;1;4;1;1;1;3;1;1;4;3;1;1;1;1;1;3;1;;;250000000;1200000;;;1;;;1;;;;;;;4
20230313;03;2023;7395461;1;1;01;76;1;829.85615757;76;2;1;4;1;5;1;1;1;3;1;1;4;1;1;1;1;1;1;3;1;;;215000000;1500000;;;1;;;;;1;;;;;2
20230313;03;2023;7395462;1;1;01;76;1;790.33919768;76;2;1;4;1;5;1;1;1;3;1;1;4;1;1;1;1;1;1;3;4;;;;98;;;1;;;;;;;;;;2
20230313;03;2023;7395463;1;1;01;76;1;790.33919768;76;2;1;4;1;5;1;1;1;3;1;1;5;1;1;1;1;1;1;3;1;;;98;1300000;;;1;;;;;;;;;;2
20230313;03;2023;7395464;1;1;01;76;1;829.85615757;76;2;1;4;1;5;1;1;1;3;1;1;4;1;1;1;1;1;1;3;1;;;230000000;1500000;;;1;;;;;;;;;;2
20230313;03;2023;7395465;1;1;01;76;1;1500.5502256;76;2;1;4;1;3;1;1;1;3;1;1;4;2;1;1;1;1;1;3;4;;;;650000;;;1;;;;;;;;;;4
20230313;03;2023;7395466;1;1;01;76;1;1313.2817631;76;2;1;4;1;3;2;1;1;3;1;1;3;2;1;1;1;1;1;4;3;;;;;450000;;1;;;;;;;;;;3
20230313;03;2023;7395471;1;1;01;76;1;679.82435836;76;1;1;4;1;2;1;1;1;3;1;1;4;3;1;1;1;1;1;3;4;;;;400000;;;1;;;;;;;;;;5
20230313;03;2023;7395472;1;1;01;76;1;669.02199103;76;1;1;4;1;2;1;1;1;3;1;1;5;4;1;1;1;1;1;3;1;;;100000000;450000;;;1;;;;;;;;;;4
20230313;03;2023;7395474;1;1;01;76;1;1043.9713058;76;2;1;4;1;2;1;1;1;3;1;1;3;2;1;1;1;1;1;3;1;;;98;400000;;;1;;;;;;;;;;5
20230313;03;2023;7395475;1;1;01;76;1;553.23743838;76;1;1;4;1;2;1;1;1;3;1;1;4;2;1;1;1;1;1;3;1;;;98;500000;;;;;;;;;;1;;;2
20230313;03;2023;7395476;1;1;01;76;1;1199.9165794;76;2;1;4;1;3;1;1;1;3;1;1;5;4;1;1;1;1;1;3;1;;;99;1200000;;;1;;;;;;1;;;NEQUI;5
20230313;03;2023;7395477;1;1;01;76;1;423.37282303;76;2;1;4;1;3;1;1;1;3;1;1;1;1;1;1;1;1;6;;3;;;;;99;;1;;;;;1;;;;;1
20230313;03;2023;7395478;1;1;01;76;1;356.601845;76;2;1;4;1;3;1;1;1;7;1;1;4;2;1;1;1;1;1;3;1;;;180000000;1000000;;;1;;;;;;;;;;3
20230313;03;2023;7395479;1;1;01;76;1;874.84494362;76;2;1;4;1;2;1;1;1;3;1;1;5;3;1;1;1;1;1;3;1;;;98;98;;;;;;;;;1;;;NEQUI;4
20230313;03;2023;7395480;1;1;01;76;1;1799.2162839;76;3;1;3;1;0;2;1;1;3;1;1;1;1;1;2;1;1;1;1;4;;;;250000;;;;;;;;;;1;;;3
20230313;03;2023;7395481;1;1;01;76;1;273.97064655;76;2;1;4;1;3;1;1;1;7;1;1;3;2;1;1;1;1;1;3;3;;;;;500000;;1;;;;;;;;;;2
20230313;03;2023;7395482;1;1;01;76;1;857.57366798;76;1;1;2;1;0;2;1;1;3;1;1;3;1;1;1;1;1;1;1;3;;;;;400000;;;;;;;;;1;;;2
20230313;03;2023;7395483;1;1;01;76;1;846.74564605;76;1;1;2;1;0;2;1;1;3;1;1;2;1;1;1;1;1;1;1;3;;;;;250000;;;;;;;;;1;;;1
20230313;03;2023;7395485;1;1;01;76;1;395.14796816;76;2;1;4;1;2;1;1;1;3;1;1;5;1;1;1;1;1;1;3;4;;;;450000;;;;;;;;;;1;;;1
20230313;03;2023;7395486;1;1;01;76;1;2106.5963582;76;1;1;2;1;0;2;1;1;3;1;1;2;1;1;1;1;1;1;1;5;;;;300000;;;;;;;;;;1;;;4
20230313;03;2023;7395488;1;1;01;76;1;239.4283534;76;2;1;4;1;3;1;1;1;7;1;1;3;1;1;1;1;1;1;3;4;;;;400000;;;;;;;;;;1;;;1
20230313;03;2023;7395489;1;1;01;76;1;689.03662391;76;2;1;4;1;3;1;1;1;3;1;1;4;2;1;1;1;1;1;3;4;;;;600000;;;;;;;;;;1;;;2
20230313;03;2023;7395490;1;1;01;76;1;651.02753269;76;2;1;4;1;2;1;1;1;3;1;1;2;2;1;1;1;1;1;3;3;;;;;450000;;;;;;;;;1;;;3
20230313;03;2023;7395492;1;1;01;76;1;239.4283534;76;2;1;4;1;3;1;1;1;7;1;1;4;1;1;1;1;1;1;3;1;;;150000000;600000;;;1;;;;;;;;;;1
20230313;03;2023;7395493;1;1;01;76;1;607.39027136;76;2;1;4;1;3;1;1;1;3;1;1;4;2;1;1;1;1;1;3;1;;;100000000;700000;;;1;;;;;;;;;;3
20230313;03;2023;7395497;1;1;01;76;1;592.75439826;76;2;1;4;1;3;1;1;1;3;1;1;4;1;1;1;1;1;1;3;4;;;;700000;;;;;;;;;;1;;;2
20230313;03;2023;7395500;1;1;01;76;1;242.06188954;76;2;1;4;1;3;1;1;1;7;1;1;4;2;1;1;1;1;1;3;3;;;;;650000;;1;;;;;;;;;;3
20230313;03;2023;7395501;1;1;01;76;1;1199.2527654;76;1;1;4;1;0;2;1;1;3;1;1;3;1;1;1;1;1;1;2;5;;;;200000;;;;;;;;;;1;;;1
20230313;03;2023;7395502;1;1;01;76;1;603.46903965;76;1;1;4;1;2;1;1;1;3;1;1;5;2;1;1;1;1;1;3;2;;550000;98;98;;;1;;1;;;;;;;;2
20230313;03;2023;7395504;1;1;01;76;1;1470.2202293;76;1;1;2;1;0;2;1;1;3;1;1;2;1;1;1;1;1;1;1;5;;;;300000;;;;;;;;;;1;;;3
20230313;03;2023;7395505;1;1;01;76;1;954.38479164;76;1;1;2;1;0;2;1;1;3;1;1;2;1;1;1;1;1;1;1;4;;;;200000;;;;;;;;;;1;;;1
20230313;03;2023;7395506;1;1;01;76;1;232.6236216;76;1;1;2;1;1;1;1;1;3;1;1;3;3;1;1;1;1;1;3;1;;;65000000;400000;;;;;;;;;;1;;;6
20230313;03;2023;7395507;1;1;01;76;1;954.38479164;76;3;1;2;1;0;2;1;1;3;1;1;2;1;1;2;1;1;1;1;5;;;;300000;;;;;;;;;;1;;;1
20230313;03;2023;7395508;1;1;01;76;1;561.17166973;76;2;1;4;1;3;1;1;1;3;1;1;4;1;1;1;1;1;1;3;3;;;;;1000000;;1;;;;1;1;;;;;1
20230313;03;2023;7395509;1;1;01;76;1;230.34558531;76;1;1;4;1;1;1;1;1;3;1;1;4;3;1;1;1;1;1;3;5;;;;500000;;;;;;;;;;1;;;5
20230313;03;2023;7395514;1;1;01;76;1;230.0025214;76;1;1;2;1;2;1;1;1;3;1;1;3;2;1;1;1;1;1;3;1;;;65000000;500000;;;;;;;;;;1;;;3
20230313;03;2023;7395515;1;1;01;76;1;166.19079207;76;1;1;2;1;2;1;1;1;3;1;1;3;2;1;1;1;1;1;3;4;;;;550000;;;;;;;;;;1;;;4
20230313;03;2023;7395516;1;1;01;76;1;183.20345774;76;2;1;2;1;1;1;1;1;3;1;1;5;3;1;1;1;1;1;3;4;;;;450000;;;1;;;;;;;;;;4
20230313;03;2023;7395517;1;1;01;76;1;141.84471087;76;1;1;4;1;1;1;1;1;3;1;1;3;2;1;1;1;1;1;3;5;;;;500000;;;1;;;;;;;;;;2
20230313;03;2023;7395518;1;1;01;76;1;603.59856032;76;1;1;4;1;2;1;1;1;3;1;1;4;2;1;1;1;1;3;3;1;;;180000000;650000;;;1;;;;;;;;;;3
20230313;03;2023;7395519;1;1;01;76;1;1474.774828;76;2;1;4;1;2;1;1;1;3;1;1;4;3;1;1;1;1;3;3;3;;;;;500000;;1;;;;;;;;;;7
20230313;03;2023;7395520;1;1;01;76;1;550.97494722;76;1;1;4;1;2;1;1;1;3;1;1;4;3;1;1;1;1;1;3;2;;300000;180000000;500000;;;1;;;;;;;;;;4
20230313;03;2023;7395521;1;1;01;76;1;132.98737322;76;2;1;4;1;1;1;1;1;3;1;1;3;2;1;1;1;1;1;3;5;;;;450000;;;1;;;;;;;;;;2
20230313;03;2023;7395522;1;1;01;76;1;140.1094683;76;2;1;2;1;1;1;1;1;3;1;1;2;2;1;1;1;1;3;3;4;;;;350000;;;1;;;;;;;;;;3
20230313;03;2023;7395523;1;1;01;76;1;604.37614617;76;2;1;4;1;2;1;1;1;3;1;1;3;2;1;1;1;1;1;3;3;;;;;450000;;;;;;;;;1;;;2
20230313;03;2023;7395524;1;1;01;76;1;639.60147487;76;2;1;2;1;2;1;1;1;3;1;1;4;1;1;1;1;1;1;3;1;;;98;500000;;;1;;;;;;;;;;1
20230313;03;2023;7395525;1;1;01;76;1;385.27122171;76;1;1;4;1;1;1;1;1;3;1;1;3;1;1;1;1;1;1;3;1;;;98;98;;;1;;;;;;;;;;2
20230313;03;2023;7395526;1;1;01;76;1;501.67510548;76;2;1;4;1;2;1;1;1;3;1;1;3;1;1;1;1;1;1;3;1;;;180000000;550000;;;;;;;;;;1;;;2
20230313;03;2023;7395527;1;1;01;76;1;385.27122171;76;1;1;4;1;1;1;1;1;3;1;1;5;1;1;1;1;1;1;3;1;;;98;500000;;;1;;;;;;;;;;2
20230313;03;2023;7395528;1;1;01;76;1;725.78198233;76;2;1;4;1;4;1;1;1;3;1;1;4;1;1;1;1;1;1;3;4;;;;700000;;;1;;;;1;;;;;;1
20230313;03;2023;7395529;1;1;01;76;1;553.52113273;76;2;1;4;1;2;1;1;1;3;1;1;3;1;1;1;1;1;1;3;3;;;;;450000;;1;;;;;1;;;;;2
20230313;03;2023;7395530;1;1;01;76;1;248.43306491;76;2;1;4;1;1;1;1;1;3;1;3;1;1;1;1;1;1;1;3;3;;;;;300000;;1;;;;;;;;;;3
20230313;03;2023;7395530;2;2;01;76;1;248.43306491;76;2;1;4;1;1;1;1;1;3;1;3;1;1;1;1;1;1;1;3;3;;;;;350000;;1;;;;;1;;;;;1
20230313;03;2023;7395530;3;3;01;76;1;248.43306491;76;2;1;4;1;1;1;1;1;3;1;3;1;1;1;1;1;1;1;3;3;;;;;250000;;;;;;;;;1;;;1
20230313;03;2023;7395531;1;1;01;76;1;738.23843413;76;2;1;4;1;2;1;1;1;3;1;1;3;2;1;1;1;1;1;3;3;;;;;380000;;1;;;;;;;;;;2
20230313;03;2023;7395532;1;1;01;76;1;458.74367906;76;2;1;4;1;1;1;1;1;3;1;1;3;2;1;1;1;1;1;3;3;;;;;500000;;;;;;;;;1;;;4
20230313;03;2023;7395533;1;1;01;76;1;1069.3163954;76;2;1;4;1;3;1;1;1;3;1;1;4;3;1;1;1;1;1;3;4;;;;900000;;;1;;;;;;;;;;4
20230313;03;2023;7395534;1;1;01;76;1;597.80552853;76;2;1;4;1;2;1;1;1;3;1;1;3;1;1;1;1;1;1;3;3;;;;;340000;;1;;;;;;;;;;2
20230313;03;2023;7395535;1;1;01;76;1;1240.5964466;76;2;1;4;1;4;1;1;1;3;1;1;4;3;1;1;1;1;1;3;1;;;180000000;800000;;;1;;;;1;;;;;;3
20230313;03;2023;7395536;1;1;01;76;1;458.15020877;76;2;1;4;1;2;1;1;1;3;1;1;3;1;1;1;1;1;1;3;3;;;;;400000;;1;;;;;;;;;;1
20230313;03;2023;7395537;1;1;01;76;1;1639.1592083;76;2;1;4;1;4;1;1;1;3;1;1;4;3;1;1;1;1;1;3;2;;800000;98;800000;;;1;;1;;;1;;;;;4
20230313;03;2023;7395538;1;1;01;76;1;1016.150397;76;2;1;4;1;4;1;1;1;3;1;1;3;1;1;1;1;1;1;3;3;;;;;700000;;1;;;;;;;;;;2
20230313;03;2023;7395539;1;1;01;76;1;1016.150397;76;2;1;4;1;4;1;1;1;3;1;1;4;1;1;1;1;1;1;3;1;;;180000000;1300000;;;1;;;;;1;;;;;2
20230313;03;2023;7395540;1;1;01;76;1;1027.9309418;76;2;1;4;1;4;1;1;1;3;1;1;3;1;1;1;1;1;1;3;1;;;190000000;800000;;;1;;;;;;;;;;1
20230313;03;2023;7395541;1;1;01;76;1;1041.2404652;76;2;1;4;1;4;1;1;1;3;1;1;4;2;1;1;1;1;1;3;3;;;;;920000;;;;;;;;;1;;;3
20230313;03;2023;7395542;1;1;01;76;1;287.40051261;76;2;1;4;1;1;1;1;1;3;1;1;3;2;1;1;1;1;3;3;4;;;;500000;;;1;;;;;;;;;;3
20230313;03;2023;7395543;1;1;01;76;1;371.73733965;76;2;1;4;1;1;1;1;1;3;1;1;2;1;1;1;1;1;3;3;4;;;;400000;;;;;;;;;;1;;;3
20230313;03;2023;7395544;1;1;01;76;1;470.32041139;76;2;1;4;1;3;1;1;1;3;1;1;5;1;1;1;1;1;1;3;3;;;;;1000000;;1;;;;;;;;;;2
20230313;03;2023;7395548;1;1;01;76;1;566.60263703;76;2;1;4;1;3;1;1;1;3;1;1;5;2;1;1;1;1;1;3;3;;;;;700000;;1;;;;;;;;;;2
20230313;03;2023;7395550;1;1;01;76;1;194.42132377;76;2;1;4;1;1;1;1;1;3;1;2;3;2;1;2;1;1;1;3;1;;;90000000;350000;;;;;;;;;;1;;;2
20230313;03;2023;7395550;2;2;01;76;1;194.42132377;76;2;1;4;1;1;1;1;1;3;1;2;1;1;1;2;1;1;1;3;3;;;;;150000;;1;1;;1;;;;;;;1
20230313;03;2023;7395551;1;1;01;76;1;899.60814194;76;2;1;4;1;3;1;1;1;3;1;1;4;2;1;1;1;1;1;3;3;;;;;800000;;1;;;1;1;1;1;;;NEQUI AHORRO A LA MANO DAVIPLATA;3
20230313;03;2023;7395554;1;1;01;76;1;964.90834738;76;2;1;4;1;5;1;1;1;3;1;1;5;2;1;1;1;1;1;3;2;;3000000;300000000;1800000;;;1;;1;;;;;;;;3
20230313;03;2023;7395555;1;1;01;76;1;1614.8965747;76;2;1;4;1;4;1;1;1;3;1;1;2;1;1;1;1;1;1;3;3;;;;;750000;;;;;;;;;1;;;2
20230313;03;2023;7395556;1;1;01;76;1;790.33919768;76;2;1;4;1;5;1;1;1;3;1;1;5;1;1;1;1;1;1;3;4;;;;1500000;;;1;;;;;1;;;;;2
20230313;03;2023;7395557;1;1;01;76;1;872.93370847;76;2;1;4;1;3;1;1;1;3;1;1;2;1;1;1;1;1;1;3;3;;;;;500000;;1;;;;;1;;;;;1
20230313;03;2023;7395558;1;1;01;76;1;1927.5821155;76;2;1;4;1;2;1;1;1;3;1;1;4;2;1;1;1;1;3;3;3;;;;;700000;;1;;;;;;;;;;3
20230313;03;2023;7395559;1;1;01;76;1;981.11880182;76;2;1;4;1;3;1;1;1;3;1;1;4;2;1;1;1;1;1;3;1;;;110000000;650000;;;1;;;1;;1;;;;;2
20230313;03;2023;7395561;1;1;01;76;1;1077.6232851;76;2;1;4;1;3;1;1;1;3;1;1;4;2;1;1;1;1;1;3;3;;;;;750000;;1;;;;;;;;;;2
20230313;03;2023;7395563;1;1;01;81;1;205.92586089;81;1;1;4;1;3;2;1;1;3;1;1;5;4;1;1;1;1;1;4;4;;;;800000;;;1;;;;;;;;;;7
20230313;03;2023;7395564;1;1;01;81;1;92.506655646;81;1;1;4;1;3;2;1;1;3;1;1;3;2;1;1;1;1;1;4;3;;;;;500000;;;;;;;;;1;;;5
20230313;03;2023;7395565;1;1;01;81;1;130.64020578;81;1;1;4;1;3;2;1;1;3;1;1;3;1;1;1;1;1;1;4;4;;;;800000;;;1;;;;;;;;;;2
20230313;03;2023;7395567;1;1;01;81;1;199.49447306;81;1;1;4;1;3;2;1;1;3;1;1;2;1;1;1;1;1;6;;4;;;;350000;;;1;;;;;;;;;;1
20230313;03;2023;7395568;1;1;01;81;1;157.79836053;81;1;1;4;1;3;2;1;1;3;1;1;3;2;1;1;1;1;1;4;1;;;98;500000;;;1;;;;;;;;;;3
20230313;03;2023;7395572;1;1;01;85;1;472.20920611;85;2;1;4;1;2;1;1;1;3;1;1;3;2;1;1;1;1;1;3;2;;1400000;99;600000;;;1;;;1;;;;;;;2
20230313;03;2023;7395573;1;1;01;85;1;485.72658682;85;2;1;4;1;2;1;1;1;3;1;1;3;2;1;1;1;1;1;3;2;;900000;113000000;800000;;;;;1;;;;;;;;2
20230313;03;2023;7395574;1;1;01;85;1;301.8430709;85;1;1;2;1;2;1;1;1;3;1;1;3;2;1;1;1;1;1;3;1;;;120000000;350000;;;;;;;;;;1;;;3
20230313;03;2023;7395575;1;1;01;85;1;239.32398097;85;2;1;4;1;2;1;1;1;3;1;1;2;1;1;1;1;1;1;3;4;;;;600000;;;;;;;;;;1;;;3
20230313;03;2023;7395576;1;1;01;85;1;320.68185224;85;2;1;4;1;2;1;1;1;3;1;1;2;1;1;1;1;1;3;3;3;;;;;600000;;;;;;;;;1;;;5
20230313;03;2023;7395577;1;1;01;85;1;196.00871325;85;2;1;4;1;2;1;1;1;3;1;2;2;1;1;2;1;1;1;3;3;;;;;300000;;1;;;;;;;;;;1
20230313;03;2023;7395577;2;2;01;85;1;196.00871325;85;2;1;4;1;2;1;1;1;3;1;2;2;1;1;2;1;1;1;3;3;;;;;300000;;1;;;;;;;;;;2
20230313;03;2023;7395578;1;1;01;85;1;233.14876167;85;2;1;4;1;2;1;1;1;3;1;1;3;1;1;1;1;1;1;3;3;;;;;400000;;1;;;;;;;;;;2
20230313;03;2023;7395579;1;1;01;85;1;277.55804961;85;1;1;2;1;1;1;2;1;3;1;1;4;1;2;1;1;1;1;3;3;;;;;350000;;1;;;;;;;;;;2
20230313;03;2023;7395580;1;1;01;85;1;299.98517026;85;1;1;2;1;1;1;2;1;3;1;1;3;2;2;1;1;1;1;3;5;;;;250000;;;1;;;;;;;;;;4
20230313;03;2023;7395581;1;1;01;85;1;284.90950116;85;1;1;2;1;1;1;2;1;3;1;1;3;2;2;1;1;1;1;3;3;;;;;350000;;1;;;;;;;;;;3
20230313;03;2023;7395582;1;1;01;85;1;381.04719807;85;1;1;2;1;1;1;2;1;3;1;1;3;2;2;1;1;1;1;3;1;;;45000000;350000;;;1;;;;;;;;;;4
20230313;03;2023;7395583;1;1;01;85;1;299.26825851;85;1;1;1;1;1;1;2;1;3;1;1;2;1;2;1;1;1;1;3;3;;;;;200000;;1;;;;;;;;;;3
20230313;03;2023;7395584;1;1;01;85;1;314.3439276;85;1;1;1;1;1;1;2;1;3;1;1;2;1;2;1;1;1;1;3;5;;;;200000;;;;;;;;;;1;;;4
20230313;03;2023;7395585;1;1;01;85;1;195.77911005;85;1;1;1;1;1;1;2;1;3;1;1;2;1;2;1;1;10;1;3;3;;;;;200000;;1;;;;;;;;;;1
20230313;03;2023;7395586;1;1;01;85;1;292.26095271;85;1;1;4;1;1;1;2;1;3;1;1;3;2;2;1;1;1;1;3;1;;;60000000;400000;;;1;;;;;;;;;;4
20230313;03;2023;7395587;1;1;01;85;1;306.61971006;85;1;1;2;1;1;2;2;1;3;1;1;3;2;2;1;1;1;1;4;5;;;;200000;;;1;;;;;;;;;;4
20230313;03;2023;7395588;1;1;01;85;1;262.48238051;85;1;1;4;1;1;1;2;1;3;1;1;3;1;2;1;1;1;1;3;5;;;;100000;;;;;;;;;;1;;;1
20230313;03;2023;7395589;1;1;01;85;1;299.98517026;85;1;8;2;1;1;2;2;1;3;1;1;2;1;2;1;1;1;1;4;5;;;;150000;;;;;;;;;;1;;;4
20230313;03;2023;7395590;1;1;01;85;1;245.81232371;85;2;1;4;1;2;1;1;1;3;1;1;3;2;1;1;1;1;1;3;3;;;;;450000;;1;;;;;;;;;;3
20230313;03;2023;7395591;1;1;01;85;1;291.54404096;85;1;1;4;1;1;1;2;1;3;1;1;3;2;2;1;1;1;1;3;3;;;;;280000;;;;;;;;;1;;;3
20230313;03;2023;7395592;1;1;01;85;1;292.26095271;85;1;1;2;1;1;1;2;1;3;1;1;3;2;2;1;1;1;1;3;5;;;;200000;;;;;;;;;;1;;;4
20230313;03;2023;7395593;1;1;01;85;1;269.83383206;85;1;8;2;1;1;1;2;1;3;1;1;2;1;2;1;1;1;1;3;5;;;;100000;;;;;;;;;;1;;;2
20230313;03;2023;7395598;1;1;01;86;1;54.647958128;86;2;1;4;1;1;1;1;1;2;1;1;3;3;1;1;1;1;3;3;3;;;;;99;;1;;;;;;;;;;4
20230313;03;2023;7395599;1;1;01;86;1;89.474241135;86;1;1;4;1;1;1;1;1;2;1;1;3;1;1;1;1;1;3;3;4;;;;99;;;1;;;;;;;;;;1
20230313;03;2023;7395600;1;1;01;86;1;85.580356643;86;2;1;4;1;1;1;1;1;2;1;1;3;1;1;1;1;1;3;3;3;;;;;99;;1;;;;;;;;;;2
20230313;03;2023;7395601;1;1;01;86;1;159.27383421;86;2;1;4;1;1;1;1;1;2;1;1;3;3;1;1;1;1;3;3;3;;;;;99;;1;;;;;;;;;;3
20230313;03;2023;7395602;1;1;01;86;1;101.05708048;86;1;1;4;1;1;2;1;1;2;1;2;3;1;1;1;1;1;3;4;3;;;;;99;;1;;;;;;;;;;1
20230313;03;2023;7395602;2;2;01;86;1;101.05708048;86;1;1;4;1;1;2;1;1;2;1;2;2;1;1;1;1;1;3;4;3;;;;;99;;1;;;;;;;;;;2
20230313;03;2023;7395603;1;1;01;86;1;111.84280142;86;2;1;4;1;1;1;1;1;2;1;1;3;1;1;1;1;1;3;3;1;;;99;99;;;1;;;;;;;;;;1
20230313;03;2023;7395604;1;1;01;86;1;85.580356643;86;2;1;4;1;1;2;1;1;2;1;1;5;2;1;1;1;1;1;4;3;;;;;98;;;;;;;;;1;;;2
20230313;03;2023;7395605;1;1;01;86;1;101.07701919;86;2;1;4;1;1;2;1;1;2;1;1;5;2;1;1;1;1;1;4;3;;;;;500000;1;;;;;;;;;;;2
20230313;03;2023;7395606;1;1;01;86;1;89.474241135;86;2;1;4;1;1;2;1;1;2;1;1;5;1;1;1;1;1;1;4;3;;;;;98;1;;;;;;;;;;;1
20230313;03;2023;7395607;1;1;01;86;1;106.9754458;86;2;1;4;1;1;1;1;1;2;1;1;5;1;1;1;1;1;1;3;3;;;;;98;;;;;;;;;1;;;2
20230313;03;2023;7395608;1;1;01;86;1;140.77358833;86;2;1;4;1;1;1;1;1;2;1;1;6;2;1;1;1;1;1;3;3;;;;;98;;;;;;;;;1;;;1
20230313;03;2023;7395609;1;1;01;88;1;77.21444526;88;2;1;4;1;2;2;2;1;3;2;1;2;1;2;1;1;10;3;4;3;;;;;500000;;1;;;;;;;;;;4
20230313;03;2023;7395610;1;1;01;88;1;32.710525574;88;1;1;4;1;4;2;2;1;3;1;1;3;1;2;1;1;10;1;4;1;;;99;1500000;;;1;;;;;;;;;;2
20230313;03;2023;7395611;1;1;01;88;1;44.191295228;88;2;1;4;1;3;2;2;1;3;2;1;1;1;2;1;1;10;2;4;3;;;;;600000;;1;;;;;;;;;;1
20230313;03;2023;7395612;1;1;01;88;1;67.526947052;88;1;1;4;1;2;2;2;1;7;2;1;3;2;2;1;1;10;1;4;3;;;;;500000;;1;;;;;;;;;;3
20230313;03;2023;7395614;1;1;01;88;1;38.760182121;88;3;1;4;1;2;2;2;1;3;2;1;1;1;2;1;1;10;2;4;3;;;;;600000;;;;;;;;;1;;;2
20230313;03;2023;7395615;1;1;01;88;1;47.021380512;88;2;1;4;1;3;2;1;1;3;2;1;4;1;1;1;1;10;3;4;1;;;98;1200000;;;1;;;;;1;;;;;2
20230313;03;2023;7395616;1;1;01;88;1;20.381173627;88;2;1;4;1;3;2;2;1;3;1;1;3;1;2;1;1;10;1;4;1;;;99;800000;;;1;;;;;;;;;;2
20230313;03;2023;7395617;1;1;01;88;1;34.370634801;88;2;1;4;1;3;2;2;1;3;1;1;3;2;2;1;1;10;1;4;4;;;;550000;;;1;;;;;;;;;;5
20230313;03;2023;7395618;1;1;01;88;1;20.381173627;88;2;1;4;1;3;2;2;1;3;1;1;3;2;2;1;1;10;3;4;1;;;99;1000000;;;1;;;;;;;;;;2
20230313;03;2023;7395619;1;1;01;88;1;24.668389964;88;2;1;4;1;3;2;2;1;3;1;1;3;2;2;1;1;10;1;4;3;;;;;850000;;1;;;;;;;;;;3
20230313;03;2023;7395620;1;1;01;88;1;40.441124199;88;1;1;4;1;3;2;2;1;3;1;1;3;1;2;1;1;10;3;4;3;;;;;1060000;;1;;;;;;;;;;2
20230313;03;2023;7395621;1;1;01;88;1;20.381173627;88;1;1;4;1;3;2;2;1;3;1;1;3;2;2;1;1;10;3;4;1;;;99;1200000;;;1;;;;;;;;;;2
20230313;03;2023;7395622;1;1;01;88;1;20.381173627;88;1;1;4;1;3;2;2;1;3;1;1;3;1;2;1;1;10;1;4;1;;;99;1200000;;;1;;;;;;;;;;2
20230313;03;2023;7395623;1;1;01;88;1;32.710525574;88;2;1;4;1;3;2;2;1;3;1;1;3;1;2;1;1;10;3;4;1;;;98;99;;;1;;;;;;;;;;2
20230313;03;2023;7395624;1;1;01;88;1;40.976586583;88;2;1;4;1;3;2;2;1;3;1;1;3;1;2;1;1;10;3;4;3;;;;;900000;;1;;;;;;;;;;3
20230313;03;2023;7395625;1;1;01;88;1;41.866096574;88;2;1;4;1;2;2;2;1;3;1;1;2;1;2;1;1;10;3;4;4;;;;600000;;;1;;;;;;;;;;2
20230313;03;2023;7395626;1;1;01;88;1;32.710525574;88;1;1;4;1;6;2;2;1;3;1;1;4;1;2;1;1;10;1;4;1;;;99;2500000;;;1;;;;;;;;;;2
20230313;03;2023;7395627;1;1;01;88;1;60.352537041;88;2;1;4;1;2;2;2;1;3;1;1;3;2;2;1;1;10;3;4;4;;;;650000;;;1;;;;;;;;;;4
20230313;03;2023;7395628;1;1;01;88;1;33.492877259;88;1;1;4;1;6;2;2;1;3;1;1;3;2;2;1;1;10;1;4;1;;;99;2500000;;;1;;;;;1;;;;;2
20230313;03;2023;7395629;1;1;01;88;1;53.419777566;88;1;1;4;1;3;2;2;1;3;1;1;4;3;2;1;1;10;1;4;4;;;;1500000;;;1;;;;;;;;;;5
20230313;03;2023;7395630;1;1;01;88;1;33.209753137;88;2;1;4;1;4;2;1;1;7;1;1;3;1;1;1;1;10;3;4;1;;;98;2000000;;;1;;;;;;;;;;1
20230313;03;2023;7395631;1;1;01;88;1;68.794874732;88;1;1;4;1;2;2;1;1;3;2;1;2;2;1;1;1;10;3;4;3;;;;;350000;;1;;;;;;;;;;4
20230313;03;2023;7395632;1;1;01;88;1;32.710525574;88;1;1;4;1;6;2;2;1;3;1;1;3;1;2;1;1;10;1;4;1;;;99;2500000;;;1;;;;;1;;;;;2
20230313;03;2023;7395633;1;1;01;88;1;77.657730885;88;1;1;4;1;2;2;1;1;3;2;1;3;2;1;1;1;10;3;4;3;;;;;620000;;1;;;;;;;;;;5
20230313;03;2023;7395634;1;1;01;88;1;51.47629684;88;2;1;4;1;2;2;2;1;3;2;1;3;2;2;1;1;10;3;4;3;;;;;600000;;1;;;;;;;;;;4
20230313;03;2023;7395635;1;1;01;88;1;40.888156967;88;2;1;4;1;2;2;2;1;3;1;1;3;1;2;1;1;10;1;4;4;;;;800000;;;1;;;;;;;;;;2
20230313;03;2023;7395636;1;1;01;88;1;37.130348993;88;3;1;4;1;2;2;1;1;3;2;1;1;1;1;1;1;10;6;;4;;;;500000;;;1;;;;;;;;;;1
20230313;03;2023;7395637;1;1;01;88;1;60.689501201;88;2;1;4;1;2;2;1;1;7;2;1;2;2;1;1;1;10;3;4;3;;;;;600000;;1;;;;;;;;;;3
20230313;03;2023;7395638;1;1;01;88;1;40.508687293;88;2;1;4;1;2;2;1;1;7;2;1;2;1;1;1;1;10;3;4;3;;;;;500000;;1;;;;;;;;;;1
20230313;03;2023;7395639;1;1;01;88;1;37.644436676;88;4;1;4;1;2;2;1;1;3;2;1;1;1;1;1;1;10;2;4;4;;;;300000;;;1;;;;;;;;;;1
20230313;03;2023;7395640;1;1;01;88;1;50.045891196;88;2;1;4;1;2;2;1;1;7;2;1;3;2;1;1;1;10;3;4;3;;;;;750000;;;;;;;;;1;;;2
20230313;03;2023;7395642;1;1;01;88;1;29.058533995;88;3;2;2;1;2;2;2;1;3;2;1;1;1;2;1;1;10;2;4;3;;;;;400000;;1;;;;;;;;;;1
20230313;03;2023;7395643;1;1;01;88;1;29.460863486;88;3;1;4;1;3;2;2;1;3;2;1;2;1;2;1;1;10;3;4;3;;;;;400000;;1;;;;;;;;;;1
20230313;03;2023;7395644;1;1;01;88;1;29.460863486;88;3;1;4;1;2;2;2;1;3;2;1;1;1;2;1;1;10;1;4;3;;;;;350000;;1;;;;;;;;;;1
20230313;03;2023;7395645;1;1;01;88;1;29.460863486;88;1;1;4;1;2;2;2;1;3;2;1;3;1;2;1;1;10;1;4;1;;;99;1000000;;;1;;;;;;;;;;1
20230313;03;2023;7395646;1;1;01;88;1;20.381173627;88;2;1;4;2;;2;2;1;3;1;1;3;2;2;1;1;10;3;4;1;;;99;99;;;1;;;;;;;;;;2
20230313;03;2023;7395647;1;1;01;88;1;20.381173627;88;2;1;4;1;3;2;2;1;3;1;1;3;2;2;1;1;10;4;4;3;;;;;300000;;1;;;;;;;;;;2
20230313;03;2023;7395648;1;1;01;88;1;29.058533995;88;3;1;4;1;2;2;2;1;3;2;1;1;1;2;1;1;10;1;4;1;;;99;350000;;;;;;;;;;1;;;1
20230313;03;2023;7395649;1;1;01;88;1;24.445561323;88;2;1;4;1;3;2;2;1;3;1;1;3;2;2;1;1;10;2;4;1;;;99;99;;;1;;;;;;;;;;3
20230313;03;2023;7395650;1;1;01;88;1;29.058533995;88;3;1;4;1;2;2;2;1;3;2;1;1;1;2;1;1;10;6;;4;;;;500000;;;1;;;;;;;;;;1
20230313;03;2023;7395651;1;1;01;88;1;16.316785931;88;2;1;4;1;3;2;2;1;3;1;1;2;1;2;1;1;10;3;4;4;;;;98;;;1;;;;;;;;;;1
20230313;03;2023;7395652;1;1;01;88;1;24.445561323;88;2;1;2;1;3;2;2;1;3;1;1;2;1;2;1;1;10;4;4;3;;;;;500000;;1;;;;;;;;;;3
20230313;03;2023;7395653;1;1;01;88;1;16.316785931;88;2;1;4;1;3;2;2;1;3;1;1;3;1;2;1;1;10;3;4;1;;;98;700000;;;1;;;;;;;;;;1
20230313;03;2023;7395654;1;1;01;88;1;91.466093112;88;2;1;4;1;3;2;2;1;3;2;1;3;2;2;1;1;10;3;4;3;;;;;800000;;1;;;;;;;;;;5
20230313;03;2023;7395655;1;1;01;88;1;43.587800992;88;2;1;4;1;3;2;2;1;3;2;1;2;1;2;1;1;10;3;4;3;;;;;1500000;;1;;;;;;;;;;1
20230313;03;2023;7395658;1;1;01;91;1;66.323940556;91;1;1;2;1;3;2;1;1;3;1;1;3;1;1;1;1;1;1;4;1;;;300000000;2000000;;;1;;;;;;;;;;2
20230313;03;2023;7395659;1;1;01;91;1;203.32254231;91;1;1;2;1;2;2;2;1;3;1;5;2;1;2;1;1;7;1;4;5;;;;500000;;;1;;;;;;;;;;4
20230313;03;2023;7395659;2;2;01;91;1;203.32254231;91;1;1;2;1;2;2;2;1;3;1;5;2;1;2;1;1;7;1;4;5;;;;500000;;;;;;;;;;1;;;4
20230313;03;2023;7395659;3;3;01;91;1;203.32254231;91;1;1;2;1;2;2;2;1;3;1;5;2;1;2;2;1;7;1;4;5;;;;400000;;;1;;;;;;;;;;4
20230313;03;2023;7395659;4;4;01;91;1;203.32254231;91;1;1;2;1;2;2;2;1;3;1;5;2;1;2;1;1;7;1;4;5;;;;400000;;;1;;;;;;;;;;2
20230313;03;2023;7395659;5;5;01;91;1;203.32254231;91;1;1;2;1;2;2;2;1;3;1;5;2;1;2;2;1;7;1;4;5;;;;400000;;;1;;;;;;;;;;3
20230313;03;2023;7395660;1;1;01;91;1;160.09435427;91;1;1;2;1;2;2;2;1;3;1;1;5;4;2;1;1;1;1;4;1;;;35000000;600000;;;1;;;;;;;;;;8
20230313;03;2023;7395661;1;1;01;91;1;37.65232265;91;1;1;2;1;3;1;1;1;3;1;1;2;2;1;1;1;10;3;4;1;;;130000000;500000;;;1;;;;;;;;;;3
20230313;03;2023;7395662;1;1;01;91;1;50.830635578;91;1;1;2;1;2;2;2;1;3;1;1;6;5;2;1;1;7;1;4;1;;;98;800000;;;1;;;;;;;;;;7
20230313;03;2023;7395663;1;1;01;91;1;76.497237795;91;1;1;2;1;2;2;2;1;3;1;1;5;4;2;1;1;7;1;4;1;;;40000000;400000;;;;;;;;;;1;;;5
20230313;03;2023;7395664;1;1;01;91;1;102.77278037;91;1;1;2;1;3;2;1;1;3;1;1;2;2;1;1;1;10;3;4;4;;;;400000;;;1;;;;;;;;;;1
20230313;03;2023;7395665;1;1;01;91;1;84.221529778;91;1;1;2;1;2;2;2;1;3;1;1;4;3;2;1;1;7;1;4;1;;;98;98;;;1;;;;;;;;;;4
20230313;03;2023;7395666;1;1;01;91;1;50.672866028;91;1;1;2;1;3;2;1;1;3;1;1;4;3;1;1;1;7;1;4;1;;;40000000;800000;;;1;;;;;;;;;;5
20230313;03;2023;7395667;1;1;01;91;1;50.830635578;91;1;1;2;1;2;2;2;1;3;1;1;3;3;2;1;1;1;3;4;5;;;;500000;;;1;;;;;;;;;;4
20230313;03;2023;7395668;1;1;01;91;1;37.65232265;91;1;1;2;1;3;2;1;1;3;1;1;5;4;1;1;1;7;1;4;3;;;;;900000;;1;;;;;;;;;;5
20230313;03;2023;7395669;1;1;01;91;1;50.830635578;91;1;1;2;1;2;2;2;1;3;1;1;4;4;2;1;1;10;3;4;3;;;;;300000;;1;;;;;;;;;;6
20230313;03;2023;7395670;1;1;01;91;1;153.78015469;91;1;5;3;1;2;2;2;1;3;1;1;3;3;2;1;1;1;3;4;5;;;;500000;;;1;;;;;;;;;;6
20230313;03;2023;7395671;1;1;01;91;1;164.41173463;91;1;5;3;1;2;2;2;1;3;1;1;2;2;2;1;1;1;3;4;4;;;;200000;;;1;;;;;;;;;;2
20230313;03;2023;7395675;1;1;01;91;1;76.7228232;91;1;1;4;1;3;2;1;1;3;1;1;2;1;1;1;1;7;1;4;3;;;;;400000;;1;;;;;;;;;;3
20230313;03;2023;7395676;1;1;01;91;1;76.497237795;91;1;5;3;1;2;2;2;1;3;1;1;2;2;3;1;1;1;5;4;4;;;;200000;;;;;;;;;;1;;;5
20230313;03;2023;7395677;1;1;01;91;1;66.323940556;91;1;1;4;1;3;2;1;1;3;1;1;4;2;1;1;1;7;1;4;1;;;98;50000000;;;1;;;;;;;;;;2
20230313;03;2023;7395678;1;1;01;94;1;49.181582402;94;1;1;2;1;1;2;1;1;2;1;1;2;1;1;1;1;1;5;4;1;;;60000000;5500000;;;1;;;;;;;;;;3
20230313;03;2023;7395679;1;1;01;94;1;58.246265143;94;1;1;2;1;1;2;1;1;2;1;1;4;3;1;1;1;3;1;4;1;;;50000000;600000;;;1;;;;;;;;;;8
20230313;03;2023;7395680;1;1;01;94;1;41.203427205;94;3;1;2;1;1;2;1;1;2;1;1;1;1;1;1;1;1;1;4;3;;;;;250000;;;;;;;;;1;;;2
20230313;03;2023;7395682;1;1;01;94;1;94.180430413;94;2;1;4;1;1;2;2;2;;2;1;3;2;2;1;4;3;3;4;1;;;160000000;500000;;;1;;;;;;;;;;5
20230313;03;2023;7395683;1;1;01;94;1;91.364033587;94;1;1;4;1;1;2;2;2;;2;1;3;1;2;1;4;3;5;4;6;;;;650000;;;1;;;;;;;;;;1
20230313;03;2023;7395685;1;1;01;94;1;44.801079266;94;1;1;2;1;1;2;1;1;2;1;1;3;1;1;1;1;3;1;4;1;;;40000000;400000;;;1;;;;;;;;;;2
20230313;03;2023;7395686;1;1;01;94;1;43.154683606;94;1;1;2;1;1;2;1;1;2;1;1;4;3;1;1;1;3;5;5;1;;;85000000;450000;;;;;;;;;;1;;;6
20230313;03;2023;7395687;1;1;01;94;1;79.578009255;94;2;1;2;1;1;2;2;2;;2;1;2;1;2;1;4;3;1;4;3;;;;;350000;;1;;;;;;;;;;1
20230313;03;2023;7395689;1;1;01;97;1;12.173880778;97;1;5;3;1;1;2;1;1;2;1;1;2;1;1;1;1;5;1;5;1;;;100000000;150000;;;1;;;;;;;;;;2
20230313;03;2023;7395690;1;1;01;97;1;49.264118618;97;1;5;2;1;1;2;1;1;2;1;1;3;1;1;1;1;5;1;5;1;;;40000000;200000;;;;;;;;;;1;;;1
20230313;03;2023;7395692;1;1;01;97;1;49.264118618;97;1;5;2;1;1;2;2;1;2;1;1;2;1;2;1;1;5;4;1;6;;;;200000;;;1;;;;;;;;;;1
20230313;03;2023;7395693;1;1;01;97;1;18.421906916;97;1;1;4;1;1;2;1;1;2;1;1;7;6;1;1;1;5;1;4;1;;;70000000;300000;;;1;;;;;;;;;;6
20230313;03;2023;7395694;1;1;01;97;1;19.782556265;97;1;1;2;1;1;2;1;1;2;1;1;4;1;1;1;1;5;4;1;6;;;;350000;;;1;;;;;;;;;;2
20230313;03;2023;7395695;1;1;01;97;1;18.421906916;97;1;5;1;1;1;2;1;1;2;1;1;3;1;1;1;1;5;1;5;1;;;15000000;400000;;;1;;;;;;;;;;2
20230313;03;2023;7395696;1;1;01;97;1;67.20311643;97;2;1;4;1;2;2;1;1;2;1;1;4;3;1;1;1;10;3;4;4;;;;400000;;;1;;;;;;;;;;4
20230313;03;2023;7395697;1;1;01;97;1;12.660836009;97;1;1;2;1;2;2;1;1;2;1;1;2;1;1;1;1;10;1;4;1;;;100000000;3000000;;;1;;;;;;;;;;2
20230313;03;2023;7395698;1;1;01;97;1;67.20311643;97;1;1;2;1;1;2;1;1;2;1;1;2;1;1;1;1;10;4;1;4;;;;300000;;;;;;;;;;1;;;5
20230313;03;2023;7395699;1;1;01;97;1;31.529035916;97;2;1;4;1;2;2;1;1;2;1;1;2;1;1;1;1;10;6;;3;;;;;700000;;1;;;;;;;;;;1
20230313;03;2023;7395701;1;1;01;97;1;11.790020426;97;2;1;4;1;2;2;1;1;2;1;1;2;1;1;1;1;10;1;1;3;;;;;700000;;1;;;;;;;;;;1
20230313;03;2023;7395702;1;1;01;97;1;11.790020426;97;2;1;3;1;2;2;1;1;2;1;1;3;1;1;1;1;10;3;1;1;;;250000000;1000000;;;1;;;;;;;;;;1
20230313;03;2023;7395704;1;1;01;97;1;11.790020426;97;2;1;4;1;2;2;1;1;2;1;1;3;1;1;1;1;10;1;1;1;;;100000000;600000;;;1;;;;;;;;;;1
20230313;03;2023;7395708;1;1;01;97;1;18.185677448;97;1;5;3;1;1;2;1;1;2;1;1;3;2;1;1;1;10;1;1;3;;;;;500000;;1;;;;;;;;;;2
20230313;03;2023;7395709;1;1;01;97;1;25.633981906;97;1;5;3;1;1;2;1;1;2;1;1;4;2;1;1;1;5;1;5;1;;;400000000;500000;;;;;;;;;;1;;;7
20230313;03;2023;7395712;1;1;01;99;1;81.128877463;99;2;1;4;1;2;2;2;1;2;1;1;3;2;2;1;1;3;1;4;3;;;;;300000;;1;;;;;;;;;;4
20230313;03;2023;7395713;1;1;01;99;1;117.71838421;99;1;1;4;1;1;2;2;1;2;1;1;3;1;2;1;1;1;1;4;3;;;;;400000;;1;;;;;;;;;;2
20230313;03;2023;7395715;1;1;01;99;1;49.001288265;99;2;1;4;1;2;2;1;1;2;1;1;4;1;2;1;1;1;1;4;7;VIVIENDA FISCAL;;;400000;;;1;;;;1;1;;;;;1
20230313;03;2023;7395716;1;1;01;99;1;37.420560956;99;2;1;4;1;2;2;1;1;2;1;1;4;2;2;1;1;1;1;4;3;;;;;250000;;1;;;;;1;;;;;3
20230313;03;2023;7395717;1;1;01;99;1;37.420560956;99;2;1;4;1;2;2;1;1;2;1;1;4;3;2;1;1;1;1;4;3;;;;;310000;;1;;;;;;;;;;3
20230313;03;2023;7395718;1;1;01;99;1;57.789024978;99;2;1;4;1;2;2;1;1;2;1;1;4;1;2;1;1;1;1;5;3;;;;;470000;;1;;;;;1;;;;;2
20230313;03;2023;7395719;1;1;01;99;1;57.789024978;99;2;1;4;1;2;2;1;1;2;1;1;4;1;2;1;1;1;1;4;3;;;;;400000;;1;;;;1;1;;;;;2
20230313;03;2023;7395720;1;1;01;99;1;37.420560956;99;2;1;4;1;2;2;1;1;2;1;1;4;3;2;1;1;10;1;4;3;;;;;310000;;1;;;;;1;;;;;3
20230313;03;2023;7395721;1;1;01;99;1;60.718305644;99;2;1;4;1;2;2;1;1;2;1;1;4;3;2;1;1;1;1;4;3;;;;;280000;;1;;;;;;;;;;5
20230313;03;2023;7395722;1;1;01;99;1;17.052096934;99;2;1;4;1;2;2;1;1;2;1;1;4;2;2;1;1;1;1;4;3;;;;;400000;;1;;;;;1;;;;;4
20230313;03;2023;7395723;1;1;01;99;1;37.420560956;99;2;1;4;1;2;2;1;1;2;1;1;4;2;2;1;1;10;1;4;3;;;;;420000;;1;;;;;1;;;;;3
20230313;03;2023;7395724;1;1;01;99;1;37.420560956;99;2;1;4;1;2;2;1;1;2;1;1;4;2;2;1;1;1;1;4;3;;;;;260000;;1;;;;;1;;;;;3
20230313;03;2023;7395725;1;1;01;99;1;16.760892861;99;2;1;4;1;2;2;1;1;2;1;1;4;3;2;1;1;10;1;4;3;;;;;450000;;1;;;;;1;;;;;5
20230313;03;2023;7395726;1;1;01;;1;775.66668366;08;1;1;2;1;2;1;1;1;3;1;1;3;2;1;1;1;1;1;3;1;;;40000000;400000;;;;;;;;;;1;;;6
20230313;03;2023;7395727;1;1;01;;2;260.03971005;13;1;1;2;1;0;2;2;2;;2;1;3;3;2;1;4;4;4;1;3;;;;;30000;;;;;;;;;1;;;6
20230313;03;2023;7395728;1;1;01;;2;1037.9783008;13;1;1;4;1;1;1;2;2;;2;1;4;2;2;1;4;10;3;3;1;;;98;120000;;;;;;;;;;1;;;2
20230313;03;2023;7395729;1;1;01;;2;1693.0558444;44;1;5;1;2;;2;2;2;;2;1;3;1;2;1;3;2;1;4;4;;;;120000;;;;;;;;;;1;;;2
20230313;03;2023;7395730;1;1;01;;2;1525.8104845;44;1;1;4;2;;2;2;2;;1;1;2;2;6;;4;4;5;5;4;;;;150000;;;;;;;;;;1;;;5
20230313;03;2023;7395731;1;1;01;;2;1734.5113674;44;3;1;1;2;;2;2;2;;2;1;1;1;6;;3;2;6;;4;;;;100000;;;;;;;;;;1;;;1
20230313;03;2023;7395732;1;1;01;;2;1373.5930548;44;1;1;1;2;;2;2;2;;2;1;1;1;6;;4;4;5;5;5;;;;400000;;;;;;;;;;1;;;4
20230313;03;2023;7395733;1;1;01;;1;1011.7234598;47;2;1;4;1;2;1;1;1;3;1;1;4;3;1;1;1;1;1;3;4;;;;600000;;;1;;;;;;;;;;3
20230313;03;2023;7395734;1;1;01;;1;464.55432845;47;1;1;4;1;1;1;2;2;;1;1;3;2;2;1;3;1;1;3;4;;;;300000;;;;;;;;;;1;;;6
20230313;03;2023;7395735;1;1;01;;2;1959.2480327;47;2;1;2;1;1;2;2;2;;1;1;3;2;2;1;4;1;4;1;3;;;;;250000;;;;;;;;;1;;;4
20230313;03;2023;7395736;1;1;01;;2;829.56844172;47;1;1;2;1;1;2;2;2;;2;1;2;2;2;2;4;4;5;5;4;;;;150000;;;;;;;;;;1;;;9
20230313;03;2023;7395737;1;1;01;;2;651.79776089;47;1;4;1;1;1;2;2;1;1;1;1;3;2;6;;3;1;1;4;4;;;;50000;;;;;;;;;;1;;;9
20230313;03;2023;7395738;1;1;01;;2;1138.7599588;70;1;1;2;1;1;1;2;1;2;1;1;3;1;2;1;1;1;1;3;5;;;;50000;;;;;;;;;;1;;;1
20230313;03;2023;7395739;1;1;01;;1;1012.8245199;20;1;1;2;1;1;1;1;1;3;1;1;2;1;1;1;1;1;1;4;4;;;;150000;;;;;;;;;;1;;;2
20230313;03;2023;7395740;1;1;01;;1;573.85103148;20;1;1;4;1;1;1;1;1;3;1;1;3;2;1;1;1;1;1;5;3;;;;;350000;;;;;;;;;1;;;3
20230313;03;2023;7395741;1;1;01;;1;1035.0409359;20;1;1;4;1;1;1;1;1;3;1;1;3;1;1;1;1;1;1;3;1;;;90000000;350000;;;;;;;;;;1;;;1
20230313;03;2023;7395742;1;1;01;;1;1622.1096074;20;3;1;2;1;2;1;1;1;3;1;1;1;1;1;1;1;1;6;;4;;;;100000;;;;;;;;;;1;;;1
20230313;03;2023;7395743;1;1;01;;1;941.59714507;20;1;1;4;1;2;1;1;1;3;1;1;2;1;1;1;1;1;1;3;1;;;70000000;300000;;;1;;;;;;;;;;2
20230313;03;2023;7395744;1;1;01;;1;1608.1410539;20;1;1;4;1;2;1;1;1;3;1;1;3;2;1;1;1;1;1;3;4;;;;300000;;;1;;;;;;;;;;4
20230313;03;2023;7395745;1;1;01;;1;1368.1685121;20;1;1;4;1;1;1;1;1;3;1;1;5;4;1;1;1;1;1;3;1;;;150000000;500000;;;1;;;;;;;;;;4
20230313;03;2023;7395746;1;1;01;;1;1625.4057178;20;1;1;4;1;1;1;1;1;3;1;1;4;3;1;1;1;1;1;3;1;;;140000000;500000;;;1;;;;;;;;;;5
20230313;03;2023;7395747;1;1;01;;1;1962.6902574;20;1;1;2;1;1;1;1;1;3;1;1;2;1;1;1;1;1;5;3;3;;;;;300000;;;;;;;;;1;;;7
20230313;03;2023;7395748;1;1;01;;1;1240.8970453;20;1;1;2;1;1;1;1;1;3;1;1;3;2;1;1;1;1;1;3;3;;;;;380000;;1;;;;;;;;;;5
20230313;03;2023;7395749;1;1;01;;1;789.04516828;20;1;1;4;1;2;1;1;1;3;1;1;4;3;1;1;1;1;1;3;3;;;;;300000;;1;;;;;;;;;;8
20230313;03;2023;7395750;1;1;01;;2;603.76970544;20;1;1;2;1;1;2;2;2;;1;1;2;1;6;;4;1;5;4;1;;;30000000;50000;;;1;;;;;;;;;;4
20230313;03;2023;7395751;1;1;01;;2;767.11313862;20;1;1;2;1;1;2;2;2;;1;1;3;2;2;1;3;1;4;4;1;;;40000000;70000;;;1;;;;;;;;;;5
20230313;03;2023;7395753;1;1;01;;1;941.59714507;20;1;1;4;1;2;1;1;1;3;1;1;5;2;1;1;1;1;1;3;1;;;99;300000;;;;;;;;;;1;;;2
20230313;03;2023;7395754;1;1;01;;1;1192.6653319;20;1;1;4;1;2;1;1;1;3;1;1;3;2;1;1;1;1;1;4;1;;;90000000;400000;;;1;;;;;;;;;;5
20230313;03;2023;7395755;1;1;01;;2;404.01653759;20;1;4;2;1;0;2;2;2;;2;1;3;1;2;1;4;2;1;4;4;;;;150000;;;;;;;;;;1;;;3
20230313;03;2023;7395756;1;1;01;;2;254.46439578;20;1;4;1;1;0;2;2;2;;2;1;3;2;4;1;4;2;5;5;4;;;;150000;;;;;;;;;;1;;;6
20230313;03;2023;7395757;1;1;01;;2;372.77127114;20;1;1;2;1;0;2;2;2;;2;1;1;1;6;;4;2;5;5;1;;;40000000;150000;;;;;;;;;;1;;;7
20230313;03;2023;7395758;1;1;01;;2;254.86574947;20;1;4;1;1;0;2;2;2;;2;1;3;2;6;;4;2;5;5;1;;;10000000;100000;;;;;;;;;;1;;;5
20230313;03;2023;7395759;1;1;01;;2;226.46859262;20;1;4;1;1;0;2;2;2;;2;1;3;2;3;1;3;2;5;5;4;;;;100000;;;;;;;;;;1;;;5
20230313;03;2023;7395760;1;1;01;;2;404.01653759;20;1;1;2;1;0;2;2;2;;2;1;2;1;2;1;4;2;5;5;4;;;;120000;;;;;;;;;;1;;;3
20230313;03;2023;7395762;1;1;01;;1;1605.1901009;20;1;1;4;1;2;1;1;1;3;1;1;2;1;1;1;1;1;1;3;4;;;;400000;;;1;;;;;;;;;;1
20230313;03;2023;7395763;1;1;01;;1;1538.7939198;20;1;1;4;1;1;1;1;1;3;1;1;3;2;1;1;1;1;1;3;3;;;;;300000;;1;;;;;;;;;;4
20230313;03;2023;7395764;1;1;01;;1;2220.467417;20;1;1;4;1;2;1;1;1;3;1;1;4;2;1;1;1;1;1;3;3;;;;;550000;;1;;;;;;;;;;5
20230313;03;2023;7395765;1;1;01;;1;1423.1812868;20;1;1;4;1;2;1;1;1;3;1;1;4;2;1;1;1;1;1;3;1;;;100000000;500000;;;1;;;;;;;;;;1
20230313;03;2023;7395767;1;1;01;;1;1526.7654493;20;1;1;4;1;2;1;1;1;3;1;1;3;2;1;1;1;1;1;3;3;;;;;400000;;1;;;;;;;;;;3
20230313;03;2023;7395769;1;1;01;;1;1942.291857;20;1;1;4;1;1;1;1;1;2;1;1;4;1;1;1;1;1;1;3;3;;;;;200000;;1;;;;;;;;;;5
20230313;03;2023;7395770;1;1;01;;1;1513.3759794;20;1;1;2;1;1;1;1;1;2;1;1;4;1;1;1;1;1;1;3;1;;;40000000;200000;;;1;;;;;;;;;;4
20230313;03;2023;7395771;1;1;01;;1;1547.5705483;20;1;1;4;1;1;1;1;1;2;1;1;3;2;1;1;1;1;3;3;3;;;;;400000;1;;;;;;;;;;;5
20230313;03;2023;7395772;1;1;01;;1;1651.5800893;20;1;1;4;1;1;1;1;1;2;1;1;4;2;1;1;1;1;1;3;3;;;;;300000;;1;;;;;;;;;;3
20230313;03;2023;7395773;1;1;01;;1;1544.5766412;20;1;1;4;1;1;1;1;1;2;1;1;4;2;1;1;1;1;1;3;1;;;100000000;500000;;;1;;;;;;;;;;2
20230313;03;2023;7395774;1;1;01;;1;3082.5307943;20;1;1;2;1;2;1;1;1;2;1;1;2;1;1;1;1;1;1;3;3;;;;;350000;;;;;;;;;1;;;3
20230313;03;2023;7395775;1;1;01;;1;2561.3726546;20;1;8;2;1;2;2;2;1;2;1;1;2;1;6;;1;1;4;4;5;;;;200000;;;1;;;;;;;;;;6
20230313;03;2023;7395776;1;1;01;;2;1017.4364179;20;1;1;4;1;1;2;2;2;;2;1;3;1;2;1;4;3;1;4;1;;;50000000;200000;;;1;;;;;;;;;;2
20230313;03;2023;7395777;1;1;01;;2;1890.9779126;20;1;1;4;1;1;2;2;2;;2;1;3;2;2;1;4;3;1;4;1;;;30000000;200000;;;1;;;;;;;;;;4
20230313;03;2023;7395778;1;1;01;;2;1723.469509;20;1;1;2;1;1;2;2;2;;2;1;2;1;2;1;4;3;1;4;1;;;40000000;100000;;;;;;;;;;1;;;2
20230313;03;2023;7395779;1;1;01;;2;1452.862531;20;1;1;2;1;1;2;2;2;;1;1;4;2;2;1;4;1;1;4;1;;;30000000;150000;;;;;;;;;;1;;;2
20230313;03;2023;7395780;1;1;01;;2;1236.0079336;20;1;1;1;1;1;2;2;2;;1;1;2;1;2;1;4;1;1;4;1;;;40000000;150000;;;1;;;;;;;;;;3
20230313;03;2023;7395781;1;1;01;;2;1335.3852985;20;1;4;2;1;1;2;2;2;;1;1;2;1;2;1;4;1;1;4;1;;;50000000;100000;;;;;;;;;;1;;;2
20230313;03;2023;7395782;1;1;01;;1;2236.903267;20;1;1;2;1;2;1;1;1;2;1;1;5;3;1;1;1;1;1;3;1;;;40000000;200000;;;1;;;;;;;;;;3
20230313;03;2023;7395783;1;1;01;;1;3238.5451057;20;1;1;4;1;2;1;1;1;2;1;1;2;1;1;1;1;1;1;3;3;;;;;250000;;1;;;;;;;;;;1
20230313;03;2023;7395784;1;1;01;;1;1606.6590078;20;1;1;4;1;1;1;1;1;2;1;1;4;1;1;1;1;1;1;3;1;;;70000000;400000;;;1;;;;;;;;;;3
20230313;03;2023;7395785;1;1;01;;2;668.85749391;20;1;4;2;1;9;2;2;2;;2;1;3;2;2;1;4;2;5;5;1;;;40000000;200000;;;;;;;;;;1;;;4
20230313;03;2023;7395786;1;1;01;;2;878.29959753;20;1;5;2;1;9;2;2;2;;2;1;2;1;2;1;4;2;5;5;1;;;10000000;100000;;;;;;;;;;1;;;5
20230313;03;2023;7395787;1;1;01;;2;1057.9904369;20;1;4;2;1;9;2;2;2;;2;1;2;1;2;1;3;2;1;5;4;;;;100000;;;;;;;;;;1;;;3
20230313;03;2023;7395788;1;1;01;;2;1043.2835151;20;1;1;2;1;9;2;2;2;;2;1;3;1;3;1;3;2;1;5;1;;;30000000;50000;;;;;;;;;;1;;;1
20230313;03;2023;7395789;1;1;01;;2;1004.9188926;20;1;1;2;1;9;2;2;2;;2;1;9;2;2;1;4;2;1;5;1;;;20000000;600000;;;1;;;;;;;;;;2
20230313;03;2023;7395790;1;1;01;;1;1392.3080912;20;1;1;2;1;2;1;1;1;2;1;1;4;1;1;1;1;1;3;3;4;;;;400000;;;;;;;;;;1;;;2
20230313;03;2023;7395791;1;1;01;;1;2317.4715953;20;1;1;4;1;2;1;1;1;2;1;1;3;2;1;1;1;1;1;3;1;;;110000000;350000;;;1;;;;;;;;;;3
20230313;03;2023;7395792;1;1;01;;1;2597.3561086;20;2;1;4;1;2;1;1;1;2;1;1;2;1;1;1;1;1;1;3;3;;;;;250000;;1;;;;;1;;;;;2
20230313;03;2023;7395793;1;1;01;;1;1628.0002756;20;1;1;4;1;2;1;1;1;2;1;1;3;2;1;1;1;1;1;3;1;;;60000000;300000;;;1;;;;;;;;;;3
20230313;03;2023;7395794;1;1;01;;1;2081.7794109;20;1;1;2;1;2;1;1;1;2;1;1;4;1;1;1;1;1;1;3;3;;;;;250000;;1;;;;;;;;;;2
20230313;03;2023;7395795;1;1;01;;1;1404.3418693;20;1;1;4;1;1;1;1;1;2;1;1;3;2;1;1;1;1;1;3;4;;;;300000;;;;;;;;;;1;;;2
20230313;03;2023;7395796;1;1;01;;2;1404.5566659;20;1;1;2;1;1;2;2;2;;1;1;4;1;2;1;4;1;5;5;3;;;;;100000;;;;;;;;;1;;;3
20230313;03;2023;7395797;1;1;01;;2;898.98665295;20;1;1;2;1;1;2;2;2;;2;1;2;2;2;1;4;2;1;5;4;;;;50000;;;;;;;;;;1;;;6
20230313;03;2023;7395798;1;1;01;;2;942.33465158;20;1;1;2;1;1;2;2;2;;2;1;4;3;2;1;4;2;1;4;1;;;40000000;300000;;;;;;;;;;1;;;4
20230313;03;2023;7395799;1;1;01;;2;1335.9969151;20;1;1;2;1;9;2;2;2;;2;1;2;1;2;1;4;2;4;5;4;;;;150000;;;;;;;;;;1;;;1
20230313;03;2023;7395800;1;1;01;;2;812.69610981;20;1;5;2;1;1;2;2;2;;2;1;3;2;2;1;4;2;1;5;4;;;;250000;;;;;;;;;;1;;;3
20230313;03;2023;7395801;1;1;01;;2;904.42827535;20;1;1;2;1;1;2;2;2;;2;1;2;1;2;1;4;2;5;5;4;;;;150000;;;;;;;;;;1;;;1
20230313;03;2023;7395805;1;1;01;;1;2938.3957364;20;1;1;4;1;2;1;1;1;2;1;1;3;2;1;1;1;1;1;3;1;;;80000000;200000;;;1;;;;;;;;;;2
20230313;03;2023;7395807;1;1;01;;2;3030.152017;25;1;1;2;1;2;2;2;1;1;1;1;5;4;2;1;1;2;1;4;3;;;;;700000;;1;;;;;;;;;;6
20230313;03;2023;7395808;1;1;01;;2;2436.1730632;25;2;1;4;1;2;2;2;1;1;1;1;4;3;2;1;1;1;1;4;3;;;;;400000;;1;;;;;;;;;;4
20230313;03;2023;7395809;1;1;01;;2;1407.9734094;25;1;1;4;1;2;1;1;1;2;1;1;3;2;1;1;1;1;1;3;1;;;99;300000;;;;;;;;;;1;;;4
20230313;03;2023;7395810;1;1;01;;2;1196.5253105;25;1;1;2;1;1;2;2;2;;2;1;4;2;2;1;4;6;5;5;1;;;99;150000;;;;;;;;;;1;;;2
20230313;03;2023;7395811;1;1;01;;2;1859.1150978;68;2;1;4;1;2;2;2;1;3;1;1;2;1;2;1;1;1;1;4;3;;;;;400000;;1;;;;;;;;;;1
20230313;03;2023;7395812;1;1;01;;1;755.45467207;68;1;1;4;1;2;2;1;1;3;1;1;5;4;1;1;1;1;1;4;4;;;;500000;;;1;;;;;;;;;;4
20230313;03;2023;7395813;1;1;01;;1;1443.2320829;54;1;1;4;1;2;1;1;1;2;1;1;6;4;1;1;1;1;1;3;4;;;;500000;;;1;;;;;;;;;;5
20230313;03;2023;7395814;1;1;01;;1;3012.8805881;76;2;1;4;1;2;1;1;1;3;1;1;2;1;1;1;1;1;6;;3;;;;;300000;;;;;;;;;1;;;1
20230313;03;2023;7395815;1;1;01;;2;2304.4482903;52;1;1;4;1;1;2;2;2;;1;1;3;2;2;1;3;1;1;5;1;;;10000000;100000;;;;;;;;;;1;;;2
20230313;03;2023;7395816;1;1;01;;1;489.36870943;52;2;1;4;1;2;1;1;1;2;1;1;3;2;1;1;1;1;1;3;1;;;200000000;300000;;;1;;;;;1;;;;;2
20230313;03;2023;7395817;1;1;01;;1;568.44038064;52;1;1;2;1;1;2;1;1;2;1;1;3;2;1;1;1;1;1;4;4;;;;180000;;;;;;;;;;1;;;2
20230313;03;2023;7395818;1;1;01;;2;2618.888909;19;1;5;3;1;9;2;2;2;;2;1;3;1;6;;4;5;1;5;1;;;98;100000;;;;;;;;;;1;;;1
20230313;03;2023;7395819;1;1;01;;2;1333.9782069;19;1;5;3;1;9;2;2;2;;2;1;2;1;6;;4;5;1;4;4;;;;300000;;;;;;;;;;1;;;5
20230313;03;2023;7395820;1;1;01;;2;238.46236683;17;1;1;4;1;1;2;2;1;1;1;1;4;2;2;1;1;1;1;4;1;;;60000000;150000;;;;;;;;;;1;;;3
20230313;03;2023;7395821;1;1;01;;2;146.96257948;17;1;1;2;1;2;2;2;1;1;1;1;2;1;3;1;1;1;1;5;3;;;;;200000;;;;;;;;;1;;;4
20230313;03;2023;7395822;1;1;01;;1;904.45637873;17;1;1;4;1;1;2;1;1;2;1;1;3;1;1;1;1;1;1;4;3;;;;;300000;;1;;;;;1;;;;;1
20230313;03;2023;7395823;1;1;01;;2;896.69055014;17;1;4;3;1;2;2;2;2;;1;1;3;2;2;1;4;1;1;4;1;;;80000000;350000;;;;;;;;;;1;;;4
20230313;03;2023;7395824;1;1;01;;1;290.24465981;63;1;1;2;1;2;1;1;1;2;1;1;3;2;1;1;1;1;1;3;3;;;;;400000;;1;;;;;;;;;;2
20230313;03;2023;7395827;1;1;01;;2;766.18056375;73;1;1;2;1;1;2;2;2;;2;1;2;2;2;1;4;6;1;4;4;;;;100000;;;1;;;;1;;;;;;4
20230313;03;2023;7395829;1;1;01;;2;335.25085776;73;1;1;4;1;1;2;2;2;;1;1;3;1;2;1;4;1;1;4;1;;;80000000;350000;;;;;;;;;;1;;;1
20230313;03;2023;7395830;1;1;01;;2;277.63383713;73;1;1;4;1;1;2;2;2;;1;1;3;2;2;1;4;1;1;4;1;;;70000000;300000;;;;;;;;;;1;;;3
20230313;03;2023;7395831;1;1;01;;1;1817.1991539;73;1;1;2;1;2;1;1;1;1;1;1;5;4;1;1;4;1;1;3;3;;;;;500000;;1;;;;;;;;;;6
20230313;03;2023;7395833;1;1;01;;1;1488.5148758;73;1;1;2;1;0;2;2;1;1;1;1;4;3;3;1;1;1;1;4;5;;;;400000;;;1;;;;;;;;;;4
20230313;03;2023;7395841;1;1;01;;1;4081.5851488;05;1;1;4;1;2;2;1;1;2;1;1;3;3;1;1;1;1;1;4;3;;;;;200000;;1;;;;1;;;;;;7
20230313;03;2023;7395842;1;1;01;;1;2814.1052861;05;1;1;2;1;1;1;2;1;1;1;1;3;2;2;1;1;1;3;3;2;;600000;120000000;400000;;;1;;;;1;1;;;;;3
20230313;03;2023;7395843;1;1;01;;1;1397.6995342;23;1;1;1;1;1;2;1;1;3;1;1;3;2;2;1;1;1;1;5;1;;;130000000;200000;;;;;;;;;;1;;;3
20230313;03;2023;7395844;1;1;01;;1;1385.8907079;23;1;5;1;1;1;1;1;1;3;1;1;2;1;1;1;1;1;5;3;5;;;;150000;;;;;;;;;;1;;;3
20230313;03;2023;7395845;1;1;01;;1;2914.967063;23;1;1;4;1;3;1;1;1;2;1;1;3;2;1;1;1;1;1;3;1;;;185000000;950000;;;1;;;;;;;;;;2
20230313;03;2023;7395847;1;1;01;;2;351.58534582;27;5;5;3;2;;2;2;2;;2;1;1;1;6;;4;5;5;5;1;;;5000000;120000;;;;;;;;;;1;;;4
20230313;03;2023;7395849;1;1;01;;2;946.10437309;27;1;5;3;1;1;2;2;2;;2;1;2;1;3;1;4;5;5;5;1;;;99;100000;;;;;;;;;;1;;;1
20230313;03;2023;7395850;1;1;01;;1;1125.6808631;27;1;2;1;1;1;2;2;1;2;2;1;3;2;3;1;1;5;3;4;5;;;;90000;;;;;;;;;;1;;;4
20230311;03;2023;7395851;1;1;01;;1;182.89736163;05;2;1;4;1;4;1;1;1;3;1;1;4;3;1;1;1;1;1;3;3;;;;;1200000;;1;;;;;;;;;;4
20230311;03;2023;7395852;1;1;01;05;1;1101.7638123;05;2;1;4;1;3;1;1;1;2;1;1;4;3;1;1;1;1;1;3;3;;;;;1140000;;1;;1;;;1;;;;;3
20230311;03;2023;7395853;1;1;01;05;1;3521.2769945;05;2;1;4;1;1;2;1;1;3;1;1;3;2;1;1;1;1;1;1;3;;;;;550000;;1;;;;;;;;;;5
20230311;03;2023;7395854;1;1;01;05;1;1305.1663623;05;2;1;4;1;3;1;1;1;2;1;1;3;2;1;1;1;1;1;3;3;;;;;687000;;1;;;;;;;;;;3
20230312;03;2023;7395855;1;1;01;05;1;1471.6416636;05;2;1;4;1;3;1;1;1;2;1;1;3;2;1;1;1;1;1;3;3;;;;;960000;;1;;;;1;;;;;;3
20230312;03;2023;7395856;1;1;01;05;1;890.56681905;05;2;1;2;1;1;1;1;1;2;1;1;3;2;1;1;1;1;1;3;1;;;98;500000;;;;;;;;;;1;;;3
20230312;03;2023;7395857;1;1;01;05;1;812.36364068;05;2;1;4;1;3;1;1;1;2;1;1;3;2;1;1;1;1;1;3;4;;;;1000000;;;1;;;;;;;;;;5
20230309;03;2023;7395858;1;1;01;11;1;4004.6389636;11;2;1;3;1;2;1;1;1;3;1;1;3;2;1;1;1;1;1;3;1;;;140000000;800000;;1;;;;;;;;;;;3
20230310;03;2023;7395859;1;1;01;11;1;4362.0826581;11;2;1;4;1;2;1;1;1;3;1;1;3;2;1;1;1;1;1;3;3;;;;;500000;;1;;;;;;;;;;4
20230310;03;2023;7395860;1;1;01;11;1;3267.1038884;11;2;1;4;1;2;1;1;1;3;1;1;1;1;1;1;1;1;1;3;3;;;;;500000;;;;;;;;;1;;;2
20230311;03;2023;7395861;1;1;01;11;1;5142.1546147;11;2;1;4;1;4;1;1;1;3;1;1;4;2;1;1;1;1;1;3;1;;;320000000;2700000;;1;1;;;;;1;;;;;2
20230311;03;2023;7395862;1;1;01;11;1;6291.6220933;11;2;1;6;1;6;1;1;1;3;1;1;5;1;1;1;1;1;1;3;3;;;;;98;;1;;;;;1;;;;;1
20230312;03;2023;7395863;1;1;01;11;1;2223.0419961;11;1;1;4;1;3;1;1;1;3;1;1;7;5;1;1;1;1;1;3;2;;2100000;98;98;;;1;;1;;;1;;;;;5
20230312;03;2023;7395864;1;1;01;11;1;4251.1999831;11;2;1;4;1;4;1;1;1;3;1;1;4;3;1;1;1;1;1;3;1;;;300000000;1200000;;;1;1;;;;1;;;;;4
20230312;03;2023;7395865;1;1;01;11;1;2830.1397025;11;2;1;4;1;3;1;1;1;3;1;1;4;3;1;1;1;1;1;3;3;;;;;800000;;;;;;;;;1;;;4
20230313;03;2023;7395867;1;1;01;11;1;1877.2681246;11;2;1;4;1;2;1;1;1;3;1;1;5;4;1;1;1;1;1;3;3;;;;;1400000;;1;;;;;;;;;;7
20230311;03;2023;7395868;1;1;01;13;1;568.28340005;13;2;1;4;1;2;1;1;1;3;1;1;4;3;1;1;1;1;1;3;1;;;200000000;600000;;;1;;;;;1;;;;;3
20230309;03;2023;7395869;1;1;01;17;1;131.46746048;17;1;1;4;1;3;1;1;1;3;1;1;3;2;1;1;1;1;1;3;1;;;99;800000;;;1;;;;;1;;;;;3
20230311;03;2023;7395870;1;1;01;17;1;201.72695122;17;1;1;4;1;2;1;1;1;2;1;1;4;3;1;1;1;1;1;3;1;;;120000000;700000;;;1;;;;;;;;;;4
20230311;03;2023;7395871;1;1;01;17;1;213.45234984;17;2;1;4;1;4;1;1;1;2;1;1;4;2;1;1;1;1;1;3;3;;;;;850000;;1;;;;;;;;;;3
20230312;03;2023;7395872;1;1;01;17;1;155.84414576;17;2;1;4;1;3;1;1;1;2;1;1;4;2;1;1;1;1;1;3;2;;735000;200000000;1000000;;;1;;1;;;1;;;;;3
20230312;03;2023;7395873;1;1;01;17;1;259.65304351;17;2;1;3;1;2;1;1;1;2;1;1;4;3;1;1;1;1;1;3;4;;;;400000;;;1;;;;;;;;;;4
20230312;03;2023;7395874;1;1;01;17;1;183.24077654;17;2;1;4;1;2;1;1;1;2;1;1;3;2;1;1;1;1;1;3;3;;;;;450000;;1;;;;;;;;;;3
20230311;03;2023;7395875;1;1;01;18;1;59.471486751;18;1;1;4;1;1;1;1;1;2;1;1;3;1;1;1;1;1;1;3;2;;290000;4000000;750000;;;1;;;;1;;;;;;3
20230312;03;2023;7395876;1;1;01;18;1;40.845346895;18;2;1;4;1;1;1;1;1;2;1;1;3;1;1;1;1;1;1;3;3;;;;;350000;;1;;;;;;;;;;2
20230312;03;2023;7395877;1;1;01;18;1;49.257129382;18;1;5;3;1;1;1;1;1;2;1;1;2;1;1;1;1;1;1;3;5;;;;100000;;;;;;;;;;1;;;2
20230312;03;2023;7395878;1;1;01;18;1;161.9644801;18;1;1;4;1;1;1;1;1;2;1;1;3;3;1;1;1;1;1;3;1;;;8000000;300000;;;1;;;;;;;;;;7
20230312;03;2023;7395879;1;1;01;18;1;68.266743708;18;1;5;3;1;1;1;2;1;2;1;1;3;2;3;1;1;1;1;3;4;;;;300000;;;;;;;;;;1;;;3
20230312;03;2023;7395880;1;1;01;18;1;51.956037787;18;2;1;2;1;1;1;1;1;2;1;1;2;1;1;1;1;1;1;3;1;;;4000000;150000;;;;;;;;;;1;;;4
20230311;03;2023;7395881;1;1;01;20;1;285.68172443;20;1;1;4;1;2;1;1;1;3;1;1;4;3;1;1;1;1;1;3;1;;;99;1000000;;;1;;;;;;;;;;6
20230312;03;2023;7395882;1;1;01;20;1;431.29932866;20;2;1;3;1;2;1;1;1;3;1;1;4;2;1;1;1;1;1;3;1;;;160000000;700000;;;1;;;;;;;;;;4
20230312;03;2023;7395883;1;1;01;20;1;301.68215345;20;2;1;4;1;2;1;1;1;3;1;1;3;2;1;1;1;1;3;3;3;;;;;500000;;1;;;;;;;;;;3
20230310;03;2023;7395885;1;1;01;23;1;95.234595647;23;2;1;2;1;1;1;1;1;3;1;1;4;3;1;1;1;1;3;3;4;;;;350000;;;;;;;;;;1;;;5
20230311;03;2023;7395886;1;1;01;23;1;181.79012312;23;2;1;4;1;1;1;1;1;3;1;1;3;2;1;1;1;1;3;3;3;;;;;350000;;1;;;;;;;;;;5
20230312;03;2023;7395887;1;1;01;;1;1526.3245751;25;2;1;4;1;1;1;1;1;3;2;1;3;2;1;1;1;3;1;4;3;;;;;300000;;1;;;;;;;;;;3
20230312;03;2023;7395888;1;1;01;27;1;58.438290935;27;2;1;4;1;1;2;1;1;3;2;1;4;1;1;1;1;5;1;4;3;;;;;700000;;1;;;;;1;;;;;1
20230312;03;2023;7395889;1;1;01;27;1;60.019967488;27;1;1;2;1;1;2;2;1;3;2;1;3;2;3;1;1;5;1;4;4;;;;400000;;;1;;;;;;;;;;2
20230312;03;2023;7395890;1;1;01;27;1;58.46473295;27;1;5;3;1;1;2;2;2;;2;1;1;1;3;1;4;5;1;1;1;;;20000000;100000;;;;;;;;;;1;;;2
20230311;03;2023;7395891;1;1;01;41;1;273.94275991;41;2;1;4;1;4;1;1;1;3;1;1;4;2;1;1;1;1;1;3;3;;;;;1000000;;1;;;;1;1;;;;;3
20230311;03;2023;7395892;1;1;01;41;1;215.77057677;41;2;1;4;1;5;1;1;1;3;1;1;4;2;1;1;1;1;1;3;1;;;500000000;3000000;;;1;;;;;;;;;;2
20230312;03;2023;7395893;1;1;01;41;1;184.48970301;41;2;1;4;1;4;1;1;1;3;1;1;4;2;1;1;1;1;1;3;1;;;150000000;1100000;;;1;;;;;1;;;;;2
20230310;03;2023;7395895;1;1;01;47;1;267.98253194;47;2;1;4;1;1;1;1;1;3;1;1;2;1;1;1;1;9;6;;3;;;;;450000;;;;;;;;;1;;;2
20230311;03;2023;7395896;1;1;01;47;1;239.57138095;47;2;1;4;1;4;1;1;1;3;1;1;4;2;1;1;1;1;1;3;1;;;98;1200000;;;1;;;;;;;;;;3
20230312;03;2023;7395897;1;1;01;47;1;261.11591869;47;2;1;4;1;2;1;1;1;3;1;1;3;2;1;1;1;10;3;3;4;;;;98;;;1;;;;;;;;;;3
20230312;03;2023;7395898;1;1;01;47;1;126.59054761;47;1;1;4;1;3;1;1;1;3;1;1;7;3;1;1;1;1;1;3;6;;;;700000;;;1;;;;;;;;;;3
20230311;03;2023;7395899;1;1;01;50;1;302.6862002;50;1;1;4;1;2;1;1;1;3;1;1;3;2;1;1;1;1;1;3;2;;250000;200000000;800000;;;1;;;;;;;;;;3
20230311;03;2023;7395900;1;1;01;50;1;122.21156716;50;1;1;4;1;3;1;1;1;3;1;1;4;3;1;1;1;1;1;3;2;;850000;220000000;1200000;;;1;;1;;1;;;;;;3
20230311;03;2023;7395901;1;1;01;52;1;95.017614406;52;2;1;4;1;2;1;1;1;3;1;1;5;4;1;1;1;1;1;3;1;;;150000000;500000;;;1;;;;;;;;;;4
20230312;03;2023;7395902;1;1;01;52;1;131.30680927;52;2;1;4;1;2;1;1;1;3;1;1;4;3;1;1;1;1;1;3;3;;;;;600000;;1;;;;;;;;;;4
20230312;03;2023;7395903;1;1;01;52;1;275.70329304;52;2;1;4;1;2;2;1;1;3;1;1;4;3;1;1;1;1;1;4;2;;450000;140000000;700000;;;1;;1;;;;;;;;4
20230311;03;2023;7395906;1;1;01;54;1;383.44679295;54;1;1;4;1;3;1;1;1;3;1;1;4;3;1;1;1;1;1;3;2;;900000;185000000;600000;;;1;;1;;1;;;;;;4
20230311;03;2023;7395907;1;1;01;54;1;187.23931724;54;1;1;4;1;2;1;1;1;3;1;1;3;2;1;1;1;1;3;3;1;;;30000000;350000;;;;;;;;;;1;;;5
20230311;03;2023;7395908;1;1;01;54;1;152.37586145;54;2;1;4;1;2;2;1;1;3;1;1;4;2;1;1;1;1;1;4;3;;;;;350000;;1;;;;;;;;;;3
20230312;03;2023;7395909;1;1;01;54;1;386.91497459;54;1;1;4;1;2;1;1;1;3;1;1;4;3;1;1;1;1;1;3;1;;;180000000;600000;;;1;;;;;;;;;;7
20230311;03;2023;7395910;1;1;01;63;1;197.18113791;63;2;1;4;1;3;1;1;1;3;1;1;4;3;1;1;1;1;3;3;3;;;;;700000;;1;;;;;;1;;;DAVIPLATA;4
20230312;03;2023;7395911;1;1;01;63;1;107.15895869;63;2;1;4;1;3;1;1;1;3;1;1;3;1;1;1;1;1;1;3;3;;;;;700000;;1;;;;;;;;;;1
20230313;03;2023;7395912;1;1;01;63;1;144.16066097;63;1;1;4;1;3;1;1;1;3;1;1;5;2;1;1;1;1;1;3;3;;;;;700000;;1;;;;;;1;;;DAVIPLATA;2
20230313;03;2023;7395917;1;1;01;66;1;175.07916408;66;1;1;4;1;1;2;2;1;3;1;1;3;2;3;1;1;1;1;4;5;;;;500000;;;;;;;;;;1;;;2
20230313;03;2023;7395918;1;1;01;66;1;186.25780446;66;2;1;3;1;1;2;2;1;3;1;1;2;2;3;1;1;1;1;4;3;;;;;280000;;;;;;;;;1;;;4
20230313;03;2023;7395919;1;1;01;66;1;175.07916408;66;2;1;4;1;1;2;2;1;3;1;1;3;1;3;1;1;1;1;4;1;;;80000000;400000;;;1;;;;;;;;;;2
20230313;03;2023;7395920;1;1;01;66;1;175.07916408;66;2;1;4;1;1;2;2;1;3;1;1;2;1;3;1;1;1;1;4;3;;;;;300000;;;;;;;;;1;;;2
20230313;03;2023;7395921;1;1;01;66;1;526.44583198;66;2;1;4;1;3;1;1;1;2;1;1;4;2;1;1;1;1;1;3;1;;;250000000;450000;;;1;;;;;;;;;;3
20230313;03;2023;7395922;1;1;01;66;1;455.43704248;66;1;1;4;1;3;1;1;1;2;1;1;5;3;1;1;1;1;1;3;4;;;;700000;;;1;;;;;;;;;;4
20230313;03;2023;7395923;1;1;01;66;1;262.63548585;66;1;1;4;1;3;1;1;1;3;1;1;3;2;1;1;1;1;1;3;3;;;;;450000;;1;;;;;;;;;;2
20230313;03;2023;7395924;1;1;01;66;1;226.43790374;66;1;1;4;1;3;1;1;1;3;1;1;3;2;1;1;1;1;1;3;3;;;;;700000;;;;;;;;;1;;;2
20230313;03;2023;7395925;1;1;01;66;1;222.96097628;66;2;1;4;1;3;1;1;1;3;1;1;3;2;1;1;1;1;1;3;2;;300000;120000000;800000;;;1;;1;;;;;;;;3
20230313;03;2023;7395926;1;1;01;66;1;222.32274804;66;2;1;4;1;3;1;1;1;3;1;1;3;2;1;1;1;1;1;3;1;;;170000000;800000;;;1;;;;;;;;;;2
20230313;03;2023;7395927;1;1;01;66;1;231.33255695;66;2;1;4;1;3;1;1;1;3;1;1;3;2;1;1;1;1;1;3;3;;;;;800000;;1;;;;;;;;;;3
20230313;03;2023;7395929;1;1;01;66;1;141.96109821;66;1;1;4;1;1;2;2;1;3;1;1;3;2;3;1;1;1;1;4;5;;;;400000;;;;;;;;;;1;;;2
20230313;03;2023;7395930;1;1;01;66;1;119.15457385;66;1;1;2;1;1;2;2;1;3;1;1;3;1;3;1;1;1;1;4;5;;;;350000;;;;;;;;;;1;;;1
20230311;03;2023;7395931;1;1;01;66;1;143.42680185;66;2;1;5;1;6;1;1;1;3;1;1;4;1;1;1;1;1;1;3;3;;;;;2300000;1;1;;;;;1;;;;;1
20230311;03;2023;7395934;1;1;01;68;1;400.88256089;68;2;1;4;1;1;2;1;1;3;1;1;3;1;1;1;1;2;1;4;3;;;;;500000;;;;;;;;;1;;;2
20230311;03;2023;7395935;1;1;01;68;1;409.50812117;68;2;1;4;1;1;2;1;1;3;1;1;3;2;1;1;1;2;1;4;3;;;;;350000;;;;;;;;;1;;;3
20230312;03;2023;7395936;1;1;01;68;1;235.66898666;68;2;1;4;1;4;1;1;1;3;1;1;5;4;1;1;1;1;1;3;1;;;680000000;1500000;;;1;;;;;;;;;;4
20230311;03;2023;7395937;1;1;01;70;1;78.177866032;70;1;1;4;1;3;1;1;1;3;1;1;4;3;1;1;1;1;1;3;2;;900000;200000000;800000;;;1;;;;;;;;;;4
20230312;03;2023;7395938;1;1;01;73;1;542.67017421;73;1;1;4;1;1;1;1;1;3;1;1;3;2;1;1;1;1;1;3;4;;;;400000;;;;;;;;;;1;;;5
20230312;03;2023;7395939;1;1;01;73;1;275.02099007;73;2;1;4;1;3;1;1;1;3;1;1;3;2;1;1;1;1;1;3;4;;;;450000;;;;;;;;;;1;;;3
20230312;03;2023;7395940;1;1;01;73;1;295.66339418;73;2;1;4;1;2;1;1;1;3;1;1;3;2;1;1;1;1;1;3;4;;;;450000;;1;;;;;;;;;;;2
20230312;03;2023;7395941;1;1;01;73;1;331.27771195;73;2;1;4;1;3;1;1;1;3;1;1;2;1;1;1;1;1;1;3;4;;;;730000;;;1;;;;;;;;;;2
20230313;03;2023;7395942;1;1;01;73;1;408.58413889;73;1;1;4;1;3;1;1;1;3;1;1;4;3;1;1;1;1;1;3;4;;;;750000;;;1;;;;;;;;;;2
20230311;03;2023;7395943;1;1;01;76;1;1106.4748768;76;2;1;4;1;1;2;2;1;3;1;1;3;1;2;1;1;2;1;4;3;;;;;500000;;;;;;;;;1;;;2
20230312;03;2023;7395944;1;1;01;76;1;2165.0924423;76;2;1;4;1;3;1;1;1;3;1;1;4;3;1;1;1;1;1;3;3;;;;;1100000;;1;;;;;1;;;;;4
20230312;03;2023;7395945;1;1;01;76;1;998.1623266;76;2;1;4;1;2;1;1;1;3;1;1;3;2;1;1;1;1;1;3;3;;;;;400000;;1;;;;;;;;;;2
20230310;03;2023;7395947;1;1;01;88;1;55.199011906;88;1;5;2;1;2;2;2;1;3;2;1;3;1;2;1;1;10;4;4;3;;;;;700000;;1;;;;;;;;;;2
20230312;03;2023;7395948;1;1;01;88;1;31.267953384;88;1;5;2;1;2;2;1;1;3;1;1;3;2;1;1;1;10;4;4;1;;;99;900000;;;1;;;;;;;;;;5
20230312;03;2023;7395949;1;1;01;88;1;40.12529005;88;2;1;4;1;2;2;2;1;3;2;1;3;2;2;1;1;10;3;4;3;;;;;500000;;1;;;;;;;;;;3
20230312;03;2023;7395950;1;1;01;88;1;34.254079015;88;2;1;4;1;3;2;2;1;3;2;1;2;1;2;1;1;10;3;4;3;;;;;810000;;1;;;;;;;;;;2
20230312;03;2023;7395951;1;1;01;88;1;102.6678584;88;2;1;4;1;3;2;1;1;3;1;1;4;3;1;1;1;10;1;4;3;;;;;1400000;;1;;;;;;;;;;8
20230312;03;2023;7395952;1;1;01;88;1;23.250494698;88;2;1;4;1;2;2;1;1;3;1;1;3;2;1;1;1;10;3;4;3;;;;;600000;;1;;;;;;;;;;3
20230311;03;2023;7395953;1;1;01;91;1;110.76469717;91;1;5;2;1;2;2;1;1;3;1;3;3;2;1;1;1;7;1;4;5;;;;600000;;;1;;;;;;;;;;6
20230311;03;2023;7395953;2;2;01;91;1;110.76469717;91;1;5;2;1;2;2;1;1;3;1;3;3;2;1;1;1;7;1;4;5;;;;500000;;;1;;;;;;;;;;4
20230311;03;2023;7395953;3;3;01;91;1;110.76469717;91;1;5;2;1;2;2;1;1;3;1;3;4;3;1;1;1;7;1;4;5;;;;800000;;;1;;;;;;;;;;12
20230312;03;2023;7395954;1;1;01;91;1;43.031225886;91;2;1;2;1;3;2;1;1;3;1;1;3;3;1;1;1;1;3;4;3;;;;;500000;;;;;;;;;1;;;4
20230311;03;2023;7395955;1;1;01;95;1;79.927200917;95;1;1;4;1;2;1;1;1;2;2;1;3;1;1;1;1;3;3;3;3;;;;;600000;;;;;;;;;1;;;2
20230312;03;2023;7395956;1;1;01;95;1;88.351812474;95;1;1;4;1;2;1;1;1;2;1;1;3;2;1;1;1;1;3;3;3;;;;;500000;;;;;;;;;1;;;3
20230311;03;2023;7395957;1;1;01;99;1;39.547596201;99;2;1;2;1;1;2;1;1;2;1;1;2;1;2;1;1;10;1;4;3;;;;;300000;;1;;;;;;;;;;3
20230312;03;2023;7395958;1;1;01;99;1;56.418395876;99;1;1;2;1;1;2;2;1;2;1;1;3;2;2;1;1;3;1;4;3;;;;;300000;;1;;;;;;;;;;4
20230313;03;2023;7395963;1;1;01;;1;1263.3482699;13;1;4;4;1;1;1;2;1;1;1;1;4;3;2;1;1;1;5;3;1;;;99;100000;;;;;;;;;;1;;;5
20230313;03;2023;7395964;1;1;01;;2;1695.9347969;20;1;1;1;1;1;2;2;2;;1;1;2;1;2;1;4;1;1;4;4;;;;150000;;;1;;;;;;;;;;3
20230313;03;2023;7395965;1;1;01;;2;2592.4329996;15;1;1;2;1;1;2;1;1;1;1;1;3;2;1;1;1;1;1;4;4;;;;400000;;;;;;;;;;1;;;2
20230313;03;2023;7395966;1;1;01;;2;2503.3589529;15;1;1;4;1;2;2;2;2;;1;1;3;2;3;1;4;1;3;5;4;;;;500000;;;;;;;;;;1;;;3
20230313;03;2023;7395967;1;1;01;;1;5275.3552764;15;1;1;4;1;3;1;1;1;3;1;1;4;3;1;1;1;1;1;3;2;;1300000;360000000;1200000;;;1;;;;;;;;;;5
20230313;03;2023;7395968;1;1;01;;2;1369.8761035;54;1;1;2;1;2;2;2;2;;2;1;2;2;2;1;4;6;1;5;3;;;;;150000;;;;;;;;;1;;;6
20230313;03;2023;7395969;1;1;01;;2;369.47174897;66;1;1;2;1;1;2;2;2;;2;1;3;2;3;1;5;2;1;4;1;;;40000000;300000;;;1;;;;;;;;;;2
20230313;03;2023;7395970;1;1;01;;2;298.06152928;66;1;1;4;1;1;2;2;2;;2;1;3;1;2;1;5;2;1;4;4;;;;300000;;;1;;;;;;;;;;1
20230313;03;2023;7395971;1;1;01;;2;307.31466674;66;1;4;2;1;1;2;2;2;;2;1;4;1;2;1;3;2;1;4;4;;;;150000;;;1;;;;;;;;;;1
20230313;03;2023;7395972;1;1;01;;2;287.45484535;66;1;1;2;1;2;2;2;2;;2;1;3;1;2;1;4;2;1;4;1;;;35000000;250000;;;1;;;;;;;;;;2
20230313;03;2023;7395973;1;1;01;;2;384.70369856;66;1;4;3;1;1;2;2;2;;2;1;4;3;2;1;5;2;1;4;3;;;;;250000;;1;;;;;;;;;;4
20230313;03;2023;7395974;1;1;01;;2;3122.8841539;66;1;1;4;1;2;2;2;1;1;1;1;4;4;2;1;1;2;1;4;4;;;;300000;;;;;;;;;;1;;;10
20230309;03;2023;7395975;1;1;01;15;1;116.90372281;15;1;1;4;1;5;1;1;1;3;1;1;4;2;1;1;1;1;1;3;3;;;;;1500000;;;;;;;;;1;;;2
20230311;03;2023;7395976;1;1;01;15;1;104.80579355;15;1;1;4;1;4;1;1;1;3;1;1;4;2;1;1;1;1;1;3;2;;1170000;240000000;600000;;;1;;1;;;;;;;;3
20230311;03;2023;7395977;1;1;01;15;1;69.729523944;15;1;1;4;1;2;1;1;1;3;1;1;3;2;1;1;1;1;1;3;3;;;;;550000;;1;;;;;;;;;;3
20230312;03;2023;7395978;1;1;01;15;1;83.312778332;15;2;1;4;1;3;1;1;1;7;1;1;3;2;1;1;1;1;1;3;3;;;;;480000;;1;;;;;;;;;;2
20230313;03;2023;7395979;1;1;01;17;1;153.59570253;17;2;1;4;1;2;1;1;1;2;1;1;2;2;1;1;1;1;1;3;4;;;;250000;;;;;;;;;;1;;;3
20230312;03;2023;7395980;1;1;01;20;1;265.14294431;20;1;1;2;1;1;2;2;1;3;1;1;4;2;2;1;1;1;1;5;5;;;;150000;;;;;;;;;;1;;;4
20230313;03;2023;7395981;1;1;01;27;1;52.731127062;27;1;1;4;1;1;2;2;1;3;1;1;4;3;3;1;1;1;3;4;4;;;;300000;;;;;;;;;;1;;;6
20230313;03;2023;7395982;1;1;01;27;1;50.848586195;27;1;1;2;1;1;2;2;1;3;1;1;4;3;2;1;1;1;3;4;4;;;;200000;;;;;;;;;;1;;;3
20230313;03;2023;7395983;1;1;01;27;1;29.647000248;27;1;5;2;1;1;2;2;1;3;1;1;3;1;3;1;1;1;4;4;4;;;;100000;;;;;;;;;;1;;;2
20230313;03;2023;7395984;1;1;01;27;1;27.340385737;27;1;1;4;1;1;2;2;1;3;1;1;3;2;3;1;1;1;3;4;1;;;25000000;200000;;;;;;;;;;1;;;2
20230313;03;2023;7395985;1;1;01;27;1;34.665918844;27;1;5;2;1;1;2;2;1;3;1;1;3;2;3;1;1;1;1;1;3;;;;;300000;;;;;;;;;1;;;4
20230313;03;2023;7395986;1;1;01;27;1;27.42555442;27;1;5;2;1;1;2;2;1;3;1;1;5;4;3;1;1;1;4;4;1;;;20000000;300000;;;;;;;;;;1;;;9
20230313;03;2023;7395987;1;1;01;27;1;40.603881934;27;1;1;4;1;1;2;2;1;3;1;1;4;3;3;1;1;1;3;4;1;;;35000000;300000;;;;;;;;;;1;;;2
20230313;03;2023;7395988;1;1;01;27;1;34.665918844;27;1;1;4;1;1;2;2;1;3;1;1;4;3;3;1;1;1;3;4;1;;;120000000;250000;;;1;;;;;;;;;;4
20230313;03;2023;7395990;1;1;01;27;1;26.727829094;27;1;1;4;1;1;2;2;1;3;1;1;3;2;3;1;1;1;3;4;1;;;90000000;300000;;;1;;;;;;;;;;3
20230313;03;2023;7395991;1;1;01;27;1;40.53642161;27;1;1;4;1;1;2;2;1;3;1;1;4;3;2;1;1;1;3;4;3;;;;;350000;;;;;;;;;1;;;4
20230311;03;2023;7395992;1;1;01;44;1;63.098731868;44;2;1;4;1;2;1;1;1;3;1;1;3;2;1;1;1;10;1;3;3;;;;;600000;;1;;;;;;;;;;3
20230311;03;2023;7395994;1;1;01;66;1;155.50197075;66;1;1;4;1;2;1;1;1;3;1;1;4;2;1;1;1;1;1;3;1;;;150000000;700000;;;1;;;;;;;;;;2
20230311;03;2023;7395995;1;1;01;66;1;187.48317919;66;2;1;4;1;4;1;1;1;3;1;1;4;2;1;1;1;1;1;3;1;;;99;800000;;1;1;;;;;;;;;;2
20230312;03;2023;7395996;1;1;01;66;1;281.37722799;66;1;1;4;1;6;1;2;1;2;1;1;5;1;2;1;1;1;1;3;1;;;1300000000;7000000;;;1;;;;;1;;;;;2
20230311;03;2023;7395997;1;1;01;94;1;55.688553806;94;3;1;4;1;2;2;1;1;2;2;1;1;1;1;1;1;3;6;;3;;;;;400000;;1;;;;;1;;;;;1
20230312;03;2023;7395998;1;1;01;94;1;59.017898882;94;2;1;2;1;1;2;1;1;2;1;1;2;1;1;1;1;3;2;4;4;;;;800000;;;1;;;;;;;;;;3
20230312;03;2023;7395999;1;1;01;94;1;56.052965569;94;2;1;4;1;2;2;1;1;2;1;1;5;2;1;1;1;3;1;4;3;;;;;2000000;;1;;;;;;;;;;4
20230312;03;2023;7396000;1;1;01;94;1;48.146735514;94;1;2;2;2;;2;2;2;;2;1;4;3;2;1;4;9;1;4;5;;;;300000;;;;;;;;;;1;;;3
20230312;03;2023;7396001;1;1;01;94;1;40.082577657;94;1;2;2;2;;2;2;2;;2;1;3;2;2;1;4;3;1;4;5;;;;300000;;;1;;;;;;;;;;3
20230312;03;2023;7396002;1;1;01;94;1;48.504691356;94;2;1;4;1;2;2;1;1;2;1;1;3;1;1;1;1;3;1;4;3;;;;;650000;;1;;;;;1;;;;;1
20230313;03;2023;7396003;1;1;01;;2;587.74456515;13;1;1;4;1;1;1;2;2;;2;1;3;3;2;1;4;2;1;4;1;;;98;98;;;;;;;;;;1;;;4
20230313;03;2023;7396004;1;1;01;;2;895.17409366;47;1;8;1;1;1;2;2;2;;2;1;1;1;2;1;4;6;1;5;4;;;;150000;;;;;;;;;;1;;;2
20230313;03;2023;7396005;1;1;01;;2;1238.2386139;25;1;1;4;1;3;2;2;1;1;1;1;3;2;2;1;1;1;1;4;4;;;;800000;;;1;;;;;;;;;;4
20230313;03;2023;7396006;1;1;01;;2;419.05800108;17;1;4;2;1;1;2;2;2;;1;1;2;1;2;1;4;1;1;5;4;;;;98;;;;;;;;;;1;;;2
20230313;03;2023;7396007;1;1;01;;2;662.41940865;17;1;4;3;1;2;2;2;2;;1;1;3;2;3;1;4;1;1;5;4;;;;200000;;;;;;;;;;1;;;3
20230313;03;2023;7396008;1;1;01;;2;880.23796375;17;1;4;2;1;1;2;2;2;;2;1;3;1;2;1;3;2;1;5;4;;;;150000;;;1;;;;;;;;;;3
20230313;03;2023;7396009;1;1;01;;2;459.36595157;17;1;5;3;1;1;2;2;2;;2;1;2;1;3;1;3;2;1;5;4;;;;150000;;;;;;;;;;1;;;1
20230312;03;2023;7396011;1;1;01;05;1;1734.5527033;05;2;1;4;1;2;1;1;1;2;1;1;3;2;1;1;1;1;1;3;3;;;;;280000;;1;;;;;;;;;;2
20230312;03;2023;7396013;1;1;01;19;1;220.89761167;19;2;1;4;1;3;1;1;1;3;1;1;3;2;1;1;1;1;1;3;3;;;;;600000;;1;;;;;;;;;;2
20230313;03;2023;7396014;1;1;01;23;1;400.08207941;23;2;1;4;1;3;1;1;1;3;1;1;2;1;1;1;1;1;3;3;3;;;;;600000;;1;;;;;1;;;;;2
20230312;03;2023;7396015;1;1;01;27;1;37.872433605;27;1;1;4;1;1;2;2;1;3;1;1;4;3;2;1;1;1;3;4;3;;;;;600000;;;;;;;;;1;;;4
20230312;03;2023;7396016;1;1;01;44;1;38.177252211;44;2;1;4;1;3;1;1;1;3;1;1;3;2;1;1;1;1;1;3;3;;;;;650000;;1;;;;;;;;;;3
20230312;03;2023;7396017;1;1;01;50;1;315.32112389;50;2;1;4;1;2;1;1;1;3;1;1;3;1;1;1;1;1;3;3;3;;;;;400000;;1;;;;;1;;;;;2
20230312;03;2023;7396019;1;1;01;52;1;138.13094776;52;1;1;4;1;3;2;1;1;3;1;1;4;1;1;1;1;1;1;4;4;;;;500000;;;1;;;;;;;;;;1
20230312;03;2023;7396020;1;1;01;66;1;264.26219305;66;1;1;4;1;6;1;1;1;3;1;1;5;2;1;1;1;1;1;3;3;;;;;4200000;;1;;;;;;;;;;3
20230313;03;2023;7396021;1;1;01;66;1;234.24155785;66;2;1;4;1;6;1;1;1;3;1;1;5;3;1;1;1;1;1;3;1;;;98;2600000;;1;1;;;;;;;;;;3
20230312;03;2023;7396022;1;1;01;;1;347.7982155;68;1;1;4;1;3;1;1;1;3;1;1;3;1;1;1;1;1;1;3;3;;;;;800000;;1;;;;;;;;;;2
20230312;03;2023;7396023;1;1;01;81;1;155.56424579;81;3;1;2;1;1;2;1;1;3;1;1;1;1;1;1;1;1;2;4;3;;;;;250000;;;;;;;;;1;;;4
20230313;03;2023;7396024;1;1;01;;2;153.61125539;15;1;1;4;1;2;2;2;1;1;1;1;3;1;2;1;1;1;1;4;4;;;;400000;;;;;;;;;;1;;;1
20230313;03;2023;7396025;1;1;01;;2;142.79959331;63;1;1;4;1;4;2;2;1;3;1;1;2;1;2;1;1;1;1;4;4;;;;400000;;;;;;;;;;1;;;3
20230313;03;2023;7396026;1;1;01;;1;233.59917871;63;1;1;4;1;2;2;2;1;2;1;1;4;3;2;1;1;1;1;4;4;;;;450000;;;;;;;;;;1;;;1
20230313;03;2023;7396027;1;1;01;;2;747.72204269;73;1;1;4;1;2;2;2;2;;2;1;3;2;3;1;4;2;1;5;1;;;20000000;200000;;;1;;;;;;;;;;4
20230313;03;2023;7396028;1;1;01;;2;336.22832112;27;5;5;3;2;;2;2;2;;2;1;1;1;6;;4;5;5;5;5;;;;100000;;;1;;;;;;;;;;1
20230313;03;2023;7396029;1;1;01;;2;459.64561407;27;1;1;2;1;9;2;2;2;;2;1;4;3;2;1;4;5;1;5;1;;;100000000;200000;;;;;;;;;;1;;;4
20230311;03;2023;7396030;1;1;01;11;1;4776.9696795;11;2;1;4;1;5;1;1;1;3;1;1;3;1;1;1;1;1;1;3;3;;;;;1700000;1;1;1;1;1;;1;;;;;1
20230312;03;2023;7396031;1;1;01;15;1;104.01730157;15;2;1;4;1;3;1;1;1;3;1;1;4;3;1;1;1;1;1;3;3;;;;;500000;;1;;;;;;;;;;3
20230313;03;2023;7396032;1;1;01;15;1;73.931327136;15;2;1;4;1;4;1;1;1;3;1;3;1;1;1;1;1;1;1;3;3;;;;;260000;;;;;;;;;1;;;2
20230313;03;2023;7396032;2;2;01;15;1;73.931327136;15;2;1;4;1;4;1;1;1;3;1;3;1;1;1;2;1;1;1;3;3;;;;;250000;;;;;;;;;1;;;1
20230313;03;2023;7396032;3;3;01;15;1;73.931327136;15;2;1;4;1;4;1;1;1;3;1;3;1;1;1;2;1;1;1;3;3;;;;;220000;;;;;;;;;1;;;1
20230313;03;2023;7396033;1;1;01;17;1;200.84798228;17;1;1;4;1;1;1;1;1;2;1;1;5;4;1;1;1;1;1;3;4;;;;750000;;;1;;;;1;1;;;;;7
20230313;03;2023;7396034;1;1;01;17;1;234.30364862;17;1;1;4;1;6;1;1;1;2;1;1;5;2;1;1;1;1;1;3;1;;;380000000;1800000;;;1;;;;;1;;;;;3
20230310;03;2023;7396035;1;1;01;18;1;77.833368918;18;2;1;4;1;2;1;1;1;2;1;1;3;2;1;1;1;1;1;3;3;;;;;500000;;1;;;;;;;;;;2
20230311;03;2023;7396036;1;1;01;18;1;142.55092675;18;1;1;4;1;1;1;1;1;2;1;1;4;3;1;1;1;1;1;3;3;;;;;500000;;1;;;;;;;;;;3
20230313;03;2023;7396037;1;1;01;44;1;65.569801628;44;1;1;2;1;1;1;1;1;3;1;1;3;2;1;1;1;1;1;3;1;;;45000000;300000;;;;;;;;;;1;;;5
20230313;03;2023;7396038;1;1;01;47;1;145.99357628;47;1;1;4;1;3;1;1;1;3;1;1;3;1;1;1;1;10;1;3;1;;;99;700000;;;1;;;;;;;;;;2
20230313;03;2023;7396039;1;1;01;47;1;135.60115793;47;2;1;4;1;3;1;1;1;3;1;1;4;2;1;1;1;10;1;3;1;;;99;700000;;;1;;;;;;;;;;3
20230310;03;2023;7396040;1;1;01;52;1;120.07651516;52;1;1;4;1;4;2;1;1;3;1;1;6;2;1;1;1;1;1;4;1;;;300000000;1000000;;;1;;;;;;;;;;3
20230312;03;2023;7396045;1;1;01;97;1;14.97145451;97;2;1;3;1;1;2;1;1;2;1;1;2;1;1;1;1;10;1;1;3;;;;;800000;;1;;;;;;;;;;1
20230313;03;2023;7396046;1;1;01;97;1;18.421906916;97;1;5;1;1;1;2;1;1;2;1;1;3;3;1;1;1;5;1;1;6;;;;200000;;;;;;;;;;1;;;5
20230313;03;2023;7396047;1;1;01;;2;781.85127493;05;1;1;4;1;4;2;2;1;3;1;1;3;2;2;1;1;1;1;4;4;;;;800000;;;;;1;;;;;;;;3
20230313;03;2023;7396048;1;1;01;50;1;277.40180069;50;1;1;4;1;1;1;1;1;3;1;1;3;2;1;1;1;1;1;3;3;;;;;400000;;1;;;;;;;;;;5
